835 934 910 701 951 914 921 714 732 897 873 951 885 750 903 877 927 903 911 466 926 674 909 471 944 905 966 921 907 803 893 762 913 914 769 506 818 776 878 919 771 923 475 786 876 852 713 937 891 610

84

23 22 22 25 21 22 22 25 25 22 23 21 22 24 22 22 22 22 22 29 22 25 22 28 21 22 21 22 22 24 22 24 22 22 24 28 23 24 22 22 24 22 28 24 22 23 25 22 22 26

22.038973751155616 19.987910236021946 25.02615369164211 33.01789656345076

11218

0	0	70	0	0	0	241	254	257	231	241	0	157	0	215	242	0	240	0	0	241	275	206	0	0	225	0	0	241	0	181	268	221	235	259	231	0	269	235	0	273	0	212	269	0	250	0	0	0	209
0	0	70	0	0	0	241	254	257	231	241	0	157	0	215	242	0	240	0	0	241	275	206	0	0	225	0	0	241	0	181	268	221	235	259	231	0	269	235	0	273	0	212	269	0	250	0	0	0	209
0	0	0	0	0	0	240	254	256	231	240	0	152	0	214	242	0	239	0	0	240	274	206	0	0	225	0	0	240	0	179	268	220	234	259	231	0	269	234	0	273	0	210	269	0	250	0	0	0	208
254	254	254	0	252	241	278	284	285	274	278	252	258	174	269	279	244	278	247	208	278	296	267	221	245	272	247	249	278	225	261	292	271	276	287	274	233	292	276	254	295	247	268	292	248	282	174	246	245	267
120	120	130	0	0	0	244	256	258	235	244	0	172	0	219	245	0	242	0	0	244	276	212	0	0	229	0	0	243	0	190	269	225	238	261	234	0	270	238	120	275	0	216	270	0	252	0	0	0	214
196	196	198	0	188	0	254	264	266	247	254	188	210	0	236	254	130	252	156	0	254	281	231	0	143	244	156	171	254	0	219	276	240	250	268	247	0	276	250	196	280	157	234	276	165	261	0	154	138	233
0	0	0	0	0	0	0	197	204	0	0	0	0	0	0	90	0	0	0	0	0	248	0	0	0	0	0	0	0	0	0	235	0	0	212	0	0	237	0	0	245	0	0	237	0	179	0	0	0	0
0	0	0	0	0	0	0	0	126	0	0	0	0	0	0	0	0	0	0	0	0	231	0	0	0	0	0	0	0	0	0	211	0	0	159	0	0	215	0	0	227	0	0	215	0	0	0	0	0	0
0	0	0	0	0	0	0	0	0	0	0	0	0	0	0	0	0	0	0	0	0	227	0	0	0	0	0	0	0	0	0	204	0	0	134	0	0	209	0	0	224	0	0	209	0	0	0	0	0	0
0	0	0	0	0	0	172	216	221	0	172	0	0	0	0	177	0	165	0	0	172	254	0	0	0	0	0	0	171	0	0	244	0	123	225	0	0	245	128	0	252	0	0	245	0	204	0	0	0	0
0	0	0	0	0	0	0	197	204	0	0	0	0	0	0	90	0	0	0	0	0	248	0	0	0	0	0	0	0	0	0	235	0	0	212	0	0	237	0	0	245	0	0	237	0	179	0	0	0	0
120	120	130	0	0	0	244	256	258	235	244	0	172	0	219	245	0	242	0	0	244	276	212	0	0	229	0	0	243	0	190	269	225	238	261	234	0	270	238	120	275	0	216	270	0	252	0	0	0	214
0	0	0	0	0	0	235	250	252	223	235	0	0	0	202	236	0	233	0	0	235	272	191	0	0	217	0	0	234	0	146	265	210	227	254	223	0	266	227	0	270	0	198	266	0	245	0	0	0	194
247	247	247	0	244	231	274	281	282	270	274	244	252	0	264	275	235	273	238	181	274	293	261	202	236	268	238	240	274	210	254	289	266	271	283	270	220	289	271	247	292	238	263	289	239	279	0	237	235	262
0	0	0	0	0	0	206	231	236	183	206	0	0	0	0	210	0	204	0	0	206	262	0	0	0	164	0	0	206	0	0	252	132	192	240	182	0	254	193	0	260	0	0	254	0	225	0	0	0	0
0	0	0	0	0	0	0	194	202	0	0	0	0	0	0	0	0	0	0	0	0	247	0	0	0	0	0	0	0	0	0	233	0	0	210	0	0	236	0	0	244	0	0	236	0	174	0	0	0	0
186	186	188	0	176	0	252	263	264	244	252	176	202	0	233	252	0	250	123	0	252	280	227	0	90	241	123	151	252	0	213	274	237	247	266	244	0	275	247	186	279	126	231	275	141	259	0	120	70	229
0	0	0	0	0	0	90	200	206	0	90	0	0	0	0	118	0	0	0	0	90	249	0	0	0	0	0	0	85	0	0	236	0	0	214	0	0	238	0	0	246	0	0	238	0	184	0	0	0	0
175	175	178	0	161	0	250	261	263	242	250	161	196	0	229	250	0	249	0	0	250	279	224	0	0	238	0	120	249	0	208	273	233	244	265	242	0	274	245	175	278	30	227	274	100	257	0	0	0	225
236	236	237	0	233	214	269	276	278	264	269	233	242	0	257	269	220	268	224	0	269	290	254	163	222	261	224	227	269	180	247	285	259	265	279	264	197	286	266	236	289	224	256	286	225	274	0	224	221	254
0	0	0	0	0	0	0	197	204	0	0	0	0	0	0	90	0	0	0	0	0	248	0	0	0	0	0	0	0	0	0	235	0	0	212	0	0	237	0	0	245	0	0	237	0	179	0	0	0	0
0	0	0	0	0	0	0	0	0	0	0	0	0	0	0	0	0	0	0	0	0	0	0	0	0	0	0	0	0	0	0	0	0	0	0	0	0	0	0	0	0	0	0	0	0	0	0	0	0	0
0	0	0	0	0	0	215	237	240	195	215	0	0	0	138	217	0	213	0	0	215	265	0	0	0	183	0	0	215	0	0	256	164	202	243	195	0	257	202	0	263	0	114	257	0	231	0	0	0	78
227	227	227	0	224	199	265	273	274	259	265	224	235	0	250	265	206	264	212	0	265	287	248	0	209	257	212	217	265	132	240	282	254	261	276	259	172	283	261	227	286	212	250	283	215	270	0	212	208	249
181	181	184	0	170	0	250	262	264	243	250	170	200	0	231	252	0	250	100	0	250	279	225	0	0	239	100	140	250	0	211	273	235	246	266	243	0	274	246	181	278	104	229	274	128	258	0	95	0	227
0	0	0	0	0	0	188	223	227	138	188	0	0	0	0	191	0	183	0	0	188	258	0	0	0	0	0	0	187	0	0	247	0	160	231	136	0	249	162	0	254	0	0	249	0	213	0	0	0	0
175	175	178	0	161	0	250	261	263	242	250	161	196	0	229	250	0	249	0	0	250	279	224	0	0	238	0	120	249	0	208	273	233	244	265	242	0	274	245	175	278	30	227	274	100	257	0	0	0	225
161	161	165	0	141	0	247	259	261	239	247	141	189	0	225	248	0	246	0	0	247	278	220	0	0	235	0	0	247	0	202	272	229	242	263	239	0	273	242	161	276	0	223	273	0	256	0	0	0	221
0	0	0	0	0	0	30	198	204	0	30	0	0	0	0	95	0	0	0	0	30	248	0	0	0	0	0	0	0	0	0	235	0	0	212	0	0	237	0	0	245	0	0	237	0	180	0	0	0	0
222	222	223	0	218	189	263	271	273	257	263	218	231	0	249	263	198	262	204	0	263	286	245	0	200	254	204	210	263	0	236	281	250	259	274	257	151	282	259	222	285	204	247	282	208	269	0	204	200	246
0	0	0	0	0	0	229	246	248	216	229	0	0	0	189	229	0	227	0	0	229	269	173	0	0	208	0	0	229	0	0	262	199	220	250	215	0	263	221	0	268	0	183	263	0	241	0	0	0	177
0	0	0	0	0	0	0	0	0	0	0	0	0	0	0	0	0	0	0	0	0	191	0	0	0	0	0	0	0	0	0	0	0	0	0	0	0	111	0	0	180	0	0	111	0	0	0	0	0	0
0	0	0	0	0	0	199	227	231	167	199	0	0	0	0	202	0	196	0	0	199	260	0	0	0	138	0	0	199	0	0	250	0	180	236	166	0	252	181	0	258	0	0	252	0	220	0	0	0	0
0	0	0	0	0	0	156	211	216	0	156	0	0	0	0	163	0	146	0	0	156	252	0	0	0	0	0	0	154	0	0	241	0	0	222	0	0	243	48	0	250	0	0	243	0	199	0	0	0	0
0	0	0	0	0	0	0	0	0	0	0	0	0	0	0	0	0	0	0	0	0	223	0	0	0	0	0	0	0	0	0	196	0	0	0	0	0	200	0	0	218	0	0	200	0	0	0	0	0	0
0	0	0	0	0	0	172	216	221	30	172	0	0	0	0	178	0	166	0	0	172	254	0	0	0	0	0	0	172	0	0	244	0	126	225	0	0	246	130	0	252	0	0	246	0	206	0	0	0	0
213	213	215	0	208	166	259	269	270	252	259	208	224	0	244	260	181	259	191	0	259	284	240	0	186	250	191	198	259	0	229	279	247	254	272	252	0	280	256	213	283	191	242	280	195	266	0	190	184	241
0	0	0	0	0	0	0	0	0	0	0	0	0	0	0	0	0	0	0	0	0	184	0	0	0	0	0	0	0	0	0	0	0	0	0	0	0	0	0	0	171	0	0	0	0	0	0	0	0	0
0	0	0	0	0	0	153	210	216	0	153	0	0	0	0	161	0	143	0	0	153	252	0	0	0	0	0	0	152	0	0	241	0	0	222	0	0	243	0	0	250	0	0	243	0	198	0	0	0	0
0	0	70	0	0	0	241	254	257	231	241	0	157	0	215	242	0	240	0	0	241	275	206	0	0	225	0	0	241	0	181	268	221	235	259	231	0	269	235	0	273	0	212	269	0	250	0	0	0	209
0	0	0	0	0	0	0	0	0	0	0	0	0	0	0	0	0	0	0	0	0	128	0	0	0	0	0	0	0	0	0	0	0	0	0	0	0	0	0	0	0	0	0	0	0	0	0	0	0	0
174	174	177	0	160	0	249	261	263	242	249	160	196	0	229	250	0	248	0	0	249	279	224	0	0	238	0	118	249	0	208	273	233	244	265	241	0	274	245	174	277	0	227	274	95	257	0	0	0	225
0	0	0	0	0	0	211	234	238	189	211	0	0	0	104	213	0	208	0	0	211	263	0	0	0	173	0	0	210	0	0	254	149	197	241	188	0	256	198	0	261	0	0	256	0	227	0	0	0	0
0	0	0	0	0	0	0	0	0	0	0	0	0	0	0	0	0	0	0	0	0	184	0	0	0	0	0	0	0	0	0	0	0	0	0	0	0	0	0	0	171	0	0	0	0	0	0	0	0	0
167	167	171	0	151	0	248	260	262	240	248	151	192	0	227	249	0	247	0	0	248	278	221	0	0	236	0	85	248	0	204	272	231	243	264	240	0	273	243	167	277	0	225	273	0	256	0	0	0	223
0	0	0	0	0	0	0	152	170	0	0	0	0	0	0	0	0	0	0	0	0	238	0	0	0	0	0	0	0	0	0	221	0	0	185	0	0	224	0	0	235	0	0	224	0	0	0	0	0	0
247	247	247	0	244	231	274	281	282	270	274	244	252	0	264	275	235	273	238	181	274	293	261	202	236	268	238	240	274	210	254	289	266	271	283	270	220	289	271	247	292	238	263	289	239	279	0	237	235	262
176	176	179	0	162	0	250	261	263	242	250	162	197	0	229	250	0	249	30	0	250	279	224	0	0	238	30	123	250	0	208	273	234	245	265	242	0	274	245	176	278	48	227	274	104	257	0	0	0	225
183	183	186	0	172	0	250	262	264	244	250	172	202	0	231	252	0	250	111	0	250	280	227	0	60	240	111	145	250	0	212	274	236	246	266	244	0	275	247	183	278	114	229	275	134	259	0	108	0	227
0	0	0	0	0	0	213	236	239	193	213	0	0	0	128	216	0	211	0	0	213	264	0	0	0	179	0	0	213	0	0	254	159	200	243	192	0	257	200	0	262	0	95	257	0	229	0	0	0	0

0	0	0	254	120	196	0	0	0	0	0	120	0	247	0	0	186	0	175	236	0	0	0	227	181	0	175	161	0	222	0	0	0	0	0	0	213	0	0	0	0	174	0	0	167	0	247	176	183	0
0	0	0	254	120	196	0	0	0	0	0	120	0	247	0	0	186	0	175	236	0	0	0	227	181	0	175	161	0	222	0	0	0	0	0	0	213	0	0	0	0	174	0	0	167	0	247	176	183	0
70	70	0	254	130	198	0	0	0	0	0	130	0	247	0	0	188	0	178	237	0	0	0	227	184	0	178	165	0	223	0	0	0	0	0	0	215	0	0	70	0	177	0	0	171	0	247	179	186	0
0	0	0	0	0	0	0	0	0	0	0	0	0	0	0	0	0	0	0	0	0	0	0	0	0	0	0	0	0	0	0	0	0	0	0	0	0	0	0	0	0	0	0	0	0	0	0	0	0	0
0	0	0	252	0	188	0	0	0	0	0	0	0	244	0	0	176	0	161	233	0	0	0	224	170	0	161	141	0	218	0	0	0	0	0	0	208	0	0	0	0	160	0	0	151	0	244	162	172	0
0	0	0	241	0	0	0	0	0	0	0	0	0	231	0	0	0	0	0	214	0	0	0	199	0	0	0	0	0	189	0	0	0	0	0	0	166	0	0	0	0	0	0	0	0	0	231	0	0	0
241	241	240	278	244	254	0	0	0	172	0	244	235	274	206	0	252	90	250	269	0	0	215	265	250	188	250	247	30	263	229	0	199	156	0	172	259	0	153	241	0	249	211	0	248	0	274	250	250	213
254	254	254	284	256	264	197	0	0	216	197	256	250	281	231	194	263	200	261	276	197	0	237	273	262	223	261	259	198	271	246	0	227	211	0	216	269	0	210	254	0	261	234	0	260	152	281	261	262	236
257	257	256	285	258	266	204	126	0	221	204	258	252	282	236	202	264	206	263	278	204	0	240	274	264	227	263	261	204	273	248	0	231	216	0	221	270	0	216	257	0	263	238	0	262	170	282	263	264	239
231	231	231	274	235	247	0	0	0	0	0	235	223	270	183	0	244	0	242	264	0	0	195	259	243	138	242	239	0	257	216	0	167	0	0	30	252	0	0	231	0	242	189	0	240	0	270	242	244	193
241	241	240	278	244	254	0	0	0	172	0	244	235	274	206	0	252	90	250	269	0	0	215	265	250	188	250	247	30	263	229	0	199	156	0	172	259	0	153	241	0	249	211	0	248	0	274	250	250	213
0	0	0	252	0	188	0	0	0	0	0	0	0	244	0	0	176	0	161	233	0	0	0	224	170	0	161	141	0	218	0	0	0	0	0	0	208	0	0	0	0	160	0	0	151	0	244	162	172	0
157	157	152	258	172	210	0	0	0	0	0	172	0	252	0	0	202	0	196	242	0	0	0	235	200	0	196	189	0	231	0	0	0	0	0	0	224	0	0	157	0	196	0	0	192	0	252	197	202	0
0	0	0	174	0	0	0	0	0	0	0	0	0	0	0	0	0	0	0	0	0	0	0	0	0	0	0	0	0	0	0	0	0	0	0	0	0	0	0	0	0	0	0	0	0	0	0	0	0	0
215	215	214	269	219	236	0	0	0	0	0	219	202	264	0	0	233	0	229	257	0	0	138	250	231	0	229	225	0	249	189	0	0	0	0	0	244	0	0	215	0	229	104	0	227	0	264	229	231	128
242	242	242	279	245	254	90	0	0	177	90	245	236	275	210	0	252	118	250	269	90	0	217	265	252	191	250	248	95	263	229	0	202	163	0	178	260	0	161	242	0	250	213	0	249	0	275	250	252	216
0	0	0	244	0	130	0	0	0	0	0	0	0	235	0	0	0	0	0	220	0	0	0	206	0	0	0	0	0	198	0	0	0	0	0	0	181	0	0	0	0	0	0	0	0	0	235	0	0	0
240	240	239	278	242	252	0	0	0	165	0	242	233	273	204	0	250	0	249	268	0	0	213	264	250	183	249	246	0	262	227	0	196	146	0	166	259	0	143	240	0	248	208	0	247	0	273	249	250	211
0	0	0	247	0	156	0	0	0	0	0	0	0	238	0	0	123	0	0	224	0	0	0	212	100	0	0	0	0	204	0	0	0	0	0	0	191	0	0	0	0	0	0	0	0	0	238	30	111	0
0	0	0	208	0	0	0	0	0	0	0	0	0	181	0	0	0	0	0	0	0	0	0	0	0	0	0	0	0	0	0	0	0	0	0	0	0	0	0	0	0	0	0	0	0	0	181	0	0	0
241	241	240	278	244	254	0	0	0	172	0	244	235	274	206	0	252	90	250	269	0	0	215	265	250	188	250	247	30	263	229	0	199	156	0	172	259	0	153	241	0	249	211	0	248	0	274	250	250	213
275	275	274	296	276	281	248	231	227	254	248	276	272	293	262	247	280	249	279	290	248	0	265	287	279	258	279	278	248	286	269	191	260	252	223	254	284	184	252	275	128	279	263	184	278	238	293	279	280	264
206	206	206	267	212	231	0	0	0	0	0	212	191	261	0	0	227	0	224	254	0	0	0	248	225	0	224	220	0	245	173	0	0	0	0	0	240	0	0	206	0	224	0	0	221	0	261	224	227	0
0	0	0	221	0	0	0	0	0	0	0	0	0	202	0	0	0	0	0	163	0	0	0	0	0	0	0	0	0	0	0	0	0	0	0	0	0	0	0	0	0	0	0	0	0	0	202	0	0	0
0	0	0	245	0	143	0	0	0	0	0	0	0	236	0	0	90	0	0	222	0	0	0	209	0	0	0	0	0	200	0	0	0	0	0	0	186	0	0	0	0	0	0	0	0	0	236	0	60	0
225	225	225	272	229	244	0	0	0	0	0	229	217	268	164	0	241	0	238	261	0	0	183	257	239	0	238	235	0	254	208	0	138	0	0	0	250	0	0	225	0	238	173	0	236	0	268	238	240	179
0	0	0	247	0	156	0	0	0	0	0	0	0	238	0	0	123	0	0	224	0	0	0	212	100	0	0	0	0	204	0	0	0	0	0	0	191	0	0	0	0	0	0	0	0	0	238	30	111	0
0	0	0	249	0	171	0	0	0	0	0	0	0	240	0	0	151	0	120	227	0	0	0	217	140	0	120	0	0	210	0	0	0	0	0	0	198	0	0	0	0	118	0	0	85	0	240	123	145	0
241	241	240	278	243	254	0	0	0	171	0	243	234	274	206	0	252	85	249	269	0	0	215	265	250	187	249	247	0	263	229	0	199	154	0	172	259	0	152	241	0	249	210	0	248	0	274	250	250	213
0	0	0	225	0	0	0	0	0	0	0	0	0	210	0	0	0	0	0	180	0	0	0	132	0	0	0	0	0	0	0	0	0	0	0	0	0	0	0	0	0	0	0	0	0	0	210	0	0	0
181	181	179	261	190	219	0	0	0	0	0	190	146	254	0	0	213	0	208	247	0	0	0	240	211	0	208	202	0	236	0	0	0	0	0	0	229	0	0	181	0	208	0	0	204	0	254	208	212	0
268	268	268	292	269	276	235	211	204	244	235	269	265	289	252	233	274	236	273	285	235	0	256	282	273	247	273	272	235	281	262	0	250	241	196	244	279	0	241	268	0	273	254	0	272	221	289	273	274	254
221	221	220	271	225	240	0	0	0	0	0	225	210	266	132	0	237	0	233	259	0	0	164	254	235	0	233	229	0	250	199	0	0	0	0	0	247	0	0	221	0	233	149	0	231	0	266	234	236	159
235	235	234	276	238	250	0	0	0	123	0	238	227	271	192	0	247	0	244	265	0	0	202	261	246	160	244	242	0	259	220	0	180	0	0	126	254	0	0	235	0	244	197	0	243	0	271	245	246	200
259	259	259	287	261	268	212	159	134	225	212	261	254	283	240	210	266	214	265	279	212	0	243	276	266	231	265	263	212	274	250	0	236	222	0	225	272	0	222	259	0	265	241	0	264	185	283	265	266	243
231	231	231	274	234	247	0	0	0	0	0	234	223	270	182	0	244	0	242	264	0	0	195	259	243	136	242	239	0	257	215	0	166	0	0	0	252	0	0	231	0	241	188	0	240	0	270	242	244	192
0	0	0	233	0	0	0	0	0	0	0	0	0	220	0	0	0	0	0	197	0	0	0	172	0	0	0	0	0	151	0	0	0	0	0	0	0	0	0	0	0	0	0	0	0	0	220	0	0	0
269	269	269	292	270	276	237	215	209	245	237	270	266	289	254	236	275	238	274	286	237	0	257	283	274	249	274	273	237	282	263	111	252	243	200	246	280	0	243	269	0	274	256	0	273	224	289	274	275	257
235	235	234	276	238	250	0	0	0	128	0	238	227	271	193	0	247	0	245	266	0	0	202	261	246	162	245	242	0	259	221	0	181	48	0	130	256	0	0	235	0	245	198	0	243	0	271	245	247	200
0	0	0	254	120	196	0	0	0	0	0	120	0	247	0	0	186	0	175	236	0	0	0	227	181	0	175	161	0	222	0	0	0	0	0	0	213	0	0	0	0	174	0	0	167	0	247	176	183	0
273	273	273	295	275	280	245	227	224	252	245	275	270	292	260	244	279	246	278	289	245	0	263	286	278	254	278	276	245	285	268	180	258	250	218	252	283	171	250	273	0	277	261	171	277	235	292	278	278	262
0	0	0	247	0	157	0	0	0	0	0	0	0	238	0	0	126	0	30	224	0	0	0	212	104	0	30	0	0	204	0	0	0	0	0	0	191	0	0	0	0	0	0	0	0	0	238	48	114	0
212	212	210	268	216	234	0	0	0	0	0	216	198	263	0	0	231	0	227	256	0	0	114	250	229	0	227	223	0	247	183	0	0	0	0	0	242	0	0	212	0	227	0	0	225	0	263	227	229	95
269	269	269	292	270	276	237	215	209	245	237	270	266	289	254	236	275	238	274	286	237	0	257	283	274	249	274	273	237	282	263	111	252	243	200	246	280	0	243	269	0	274	256	0	273	224	289	274	275	257
0	0	0	248	0	165	0	0	0	0	0	0	0	239	0	0	141	0	100	225	0	0	0	215	128	0	100	0	0	208	0	0	0	0	0	0	195	0	0	0	0	95	0	0	0	0	239	104	134	0
250	250	250	282	252	261	179	0	0	204	179	252	245	279	225	174	259	184	257	274	179	0	231	270	258	213	257	256	180	269	241	0	220	199	0	206	266	0	198	250	0	257	227	0	256	0	279	257	259	229
0	0	0	174	0	0	0	0	0	0	0	0	0	0	0	0	0	0	0	0	0	0	0	0	0	0	0	0	0	0	0	0	0	0	0	0	0	0	0	0	0	0	0	0	0	0	0	0	0	0
0	0	0	246	0	154	0	0	0	0	0	0	0	237	0	0	120	0	0	224	0	0	0	212	95	0	0	0	0	204	0	0	0	0	0	0	190	0	0	0	0	0	0	0	0	0	237	0	108	0
0	0	0	245	0	138	0	0	0	0	0	0	0	235	0	0	70	0	0	221	0	0	0	208	0	0	0	0	0	200	0	0	0	0	0	0	184	0	0	0	0	0	0	0	0	0	235	0	0	0
209	209	208	267	214	233	0	0	0	0	0	214	194	262	0	0	229	0	225	254	0	0	78	249	227	0	225	221	0	246	177	0	0	0	0	0	241	0	0	209	0	225	0	0	223	0	262	225	227	0

0	0	0	0	0	0	0	0	0	0	0	0	0	0	0	0	0	0	0	85	0	0	0	85	0	0	0	0	0	0	0	0	0	0	0	89	0	0	0	0	0	0	89	0	0	0	0	0	0	45
65	0	48	54	18	18	26	0	0	18	48	30	4	48	18	36	15	18	0	102	32	48	18	102	28	28	18	0	40	40	0	0	18	30	48	105	36	0	43	0	30	0	105	40	0	0	40	26	0	80
40	0	0	18	0	0	0	0	0	0	0	0	0	0	0	0	0	0	0	93	0	0	0	93	0	0	0	0	0	0	0	0	0	0	0	96	0	0	0	0	0	0	96	0	0	0	0	0	0	64
30	0	0	0	0	0	0	0	0	0	0	0	0	0	0	0	0	0	0	90	0	0	0	90	0	0	0	0	0	0	0	0	0	0	0	94	0	0	0	0	0	0	94	0	0	0	0	0	0	59
60	0	40	48	0	0	11	0	0	0	40	18	0	40	0	26	0	0	0	100	20	40	0	100	15	15	0	0	30	30	0	0	0	18	40	103	26	0	34	0	18	0	103	30	0	0	30	11	0	77
60	0	40	48	0	0	11	0	0	0	40	18	0	40	0	26	0	0	0	100	20	40	0	100	15	15	0	0	30	30	0	0	0	18	40	103	26	0	34	0	18	0	103	30	0	0	30	11	0	77
56	0	34	43	0	0	0	0	0	0	34	8	0	34	0	18	0	0	0	99	11	34	0	99	4	4	0	0	23	23	0	0	0	8	34	102	18	0	28	0	8	0	102	23	0	0	23	0	0	74
72	24	56	63	35	35	41	0	10	35	56	44	27	56	35	48	33	35	10	105	45	56	35	105	42	42	35	24	51	51	24	16	35	44	56	108	48	10	54	10	44	19	108	51	0	13	51	41	13	85
70	18	54	60	30	30	36	0	0	30	54	40	20	54	30	45	28	30	0	104	41	54	30	104	38	38	30	18	48	48	18	8	30	40	54	107	45	0	51	0	40	11	107	48	0	4	48	36	4	84
60	0	40	48	0	0	11	0	0	0	40	18	0	40	0	26	0	0	0	100	20	40	0	100	15	15	0	0	30	30	0	0	0	18	40	103	26	0	34	0	18	0	103	30	0	0	30	11	0	77
40	0	0	18	0	0	0	0	0	0	0	0	0	0	0	0	0	0	0	93	0	0	0	93	0	0	0	0	0	0	0	0	0	0	0	96	0	0	0	0	0	0	96	0	0	0	0	0	0	64
54	0	30	40	0	0	0	0	0	0	30	0	0	30	0	11	0	0	0	98	4	30	0	98	0	0	0	0	18	18	0	0	0	0	30	101	11	0	23	0	0	0	101	18	0	0	18	0	0	73
64	0	46	53	15	15	23	0	0	15	46	28	0	46	15	34	11	15	0	102	30	46	15	102	26	26	15	0	38	38	0	0	15	28	46	105	34	0	41	0	28	0	105	38	0	0	38	23	0	80
40	0	0	18	0	0	0	0	0	0	0	0	0	0	0	0	0	0	0	93	0	0	0	93	0	0	0	0	0	0	0	0	0	0	0	96	0	0	0	0	0	0	96	0	0	0	0	0	0	64
60	0	40	48	0	0	11	0	0	0	40	18	0	40	0	26	0	0	0	100	20	40	0	100	15	15	0	0	30	30	0	0	0	18	40	103	26	0	34	0	18	0	103	30	0	0	30	11	0	77
51	0	23	34	0	0	0	0	0	0	23	0	0	23	0	0	0	0	0	96	0	23	0	96	0	0	0	0	8	8	0	0	0	0	23	100	0	0	15	0	0	0	100	8	0	0	8	0	0	70
61	0	41	49	4	4	15	0	0	4	41	20	0	41	4	28	0	4	0	100	23	41	4	100	18	18	4	0	32	32	0	0	4	20	41	103	28	0	36	0	20	0	103	32	0	0	32	15	0	77
60	0	40	48	0	0	11	0	0	0	40	18	0	40	0	26	0	0	0	100	20	40	0	100	15	15	0	0	30	30	0	0	0	18	40	103	26	0	34	0	18	0	103	30	0	0	30	11	0	77
70	18	54	60	30	30	36	0	0	30	54	40	20	54	30	45	28	30	0	104	41	54	30	104	38	38	30	18	48	48	18	8	30	40	54	107	45	0	51	0	40	11	107	48	0	4	48	36	4	84
0	0	0	0	0	0	0	0	0	0	0	0	0	0	0	0	0	0	0	0	0	0	0	0	0	0	0	0	0	0	0	0	0	0	0	23	0	0	0	0	0	0	23	0	0	0	0	0	0	0
53	0	28	38	0	0	0	0	0	0	28	0	0	28	0	8	0	0	0	97	0	28	0	97	0	0	0	0	15	15	0	0	0	0	28	100	8	0	20	0	0	0	100	15	0	0	15	0	0	72
40	0	0	18	0	0	0	0	0	0	0	0	0	0	0	0	0	0	0	93	0	0	0	93	0	0	0	0	0	0	0	0	0	0	0	96	0	0	0	0	0	0	96	0	0	0	0	0	0	64
60	0	40	48	0	0	11	0	0	0	40	18	0	40	0	26	0	0	0	100	20	40	0	100	15	15	0	0	30	30	0	0	0	18	40	103	26	0	34	0	18	0	103	30	0	0	30	11	0	77
0	0	0	0	0	0	0	0	0	0	0	0	0	0	0	0	0	0	0	0	0	0	0	0	0	0	0	0	0	0	0	0	0	0	0	23	0	0	0	0	0	0	23	0	0	0	0	0	0	0
56	0	32	41	0	0	0	0	0	0	32	4	0	32	0	15	0	0	0	98	8	32	0	98	0	0	0	0	20	20	0	0	0	4	32	101	15	0	26	0	4	0	101	20	0	0	20	0	0	74
56	0	32	41	0	0	0	0	0	0	32	4	0	32	0	15	0	0	0	98	8	32	0	98	0	0	0	0	20	20	0	0	0	4	32	101	15	0	26	0	4	0	101	20	0	0	20	0	0	74
60	0	40	48	0	0	11	0	0	0	40	18	0	40	0	26	0	0	0	100	20	40	0	100	15	15	0	0	30	30	0	0	0	18	40	103	26	0	34	0	18	0	103	30	0	0	30	11	0	77
65	0	48	54	18	18	26	0	0	18	48	30	4	48	18	36	15	18	0	102	32	48	18	102	28	28	18	0	40	40	0	0	18	30	48	105	36	0	43	0	30	0	105	40	0	0	40	26	0	80
48	0	18	30	0	0	0	0	0	0	18	0	0	18	0	0	0	0	0	95	0	18	0	95	0	0	0	0	0	0	0	0	0	0	18	99	0	0	8	0	0	0	99	0	0	0	0	0	0	69
48	0	18	30	0	0	0	0	0	0	18	0	0	18	0	0	0	0	0	95	0	18	0	95	0	0	0	0	0	0	0	0	0	0	18	99	0	0	8	0	0	0	99	0	0	0	0	0	0	69
65	0	48	54	18	18	26	0	0	18	48	30	4	48	18	36	15	18	0	102	32	48	18	102	28	28	18	0	40	40	0	0	18	30	48	105	36	0	43	0	30	0	105	40	0	0	40	26	0	80
68	11	52	57	26	26	32	0	0	26	52	36	15	52	26	41	23	26	0	103	38	52	26	103	34	34	26	11	45	45	11	0	26	36	52	106	41	0	48	0	36	4	106	45	0	0	45	32	0	82
60	0	40	48	0	0	11	0	0	0	40	18	0	40	0	26	0	0	0	100	20	40	0	100	15	15	0	0	30	30	0	0	0	18	40	103	26	0	34	0	18	0	103	30	0	0	30	11	0	77
54	0	30	40	0	0	0	0	0	0	30	0	0	30	0	11	0	0	0	98	4	30	0	98	0	0	0	0	18	18	0	0	0	0	30	101	11	0	23	0	0	0	101	18	0	0	18	0	0	73
40	0	0	18	0	0	0	0	0	0	0	0	0	0	0	0	0	0	0	93	0	0	0	93	0	0	0	0	0	0	0	0	0	0	0	96	0	0	0	0	0	0	96	0	0	0	0	0	0	64
0	0	0	0	0	0	0	0	0	0	0	0	0	0	0	0	0	0	0	0	0	0	0	0	0	0	0	0	0	0	0	0	0	0	0	0	0	0	0	0	0	0	0	0	0	0	0	0	0	0
51	0	23	34	0	0	0	0	0	0	23	0	0	23	0	0	0	0	0	96	0	23	0	96	0	0	0	0	8	8	0	0	0	0	23	100	0	0	15	0	0	0	100	8	0	0	8	0	0	70
70	18	54	60	30	30	36	0	0	30	54	40	20	54	30	45	28	30	0	104	41	54	30	104	38	38	30	18	48	48	18	8	30	40	54	107	45	0	51	0	40	11	107	48	0	4	48	36	4	84
45	0	11	26	0	0	0	0	0	0	11	0	0	11	0	0	0	0	0	94	0	11	0	94	0	0	0	0	0	0	0	0	0	0	11	98	0	0	0	0	0	0	98	0	0	0	0	0	0	67
70	18	54	60	30	30	36	0	0	30	54	40	20	54	30	45	28	30	0	104	41	54	30	104	38	38	30	18	48	48	18	8	30	40	54	107	45	0	51	0	40	11	107	48	0	4	48	36	4	84
54	0	30	40	0	0	0	0	0	0	30	0	0	30	0	11	0	0	0	98	4	30	0	98	0	0	0	0	18	18	0	0	0	0	30	101	11	0	23	0	0	0	101	18	0	0	18	0	0	73
67	8	51	56	23	23	30	0	0	23	51	34	11	51	23	40	20	23	0	103	36	51	23	103	32	32	23	8	43	43	8	0	23	34	51	106	40	0	46	0	34	0	106	43	0	0	43	30	0	82
0	0	0	0	0	0	0	0	0	0	0	0	0	0	0	0	0	0	0	0	0	0	0	0	0	0	0	0	0	0	0	0	0	0	0	0	0	0	0	0	0	0	0	0	0	0	0	0	0	0
48	0	18	30	0	0	0	0	0	0	18	0	0	18	0	0	0	0	0	95	0	18	0	95	0	0	0	0	0	0	0	0	0	0	18	99	0	0	8	0	0	0	99	0	0	0	0	0	0	69
72	24	56	63	35	35	41	0	10	35	56	44	27	56	35	48	33	35	10	105	45	56	35	105	42	42	35	24	51	51	24	16	35	44	56	108	48	10	54	10	44	19	108	51	0	13	51	41	13	85
69	15	53	59	28	28	34	0	0	28	53	38	18	53	28	43	26	28	0	104	40	53	28	104	36	36	28	15	46	46	15	4	28	38	53	106	43	0	49	0	38	8	106	46	0	0	46	34	0	83
48	0	18	30	0	0	0	0	0	0	18	0	0	18	0	0	0	0	0	95	0	18	0	95	0	0	0	0	0	0	0	0	0	0	18	99	0	0	8	0	0	0	99	0	0	0	0	0	0	69
56	0	34	43	0	0	0	0	0	0	34	8	0	34	0	18	0	0	0	99	11	34	0	99	4	4	0	0	23	23	0	0	0	8	34	102	18	0	28	0	8	0	102	23	0	0	23	0	0	74
69	15	53	59	28	28	34	0	0	28	53	38	18	53	28	43	26	28	0	104	40	53	28	104	36	36	28	15	46	46	15	4	28	38	53	106	43	0	49	0	38	8	106	46	0	0	46	34	0	83
0	0	0	0	0	0	0	0	0	0	0	0	0	0	0	0	0	0	0	71	0	0	0	71	0	0	0	0	0	0	0	0	0	0	0	77	0	0	0	0	0	0	77	0	0	0	0	0	0	0

0	65	40	30	60	60	56	72	70	60	40	54	64	40	60	51	61	60	70	0	53	40	60	0	56	56	60	65	48	48	65	68	60	54	40	0	51	70	45	70	54	67	0	48	72	69	48	56	69	0
0	0	0	0	0	0	0	24	18	0	0	0	0	0	0	0	0	0	18	0	0	0	0	0	0	0	0	0	0	0	0	11	0	0	0	0	0	18	0	18	0	8	0	0	24	15	0	0	15	0
0	48	0	0	40	40	34	56	54	40	0	30	46	0	40	23	41	40	54	0	28	0	40	0	32	32	40	48	18	18	48	52	40	30	0	0	23	54	11	54	30	51	0	18	56	53	18	34	53	0
0	54	18	0	48	48	43	63	60	48	18	40	53	18	48	34	49	48	60	0	38	18	48	0	41	41	48	54	30	30	54	57	48	40	18	0	34	60	26	60	40	56	0	30	63	59	30	43	59	0
0	18	0	0	0	0	0	35	30	0	0	0	15	0	0	0	4	0	30	0	0	0	0	0	0	0	0	18	0	0	18	26	0	0	0	0	0	30	0	30	0	23	0	0	35	28	0	0	28	0
0	18	0	0	0	0	0	35	30	0	0	0	15	0	0	0	4	0	30	0	0	0	0	0	0	0	0	18	0	0	18	26	0	0	0	0	0	30	0	30	0	23	0	0	35	28	0	0	28	0
0	26	0	0	11	11	0	41	36	11	0	0	23	0	11	0	15	11	36	0	0	0	11	0	0	0	11	26	0	0	26	32	11	0	0	0	0	36	0	36	0	30	0	0	41	34	0	0	34	0
0	0	0	0	0	0	0	0	0	0	0	0	0	0	0	0	0	0	0	0	0	0	0	0	0	0	0	0	0	0	0	0	0	0	0	0	0	0	0	0	0	0	0	0	0	0	0	0	0	0
0	0	0	0	0	0	0	10	0	0	0	0	0	0	0	0	0	0	0	0	0	0	0	0	0	0	0	0	0	0	0	0	0	0	0	0	0	0	0	0	0	0	0	0	10	0	0	0	0	0
0	18	0	0	0	0	0	35	30	0	0	0	15	0	0	0	4	0	30	0	0	0	0	0	0	0	0	18	0	0	18	26	0	0	0	0	0	30	0	30	0	23	0	0	35	28	0	0	28	0
0	48	0	0	40	40	34	56	54	40	0	30	46	0	40	23	41	40	54	0	28	0	40	0	32	32	40	48	18	18	48	52	40	30	0	0	23	54	11	54	30	51	0	18	56	53	18	34	53	0
0	30	0	0	18	18	8	44	40	18	0	0	28	0	18	0	20	18	40	0	0	0	18	0	4	4	18	30	0	0	30	36	18	0	0	0	0	40	0	40	0	34	0	0	44	38	0	8	38	0
0	4	0	0	0	0	0	27	20	0	0	0	0	0	0	0	0	0	20	0	0	0	0	0	0	0	0	4	0	0	4	15	0	0	0	0	0	20	0	20	0	11	0	0	27	18	0	0	18	0
0	48	0	0	40	40	34	56	54	40	0	30	46	0	40	23	41	40	54	0	28	0	40	0	32	32	40	48	18	18	48	52	40	30	0	0	23	54	11	54	30	51	0	18	56	53	18	34	53	0
0	18	0	0	0	0	0	35	30	0	0	0	15	0	0	0	4	0	30	0	0	0	0	0	0	0	0	18	0	0	18	26	0	0	0	0	0	30	0	30	0	23	0	0	35	28	0	0	28	0
0	36	0	0	26	26	18	48	45	26	0	11	34	0	26	0	28	26	45	0	8	0	26	0	15	15	26	36	0	0	36	41	26	11	0	0	0	45	0	45	11	40	0	0	48	43	0	18	43	0
0	15	0	0	0	0	0	33	28	0	0	0	11	0	0	0	0	0	28	0	0	0	0	0	0	0	0	15	0	0	15	23	0	0	0	0	0	28	0	28	0	20	0	0	33	26	0	0	26	0
0	18	0	0	0	0	0	35	30	0	0	0	15	0	0	0	4	0	30	0	0	0	0	0	0	0	0	18	0	0	18	26	0	0	0	0	0	30	0	30	0	23	0	0	35	28	0	0	28	0
0	0	0	0	0	0	0	10	0	0	0	0	0	0	0	0	0	0	0	0	0	0	0	0	0	0	0	0	0	0	0	0	0	0	0	0	0	0	0	0	0	0	0	0	10	0	0	0	0	0
85	102	93	90	100	100	99	105	104	100	93	98	102	93	100	96	100	100	104	0	97	93	100	0	98	98	100	102	95	95	102	103	100	98	93	0	96	104	94	104	98	103	0	95	105	104	95	99	104	71
0	32	0	0	20	20	11	45	41	20	0	4	30	0	20	0	23	20	41	0	0	0	20	0	8	8	20	32	0	0	32	38	20	4	0	0	0	41	0	41	4	36	0	0	45	40	0	11	40	0
0	48	0	0	40	40	34	56	54	40	0	30	46	0	40	23	41	40	54	0	28	0	40	0	32	32	40	48	18	18	48	52	40	30	0	0	23	54	11	54	30	51	0	18	56	53	18	34	53	0
0	18	0	0	0	0	0	35	30	0	0	0	15	0	0	0	4	0	30	0	0	0	0	0	0	0	0	18	0	0	18	26	0	0	0	0	0	30	0	30	0	23	0	0	35	28	0	0	28	0
85	102	93	90	100	100	99	105	104	100	93	98	102	93	100	96	100	100	104	0	97	93	100	0	98	98	100	102	95	95	102	103	100	98	93	0	96	104	94	104	98	103	0	95	105	104	95	99	104	71
0	28	0	0	15	15	4	42	38	15	0	0	26	0	15	0	18	15	38	0	0	0	15	0	0	0	15	28	0	0	28	34	15	0	0	0	0	38	0	38	0	32	0	0	42	36	0	4	36	0
0	28	0	0	15	15	4	42	38	15	0	0	26	0	15	0	18	15	38	0	0	0	15	0	0	0	15	28	0	0	28	34	15	0	0	0	0	38	0	38	0	32	0	0	42	36	0	4	36	0
0	18	0	0	0	0	0	35	30	0	0	0	15	0	0	0	4	0	30	0	0	0	0	0	0	0	0	18	0	0	18	26	0	0	0	0	0	30	0	30	0	23	0	0	35	28	0	0	28	0
0	0	0	0	0	0	0	24	18	0	0	0	0	0	0	0	0	0	18	0	0	0	0	0	0	0	0	0	0	0	0	11	0	0	0	0	0	18	0	18	0	8	0	0	24	15	0	0	15	0
0	40	0	0	30	30	23	51	48	30	0	18	38	0	30	8	32	30	48	0	15	0	30	0	20	20	30	40	0	0	40	45	30	18	0	0	8	48	0	48	18	43	0	0	51	46	0	23	46	0
0	40	0	0	30	30	23	51	48	30	0	18	38	0	30	8	32	30	48	0	15	0	30	0	20	20	30	40	0	0	40	45	30	18	0	0	8	48	0	48	18	43	0	0	51	46	0	23	46	0
0	0	0	0	0	0	0	24	18	0	0	0	0	0	0	0	0	0	18	0	0	0	0	0	0	0	0	0	0	0	0	11	0	0	0	0	0	18	0	18	0	8	0	0	24	15	0	0	15	0
0	0	0	0	0	0	0	16	8	0	0	0	0	0	0	0	0	0	8	0	0	0	0	0	0	0	0	0	0	0	0	0	0	0	0	0	0	8	0	8	0	0	0	0	16	4	0	0	4	0
0	18	0	0	0	0	0	35	30	0	0	0	15	0	0	0	4	0	30	0	0	0	0	0	0	0	0	18	0	0	18	26	0	0	0	0	0	30	0	30	0	23	0	0	35	28	0	0	28	0
0	30	0	0	18	18	8	44	40	18	0	0	28	0	18	0	20	18	40	0	0	0	18	0	4	4	18	30	0	0	30	36	18	0	0	0	0	40	0	40	0	34	0	0	44	38	0	8	38	0
0	48	0	0	40	40	34	56	54	40	0	30	46	0	40	23	41	40	54	0	28	0	40	0	32	32	40	48	18	18	48	52	40	30	0	0	23	54	11	54	30	51	0	18	56	53	18	34	53	0
89	105	96	94	103	103	102	108	107	103	96	101	105	96	103	100	103	103	107	23	100	96	103	23	101	101	103	105	99	99	105	106	103	101	96	0	100	107	98	107	101	106	0	99	108	106	99	102	106	77
0	36	0	0	26	26	18	48	45	26	0	11	34	0	26	0	28	26	45	0	8	0	26	0	15	15	26	36	0	0	36	41	26	11	0	0	0	45	0	45	11	40	0	0	48	43	0	18	43	0
0	0	0	0	0	0	0	10	0	0	0	0	0	0	0	0	0	0	0	0	0	0	0	0	0	0	0	0	0	0	0	0	0	0	0	0	0	0	0	0	0	0	0	0	10	0	0	0	0	0
0	43	0	0	34	34	28	54	51	34	0	23	41	0	34	15	36	34	51	0	20	0	34	0	26	26	34	43	8	8	43	48	34	23	0	0	15	51	0	51	23	46	0	8	54	49	8	28	49	0
0	0	0	0	0	0	0	10	0	0	0	0	0	0	0	0	0	0	0	0	0	0	0	0	0	0	0	0	0	0	0	0	0	0	0	0	0	0	0	0	0	0	0	0	10	0	0	0	0	0
0	30	0	0	18	18	8	44	40	18	0	0	28	0	18	0	20	18	40	0	0	0	18	0	4	4	18	30	0	0	30	36	18	0	0	0	0	40	0	40	0	34	0	0	44	38	0	8	38	0
0	0	0	0	0	0	0	19	11	0	0	0	0	0	0	0	0	0	11	0	0	0	0	0	0	0	0	0	0	0	0	4	0	0	0	0	0	11	0	11	0	0	0	0	19	8	0	0	8	0
89	105	96	94	103	103	102	108	107	103	96	101	105	96	103	100	103	103	107	23	100	96	103	23	101	101	103	105	99	99	105	106	103	101	96	0	100	107	98	107	101	106	0	99	108	106	99	102	106	77
0	40	0	0	30	30	23	51	48	30	0	18	38	0	30	8	32	30	48	0	15	0	30	0	20	20	30	40	0	0	40	45	30	18	0	0	8	48	0	48	18	43	0	0	51	46	0	23	46	0
0	0	0	0	0	0	0	0	0	0	0	0	0	0	0	0	0	0	0	0	0	0	0	0	0	0	0	0	0	0	0	0	0	0	0	0	0	0	0	0	0	0	0	0	0	0	0	0	0	0
0	0	0	0	0	0	0	13	4	0	0	0	0	0	0	0	0	0	4	0	0	0	0	0	0	0	0	0	0	0	0	0	0	0	0	0	0	4	0	4	0	0	0	0	13	0	0	0	0	0
0	40	0	0	30	30	23	51	48	30	0	18	38	0	30	8	32	30	48	0	15	0	30	0	20	20	30	40	0	0	40	45	30	18	0	0	8	48	0	48	18	43	0	0	51	46	0	23	46	0
0	26	0	0	11	11	0	41	36	11	0	0	23	0	11	0	15	11	36	0	0	0	11	0	0	0	11	26	0	0	26	32	11	0	0	0	0	36	0	36	0	30	0	0	41	34	0	0	34	0
0	0	0	0	0	0	0	13	4	0	0	0	0	0	0	0	0	0	4	0	0	0	0	0	0	0	0	0	0	0	0	0	0	0	0	0	0	4	0	4	0	0	0	0	13	0	0	0	0	0
45	80	64	59	77	77	74	85	84	77	64	73	80	64	77	70	77	77	84	0	72	64	77	0	74	74	77	80	69	69	80	82	77	73	64	0	70	84	67	84	73	82	0	69	85	83	69	74	83	0