719 849 959 860 955 561 692 756 940 815 905 802 906 935 778 824 589 904 771 887 787 539 642 964 552 957 924 937 951 867 928 776 969 899 612 959 916 977 867 901 956 846 951 963 902 965 941 1000 840 942

84

24 22 21 22 21 26 24 24 21 23 21 23 21 21 23 23 26 21 23 22 23 27 25 21 26 21 21 21 21 22 21 23 20 21 26 21 21 20 22 21 21 22 21 21 21 21 21 20 22 21

21.97630977469732 19.988115557547452 24.991663827447688 33.00632964010403

10719

0	0	0	0	0	0	193	0	0	0	0	0	0	0	0	0	193	0	0	0	0	0	0	0	0	0	0	0	0	0	0	0	0	0	0	0	0	0	0	0	0	0	0	0	0	0	0	0	0	0
277	0	212	193	239	217	283	0	260	0	186	269	198	244	272	263	283	239	0	176	238	265	277	259	259	237	252	257	212	165	246	171	259	213	266	240	213	260	172	260	212	200	244	259	252	238	250	259	238	266
266	0	0	0	206	128	273	0	242	0	0	254	0	216	259	248	273	206	0	0	204	250	266	241	242	202	231	238	0	0	221	0	241	70	250	208	70	242	0	242	0	0	216	241	231	202	225	241	204	250
270	0	166	0	220	181	277	0	249	0	0	260	104	227	264	254	277	221	0	0	219	256	270	248	249	218	240	246	166	0	231	0	248	170	256	222	170	249	0	249	166	120	227	248	241	218	236	248	219	256
254	0	0	0	0	0	263	0	218	0	0	239	0	152	244	227	263	70	0	0	0	231	252	216	217	0	198	211	0	0	168	0	216	0	231	90	0	218	0	218	0	0	148	216	199	0	185	216	0	231
264	0	0	0	198	0	272	0	239	0	0	252	0	211	257	245	272	200	0	0	197	248	264	238	239	194	227	235	0	0	216	0	238	0	248	200	0	239	0	239	0	0	210	238	229	195	222	238	197	248
0	0	0	0	0	0	0	0	0	0	0	0	0	0	0	0	0	0	0	0	0	0	0	0	0	0	0	0	0	0	0	0	0	0	0	0	0	0	0	0	0	0	0	0	0	0	0	0	0	0
286	214	243	235	258	245	291	0	273	200	231	279	237	261	282	275	291	258	186	229	258	277	286	272	272	257	268	271	243	225	263	227	272	243	277	259	243	273	227	273	243	237	261	272	268	257	265	272	258	277
229	0	0	0	0	0	244	0	0	0	0	197	0	0	210	157	244	0	0	0	0	176	227	0	0	0	0	0	0	0	0	0	0	0	176	0	0	0	0	30	0	0	0	0	0	0	0	0	0	176
279	156	222	208	245	225	285	0	263	0	202	272	212	249	275	267	285	245	0	197	244	269	279	263	263	243	257	261	222	190	250	193	263	223	269	246	223	263	194	263	222	213	249	262	258	244	254	262	244	269
271	0	178	118	224	189	278	0	250	0	0	262	140	231	265	256	278	225	0	0	223	258	271	250	250	222	243	248	178	0	234	0	250	181	258	225	181	250	0	250	178	148	231	250	243	222	239	250	223	258
200	0	0	0	0	0	227	0	0	0	0	0	0	0	154	0	227	0	0	0	0	0	200	0	0	0	0	0	0	0	0	0	0	0	0	0	0	0	0	0	0	0	0	0	0	0	0	0	0	0
269	0	156	0	217	173	276	0	248	0	0	259	0	225	263	252	276	218	0	0	216	254	269	247	247	215	239	244	156	0	229	0	247	160	254	219	160	248	0	248	156	78	225	246	239	216	234	246	216	254
249	0	0	0	0	0	260	0	208	0	0	233	0	0	239	219	260	0	0	0	0	225	249	204	206	0	181	198	0	0	120	0	204	0	225	0	0	208	0	208	0	0	0	204	182	0	159	204	0	225
183	0	0	0	0	0	218	0	0	0	0	0	0	0	0	0	218	0	0	0	0	0	181	0	0	0	0	0	0	0	0	0	0	0	0	0	0	0	0	0	0	0	0	0	0	0	0	0	0	0
220	0	0	0	0	0	238	0	0	0	0	176	0	0	196	0	238	0	0	0	0	132	219	0	0	0	0	0	0	0	0	0	0	0	134	0	0	0	0	0	0	0	0	0	0	0	0	0	0	134
0	0	0	0	0	0	0	0	0	0	0	0	0	0	0	0	0	0	0	0	0	0	0	0	0	0	0	0	0	0	0	0	0	0	0	0	0	0	0	0	0	0	0	0	0	0	0	0	0	0
252	0	0	0	0	0	263	0	217	0	0	238	0	146	244	225	263	0	0	0	0	231	252	215	216	0	196	209	0	0	164	0	215	0	231	60	0	217	0	217	0	0	141	214	197	0	183	214	0	231
281	182	229	218	249	233	287	0	266	149	214	274	221	252	277	270	287	250	0	209	249	271	281	266	266	248	261	264	229	204	254	206	266	229	271	250	229	266	206	266	229	222	252	265	261	248	258	265	249	271
272	0	187	146	227	196	279	0	252	0	118	263	159	234	267	257	279	227	0	0	225	260	272	252	252	225	245	250	187	0	237	0	252	189	260	229	189	252	0	252	187	164	233	252	245	225	241	252	225	260
254	0	0	0	60	0	263	0	219	0	0	239	0	156	245	227	263	90	0	0	0	231	254	217	218	0	200	212	0	0	171	0	217	0	233	104	0	219	0	219	0	0	152	216	200	0	187	216	0	233
214	0	0	0	0	0	234	0	0	0	0	157	0	0	185	0	234	0	0	0	0	0	213	0	0	0	0	0	0	0	0	0	0	0	30	0	0	0	0	0	0	0	0	0	0	0	0	0	0	30
48	0	0	0	0	0	194	0	0	0	0	0	0	0	0	0	194	0	0	0	0	0	0	0	0	0	0	0	0	0	0	0	0	0	0	0	0	0	0	0	0	0	0	0	0	0	0	0	0	0
229	0	0	0	0	0	245	0	90	0	0	200	0	0	213	164	245	0	0	0	0	181	229	0	60	0	0	0	0	0	0	0	0	0	181	0	0	90	0	95	0	0	0	0	0	0	0	0	0	181
229	0	0	0	0	0	245	0	70	0	0	199	0	0	212	161	245	0	0	0	0	179	229	0	0	0	0	0	0	0	0	0	0	0	179	0	0	70	0	78	0	0	0	0	0	0	0	0	0	179
254	0	0	0	95	0	264	0	220	0	0	240	0	161	246	229	264	111	0	0	78	233	254	218	219	0	202	213	0	0	175	0	218	0	234	120	0	220	0	221	0	0	158	218	202	48	190	218	78	234
240	0	0	0	0	0	252	0	176	0	0	217	0	0	225	197	252	0	0	0	0	204	239	170	172	0	0	152	0	0	0	0	170	0	206	0	0	176	0	176	0	0	0	168	48	0	0	168	0	206
234	0	0	0	0	0	248	0	140	0	0	206	0	0	218	179	248	0	0	0	0	191	233	126	132	0	0	0	0	0	0	0	126	0	191	0	0	140	0	141	0	0	0	120	0	0	0	120	0	191
266	0	0	0	206	128	273	0	242	0	0	254	0	216	259	248	273	206	0	0	204	250	266	241	242	202	231	238	0	0	221	0	241	70	250	208	70	242	0	242	0	0	216	241	231	202	225	241	204	250
273	0	194	162	229	202	280	0	254	0	145	265	172	237	268	259	280	231	0	114	229	261	273	254	254	227	247	250	194	0	239	85	254	196	261	231	196	254	90	254	194	176	236	252	247	229	243	252	229	261
247	0	0	0	0	0	258	0	202	0	0	229	0	0	236	215	258	0	0	0	0	221	247	199	200	0	169	191	0	0	0	0	199	0	221	0	0	202	0	202	0	0	0	198	171	0	138	198	0	221
273	0	191	156	229	200	279	0	254	0	134	264	166	235	267	258	279	229	0	90	227	260	273	252	252	227	246	250	191	0	238	0	252	193	260	229	193	254	30	254	191	171	235	252	246	227	242	252	227	260
229	0	0	0	0	0	245	0	90	0	0	200	0	0	213	164	245	0	0	0	0	181	229	0	60	0	0	0	0	0	0	0	0	0	181	0	0	90	0	95	0	0	0	0	0	0	0	0	0	181
266	0	0	0	204	118	273	0	242	0	0	254	0	215	259	247	273	206	0	0	202	250	265	240	241	200	231	237	0	0	220	0	240	0	250	206	0	242	0	242	0	0	214	240	231	202	225	240	202	250
213	0	0	0	0	0	234	0	0	0	0	156	0	0	185	0	234	0	0	0	0	0	213	0	0	0	0	0	0	0	0	0	0	0	0	0	0	0	0	0	0	0	0	0	0	0	0	0	0	0
252	0	0	0	0	0	262	0	216	0	0	237	0	141	243	225	262	0	0	0	0	229	252	214	215	0	195	208	0	0	161	0	214	0	231	0	0	216	0	216	0	0	136	213	196	0	181	213	0	231
266	0	0	0	204	118	273	0	242	0	0	254	0	215	259	247	273	206	0	0	202	250	265	240	241	200	231	237	0	0	220	0	240	0	250	206	0	242	0	242	0	0	214	240	231	202	225	240	202	250
229	0	0	0	0	0	244	0	0	0	0	197	0	0	210	157	244	0	0	0	0	176	227	0	0	0	0	0	0	0	0	0	0	0	176	0	0	0	0	30	0	0	0	0	0	0	0	0	0	176
273	0	190	154	229	199	279	0	254	0	132	264	165	235	267	258	279	229	0	85	227	260	273	252	252	227	246	250	190	0	238	0	252	192	260	229	192	254	0	254	190	170	235	252	246	227	242	252	227	260
227	0	0	0	0	0	244	0	0	0	0	196	0	0	210	156	244	0	0	0	0	175	227	0	0	0	0	0	0	0	0	0	0	0	176	0	0	0	0	0	0	0	0	0	0	0	0	0	0	176
266	0	0	0	206	128	273	0	242	0	0	254	0	216	259	248	273	206	0	0	204	250	266	241	242	202	231	238	0	0	221	0	241	70	250	208	70	242	0	242	0	0	216	241	231	202	225	241	204	250
269	0	149	0	216	169	276	0	247	0	0	259	0	225	262	252	276	217	0	0	215	254	269	246	246	213	238	243	149	0	227	0	246	154	254	218	154	247	0	247	149	0	224	246	238	214	233	246	215	254
250	0	0	0	0	0	260	0	209	0	0	233	0	60	240	220	260	0	0	0	0	225	250	206	208	0	183	200	0	0	128	0	206	0	225	0	0	209	0	209	0	0	0	206	184	0	162	206	0	225
231	0	0	0	0	0	246	0	100	0	0	200	0	0	213	166	246	0	0	0	0	182	229	48	78	0	0	0	0	0	0	0	48	0	183	0	0	100	0	104	0	0	0	0	0	0	0	0	0	183
239	0	0	0	0	0	252	0	174	0	0	217	0	0	225	196	252	0	0	0	0	204	239	168	171	0	0	149	0	0	0	0	168	0	204	0	0	174	0	175	0	0	0	166	0	0	0	166	0	204
254	0	0	0	85	0	264	0	220	0	0	240	0	159	245	229	264	104	0	0	60	233	254	218	219	0	200	213	0	0	173	0	218	0	233	114	0	220	0	220	0	0	156	217	202	0	189	217	60	233
244	0	0	0	0	0	254	0	191	0	0	224	0	0	231	206	254	0	0	0	0	214	243	188	189	0	141	176	0	0	0	0	188	0	214	0	0	191	0	192	0	0	0	186	145	0	0	186	0	214
231	0	0	0	0	0	246	0	100	0	0	200	0	0	213	166	246	0	0	0	0	182	229	48	78	0	0	0	0	0	0	0	48	0	183	0	0	100	0	104	0	0	0	0	0	0	0	0	0	183
254	0	0	0	60	0	263	0	219	0	0	239	0	156	245	227	263	90	0	0	0	231	254	217	218	0	200	212	0	0	171	0	217	0	233	104	0	219	0	219	0	0	152	216	200	0	187	216	0	233
213	0	0	0	0	0	234	0	0	0	0	156	0	0	185	0	234	0	0	0	0	0	213	0	0	0	0	0	0	0	0	0	0	0	0	0	0	0	0	0	0	0	0	0	0	0	0	0	0	0

0	277	266	270	254	264	0	286	229	279	271	200	269	249	183	220	0	252	281	272	254	214	48	229	229	254	240	234	266	273	247	273	229	266	213	252	266	229	273	227	266	269	250	231	239	254	244	231	254	213
0	0	0	0	0	0	0	214	0	156	0	0	0	0	0	0	0	0	182	0	0	0	0	0	0	0	0	0	0	0	0	0	0	0	0	0	0	0	0	0	0	0	0	0	0	0	0	0	0	0
0	212	0	166	0	0	0	243	0	222	178	0	156	0	0	0	0	0	229	187	0	0	0	0	0	0	0	0	0	194	0	191	0	0	0	0	0	0	190	0	0	149	0	0	0	0	0	0	0	0
0	193	0	0	0	0	0	235	0	208	118	0	0	0	0	0	0	0	218	146	0	0	0	0	0	0	0	0	0	162	0	156	0	0	0	0	0	0	154	0	0	0	0	0	0	0	0	0	0	0
0	239	206	220	0	198	0	258	0	245	224	0	217	0	0	0	0	0	249	227	60	0	0	0	0	95	0	0	206	229	0	229	0	204	0	0	204	0	229	0	206	216	0	0	0	85	0	0	60	0
0	217	128	181	0	0	0	245	0	225	189	0	173	0	0	0	0	0	233	196	0	0	0	0	0	0	0	0	128	202	0	200	0	118	0	0	118	0	199	0	128	169	0	0	0	0	0	0	0	0
193	283	273	277	263	272	0	291	244	285	278	227	276	260	218	238	0	263	287	279	263	234	194	245	245	264	252	248	273	280	258	279	245	273	234	262	273	244	279	244	273	276	260	246	252	264	254	246	263	234
0	0	0	0	0	0	0	0	0	0	0	0	0	0	0	0	0	0	0	0	0	0	0	0	0	0	0	0	0	0	0	0	0	0	0	0	0	0	0	0	0	0	0	0	0	0	0	0	0	0
0	260	242	249	218	239	0	273	0	263	250	0	248	208	0	0	0	217	266	252	219	0	0	90	70	220	176	140	242	254	202	254	90	242	0	216	242	0	254	0	242	247	209	100	174	220	191	100	219	0
0	0	0	0	0	0	0	200	0	0	0	0	0	0	0	0	0	0	149	0	0	0	0	0	0	0	0	0	0	0	0	0	0	0	0	0	0	0	0	0	0	0	0	0	0	0	0	0	0	0
0	186	0	0	0	0	0	231	0	202	0	0	0	0	0	0	0	0	214	118	0	0	0	0	0	0	0	0	0	145	0	134	0	0	0	0	0	0	132	0	0	0	0	0	0	0	0	0	0	0
0	269	254	260	239	252	0	279	197	272	262	0	259	233	0	176	0	238	274	263	239	157	0	200	199	240	217	206	254	265	229	264	200	254	156	237	254	197	264	196	254	259	233	200	217	240	224	200	239	156
0	198	0	104	0	0	0	237	0	212	140	0	0	0	0	0	0	0	221	159	0	0	0	0	0	0	0	0	0	172	0	166	0	0	0	0	0	0	165	0	0	0	0	0	0	0	0	0	0	0
0	244	216	227	152	211	0	261	0	249	231	0	225	0	0	0	0	146	252	234	156	0	0	0	0	161	0	0	216	237	0	235	0	215	0	141	215	0	235	0	216	225	60	0	0	159	0	0	156	0
0	272	259	264	244	257	0	282	210	275	265	154	263	239	0	196	0	244	277	267	245	185	0	213	212	246	225	218	259	268	236	267	213	259	185	243	259	210	267	210	259	262	240	213	225	245	231	213	245	185
0	263	248	254	227	245	0	275	157	267	256	0	252	219	0	0	0	225	270	257	227	0	0	164	161	229	197	179	248	259	215	258	164	247	0	225	247	157	258	156	248	252	220	166	196	229	206	166	227	0
193	283	273	277	263	272	0	291	244	285	278	227	276	260	218	238	0	263	287	279	263	234	194	245	245	264	252	248	273	280	258	279	245	273	234	262	273	244	279	244	273	276	260	246	252	264	254	246	263	234
0	239	206	221	70	200	0	258	0	245	225	0	218	0	0	0	0	0	250	227	90	0	0	0	0	111	0	0	206	231	0	229	0	206	0	0	206	0	229	0	206	217	0	0	0	104	0	0	90	0
0	0	0	0	0	0	0	186	0	0	0	0	0	0	0	0	0	0	0	0	0	0	0	0	0	0	0	0	0	0	0	0	0	0	0	0	0	0	0	0	0	0	0	0	0	0	0	0	0	0
0	176	0	0	0	0	0	229	0	197	0	0	0	0	0	0	0	0	209	0	0	0	0	0	0	0	0	0	0	114	0	90	0	0	0	0	0	0	85	0	0	0	0	0	0	0	0	0	0	0
0	238	204	219	0	197	0	258	0	244	223	0	216	0	0	0	0	0	249	225	0	0	0	0	0	78	0	0	204	229	0	227	0	202	0	0	202	0	227	0	204	215	0	0	0	60	0	0	0	0
0	265	250	256	231	248	0	277	176	269	258	0	254	225	0	132	0	231	271	260	231	0	0	181	179	233	204	191	250	261	221	260	181	250	0	229	250	176	260	175	250	254	225	182	204	233	214	182	231	0
0	277	266	270	252	264	0	286	227	279	271	200	269	249	181	219	0	252	281	272	254	213	0	229	229	254	239	233	266	273	247	273	229	265	213	252	265	227	273	227	266	269	250	229	239	254	243	229	254	213
0	259	241	248	216	238	0	272	0	263	250	0	247	204	0	0	0	215	266	252	217	0	0	0	0	218	170	126	241	254	199	252	0	240	0	214	240	0	252	0	241	246	206	48	168	218	188	48	217	0
0	259	242	249	217	239	0	272	0	263	250	0	247	206	0	0	0	216	266	252	218	0	0	60	0	219	172	132	242	254	200	252	60	241	0	215	241	0	252	0	242	246	208	78	171	219	189	78	218	0
0	237	202	218	0	194	0	257	0	243	222	0	215	0	0	0	0	0	248	225	0	0	0	0	0	0	0	0	202	227	0	227	0	200	0	0	200	0	227	0	202	213	0	0	0	0	0	0	0	0
0	252	231	240	198	227	0	268	0	257	243	0	239	181	0	0	0	196	261	245	200	0	0	0	0	202	0	0	231	247	169	246	0	231	0	195	231	0	246	0	231	238	183	0	0	200	141	0	200	0
0	257	238	246	211	235	0	271	0	261	248	0	244	198	0	0	0	209	264	250	212	0	0	0	0	213	152	0	238	250	191	250	0	237	0	208	237	0	250	0	238	243	200	0	149	213	176	0	212	0
0	212	0	166	0	0	0	243	0	222	178	0	156	0	0	0	0	0	229	187	0	0	0	0	0	0	0	0	0	194	0	191	0	0	0	0	0	0	190	0	0	149	0	0	0	0	0	0	0	0
0	165	0	0	0	0	0	225	0	190	0	0	0	0	0	0	0	0	204	0	0	0	0	0	0	0	0	0	0	0	0	0	0	0	0	0	0	0	0	0	0	0	0	0	0	0	0	0	0	0
0	246	221	231	168	216	0	263	0	250	234	0	229	120	0	0	0	164	254	237	171	0	0	0	0	175	0	0	221	239	0	238	0	220	0	161	220	0	238	0	221	227	128	0	0	173	0	0	171	0
0	171	0	0	0	0	0	227	0	193	0	0	0	0	0	0	0	0	206	0	0	0	0	0	0	0	0	0	0	85	0	0	0	0	0	0	0	0	0	0	0	0	0	0	0	0	0	0	0	0
0	259	241	248	216	238	0	272	0	263	250	0	247	204	0	0	0	215	266	252	217	0	0	0	0	218	170	126	241	254	199	252	0	240	0	214	240	0	252	0	241	246	206	48	168	218	188	48	217	0
0	213	70	170	0	0	0	243	0	223	181	0	160	0	0	0	0	0	229	189	0	0	0	0	0	0	0	0	70	196	0	193	0	0	0	0	0	0	192	0	70	154	0	0	0	0	0	0	0	0
0	266	250	256	231	248	0	277	176	269	258	0	254	225	0	134	0	231	271	260	233	30	0	181	179	234	206	191	250	261	221	260	181	250	0	231	250	176	260	176	250	254	225	183	204	233	214	183	233	0
0	240	208	222	90	200	0	259	0	246	225	0	219	0	0	0	0	60	250	229	104	0	0	0	0	120	0	0	208	231	0	229	0	206	0	0	206	0	229	0	208	218	0	0	0	114	0	0	104	0
0	213	70	170	0	0	0	243	0	223	181	0	160	0	0	0	0	0	229	189	0	0	0	0	0	0	0	0	70	196	0	193	0	0	0	0	0	0	192	0	70	154	0	0	0	0	0	0	0	0
0	260	242	249	218	239	0	273	0	263	250	0	248	208	0	0	0	217	266	252	219	0	0	90	70	220	176	140	242	254	202	254	90	242	0	216	242	0	254	0	242	247	209	100	174	220	191	100	219	0
0	172	0	0	0	0	0	227	0	194	0	0	0	0	0	0	0	0	206	0	0	0	0	0	0	0	0	0	0	90	0	30	0	0	0	0	0	0	0	0	0	0	0	0	0	0	0	0	0	0
0	260	242	249	218	239	0	273	30	263	250	0	248	208	0	0	0	217	266	252	219	0	0	95	78	221	176	141	242	254	202	254	95	242	0	216	242	30	254	0	242	247	209	104	175	220	192	104	219	0
0	212	0	166	0	0	0	243	0	222	178	0	156	0	0	0	0	0	229	187	0	0	0	0	0	0	0	0	0	194	0	191	0	0	0	0	0	0	190	0	0	149	0	0	0	0	0	0	0	0
0	200	0	120	0	0	0	237	0	213	148	0	78	0	0	0	0	0	222	164	0	0	0	0	0	0	0	0	0	176	0	171	0	0	0	0	0	0	170	0	0	0	0	0	0	0	0	0	0	0
0	244	216	227	148	210	0	261	0	249	231	0	225	0	0	0	0	141	252	233	152	0	0	0	0	158	0	0	216	236	0	235	0	214	0	136	214	0	235	0	216	224	0	0	0	156	0	0	152	0
0	259	241	248	216	238	0	272	0	262	250	0	246	204	0	0	0	214	265	252	216	0	0	0	0	218	168	120	241	252	198	252	0	240	0	213	240	0	252	0	241	246	206	0	166	217	186	0	216	0
0	252	231	241	199	229	0	268	0	258	243	0	239	182	0	0	0	197	261	245	200	0	0	0	0	202	48	0	231	247	171	246	0	231	0	196	231	0	246	0	231	238	184	0	0	202	145	0	200	0
0	238	202	218	0	195	0	257	0	244	222	0	216	0	0	0	0	0	248	225	0	0	0	0	0	48	0	0	202	229	0	227	0	202	0	0	202	0	227	0	202	214	0	0	0	0	0	0	0	0
0	250	225	236	185	222	0	265	0	254	239	0	234	159	0	0	0	183	258	241	187	0	0	0	0	190	0	0	225	243	138	242	0	225	0	181	225	0	242	0	225	233	162	0	0	189	0	0	187	0
0	259	241	248	216	238	0	272	0	262	250	0	246	204	0	0	0	214	265	252	216	0	0	0	0	218	168	120	241	252	198	252	0	240	0	213	240	0	252	0	241	246	206	0	166	217	186	0	216	0
0	238	204	219	0	197	0	258	0	244	223	0	216	0	0	0	0	0	249	225	0	0	0	0	0	78	0	0	204	229	0	227	0	202	0	0	202	0	227	0	204	215	0	0	0	60	0	0	0	0
0	266	250	256	231	248	0	277	176	269	258	0	254	225	0	134	0	231	271	260	233	30	0	181	179	234	206	191	250	261	221	260	181	250	0	231	250	176	260	176	250	254	225	183	204	233	214	183	233	0

0	0	0	26	0	102	0	0	0	0	0	0	0	0	0	0	43	18	0	0	54	89	43	0	98	0	0	0	0	0	0	34	0	8	79	0	0	0	0	20	0	11	0	4	8	0	0	0	32	0
11	0	0	32	0	103	0	0	11	0	0	0	0	0	0	0	48	26	0	0	57	90	48	0	99	0	0	0	0	0	0	40	0	18	81	0	8	0	0	28	0	20	0	15	18	0	0	0	38	0
32	26	0	46	4	106	11	26	32	4	26	0	0	8	0	0	57	41	0	26	66	94	57	20	103	0	0	4	0	26	0	52	26	36	86	0	30	0	26	43	11	38	11	34	36	0	0	4	51	0
0	0	0	0	0	98	0	0	0	0	0	0	0	0	0	0	28	0	0	0	43	84	28	0	94	0	0	0	0	0	0	15	0	0	73	0	0	0	0	0	0	0	0	0	0	0	0	0	11	0
30	23	0	45	0	106	8	23	30	0	23	0	0	4	0	0	56	40	0	23	65	94	56	18	102	0	0	0	0	23	0	51	23	34	86	0	28	0	23	41	8	36	8	32	34	0	0	0	49	0
0	0	0	0	0	0	0	0	0	0	0	0	0	0	0	0	0	0	0	0	0	0	0	0	0	0	0	0	0	0	0	0	0	0	0	0	0	0	0	0	0	0	0	0	0	0	0	0	0	0
26	18	0	41	0	105	0	18	26	0	18	0	0	0	0	0	54	36	0	18	63	93	54	11	101	0	0	0	0	18	0	48	18	30	85	0	23	0	18	38	0	32	0	28	30	0	0	0	46	0
11	0	0	32	0	103	0	0	11	0	0	0	0	0	0	0	48	26	0	0	57	90	48	0	99	0	0	0	0	0	0	40	0	18	81	0	8	0	0	28	0	20	0	15	18	0	0	0	38	0
0	0	0	26	0	102	0	0	0	0	0	0	0	0	0	0	43	18	0	0	54	89	43	0	98	0	0	0	0	0	0	34	0	8	79	0	0	0	0	20	0	11	0	4	8	0	0	0	32	0
30	23	0	45	0	106	8	23	30	0	23	0	0	4	0	0	56	40	0	23	65	94	56	18	102	0	0	0	0	23	0	51	23	34	86	0	28	0	23	41	8	36	8	32	34	0	0	0	49	0
11	0	0	32	0	103	0	0	11	0	0	0	0	0	0	0	48	26	0	0	57	90	48	0	99	0	0	0	0	0	0	40	0	18	81	0	8	0	0	28	0	20	0	15	18	0	0	0	38	0
36	30	8	49	11	107	18	30	36	11	30	0	4	15	0	0	60	45	0	30	68	95	60	26	103	8	0	11	0	30	0	54	30	40	88	0	34	0	30	46	18	41	18	38	40	0	0	11	53	0
34	28	4	48	8	106	15	28	34	8	28	0	0	11	0	0	59	43	0	28	67	95	59	23	103	4	0	8	0	28	0	53	28	38	87	0	32	0	28	45	15	40	15	36	38	0	0	8	52	0
28	20	0	43	0	105	4	20	28	0	20	0	0	0	0	0	56	38	0	20	64	93	56	15	102	0	0	0	0	20	0	49	20	32	85	0	26	0	20	40	4	34	4	30	32	0	0	0	48	0
36	30	8	49	11	107	18	30	36	11	30	0	4	15	0	0	60	45	0	30	68	95	60	26	103	8	0	11	0	30	0	54	30	40	88	0	34	0	30	46	18	41	18	38	40	0	0	11	53	0
41	35	16	53	19	108	24	35	41	19	35	10	13	22	10	0	63	48	10	35	70	97	63	31	104	16	10	19	10	35	10	56	35	44	89	10	39	10	35	50	24	45	24	42	44	10	10	19	56	10
0	0	0	0	0	94	0	0	0	0	0	0	0	0	0	0	0	0	0	0	26	78	0	0	89	0	0	0	0	0	0	0	0	0	65	0	0	0	0	0	0	0	0	0	0	0	0	0	0	0
0	0	0	11	0	100	0	0	0	0	0	0	0	0	0	0	34	0	0	0	48	86	34	0	95	0	0	0	0	0	0	23	0	0	76	0	0	0	0	4	0	0	0	0	0	0	0	0	20	0
36	30	8	49	11	107	18	30	36	11	30	0	4	15	0	0	60	45	0	30	68	95	60	26	103	8	0	11	0	30	0	54	30	40	88	0	34	0	30	46	18	41	18	38	40	0	0	11	53	0
11	0	0	32	0	103	0	0	11	0	0	0	0	0	0	0	48	26	0	0	57	90	48	0	99	0	0	0	0	0	0	40	0	18	81	0	8	0	0	28	0	20	0	15	18	0	0	0	38	0
0	0	0	0	0	90	0	0	0	0	0	0	0	0	0	0	0	0	0	0	0	72	0	0	85	0	0	0	0	0	0	0	0	0	56	0	0	0	0	0	0	0	0	0	0	0	0	0	0	0
0	0	0	0	0	56	0	0	0	0	0	0	0	0	0	0	0	0	0	0	0	0	0	0	45	0	0	0	0	0	0	0	0	0	0	0	0	0	0	0	0	0	0	0	0	0	0	0	0	0
0	0	0	0	0	94	0	0	0	0	0	0	0	0	0	0	0	0	0	0	26	78	0	0	89	0	0	0	0	0	0	0	0	0	65	0	0	0	0	0	0	0	0	0	0	0	0	0	0	0
18	8	0	36	0	104	0	8	18	0	8	0	0	0	0	0	51	30	0	8	60	91	51	0	100	0	0	0	0	8	0	43	8	23	83	0	15	0	8	32	0	26	0	20	23	0	0	0	41	0
0	0	0	0	0	28	0	0	0	0	0	0	0	0	0	0	0	0	0	0	0	0	0	0	0	0	0	0	0	0	0	0	0	0	0	0	0	0	0	0	0	0	0	0	0	0	0	0	0	0
32	26	0	46	4	106	11	26	32	4	26	0	0	8	0	0	57	41	0	26	66	94	57	20	103	0	0	4	0	26	0	52	26	36	86	0	30	0	26	43	11	38	11	34	36	0	0	4	51	0
36	30	8	49	11	107	18	30	36	11	30	0	4	15	0	0	60	45	0	30	68	95	60	26	103	8	0	11	0	30	0	54	30	40	88	0	34	0	30	46	18	41	18	38	40	0	0	11	53	0
30	23	0	45	0	106	8	23	30	0	23	0	0	4	0	0	56	40	0	23	65	94	56	18	102	0	0	0	0	23	0	51	23	34	86	0	28	0	23	41	8	36	8	32	34	0	0	0	49	0
36	30	8	49	11	107	18	30	36	11	30	0	4	15	0	0	60	45	0	30	68	95	60	26	103	8	0	11	0	30	0	54	30	40	88	0	34	0	30	46	18	41	18	38	40	0	0	11	53	0
11	0	0	32	0	103	0	0	11	0	0	0	0	0	0	0	48	26	0	0	57	90	48	0	99	0	0	0	0	0	0	40	0	18	81	0	8	0	0	28	0	20	0	15	18	0	0	0	38	0
36	30	8	49	11	107	18	30	36	11	30	0	4	15	0	0	60	45	0	30	68	95	60	26	103	8	0	11	0	30	0	54	30	40	88	0	34	0	30	46	18	41	18	38	40	0	0	11	53	0
0	0	0	0	0	96	0	0	0	0	0	0	0	0	0	0	18	0	0	0	36	81	18	0	92	0	0	0	0	0	0	0	0	0	70	0	0	0	0	0	0	0	0	0	0	0	0	0	0	0
11	0	0	32	0	103	0	0	11	0	0	0	0	0	0	0	48	26	0	0	57	90	48	0	99	0	0	0	0	0	0	40	0	18	81	0	8	0	0	28	0	20	0	15	18	0	0	0	38	0
0	0	0	20	0	101	0	0	0	0	0	0	0	0	0	0	40	11	0	0	52	88	40	0	97	0	0	0	0	0	0	30	0	0	78	0	0	0	0	15	0	4	0	0	0	0	0	0	28	0
0	0	0	0	0	72	0	0	0	0	0	0	0	0	0	0	0	0	0	0	0	40	0	0	63	0	0	0	0	0	0	0	0	0	0	0	0	0	0	0	0	0	0	0	0	0	0	0	0	0
36	30	8	49	11	107	18	30	36	11	30	0	4	15	0	0	60	45	0	30	68	95	60	26	103	8	0	11	0	30	0	54	30	40	88	0	34	0	30	46	18	41	18	38	40	0	0	11	53	0
4	0	0	28	0	102	0	0	4	0	0	0	0	0	0	0	45	20	0	0	56	89	45	0	98	0	0	0	0	0	0	36	0	11	80	0	0	0	0	23	0	15	0	8	11	0	0	0	34	0
36	30	8	49	11	107	18	30	36	11	30	0	4	15	0	0	60	45	0	30	68	95	60	26	103	8	0	11	0	30	0	54	30	40	88	0	34	0	30	46	18	41	18	38	40	0	0	11	53	0
11	0	0	32	0	103	0	0	11	0	0	0	0	0	0	0	48	26	0	0	57	90	48	0	99	0	0	0	0	0	0	40	0	18	81	0	8	0	0	28	0	20	0	15	18	0	0	0	38	0
0	0	0	8	0	99	0	0	0	0	0	0	0	0	0	0	32	0	0	0	46	85	32	0	95	0	0	0	0	0	0	20	0	0	75	0	0	0	0	0	0	0	0	0	0	0	0	0	18	0
26	18	0	41	0	105	0	18	26	0	18	0	0	0	0	0	54	36	0	18	63	93	54	11	101	0	0	0	0	18	0	48	18	30	85	0	23	0	18	38	0	32	0	28	30	0	0	0	46	0
0	0	0	18	0	100	0	0	0	0	0	0	0	0	0	0	38	8	0	0	51	87	38	0	96	0	0	0	0	0	0	28	0	0	77	0	0	0	0	11	0	0	0	0	0	0	0	0	26	0
26	18	0	41	0	105	0	18	26	0	18	0	0	0	0	0	54	36	0	18	63	93	54	11	101	0	0	0	0	18	0	48	18	30	85	0	23	0	18	38	0	32	0	28	30	0	0	0	46	0
0	0	0	23	0	101	0	0	0	0	0	0	0	0	0	0	41	15	0	0	53	88	41	0	97	0	0	0	0	0	0	32	0	4	79	0	0	0	0	18	0	8	0	0	4	0	0	0	30	0
0	0	0	20	0	101	0	0	0	0	0	0	0	0	0	0	40	11	0	0	52	88	40	0	97	0	0	0	0	0	0	30	0	0	78	0	0	0	0	15	0	4	0	0	0	0	0	0	28	0
36	30	8	49	11	107	18	30	36	11	30	0	4	15	0	0	60	45	0	30	68	95	60	26	103	8	0	11	0	30	0	54	30	40	88	0	34	0	30	46	18	41	18	38	40	0	0	11	53	0
36	30	8	49	11	107	18	30	36	11	30	0	4	15	0	0	60	45	0	30	68	95	60	26	103	8	0	11	0	30	0	54	30	40	88	0	34	0	30	46	18	41	18	38	40	0	0	11	53	0
30	23	0	45	0	106	8	23	30	0	23	0	0	4	0	0	56	40	0	23	65	94	56	18	102	0	0	0	0	23	0	51	23	34	86	0	28	0	23	41	8	36	8	32	34	0	0	0	49	0
0	0	0	0	0	97	0	0	0	0	0	0	0	0	0	0	20	0	0	0	38	82	20	0	92	0	0	0	0	0	0	4	0	0	71	0	0	0	0	0	0	0	0	0	0	0	0	0	0	0
36	30	8	49	11	107	18	30	36	11	30	0	4	15	0	0	60	45	0	30	68	95	60	26	103	8	0	11	0	30	0	54	30	40	88	0	34	0	30	46	18	41	18	38	40	0	0	11	53	0

0	11	32	0	30	0	26	11	0	30	11	36	34	28	36	41	0	0	36	11	0	0	0	18	0	32	36	30	36	11	36	0	11	0	0	36	4	36	11	0	26	0	26	0	0	36	36	30	0	36
0	0	26	0	23	0	18	0	0	23	0	30	28	20	30	35	0	0	30	0	0	0	0	8	0	26	30	23	30	0	30	0	0	0	0	30	0	30	0	0	18	0	18	0	0	30	30	23	0	30
0	0	0	0	0	0	0	0	0	0	0	8	4	0	8	16	0	0	8	0	0	0	0	0	0	0	8	0	8	0	8	0	0	0	0	8	0	8	0	0	0	0	0	0	0	8	8	0	0	8
26	32	46	0	45	0	41	32	26	45	32	49	48	43	49	53	0	11	49	32	0	0	0	36	0	46	49	45	49	32	49	0	32	20	0	49	28	49	32	8	41	18	41	23	20	49	49	45	0	49
0	0	4	0	0	0	0	0	0	0	0	11	8	0	11	19	0	0	11	0	0	0	0	0	0	4	11	0	11	0	11	0	0	0	0	11	0	11	0	0	0	0	0	0	0	11	11	0	0	11
102	103	106	98	106	0	105	103	102	106	103	107	106	105	107	108	94	100	107	103	90	56	94	104	28	106	107	106	107	103	107	96	103	101	72	107	102	107	103	99	105	100	105	101	101	107	107	106	97	107
0	0	11	0	8	0	0	0	0	8	0	18	15	4	18	24	0	0	18	0	0	0	0	0	0	11	18	8	18	0	18	0	0	0	0	18	0	18	0	0	0	0	0	0	0	18	18	8	0	18
0	0	26	0	23	0	18	0	0	23	0	30	28	20	30	35	0	0	30	0	0	0	0	8	0	26	30	23	30	0	30	0	0	0	0	30	0	30	0	0	18	0	18	0	0	30	30	23	0	30
0	11	32	0	30	0	26	11	0	30	11	36	34	28	36	41	0	0	36	11	0	0	0	18	0	32	36	30	36	11	36	0	11	0	0	36	4	36	11	0	26	0	26	0	0	36	36	30	0	36
0	0	4	0	0	0	0	0	0	0	0	11	8	0	11	19	0	0	11	0	0	0	0	0	0	4	11	0	11	0	11	0	0	0	0	11	0	11	0	0	0	0	0	0	0	11	11	0	0	11
0	0	26	0	23	0	18	0	0	23	0	30	28	20	30	35	0	0	30	0	0	0	0	8	0	26	30	23	30	0	30	0	0	0	0	30	0	30	0	0	18	0	18	0	0	30	30	23	0	30
0	0	0	0	0	0	0	0	0	0	0	0	0	0	0	10	0	0	0	0	0	0	0	0	0	0	0	0	0	0	0	0	0	0	0	0	0	0	0	0	0	0	0	0	0	0	0	0	0	0
0	0	0	0	0	0	0	0	0	0	0	4	0	0	4	13	0	0	4	0	0	0	0	0	0	0	4	0	4	0	4	0	0	0	0	4	0	4	0	0	0	0	0	0	0	4	4	0	0	4
0	0	8	0	4	0	0	0	0	4	0	15	11	0	15	22	0	0	15	0	0	0	0	0	0	8	15	4	15	0	15	0	0	0	0	15	0	15	0	0	0	0	0	0	0	15	15	4	0	15
0	0	0	0	0	0	0	0	0	0	0	0	0	0	0	10	0	0	0	0	0	0	0	0	0	0	0	0	0	0	0	0	0	0	0	0	0	0	0	0	0	0	0	0	0	0	0	0	0	0
0	0	0	0	0	0	0	0	0	0	0	0	0	0	0	0	0	0	0	0	0	0	0	0	0	0	0	0	0	0	0	0	0	0	0	0	0	0	0	0	0	0	0	0	0	0	0	0	0	0
43	48	57	28	56	0	54	48	43	56	48	60	59	56	60	63	0	34	60	48	0	0	0	51	0	57	60	56	60	48	60	18	48	40	0	60	45	60	48	32	54	38	54	41	40	60	60	56	20	60
18	26	41	0	40	0	36	26	18	40	26	45	43	38	45	48	0	0	45	26	0	0	0	30	0	41	45	40	45	26	45	0	26	11	0	45	20	45	26	0	36	8	36	15	11	45	45	40	0	45
0	0	0	0	0	0	0	0	0	0	0	0	0	0	0	10	0	0	0	0	0	0	0	0	0	0	0	0	0	0	0	0	0	0	0	0	0	0	0	0	0	0	0	0	0	0	0	0	0	0
0	0	26	0	23	0	18	0	0	23	0	30	28	20	30	35	0	0	30	0	0	0	0	8	0	26	30	23	30	0	30	0	0	0	0	30	0	30	0	0	18	0	18	0	0	30	30	23	0	30
54	57	66	43	65	0	63	57	54	65	57	68	67	64	68	70	26	48	68	57	0	0	26	60	0	66	68	65	68	57	68	36	57	52	0	68	56	68	57	46	63	51	63	53	52	68	68	65	38	68
89	90	94	84	94	0	93	90	89	94	90	95	95	93	95	97	78	86	95	90	72	0	78	91	0	94	95	94	95	90	95	81	90	88	40	95	89	95	90	85	93	87	93	88	88	95	95	94	82	95
43	48	57	28	56	0	54	48	43	56	48	60	59	56	60	63	0	34	60	48	0	0	0	51	0	57	60	56	60	48	60	18	48	40	0	60	45	60	48	32	54	38	54	41	40	60	60	56	20	60
0	0	20	0	18	0	11	0	0	18	0	26	23	15	26	31	0	0	26	0	0	0	0	0	0	20	26	18	26	0	26	0	0	0	0	26	0	26	0	0	11	0	11	0	0	26	26	18	0	26
98	99	103	94	102	0	101	99	98	102	99	103	103	102	103	104	89	95	103	99	85	45	89	100	0	103	103	102	103	99	103	92	99	97	63	103	98	103	99	95	101	96	101	97	97	103	103	102	92	103
0	0	0	0	0	0	0	0	0	0	0	8	4	0	8	16	0	0	8	0	0	0	0	0	0	0	8	0	8	0	8	0	0	0	0	8	0	8	0	0	0	0	0	0	0	8	8	0	0	8
0	0	0	0	0	0	0	0	0	0	0	0	0	0	0	10	0	0	0	0	0	0	0	0	0	0	0	0	0	0	0	0	0	0	0	0	0	0	0	0	0	0	0	0	0	0	0	0	0	0
0	0	4	0	0	0	0	0	0	0	0	11	8	0	11	19	0	0	11	0	0	0	0	0	0	4	11	0	11	0	11	0	0	0	0	11	0	11	0	0	0	0	0	0	0	11	11	0	0	11
0	0	0	0	0	0	0	0	0	0	0	0	0	0	0	10	0	0	0	0	0	0	0	0	0	0	0	0	0	0	0	0	0	0	0	0	0	0	0	0	0	0	0	0	0	0	0	0	0	0
0	0	26	0	23	0	18	0	0	23	0	30	28	20	30	35	0	0	30	0	0	0	0	8	0	26	30	23	30	0	30	0	0	0	0	30	0	30	0	0	18	0	18	0	0	30	30	23	0	30
0	0	0	0	0	0	0	0	0	0	0	0	0	0	0	10	0	0	0	0	0	0	0	0	0	0	0	0	0	0	0	0	0	0	0	0	0	0	0	0	0	0	0	0	0	0	0	0	0	0
34	40	52	15	51	0	48	40	34	51	40	54	53	49	54	56	0	23	54	40	0	0	0	43	0	52	54	51	54	40	54	0	40	30	0	54	36	54	40	20	48	28	48	32	30	54	54	51	4	54
0	0	26	0	23	0	18	0	0	23	0	30	28	20	30	35	0	0	30	0	0	0	0	8	0	26	30	23	30	0	30	0	0	0	0	30	0	30	0	0	18	0	18	0	0	30	30	23	0	30
8	18	36	0	34	0	30	18	8	34	18	40	38	32	40	44	0	0	40	18	0	0	0	23	0	36	40	34	40	18	40	0	18	0	0	40	11	40	18	0	30	0	30	4	0	40	40	34	0	40
79	81	86	73	86	0	85	81	79	86	81	88	87	85	88	89	65	76	88	81	56	0	65	83	0	86	88	86	88	81	88	70	81	78	0	88	80	88	81	75	85	77	85	79	78	88	88	86	71	88
0	0	0	0	0	0	0	0	0	0	0	0	0	0	0	10	0	0	0	0	0	0	0	0	0	0	0	0	0	0	0	0	0	0	0	0	0	0	0	0	0	0	0	0	0	0	0	0	0	0
0	8	30	0	28	0	23	8	0	28	8	34	32	26	34	39	0	0	34	8	0	0	0	15	0	30	34	28	34	8	34	0	8	0	0	34	0	34	8	0	23	0	23	0	0	34	34	28	0	34
0	0	0	0	0	0	0	0	0	0	0	0	0	0	0	10	0	0	0	0	0	0	0	0	0	0	0	0	0	0	0	0	0	0	0	0	0	0	0	0	0	0	0	0	0	0	0	0	0	0
0	0	26	0	23	0	18	0	0	23	0	30	28	20	30	35	0	0	30	0	0	0	0	8	0	26	30	23	30	0	30	0	0	0	0	30	0	30	0	0	18	0	18	0	0	30	30	23	0	30
20	28	43	0	41	0	38	28	20	41	28	46	45	40	46	50	0	4	46	28	0	0	0	32	0	43	46	41	46	28	46	0	28	15	0	46	23	46	28	0	38	11	38	18	15	46	46	41	0	46
0	0	11	0	8	0	0	0	0	8	0	18	15	4	18	24	0	0	18	0	0	0	0	0	0	11	18	8	18	0	18	0	0	0	0	18	0	18	0	0	0	0	0	0	0	18	18	8	0	18
11	20	38	0	36	0	32	20	11	36	20	41	40	34	41	45	0	0	41	20	0	0	0	26	0	38	41	36	41	20	41	0	20	4	0	41	15	41	20	0	32	0	32	8	4	41	41	36	0	41
0	0	11	0	8	0	0	0	0	8	0	18	15	4	18	24	0	0	18	0	0	0	0	0	0	11	18	8	18	0	18	0	0	0	0	18	0	18	0	0	0	0	0	0	0	18	18	8	0	18
4	15	34	0	32	0	28	15	4	32	15	38	36	30	38	42	0	0	38	15	0	0	0	20	0	34	38	32	38	15	38	0	15	0	0	38	8	38	15	0	28	0	28	0	0	38	38	32	0	38
8	18	36	0	34	0	30	18	8	34	18	40	38	32	40	44	0	0	40	18	0	0	0	23	0	36	40	34	40	18	40	0	18	0	0	40	11	40	18	0	30	0	30	4	0	40	40	34	0	40
0	0	0	0	0	0	0	0	0	0	0	0	0	0	0	10	0	0	0	0	0	0	0	0	0	0	0	0	0	0	0	0	0	0	0	0	0	0	0	0	0	0	0	0	0	0	0	0	0	0
0	0	0	0	0	0	0	0	0	0	0	0	0	0	0	10	0	0	0	0	0	0	0	0	0	0	0	0	0	0	0	0	0	0	0	0	0	0	0	0	0	0	0	0	0	0	0	0	0	0
0	0	4	0	0	0	0	0	0	0	0	11	8	0	11	19	0	0	11	0	0	0	0	0	0	4	11	0	11	0	11	0	0	0	0	11	0	11	0	0	0	0	0	0	0	11	11	0	0	11
32	38	51	11	49	0	46	38	32	49	38	53	52	48	53	56	0	20	53	38	0	0	0	41	0	51	53	49	53	38	53	0	38	28	0	53	34	53	38	18	46	26	46	30	28	53	53	49	0	53
0	0	0	0	0	0	0	0	0	0	0	0	0	0	0	10	0	0	0	0	0	0	0	0	0	0	0	0	0	0	0	0	0	0	0	0	0	0	0	0	0	0	0	0	0	0	0	0	0	0