795 755 876 709 884 809 656 735 794 646 701 448 828 861 814 797 765 718 821 836 815 716 707 891 747 684 633 722 857 829 876 526 808 648 869 238 832 742 818 853 902 823 709 775 861 864 692 843 692 862

84

23 23 21 24 21 22 25 23 23 25 24 28 22 22 22 23 23 24 22 22 22 24 24 21 23 24 25 24 22 22 21 26 22 25 22 31 22 23 22 22 21 22 24 23 22 22 24 22 24 22

21.98579169546541 19.982279772234815 24.966317628166475 33.000142596199204

9636

0	218	78	261	0	247	273	239	218	276	265	276	0	0	248	242	227	247	171	0	0	0	247	0	249	269	0	0	0	149	0	0	208	0	0	278	239	0	248	120	0	235	0	264	0	0	185	171	257	234
0	0	0	241	0	216	258	198	30	263	247	263	0	0	219	206	161	216	0	0	0	0	217	0	219	254	0	0	0	0	0	0	0	0	0	265	198	0	219	0	0	186	0	246	0	0	0	0	234	185
0	216	0	261	0	246	272	238	217	276	264	276	0	0	248	242	227	246	166	0	0	0	247	0	248	269	0	0	0	141	0	0	206	0	0	277	238	0	248	104	0	234	0	264	0	0	182	166	256	233
0	0	0	0	0	0	209	0	0	224	154	224	0	0	0	0	0	0	0	0	0	0	0	0	0	194	0	0	0	0	0	0	0	0	0	227	0	0	0	0	0	0	0	146	0	0	0	0	0	0
184	234	187	268	0	256	278	250	234	281	271	281	0	0	257	252	241	256	208	146	0	0	256	146	257	275	173	0	0	200	162	0	227	0	0	282	250	0	257	192	146	246	0	270	153	151	214	208	264	246
0	0	0	206	0	0	237	0	0	246	217	246	0	0	100	0	0	0	0	0	0	0	48	0	104	229	0	0	0	0	0	0	0	0	0	248	0	0	100	0	0	0	0	215	0	0	0	0	188	0
0	0	0	0	0	0	0	0	0	171	0	171	0	0	0	0	0	0	0	0	0	0	0	0	0	0	0	0	0	0	0	0	0	0	0	184	0	0	0	0	0	0	0	0	0	0	0	0	0	0
0	0	0	221	0	171	246	0	0	252	229	252	0	0	178	132	0	168	0	0	0	0	172	0	179	240	0	0	0	0	0	0	0	0	0	254	0	0	178	0	0	0	0	227	0	0	0	0	210	0
0	0	0	241	0	216	258	198	0	263	247	263	0	0	219	206	160	215	0	0	0	0	217	0	219	254	0	0	0	0	0	0	0	0	0	265	198	0	219	0	0	186	0	246	0	0	0	0	234	185
0	0	0	0	0	0	0	0	0	0	0	0	0	0	0	0	0	0	0	0	0	0	0	0	0	0	0	0	0	0	0	0	0	0	0	128	0	0	0	0	0	0	0	0	0	0	0	0	0	0
0	0	0	0	0	0	195	0	0	214	0	214	0	0	0	0	0	0	0	0	0	0	0	0	0	172	0	0	0	0	0	0	0	0	0	220	0	0	0	0	0	0	0	0	0	0	0	0	0	0
0	0	0	0	0	0	0	0	0	0	0	0	0	0	0	0	0	0	0	0	0	0	0	0	0	0	0	0	0	0	0	0	0	0	0	128	0	0	0	0	0	0	0	0	0	0	0	0	0	0
186	235	189	268	60	256	278	250	235	281	271	281	0	0	258	252	242	256	209	151	0	0	257	151	258	275	176	0	0	200	165	0	227	0	0	283	250	0	258	194	151	247	0	271	157	154	215	209	264	247
191	237	194	269	114	258	279	250	237	282	272	282	104	0	259	254	243	257	212	162	0	0	258	162	259	276	183	0	30	204	174	0	231	0	90	283	250	0	259	199	162	248	0	271	167	165	218	212	265	248
0	0	0	202	0	0	236	0	0	244	214	244	0	0	0	0	0	0	0	0	0	0	0	0	30	227	0	0	0	0	0	0	0	0	0	247	0	0	0	0	0	0	0	212	0	0	0	0	182	0
0	0	0	216	0	149	242	0	0	250	225	250	0	0	160	0	0	145	0	0	0	0	152	0	161	236	0	0	0	0	0	0	0	0	0	252	0	0	160	0	0	0	0	224	0	0	0	0	202	0
0	0	0	234	0	202	252	175	0	259	240	259	0	0	206	188	0	200	0	0	0	0	202	0	206	248	0	0	0	0	0	0	0	0	0	261	175	0	206	0	0	152	0	239	0	0	0	0	225	149
0	0	0	206	0	60	238	0	0	246	218	246	0	0	111	0	0	0	0	0	0	0	78	0	114	231	0	0	0	0	0	0	0	0	0	249	0	0	111	0	0	0	0	216	0	0	0	0	189	0
0	200	0	256	0	239	268	229	200	273	259	273	0	0	241	233	215	239	0	0	0	0	239	0	241	265	0	0	0	0	0	0	185	0	0	274	229	0	241	0	0	224	0	259	0	0	132	0	250	223
161	227	166	265	0	252	276	246	227	279	268	279	0	0	254	249	236	252	196	0	0	0	252	0	254	273	141	0	0	185	114	0	221	0	0	281	246	0	254	175	0	242	0	268	78	60	204	196	261	242
202	241	204	271	160	261	280	254	241	284	274	284	157	143	261	257	247	260	220	183	0	0	261	183	262	278	197	0	145	214	191	0	236	0	153	285	254	0	261	209	183	252	0	274	186	185	225	220	268	252
229	254	229	278	210	269	286	264	254	289	280	289	209	204	270	266	258	269	239	218	193	0	269	218	270	284	225	0	204	235	222	0	250	185	208	290	264	0	270	231	218	262	0	280	220	219	242	239	275	262
0	0	0	204	0	0	237	0	0	245	216	245	0	0	90	0	0	0	0	0	0	0	0	0	95	229	0	0	0	0	0	0	0	0	0	248	0	0	90	0	0	0	0	215	0	0	0	0	186	0
161	227	166	265	0	252	276	246	227	279	268	279	0	0	254	249	236	252	196	0	0	0	252	0	254	273	141	0	0	185	114	0	221	0	0	281	246	0	254	175	0	242	0	268	78	60	204	196	261	242
0	0	0	202	0	0	235	0	0	244	214	244	0	0	0	0	0	0	0	0	0	0	0	0	0	227	0	0	0	0	0	0	0	0	0	247	0	0	0	0	0	0	0	212	0	0	0	0	181	0
0	0	0	0	0	0	157	0	0	194	0	194	0	0	0	0	0	0	0	0	0	0	0	0	0	0	0	0	0	0	0	0	0	0	0	202	0	0	0	0	0	0	0	0	0	0	0	0	0	0
120	222	132	263	0	249	274	242	222	278	266	278	0	0	250	245	231	249	182	0	0	0	250	0	250	271	0	0	0	166	0	0	213	0	0	279	242	0	250	149	0	238	0	266	0	0	193	182	259	237
239	259	239	281	224	273	289	269	260	292	284	292	224	221	274	271	264	273	247	231	213	171	273	231	274	287	236	0	221	244	233	0	256	208	223	292	269	159	274	241	231	267	118	283	231	231	250	247	279	267
191	236	193	269	111	258	279	250	237	282	272	282	100	0	259	254	243	257	212	161	0	0	258	161	259	276	182	0	0	204	173	0	229	0	85	283	250	0	259	198	161	248	0	271	166	164	218	212	265	248
0	208	0	258	0	242	270	233	209	274	262	274	0	0	244	237	221	242	132	0	0	0	243	0	244	267	0	0	0	0	0	0	196	0	0	276	233	0	244	0	0	229	0	261	0	0	161	132	252	227
145	225	152	264	0	250	275	244	225	278	267	278	0	0	252	247	234	250	189	0	0	0	250	0	252	272	111	0	0	176	0	0	217	0	0	280	244	0	252	163	0	240	0	267	0	0	199	189	260	239
249	266	249	285	238	278	292	274	266	295	287	295	237	235	279	276	270	278	254	243	229	206	278	243	279	290	247	181	236	252	245	0	263	225	237	296	274	200	279	250	243	272	190	287	243	243	258	254	283	272
0	149	0	246	0	225	261	210	151	266	250	266	0	0	227	216	185	224	0	0	0	0	225	0	227	257	0	0	0	0	0	0	0	0	0	268	210	0	227	0	0	200	0	250	0	0	0	0	240	200
209	244	211	273	175	262	282	257	244	285	275	285	172	163	263	259	250	262	224	192	123	0	262	192	263	279	204	0	164	219	199	0	239	0	170	286	257	0	263	214	192	254	0	275	195	194	229	224	269	254
188	235	190	268	85	257	278	250	235	282	271	282	60	0	258	252	242	256	210	154	0	0	257	154	258	276	178	0	0	202	168	0	229	0	0	283	250	0	258	195	154	247	0	271	160	158	216	210	265	247
0	0	0	0	0	0	0	0	0	0	0	0	0	0	0	0	0	0	0	0	0	0	0	0	0	0	0	0	0	0	0	0	0	0	0	0	0	0	0	0	0	0	0	0	0	0	0	0	0	0
0	0	0	221	0	171	246	0	0	252	229	252	0	0	178	132	0	168	0	0	0	0	172	0	179	240	0	0	0	0	0	0	0	0	0	254	0	0	178	0	0	0	0	227	0	0	0	0	210	0
231	254	231	279	214	270	287	265	254	289	281	289	213	209	271	267	260	270	241	222	199	111	270	222	271	284	227	0	210	237	225	0	250	191	212	290	265	0	271	234	222	263	0	281	223	223	244	241	276	263
0	0	0	202	0	0	236	0	0	244	214	244	0	0	0	0	0	0	0	0	0	0	0	0	30	227	0	0	0	0	0	0	0	0	0	247	0	0	0	0	0	0	0	212	0	0	0	0	182	0
0	213	0	260	0	245	271	236	214	275	263	275	0	0	246	240	225	244	156	0	0	0	245	0	246	268	0	0	0	120	0	0	202	0	0	277	236	0	246	0	0	231	0	263	0	0	175	156	254	231
161	227	166	265	0	252	276	246	227	279	268	279	0	0	254	249	236	252	196	0	0	0	252	0	254	273	141	0	0	185	114	0	221	0	0	281	246	0	254	175	0	242	0	268	78	60	204	196	261	242
0	0	0	227	0	187	249	138	0	256	234	256	0	0	192	164	0	185	0	0	0	0	188	0	192	244	0	0	0	0	0	0	0	0	0	258	138	0	192	0	0	0	0	233	0	0	0	0	217	0
236	258	237	280	221	272	288	268	258	291	283	291	220	217	273	269	262	272	245	227	209	157	272	227	273	286	233	0	217	241	231	0	254	202	219	292	268	140	273	239	227	265	0	282	229	227	248	245	278	265
0	0	0	0	0	0	198	0	0	216	85	216	0	0	0	0	0	0	0	0	0	0	0	0	0	177	0	0	0	0	0	0	0	0	0	221	0	0	0	0	0	0	0	0	0	0	0	0	0	0
156	227	161	265	0	252	275	245	227	279	268	279	0	0	252	248	235	252	193	0	0	0	252	0	252	272	132	0	0	182	95	0	219	0	0	280	245	0	252	171	0	241	0	267	0	0	202	193	261	241
158	227	163	265	0	252	275	245	227	279	268	279	0	0	252	248	236	252	194	0	0	0	252	0	254	273	136	0	0	183	104	0	220	0	0	280	245	0	252	172	0	241	0	268	48	0	202	194	261	241
0	191	0	252	0	235	266	225	191	271	257	271	0	0	237	229	208	235	0	0	0	0	236	0	237	263	0	0	0	0	0	0	171	0	0	272	225	0	237	0	0	218	0	256	0	0	0	0	248	218
0	200	0	256	0	239	268	229	200	273	259	273	0	0	241	233	215	239	0	0	0	0	239	0	241	265	0	0	0	0	0	0	185	0	0	274	229	0	241	0	0	224	0	259	0	0	132	0	250	223
0	0	0	160	0	0	221	0	0	233	187	233	0	0	0	0	0	0	0	0	0	0	0	0	0	210	0	0	0	0	0	0	0	0	0	236	0	0	0	0	0	0	0	183	0	0	0	0	0	0
0	0	0	227	0	188	249	141	0	256	235	256	0	0	193	166	0	186	0	0	0	0	189	0	193	244	0	0	0	0	0	0	0	0	0	258	141	0	193	0	0	48	0	234	0	0	0	0	218	0

0	0	0	0	184	0	0	0	0	0	0	0	186	191	0	0	0	0	0	161	202	229	0	161	0	0	120	239	191	0	145	249	0	209	188	0	0	231	0	0	161	0	236	0	156	158	0	0	0	0
218	0	216	0	234	0	0	0	0	0	0	0	235	237	0	0	0	0	200	227	241	254	0	227	0	0	222	259	236	208	225	266	149	244	235	0	0	254	0	213	227	0	258	0	227	227	191	200	0	0
78	0	0	0	187	0	0	0	0	0	0	0	189	194	0	0	0	0	0	166	204	229	0	166	0	0	132	239	193	0	152	249	0	211	190	0	0	231	0	0	166	0	237	0	161	163	0	0	0	0
261	241	261	0	268	206	0	221	241	0	0	0	268	269	202	216	234	206	256	265	271	278	204	265	202	0	263	281	269	258	264	285	246	273	268	0	221	279	202	260	265	227	280	0	265	265	252	256	160	227
0	0	0	0	0	0	0	0	0	0	0	0	60	114	0	0	0	0	0	0	160	210	0	0	0	0	0	224	111	0	0	238	0	175	85	0	0	214	0	0	0	0	221	0	0	0	0	0	0	0
247	216	246	0	256	0	0	171	216	0	0	0	256	258	0	149	202	60	239	252	261	269	0	252	0	0	249	273	258	242	250	278	225	262	257	0	171	270	0	245	252	187	272	0	252	252	235	239	0	188
273	258	272	209	278	237	0	246	258	0	195	0	278	279	236	242	252	238	268	276	280	286	237	276	235	157	274	289	279	270	275	292	261	282	278	0	246	287	236	271	276	249	288	198	275	275	266	268	221	249
239	198	238	0	250	0	0	0	198	0	0	0	250	250	0	0	175	0	229	246	254	264	0	246	0	0	242	269	250	233	244	274	210	257	250	0	0	265	0	236	246	138	268	0	245	245	225	229	0	141
218	30	217	0	234	0	0	0	0	0	0	0	235	237	0	0	0	0	200	227	241	254	0	227	0	0	222	260	237	209	225	266	151	244	235	0	0	254	0	214	227	0	258	0	227	227	191	200	0	0
276	263	276	224	281	246	171	252	263	0	214	0	281	282	244	250	259	246	273	279	284	289	245	279	244	194	278	292	282	274	278	295	266	285	282	0	252	289	244	275	279	256	291	216	279	279	271	273	233	256
265	247	264	154	271	217	0	229	247	0	0	0	271	272	214	225	240	218	259	268	274	280	216	268	214	0	266	284	272	262	267	287	250	275	271	0	229	281	214	263	268	234	283	85	268	268	257	259	187	235
276	263	276	224	281	246	171	252	263	0	214	0	281	282	244	250	259	246	273	279	284	289	245	279	244	194	278	292	282	274	278	295	266	285	282	0	252	289	244	275	279	256	291	216	279	279	271	273	233	256
0	0	0	0	0	0	0	0	0	0	0	0	0	104	0	0	0	0	0	0	157	209	0	0	0	0	0	224	100	0	0	237	0	172	60	0	0	213	0	0	0	0	220	0	0	0	0	0	0	0
0	0	0	0	0	0	0	0	0	0	0	0	0	0	0	0	0	0	0	0	143	204	0	0	0	0	0	221	0	0	0	235	0	163	0	0	0	209	0	0	0	0	217	0	0	0	0	0	0	0
248	219	248	0	257	100	0	178	219	0	0	0	258	259	0	160	206	111	241	254	261	270	90	254	0	0	250	274	259	244	252	279	227	263	258	0	178	271	0	246	254	192	273	0	252	252	237	241	0	193
242	206	242	0	252	0	0	132	206	0	0	0	252	254	0	0	188	0	233	249	257	266	0	249	0	0	245	271	254	237	247	276	216	259	252	0	132	267	0	240	249	164	269	0	248	248	229	233	0	166
227	161	227	0	241	0	0	0	160	0	0	0	242	243	0	0	0	0	215	236	247	258	0	236	0	0	231	264	243	221	234	270	185	250	242	0	0	260	0	225	236	0	262	0	235	236	208	215	0	0
247	216	246	0	256	0	0	168	215	0	0	0	256	257	0	145	200	0	239	252	260	269	0	252	0	0	249	273	257	242	250	278	224	262	256	0	168	270	0	244	252	185	272	0	252	252	235	239	0	186
171	0	166	0	208	0	0	0	0	0	0	0	209	212	0	0	0	0	0	196	220	239	0	196	0	0	182	247	212	132	189	254	0	224	210	0	0	241	0	156	196	0	245	0	193	194	0	0	0	0
0	0	0	0	146	0	0	0	0	0	0	0	151	162	0	0	0	0	0	0	183	218	0	0	0	0	0	231	161	0	0	243	0	192	154	0	0	222	0	0	0	0	227	0	0	0	0	0	0	0
0	0	0	0	0	0	0	0	0	0	0	0	0	0	0	0	0	0	0	0	0	193	0	0	0	0	0	213	0	0	0	229	0	123	0	0	0	199	0	0	0	0	209	0	0	0	0	0	0	0
0	0	0	0	0	0	0	0	0	0	0	0	0	0	0	0	0	0	0	0	0	0	0	0	0	0	0	171	0	0	0	206	0	0	0	0	0	111	0	0	0	0	157	0	0	0	0	0	0	0
247	217	247	0	256	48	0	172	217	0	0	0	257	258	0	152	202	78	239	252	261	269	0	252	0	0	250	273	258	243	250	278	225	262	257	0	172	270	0	245	252	188	272	0	252	252	236	239	0	189
0	0	0	0	146	0	0	0	0	0	0	0	151	162	0	0	0	0	0	0	183	218	0	0	0	0	0	231	161	0	0	243	0	192	154	0	0	222	0	0	0	0	227	0	0	0	0	0	0	0
249	219	248	0	257	104	0	179	219	0	0	0	258	259	30	161	206	114	241	254	262	270	95	254	0	0	250	274	259	244	252	279	227	263	258	0	179	271	30	246	254	192	273	0	252	254	237	241	0	193
269	254	269	194	275	229	0	240	254	0	172	0	275	276	227	236	248	231	265	273	278	284	229	273	227	0	271	287	276	267	272	290	257	279	276	0	240	284	227	268	273	244	286	177	272	273	263	265	210	244
0	0	0	0	173	0	0	0	0	0	0	0	176	183	0	0	0	0	0	141	197	225	0	141	0	0	0	236	182	0	111	247	0	204	178	0	0	227	0	0	141	0	233	0	132	136	0	0	0	0
0	0	0	0	0	0	0	0	0	0	0	0	0	0	0	0	0	0	0	0	0	0	0	0	0	0	0	0	0	0	0	181	0	0	0	0	0	0	0	0	0	0	0	0	0	0	0	0	0	0
0	0	0	0	0	0	0	0	0	0	0	0	0	30	0	0	0	0	0	0	145	204	0	0	0	0	0	221	0	0	0	236	0	164	0	0	0	210	0	0	0	0	217	0	0	0	0	0	0	0
149	0	141	0	200	0	0	0	0	0	0	0	200	204	0	0	0	0	0	185	214	235	0	185	0	0	166	244	204	0	176	252	0	219	202	0	0	237	0	120	185	0	241	0	182	183	0	0	0	0
0	0	0	0	162	0	0	0	0	0	0	0	165	174	0	0	0	0	0	114	191	222	0	114	0	0	0	233	173	0	0	245	0	199	168	0	0	225	0	0	114	0	231	0	95	104	0	0	0	0
0	0	0	0	0	0	0	0	0	0	0	0	0	0	0	0	0	0	0	0	0	0	0	0	0	0	0	0	0	0	0	0	0	0	0	0	0	0	0	0	0	0	0	0	0	0	0	0	0	0
208	0	206	0	227	0	0	0	0	0	0	0	227	231	0	0	0	0	185	221	236	250	0	221	0	0	213	256	229	196	217	263	0	239	229	0	0	250	0	202	221	0	254	0	219	220	171	185	0	0
0	0	0	0	0	0	0	0	0	0	0	0	0	0	0	0	0	0	0	0	0	185	0	0	0	0	0	208	0	0	0	225	0	0	0	0	0	191	0	0	0	0	202	0	0	0	0	0	0	0
0	0	0	0	0	0	0	0	0	0	0	0	0	90	0	0	0	0	0	0	153	208	0	0	0	0	0	223	85	0	0	237	0	170	0	0	0	212	0	0	0	0	219	0	0	0	0	0	0	0
278	265	277	227	282	248	184	254	265	128	220	128	283	283	247	252	261	249	274	281	285	290	248	281	247	202	279	292	283	276	280	296	268	286	283	0	254	290	247	277	281	258	292	221	280	280	272	274	236	258
239	198	238	0	250	0	0	0	198	0	0	0	250	250	0	0	175	0	229	246	254	264	0	246	0	0	242	269	250	233	244	274	210	257	250	0	0	265	0	236	246	138	268	0	245	245	225	229	0	141
0	0	0	0	0	0	0	0	0	0	0	0	0	0	0	0	0	0	0	0	0	0	0	0	0	0	0	159	0	0	0	200	0	0	0	0	0	0	0	0	0	0	140	0	0	0	0	0	0	0
248	219	248	0	257	100	0	178	219	0	0	0	258	259	0	160	206	111	241	254	261	270	90	254	0	0	250	274	259	244	252	279	227	263	258	0	178	271	0	246	254	192	273	0	252	252	237	241	0	193
120	0	104	0	192	0	0	0	0	0	0	0	194	199	0	0	0	0	0	175	209	231	0	175	0	0	149	241	198	0	163	250	0	214	195	0	0	234	0	0	175	0	239	0	171	172	0	0	0	0
0	0	0	0	146	0	0	0	0	0	0	0	151	162	0	0	0	0	0	0	183	218	0	0	0	0	0	231	161	0	0	243	0	192	154	0	0	222	0	0	0	0	227	0	0	0	0	0	0	0
235	186	234	0	246	0	0	0	186	0	0	0	247	248	0	0	152	0	224	242	252	262	0	242	0	0	238	267	248	229	240	272	200	254	247	0	0	263	0	231	242	0	265	0	241	241	218	224	0	48
0	0	0	0	0	0	0	0	0	0	0	0	0	0	0	0	0	0	0	0	0	0	0	0	0	0	0	118	0	0	0	190	0	0	0	0	0	0	0	0	0	0	0	0	0	0	0	0	0	0
264	246	264	146	270	215	0	227	246	0	0	0	271	271	212	224	239	216	259	268	274	280	215	268	212	0	266	283	271	261	267	287	250	275	271	0	227	281	212	263	268	233	282	0	267	268	256	259	183	234
0	0	0	0	153	0	0	0	0	0	0	0	157	167	0	0	0	0	0	78	186	220	0	78	0	0	0	231	166	0	0	243	0	195	160	0	0	223	0	0	78	0	229	0	0	48	0	0	0	0
0	0	0	0	151	0	0	0	0	0	0	0	154	165	0	0	0	0	0	60	185	219	0	60	0	0	0	231	164	0	0	243	0	194	158	0	0	223	0	0	60	0	227	0	0	0	0	0	0	0
185	0	182	0	214	0	0	0	0	0	0	0	215	218	0	0	0	0	132	204	225	242	0	204	0	0	193	250	218	161	199	258	0	229	216	0	0	244	0	175	204	0	248	0	202	202	0	132	0	0
171	0	166	0	208	0	0	0	0	0	0	0	209	212	0	0	0	0	0	196	220	239	0	196	0	0	182	247	212	132	189	254	0	224	210	0	0	241	0	156	196	0	245	0	193	194	0	0	0	0
257	234	256	0	264	188	0	210	234	0	0	0	264	265	182	202	225	189	250	261	268	275	186	261	181	0	259	279	265	252	260	283	240	269	265	0	210	276	182	254	261	217	278	0	261	261	248	250	0	218
234	185	233	0	246	0	0	0	185	0	0	0	247	248	0	0	149	0	223	242	252	262	0	242	0	0	237	267	248	227	239	272	200	254	247	0	0	263	0	231	242	0	265	0	241	241	218	223	0	0

0	0	0	0	0	0	0	0	0	0	0	45	0	0	0	0	0	0	0	0	0	0	0	0	0	0	41	0	0	0	0	0	0	0	0	89	0	0	0	0	0	0	0	0	0	0	0	0	0	0
70	0	34	40	48	26	30	68	15	46	48	84	4	48	48	48	4	66	30	0	36	4	70	45	0	11	82	30	26	10	32	70	48	70	30	107	48	30	0	11	18	48	23	18	48	0	68	30	60	26
57	0	0	11	26	0	0	56	0	23	26	75	0	26	26	26	0	53	0	0	4	0	57	20	0	0	73	0	0	0	0	57	26	57	0	102	26	0	0	0	0	26	0	0	26	0	56	0	45	0
54	0	0	0	18	0	0	52	0	15	18	73	0	18	18	18	0	49	0	0	0	0	54	11	0	0	71	0	0	0	0	54	18	54	0	101	18	0	0	0	0	18	0	0	18	0	52	0	40	0
48	0	0	0	0	0	0	45	0	0	0	69	0	0	0	0	0	41	0	0	0	0	48	0	0	0	66	0	0	0	0	48	0	48	0	99	0	0	0	0	0	0	0	0	0	0	45	0	30	0
62	0	15	23	34	0	8	60	0	32	34	78	0	34	34	34	0	57	8	0	18	0	62	30	0	0	76	8	0	0	11	62	34	62	8	104	34	8	0	0	0	34	0	0	34	0	60	8	51	0
60	0	8	18	30	0	0	57	0	28	30	77	0	30	30	30	0	56	0	0	11	0	60	26	0	0	75	0	0	0	4	60	30	60	0	103	30	0	0	0	0	30	0	0	30	0	57	0	48	0
8	0	0	0	0	0	0	0	0	0	0	48	0	0	0	0	0	0	0	0	0	0	8	0	0	0	45	0	0	0	0	8	0	8	0	90	0	0	0	0	0	0	0	0	0	0	0	0	0	0
66	0	26	32	41	15	20	64	0	40	41	81	0	41	41	41	0	62	20	0	28	0	66	38	0	0	79	20	15	0	23	66	41	66	20	105	41	20	0	0	4	41	11	4	41	0	64	20	56	15
49	0	0	0	4	0	0	46	0	0	4	69	0	4	4	4	0	43	0	0	0	0	49	0	0	0	67	0	0	0	0	49	4	49	0	99	4	0	0	0	0	4	0	0	4	0	46	0	32	0
48	0	0	0	0	0	0	45	0	0	0	69	0	0	0	0	0	41	0	0	0	0	48	0	0	0	66	0	0	0	0	48	0	48	0	99	0	0	0	0	0	0	0	0	0	0	45	0	30	0
0	0	0	0	0	0	0	0	0	0	0	0	0	0	0	0	0	0	0	0	0	0	0	0	0	0	0	0	0	0	0	0	0	0	0	77	0	0	0	0	0	0	0	0	0	0	0	0	0	0
69	0	32	38	46	23	28	67	11	45	46	83	0	46	46	46	0	65	28	0	34	0	69	43	0	8	81	28	23	6	30	69	46	69	28	106	46	28	0	8	15	46	20	15	46	0	67	28	59	23
48	0	0	0	0	0	0	45	0	0	0	69	0	0	0	0	0	41	0	0	0	0	48	0	0	0	66	0	0	0	0	48	0	48	0	99	0	0	0	0	0	0	0	0	0	0	45	0	30	0
48	0	0	0	0	0	0	45	0	0	0	69	0	0	0	0	0	41	0	0	0	0	48	0	0	0	66	0	0	0	0	48	0	48	0	99	0	0	0	0	0	0	0	0	0	0	45	0	30	0
48	0	0	0	0	0	0	45	0	0	0	69	0	0	0	0	0	41	0	0	0	0	48	0	0	0	66	0	0	0	0	48	0	48	0	99	0	0	0	0	0	0	0	0	0	0	45	0	30	0
69	0	32	38	46	23	28	67	11	45	46	83	0	46	46	46	0	65	28	0	34	0	69	43	0	8	81	28	23	6	30	69	46	69	28	106	46	28	0	8	15	46	20	15	46	0	67	28	59	23
15	0	0	0	0	0	0	8	0	0	0	51	0	0	0	0	0	0	0	0	0	0	15	0	0	0	48	0	0	0	0	15	0	15	0	91	0	0	0	0	0	0	0	0	0	0	8	0	0	0
60	0	8	18	30	0	0	57	0	28	30	77	0	30	30	30	0	56	0	0	11	0	60	26	0	0	75	0	0	0	4	60	30	60	0	103	30	0	0	0	0	30	0	0	30	0	57	0	48	0
72	10	39	44	51	31	35	70	22	50	51	85	13	51	51	51	13	69	35	0	41	13	72	48	0	19	84	35	31	18	37	72	51	72	35	108	51	35	2	19	24	51	28	24	51	10	70	35	63	31
56	0	0	8	23	0	0	54	0	20	23	74	0	23	23	23	0	52	0	0	0	0	56	18	0	0	72	0	0	0	0	56	23	56	0	102	23	0	0	0	0	23	0	0	23	0	54	0	43	0
69	0	32	38	46	23	28	67	11	45	46	83	0	46	46	46	0	65	28	0	34	0	69	43	0	8	81	28	23	6	30	69	46	69	28	106	46	28	0	8	15	46	20	15	46	0	67	28	59	23
0	0	0	0	0	0	0	0	0	0	0	45	0	0	0	0	0	0	0	0	0	0	0	0	0	0	41	0	0	0	0	0	0	0	0	89	0	0	0	0	0	0	0	0	0	0	0	0	0	0
51	0	0	0	8	0	0	48	0	4	8	70	0	8	8	8	0	45	0	0	0	0	51	0	0	0	68	0	0	0	0	51	8	51	0	100	8	0	0	0	0	8	0	0	8	0	48	0	34	0
74	16	42	47	54	35	39	72	27	53	54	86	19	54	54	54	19	70	39	8	44	19	74	51	0	24	85	39	35	23	41	74	54	74	39	108	54	39	10	24	28	54	33	28	54	16	72	39	65	35
67	0	28	34	43	18	23	65	4	41	43	82	0	43	43	43	0	63	23	0	30	0	67	40	0	0	80	23	18	0	26	67	43	67	23	106	43	23	0	0	8	43	15	8	43	0	65	23	56	18
0	0	0	0	0	0	0	0	0	0	0	10	0	0	0	0	0	0	0	0	0	0	0	0	0	0	0	0	0	0	0	0	0	0	0	79	0	0	0	0	0	0	0	0	0	0	0	0	0	0
60	0	8	18	30	0	0	57	0	28	30	77	0	30	30	30	0	56	0	0	11	0	60	26	0	0	75	0	0	0	4	60	30	60	0	103	30	0	0	0	0	30	0	0	30	0	57	0	48	0
62	0	15	23	34	0	8	60	0	32	34	78	0	34	34	34	0	57	8	0	18	0	62	30	0	0	76	8	0	0	11	62	34	62	8	104	34	8	0	0	0	34	0	0	34	0	60	8	51	0
68	0	28	35	44	19	24	66	6	42	44	82	0	44	44	44	0	64	24	0	31	0	68	41	0	2	80	24	19	0	27	68	44	68	24	106	44	24	0	2	10	44	16	10	44	0	66	24	56	19
59	0	4	15	28	0	0	56	0	26	28	76	0	28	28	28	0	54	0	0	8	0	59	23	0	0	74	0	0	0	0	59	28	59	0	103	28	0	0	0	0	28	0	0	28	0	56	0	46	0
0	0	0	0	0	0	0	0	0	0	0	45	0	0	0	0	0	0	0	0	0	0	0	0	0	0	41	0	0	0	0	0	0	0	0	89	0	0	0	0	0	0	0	0	0	0	0	0	0	0
48	0	0	0	0	0	0	45	0	0	0	69	0	0	0	0	0	41	0	0	0	0	48	0	0	0	66	0	0	0	0	48	0	48	0	99	0	0	0	0	0	0	0	0	0	0	45	0	30	0
0	0	0	0	0	0	0	0	0	0	0	45	0	0	0	0	0	0	0	0	0	0	0	0	0	0	41	0	0	0	0	0	0	0	0	89	0	0	0	0	0	0	0	0	0	0	0	0	0	0
60	0	8	18	30	0	0	57	0	28	30	77	0	30	30	30	0	56	0	0	11	0	60	26	0	0	75	0	0	0	4	60	30	60	0	103	30	0	0	0	0	30	0	0	30	0	57	0	48	0
0	0	0	0	0	0	0	0	0	0	0	0	0	0	0	0	0	0	0	0	0	0	0	0	0	0	0	0	0	0	0	0	0	0	0	0	0	0	0	0	0	0	0	0	0	0	0	0	0	0
48	0	0	0	0	0	0	45	0	0	0	69	0	0	0	0	0	41	0	0	0	0	48	0	0	0	66	0	0	0	0	48	0	48	0	99	0	0	0	0	0	0	0	0	0	0	45	0	30	0
60	0	8	18	30	0	0	57	0	28	30	77	0	30	30	30	0	56	0	0	11	0	60	26	0	0	75	0	0	0	4	60	30	60	0	103	30	0	0	0	0	30	0	0	30	0	57	0	48	0
72	8	38	43	51	30	34	70	20	49	51	85	11	51	51	51	11	68	34	0	40	11	72	48	0	18	83	34	30	16	36	72	51	72	34	108	51	34	0	18	23	51	28	23	51	8	70	34	62	30
67	0	28	34	43	18	23	65	4	41	43	82	0	43	43	43	0	63	23	0	30	0	67	40	0	0	80	23	18	0	26	67	43	67	23	106	43	23	0	0	8	43	15	8	43	0	65	23	56	18
65	0	23	30	40	11	18	63	0	38	40	80	0	40	40	40	0	61	18	0	26	0	65	36	0	0	79	18	11	0	20	65	40	65	18	105	40	18	0	0	0	40	8	0	40	0	63	18	54	11
48	0	0	0	0	0	0	45	0	0	0	69	0	0	0	0	0	41	0	0	0	0	48	0	0	0	66	0	0	0	0	48	0	48	0	99	0	0	0	0	0	0	0	0	0	0	45	0	30	0
63	0	18	26	36	4	11	61	0	34	36	79	0	36	36	36	0	59	11	0	20	0	63	32	0	0	77	11	4	0	15	63	36	63	11	104	36	11	0	0	0	36	0	0	36	0	61	11	52	4
65	0	23	30	40	11	18	63	0	38	40	80	0	40	40	40	0	61	18	0	26	0	65	36	0	0	79	18	11	0	20	65	40	65	18	105	40	18	0	0	0	40	8	0	40	0	63	18	54	11
48	0	0	0	0	0	0	45	0	0	0	69	0	0	0	0	0	41	0	0	0	0	48	0	0	0	66	0	0	0	0	48	0	48	0	99	0	0	0	0	0	0	0	0	0	0	45	0	30	0
70	0	34	40	48	26	30	68	15	46	48	84	4	48	48	48	4	66	30	0	36	4	70	45	0	11	82	30	26	10	32	70	48	70	30	107	48	30	0	11	18	48	23	18	48	0	68	30	60	26
8	0	0	0	0	0	0	0	0	0	0	48	0	0	0	0	0	0	0	0	0	0	8	0	0	0	45	0	0	0	0	8	0	8	0	90	0	0	0	0	0	0	0	0	0	0	0	0	0	0
60	0	8	18	30	0	0	57	0	28	30	77	0	30	30	30	0	56	0	0	11	0	60	26	0	0	75	0	0	0	4	60	30	60	0	103	30	0	0	0	0	30	0	0	30	0	57	0	48	0
30	0	0	0	0	0	0	26	0	0	0	59	0	0	0	0	0	20	0	0	0	0	30	0	0	0	56	0	0	0	0	30	0	30	0	94	0	0	0	0	0	0	0	0	0	0	26	0	0	0
62	0	15	23	34	0	8	60	0	32	34	78	0	34	34	34	0	57	8	0	18	0	62	30	0	0	76	8	0	0	11	62	34	62	8	104	34	8	0	0	0	34	0	0	34	0	60	8	51	0

0	70	57	54	48	62	60	8	66	49	48	0	69	48	48	48	69	15	60	72	56	69	0	51	74	67	0	60	62	68	59	0	48	0	60	0	48	60	72	67	65	48	63	65	48	70	8	60	30	62
0	0	0	0	0	0	0	0	0	0	0	0	0	0	0	0	0	0	0	10	0	0	0	0	16	0	0	0	0	0	0	0	0	0	0	0	0	0	8	0	0	0	0	0	0	0	0	0	0	0
0	34	0	0	0	15	8	0	26	0	0	0	32	0	0	0	32	0	8	39	0	32	0	0	42	28	0	8	15	28	4	0	0	0	8	0	0	8	38	28	23	0	18	23	0	34	0	8	0	15
0	40	11	0	0	23	18	0	32	0	0	0	38	0	0	0	38	0	18	44	8	38	0	0	47	34	0	18	23	35	15	0	0	0	18	0	0	18	43	34	30	0	26	30	0	40	0	18	0	23
0	48	26	18	0	34	30	0	41	4	0	0	46	0	0	0	46	0	30	51	23	46	0	8	54	43	0	30	34	44	28	0	0	0	30	0	0	30	51	43	40	0	36	40	0	48	0	30	0	34
0	26	0	0	0	0	0	0	15	0	0	0	23	0	0	0	23	0	0	31	0	23	0	0	35	18	0	0	0	19	0	0	0	0	0	0	0	0	30	18	11	0	4	11	0	26	0	0	0	0
0	30	0	0	0	8	0	0	20	0	0	0	28	0	0	0	28	0	0	35	0	28	0	0	39	23	0	0	8	24	0	0	0	0	0	0	0	0	34	23	18	0	11	18	0	30	0	0	0	8
0	68	56	52	45	60	57	0	64	46	45	0	67	45	45	45	67	8	57	70	54	67	0	48	72	65	0	57	60	66	56	0	45	0	57	0	45	57	70	65	63	45	61	63	45	68	0	57	26	60
0	15	0	0	0	0	0	0	0	0	0	0	11	0	0	0	11	0	0	22	0	11	0	0	27	4	0	0	0	6	0	0	0	0	0	0	0	0	20	4	0	0	0	0	0	15	0	0	0	0
0	46	23	15	0	32	28	0	40	0	0	0	45	0	0	0	45	0	28	50	20	45	0	4	53	41	0	28	32	42	26	0	0	0	28	0	0	28	49	41	38	0	34	38	0	46	0	28	0	32
0	48	26	18	0	34	30	0	41	4	0	0	46	0	0	0	46	0	30	51	23	46	0	8	54	43	0	30	34	44	28	0	0	0	30	0	0	30	51	43	40	0	36	40	0	48	0	30	0	34
45	84	75	73	69	78	77	48	81	69	69	0	83	69	69	69	83	51	77	85	74	83	45	70	86	82	10	77	78	82	76	45	69	45	77	0	69	77	85	82	80	69	79	80	69	84	48	77	59	78
0	4	0	0	0	0	0	0	0	0	0	0	0	0	0	0	0	0	0	13	0	0	0	0	19	0	0	0	0	0	0	0	0	0	0	0	0	0	11	0	0	0	0	0	0	4	0	0	0	0
0	48	26	18	0	34	30	0	41	4	0	0	46	0	0	0	46	0	30	51	23	46	0	8	54	43	0	30	34	44	28	0	0	0	30	0	0	30	51	43	40	0	36	40	0	48	0	30	0	34
0	48	26	18	0	34	30	0	41	4	0	0	46	0	0	0	46	0	30	51	23	46	0	8	54	43	0	30	34	44	28	0	0	0	30	0	0	30	51	43	40	0	36	40	0	48	0	30	0	34
0	48	26	18	0	34	30	0	41	4	0	0	46	0	0	0	46	0	30	51	23	46	0	8	54	43	0	30	34	44	28	0	0	0	30	0	0	30	51	43	40	0	36	40	0	48	0	30	0	34
0	4	0	0	0	0	0	0	0	0	0	0	0	0	0	0	0	0	0	13	0	0	0	0	19	0	0	0	0	0	0	0	0	0	0	0	0	0	11	0	0	0	0	0	0	4	0	0	0	0
0	66	53	49	41	57	56	0	62	43	41	0	65	41	41	41	65	0	56	69	52	65	0	45	70	63	0	56	57	64	54	0	41	0	56	0	41	56	68	63	61	41	59	61	41	66	0	56	20	57
0	30	0	0	0	8	0	0	20	0	0	0	28	0	0	0	28	0	0	35	0	28	0	0	39	23	0	0	8	24	0	0	0	0	0	0	0	0	34	23	18	0	11	18	0	30	0	0	0	8
0	0	0	0	0	0	0	0	0	0	0	0	0	0	0	0	0	0	0	0	0	0	0	0	8	0	0	0	0	0	0	0	0	0	0	0	0	0	0	0	0	0	0	0	0	0	0	0	0	0
0	36	4	0	0	18	11	0	28	0	0	0	34	0	0	0	34	0	11	41	0	34	0	0	44	30	0	11	18	31	8	0	0	0	11	0	0	11	40	30	26	0	20	26	0	36	0	11	0	18
0	4	0	0	0	0	0	0	0	0	0	0	0	0	0	0	0	0	0	13	0	0	0	0	19	0	0	0	0	0	0	0	0	0	0	0	0	0	11	0	0	0	0	0	0	4	0	0	0	0
0	70	57	54	48	62	60	8	66	49	48	0	69	48	48	48	69	15	60	72	56	69	0	51	74	67	0	60	62	68	59	0	48	0	60	0	48	60	72	67	65	48	63	65	48	70	8	60	30	62
0	45	20	11	0	30	26	0	38	0	0	0	43	0	0	0	43	0	26	48	18	43	0	0	51	40	0	26	30	41	23	0	0	0	26	0	0	26	48	40	36	0	32	36	0	45	0	26	0	30
0	0	0	0	0	0	0	0	0	0	0	0	0	0	0	0	0	0	0	0	0	0	0	0	0	0	0	0	0	0	0	0	0	0	0	0	0	0	0	0	0	0	0	0	0	0	0	0	0	0
0	11	0	0	0	0	0	0	0	0	0	0	8	0	0	0	8	0	0	19	0	8	0	0	24	0	0	0	0	2	0	0	0	0	0	0	0	0	18	0	0	0	0	0	0	11	0	0	0	0
41	82	73	71	66	76	75	45	79	67	66	0	81	66	66	66	81	48	75	84	72	81	41	68	85	80	0	75	76	80	74	41	66	41	75	0	66	75	83	80	79	66	77	79	66	82	45	75	56	76
0	30	0	0	0	8	0	0	20	0	0	0	28	0	0	0	28	0	0	35	0	28	0	0	39	23	0	0	8	24	0	0	0	0	0	0	0	0	34	23	18	0	11	18	0	30	0	0	0	8
0	26	0	0	0	0	0	0	15	0	0	0	23	0	0	0	23	0	0	31	0	23	0	0	35	18	0	0	0	19	0	0	0	0	0	0	0	0	30	18	11	0	4	11	0	26	0	0	0	0
0	10	0	0	0	0	0	0	0	0	0	0	6	0	0	0	6	0	0	18	0	6	0	0	23	0	0	0	0	0	0	0	0	0	0	0	0	0	16	0	0	0	0	0	0	10	0	0	0	0
0	32	0	0	0	11	4	0	23	0	0	0	30	0	0	0	30	0	4	37	0	30	0	0	41	26	0	4	11	27	0	0	0	0	4	0	0	4	36	26	20	0	15	20	0	32	0	4	0	11
0	70	57	54	48	62	60	8	66	49	48	0	69	48	48	48	69	15	60	72	56	69	0	51	74	67	0	60	62	68	59	0	48	0	60	0	48	60	72	67	65	48	63	65	48	70	8	60	30	62
0	48	26	18	0	34	30	0	41	4	0	0	46	0	0	0	46	0	30	51	23	46	0	8	54	43	0	30	34	44	28	0	0	0	30	0	0	30	51	43	40	0	36	40	0	48	0	30	0	34
0	70	57	54	48	62	60	8	66	49	48	0	69	48	48	48	69	15	60	72	56	69	0	51	74	67	0	60	62	68	59	0	48	0	60	0	48	60	72	67	65	48	63	65	48	70	8	60	30	62
0	30	0	0	0	8	0	0	20	0	0	0	28	0	0	0	28	0	0	35	0	28	0	0	39	23	0	0	8	24	0	0	0	0	0	0	0	0	34	23	18	0	11	18	0	30	0	0	0	8
89	107	102	101	99	104	103	90	105	99	99	77	106	99	99	99	106	91	103	108	102	106	89	100	108	106	79	103	104	106	103	89	99	89	103	0	99	103	108	106	105	99	104	105	99	107	90	103	94	104
0	48	26	18	0	34	30	0	41	4	0	0	46	0	0	0	46	0	30	51	23	46	0	8	54	43	0	30	34	44	28	0	0	0	30	0	0	30	51	43	40	0	36	40	0	48	0	30	0	34
0	30	0	0	0	8	0	0	20	0	0	0	28	0	0	0	28	0	0	35	0	28	0	0	39	23	0	0	8	24	0	0	0	0	0	0	0	0	34	23	18	0	11	18	0	30	0	0	0	8
0	0	0	0	0	0	0	0	0	0	0	0	0	0	0	0	0	0	0	2	0	0	0	0	10	0	0	0	0	0	0	0	0	0	0	0	0	0	0	0	0	0	0	0	0	0	0	0	0	0
0	11	0	0	0	0	0	0	0	0	0	0	8	0	0	0	8	0	0	19	0	8	0	0	24	0	0	0	0	2	0	0	0	0	0	0	0	0	18	0	0	0	0	0	0	11	0	0	0	0
0	18	0	0	0	0	0	0	4	0	0	0	15	0	0	0	15	0	0	24	0	15	0	0	28	8	0	0	0	10	0	0	0	0	0	0	0	0	23	8	0	0	0	0	0	18	0	0	0	0
0	48	26	18	0	34	30	0	41	4	0	0	46	0	0	0	46	0	30	51	23	46	0	8	54	43	0	30	34	44	28	0	0	0	30	0	0	30	51	43	40	0	36	40	0	48	0	30	0	34
0	23	0	0	0	0	0	0	11	0	0	0	20	0	0	0	20	0	0	28	0	20	0	0	33	15	0	0	0	16	0	0	0	0	0	0	0	0	28	15	8	0	0	8	0	23	0	0	0	0
0	18	0	0	0	0	0	0	4	0	0	0	15	0	0	0	15	0	0	24	0	15	0	0	28	8	0	0	0	10	0	0	0	0	0	0	0	0	23	8	0	0	0	0	0	18	0	0	0	0
0	48	26	18	0	34	30	0	41	4	0	0	46	0	0	0	46	0	30	51	23	46	0	8	54	43	0	30	34	44	28	0	0	0	30	0	0	30	51	43	40	0	36	40	0	48	0	30	0	34
0	0	0	0	0	0	0	0	0	0	0	0	0	0	0	0	0	0	0	10	0	0	0	0	16	0	0	0	0	0	0	0	0	0	0	0	0	0	8	0	0	0	0	0	0	0	0	0	0	0
0	68	56	52	45	60	57	0	64	46	45	0	67	45	45	45	67	8	57	70	54	67	0	48	72	65	0	57	60	66	56	0	45	0	57	0	45	57	70	65	63	45	61	63	45	68	0	57	26	60
0	30	0	0	0	8	0	0	20	0	0	0	28	0	0	0	28	0	0	35	0	28	0	0	39	23	0	0	8	24	0	0	0	0	0	0	0	0	34	23	18	0	11	18	0	30	0	0	0	8
0	60	45	40	30	51	48	0	56	32	30	0	59	30	30	30	59	0	48	63	43	59	0	34	65	56	0	48	51	56	46	0	30	0	48	0	30	48	62	56	54	30	52	54	30	60	0	48	0	51
0	26	0	0	0	0	0	0	15	0	0	0	23	0	0	0	23	0	0	31	0	23	0	0	35	18	0	0	0	19	0	0	0	0	0	0	0	0	30	18	11	0	4	11	0	26	0	0	0	0