830 717 917 895 770 787 897 921 868 752 916 848 709 785 828 774 823 923 504 787 477 891 786 828 817 893 895 856 832 892 882 833 946 947 855 866 723 826 891 949 856 701 753 471 887 777 892 743 947 742

84

23 25 22 22 24 24 22 22 22 24 22 23 25 24 23 24 23 22 28 24 28 22 24 23 23 22 22 23 23 22 22 23 21 21 23 22 25 23 22 21 23 25 24 28 22 24 22 24 21 24

22.0072160488888 20.00547618136774 25.02849398985701 33.00201100265768

10827

0	237	0	0	229	0	0	0	0	229	0	0	233	0	0	220	217	0	0	236	0	134	0	199	0	0	0	0	132	0	0	217	0	0	202	214	0	0	148	0	204	0	0	0	0	162	0	0	0	0
0	0	0	0	0	0	0	0	0	0	0	0	0	0	0	0	0	0	0	0	0	0	0	0	0	0	0	0	0	0	0	0	0	0	0	0	0	0	0	0	0	0	0	0	0	0	0	0	0	0
246	271	0	229	268	0	143	0	0	268	235	0	270	0	132	265	264	229	0	271	0	249	0	258	0	235	196	225	249	189	0	264	229	231	259	263	0	191	250	231	260	0	0	0	0	250	162	0	233	234
195	250	0	0	245	0	0	0	0	245	146	0	248	0	0	239	237	0	0	250	0	204	0	227	0	146	0	0	204	0	0	237	0	78	229	235	0	0	208	78	229	0	0	0	0	212	0	0	126	140
0	160	0	0	0	0	0	0	0	0	0	0	132	0	0	0	0	0	0	154	0	0	0	0	0	0	0	0	0	0	0	0	0	0	0	0	0	0	0	0	0	0	0	0	0	0	0	0	0	0
270	287	234	262	284	0	239	231	212	284	265	216	286	231	238	282	281	261	212	286	206	272	188	278	200	265	249	260	272	247	225	281	262	262	278	281	234	248	273	262	279	0	30	222	229	274	242	0	264	264
241	269	0	223	266	0	0	0	0	266	229	0	267	0	0	262	261	222	0	269	0	245	0	254	0	229	182	219	245	172	0	261	223	225	256	260	0	175	246	225	257	0	0	0	0	248	120	0	227	229
247	272	100	231	269	0	156	0	0	269	237	0	271	0	148	266	264	231	0	272	0	250	0	259	0	237	200	227	250	194	0	264	231	231	260	263	90	196	250	231	261	0	0	0	0	252	171	0	235	236
257	278	195	246	275	0	206	191	0	275	250	120	277	191	204	273	272	245	0	278	0	260	0	267	0	250	225	243	260	222	170	272	246	246	268	271	194	223	261	246	268	0	0	156	185	262	212	0	248	249
0	160	0	0	0	0	0	0	0	0	0	0	132	0	0	0	0	0	0	154	0	0	0	0	0	0	0	0	0	0	0	0	0	0	0	0	0	0	0	0	0	0	0	0	0	0	0	0	0	0
179	247	0	0	240	0	0	0	0	240	0	0	244	0	0	234	231	0	0	246	0	192	0	220	0	0	0	0	191	0	0	231	0	0	222	229	0	0	196	0	223	0	0	0	0	200	0	0	0	0
256	277	188	243	274	0	200	182	0	274	248	0	276	182	198	271	270	243	0	277	0	258	0	266	0	248	222	241	258	218	154	270	243	244	267	270	186	219	259	244	267	0	0	132	175	260	206	0	246	247
0	130	0	0	0	0	0	0	0	0	0	0	0	0	0	0	0	0	0	118	0	0	0	0	0	0	0	0	0	0	0	0	0	0	0	0	0	0	0	0	0	0	0	0	0	0	0	0	0	0
247	272	100	231	269	0	156	0	0	269	237	0	271	0	148	266	264	231	0	272	0	250	0	259	0	237	200	227	250	194	0	264	231	231	260	263	90	196	250	231	261	0	0	0	0	252	171	0	235	236
242	270	0	225	266	0	85	0	0	266	231	0	268	0	0	263	261	224	0	269	0	246	0	256	0	231	186	221	246	176	0	261	225	225	257	260	0	179	247	225	257	0	0	0	0	249	134	0	229	229
0	188	0	0	156	0	0	0	0	156	0	0	175	0	0	0	0	0	0	185	0	0	0	0	0	0	0	0	0	0	0	0	0	0	0	0	0	0	0	0	0	0	0	0	0	0	0	0	0	0
0	193	0	0	167	0	0	0	0	167	0	0	183	0	0	108	0	0	0	191	0	0	0	0	0	0	0	0	0	0	0	0	0	0	0	0	0	0	0	0	0	0	0	0	0	0	0	0	0	0
197	250	0	70	246	0	0	0	0	246	152	0	249	0	0	240	238	0	0	250	0	206	0	227	0	152	0	0	206	0	0	238	70	100	229	236	0	0	209	100	231	0	0	0	0	213	0	0	134	146
257	278	195	246	275	0	206	191	0	275	250	120	277	191	204	273	272	245	0	278	0	260	0	267	0	250	225	243	260	222	170	272	246	246	268	271	194	223	261	246	268	0	0	156	185	262	212	0	248	249
0	78	0	0	0	0	0	0	0	0	0	0	0	0	0	0	0	0	0	0	0	0	0	0	0	0	0	0	0	0	0	0	0	0	0	0	0	0	0	0	0	0	0	0	0	0	0	0	0	0
259	279	202	248	276	0	211	198	118	276	252	148	278	198	209	274	273	247	118	279	0	261	0	269	0	252	229	245	261	225	181	273	248	248	269	272	200	227	262	248	270	0	0	170	193	263	216	0	250	250
0	231	0	0	224	0	0	0	0	224	0	0	227	0	0	214	210	0	0	231	0	0	0	188	0	0	0	0	0	0	0	210	0	0	192	206	0	0	95	0	194	0	0	0	0	132	0	0	0	0
263	282	216	252	279	0	223	213	175	279	257	185	281	213	222	277	276	252	175	282	162	265	0	272	138	257	237	250	265	235	202	276	252	254	273	275	216	235	266	254	273	0	0	196	210	267	227	0	254	256
0	213	0	0	199	0	0	0	0	199	0	0	206	0	0	179	171	0	0	212	0	0	0	0	0	0	0	0	0	0	0	171	0	0	90	161	0	0	0	0	111	0	0	0	0	0	0	0	0	0
261	280	209	250	278	0	217	204	152	278	254	168	279	204	215	275	274	250	152	280	128	263	0	270	0	254	233	248	263	229	191	274	250	250	271	273	208	231	264	250	271	0	0	183	200	265	221	0	252	252
179	247	0	0	240	0	0	0	0	240	0	0	244	0	0	234	231	0	0	246	0	192	0	220	0	0	0	0	191	0	0	231	0	0	222	229	0	0	196	0	223	0	0	0	0	200	0	0	0	0
229	263	0	202	259	0	0	0	0	259	213	0	261	0	0	254	252	200	0	262	0	233	0	246	0	213	0	196	233	0	0	252	202	204	247	252	0	0	235	204	248	0	0	0	0	237	0	0	209	211
202	252	0	120	247	0	0	0	0	247	164	0	250	0	0	242	240	108	0	252	0	210	0	229	0	164	0	0	210	0	0	240	120	132	231	238	0	0	213	132	233	0	0	0	0	216	0	0	152	160
0	233	0	0	224	0	0	0	0	224	0	0	229	0	0	214	210	0	0	231	0	30	0	189	0	0	0	0	0	0	0	210	0	0	192	206	0	0	100	0	195	0	0	0	0	134	0	0	0	0
231	264	0	208	260	0	0	0	0	260	217	0	262	0	0	256	254	206	0	264	0	236	0	248	0	217	118	202	236	0	0	254	208	210	249	254	0	70	238	210	250	0	0	0	0	240	0	0	214	216
250	275	161	237	271	0	183	151	0	271	242	0	273	151	179	268	267	237	0	274	0	254	0	263	0	242	212	235	254	206	0	267	237	238	263	266	159	209	254	238	264	0	0	0	134	256	191	0	240	242
0	193	0	0	167	0	0	0	0	167	0	0	183	0	0	108	0	0	0	191	0	0	0	0	0	0	0	0	0	0	0	0	0	0	0	0	0	0	0	0	0	0	0	0	0	0	0	0	0	0
195	250	0	0	245	0	0	0	0	245	146	0	248	0	0	239	237	0	0	250	0	204	0	227	0	146	0	0	204	0	0	237	0	78	229	235	0	0	208	78	229	0	0	0	0	212	0	0	126	140
193	250	0	0	244	0	0	0	0	244	138	0	247	0	0	238	236	0	0	249	0	202	0	225	0	138	0	0	202	0	0	236	0	0	227	234	0	0	206	0	229	0	0	0	0	210	0	0	111	130
0	211	0	0	195	0	0	0	0	195	0	0	204	0	0	174	164	0	0	209	0	0	0	0	0	0	0	0	0	0	0	164	0	0	0	153	0	0	0	0	78	0	0	0	0	0	0	0	0	0
0	198	0	0	176	0	0	0	0	176	0	0	189	0	0	134	104	0	0	196	0	0	0	0	0	0	0	0	0	0	0	104	0	0	0	0	0	0	0	0	0	0	0	0	0	0	0	0	0	0
246	272	48	229	268	0	146	0	0	268	236	0	270	0	136	265	264	229	0	271	0	249	0	258	0	236	197	225	249	190	0	264	229	231	259	263	0	192	250	231	260	0	0	0	0	252	164	0	233	235
231	264	0	206	260	0	0	0	0	260	216	0	262	0	0	256	254	204	0	263	0	235	0	248	0	216	104	200	235	0	0	254	206	208	249	252	0	0	237	208	250	0	0	0	0	239	0	0	212	215
0	231	0	0	221	0	0	0	0	221	0	0	225	0	0	211	206	0	0	229	0	0	0	183	0	0	0	0	0	0	0	206	0	0	188	202	0	0	0	0	190	0	0	0	0	111	0	0	0	0
193	250	0	0	244	0	0	0	0	244	138	0	247	0	0	238	236	0	0	249	0	202	0	225	0	138	0	0	202	0	0	236	0	0	227	234	0	0	206	0	229	0	0	0	0	210	0	0	111	130
0	209	0	0	193	0	0	0	0	193	0	0	202	0	0	170	159	0	0	208	0	0	0	0	0	0	0	0	0	0	0	159	0	0	0	146	0	0	0	0	0	0	0	0	0	0	0	0	0	0
276	291	247	269	289	186	250	245	231	289	271	234	290	245	249	287	286	268	231	290	227	278	217	283	223	271	258	267	278	257	240	286	269	269	283	285	246	257	278	269	284	0	187	238	244	279	252	179	270	271
270	287	234	262	284	0	239	231	211	284	265	216	285	231	238	282	281	261	211	286	206	272	188	278	199	265	249	260	272	247	225	281	262	262	278	281	234	248	273	262	279	0	0	222	229	274	241	0	264	264
252	276	174	240	273	0	191	166	0	273	245	0	274	166	188	270	269	239	0	275	0	256	0	264	0	245	216	237	256	212	118	269	240	241	265	268	172	213	257	241	265	0	0	0	156	258	198	0	243	244
248	273	130	233	270	0	166	104	0	270	239	0	271	104	160	266	265	233	0	273	0	250	0	260	0	239	204	229	250	199	0	265	233	234	261	264	126	200	252	234	262	0	0	0	0	254	179	0	237	238
0	227	0	0	218	0	0	0	0	218	0	0	224	0	0	206	202	0	0	227	0	0	0	175	0	0	0	0	0	0	0	202	0	0	180	198	0	0	0	0	183	0	0	0	0	0	0	0	0	0
239	268	0	219	264	0	0	0	0	264	225	0	266	0	0	260	259	218	0	267	0	242	0	252	0	225	171	215	242	157	0	259	219	221	254	258	0	161	244	221	254	0	0	0	0	246	0	0	224	225
271	287	236	263	285	108	241	235	215	285	266	220	286	235	240	283	282	263	215	287	211	273	194	279	204	266	250	261	273	249	227	282	263	264	279	281	236	249	274	264	280	0	111	225	233	275	243	0	265	265
186	248	0	0	242	0	0	0	0	242	108	0	245	0	0	236	234	0	0	248	0	197	0	223	0	108	0	0	197	0	0	234	0	0	225	231	0	0	200	0	225	0	0	0	0	206	0	0	0	90
182	247	0	0	241	0	0	0	0	241	70	0	244	0	0	235	233	0	0	247	0	194	0	221	0	70	0	0	193	0	0	233	0	0	223	231	0	0	198	0	224	0	0	0	0	202	0	0	0	0

0	0	246	195	0	270	241	247	257	0	179	256	0	247	242	0	0	197	257	0	259	0	263	0	261	179	229	202	0	231	250	0	195	193	0	0	246	231	0	193	0	276	270	252	248	0	239	271	186	182
237	0	271	250	160	287	269	272	278	160	247	277	130	272	270	188	193	250	278	78	279	231	282	213	280	247	263	252	233	264	275	193	250	250	211	198	272	264	231	250	209	291	287	276	273	227	268	287	248	247
0	0	0	0	0	234	0	100	195	0	0	188	0	100	0	0	0	0	195	0	202	0	216	0	209	0	0	0	0	0	161	0	0	0	0	0	48	0	0	0	0	247	234	174	130	0	0	236	0	0
0	0	229	0	0	262	223	231	246	0	0	243	0	231	225	0	0	70	246	0	248	0	252	0	250	0	202	120	0	208	237	0	0	0	0	0	229	206	0	0	0	269	262	240	233	0	219	263	0	0
229	0	268	245	0	284	266	269	275	0	240	274	0	269	266	156	167	246	275	0	276	224	279	199	278	240	259	247	224	260	271	167	245	244	195	176	268	260	221	244	193	289	284	273	270	218	264	285	242	241
0	0	0	0	0	0	0	0	0	0	0	0	0	0	0	0	0	0	0	0	0	0	0	0	0	0	0	0	0	0	0	0	0	0	0	0	0	0	0	0	0	186	0	0	0	0	0	108	0	0
0	0	143	0	0	239	0	156	206	0	0	200	0	156	85	0	0	0	206	0	211	0	223	0	217	0	0	0	0	0	183	0	0	0	0	0	146	0	0	0	0	250	239	191	166	0	0	241	0	0
0	0	0	0	0	231	0	0	191	0	0	182	0	0	0	0	0	0	191	0	198	0	213	0	204	0	0	0	0	0	151	0	0	0	0	0	0	0	0	0	0	245	231	166	104	0	0	235	0	0
0	0	0	0	0	212	0	0	0	0	0	0	0	0	0	0	0	0	0	0	118	0	175	0	152	0	0	0	0	0	0	0	0	0	0	0	0	0	0	0	0	231	211	0	0	0	0	215	0	0
229	0	268	245	0	284	266	269	275	0	240	274	0	269	266	156	167	246	275	0	276	224	279	199	278	240	259	247	224	260	271	167	245	244	195	176	268	260	221	244	193	289	284	273	270	218	264	285	242	241
0	0	235	146	0	265	229	237	250	0	0	248	0	237	231	0	0	152	250	0	252	0	257	0	254	0	213	164	0	217	242	0	146	138	0	0	236	216	0	138	0	271	265	245	239	0	225	266	108	70
0	0	0	0	0	216	0	0	120	0	0	0	0	0	0	0	0	0	120	0	148	0	185	0	168	0	0	0	0	0	0	0	0	0	0	0	0	0	0	0	0	234	216	0	0	0	0	220	0	0
233	0	270	248	132	286	267	271	277	132	244	276	0	271	268	175	183	249	277	0	278	227	281	206	279	244	261	250	229	262	273	183	248	247	204	189	270	262	225	247	202	290	285	274	271	224	266	286	245	244
0	0	0	0	0	231	0	0	191	0	0	182	0	0	0	0	0	0	191	0	198	0	213	0	204	0	0	0	0	0	151	0	0	0	0	0	0	0	0	0	0	245	231	166	104	0	0	235	0	0
0	0	132	0	0	238	0	148	204	0	0	198	0	148	0	0	0	0	204	0	209	0	222	0	215	0	0	0	0	0	179	0	0	0	0	0	136	0	0	0	0	249	238	188	160	0	0	240	0	0
220	0	265	239	0	282	262	266	273	0	234	271	0	266	263	0	108	240	273	0	274	214	277	179	275	234	254	242	214	256	268	108	239	238	174	134	265	256	211	238	170	287	282	270	266	206	260	283	236	235
217	0	264	237	0	281	261	264	272	0	231	270	0	264	261	0	0	238	272	0	273	210	276	171	274	231	252	240	210	254	267	0	237	236	164	104	264	254	206	236	159	286	281	269	265	202	259	282	234	233
0	0	229	0	0	261	222	231	245	0	0	243	0	231	224	0	0	0	245	0	247	0	252	0	250	0	200	108	0	206	237	0	0	0	0	0	229	204	0	0	0	268	261	239	233	0	218	263	0	0
0	0	0	0	0	212	0	0	0	0	0	0	0	0	0	0	0	0	0	0	118	0	175	0	152	0	0	0	0	0	0	0	0	0	0	0	0	0	0	0	0	231	211	0	0	0	0	215	0	0
236	0	271	250	154	286	269	272	278	154	246	277	118	272	269	185	191	250	278	0	279	231	282	212	280	246	262	252	231	264	274	191	250	249	209	196	271	263	229	249	208	290	286	275	273	227	267	287	248	247
0	0	0	0	0	206	0	0	0	0	0	0	0	0	0	0	0	0	0	0	0	0	162	0	128	0	0	0	0	0	0	0	0	0	0	0	0	0	0	0	0	227	206	0	0	0	0	211	0	0
134	0	249	204	0	272	245	250	260	0	192	258	0	250	246	0	0	206	260	0	261	0	265	0	263	192	233	210	30	236	254	0	204	202	0	0	249	235	0	202	0	278	272	256	250	0	242	273	197	194
0	0	0	0	0	188	0	0	0	0	0	0	0	0	0	0	0	0	0	0	0	0	0	0	0	0	0	0	0	0	0	0	0	0	0	0	0	0	0	0	0	217	188	0	0	0	0	194	0	0
199	0	258	227	0	278	254	259	267	0	220	266	0	259	256	0	0	227	267	0	269	188	272	0	270	220	246	229	189	248	263	0	227	225	0	0	258	248	183	225	0	283	278	264	260	175	252	279	223	221
0	0	0	0	0	200	0	0	0	0	0	0	0	0	0	0	0	0	0	0	0	0	138	0	0	0	0	0	0	0	0	0	0	0	0	0	0	0	0	0	0	223	199	0	0	0	0	204	0	0
0	0	235	146	0	265	229	237	250	0	0	248	0	237	231	0	0	152	250	0	252	0	257	0	254	0	213	164	0	217	242	0	146	138	0	0	236	216	0	138	0	271	265	245	239	0	225	266	108	70
0	0	196	0	0	249	182	200	225	0	0	222	0	200	186	0	0	0	225	0	229	0	237	0	233	0	0	0	0	118	212	0	0	0	0	0	197	104	0	0	0	258	249	216	204	0	171	250	0	0
0	0	225	0	0	260	219	227	243	0	0	241	0	227	221	0	0	0	243	0	245	0	250	0	248	0	196	0	0	202	235	0	0	0	0	0	225	200	0	0	0	267	260	237	229	0	215	261	0	0
132	0	249	204	0	272	245	250	260	0	191	258	0	250	246	0	0	206	260	0	261	0	265	0	263	191	233	210	0	236	254	0	204	202	0	0	249	235	0	202	0	278	272	256	250	0	242	273	197	193
0	0	189	0	0	247	172	194	222	0	0	218	0	194	176	0	0	0	222	0	225	0	235	0	229	0	0	0	0	0	206	0	0	0	0	0	190	0	0	0	0	257	247	212	199	0	157	249	0	0
0	0	0	0	0	225	0	0	170	0	0	154	0	0	0	0	0	0	170	0	181	0	202	0	191	0	0	0	0	0	0	0	0	0	0	0	0	0	0	0	0	240	225	118	0	0	0	227	0	0
217	0	264	237	0	281	261	264	272	0	231	270	0	264	261	0	0	238	272	0	273	210	276	171	274	231	252	240	210	254	267	0	237	236	164	104	264	254	206	236	159	286	281	269	265	202	259	282	234	233
0	0	229	0	0	262	223	231	246	0	0	243	0	231	225	0	0	70	246	0	248	0	252	0	250	0	202	120	0	208	237	0	0	0	0	0	229	206	0	0	0	269	262	240	233	0	219	263	0	0
0	0	231	78	0	262	225	231	246	0	0	244	0	231	225	0	0	100	246	0	248	0	254	0	250	0	204	132	0	210	238	0	78	0	0	0	231	208	0	0	0	269	262	241	234	0	221	264	0	0
202	0	259	229	0	278	256	260	268	0	222	267	0	260	257	0	0	229	268	0	269	192	273	90	271	222	247	231	192	249	263	0	229	227	0	0	259	249	188	227	0	283	278	265	261	180	254	279	225	223
214	0	263	235	0	281	260	263	271	0	229	270	0	263	260	0	0	236	271	0	272	206	275	161	273	229	252	238	206	254	266	0	235	234	153	0	263	252	202	234	146	285	281	268	264	198	258	281	231	231
0	0	0	0	0	234	0	90	194	0	0	186	0	90	0	0	0	0	194	0	200	0	216	0	208	0	0	0	0	0	159	0	0	0	0	0	0	0	0	0	0	246	234	172	126	0	0	236	0	0
0	0	191	0	0	248	175	196	223	0	0	219	0	196	179	0	0	0	223	0	227	0	235	0	231	0	0	0	0	70	209	0	0	0	0	0	192	0	0	0	0	257	248	213	200	0	161	249	0	0
148	0	250	208	0	273	246	250	261	0	196	259	0	250	247	0	0	209	261	0	262	95	266	0	264	196	235	213	100	238	254	0	208	206	0	0	250	237	0	206	0	278	273	257	252	0	244	274	200	198
0	0	231	78	0	262	225	231	246	0	0	244	0	231	225	0	0	100	246	0	248	0	254	0	250	0	204	132	0	210	238	0	78	0	0	0	231	208	0	0	0	269	262	241	234	0	221	264	0	0
204	0	260	229	0	279	257	261	268	0	223	267	0	261	257	0	0	231	268	0	270	194	273	111	271	223	248	233	195	250	264	0	229	229	78	0	260	250	190	229	0	284	279	265	262	183	254	280	225	224
0	0	0	0	0	0	0	0	0	0	0	0	0	0	0	0	0	0	0	0	0	0	0	0	0	0	0	0	0	0	0	0	0	0	0	0	0	0	0	0	0	0	0	0	0	0	0	0	0	0
0	0	0	0	0	30	0	0	0	0	0	0	0	0	0	0	0	0	0	0	0	0	0	0	0	0	0	0	0	0	0	0	0	0	0	0	0	0	0	0	0	187	0	0	0	0	0	111	0	0
0	0	0	0	0	222	0	0	156	0	0	132	0	0	0	0	0	0	156	0	170	0	196	0	183	0	0	0	0	0	0	0	0	0	0	0	0	0	0	0	0	238	222	0	0	0	0	225	0	0
0	0	0	0	0	229	0	0	185	0	0	175	0	0	0	0	0	0	185	0	193	0	210	0	200	0	0	0	0	0	134	0	0	0	0	0	0	0	0	0	0	244	229	156	0	0	0	233	0	0
162	0	250	212	0	274	248	252	262	0	200	260	0	252	249	0	0	213	262	0	263	132	267	0	265	200	237	216	134	240	256	0	212	210	0	0	252	239	111	210	0	279	274	258	254	0	246	275	206	202
0	0	162	0	0	242	120	171	212	0	0	206	0	171	134	0	0	0	212	0	216	0	227	0	221	0	0	0	0	0	191	0	0	0	0	0	164	0	0	0	0	252	241	198	179	0	0	243	0	0
0	0	0	0	0	0	0	0	0	0	0	0	0	0	0	0	0	0	0	0	0	0	0	0	0	0	0	0	0	0	0	0	0	0	0	0	0	0	0	0	0	179	0	0	0	0	0	0	0	0
0	0	233	126	0	264	227	235	248	0	0	246	0	235	229	0	0	134	248	0	250	0	254	0	252	0	209	152	0	214	240	0	126	111	0	0	233	212	0	111	0	270	264	243	237	0	224	265	0	0
0	0	234	140	0	264	229	236	249	0	0	247	0	236	229	0	0	146	249	0	250	0	256	0	252	0	211	160	0	216	242	0	140	130	0	0	235	215	0	130	0	271	264	244	238	0	225	265	90	0

0	0	0	0	0	0	0	0	0	4	0	0	0	41	20	0	0	0	97	0	97	0	0	0	0	0	0	0	4	0	0	0	0	0	0	0	41	0	0	0	0	0	0	82	0	20	0	0	0	41
4	0	0	0	0	0	0	0	0	8	0	0	0	43	23	0	0	0	97	0	97	0	0	0	0	0	0	0	8	0	0	0	0	0	0	0	43	4	0	0	0	0	0	83	0	23	0	0	0	43
38	36	0	0	28	0	18	11	30	40	0	36	0	60	48	0	30	11	103	11	103	0	0	30	0	0	0	0	40	0	0	0	0	4	0	0	60	38	11	0	20	0	8	90	0	48	0	0	0	60
53	52	30	0	46	11	40	36	48	54	18	52	0	70	60	0	48	36	107	36	107	26	0	48	8	0	26	0	54	18	30	0	18	32	8	26	70	53	36	30	41	18	34	95	18	60	18	26	18	70
18	15	0	0	0	0	0	0	4	20	0	15	0	49	32	0	4	0	99	0	99	0	0	4	0	0	0	0	20	0	0	0	0	0	0	0	49	18	0	0	0	0	0	85	0	32	0	0	0	49
49	48	23	0	41	0	34	30	43	51	8	48	0	67	56	0	43	30	106	30	106	18	0	43	0	0	18	0	51	8	23	0	8	26	0	18	67	49	30	23	36	8	28	94	8	56	8	18	8	67
28	26	0	0	15	0	0	0	18	30	0	26	0	54	40	0	18	0	101	0	101	0	0	18	0	0	0	0	30	0	0	0	0	0	0	0	54	28	0	0	4	0	0	87	0	40	0	0	0	54
32	30	0	0	20	0	8	0	23	34	0	30	0	56	43	0	23	0	102	0	102	0	0	23	0	0	0	0	34	0	0	0	0	0	0	0	56	32	0	0	11	0	0	89	0	43	0	0	0	56
15	11	0	0	0	0	0	0	0	18	0	11	0	48	30	0	0	0	99	0	99	0	0	0	0	0	0	0	18	0	0	0	0	0	0	0	48	15	0	0	0	0	0	84	0	30	0	0	0	48
0	0	0	0	0	0	0	0	0	0	0	0	0	40	18	0	0	0	96	0	96	0	0	0	0	0	0	0	0	0	0	0	0	0	0	0	40	0	0	0	0	0	0	81	0	18	0	0	0	40
46	45	18	0	38	0	30	26	40	48	0	45	0	65	54	0	40	26	105	26	105	11	0	40	0	0	11	0	48	0	18	0	0	20	0	11	65	46	26	18	32	0	23	93	0	54	0	11	0	65
4	0	0	0	0	0	0	0	0	8	0	0	0	43	23	0	0	0	97	0	97	0	0	0	0	0	0	0	8	0	0	0	0	0	0	0	43	4	0	0	0	0	0	83	0	23	0	0	0	43
56	54	34	8	49	18	43	40	51	56	23	54	0	72	62	8	51	40	108	40	108	30	8	51	15	8	30	0	56	23	34	8	23	36	15	30	72	56	40	34	45	23	38	96	23	62	23	30	23	72
0	0	0	0	0	0	0	0	0	0	0	0	0	0	0	0	0	0	89	0	89	0	0	0	0	0	0	0	0	0	0	0	0	0	0	0	0	0	0	0	0	0	0	70	0	0	0	0	0	0
0	0	0	0	0	0	0	0	0	0	0	0	0	30	0	0	0	0	94	0	94	0	0	0	0	0	0	0	0	0	0	0	0	0	0	0	30	0	0	0	0	0	0	78	0	0	0	0	0	30
53	52	30	0	46	11	40	36	48	54	18	52	0	70	60	0	48	36	107	36	107	26	0	48	8	0	26	0	54	18	30	0	18	32	8	26	70	53	36	30	41	18	34	95	18	60	18	26	18	70
15	11	0	0	0	0	0	0	0	18	0	11	0	48	30	0	0	0	99	0	99	0	0	0	0	0	0	0	18	0	0	0	0	0	0	0	48	15	0	0	0	0	0	84	0	30	0	0	0	48
32	30	0	0	20	0	8	0	23	34	0	30	0	56	43	0	23	0	102	0	102	0	0	23	0	0	0	0	34	0	0	0	0	0	0	0	56	32	0	0	11	0	0	89	0	43	0	0	0	56
0	0	0	0	0	0	0	0	0	0	0	0	0	0	0	0	0	0	0	0	0	0	0	0	0	0	0	0	0	0	0	0	0	0	0	0	0	0	0	0	0	0	0	0	0	0	0	0	0	0
32	30	0	0	20	0	8	0	23	34	0	30	0	56	43	0	23	0	102	0	102	0	0	23	0	0	0	0	34	0	0	0	0	0	0	0	56	32	0	0	11	0	0	89	0	43	0	0	0	56
0	0	0	0	0	0	0	0	0	0	0	0	0	0	0	0	0	0	0	0	0	0	0	0	0	0	0	0	0	0	0	0	0	0	0	0	0	0	0	0	0	0	0	0	0	0	0	0	0	0
41	40	8	0	32	0	23	18	34	43	0	40	0	62	51	0	34	18	104	18	104	0	0	34	0	0	0	0	43	0	8	0	0	11	0	0	62	41	18	8	26	0	15	91	0	51	0	0	0	62
53	52	30	0	46	11	40	36	48	54	18	52	0	70	60	0	48	36	107	36	107	26	0	48	8	0	26	0	54	18	30	0	18	32	8	26	70	53	36	30	41	18	34	95	18	60	18	26	18	70
15	11	0	0	0	0	0	0	0	18	0	11	0	48	30	0	0	0	99	0	99	0	0	0	0	0	0	0	18	0	0	0	0	0	0	0	48	15	0	0	0	0	0	84	0	30	0	0	0	48
51	49	26	0	43	4	36	32	45	52	11	49	0	68	57	0	45	32	106	32	106	20	0	45	0	0	20	0	52	11	26	0	11	28	0	20	68	51	32	26	38	11	30	94	11	57	11	20	11	68
53	52	30	0	46	11	40	36	48	54	18	52	0	70	60	0	48	36	107	36	107	26	0	48	8	0	26	0	54	18	30	0	18	32	8	26	70	53	36	30	41	18	34	95	18	60	18	26	18	70
41	40	8	0	32	0	23	18	34	43	0	40	0	62	51	0	34	18	104	18	104	0	0	34	0	0	0	0	43	0	8	0	0	11	0	0	62	41	18	8	26	0	15	91	0	51	0	0	0	62
56	54	34	8	49	18	43	40	51	56	23	54	0	72	62	8	51	40	108	40	108	30	8	51	15	8	30	0	56	23	34	8	23	36	15	30	72	56	40	34	45	23	38	96	23	62	23	30	23	72
0	0	0	0	0	0	0	0	0	0	0	0	0	40	18	0	0	0	96	0	96	0	0	0	0	0	0	0	0	0	0	0	0	0	0	0	40	0	0	0	0	0	0	81	0	18	0	0	0	40
46	45	18	0	38	0	30	26	40	48	0	45	0	65	54	0	40	26	105	26	105	11	0	40	0	0	11	0	48	0	18	0	0	20	0	11	65	46	26	18	32	0	23	93	0	54	0	11	0	65
38	36	0	0	28	0	18	11	30	40	0	36	0	60	48	0	30	11	103	11	103	0	0	30	0	0	0	0	40	0	0	0	0	4	0	0	60	38	11	0	20	0	8	90	0	48	0	0	0	60
53	52	30	0	46	11	40	36	48	54	18	52	0	70	60	0	48	36	107	36	107	26	0	48	8	0	26	0	54	18	30	0	18	32	8	26	70	53	36	30	41	18	34	95	18	60	18	26	18	70
46	45	18	0	38	0	30	26	40	48	0	45	0	65	54	0	40	26	105	26	105	11	0	40	0	0	11	0	48	0	18	0	0	20	0	11	65	46	26	18	32	0	23	93	0	54	0	11	0	65
36	34	0	0	26	0	15	8	28	38	0	34	0	59	46	0	28	8	103	8	103	0	0	28	0	0	0	0	38	0	0	0	0	0	0	0	59	36	8	0	18	0	4	90	0	46	0	0	0	59
51	49	26	0	43	4	36	32	45	52	11	49	0	68	57	0	45	32	106	32	106	20	0	45	0	0	20	0	52	11	26	0	11	28	0	20	68	51	32	26	38	11	30	94	11	57	11	20	11	68
41	40	8	0	32	0	23	18	34	43	0	40	0	62	51	0	34	18	104	18	104	0	0	34	0	0	0	0	43	0	8	0	0	11	0	0	62	41	18	8	26	0	15	91	0	51	0	0	0	62
0	0	0	0	0	0	0	0	0	0	0	0	0	0	0	0	0	0	89	0	89	0	0	0	0	0	0	0	0	0	0	0	0	0	0	0	0	0	0	0	0	0	0	70	0	0	0	0	0	0
0	0	0	0	0	0	0	0	0	4	0	0	0	41	20	0	0	0	97	0	97	0	0	0	0	0	0	0	4	0	0	0	0	0	0	0	41	0	0	0	0	0	0	82	0	20	0	0	0	41
32	30	0	0	20	0	8	0	23	34	0	30	0	56	43	0	23	0	102	0	102	0	0	23	0	0	0	0	34	0	0	0	0	0	0	0	56	32	0	0	11	0	0	89	0	43	0	0	0	56
38	36	0	0	28	0	18	11	30	40	0	36	0	60	48	0	30	11	103	11	103	0	0	30	0	0	0	0	40	0	0	0	0	4	0	0	60	38	11	0	20	0	8	90	0	48	0	0	0	60
26	23	0	0	11	0	0	0	15	28	0	23	0	53	38	0	15	0	100	0	100	0	0	15	0	0	0	0	28	0	0	0	0	0	0	0	53	26	0	0	0	0	0	87	0	38	0	0	0	53
46	45	18	0	38	0	30	26	40	48	0	45	0	65	54	0	40	26	105	26	105	11	0	40	0	0	11	0	48	0	18	0	0	20	0	11	65	46	26	18	32	0	23	93	0	54	0	11	0	65
34	32	0	0	23	0	11	4	26	36	0	32	0	57	45	0	26	4	102	4	102	0	0	26	0	0	0	0	36	0	0	0	0	0	0	0	57	34	4	0	15	0	0	89	0	45	0	0	0	57
0	0	0	0	0	0	0	0	0	0	0	0	0	0	0	0	0	0	56	0	56	0	0	0	0	0	0	0	0	0	0	0	0	0	0	0	0	0	0	0	0	0	0	0	0	0	0	0	0	0
46	45	18	0	38	0	30	26	40	48	0	45	0	65	54	0	40	26	105	26	105	11	0	40	0	0	11	0	48	0	18	0	0	20	0	11	65	46	26	18	32	0	23	93	0	54	0	11	0	65
0	0	0	0	0	0	0	0	0	0	0	0	0	30	0	0	0	0	94	0	94	0	0	0	0	0	0	0	0	0	0	0	0	0	0	0	30	0	0	0	0	0	0	78	0	0	0	0	0	30
46	45	18	0	38	0	30	26	40	48	0	45	0	65	54	0	40	26	105	26	105	11	0	40	0	0	11	0	48	0	18	0	0	20	0	11	65	46	26	18	32	0	23	93	0	54	0	11	0	65
41	40	8	0	32	0	23	18	34	43	0	40	0	62	51	0	34	18	104	18	104	0	0	34	0	0	0	0	43	0	8	0	0	11	0	0	62	41	18	8	26	0	15	91	0	51	0	0	0	62
46	45	18	0	38	0	30	26	40	48	0	45	0	65	54	0	40	26	105	26	105	11	0	40	0	0	11	0	48	0	18	0	0	20	0	11	65	46	26	18	32	0	23	93	0	54	0	11	0	65
0	0	0	0	0	0	0	0	0	0	0	0	0	0	0	0	0	0	89	0	89	0	0	0	0	0	0	0	0	0	0	0	0	0	0	0	0	0	0	0	0	0	0	70	0	0	0	0	0	0

0	4	38	53	18	49	28	32	15	0	46	4	56	0	0	53	15	32	0	32	0	41	53	15	51	53	41	56	0	46	38	53	46	36	51	41	0	0	32	38	26	46	34	0	46	0	46	41	46	0
0	0	36	52	15	48	26	30	11	0	45	0	54	0	0	52	11	30	0	30	0	40	52	11	49	52	40	54	0	45	36	52	45	34	49	40	0	0	30	36	23	45	32	0	45	0	45	40	45	0
0	0	0	30	0	23	0	0	0	0	18	0	34	0	0	30	0	0	0	0	0	8	30	0	26	30	8	34	0	18	0	30	18	0	26	8	0	0	0	0	0	18	0	0	18	0	18	8	18	0
0	0	0	0	0	0	0	0	0	0	0	0	8	0	0	0	0	0	0	0	0	0	0	0	0	0	0	8	0	0	0	0	0	0	0	0	0	0	0	0	0	0	0	0	0	0	0	0	0	0
0	0	28	46	0	41	15	20	0	0	38	0	49	0	0	46	0	20	0	20	0	32	46	0	43	46	32	49	0	38	28	46	38	26	43	32	0	0	20	28	11	38	23	0	38	0	38	32	38	0
0	0	0	11	0	0	0	0	0	0	0	0	18	0	0	11	0	0	0	0	0	0	11	0	4	11	0	18	0	0	0	11	0	0	4	0	0	0	0	0	0	0	0	0	0	0	0	0	0	0
0	0	18	40	0	34	0	8	0	0	30	0	43	0	0	40	0	8	0	8	0	23	40	0	36	40	23	43	0	30	18	40	30	15	36	23	0	0	8	18	0	30	11	0	30	0	30	23	30	0
0	0	11	36	0	30	0	0	0	0	26	0	40	0	0	36	0	0	0	0	0	18	36	0	32	36	18	40	0	26	11	36	26	8	32	18	0	0	0	11	0	26	4	0	26	0	26	18	26	0
0	0	30	48	4	43	18	23	0	0	40	0	51	0	0	48	0	23	0	23	0	34	48	0	45	48	34	51	0	40	30	48	40	28	45	34	0	0	23	30	15	40	26	0	40	0	40	34	40	0
4	8	40	54	20	51	30	34	18	0	48	8	56	0	0	54	18	34	0	34	0	43	54	18	52	54	43	56	0	48	40	54	48	38	52	43	0	4	34	40	28	48	36	0	48	0	48	43	48	0
0	0	0	18	0	8	0	0	0	0	0	0	23	0	0	18	0	0	0	0	0	0	18	0	11	18	0	23	0	0	0	18	0	0	11	0	0	0	0	0	0	0	0	0	0	0	0	0	0	0
0	0	36	52	15	48	26	30	11	0	45	0	54	0	0	52	11	30	0	30	0	40	52	11	49	52	40	54	0	45	36	52	45	34	49	40	0	0	30	36	23	45	32	0	45	0	45	40	45	0
0	0	0	0	0	0	0	0	0	0	0	0	0	0	0	0	0	0	0	0	0	0	0	0	0	0	0	0	0	0	0	0	0	0	0	0	0	0	0	0	0	0	0	0	0	0	0	0	0	0
41	43	60	70	49	67	54	56	48	40	65	43	72	0	30	70	48	56	0	56	0	62	70	48	68	70	62	72	40	65	60	70	65	59	68	62	0	41	56	60	53	65	57	0	65	30	65	62	65	0
20	23	48	60	32	56	40	43	30	18	54	23	62	0	0	60	30	43	0	43	0	51	60	30	57	60	51	62	18	54	48	60	54	46	57	51	0	20	43	48	38	54	45	0	54	0	54	51	54	0
0	0	0	0	0	0	0	0	0	0	0	0	8	0	0	0	0	0	0	0	0	0	0	0	0	0	0	8	0	0	0	0	0	0	0	0	0	0	0	0	0	0	0	0	0	0	0	0	0	0
0	0	30	48	4	43	18	23	0	0	40	0	51	0	0	48	0	23	0	23	0	34	48	0	45	48	34	51	0	40	30	48	40	28	45	34	0	0	23	30	15	40	26	0	40	0	40	34	40	0
0	0	11	36	0	30	0	0	0	0	26	0	40	0	0	36	0	0	0	0	0	18	36	0	32	36	18	40	0	26	11	36	26	8	32	18	0	0	0	11	0	26	4	0	26	0	26	18	26	0
97	97	103	107	99	106	101	102	99	96	105	97	108	89	94	107	99	102	0	102	0	104	107	99	106	107	104	108	96	105	103	107	105	103	106	104	89	97	102	103	100	105	102	56	105	94	105	104	105	89
0	0	11	36	0	30	0	0	0	0	26	0	40	0	0	36	0	0	0	0	0	18	36	0	32	36	18	40	0	26	11	36	26	8	32	18	0	0	0	11	0	26	4	0	26	0	26	18	26	0
97	97	103	107	99	106	101	102	99	96	105	97	108	89	94	107	99	102	0	102	0	104	107	99	106	107	104	108	96	105	103	107	105	103	106	104	89	97	102	103	100	105	102	56	105	94	105	104	105	89
0	0	0	26	0	18	0	0	0	0	11	0	30	0	0	26	0	0	0	0	0	0	26	0	20	26	0	30	0	11	0	26	11	0	20	0	0	0	0	0	0	11	0	0	11	0	11	0	11	0
0	0	0	0	0	0	0	0	0	0	0	0	8	0	0	0	0	0	0	0	0	0	0	0	0	0	0	8	0	0	0	0	0	0	0	0	0	0	0	0	0	0	0	0	0	0	0	0	0	0
0	0	30	48	4	43	18	23	0	0	40	0	51	0	0	48	0	23	0	23	0	34	48	0	45	48	34	51	0	40	30	48	40	28	45	34	0	0	23	30	15	40	26	0	40	0	40	34	40	0
0	0	0	8	0	0	0	0	0	0	0	0	15	0	0	8	0	0	0	0	0	0	8	0	0	8	0	15	0	0	0	8	0	0	0	0	0	0	0	0	0	0	0	0	0	0	0	0	0	0
0	0	0	0	0	0	0	0	0	0	0	0	8	0	0	0	0	0	0	0	0	0	0	0	0	0	0	8	0	0	0	0	0	0	0	0	0	0	0	0	0	0	0	0	0	0	0	0	0	0
0	0	0	26	0	18	0	0	0	0	11	0	30	0	0	26	0	0	0	0	0	0	26	0	20	26	0	30	0	11	0	26	11	0	20	0	0	0	0	0	0	11	0	0	11	0	11	0	11	0
0	0	0	0	0	0	0	0	0	0	0	0	0	0	0	0	0	0	0	0	0	0	0	0	0	0	0	0	0	0	0	0	0	0	0	0	0	0	0	0	0	0	0	0	0	0	0	0	0	0
4	8	40	54	20	51	30	34	18	0	48	8	56	0	0	54	18	34	0	34	0	43	54	18	52	54	43	56	0	48	40	54	48	38	52	43	0	4	34	40	28	48	36	0	48	0	48	43	48	0
0	0	0	18	0	8	0	0	0	0	0	0	23	0	0	18	0	0	0	0	0	0	18	0	11	18	0	23	0	0	0	18	0	0	11	0	0	0	0	0	0	0	0	0	0	0	0	0	0	0
0	0	0	30	0	23	0	0	0	0	18	0	34	0	0	30	0	0	0	0	0	8	30	0	26	30	8	34	0	18	0	30	18	0	26	8	0	0	0	0	0	18	0	0	18	0	18	8	18	0
0	0	0	0	0	0	0	0	0	0	0	0	8	0	0	0	0	0	0	0	0	0	0	0	0	0	0	8	0	0	0	0	0	0	0	0	0	0	0	0	0	0	0	0	0	0	0	0	0	0
0	0	0	18	0	8	0	0	0	0	0	0	23	0	0	18	0	0	0	0	0	0	18	0	11	18	0	23	0	0	0	18	0	0	11	0	0	0	0	0	0	0	0	0	0	0	0	0	0	0
0	0	4	32	0	26	0	0	0	0	20	0	36	0	0	32	0	0	0	0	0	11	32	0	28	32	11	36	0	20	4	32	20	0	28	11	0	0	0	4	0	20	0	0	20	0	20	11	20	0
0	0	0	8	0	0	0	0	0	0	0	0	15	0	0	8	0	0	0	0	0	0	8	0	0	8	0	15	0	0	0	8	0	0	0	0	0	0	0	0	0	0	0	0	0	0	0	0	0	0
0	0	0	26	0	18	0	0	0	0	11	0	30	0	0	26	0	0	0	0	0	0	26	0	20	26	0	30	0	11	0	26	11	0	20	0	0	0	0	0	0	11	0	0	11	0	11	0	11	0
41	43	60	70	49	67	54	56	48	40	65	43	72	0	30	70	48	56	0	56	0	62	70	48	68	70	62	72	40	65	60	70	65	59	68	62	0	41	56	60	53	65	57	0	65	30	65	62	65	0
0	4	38	53	18	49	28	32	15	0	46	4	56	0	0	53	15	32	0	32	0	41	53	15	51	53	41	56	0	46	38	53	46	36	51	41	0	0	32	38	26	46	34	0	46	0	46	41	46	0
0	0	11	36	0	30	0	0	0	0	26	0	40	0	0	36	0	0	0	0	0	18	36	0	32	36	18	40	0	26	11	36	26	8	32	18	0	0	0	11	0	26	4	0	26	0	26	18	26	0
0	0	0	30	0	23	0	0	0	0	18	0	34	0	0	30	0	0	0	0	0	8	30	0	26	30	8	34	0	18	0	30	18	0	26	8	0	0	0	0	0	18	0	0	18	0	18	8	18	0
0	0	20	41	0	36	4	11	0	0	32	0	45	0	0	41	0	11	0	11	0	26	41	0	38	41	26	45	0	32	20	41	32	18	38	26	0	0	11	20	0	32	15	0	32	0	32	26	32	0
0	0	0	18	0	8	0	0	0	0	0	0	23	0	0	18	0	0	0	0	0	0	18	0	11	18	0	23	0	0	0	18	0	0	11	0	0	0	0	0	0	0	0	0	0	0	0	0	0	0
0	0	8	34	0	28	0	0	0	0	23	0	38	0	0	34	0	0	0	0	0	15	34	0	30	34	15	38	0	23	8	34	23	4	30	15	0	0	0	8	0	23	0	0	23	0	23	15	23	0
82	83	90	95	85	94	87	89	84	81	93	83	96	70	78	95	84	89	0	89	0	91	95	84	94	95	91	96	81	93	90	95	93	90	94	91	70	82	89	90	87	93	89	0	93	78	93	91	93	70
0	0	0	18	0	8	0	0	0	0	0	0	23	0	0	18	0	0	0	0	0	0	18	0	11	18	0	23	0	0	0	18	0	0	11	0	0	0	0	0	0	0	0	0	0	0	0	0	0	0
20	23	48	60	32	56	40	43	30	18	54	23	62	0	0	60	30	43	0	43	0	51	60	30	57	60	51	62	18	54	48	60	54	46	57	51	0	20	43	48	38	54	45	0	54	0	54	51	54	0
0	0	0	18	0	8	0	0	0	0	0	0	23	0	0	18	0	0	0	0	0	0	18	0	11	18	0	23	0	0	0	18	0	0	11	0	0	0	0	0	0	0	0	0	0	0	0	0	0	0
0	0	0	26	0	18	0	0	0	0	11	0	30	0	0	26	0	0	0	0	0	0	26	0	20	26	0	30	0	11	0	26	11	0	20	0	0	0	0	0	0	11	0	0	11	0	11	0	11	0
0	0	0	18	0	8	0	0	0	0	0	0	23	0	0	18	0	0	0	0	0	0	18	0	11	18	0	23	0	0	0	18	0	0	11	0	0	0	0	0	0	0	0	0	0	0	0	0	0	0
41	43	60	70	49	67	54	56	48	40	65	43	72	0	30	70	48	56	0	56	0	62	70	48	68	70	62	72	40	65	60	70	65	59	68	62	0	41	56	60	53	65	57	0	65	30	65	62	65	0