670 905 907 884 914 938 844 730 932 901 946 917 910 887 941 683 773 951 790 829 873 866 918 289 778 719 684 792 896 921 907 771 767 843 907 998 879 888 946 908 793 974 906 825 913 810 944 941 812 839

84

24 21 21 21 21 21 22 24 21 21 20 21 21 21 21 24 23 20 23 22 21 22 21 30 23 24 24 23 21 21 21 23 23 22 21 20 21 21 20 21 23 20 21 22 21 22 20 21 22 22

22.03485523748536 19.966435883420935 24.989966216917725 33.011416827914836

11398

0	0	0	0	0	0	0	0	0	0	0	0	0	0	0	0	0	0	0	0	0	0	0	0	0	0	0	0	0	0	0	0	0	0	0	0	0	0	0	0	0	0	0	0	0	0	0	0	0	0
273	0	196	196	206	240	242	0	128	0	212	0	0	231	200	242	261	242	0	0	0	254	0	273	258	219	0	0	0	180	246	222	128	242	90	242	252	212	242	0	271	243	256	254	78	204	239	233	272	263
265	0	0	0	140	221	223	0	0	0	162	0	0	208	104	223	250	223	0	0	0	243	0	265	247	182	0	0	0	0	229	188	0	224	0	224	240	162	224	0	262	225	244	242	0	134	220	209	264	252
265	0	0	0	140	221	223	0	0	0	162	0	0	208	104	223	250	223	0	0	0	243	0	265	247	182	0	0	0	0	229	188	0	224	0	224	240	162	224	0	262	225	244	242	0	134	220	209	264	252
263	0	0	0	0	214	217	0	0	0	126	0	0	199	0	217	247	217	0	0	0	239	0	263	243	162	0	0	0	0	224	172	0	218	0	218	236	126	218	0	259	220	240	238	0	0	212	200	261	249
246	0	0	0	0	0	104	0	0	0	0	0	0	0	0	104	219	104	0	0	0	202	0	246	212	0	0	0	0	0	157	0	0	118	0	118	196	0	118	0	241	132	206	202	0	0	0	0	244	224
245	0	0	0	0	0	0	0	0	0	0	0	0	0	0	0	216	0	0	0	0	199	0	245	209	0	0	0	0	0	143	0	0	70	0	70	191	0	70	0	239	104	202	198	0	0	0	0	242	221
288	235	250	250	252	268	269	0	239	217	254	222	229	264	250	269	280	269	200	219	214	276	222	288	278	258	0	206	224	246	271	259	239	269	237	269	275	254	269	235	286	269	277	276	236	252	267	264	288	281
272	0	186	186	199	237	239	0	0	0	206	0	0	229	192	239	259	239	0	0	0	252	0	272	256	214	0	0	0	165	243	217	0	239	0	239	250	206	239	0	269	240	254	252	0	197	236	229	271	261
279	189	223	223	227	252	252	0	198	0	231	126	167	246	225	252	268	252	0	90	0	264	126	279	266	237	0	0	145	215	256	239	198	252	193	252	262	231	252	189	277	254	265	264	192	227	250	246	278	270
261	0	0	0	0	208	211	0	0	0	0	0	0	190	0	211	244	211	0	0	0	235	0	261	240	140	0	0	0	0	219	154	0	213	0	213	231	0	213	0	258	215	237	235	0	0	206	192	260	246
278	179	218	218	224	249	250	0	190	0	227	0	148	243	221	250	267	250	0	0	0	262	0	278	265	233	0	0	104	209	254	235	190	250	183	250	260	227	250	179	275	252	263	262	182	224	249	244	277	268
276	151	209	209	216	245	247	0	170	0	221	0	0	238	212	247	264	247	0	0	0	259	0	276	262	227	0	0	0	197	250	229	170	247	159	247	257	221	247	151	273	248	260	259	157	216	244	239	275	266
252	0	0	0	0	161	171	0	0	0	0	0	0	0	0	171	229	171	0	0	0	217	0	252	224	0	0	0	0	0	189	0	0	174	0	174	212	0	174	0	247	179	219	216	0	0	157	60	250	233
264	0	0	0	118	218	221	0	0	0	151	0	0	204	0	221	249	221	0	0	0	241	0	264	245	175	0	0	0	0	227	182	0	222	0	222	238	151	222	0	261	223	242	241	0	108	217	206	263	250
245	0	0	0	0	0	0	0	0	0	0	0	0	0	0	0	216	0	0	0	0	199	0	245	209	0	0	0	0	0	143	0	0	70	0	70	191	0	70	0	239	104	202	198	0	0	0	0	242	221
213	0	0	0	0	0	0	0	0	0	0	0	0	0	0	0	0	0	0	0	0	0	0	213	0	0	0	0	0	0	0	0	0	0	0	0	0	0	0	0	200	0	0	0	0	0	0	0	208	123
245	0	0	0	0	0	0	0	0	0	0	0	0	0	0	0	216	0	0	0	0	199	0	245	209	0	0	0	0	0	143	0	0	70	0	70	191	0	70	0	239	104	202	198	0	0	0	0	242	221
282	210	233	233	238	257	259	0	216	168	241	181	197	252	235	259	272	259	0	174	159	268	181	282	270	245	0	114	188	227	261	246	216	259	212	259	267	241	259	210	280	260	269	268	211	237	257	252	281	274
279	185	221	221	227	250	252	0	195	0	231	104	160	245	223	252	268	252	0	0	0	263	104	279	266	235	0	0	132	212	254	237	195	252	189	252	261	231	252	185	276	252	264	263	188	225	250	245	278	269
280	194	225	225	229	252	254	0	202	100	234	143	175	247	227	254	269	254	0	123	0	265	143	280	267	238	0	0	157	217	257	240	202	254	197	254	263	234	254	194	277	254	265	265	196	229	252	248	279	271
227	0	0	0	0	0	0	0	0	0	0	0	0	0	0	0	170	0	0	0	0	0	0	227	141	0	0	0	0	0	0	0	0	0	0	0	0	0	0	0	218	0	95	0	0	0	0	0	223	182
278	179	218	218	224	249	250	0	190	0	227	0	148	243	221	250	267	250	0	0	0	262	0	278	265	233	0	0	104	209	254	235	190	250	183	250	260	227	250	179	275	252	263	262	182	224	249	244	277	268
0	0	0	0	0	0	0	0	0	0	0	0	0	0	0	0	0	0	0	0	0	0	0	0	0	0	0	0	0	0	0	0	0	0	0	0	0	0	0	0	0	0	0	0	0	0	0	0	0	0
220	0	0	0	0	0	0	0	0	0	0	0	0	0	0	0	140	0	0	0	0	0	0	220	0	0	0	0	0	0	0	0	0	0	0	0	0	0	0	0	210	0	0	0	0	0	0	0	216	161
259	0	0	0	0	198	202	0	0	0	0	0	0	175	0	202	240	202	0	0	0	231	0	259	236	0	0	0	0	0	212	104	0	204	0	204	227	0	204	0	254	206	231	229	0	0	196	177	257	243
295	254	264	264	266	278	278	209	256	243	268	246	250	275	265	278	288	278	235	244	242	285	246	295	286	270	0	237	247	261	280	271	256	279	254	279	284	268	279	254	293	279	285	285	254	266	277	275	294	289
281	204	231	231	235	256	257	0	211	154	239	172	191	250	233	257	271	257	0	162	141	267	172	281	269	243	0	0	179	224	260	244	211	258	208	258	266	239	258	204	279	258	268	267	206	235	254	250	280	273
277	171	215	215	222	248	249	0	184	0	225	0	130	242	218	249	266	249	0	0	0	261	0	277	264	231	0	0	0	204	252	233	184	250	176	250	259	225	250	171	275	250	262	261	175	221	247	242	276	267
268	0	146	146	172	227	229	0	0	0	185	0	0	217	159	229	254	229	0	0	0	247	0	268	250	197	0	0	0	0	235	202	0	231	0	231	245	185	231	0	265	231	248	247	0	170	227	218	267	256
241	0	0	0	0	0	0	0	0	0	0	0	0	0	0	0	208	0	0	0	0	185	0	241	198	0	0	0	0	0	0	0	0	0	0	0	174	0	0	0	234	0	190	185	0	0	0	0	238	213
258	0	0	0	0	193	198	0	0	0	0	0	0	166	0	198	238	198	0	0	0	227	0	258	234	0	0	0	0	0	209	0	0	200	0	200	225	0	200	0	252	202	229	227	0	0	191	169	256	241
272	0	186	186	199	237	239	0	0	0	206	0	0	229	192	239	259	239	0	0	0	252	0	272	256	214	0	0	0	165	243	217	0	239	0	239	250	206	239	0	269	240	254	252	0	197	236	229	271	261
244	0	0	0	0	0	0	0	0	0	0	0	0	0	0	0	215	0	0	0	0	197	0	244	206	0	0	0	0	0	136	0	0	0	0	0	189	0	0	0	239	85	200	196	0	0	0	0	242	220
273	0	192	192	202	239	240	0	108	0	210	0	0	231	197	240	260	240	0	0	0	254	0	273	257	217	0	0	0	175	245	220	108	241	0	241	252	210	241	0	270	242	254	254	0	202	238	231	272	262
244	0	0	0	0	0	0	0	0	0	0	0	0	0	0	0	215	0	0	0	0	197	0	244	206	0	0	0	0	0	136	0	0	0	0	0	189	0	0	0	239	85	200	196	0	0	0	0	242	220
229	0	0	0	0	0	0	0	0	0	0	0	0	0	0	0	182	0	0	0	0	123	0	229	162	0	0	0	0	0	0	0	0	0	0	0	0	0	0	0	222	0	140	120	0	0	0	0	227	191
261	0	0	0	0	208	211	0	0	0	0	0	0	190	0	211	244	211	0	0	0	235	0	261	240	140	0	0	0	0	219	154	0	213	0	213	231	0	213	0	258	215	237	235	0	0	206	192	260	246
244	0	0	0	0	0	0	0	0	0	0	0	0	0	0	0	215	0	0	0	0	197	0	244	206	0	0	0	0	0	136	0	0	0	0	0	189	0	0	0	239	85	200	196	0	0	0	0	242	220
273	0	196	196	206	240	242	0	128	0	212	0	0	231	200	242	261	242	0	0	0	254	0	273	258	219	0	0	0	180	246	222	128	242	90	242	252	212	242	0	271	243	256	254	78	204	239	233	272	263
154	0	0	0	0	0	0	0	0	0	0	0	0	0	0	0	0	0	0	0	0	0	0	154	0	0	0	0	0	0	0	0	0	0	0	0	0	0	0	0	0	0	0	0	0	0	0	0	130	0
243	0	0	0	0	0	0	0	0	0	0	0	0	0	0	0	213	0	0	0	0	194	0	243	204	0	0	0	0	0	123	0	0	0	0	0	185	0	0	0	237	0	198	193	0	0	0	0	241	218
225	0	0	0	0	0	0	0	0	0	0	0	0	0	0	0	162	0	0	0	0	0	0	225	126	0	0	0	0	0	0	0	0	0	0	0	0	0	0	0	216	0	0	0	0	0	0	0	221	176
227	0	0	0	0	0	0	0	0	0	0	0	0	0	0	0	171	0	0	0	0	30	0	227	143	0	0	0	0	0	0	0	0	0	0	0	0	0	0	0	218	0	100	0	0	0	0	0	223	183
273	0	193	193	204	239	241	0	114	0	210	0	0	231	198	241	260	241	0	0	0	254	0	273	258	218	0	0	0	176	245	221	114	241	48	241	252	210	241	0	270	242	256	254	0	202	238	231	272	262
263	0	0	0	60	215	218	0	0	0	132	0	0	200	0	218	247	218	0	0	0	239	0	263	243	165	0	0	0	0	225	174	0	219	0	219	236	132	219	0	260	220	240	239	0	0	213	200	262	249
247	0	0	0	0	70	118	0	0	0	0	0	0	0	0	118	220	118	0	0	0	204	0	247	213	0	0	0	0	0	161	0	0	128	0	128	198	0	128	0	242	140	208	204	0	0	0	0	245	225
252	0	0	0	0	158	168	0	0	0	0	0	0	0	0	168	229	168	0	0	0	216	0	252	223	0	0	0	0	0	187	0	0	172	0	172	211	0	172	0	247	176	218	216	0	0	153	0	250	231
120	0	0	0	0	0	0	0	0	0	0	0	0	0	0	0	0	0	0	0	0	0	0	120	0	0	0	0	0	0	0	0	0	0	0	0	0	0	0	0	0	0	0	0	0	0	0	0	0	0
208	0	0	0	0	0	0	0	0	0	0	0	0	0	0	0	0	0	0	0	0	0	0	208	0	0	0	0	0	0	0	0	0	0	0	0	0	0	0	0	193	0	0	0	0	0	0	0	202	0

0	273	265	265	263	246	245	288	272	279	261	278	276	252	264	245	213	245	282	279	280	227	278	0	220	259	295	281	277	268	241	258	272	244	273	244	229	261	244	273	154	243	225	227	273	263	247	252	120	208
0	0	0	0	0	0	0	235	0	189	0	179	151	0	0	0	0	0	210	185	194	0	179	0	0	0	254	204	171	0	0	0	0	0	0	0	0	0	0	0	0	0	0	0	0	0	0	0	0	0
0	196	0	0	0	0	0	250	186	223	0	218	209	0	0	0	0	0	233	221	225	0	218	0	0	0	264	231	215	146	0	0	186	0	192	0	0	0	0	196	0	0	0	0	193	0	0	0	0	0
0	196	0	0	0	0	0	250	186	223	0	218	209	0	0	0	0	0	233	221	225	0	218	0	0	0	264	231	215	146	0	0	186	0	192	0	0	0	0	196	0	0	0	0	193	0	0	0	0	0
0	206	140	140	0	0	0	252	199	227	0	224	216	0	118	0	0	0	238	227	229	0	224	0	0	0	266	235	222	172	0	0	199	0	202	0	0	0	0	206	0	0	0	0	204	60	0	0	0	0
0	240	221	221	214	0	0	268	237	252	208	249	245	161	218	0	0	0	257	250	252	0	249	0	0	198	278	256	248	227	0	193	237	0	239	0	0	208	0	240	0	0	0	0	239	215	70	158	0	0
0	242	223	223	217	104	0	269	239	252	211	250	247	171	221	0	0	0	259	252	254	0	250	0	0	202	278	257	249	229	0	198	239	0	240	0	0	211	0	242	0	0	0	0	241	218	118	168	0	0
0	0	0	0	0	0	0	0	0	0	0	0	0	0	0	0	0	0	0	0	0	0	0	0	0	0	209	0	0	0	0	0	0	0	0	0	0	0	0	0	0	0	0	0	0	0	0	0	0	0
0	128	0	0	0	0	0	239	0	198	0	190	170	0	0	0	0	0	216	195	202	0	190	0	0	0	256	211	184	0	0	0	0	0	108	0	0	0	0	128	0	0	0	0	114	0	0	0	0	0
0	0	0	0	0	0	0	217	0	0	0	0	0	0	0	0	0	0	168	0	100	0	0	0	0	0	243	154	0	0	0	0	0	0	0	0	0	0	0	0	0	0	0	0	0	0	0	0	0	0
0	212	162	162	126	0	0	254	206	231	0	227	221	0	151	0	0	0	241	231	234	0	227	0	0	0	268	239	225	185	0	0	206	0	210	0	0	0	0	212	0	0	0	0	210	132	0	0	0	0
0	0	0	0	0	0	0	222	0	126	0	0	0	0	0	0	0	0	181	104	143	0	0	0	0	0	246	172	0	0	0	0	0	0	0	0	0	0	0	0	0	0	0	0	0	0	0	0	0	0
0	0	0	0	0	0	0	229	0	167	0	148	0	0	0	0	0	0	197	160	175	0	148	0	0	0	250	191	130	0	0	0	0	0	0	0	0	0	0	0	0	0	0	0	0	0	0	0	0	0
0	231	208	208	199	0	0	264	229	246	190	243	238	0	204	0	0	0	252	245	247	0	243	0	0	175	275	250	242	217	0	166	229	0	231	0	0	190	0	231	0	0	0	0	231	200	0	0	0	0
0	200	104	104	0	0	0	250	192	225	0	221	212	0	0	0	0	0	235	223	227	0	221	0	0	0	265	233	218	159	0	0	192	0	197	0	0	0	0	200	0	0	0	0	198	0	0	0	0	0
0	242	223	223	217	104	0	269	239	252	211	250	247	171	221	0	0	0	259	252	254	0	250	0	0	202	278	257	249	229	0	198	239	0	240	0	0	211	0	242	0	0	0	0	241	218	118	168	0	0
0	261	250	250	247	219	216	280	259	268	244	267	264	229	249	216	0	216	272	268	269	170	267	0	140	240	288	271	266	254	208	238	259	215	260	215	182	244	215	261	0	213	162	171	260	247	220	229	0	0
0	242	223	223	217	104	0	269	239	252	211	250	247	171	221	0	0	0	259	252	254	0	250	0	0	202	278	257	249	229	0	198	239	0	240	0	0	211	0	242	0	0	0	0	241	218	118	168	0	0
0	0	0	0	0	0	0	200	0	0	0	0	0	0	0	0	0	0	0	0	0	0	0	0	0	0	235	0	0	0	0	0	0	0	0	0	0	0	0	0	0	0	0	0	0	0	0	0	0	0
0	0	0	0	0	0	0	219	0	90	0	0	0	0	0	0	0	0	174	0	123	0	0	0	0	0	244	162	0	0	0	0	0	0	0	0	0	0	0	0	0	0	0	0	0	0	0	0	0	0
0	0	0	0	0	0	0	214	0	0	0	0	0	0	0	0	0	0	159	0	0	0	0	0	0	0	242	141	0	0	0	0	0	0	0	0	0	0	0	0	0	0	0	0	0	0	0	0	0	0
0	254	243	243	239	202	199	276	252	264	235	262	259	217	241	199	0	199	268	263	265	0	262	0	0	231	285	267	261	247	185	227	252	197	254	197	123	235	197	254	0	194	0	30	254	239	204	216	0	0
0	0	0	0	0	0	0	222	0	126	0	0	0	0	0	0	0	0	181	104	143	0	0	0	0	0	246	172	0	0	0	0	0	0	0	0	0	0	0	0	0	0	0	0	0	0	0	0	0	0
0	273	265	265	263	246	245	288	272	279	261	278	276	252	264	245	213	245	282	279	280	227	278	0	220	259	295	281	277	268	241	258	272	244	273	244	229	261	244	273	154	243	225	227	273	263	247	252	120	208
0	258	247	247	243	212	209	278	256	266	240	265	262	224	245	209	0	209	270	266	267	141	265	0	0	236	286	269	264	250	198	234	256	206	257	206	162	240	206	258	0	204	126	143	258	243	213	223	0	0
0	219	182	182	162	0	0	258	214	237	140	233	227	0	175	0	0	0	245	235	238	0	233	0	0	0	270	243	231	197	0	0	214	0	217	0	0	140	0	219	0	0	0	0	218	165	0	0	0	0
0	0	0	0	0	0	0	0	0	0	0	0	0	0	0	0	0	0	0	0	0	0	0	0	0	0	0	0	0	0	0	0	0	0	0	0	0	0	0	0	0	0	0	0	0	0	0	0	0	0
0	0	0	0	0	0	0	206	0	0	0	0	0	0	0	0	0	0	114	0	0	0	0	0	0	0	237	0	0	0	0	0	0	0	0	0	0	0	0	0	0	0	0	0	0	0	0	0	0	0
0	0	0	0	0	0	0	224	0	145	0	104	0	0	0	0	0	0	188	132	157	0	104	0	0	0	247	179	0	0	0	0	0	0	0	0	0	0	0	0	0	0	0	0	0	0	0	0	0	0
0	180	0	0	0	0	0	246	165	215	0	209	197	0	0	0	0	0	227	212	217	0	209	0	0	0	261	224	204	0	0	0	165	0	175	0	0	0	0	180	0	0	0	0	176	0	0	0	0	0
0	246	229	229	224	157	143	271	243	256	219	254	250	189	227	143	0	143	261	254	257	0	254	0	0	212	280	260	252	235	0	209	243	136	245	136	0	219	136	246	0	123	0	0	245	225	161	187	0	0
0	222	188	188	172	0	0	259	217	239	154	235	229	0	182	0	0	0	246	237	240	0	235	0	0	104	271	244	233	202	0	0	217	0	220	0	0	154	0	222	0	0	0	0	221	174	0	0	0	0
0	128	0	0	0	0	0	239	0	198	0	190	170	0	0	0	0	0	216	195	202	0	190	0	0	0	256	211	184	0	0	0	0	0	108	0	0	0	0	128	0	0	0	0	114	0	0	0	0	0
0	242	224	224	218	118	70	269	239	252	213	250	247	174	222	70	0	70	259	252	254	0	250	0	0	204	279	258	250	231	0	200	239	0	241	0	0	213	0	242	0	0	0	0	241	219	128	172	0	0
0	90	0	0	0	0	0	237	0	193	0	183	159	0	0	0	0	0	212	189	197	0	183	0	0	0	254	208	176	0	0	0	0	0	0	0	0	0	0	90	0	0	0	0	48	0	0	0	0	0
0	242	224	224	218	118	70	269	239	252	213	250	247	174	222	70	0	70	259	252	254	0	250	0	0	204	279	258	250	231	0	200	239	0	241	0	0	213	0	242	0	0	0	0	241	219	128	172	0	0
0	252	240	240	236	196	191	275	250	262	231	260	257	212	238	191	0	191	267	261	263	0	260	0	0	227	284	266	259	245	174	225	250	189	252	189	0	231	189	252	0	185	0	0	252	236	198	211	0	0
0	212	162	162	126	0	0	254	206	231	0	227	221	0	151	0	0	0	241	231	234	0	227	0	0	0	268	239	225	185	0	0	206	0	210	0	0	0	0	212	0	0	0	0	210	132	0	0	0	0
0	242	224	224	218	118	70	269	239	252	213	250	247	174	222	70	0	70	259	252	254	0	250	0	0	204	279	258	250	231	0	200	239	0	241	0	0	213	0	242	0	0	0	0	241	219	128	172	0	0
0	0	0	0	0	0	0	235	0	189	0	179	151	0	0	0	0	0	210	185	194	0	179	0	0	0	254	204	171	0	0	0	0	0	0	0	0	0	0	0	0	0	0	0	0	0	0	0	0	0
0	271	262	262	259	241	239	286	269	277	258	275	273	247	261	239	200	239	280	276	277	218	275	0	210	254	293	279	275	265	234	252	269	239	270	239	222	258	239	271	0	237	216	218	270	260	242	247	0	193
0	243	225	225	220	132	104	269	240	254	215	252	248	179	223	104	0	104	260	252	254	0	252	0	0	206	279	258	250	231	0	202	240	85	242	85	0	215	85	243	0	0	0	0	242	220	140	176	0	0
0	256	244	244	240	206	202	277	254	265	237	263	260	219	242	202	0	202	269	264	265	95	263	0	0	231	285	268	262	248	190	229	254	200	254	200	140	237	200	256	0	198	0	100	256	240	208	218	0	0
0	254	242	242	238	202	198	276	252	264	235	262	259	216	241	198	0	198	268	263	265	0	262	0	0	229	285	267	261	247	185	227	252	196	254	196	120	235	196	254	0	193	0	0	254	239	204	216	0	0
0	78	0	0	0	0	0	236	0	192	0	182	157	0	0	0	0	0	211	188	196	0	182	0	0	0	254	206	175	0	0	0	0	0	0	0	0	0	0	78	0	0	0	0	0	0	0	0	0	0
0	204	134	134	0	0	0	252	197	227	0	224	216	0	108	0	0	0	237	225	229	0	224	0	0	0	266	235	221	170	0	0	197	0	202	0	0	0	0	204	0	0	0	0	202	0	0	0	0	0
0	239	220	220	212	0	0	267	236	250	206	249	244	157	217	0	0	0	257	250	252	0	249	0	0	196	277	254	247	227	0	191	236	0	238	0	0	206	0	239	0	0	0	0	238	213	0	153	0	0
0	233	209	209	200	0	0	264	229	246	192	244	239	60	206	0	0	0	252	245	248	0	244	0	0	177	275	250	242	218	0	169	229	0	231	0	0	192	0	233	0	0	0	0	231	200	0	0	0	0
0	272	264	264	261	244	242	288	271	278	260	277	275	250	263	242	208	242	281	278	279	223	277	0	216	257	294	280	276	267	238	256	271	242	272	242	227	260	242	272	130	241	221	223	272	262	245	250	0	202
0	263	252	252	249	224	221	281	261	270	246	268	266	233	250	221	123	221	274	269	271	182	268	0	161	243	289	273	267	256	213	241	261	220	262	220	191	246	220	263	0	218	176	183	262	249	225	231	0	0

0	0	4	45	11	26	0	0	23	26	26	23	26	0	26	83	0	4	0	43	26	11	26	106	45	66	26	0	20	26	0	57	59	57	0	20	32	41	38	0	0	26	26	45	20	50	0	26	28	32
8	0	11	48	18	30	0	4	28	30	30	28	30	4	30	85	0	11	4	46	30	18	30	107	48	68	30	0	26	30	8	60	61	60	8	26	36	45	41	4	8	30	30	48	26	53	4	30	32	36
0	0	0	43	8	23	0	0	20	23	23	20	23	0	23	83	0	0	0	41	23	8	23	106	43	65	23	0	18	23	0	56	57	56	0	18	30	40	36	0	0	23	23	43	18	48	0	23	26	30
0	0	0	0	0	0	0	0	0	0	0	0	0	0	0	70	0	0	0	0	0	0	0	99	0	45	0	0	0	0	0	30	32	30	0	0	0	0	0	0	0	0	0	0	0	13	0	0	0	0
0	0	0	40	0	18	0	0	15	18	18	15	18	0	18	81	0	0	0	38	18	0	18	105	40	63	18	0	11	18	0	54	56	54	0	11	26	36	32	0	0	18	18	40	11	45	0	18	20	26
0	0	0	30	0	0	0	0	0	0	0	0	0	0	0	78	0	0	0	28	0	0	0	103	30	57	0	0	0	0	0	48	49	48	0	0	11	26	20	0	0	0	0	30	0	37	0	0	4	11
23	17	25	54	30	40	0	20	38	40	40	38	40	20	40	87	17	25	20	53	40	30	40	109	54	72	40	17	36	40	23	65	66	65	23	36	45	52	49	20	23	40	40	54	36	57	20	40	41	45
4	0	8	46	15	28	0	0	26	28	28	26	28	0	28	84	0	8	0	45	28	15	28	106	46	67	28	0	23	28	4	59	60	59	4	23	34	43	40	0	4	28	28	46	23	51	0	28	30	34
0	0	0	32	0	4	0	0	0	4	4	0	4	0	4	79	0	0	0	30	4	0	4	103	32	59	4	0	0	4	0	49	51	49	0	0	15	28	23	0	0	4	4	32	0	39	0	4	8	15
0	0	0	30	0	0	0	0	0	0	0	0	0	0	0	78	0	0	0	28	0	0	0	103	30	57	0	0	0	0	0	48	49	48	0	0	11	26	20	0	0	0	0	30	0	37	0	0	4	11
0	0	0	30	0	0	0	0	0	0	0	0	0	0	0	78	0	0	0	28	0	0	0	103	30	57	0	0	0	0	0	48	49	48	0	0	11	26	20	0	0	0	0	30	0	37	0	0	4	11
0	0	0	32	0	4	0	0	0	4	4	0	4	0	4	79	0	0	0	30	4	0	4	103	32	59	4	0	0	4	0	49	51	49	0	0	15	28	23	0	0	4	4	32	0	39	0	4	8	15
0	0	0	30	0	0	0	0	0	0	0	0	0	0	0	78	0	0	0	28	0	0	0	103	30	57	0	0	0	0	0	48	49	48	0	0	11	26	20	0	0	0	0	30	0	37	0	0	4	11
4	0	8	46	15	28	0	0	26	28	28	26	28	0	28	84	0	8	0	45	28	15	28	106	46	67	28	0	23	28	4	59	60	59	4	23	34	43	40	0	4	28	28	46	23	51	0	28	30	34
0	0	0	30	0	0	0	0	0	0	0	0	0	0	0	78	0	0	0	28	0	0	0	103	30	57	0	0	0	0	0	48	49	48	0	0	11	26	20	0	0	0	0	30	0	37	0	0	4	11
0	0	0	0	0	0	0	0	0	0	0	0	0	0	0	0	0	0	0	0	0	0	0	76	0	0	0	0	0	0	0	0	0	0	0	0	0	0	0	0	0	0	0	0	0	0	0	0	0	0
8	0	11	48	18	30	0	4	28	30	30	28	30	4	30	85	0	11	4	46	30	18	30	107	48	68	30	0	26	30	8	60	61	60	8	26	36	45	41	4	8	30	30	48	26	53	4	30	32	36
0	0	0	43	8	23	0	0	20	23	23	20	23	0	23	83	0	0	0	41	23	8	23	106	43	65	23	0	18	23	0	56	57	56	0	18	30	40	36	0	0	23	23	43	18	48	0	23	26	30
4	0	8	46	15	28	0	0	26	28	28	26	28	0	28	84	0	8	0	45	28	15	28	106	46	67	28	0	23	28	4	59	60	59	4	23	34	43	40	0	4	28	28	46	23	51	0	28	30	34
0	0	0	4	0	0	0	0	0	0	0	0	0	0	0	71	0	0	0	0	0	0	0	99	4	46	0	0	0	0	0	32	34	32	0	0	0	0	0	0	0	0	0	4	0	16	0	0	0	0
0	0	0	30	0	0	0	0	0	0	0	0	0	0	0	78	0	0	0	28	0	0	0	103	30	57	0	0	0	0	0	48	49	48	0	0	11	26	20	0	0	0	0	30	0	37	0	0	4	11
0	0	0	40	0	18	0	0	15	18	18	15	18	0	18	81	0	0	0	38	18	0	18	105	40	63	18	0	11	18	0	54	56	54	0	11	26	36	32	0	0	18	18	40	11	45	0	18	20	26
0	0	0	30	0	0	0	0	0	0	0	0	0	0	0	78	0	0	0	28	0	0	0	103	30	57	0	0	0	0	0	48	49	48	0	0	11	26	20	0	0	0	0	30	0	37	0	0	4	11
0	0	0	0	0	0	0	0	0	0	0	0	0	0	0	0	0	0	0	0	0	0	0	0	0	0	0	0	0	0	0	0	0	0	0	0	0	0	0	0	0	0	0	0	0	0	0	0	0	0
0	0	0	0	0	0	0	0	0	0	0	0	0	0	0	70	0	0	0	0	0	0	0	99	0	45	0	0	0	0	0	30	32	30	0	0	0	0	0	0	0	0	0	0	0	13	0	0	0	0
0	0	0	0	0	0	0	0	0	0	0	0	0	0	0	51	0	0	0	0	0	0	0	90	0	0	0	0	0	0	0	0	0	0	0	0	0	0	0	0	0	0	0	0	0	0	0	0	0	0
0	0	0	30	0	0	0	0	0	0	0	0	0	0	0	78	0	0	0	28	0	0	0	103	30	57	0	0	0	0	0	48	49	48	0	0	11	26	20	0	0	0	0	30	0	37	0	0	4	11
8	0	11	48	18	30	0	4	28	30	30	28	30	4	30	85	0	11	4	46	30	18	30	107	48	68	30	0	26	30	8	60	61	60	8	26	36	45	41	4	8	30	30	48	26	53	4	30	32	36
0	0	0	34	0	8	0	0	4	8	8	4	8	0	8	79	0	0	0	32	8	0	8	104	34	60	8	0	0	8	0	51	52	51	0	0	18	30	26	0	0	8	8	34	0	41	0	8	11	18
0	0	0	30	0	0	0	0	0	0	0	0	0	0	0	78	0	0	0	28	0	0	0	103	30	57	0	0	0	0	0	48	49	48	0	0	11	26	20	0	0	0	0	30	0	37	0	0	4	11
0	0	4	45	11	26	0	0	23	26	26	23	26	0	26	83	0	4	0	43	26	11	26	106	45	66	26	0	20	26	0	57	59	57	0	20	32	41	38	0	0	26	26	45	20	50	0	26	28	32
0	0	0	0	0	0	0	0	0	0	0	0	0	0	0	60	0	0	0	0	0	0	0	94	0	26	0	0	0	0	0	0	4	0	0	0	0	0	0	0	0	0	0	0	0	0	0	0	0	0
0	0	0	0	0	0	0	0	0	0	0	0	0	0	0	59	0	0	0	0	0	0	0	93	0	23	0	0	0	0	0	0	0	0	0	0	0	0	0	0	0	0	0	0	0	0	0	0	0	0
0	0	0	0	0	0	0	0	0	0	0	0	0	0	0	60	0	0	0	0	0	0	0	94	0	26	0	0	0	0	0	0	4	0	0	0	0	0	0	0	0	0	0	0	0	0	0	0	0	0
0	0	4	45	11	26	0	0	23	26	26	23	26	0	26	83	0	4	0	43	26	11	26	106	45	66	26	0	20	26	0	57	59	57	0	20	32	41	38	0	0	26	26	45	20	50	0	26	28	32
0	0	0	34	0	8	0	0	4	8	8	4	8	0	8	79	0	0	0	32	8	0	8	104	34	60	8	0	0	8	0	51	52	51	0	0	18	30	26	0	0	8	8	34	0	41	0	8	11	18
0	0	0	23	0	0	0	0	0	0	0	0	0	0	0	76	0	0	0	20	0	0	0	102	23	54	0	0	0	0	0	43	45	43	0	0	0	18	11	0	0	0	0	23	0	31	0	0	0	0
0	0	0	8	0	0	0	0	0	0	0	0	0	0	0	72	0	0	0	4	0	0	0	100	8	48	0	0	0	0	0	34	36	34	0	0	0	0	0	0	0	0	0	8	0	19	0	0	0	0
0	0	0	15	0	0	0	0	0	0	0	0	0	0	0	73	0	0	0	11	0	0	0	100	15	51	0	0	0	0	0	38	40	38	0	0	0	8	0	0	0	0	0	15	0	24	0	0	0	0
4	0	8	46	15	28	0	0	26	28	28	26	28	0	28	84	0	8	0	45	28	15	28	106	46	67	28	0	23	28	4	59	60	59	4	23	34	43	40	0	4	28	28	46	23	51	0	28	30	34
0	0	4	45	11	26	0	0	23	26	26	23	26	0	26	83	0	4	0	43	26	11	26	106	45	66	26	0	20	26	0	57	59	57	0	20	32	41	38	0	0	26	26	45	20	50	0	26	28	32
0	0	0	30	0	0	0	0	0	0	0	0	0	0	0	78	0	0	0	28	0	0	0	103	30	57	0	0	0	0	0	48	49	48	0	0	11	26	20	0	0	0	0	30	0	37	0	0	4	11
0	0	0	30	0	0	0	0	0	0	0	0	0	0	0	78	0	0	0	28	0	0	0	103	30	57	0	0	0	0	0	48	49	48	0	0	11	26	20	0	0	0	0	30	0	37	0	0	4	11
0	0	0	0	0	0	0	0	0	0	0	0	0	0	0	70	0	0	0	0	0	0	0	99	0	45	0	0	0	0	0	30	32	30	0	0	0	0	0	0	0	0	0	0	0	13	0	0	0	0
0	0	0	34	0	8	0	0	4	8	8	4	8	0	8	79	0	0	0	32	8	0	8	104	34	60	8	0	0	8	0	51	52	51	0	0	18	30	26	0	0	8	8	34	0	41	0	8	11	18
0	0	0	0	0	0	0	0	0	0	0	0	0	0	0	67	0	0	0	0	0	0	0	97	0	39	0	0	0	0	0	22	24	22	0	0	0	0	0	0	0	0	0	0	0	0	0	0	0	0
4	0	8	46	15	28	0	0	26	28	28	26	28	0	28	84	0	8	0	45	28	15	28	106	46	67	28	0	23	28	4	59	60	59	4	23	34	43	40	0	4	28	28	46	23	51	0	28	30	34
0	0	0	30	0	0	0	0	0	0	0	0	0	0	0	78	0	0	0	28	0	0	0	103	30	57	0	0	0	0	0	48	49	48	0	0	11	26	20	0	0	0	0	30	0	37	0	0	4	11
0	0	0	28	0	0	0	0	0	0	0	0	0	0	0	77	0	0	0	26	0	0	0	103	28	56	0	0	0	0	0	46	48	46	0	0	8	23	18	0	0	0	0	28	0	35	0	0	0	8
0	0	0	23	0	0	0	0	0	0	0	0	0	0	0	76	0	0	0	20	0	0	0	102	23	54	0	0	0	0	0	43	45	43	0	0	0	18	11	0	0	0	0	23	0	31	0	0	0	0

0	8	0	0	0	0	23	4	0	0	0	0	0	4	0	0	8	0	4	0	0	0	0	0	0	0	0	8	0	0	0	0	0	0	0	0	0	0	0	4	0	0	0	0	0	0	4	0	0	0
0	0	0	0	0	0	17	0	0	0	0	0	0	0	0	0	0	0	0	0	0	0	0	0	0	0	0	0	0	0	0	0	0	0	0	0	0	0	0	0	0	0	0	0	0	0	0	0	0	0
4	11	0	0	0	0	25	8	0	0	0	0	0	8	0	0	11	0	8	0	0	0	0	0	0	0	0	11	0	0	4	0	0	0	4	0	0	0	0	8	4	0	0	0	0	0	8	0	0	0
45	48	43	0	40	30	54	46	32	30	30	32	30	46	30	0	48	43	46	4	30	40	30	0	0	0	30	48	34	30	45	0	0	0	45	34	23	8	15	46	45	30	30	0	34	0	46	30	28	23
11	18	8	0	0	0	30	15	0	0	0	0	0	15	0	0	18	8	15	0	0	0	0	0	0	0	0	18	0	0	11	0	0	0	11	0	0	0	0	15	11	0	0	0	0	0	15	0	0	0
26	30	23	0	18	0	40	28	4	0	0	4	0	28	0	0	30	23	28	0	0	18	0	0	0	0	0	30	8	0	26	0	0	0	26	8	0	0	0	28	26	0	0	0	8	0	28	0	0	0
0	0	0	0	0	0	0	0	0	0	0	0	0	0	0	0	0	0	0	0	0	0	0	0	0	0	0	0	0	0	0	0	0	0	0	0	0	0	0	0	0	0	0	0	0	0	0	0	0	0
0	4	0	0	0	0	20	0	0	0	0	0	0	0	0	0	4	0	0	0	0	0	0	0	0	0	0	4	0	0	0	0	0	0	0	0	0	0	0	0	0	0	0	0	0	0	0	0	0	0
23	28	20	0	15	0	38	26	0	0	0	0	0	26	0	0	28	20	26	0	0	15	0	0	0	0	0	28	4	0	23	0	0	0	23	4	0	0	0	26	23	0	0	0	4	0	26	0	0	0
26	30	23	0	18	0	40	28	4	0	0	4	0	28	0	0	30	23	28	0	0	18	0	0	0	0	0	30	8	0	26	0	0	0	26	8	0	0	0	28	26	0	0	0	8	0	28	0	0	0
26	30	23	0	18	0	40	28	4	0	0	4	0	28	0	0	30	23	28	0	0	18	0	0	0	0	0	30	8	0	26	0	0	0	26	8	0	0	0	28	26	0	0	0	8	0	28	0	0	0
23	28	20	0	15	0	38	26	0	0	0	0	0	26	0	0	28	20	26	0	0	15	0	0	0	0	0	28	4	0	23	0	0	0	23	4	0	0	0	26	23	0	0	0	4	0	26	0	0	0
26	30	23	0	18	0	40	28	4	0	0	4	0	28	0	0	30	23	28	0	0	18	0	0	0	0	0	30	8	0	26	0	0	0	26	8	0	0	0	28	26	0	0	0	8	0	28	0	0	0
0	4	0	0	0	0	20	0	0	0	0	0	0	0	0	0	4	0	0	0	0	0	0	0	0	0	0	4	0	0	0	0	0	0	0	0	0	0	0	0	0	0	0	0	0	0	0	0	0	0
26	30	23	0	18	0	40	28	4	0	0	4	0	28	0	0	30	23	28	0	0	18	0	0	0	0	0	30	8	0	26	0	0	0	26	8	0	0	0	28	26	0	0	0	8	0	28	0	0	0
83	85	83	70	81	78	87	84	79	78	78	79	78	84	78	0	85	83	84	71	78	81	78	0	70	51	78	85	79	78	83	60	59	60	83	79	76	72	73	84	83	78	78	70	79	67	84	78	77	76
0	0	0	0	0	0	17	0	0	0	0	0	0	0	0	0	0	0	0	0	0	0	0	0	0	0	0	0	0	0	0	0	0	0	0	0	0	0	0	0	0	0	0	0	0	0	0	0	0	0
4	11	0	0	0	0	25	8	0	0	0	0	0	8	0	0	11	0	8	0	0	0	0	0	0	0	0	11	0	0	4	0	0	0	4	0	0	0	0	8	4	0	0	0	0	0	8	0	0	0
0	4	0	0	0	0	20	0	0	0	0	0	0	0	0	0	4	0	0	0	0	0	0	0	0	0	0	4	0	0	0	0	0	0	0	0	0	0	0	0	0	0	0	0	0	0	0	0	0	0
43	46	41	0	38	28	53	45	30	28	28	30	28	45	28	0	46	41	45	0	28	38	28	0	0	0	28	46	32	28	43	0	0	0	43	32	20	4	11	45	43	28	28	0	32	0	45	28	26	20
26	30	23	0	18	0	40	28	4	0	0	4	0	28	0	0	30	23	28	0	0	18	0	0	0	0	0	30	8	0	26	0	0	0	26	8	0	0	0	28	26	0	0	0	8	0	28	0	0	0
11	18	8	0	0	0	30	15	0	0	0	0	0	15	0	0	18	8	15	0	0	0	0	0	0	0	0	18	0	0	11	0	0	0	11	0	0	0	0	15	11	0	0	0	0	0	15	0	0	0
26	30	23	0	18	0	40	28	4	0	0	4	0	28	0	0	30	23	28	0	0	18	0	0	0	0	0	30	8	0	26	0	0	0	26	8	0	0	0	28	26	0	0	0	8	0	28	0	0	0
106	107	106	99	105	103	109	106	103	103	103	103	103	106	103	76	107	106	106	99	103	105	103	0	99	90	103	107	104	103	106	94	93	94	106	104	102	100	100	106	106	103	103	99	104	97	106	103	103	102
45	48	43	0	40	30	54	46	32	30	30	32	30	46	30	0	48	43	46	4	30	40	30	0	0	0	30	48	34	30	45	0	0	0	45	34	23	8	15	46	45	30	30	0	34	0	46	30	28	23
66	68	65	45	63	57	72	67	59	57	57	59	57	67	57	0	68	65	67	46	57	63	57	0	45	0	57	68	60	57	66	26	23	26	66	60	54	48	51	67	66	57	57	45	60	39	67	57	56	54
26	30	23	0	18	0	40	28	4	0	0	4	0	28	0	0	30	23	28	0	0	18	0	0	0	0	0	30	8	0	26	0	0	0	26	8	0	0	0	28	26	0	0	0	8	0	28	0	0	0
0	0	0	0	0	0	17	0	0	0	0	0	0	0	0	0	0	0	0	0	0	0	0	0	0	0	0	0	0	0	0	0	0	0	0	0	0	0	0	0	0	0	0	0	0	0	0	0	0	0
20	26	18	0	11	0	36	23	0	0	0	0	0	23	0	0	26	18	23	0	0	11	0	0	0	0	0	26	0	0	20	0	0	0	20	0	0	0	0	23	20	0	0	0	0	0	23	0	0	0
26	30	23	0	18	0	40	28	4	0	0	4	0	28	0	0	30	23	28	0	0	18	0	0	0	0	0	30	8	0	26	0	0	0	26	8	0	0	0	28	26	0	0	0	8	0	28	0	0	0
0	8	0	0	0	0	23	4	0	0	0	0	0	4	0	0	8	0	4	0	0	0	0	0	0	0	0	8	0	0	0	0	0	0	0	0	0	0	0	4	0	0	0	0	0	0	4	0	0	0
57	60	56	30	54	48	65	59	49	48	48	49	48	59	48	0	60	56	59	32	48	54	48	0	30	0	48	60	51	48	57	0	0	0	57	51	43	34	38	59	57	48	48	30	51	22	59	48	46	43
59	61	57	32	56	49	66	60	51	49	49	51	49	60	49	0	61	57	60	34	49	56	49	0	32	0	49	61	52	49	59	4	0	4	59	52	45	36	40	60	59	49	49	32	52	24	60	49	48	45
57	60	56	30	54	48	65	59	49	48	48	49	48	59	48	0	60	56	59	32	48	54	48	0	30	0	48	60	51	48	57	0	0	0	57	51	43	34	38	59	57	48	48	30	51	22	59	48	46	43
0	8	0	0	0	0	23	4	0	0	0	0	0	4	0	0	8	0	4	0	0	0	0	0	0	0	0	8	0	0	0	0	0	0	0	0	0	0	0	4	0	0	0	0	0	0	4	0	0	0
20	26	18	0	11	0	36	23	0	0	0	0	0	23	0	0	26	18	23	0	0	11	0	0	0	0	0	26	0	0	20	0	0	0	20	0	0	0	0	23	20	0	0	0	0	0	23	0	0	0
32	36	30	0	26	11	45	34	15	11	11	15	11	34	11	0	36	30	34	0	11	26	11	0	0	0	11	36	18	11	32	0	0	0	32	18	0	0	0	34	32	11	11	0	18	0	34	11	8	0
41	45	40	0	36	26	52	43	28	26	26	28	26	43	26	0	45	40	43	0	26	36	26	0	0	0	26	45	30	26	41	0	0	0	41	30	18	0	8	43	41	26	26	0	30	0	43	26	23	18
38	41	36	0	32	20	49	40	23	20	20	23	20	40	20	0	41	36	40	0	20	32	20	0	0	0	20	41	26	20	38	0	0	0	38	26	11	0	0	40	38	20	20	0	26	0	40	20	18	11
0	4	0	0	0	0	20	0	0	0	0	0	0	0	0	0	4	0	0	0	0	0	0	0	0	0	0	4	0	0	0	0	0	0	0	0	0	0	0	0	0	0	0	0	0	0	0	0	0	0
0	8	0	0	0	0	23	4	0	0	0	0	0	4	0	0	8	0	4	0	0	0	0	0	0	0	0	8	0	0	0	0	0	0	0	0	0	0	0	4	0	0	0	0	0	0	4	0	0	0
26	30	23	0	18	0	40	28	4	0	0	4	0	28	0	0	30	23	28	0	0	18	0	0	0	0	0	30	8	0	26	0	0	0	26	8	0	0	0	28	26	0	0	0	8	0	28	0	0	0
26	30	23	0	18	0	40	28	4	0	0	4	0	28	0	0	30	23	28	0	0	18	0	0	0	0	0	30	8	0	26	0	0	0	26	8	0	0	0	28	26	0	0	0	8	0	28	0	0	0
45	48	43	0	40	30	54	46	32	30	30	32	30	46	30	0	48	43	46	4	30	40	30	0	0	0	30	48	34	30	45	0	0	0	45	34	23	8	15	46	45	30	30	0	34	0	46	30	28	23
20	26	18	0	11	0	36	23	0	0	0	0	0	23	0	0	26	18	23	0	0	11	0	0	0	0	0	26	0	0	20	0	0	0	20	0	0	0	0	23	20	0	0	0	0	0	23	0	0	0
50	53	48	13	45	37	57	51	39	37	37	39	37	51	37	0	53	48	51	16	37	45	37	0	13	0	37	53	41	37	50	0	0	0	50	41	31	19	24	51	50	37	37	13	41	0	51	37	35	31
0	4	0	0	0	0	20	0	0	0	0	0	0	0	0	0	4	0	0	0	0	0	0	0	0	0	0	4	0	0	0	0	0	0	0	0	0	0	0	0	0	0	0	0	0	0	0	0	0	0
26	30	23	0	18	0	40	28	4	0	0	4	0	28	0	0	30	23	28	0	0	18	0	0	0	0	0	30	8	0	26	0	0	0	26	8	0	0	0	28	26	0	0	0	8	0	28	0	0	0
28	32	26	0	20	4	41	30	8	4	4	8	4	30	4	0	32	26	30	0	4	20	4	0	0	0	4	32	11	4	28	0	0	0	28	11	0	0	0	30	28	4	4	0	11	0	30	4	0	0
32	36	30	0	26	11	45	34	15	11	11	15	11	34	11	0	36	30	34	0	11	26	11	0	0	0	11	36	18	11	32	0	0	0	32	18	0	0	0	34	32	11	11	0	18	0	34	11	8	0