891 677 959 957 805 671 941 972 841 577 867 825 727 954 713 937 746 887 945 772 833 629 761 949 937 875 939 878 814 552 882 917 746 760 688 825 708 975 836 935 888 856 990 898 886 863 952 984 715 819

84

22 25 21 21 23 25 21 21 22 26 22 23 24 21 24 21 24 22 21 24 23 26 24 21 21 22 21 22 23 27 22 21 24 24 25 23 24 21 23 21 22 22 20 22 22 22 21 20 24 23

22.001819545916142 19.955938520293213 24.97963545966372 33.01377717651709

10710

0	250	0	0	0	250	0	0	123	0	0	0	0	0	247	0	210	151	0	0	151	0	233	0	0	0	0	0	0	0	161	0	252	0	0	199	0	0	0	0	0	0	0	0	0	0	0	0	0	0
0	0	0	0	0	0	0	0	0	0	0	0	0	0	0	0	0	0	0	0	0	0	0	0	0	0	0	0	0	0	0	0	141	0	0	0	0	0	0	0	0	0	0	0	0	0	0	0	0	0
225	270	0	0	158	270	183	0	229	0	0	221	0	0	268	176	249	233	0	202	233	217	259	199	0	204	0	225	0	0	235	200	272	181	0	245	0	0	0	0	0	0	0	0	183	199	130	0	0	0
244	277	198	0	212	277	221	183	247	158	0	241	0	177	276	218	261	249	192	231	249	239	269	229	174	231	172	244	0	0	250	229	279	220	0	257	0	176	0	192	0	0	172	0	221	229	206	172	126	0
216	266	0	0	0	266	149	0	221	0	0	210	0	0	264	132	243	225	0	185	225	204	254	179	0	188	0	216	0	0	227	182	269	143	0	238	0	0	0	0	0	0	0	0	149	179	0	0	0	0
0	0	0	0	0	0	0	0	0	0	0	0	0	0	0	0	0	0	0	0	0	0	0	0	0	0	0	0	0	0	0	0	141	0	0	0	0	0	0	0	0	0	0	0	0	0	0	0	0	0
206	263	0	0	0	263	0	0	212	0	0	199	0	0	261	0	238	216	0	161	216	191	250	149	0	166	0	206	0	0	219	156	266	0	0	233	0	0	0	0	0	0	0	0	0	149	0	0	0	0
231	272	148	0	183	272	199	0	236	0	0	229	0	0	271	194	252	238	123	214	238	225	263	210	0	215	0	231	0	0	240	212	274	197	0	249	0	0	0	123	0	0	0	0	199	210	169	0	0	0
0	248	0	0	0	248	0	0	0	0	0	0	0	0	245	0	204	120	0	0	120	0	229	0	0	0	0	0	0	0	140	0	250	0	0	191	0	0	0	0	0	0	0	0	0	0	0	0	0	0
238	275	177	0	198	275	210	148	241	0	0	235	0	134	273	206	256	243	166	222	243	231	265	219	126	223	120	238	0	0	245	221	276	209	0	252	0	130	0	166	0	0	120	0	210	219	189	120	0	0
260	285	234	209	241	285	245	227	262	220	0	258	0	225	284	244	272	263	231	250	263	256	279	250	225	252	224	260	199	100	264	250	287	245	0	270	0	225	95	231	208	181	224	206	245	250	237	224	215	171
128	252	0	0	0	252	0	0	154	0	0	0	0	0	250	0	216	170	0	0	170	0	236	0	0	0	0	128	0	0	177	0	256	0	0	206	0	0	0	0	0	0	0	0	0	0	0	0	0	0
276	295	260	248	263	295	266	256	277	252	225	275	0	254	294	265	285	278	258	270	278	273	290	269	254	270	254	276	244	227	279	270	296	266	0	283	192	254	227	258	247	238	254	247	266	269	262	254	250	236
234	273	158	0	188	273	202	95	237	0	0	229	0	0	271	198	254	240	140	216	240	227	263	213	0	218	0	234	0	0	241	215	275	200	0	250	0	0	0	140	0	0	0	0	202	213	176	0	0	0
0	132	0	0	0	132	0	0	0	0	0	0	0	0	0	0	0	0	0	0	0	0	0	0	0	0	0	0	0	0	0	0	166	0	0	0	0	0	0	0	0	0	0	0	0	0	0	0	0	0
210	264	0	0	0	264	104	0	215	0	0	202	0	0	262	0	240	219	0	171	219	196	252	161	0	175	0	210	0	0	222	166	267	85	0	235	0	0	0	0	0	0	0	0	104	161	0	0	0	0
0	227	0	0	0	227	0	0	0	0	0	0	0	0	223	0	0	0	0	0	0	0	193	0	0	0	0	0	0	0	0	0	233	0	0	0	0	0	0	0	0	0	0	0	0	0	0	0	0	0
0	246	0	0	0	246	0	0	0	0	0	0	0	0	242	0	198	0	0	0	0	0	225	0	0	0	0	0	0	0	100	0	249	0	0	183	0	0	0	0	0	0	0	0	0	0	0	0	0	0
229	271	114	0	171	271	191	0	231	0	0	225	0	0	269	185	250	235	0	208	235	221	261	204	0	210	0	229	0	0	237	206	273	189	0	247	0	0	0	0	0	0	0	0	191	204	152	0	0	0
188	259	0	0	0	259	0	0	196	0	0	176	0	0	257	0	229	202	0	0	202	161	246	0	0	78	0	188	0	0	206	0	262	0	0	224	0	0	0	0	0	0	0	0	0	0	0	0	0	0
0	246	0	0	0	246	0	0	0	0	0	0	0	0	242	0	198	0	0	0	0	0	225	0	0	0	0	0	0	0	100	0	249	0	0	183	0	0	0	0	0	0	0	0	0	0	0	0	0	0
154	254	0	0	0	254	0	0	171	0	0	123	0	0	252	0	221	182	0	0	182	0	239	0	0	0	0	154	0	0	188	0	258	0	0	212	0	0	0	0	0	0	0	0	0	0	0	0	0	0
0	202	0	0	0	202	0	0	0	0	0	0	0	0	193	0	0	0	0	0	0	0	0	0	0	0	0	0	0	0	0	0	212	0	0	0	0	0	0	0	0	0	0	0	0	0	0	0	0	0
193	260	0	0	0	260	0	0	200	0	0	183	0	0	258	0	231	206	0	104	206	171	247	0	0	120	0	193	0	0	210	78	263	0	0	225	0	0	0	0	0	0	0	0	0	0	0	0	0	0
235	273	162	0	190	273	204	111	238	0	0	231	0	70	272	200	254	240	146	217	240	227	264	214	0	219	0	235	0	0	242	216	275	202	0	250	0	48	0	146	0	0	0	0	204	214	179	0	0	0
185	259	0	0	0	259	0	0	193	0	0	172	0	0	256	0	229	200	0	0	200	156	245	0	0	0	0	185	0	0	204	0	261	0	0	222	0	0	0	0	0	0	0	0	0	0	0	0	0	0
235	273	164	0	191	273	204	118	238	0	0	231	0	85	272	200	254	241	149	218	241	227	264	215	48	219	0	235	0	0	242	216	275	202	0	250	0	70	0	149	0	0	0	0	204	215	180	0	0	0
0	250	0	0	0	250	0	0	123	0	0	0	0	0	247	0	210	151	0	0	151	0	233	0	0	0	0	0	0	0	161	0	252	0	0	199	0	0	0	0	0	0	0	0	0	0	0	0	0	0
248	279	208	141	220	279	227	196	250	180	0	245	0	192	278	225	263	252	202	236	252	243	271	234	190	237	189	248	0	0	252	235	281	225	0	260	0	191	0	202	138	0	189	128	227	234	215	189	163	0
259	285	231	206	239	285	244	225	261	218	0	257	0	224	284	242	271	262	229	250	262	254	278	249	223	250	222	259	195	0	263	249	286	243	0	269	0	223	0	229	204	174	222	202	244	249	236	222	212	162
0	244	0	0	0	244	0	0	0	0	0	0	0	0	241	0	194	0	0	0	0	0	224	0	0	0	0	0	0	0	0	0	248	0	0	176	0	0	0	0	0	0	0	0	0	0	0	0	0	0
190	260	0	0	0	260	0	0	198	0	0	179	0	0	258	0	231	204	0	78	204	166	246	0	0	104	0	190	0	0	208	0	262	0	0	225	0	0	0	0	0	0	0	0	0	0	0	0	0	0
0	0	0	0	0	0	0	0	0	0	0	0	0	0	0	0	0	0	0	0	0	0	0	0	0	0	0	0	0	0	0	0	0	0	0	0	0	0	0	0	0	0	0	0	0	0	0	0	0	0
208	264	0	0	0	264	70	0	213	0	0	200	0	0	262	0	239	218	0	165	218	193	252	154	0	170	0	208	0	0	220	160	266	0	0	233	0	0	0	0	0	0	0	0	70	154	0	0	0	0
276	295	260	248	263	295	266	256	277	252	225	275	0	254	294	265	285	278	258	270	278	273	290	269	254	270	254	276	244	227	279	270	296	266	0	283	192	254	227	258	247	238	254	247	266	269	262	254	250	236
0	234	0	0	0	234	0	0	0	0	0	0	0	0	229	0	148	0	0	0	0	0	206	0	0	0	0	0	0	0	0	0	239	0	0	0	0	0	0	0	0	0	0	0	0	0	0	0	0	0
269	291	249	234	254	291	258	245	271	240	198	268	0	244	290	257	279	272	248	262	272	266	285	261	243	263	243	269	227	202	273	262	292	257	0	277	0	244	200	248	233	220	243	231	258	261	252	243	237	216
234	273	160	0	189	273	202	104	237	0	0	231	0	48	271	199	254	240	143	217	240	227	264	214	0	218	0	234	0	0	242	215	275	200	0	250	0	0	0	143	0	0	0	0	202	214	177	0	0	0
259	285	231	206	239	285	244	225	261	218	0	257	0	224	284	243	271	263	229	250	263	254	278	249	223	250	222	259	195	30	263	249	286	244	0	269	0	223	0	229	204	175	222	202	244	249	236	222	212	163
229	271	114	0	171	271	191	0	231	0	0	225	0	0	269	185	250	235	0	208	235	221	261	204	0	210	0	229	0	0	237	206	273	189	0	247	0	0	0	0	0	0	0	0	191	204	152	0	0	0
245	277	199	48	213	277	222	184	247	160	0	242	0	179	276	219	261	249	193	231	249	239	269	229	176	231	174	245	0	0	250	229	279	221	0	258	0	177	0	193	0	0	174	0	222	229	206	174	130	0
252	281	219	178	227	281	235	210	254	199	0	250	0	206	280	233	266	256	215	242	256	248	274	240	206	243	204	252	154	0	258	241	283	234	0	264	0	206	0	215	176	0	204	172	235	240	224	204	189	0
235	273	164	0	191	273	204	118	238	0	0	231	0	85	272	200	254	241	149	218	241	227	264	215	48	219	0	235	0	0	242	216	275	202	0	250	0	70	0	149	0	0	0	0	204	215	180	0	0	0
245	278	200	90	215	278	223	187	248	165	0	242	0	182	276	220	261	250	195	231	250	240	269	229	179	233	178	245	0	0	250	231	280	222	0	258	0	181	0	195	78	0	178	0	223	229	209	178	140	0
206	263	0	0	0	263	0	0	212	0	0	199	0	0	261	0	238	216	0	161	216	191	250	149	0	166	0	206	0	0	219	156	266	0	0	233	0	0	0	0	0	0	0	0	0	149	0	0	0	0
193	260	0	0	0	260	0	0	200	0	0	183	0	0	258	0	231	206	0	104	206	171	247	0	0	120	0	193	0	0	210	78	263	0	0	225	0	0	0	0	0	0	0	0	0	0	0	0	0	0
221	268	0	0	128	268	169	0	225	0	0	216	0	0	266	159	246	229	0	195	229	211	257	190	0	197	0	221	0	0	231	192	270	165	0	241	0	0	0	0	0	0	0	0	169	190	0	0	0	0
235	273	164	0	191	273	204	118	238	0	0	231	0	85	272	200	254	241	149	218	241	227	264	215	48	219	0	235	0	0	242	216	275	202	0	250	0	70	0	149	0	0	0	0	204	215	180	0	0	0
241	276	190	0	206	276	216	170	244	132	0	238	0	162	275	213	259	246	182	227	246	235	267	225	158	227	156	241	0	0	248	225	278	215	0	254	0	160	0	182	0	0	156	0	216	225	199	156	0	0
254	282	223	186	231	282	237	214	256	204	0	252	0	212	281	235	268	258	219	244	258	250	275	242	210	245	210	254	168	0	259	243	284	236	0	265	0	211	0	219	185	114	210	182	237	242	227	210	195	0

0	0	225	244	216	0	206	231	0	238	260	128	276	234	0	210	0	0	229	188	0	154	0	193	235	185	235	0	248	259	0	190	0	208	276	0	269	234	259	229	245	252	235	245	206	193	221	235	241	254
250	0	270	277	266	0	263	272	248	275	285	252	295	273	132	264	227	246	271	259	246	254	202	260	273	259	273	250	279	285	244	260	0	264	295	234	291	273	285	271	277	281	273	278	263	260	268	273	276	282
0	0	0	198	0	0	0	148	0	177	234	0	260	158	0	0	0	0	114	0	0	0	0	0	162	0	164	0	208	231	0	0	0	0	260	0	249	160	231	114	199	219	164	200	0	0	0	164	190	223
0	0	0	0	0	0	0	0	0	0	209	0	248	0	0	0	0	0	0	0	0	0	0	0	0	0	0	0	141	206	0	0	0	0	248	0	234	0	206	0	48	178	0	90	0	0	0	0	0	186
0	0	158	212	0	0	0	183	0	198	241	0	263	188	0	0	0	0	171	0	0	0	0	0	190	0	191	0	220	239	0	0	0	0	263	0	254	189	239	171	213	227	191	215	0	0	128	191	206	231
250	0	270	277	266	0	263	272	248	275	285	252	295	273	132	264	227	246	271	259	246	254	202	260	273	259	273	250	279	285	244	260	0	264	295	234	291	273	285	271	277	281	273	278	263	260	268	273	276	282
0	0	183	221	149	0	0	199	0	210	245	0	266	202	0	104	0	0	191	0	0	0	0	0	204	0	204	0	227	244	0	0	0	70	266	0	258	202	244	191	222	235	204	223	0	0	169	204	216	237
0	0	0	183	0	0	0	0	0	148	227	0	256	95	0	0	0	0	0	0	0	0	0	0	111	0	118	0	196	225	0	0	0	0	256	0	245	104	225	0	184	210	118	187	0	0	0	118	170	214
123	0	229	247	221	0	212	236	0	241	262	154	277	237	0	215	0	0	231	196	0	171	0	200	238	193	238	123	250	261	0	198	0	213	277	0	271	237	261	231	247	254	238	248	212	200	225	238	244	256
0	0	0	158	0	0	0	0	0	0	220	0	252	0	0	0	0	0	0	0	0	0	0	0	0	0	0	0	180	218	0	0	0	0	252	0	240	0	218	0	160	199	0	165	0	0	0	0	132	204
0	0	0	0	0	0	0	0	0	0	0	0	225	0	0	0	0	0	0	0	0	0	0	0	0	0	0	0	0	0	0	0	0	0	225	0	198	0	0	0	0	0	0	0	0	0	0	0	0	0
0	0	221	241	210	0	199	229	0	235	258	0	275	229	0	202	0	0	225	176	0	123	0	183	231	172	231	0	245	257	0	179	0	200	275	0	268	231	257	225	242	250	231	242	199	183	216	231	238	252
0	0	0	0	0	0	0	0	0	0	0	0	0	0	0	0	0	0	0	0	0	0	0	0	0	0	0	0	0	0	0	0	0	0	0	0	0	0	0	0	0	0	0	0	0	0	0	0	0	0
0	0	0	177	0	0	0	0	0	134	225	0	254	0	0	0	0	0	0	0	0	0	0	0	70	0	85	0	192	224	0	0	0	0	254	0	244	48	224	0	179	206	85	182	0	0	0	85	162	212
247	0	268	276	264	0	261	271	245	273	284	250	294	271	0	262	223	242	269	257	242	252	193	258	272	256	272	247	278	284	241	258	0	262	294	229	290	271	284	269	276	280	272	276	261	258	266	272	275	281
0	0	176	218	132	0	0	194	0	206	244	0	265	198	0	0	0	0	185	0	0	0	0	0	200	0	200	0	225	242	0	0	0	0	265	0	257	199	243	185	219	233	200	220	0	0	159	200	213	235
210	0	249	261	243	0	238	252	204	256	272	216	285	254	0	240	0	198	250	229	198	221	0	231	254	229	254	210	263	271	194	231	0	239	285	148	279	254	271	250	261	266	254	261	238	231	246	254	259	268
151	0	233	249	225	0	216	238	120	243	263	170	278	240	0	219	0	0	235	202	0	182	0	206	240	200	241	151	252	262	0	204	0	218	278	0	272	240	263	235	249	256	241	250	216	206	229	241	246	258
0	0	0	192	0	0	0	123	0	166	231	0	258	140	0	0	0	0	0	0	0	0	0	0	146	0	149	0	202	229	0	0	0	0	258	0	248	143	229	0	193	215	149	195	0	0	0	149	182	219
0	0	202	231	185	0	161	214	0	222	250	0	270	216	0	171	0	0	208	0	0	0	0	104	217	0	218	0	236	250	0	78	0	165	270	0	262	217	250	208	231	242	218	231	161	104	195	218	227	244
151	0	233	249	225	0	216	238	120	243	263	170	278	240	0	219	0	0	235	202	0	182	0	206	240	200	241	151	252	262	0	204	0	218	278	0	272	240	263	235	249	256	241	250	216	206	229	241	246	258
0	0	217	239	204	0	191	225	0	231	256	0	273	227	0	196	0	0	221	161	0	0	0	171	227	156	227	0	243	254	0	166	0	193	273	0	266	227	254	221	239	248	227	240	191	171	211	227	235	250
233	0	259	269	254	0	250	263	229	265	279	236	290	263	0	252	193	225	261	246	225	239	0	247	264	245	264	233	271	278	224	246	0	252	290	206	285	264	278	261	269	274	264	269	250	247	257	264	267	275
0	0	199	229	179	0	149	210	0	219	250	0	269	213	0	161	0	0	204	0	0	0	0	0	214	0	215	0	234	249	0	0	0	154	269	0	261	214	249	204	229	240	215	229	149	0	190	215	225	242
0	0	0	174	0	0	0	0	0	126	225	0	254	0	0	0	0	0	0	0	0	0	0	0	0	0	48	0	190	223	0	0	0	0	254	0	243	0	223	0	176	206	48	179	0	0	0	48	158	210
0	0	204	231	188	0	166	215	0	223	252	0	270	218	0	175	0	0	210	78	0	0	0	120	219	0	219	0	237	250	0	104	0	170	270	0	263	218	250	210	231	243	219	233	166	120	197	219	227	245
0	0	0	172	0	0	0	0	0	120	224	0	254	0	0	0	0	0	0	0	0	0	0	0	0	0	0	0	189	222	0	0	0	0	254	0	243	0	222	0	174	204	0	178	0	0	0	0	156	210
0	0	225	244	216	0	206	231	0	238	260	128	276	234	0	210	0	0	229	188	0	154	0	193	235	185	235	0	248	259	0	190	0	208	276	0	269	234	259	229	245	252	235	245	206	193	221	235	241	254
0	0	0	0	0	0	0	0	0	0	199	0	244	0	0	0	0	0	0	0	0	0	0	0	0	0	0	0	0	195	0	0	0	0	244	0	227	0	195	0	0	154	0	0	0	0	0	0	0	168
0	0	0	0	0	0	0	0	0	0	100	0	227	0	0	0	0	0	0	0	0	0	0	0	0	0	0	0	0	0	0	0	0	0	227	0	202	0	30	0	0	0	0	0	0	0	0	0	0	0
161	0	235	250	227	0	219	240	140	245	264	177	279	241	0	222	0	100	237	206	100	188	0	210	242	204	242	161	252	263	0	208	0	220	279	0	273	242	263	237	250	258	242	250	219	210	231	242	248	259
0	0	200	229	182	0	156	212	0	221	250	0	270	215	0	166	0	0	206	0	0	0	0	78	216	0	216	0	235	249	0	0	0	160	270	0	262	215	249	206	229	241	216	231	156	78	192	216	225	243
252	141	272	279	269	141	266	274	250	276	287	256	296	275	166	267	233	249	273	262	249	258	212	263	275	261	275	252	281	286	248	262	0	266	296	239	292	275	286	273	279	283	275	280	266	263	270	275	278	284
0	0	181	220	143	0	0	197	0	209	245	0	266	200	0	85	0	0	189	0	0	0	0	0	202	0	202	0	225	243	0	0	0	0	266	0	257	200	244	189	221	234	202	222	0	0	165	202	215	236
0	0	0	0	0	0	0	0	0	0	0	0	0	0	0	0	0	0	0	0	0	0	0	0	0	0	0	0	0	0	0	0	0	0	0	0	0	0	0	0	0	0	0	0	0	0	0	0	0	0
199	0	245	257	238	0	233	249	191	252	270	206	283	250	0	235	0	183	247	224	183	212	0	225	250	222	250	199	260	269	176	225	0	233	283	0	277	250	269	247	258	264	250	258	233	225	241	250	254	265
0	0	0	0	0	0	0	0	0	0	0	0	192	0	0	0	0	0	0	0	0	0	0	0	0	0	0	0	0	0	0	0	0	0	192	0	0	0	0	0	0	0	0	0	0	0	0	0	0	0
0	0	0	176	0	0	0	0	0	130	225	0	254	0	0	0	0	0	0	0	0	0	0	0	48	0	70	0	191	223	0	0	0	0	254	0	244	0	223	0	177	206	70	181	0	0	0	70	160	211
0	0	0	0	0	0	0	0	0	0	95	0	227	0	0	0	0	0	0	0	0	0	0	0	0	0	0	0	0	0	0	0	0	0	227	0	200	0	0	0	0	0	0	0	0	0	0	0	0	0
0	0	0	192	0	0	0	123	0	166	231	0	258	140	0	0	0	0	0	0	0	0	0	0	146	0	149	0	202	229	0	0	0	0	258	0	248	143	229	0	193	215	149	195	0	0	0	149	182	219
0	0	0	0	0	0	0	0	0	0	208	0	247	0	0	0	0	0	0	0	0	0	0	0	0	0	0	0	138	204	0	0	0	0	247	0	233	0	204	0	0	176	0	78	0	0	0	0	0	185
0	0	0	0	0	0	0	0	0	0	181	0	238	0	0	0	0	0	0	0	0	0	0	0	0	0	0	0	0	174	0	0	0	0	238	0	220	0	175	0	0	0	0	0	0	0	0	0	0	114
0	0	0	172	0	0	0	0	0	120	224	0	254	0	0	0	0	0	0	0	0	0	0	0	0	0	0	0	189	222	0	0	0	0	254	0	243	0	222	0	174	204	0	178	0	0	0	0	156	210
0	0	0	0	0	0	0	0	0	0	206	0	247	0	0	0	0	0	0	0	0	0	0	0	0	0	0	0	128	202	0	0	0	0	247	0	231	0	202	0	0	172	0	0	0	0	0	0	0	182
0	0	183	221	149	0	0	199	0	210	245	0	266	202	0	104	0	0	191	0	0	0	0	0	204	0	204	0	227	244	0	0	0	70	266	0	258	202	244	191	222	235	204	223	0	0	169	204	216	237
0	0	199	229	179	0	149	210	0	219	250	0	269	213	0	161	0	0	204	0	0	0	0	0	214	0	215	0	234	249	0	0	0	154	269	0	261	214	249	204	229	240	215	229	149	0	190	215	225	242
0	0	130	206	0	0	0	169	0	189	237	0	262	176	0	0	0	0	152	0	0	0	0	0	179	0	180	0	215	236	0	0	0	0	262	0	252	177	236	152	206	224	180	209	0	0	0	180	199	227
0	0	0	172	0	0	0	0	0	120	224	0	254	0	0	0	0	0	0	0	0	0	0	0	0	0	0	0	189	222	0	0	0	0	254	0	243	0	222	0	174	204	0	178	0	0	0	0	156	210
0	0	0	126	0	0	0	0	0	0	215	0	250	0	0	0	0	0	0	0	0	0	0	0	0	0	0	0	163	212	0	0	0	0	250	0	237	0	212	0	130	189	0	140	0	0	0	0	0	195
0	0	0	0	0	0	0	0	0	0	171	0	236	0	0	0	0	0	0	0	0	0	0	0	0	0	0	0	0	162	0	0	0	0	236	0	216	0	163	0	0	0	0	0	0	0	0	0	0	0

0	11	0	0	54	0	11	0	0	101	0	0	0	18	0	0	0	0	0	54	0	74	0	0	0	0	0	0	26	74	0	0	0	54	0	0	0	0	0	0	0	0	0	0	30	30	0	0	51	0
0	0	0	0	50	0	0	0	0	100	0	0	0	8	0	0	0	0	0	51	0	72	0	0	0	0	0	0	18	72	0	0	0	51	0	0	0	0	0	0	0	0	0	0	23	23	0	0	46	0
0	11	0	0	54	0	11	0	0	101	0	0	0	18	0	0	0	0	0	54	0	74	0	0	0	0	0	0	26	74	0	0	0	54	0	0	0	0	0	0	0	0	0	0	30	30	0	0	51	0
8	18	8	0	56	0	18	0	0	102	0	0	0	23	0	0	0	0	8	56	0	76	8	0	0	0	0	0	30	76	8	0	0	56	0	0	0	4	0	8	0	0	0	8	34	34	0	0	53	0
0	0	0	0	0	0	0	0	0	89	0	0	0	0	0	0	0	0	0	1	0	48	0	0	0	0	0	0	0	48	0	0	0	1	0	0	0	0	0	0	0	0	0	0	0	0	0	0	0	0
30	36	30	26	65	0	36	18	0	105	26	0	18	40	15	8	0	26	30	65	0	81	30	18	0	0	0	0	45	81	30	0	26	65	18	0	0	28	26	30	0	18	26	30	47	48	26	11	62	0
0	0	0	0	50	0	0	0	0	100	0	0	0	8	0	0	0	0	0	51	0	72	0	0	0	0	0	0	18	72	0	0	0	51	0	0	0	0	0	0	0	0	0	0	23	23	0	0	46	0
18	26	18	11	60	0	26	0	0	103	11	0	0	30	0	0	0	11	18	60	0	78	18	0	0	0	0	0	36	78	18	0	11	60	0	0	0	15	11	18	0	0	11	18	39	40	11	0	56	0
30	36	30	26	65	0	36	18	0	105	26	0	18	40	15	8	0	26	30	65	0	81	30	18	0	0	0	0	45	81	30	0	26	65	18	0	0	28	26	30	0	18	26	30	47	48	26	11	62	0
0	0	0	0	0	0	0	0	0	0	0	0	0	0	0	0	0	0	0	0	0	0	0	0	0	0	0	0	0	0	0	0	0	0	0	0	0	0	0	0	0	0	0	0	0	0	0	0	0	0
8	18	8	0	56	0	18	0	0	102	0	0	0	23	0	0	0	0	8	56	0	76	8	0	0	0	0	0	30	76	8	0	0	56	0	0	0	4	0	8	0	0	0	8	34	34	0	0	53	0
40	45	40	36	70	18	45	30	18	107	36	0	30	48	28	23	8	36	40	70	0	85	40	30	4	0	0	8	52	85	40	11	36	70	30	18	4	38	36	40	10	30	36	40	54	54	36	26	67	11
18	26	18	11	60	0	26	0	0	103	11	0	0	30	0	0	0	11	18	60	0	78	18	0	0	0	0	0	36	78	18	0	11	60	0	0	0	15	11	18	0	0	11	18	39	40	11	0	56	0
0	0	0	0	47	0	0	0	0	99	0	0	0	0	0	0	0	0	0	48	0	70	0	0	0	0	0	0	11	70	0	0	0	48	0	0	0	0	0	0	0	0	0	0	17	18	0	0	43	0
20	28	20	15	61	0	28	4	0	103	15	0	4	32	0	0	0	15	20	61	0	79	20	4	0	0	0	0	38	79	20	0	15	61	4	0	0	18	15	20	0	4	15	20	41	41	15	0	57	0
26	32	26	20	63	0	32	11	0	104	20	0	11	36	8	0	0	20	26	63	0	80	26	11	0	0	0	0	41	80	26	0	20	63	11	0	0	23	20	26	0	11	20	26	44	45	20	4	60	0
36	41	36	32	68	11	41	26	11	106	32	0	26	45	23	18	0	32	36	68	0	83	36	26	0	0	0	0	49	83	36	4	32	68	26	11	0	34	32	36	2	26	32	36	52	52	32	20	65	4
8	18	8	0	56	0	18	0	0	102	0	0	0	23	0	0	0	0	8	56	0	76	8	0	0	0	0	0	30	76	8	0	0	56	0	0	0	4	0	8	0	0	0	8	34	34	0	0	53	0
0	11	0	0	54	0	11	0	0	101	0	0	0	18	0	0	0	0	0	54	0	74	0	0	0	0	0	0	26	74	0	0	0	54	0	0	0	0	0	0	0	0	0	0	30	30	0	0	51	0
0	0	0	0	0	0	0	0	0	89	0	0	0	0	0	0	0	0	0	0	0	48	0	0	0	0	0	0	0	48	0	0	0	0	0	0	0	0	0	0	0	0	0	0	0	0	0	0	0	0
40	45	40	36	70	18	45	30	18	107	36	0	30	48	28	23	8	36	40	70	0	85	40	30	4	0	0	8	52	85	40	11	36	70	30	18	4	38	36	40	10	30	36	40	54	54	36	26	67	11
0	0	0	0	0	0	0	0	0	76	0	0	0	0	0	0	0	0	0	0	0	0	0	0	0	0	0	0	0	0	0	0	0	0	0	0	0	0	0	0	0	0	0	0	0	0	0	0	0	0
0	11	0	0	54	0	11	0	0	101	0	0	0	18	0	0	0	0	0	54	0	74	0	0	0	0	0	0	26	74	0	0	0	54	0	0	0	0	0	0	0	0	0	0	30	30	0	0	51	0
18	26	18	11	60	0	26	0	0	103	11	0	0	30	0	0	0	11	18	60	0	78	18	0	0	0	0	0	36	78	18	0	11	60	0	0	0	15	11	18	0	0	11	18	39	40	11	0	56	0
38	43	38	34	69	15	43	28	15	106	34	0	28	46	26	20	4	34	38	69	0	84	38	28	0	0	0	4	51	84	38	8	34	69	28	15	0	36	34	38	6	28	34	38	53	53	34	23	66	8
40	45	40	36	70	18	45	30	18	107	36	0	30	48	28	23	8	36	40	70	0	85	40	30	4	0	0	8	52	85	40	11	36	70	30	18	4	38	36	40	10	30	36	40	54	54	36	26	67	11
40	45	40	36	70	18	45	30	18	107	36	0	30	48	28	23	8	36	40	70	0	85	40	30	4	0	0	8	52	85	40	11	36	70	30	18	4	38	36	40	10	30	36	40	54	54	36	26	67	11
36	41	36	32	68	11	41	26	11	106	32	0	26	45	23	18	0	32	36	68	0	83	36	26	0	0	0	0	49	83	36	4	32	68	26	11	0	34	32	36	2	26	32	36	52	52	32	20	65	4
0	0	0	0	43	0	0	0	0	97	0	0	0	0	0	0	0	0	0	43	0	67	0	0	0	0	0	0	0	67	0	0	0	43	0	0	0	0	0	0	0	0	0	0	7	8	0	0	38	0
0	0	0	0	0	0	0	0	0	76	0	0	0	0	0	0	0	0	0	0	0	0	0	0	0	0	0	0	0	0	0	0	0	0	0	0	0	0	0	0	0	0	0	0	0	0	0	0	0	0
0	11	0	0	54	0	11	0	0	101	0	0	0	18	0	0	0	0	0	54	0	74	0	0	0	0	0	0	26	74	0	0	0	54	0	0	0	0	0	0	0	0	0	0	30	30	0	0	51	0
34	40	34	30	67	8	40	23	8	106	30	0	23	43	20	15	0	30	34	67	0	83	34	23	0	0	0	0	48	83	34	0	30	67	23	8	0	32	30	34	0	23	30	34	50	51	30	18	64	0
8	18	8	0	56	0	18	0	0	102	0	0	0	23	0	0	0	0	8	56	0	76	8	0	0	0	0	0	30	76	8	0	0	56	0	0	0	4	0	8	0	0	0	8	34	34	0	0	53	0
0	0	0	0	0	0	0	0	0	89	0	0	0	0	0	0	0	0	0	0	0	48	0	0	0	0	0	0	0	48	0	0	0	0	0	0	0	0	0	0	0	0	0	0	0	0	0	0	0	0
18	26	18	11	60	0	26	0	0	103	11	0	0	30	0	0	0	11	18	60	0	78	18	0	0	0	0	0	36	78	18	0	11	60	0	0	0	15	11	18	0	0	11	18	39	40	11	0	56	0
30	36	30	26	65	0	36	18	0	105	26	0	18	40	15	8	0	26	30	65	0	81	30	18	0	0	0	0	45	81	30	0	26	65	18	0	0	28	26	30	0	18	26	30	47	48	26	11	62	0
38	43	38	34	69	15	43	28	15	106	34	0	28	46	26	20	4	34	38	69	0	84	38	28	0	0	0	4	51	84	38	8	34	69	28	15	0	36	34	38	6	28	34	38	53	53	34	23	66	8
4	15	4	0	55	0	15	0	0	101	0	0	0	20	0	0	0	0	4	56	0	75	4	0	0	0	0	0	28	75	4	0	0	56	0	0	0	0	0	4	0	0	0	4	32	32	0	0	52	0
8	18	8	0	56	0	18	0	0	102	0	0	0	23	0	0	0	0	8	56	0	76	8	0	0	0	0	0	30	76	8	0	0	56	0	0	0	4	0	8	0	0	0	8	34	34	0	0	53	0
0	11	0	0	54	0	11	0	0	101	0	0	0	18	0	0	0	0	0	54	0	74	0	0	0	0	0	0	26	74	0	0	0	54	0	0	0	0	0	0	0	0	0	0	30	30	0	0	51	0
35	41	35	31	67	10	41	24	10	106	31	0	24	44	22	16	0	31	35	68	0	83	35	24	0	0	0	0	48	83	35	2	31	68	24	10	0	33	31	35	0	24	31	35	51	51	31	19	65	2
18	26	18	11	60	0	26	0	0	103	11	0	0	30	0	0	0	11	18	60	0	78	18	0	0	0	0	0	36	78	18	0	11	60	0	0	0	15	11	18	0	0	11	18	39	40	11	0	56	0
8	18	8	0	56	0	18	0	0	102	0	0	0	23	0	0	0	0	8	56	0	76	8	0	0	0	0	0	30	76	8	0	0	56	0	0	0	4	0	8	0	0	0	8	34	34	0	0	53	0
0	11	0	0	54	0	11	0	0	101	0	0	0	18	0	0	0	0	0	54	0	74	0	0	0	0	0	0	26	74	0	0	0	54	0	0	0	0	0	0	0	0	0	0	30	30	0	0	51	0
0	0	0	0	40	0	0	0	0	96	0	0	0	0	0	0	0	0	0	40	0	66	0	0	0	0	0	0	0	66	0	0	0	40	0	0	0	0	0	0	0	0	0	0	0	1	0	0	35	0
0	0	0	0	39	0	0	0	0	96	0	0	0	0	0	0	0	0	0	40	0	65	0	0	0	0	0	0	0	65	0	0	0	40	0	0	0	0	0	0	0	0	0	0	0	0	0	0	34	0
8	18	8	0	56	0	18	0	0	102	0	0	0	23	0	0	0	0	8	56	0	76	8	0	0	0	0	0	30	76	8	0	0	56	0	0	0	4	0	8	0	0	0	8	34	34	0	0	53	0
23	30	23	18	62	0	30	8	0	104	18	0	8	34	4	0	0	18	23	62	0	79	23	8	0	0	0	0	40	79	23	0	18	62	8	0	0	20	18	23	0	8	18	23	43	43	18	0	59	0
0	0	0	0	10	0	0	0	0	90	0	0	0	0	0	0	0	0	0	11	0	52	0	0	0	0	0	0	0	52	0	0	0	11	0	0	0	0	0	0	0	0	0	0	0	0	0	0	0	0
34	40	34	30	67	8	40	23	8	106	30	0	23	43	20	15	0	30	34	67	0	83	34	23	0	0	0	0	48	83	34	0	30	67	23	8	0	32	30	34	0	23	30	34	50	51	30	18	64	0

0	0	0	8	0	30	0	18	30	0	8	40	18	0	20	26	36	8	0	0	40	0	0	18	38	40	40	36	0	0	0	34	8	0	18	30	38	4	8	0	35	18	8	0	0	0	8	23	0	34
11	0	11	18	0	36	0	26	36	0	18	45	26	0	28	32	41	18	11	0	45	0	11	26	43	45	45	41	0	0	11	40	18	0	26	36	43	15	18	11	41	26	18	11	0	0	18	30	0	40
0	0	0	8	0	30	0	18	30	0	8	40	18	0	20	26	36	8	0	0	40	0	0	18	38	40	40	36	0	0	0	34	8	0	18	30	38	4	8	0	35	18	8	0	0	0	8	23	0	34
0	0	0	0	0	26	0	11	26	0	0	36	11	0	15	20	32	0	0	0	36	0	0	11	34	36	36	32	0	0	0	30	0	0	11	26	34	0	0	0	31	11	0	0	0	0	0	18	0	30
54	50	54	56	0	65	50	60	65	0	56	70	60	47	61	63	68	56	54	0	70	0	54	60	69	70	70	68	43	0	54	67	56	0	60	65	69	55	56	54	67	60	56	54	40	39	56	62	10	67
0	0	0	0	0	0	0	0	0	0	0	18	0	0	0	0	11	0	0	0	18	0	0	0	15	18	18	11	0	0	0	8	0	0	0	0	15	0	0	0	10	0	0	0	0	0	0	0	0	8
11	0	11	18	0	36	0	26	36	0	18	45	26	0	28	32	41	18	11	0	45	0	11	26	43	45	45	41	0	0	11	40	18	0	26	36	43	15	18	11	41	26	18	11	0	0	18	30	0	40
0	0	0	0	0	18	0	0	18	0	0	30	0	0	4	11	26	0	0	0	30	0	0	0	28	30	30	26	0	0	0	23	0	0	0	18	28	0	0	0	24	0	0	0	0	0	0	8	0	23
0	0	0	0	0	0	0	0	0	0	0	18	0	0	0	0	11	0	0	0	18	0	0	0	15	18	18	11	0	0	0	8	0	0	0	0	15	0	0	0	10	0	0	0	0	0	0	0	0	8
101	100	101	102	89	105	100	103	105	0	102	107	103	99	103	104	106	102	101	89	107	76	101	103	106	107	107	106	97	76	101	106	102	89	103	105	106	101	102	101	106	103	102	101	96	96	102	104	90	106
0	0	0	0	0	26	0	11	26	0	0	36	11	0	15	20	32	0	0	0	36	0	0	11	34	36	36	32	0	0	0	30	0	0	11	26	34	0	0	0	31	11	0	0	0	0	0	18	0	30
0	0	0	0	0	0	0	0	0	0	0	0	0	0	0	0	0	0	0	0	0	0	0	0	0	0	0	0	0	0	0	0	0	0	0	0	0	0	0	0	0	0	0	0	0	0	0	0	0	0
0	0	0	0	0	18	0	0	18	0	0	30	0	0	4	11	26	0	0	0	30	0	0	0	28	30	30	26	0	0	0	23	0	0	0	18	28	0	0	0	24	0	0	0	0	0	0	8	0	23
18	8	18	23	0	40	8	30	40	0	23	48	30	0	32	36	45	23	18	0	48	0	18	30	46	48	48	45	0	0	18	43	23	0	30	40	46	20	23	18	44	30	23	18	0	0	23	34	0	43
0	0	0	0	0	15	0	0	15	0	0	28	0	0	0	8	23	0	0	0	28	0	0	0	26	28	28	23	0	0	0	20	0	0	0	15	26	0	0	0	22	0	0	0	0	0	0	4	0	20
0	0	0	0	0	8	0	0	8	0	0	23	0	0	0	0	18	0	0	0	23	0	0	0	20	23	23	18	0	0	0	15	0	0	0	8	20	0	0	0	16	0	0	0	0	0	0	0	0	15
0	0	0	0	0	0	0	0	0	0	0	8	0	0	0	0	0	0	0	0	8	0	0	0	4	8	8	0	0	0	0	0	0	0	0	0	4	0	0	0	0	0	0	0	0	0	0	0	0	0
0	0	0	0	0	26	0	11	26	0	0	36	11	0	15	20	32	0	0	0	36	0	0	11	34	36	36	32	0	0	0	30	0	0	11	26	34	0	0	0	31	11	0	0	0	0	0	18	0	30
0	0	0	8	0	30	0	18	30	0	8	40	18	0	20	26	36	8	0	0	40	0	0	18	38	40	40	36	0	0	0	34	8	0	18	30	38	4	8	0	35	18	8	0	0	0	8	23	0	34
54	51	54	56	1	65	51	60	65	0	56	70	60	48	61	63	68	56	54	0	70	0	54	60	69	70	70	68	43	0	54	67	56	0	60	65	69	56	56	54	68	60	56	54	40	40	56	62	11	67
0	0	0	0	0	0	0	0	0	0	0	0	0	0	0	0	0	0	0	0	0	0	0	0	0	0	0	0	0	0	0	0	0	0	0	0	0	0	0	0	0	0	0	0	0	0	0	0	0	0
74	72	74	76	48	81	72	78	81	0	76	85	78	70	79	80	83	76	74	48	85	0	74	78	84	85	85	83	67	0	74	83	76	48	78	81	84	75	76	74	83	78	76	74	66	65	76	79	52	83
0	0	0	8	0	30	0	18	30	0	8	40	18	0	20	26	36	8	0	0	40	0	0	18	38	40	40	36	0	0	0	34	8	0	18	30	38	4	8	0	35	18	8	0	0	0	8	23	0	34
0	0	0	0	0	18	0	0	18	0	0	30	0	0	4	11	26	0	0	0	30	0	0	0	28	30	30	26	0	0	0	23	0	0	0	18	28	0	0	0	24	0	0	0	0	0	0	8	0	23
0	0	0	0	0	0	0	0	0	0	0	4	0	0	0	0	0	0	0	0	4	0	0	0	0	4	4	0	0	0	0	0	0	0	0	0	0	0	0	0	0	0	0	0	0	0	0	0	0	0
0	0	0	0	0	0	0	0	0	0	0	0	0	0	0	0	0	0	0	0	0	0	0	0	0	0	0	0	0	0	0	0	0	0	0	0	0	0	0	0	0	0	0	0	0	0	0	0	0	0
0	0	0	0	0	0	0	0	0	0	0	0	0	0	0	0	0	0	0	0	0	0	0	0	0	0	0	0	0	0	0	0	0	0	0	0	0	0	0	0	0	0	0	0	0	0	0	0	0	0
0	0	0	0	0	0	0	0	0	0	0	8	0	0	0	0	0	0	0	0	8	0	0	0	4	8	8	0	0	0	0	0	0	0	0	0	4	0	0	0	0	0	0	0	0	0	0	0	0	0
26	18	26	30	0	45	18	36	45	0	30	52	36	11	38	41	49	30	26	0	52	0	26	36	51	52	52	49	0	0	26	48	30	0	36	45	51	28	30	26	48	36	30	26	0	0	30	40	0	48
74	72	74	76	48	81	72	78	81	0	76	85	78	70	79	80	83	76	74	48	85	0	74	78	84	85	85	83	67	0	74	83	76	48	78	81	84	75	76	74	83	78	76	74	66	65	76	79	52	83
0	0	0	8	0	30	0	18	30	0	8	40	18	0	20	26	36	8	0	0	40	0	0	18	38	40	40	36	0	0	0	34	8	0	18	30	38	4	8	0	35	18	8	0	0	0	8	23	0	34
0	0	0	0	0	0	0	0	0	0	0	11	0	0	0	0	4	0	0	0	11	0	0	0	8	11	11	4	0	0	0	0	0	0	0	0	8	0	0	0	2	0	0	0	0	0	0	0	0	0
0	0	0	0	0	26	0	11	26	0	0	36	11	0	15	20	32	0	0	0	36	0	0	11	34	36	36	32	0	0	0	30	0	0	11	26	34	0	0	0	31	11	0	0	0	0	0	18	0	30
54	51	54	56	1	65	51	60	65	0	56	70	60	48	61	63	68	56	54	0	70	0	54	60	69	70	70	68	43	0	54	67	56	0	60	65	69	56	56	54	68	60	56	54	40	40	56	62	11	67
0	0	0	0	0	18	0	0	18	0	0	30	0	0	4	11	26	0	0	0	30	0	0	0	28	30	30	26	0	0	0	23	0	0	0	18	28	0	0	0	24	0	0	0	0	0	0	8	0	23
0	0	0	0	0	0	0	0	0	0	0	18	0	0	0	0	11	0	0	0	18	0	0	0	15	18	18	11	0	0	0	8	0	0	0	0	15	0	0	0	10	0	0	0	0	0	0	0	0	8
0	0	0	0	0	0	0	0	0	0	0	4	0	0	0	0	0	0	0	0	4	0	0	0	0	4	4	0	0	0	0	0	0	0	0	0	0	0	0	0	0	0	0	0	0	0	0	0	0	0
0	0	0	4	0	28	0	15	28	0	4	38	15	0	18	23	34	4	0	0	38	0	0	15	36	38	38	34	0	0	0	32	4	0	15	28	36	0	4	0	33	15	4	0	0	0	4	20	0	32
0	0	0	0	0	26	0	11	26	0	0	36	11	0	15	20	32	0	0	0	36	0	0	11	34	36	36	32	0	0	0	30	0	0	11	26	34	0	0	0	31	11	0	0	0	0	0	18	0	30
0	0	0	8	0	30	0	18	30	0	8	40	18	0	20	26	36	8	0	0	40	0	0	18	38	40	40	36	0	0	0	34	8	0	18	30	38	4	8	0	35	18	8	0	0	0	8	23	0	34
0	0	0	0	0	0	0	0	0	0	0	10	0	0	0	0	2	0	0	0	10	0	0	0	6	10	10	2	0	0	0	0	0	0	0	0	6	0	0	0	0	0	0	0	0	0	0	0	0	0
0	0	0	0	0	18	0	0	18	0	0	30	0	0	4	11	26	0	0	0	30	0	0	0	28	30	30	26	0	0	0	23	0	0	0	18	28	0	0	0	24	0	0	0	0	0	0	8	0	23
0	0	0	0	0	26	0	11	26	0	0	36	11	0	15	20	32	0	0	0	36	0	0	11	34	36	36	32	0	0	0	30	0	0	11	26	34	0	0	0	31	11	0	0	0	0	0	18	0	30
0	0	0	8	0	30	0	18	30	0	8	40	18	0	20	26	36	8	0	0	40	0	0	18	38	40	40	36	0	0	0	34	8	0	18	30	38	4	8	0	35	18	8	0	0	0	8	23	0	34
30	23	30	34	0	47	23	39	47	0	34	54	39	17	41	44	52	34	30	0	54	0	30	39	53	54	54	52	7	0	30	50	34	0	39	47	53	32	34	30	51	39	34	30	0	0	34	43	0	50
30	23	30	34	0	48	23	40	48	0	34	54	40	18	41	45	52	34	30	0	54	0	30	40	53	54	54	52	8	0	30	51	34	0	40	48	53	32	34	30	51	40	34	30	1	0	34	43	0	51
0	0	0	0	0	26	0	11	26	0	0	36	11	0	15	20	32	0	0	0	36	0	0	11	34	36	36	32	0	0	0	30	0	0	11	26	34	0	0	0	31	11	0	0	0	0	0	18	0	30
0	0	0	0	0	11	0	0	11	0	0	26	0	0	0	4	20	0	0	0	26	0	0	0	23	26	26	20	0	0	0	18	0	0	0	11	23	0	0	0	19	0	0	0	0	0	0	0	0	18
51	46	51	53	0	62	46	56	62	0	53	67	56	43	57	60	65	53	51	0	67	0	51	56	66	67	67	65	38	0	51	64	53	0	56	62	66	52	53	51	65	56	53	51	35	34	53	59	0	64
0	0	0	0	0	0	0	0	0	0	0	11	0	0	0	0	4	0	0	0	11	0	0	0	8	11	11	4	0	0	0	0	0	0	0	0	8	0	0	0	2	0	0	0	0	0	0	0	0	0