402 865 806 896 678 828 651 747 780 849 880 579 851 857 850 851 736 546 787 885 824 783 849 848 848 701 861 602 742 832 798 904 789 710 893 799 873 774 836 625 636 836 851 876 802 853 797 734 823 725

84

27 21 22 20 23 21 24 22 22 21 21 25 21 21 21 21 23 25 22 21 21 22 21 21 21 23 21 24 23 21 22 20 22 23 20 22 21 22 21 24 24 21 21 21 22 21 22 23 21 23

21.989685659872265 20.0261052754502 25.048720420537297 32.952308815210415

9812

0	0	0	0	0	0	0	123	0	0	0	0	0	0	0	0	0	200	0	0	0	0	0	0	0	0	0	0	0	0	0	0	0	181	0	0	0	123	0	0	179	0	0	0	0	0	0	194	0	0
268	0	223	229	0	0	0	269	249	247	246	0	238	189	168	130	265	276	264	239	225	258	246	0	186	0	222	0	0	216	263	240	229	273	237	0	250	269	241	0	273	0	213	247	0	229	224	275	0	252
248	0	0	148	0	0	0	250	215	210	208	0	184	0	0	0	244	261	243	188	95	233	208	0	0	0	0	0	0	0	241	193	149	257	181	0	218	250	193	0	256	0	0	211	0	140	70	259	0	222
244	0	0	0	0	0	0	247	204	198	196	0	160	0	0	0	239	258	238	166	0	227	196	0	0	0	0	0	0	0	236	175	30	252	156	0	209	247	176	0	252	0	0	200	0	0	0	256	0	213
279	216	250	252	0	209	182	280	266	264	264	0	258	234	227	221	277	286	276	259	250	272	264	204	233	200	249	0	191	246	276	260	254	283	258	210	267	280	260	0	283	206	244	264	212	252	250	285	210	268
270	136	227	234	0	0	0	271	252	250	249	0	241	200	185	162	267	278	266	242	229	261	249	0	198	0	227	0	0	222	265	244	235	275	241	70	252	271	244	0	275	0	219	250	104	233	229	276	70	254
274	190	239	244	0	176	0	275	259	257	256	0	250	219	210	199	272	281	271	250	241	266	256	168	218	154	239	0	123	235	270	252	244	279	249	179	260	275	252	0	279	171	233	258	183	243	240	280	179	261
0	0	0	0	0	0	0	0	0	0	0	0	0	0	0	0	0	193	0	0	0	0	0	0	0	0	0	0	0	0	0	0	0	169	0	0	0	0	0	0	166	0	0	0	0	0	0	185	0	0
222	0	0	0	0	0	0	225	0	0	0	0	0	0	0	0	213	242	210	0	0	188	0	0	0	0	0	0	0	0	206	0	0	236	0	0	104	225	0	0	235	0	0	0	0	0	0	240	0	140
225	0	0	0	0	0	0	229	123	0	0	0	0	0	0	0	218	245	216	0	0	196	0	0	0	0	0	0	0	0	213	0	0	239	0	0	143	229	0	0	238	0	0	70	0	0	0	243	0	161
227	0	0	0	0	0	0	231	134	78	0	0	0	0	0	0	219	246	217	0	0	198	0	0	0	0	0	0	0	0	214	0	0	240	0	0	151	231	0	0	239	0	0	100	0	0	0	243	0	166
290	250	268	271	223	247	237	290	279	278	278	0	274	259	256	252	288	295	287	275	269	284	278	245	259	243	268	174	240	266	287	275	271	293	274	247	280	290	275	214	293	246	265	279	248	271	269	294	247	281
237	0	0	0	0	0	0	240	186	176	172	0	0	0	0	0	231	252	229	85	0	217	172	0	0	0	0	0	0	0	227	123	0	248	0	0	192	240	126	0	247	0	0	179	0	0	0	250	0	199
260	0	197	209	0	0	0	262	237	234	233	0	221	0	0	0	257	270	256	223	200	249	233	0	0	0	195	0	0	183	254	225	209	266	220	0	239	262	225	0	266	0	176	235	0	206	199	268	0	241
263	0	209	218	0	0	0	265	242	239	238	0	227	148	0	0	260	272	259	229	212	252	238	0	141	0	206	0	0	199	258	231	218	269	227	0	244	265	231	0	269	0	194	240	0	217	210	271	0	246
266	0	218	225	0	0	0	267	246	244	243	0	234	176	146	0	263	274	262	235	220	256	243	0	173	0	216	0	0	210	261	237	225	272	233	0	248	267	237	0	271	0	206	245	0	224	219	273	0	250
149	0	0	0	0	0	0	167	0	0	0	0	0	0	0	0	0	212	0	0	0	0	0	0	0	0	0	0	0	0	0	0	0	198	0	0	0	167	0	0	196	0	0	0	0	0	0	206	0	0
0	0	0	0	0	0	0	0	0	0	0	0	0	0	0	0	0	0	0	0	0	0	0	0	0	0	0	0	0	0	0	0	0	0	0	0	0	0	0	0	0	0	0	0	0	0	0	0	0	0
159	0	0	0	0	0	0	174	0	0	0	0	0	0	0	0	95	214	0	0	0	0	0	0	0	0	0	0	0	0	0	0	0	200	0	0	0	174	0	0	200	0	0	0	0	0	0	210	0	0
236	0	0	0	0	0	0	239	183	171	166	0	0	0	0	0	229	252	229	0	0	215	166	0	0	0	0	0	0	0	225	104	0	247	0	0	189	239	108	0	247	0	0	174	0	0	0	250	0	196
247	0	0	134	0	0	0	250	212	206	204	0	179	0	0	0	243	260	241	183	0	231	204	0	0	0	0	0	0	0	240	189	136	256	176	0	216	250	189	0	254	0	0	208	0	123	0	258	0	220
196	0	0	0	0	0	0	202	0	0	0	0	0	0	0	0	179	227	172	0	0	0	0	0	0	0	0	0	0	0	164	0	0	219	0	0	0	202	0	0	218	0	0	0	0	0	0	225	0	0
227	0	0	0	0	0	0	231	134	78	0	0	0	0	0	0	219	246	217	0	0	198	0	0	0	0	0	0	0	0	214	0	0	240	0	0	151	231	0	0	239	0	0	100	0	0	0	243	0	166
270	151	229	236	0	100	0	272	252	250	250	0	243	202	190	171	268	278	267	244	231	262	250	0	202	0	229	0	0	224	266	245	236	276	242	114	254	272	246	0	275	60	222	252	130	235	231	277	114	256
260	0	199	210	0	0	0	262	238	235	234	0	222	70	0	0	257	270	256	224	202	249	234	0	0	0	197	0	0	186	254	225	211	267	221	0	239	262	225	0	267	0	179	235	0	209	200	269	0	242
271	165	233	239	0	136	0	273	254	252	252	0	245	208	196	181	269	279	268	246	235	263	252	114	206	0	231	0	0	227	267	247	239	276	244	143	256	273	248	0	276	123	225	252	152	238	234	278	143	258
249	0	78	154	0	0	0	250	216	211	210	0	187	0	0	0	245	261	243	190	114	234	210	0	0	0	0	0	0	0	242	195	156	257	185	0	219	250	196	0	257	0	0	213	0	148	100	260	0	223
287	241	263	266	206	238	225	287	276	274	274	0	270	252	249	245	285	292	284	270	264	281	274	236	252	233	263	0	229	261	284	271	266	290	269	238	276	287	271	192	290	237	259	275	239	266	264	291	238	277
273	180	237	242	0	161	0	274	257	254	254	0	248	214	204	191	270	280	270	249	238	265	254	151	213	128	236	0	0	231	269	250	242	278	247	165	258	274	250	0	278	154	229	256	171	241	237	279	165	260
252	0	143	175	0	0	0	254	222	218	216	0	198	0	0	0	248	263	247	200	154	238	216	0	0	0	134	0	0	0	245	204	176	260	196	0	225	254	204	0	259	0	0	219	0	171	149	262	0	227
168	0	0	0	0	0	0	181	0	0	0	0	0	0	0	0	126	217	100	0	0	0	0	0	0	0	0	0	0	0	0	0	0	204	0	0	0	181	0	0	204	0	0	0	0	0	0	213	0	0
234	0	0	0	0	0	0	237	176	161	156	0	0	0	0	0	227	250	225	0	0	212	156	0	0	0	0	0	0	0	224	0	0	245	0	0	183	237	30	0	245	0	0	165	0	0	0	249	0	191
244	0	0	0	0	0	0	246	204	198	195	0	159	0	0	0	239	257	237	165	0	227	195	0	0	0	0	0	0	0	236	174	0	252	154	0	208	246	175	0	252	0	0	200	0	0	0	256	0	213
0	0	0	0	0	0	0	0	0	0	0	0	0	0	0	0	0	157	0	0	0	0	0	0	0	0	0	0	0	0	0	0	0	0	0	0	0	0	0	0	0	0	0	0	0	0	0	136	0	0
238	0	0	0	0	0	0	241	189	179	175	0	70	0	0	0	231	252	231	104	0	218	175	0	0	0	0	0	0	0	229	132	0	248	0	0	194	241	134	0	248	0	0	181	0	0	0	250	0	200
269	128	227	234	0	0	0	271	252	249	249	0	241	198	182	158	266	277	266	242	229	260	249	0	196	0	225	0	0	221	265	243	234	275	240	0	252	271	244	0	274	0	218	250	85	233	227	276	0	254
219	0	0	0	0	0	0	223	0	0	0	0	0	0	0	0	210	241	206	0	0	181	0	0	0	0	0	0	0	0	202	0	0	234	0	0	0	223	0	0	233	0	0	0	0	0	0	238	0	118
0	0	0	0	0	0	0	0	0	0	0	0	0	0	0	0	0	193	0	0	0	0	0	0	0	0	0	0	0	0	0	0	0	169	0	0	0	0	0	0	166	0	0	0	0	0	0	185	0	0
234	0	0	0	0	0	0	237	175	160	154	0	0	0	0	0	227	250	225	0	0	211	154	0	0	0	0	0	0	0	224	0	0	245	0	0	182	237	0	0	245	0	0	164	0	0	0	249	0	190
281	225	254	257	153	219	200	282	269	267	267	0	262	240	235	229	279	288	279	262	254	275	267	216	240	212	252	0	206	250	278	263	258	285	261	220	270	282	263	0	285	217	249	268	222	257	254	287	220	271
0	0	0	0	0	0	0	0	0	0	0	0	0	0	0	0	0	160	0	0	0	0	0	0	0	0	0	0	0	0	0	0	0	60	0	0	0	0	0	0	0	0	0	0	0	0	0	141	0	0
270	146	229	236	0	85	0	271	252	250	250	0	242	202	188	168	267	278	267	243	231	261	250	0	200	0	229	0	0	224	266	245	236	275	242	104	254	271	245	0	275	0	221	250	123	235	231	277	104	256
252	0	157	182	0	0	0	254	225	221	219	0	202	0	0	0	249	264	248	204	165	240	219	0	0	0	151	0	0	104	247	208	183	261	200	0	227	254	209	0	260	0	0	222	0	179	161	263	0	229
225	0	0	0	0	0	0	229	111	0	0	0	0	0	0	0	217	244	214	0	0	194	0	0	0	0	0	0	0	0	211	0	0	238	0	0	136	229	0	0	238	0	0	0	0	0	0	242	0	157
269	111	225	231	0	0	0	270	250	249	248	0	240	195	178	151	266	277	265	241	227	260	248	0	193	0	225	0	0	219	264	242	233	274	239	0	252	270	243	0	274	0	216	249	0	231	227	276	0	254
245	0	0	78	0	0	0	247	206	200	198	0	165	0	0	0	240	258	239	171	0	227	198	0	0	0	0	0	0	0	237	179	85	254	161	0	210	247	179	0	252	0	0	202	0	0	0	256	0	215
248	0	0	141	0	0	0	250	214	208	206	0	181	0	0	0	243	260	242	185	70	231	206	0	0	0	0	0	0	0	240	191	143	256	179	0	217	250	191	0	256	0	0	210	0	132	0	259	0	221
0	0	0	0	0	0	0	0	0	0	0	0	0	0	0	0	0	118	0	0	0	0	0	0	0	0	0	0	0	0	0	0	0	0	0	0	0	0	0	0	0	0	0	0	0	0	0	0	0	0
269	128	227	234	0	0	0	271	252	249	249	0	241	198	182	158	266	277	266	242	229	260	249	0	196	0	225	0	0	221	265	243	234	275	240	0	252	271	244	0	274	0	218	250	85	233	227	276	0	254
215	0	0	0	0	0	0	220	0	0	0	0	0	0	0	0	204	238	200	0	0	171	0	0	0	0	0	0	0	0	197	0	0	231	0	0	0	220	0	0	231	0	0	0	0	0	0	236	0	0

0	268	248	244	279	270	274	0	222	225	227	290	237	260	263	266	149	0	159	236	247	196	227	270	260	271	249	287	273	252	168	234	244	0	238	269	219	0	234	281	0	270	252	225	269	245	248	0	269	215
0	0	0	0	216	136	190	0	0	0	0	250	0	0	0	0	0	0	0	0	0	0	0	151	0	165	0	241	180	0	0	0	0	0	0	128	0	0	0	225	0	146	0	0	111	0	0	0	128	0
0	223	0	0	250	227	239	0	0	0	0	268	0	197	209	218	0	0	0	0	0	0	0	229	199	233	78	263	237	143	0	0	0	0	0	227	0	0	0	254	0	229	157	0	225	0	0	0	227	0
0	229	148	0	252	234	244	0	0	0	0	271	0	209	218	225	0	0	0	0	134	0	0	236	210	239	154	266	242	175	0	0	0	0	0	234	0	0	0	257	0	236	182	0	231	78	141	0	234	0
0	0	0	0	0	0	0	0	0	0	0	223	0	0	0	0	0	0	0	0	0	0	0	0	0	0	0	206	0	0	0	0	0	0	0	0	0	0	0	153	0	0	0	0	0	0	0	0	0	0
0	0	0	0	209	0	176	0	0	0	0	247	0	0	0	0	0	0	0	0	0	0	0	100	0	136	0	238	161	0	0	0	0	0	0	0	0	0	0	219	0	85	0	0	0	0	0	0	0	0
0	0	0	0	182	0	0	0	0	0	0	237	0	0	0	0	0	0	0	0	0	0	0	0	0	0	0	225	0	0	0	0	0	0	0	0	0	0	0	200	0	0	0	0	0	0	0	0	0	0
123	269	250	247	280	271	275	0	225	229	231	290	240	262	265	267	167	0	174	239	250	202	231	272	262	273	250	287	274	254	181	237	246	0	241	271	223	0	237	282	0	271	254	229	270	247	250	0	271	220
0	249	215	204	266	252	259	0	0	123	134	279	186	237	242	246	0	0	0	183	212	0	134	252	238	254	216	276	257	222	0	176	204	0	189	252	0	0	175	269	0	252	225	111	250	206	214	0	252	0
0	247	210	198	264	250	257	0	0	0	78	278	176	234	239	244	0	0	0	171	206	0	78	250	235	252	211	274	254	218	0	161	198	0	179	249	0	0	160	267	0	250	221	0	249	200	208	0	249	0
0	246	208	196	264	249	256	0	0	0	0	278	172	233	238	243	0	0	0	166	204	0	0	250	234	252	210	274	254	216	0	156	195	0	175	249	0	0	154	267	0	250	219	0	248	198	206	0	249	0
0	0	0	0	0	0	0	0	0	0	0	0	0	0	0	0	0	0	0	0	0	0	0	0	0	0	0	0	0	0	0	0	0	0	0	0	0	0	0	0	0	0	0	0	0	0	0	0	0	0
0	238	184	160	258	241	250	0	0	0	0	274	0	221	227	234	0	0	0	0	179	0	0	243	222	245	187	270	248	198	0	0	159	0	70	241	0	0	0	262	0	242	202	0	240	165	181	0	241	0
0	189	0	0	234	200	219	0	0	0	0	259	0	0	148	176	0	0	0	0	0	0	0	202	70	208	0	252	214	0	0	0	0	0	0	198	0	0	0	240	0	202	0	0	195	0	0	0	198	0
0	168	0	0	227	185	210	0	0	0	0	256	0	0	0	146	0	0	0	0	0	0	0	190	0	196	0	249	204	0	0	0	0	0	0	182	0	0	0	235	0	188	0	0	178	0	0	0	182	0
0	130	0	0	221	162	199	0	0	0	0	252	0	0	0	0	0	0	0	0	0	0	0	171	0	181	0	245	191	0	0	0	0	0	0	158	0	0	0	229	0	168	0	0	151	0	0	0	158	0
0	265	244	239	277	267	272	0	213	218	219	288	231	257	260	263	0	0	95	229	243	179	219	268	257	269	245	285	270	248	126	227	239	0	231	266	210	0	227	279	0	267	249	217	266	240	243	0	266	204
200	276	261	258	286	278	281	193	242	245	246	295	252	270	272	274	212	0	214	252	260	227	246	278	270	279	261	292	280	263	217	250	257	157	252	277	241	193	250	288	160	278	264	244	277	258	260	118	277	238
0	264	243	238	276	266	271	0	210	216	217	287	229	256	259	262	0	0	0	229	241	172	217	267	256	268	243	284	270	247	100	225	237	0	231	266	206	0	225	279	0	267	248	214	265	239	242	0	266	200
0	239	188	166	259	242	250	0	0	0	0	275	85	223	229	235	0	0	0	0	183	0	0	244	224	246	190	270	249	200	0	0	165	0	104	242	0	0	0	262	0	243	204	0	241	171	185	0	242	0
0	225	95	0	250	229	241	0	0	0	0	269	0	200	212	220	0	0	0	0	0	0	0	231	202	235	114	264	238	154	0	0	0	0	0	229	0	0	0	254	0	231	165	0	227	0	70	0	229	0
0	258	233	227	272	261	266	0	188	196	198	284	217	249	252	256	0	0	0	215	231	0	198	262	249	263	234	281	265	238	0	212	227	0	218	260	181	0	211	275	0	261	240	194	260	227	231	0	260	171
0	246	208	196	264	249	256	0	0	0	0	278	172	233	238	243	0	0	0	166	204	0	0	250	234	252	210	274	254	216	0	156	195	0	175	249	0	0	154	267	0	250	219	0	248	198	206	0	249	0
0	0	0	0	204	0	168	0	0	0	0	245	0	0	0	0	0	0	0	0	0	0	0	0	0	114	0	236	151	0	0	0	0	0	0	0	0	0	0	216	0	0	0	0	0	0	0	0	0	0
0	186	0	0	233	198	218	0	0	0	0	259	0	0	141	173	0	0	0	0	0	0	0	202	0	206	0	252	213	0	0	0	0	0	0	196	0	0	0	240	0	200	0	0	193	0	0	0	196	0
0	0	0	0	200	0	154	0	0	0	0	243	0	0	0	0	0	0	0	0	0	0	0	0	0	0	0	233	128	0	0	0	0	0	0	0	0	0	0	212	0	0	0	0	0	0	0	0	0	0
0	222	0	0	249	227	239	0	0	0	0	268	0	195	206	216	0	0	0	0	0	0	0	229	197	231	0	263	236	134	0	0	0	0	0	225	0	0	0	252	0	229	151	0	225	0	0	0	225	0
0	0	0	0	0	0	0	0	0	0	0	174	0	0	0	0	0	0	0	0	0	0	0	0	0	0	0	0	0	0	0	0	0	0	0	0	0	0	0	0	0	0	0	0	0	0	0	0	0	0
0	0	0	0	191	0	123	0	0	0	0	240	0	0	0	0	0	0	0	0	0	0	0	0	0	0	0	229	0	0	0	0	0	0	0	0	0	0	0	206	0	0	0	0	0	0	0	0	0	0
0	216	0	0	246	222	235	0	0	0	0	266	0	183	199	210	0	0	0	0	0	0	0	224	186	227	0	261	231	0	0	0	0	0	0	221	0	0	0	250	0	224	104	0	219	0	0	0	221	0
0	263	241	236	276	265	270	0	206	213	214	287	227	254	258	261	0	0	0	225	240	164	214	266	254	267	242	284	269	245	0	224	236	0	229	265	202	0	224	278	0	266	247	211	264	237	240	0	265	197
0	240	193	175	260	244	252	0	0	0	0	275	123	225	231	237	0	0	0	104	189	0	0	245	225	247	195	271	250	204	0	0	174	0	132	243	0	0	0	263	0	245	208	0	242	179	191	0	243	0
0	229	149	30	254	235	244	0	0	0	0	271	0	209	218	225	0	0	0	0	136	0	0	236	211	239	156	266	242	176	0	0	0	0	0	234	0	0	0	258	0	236	183	0	233	85	143	0	234	0
181	273	257	252	283	275	279	169	236	239	240	293	248	266	269	272	198	0	200	247	256	219	240	276	267	276	257	290	278	260	204	245	252	0	248	275	234	169	245	285	60	275	261	238	274	254	256	0	275	231
0	237	181	156	258	241	249	0	0	0	0	274	0	220	227	233	0	0	0	0	176	0	0	242	221	244	185	269	247	196	0	0	154	0	0	240	0	0	0	261	0	242	200	0	239	161	179	0	240	0
0	0	0	0	210	70	179	0	0	0	0	247	0	0	0	0	0	0	0	0	0	0	0	114	0	143	0	238	165	0	0	0	0	0	0	0	0	0	0	220	0	104	0	0	0	0	0	0	0	0
0	250	218	209	267	252	260	0	104	143	151	280	192	239	244	248	0	0	0	189	216	0	151	254	239	256	219	276	258	225	0	183	208	0	194	252	0	0	182	270	0	254	227	136	252	210	217	0	252	0
123	269	250	247	280	271	275	0	225	229	231	290	240	262	265	267	167	0	174	239	250	202	231	272	262	273	250	287	274	254	181	237	246	0	241	271	223	0	237	282	0	271	254	229	270	247	250	0	271	220
0	241	193	176	260	244	252	0	0	0	0	275	126	225	231	237	0	0	0	108	189	0	0	246	225	248	196	271	250	204	0	30	175	0	134	244	0	0	0	263	0	245	209	0	243	179	191	0	244	0
0	0	0	0	0	0	0	0	0	0	0	214	0	0	0	0	0	0	0	0	0	0	0	0	0	0	0	192	0	0	0	0	0	0	0	0	0	0	0	0	0	0	0	0	0	0	0	0	0	0
179	273	256	252	283	275	279	166	235	238	239	293	247	266	269	271	196	0	200	247	254	218	239	275	267	276	257	290	278	259	204	245	252	0	248	274	233	166	245	285	0	275	260	238	274	252	256	0	274	231
0	0	0	0	206	0	171	0	0	0	0	246	0	0	0	0	0	0	0	0	0	0	0	60	0	123	0	237	154	0	0	0	0	0	0	0	0	0	0	217	0	0	0	0	0	0	0	0	0	0
0	213	0	0	244	219	233	0	0	0	0	265	0	176	194	206	0	0	0	0	0	0	0	222	179	225	0	259	229	0	0	0	0	0	0	218	0	0	0	249	0	221	0	0	216	0	0	0	218	0
0	247	211	200	264	250	258	0	0	70	100	279	179	235	240	245	0	0	0	174	208	0	100	252	235	252	213	275	256	219	0	165	200	0	181	250	0	0	164	268	0	250	222	0	249	202	210	0	250	0
0	0	0	0	212	104	183	0	0	0	0	248	0	0	0	0	0	0	0	0	0	0	0	130	0	152	0	239	171	0	0	0	0	0	0	85	0	0	0	222	0	123	0	0	0	0	0	0	85	0
0	229	140	0	252	233	243	0	0	0	0	271	0	206	217	224	0	0	0	0	123	0	0	235	209	238	148	266	241	171	0	0	0	0	0	233	0	0	0	257	0	235	179	0	231	0	132	0	233	0
0	224	70	0	250	229	240	0	0	0	0	269	0	199	210	219	0	0	0	0	0	0	0	231	200	234	100	264	237	149	0	0	0	0	0	227	0	0	0	254	0	231	161	0	227	0	0	0	227	0
194	275	259	256	285	276	280	185	240	243	243	294	250	268	271	273	206	0	210	250	258	225	243	277	269	278	260	291	279	262	213	249	256	136	250	276	238	185	249	287	141	277	263	242	276	256	259	0	276	236
0	0	0	0	210	70	179	0	0	0	0	247	0	0	0	0	0	0	0	0	0	0	0	114	0	143	0	238	165	0	0	0	0	0	0	0	0	0	0	220	0	104	0	0	0	0	0	0	0	0
0	252	222	213	268	254	261	0	140	161	166	281	199	241	246	250	0	0	0	196	220	0	166	256	242	258	223	277	260	227	0	191	213	0	200	254	118	0	190	271	0	256	229	157	254	215	221	0	254	0

0	0	0	0	0	0	0	0	0	0	0	0	0	0	0	0	0	0	0	0	0	0	0	0	0	0	0	0	0	0	0	0	0	0	0	0	0	0	0	0	0	0	0	0	0	0	0	0	0	0
90	0	48	0	48	0	60	18	0	0	0	0	30	0	0	0	0	54	0	4	0	15	26	0	0	48	0	0	32	26	11	0	0	30	0	0	0	0	30	30	48	0	0	0	18	0	36	0	11	45
78	0	0	0	0	0	30	0	0	0	0	0	0	0	0	0	0	18	0	0	0	0	0	0	0	0	0	0	0	0	0	0	0	0	0	0	0	0	0	0	0	0	0	0	0	0	0	0	0	0
90	0	48	0	48	0	60	18	0	0	0	0	30	0	0	0	0	54	0	4	0	15	26	0	0	48	0	0	32	26	11	0	0	30	0	0	0	0	30	30	48	0	0	0	18	0	36	0	11	45
78	0	0	0	0	0	30	0	0	0	0	0	0	0	0	0	0	18	0	0	0	0	0	0	0	0	0	0	0	0	0	0	0	0	0	0	0	0	0	0	0	0	0	0	0	0	0	0	0	0
94	23	56	23	56	0	67	34	0	15	23	0	43	23	23	23	0	62	22	26	0	32	40	23	23	56	8	0	45	40	30	23	0	43	20	0	23	0	43	43	56	23	18	8	34	0	48	0	30	54
70	0	0	0	0	0	0	0	0	0	0	0	0	0	0	0	0	0	0	0	0	0	0	0	0	0	0	0	0	0	0	0	0	0	0	0	0	0	0	0	0	0	0	0	0	0	0	0	0	0
88	0	40	0	40	0	54	0	0	0	0	0	18	0	0	0	0	48	0	0	0	0	11	0	0	40	0	0	20	11	0	0	0	18	0	0	0	0	18	18	40	0	0	0	0	0	26	0	0	36
95	28	59	28	59	8	69	38	0	20	28	0	46	28	28	28	8	64	27	30	0	36	43	28	28	59	15	0	48	43	34	28	0	46	26	0	28	8	46	46	59	28	23	15	38	0	51	0	34	56
92	11	52	11	52	0	63	26	0	0	11	0	36	11	11	11	0	57	10	15	0	23	32	11	11	52	0	0	38	32	20	11	0	36	8	0	11	0	36	36	52	11	4	0	26	0	41	0	20	49
90	0	48	0	48	0	60	18	0	0	0	0	30	0	0	0	0	54	0	4	0	15	26	0	0	48	0	0	32	26	11	0	0	30	0	0	0	0	30	30	48	0	0	0	18	0	36	0	11	45
96	32	61	32	61	15	71	41	8	26	32	0	49	32	32	32	15	66	31	34	4	40	46	32	32	61	20	4	51	46	38	32	0	49	30	4	32	15	49	49	61	32	28	20	41	4	53	4	38	59
85	0	30	0	30	0	48	0	0	0	0	0	0	0	0	0	0	40	0	0	0	0	0	0	0	30	0	0	4	0	0	0	0	0	0	0	0	0	0	0	30	0	0	0	0	0	11	0	0	26
90	0	48	0	48	0	60	18	0	0	0	0	30	0	0	0	0	54	0	4	0	15	26	0	0	48	0	0	32	26	11	0	0	30	0	0	0	0	30	30	48	0	0	0	18	0	36	0	11	45
90	0	48	0	48	0	60	18	0	0	0	0	30	0	0	0	0	54	0	4	0	15	26	0	0	48	0	0	32	26	11	0	0	30	0	0	0	0	30	30	48	0	0	0	18	0	36	0	11	45
90	0	48	0	48	0	60	18	0	0	0	0	30	0	0	0	0	54	0	4	0	15	26	0	0	48	0	0	32	26	11	0	0	30	0	0	0	0	30	30	48	0	0	0	18	0	36	0	11	45
94	23	56	23	56	0	67	34	0	15	23	0	43	23	23	23	0	62	22	26	0	32	40	23	23	56	8	0	45	40	30	23	0	43	20	0	23	0	43	43	56	23	18	8	34	0	48	0	30	54
74	0	0	0	0	0	18	0	0	0	0	0	0	0	0	0	0	0	0	0	0	0	0	0	0	0	0	0	0	0	0	0	0	0	0	0	0	0	0	0	0	0	0	0	0	0	0	0	0	0
91	2	48	2	48	0	61	19	0	0	2	0	31	2	2	2	0	55	0	6	0	16	27	2	2	48	0	0	33	27	13	2	0	31	0	0	2	0	31	31	48	2	0	0	19	0	37	0	13	45
90	0	46	0	46	0	59	15	0	0	0	0	28	0	0	0	0	53	0	0	0	11	23	0	0	46	0	0	30	23	8	0	0	28	0	0	0	0	28	28	46	0	0	0	15	0	34	0	8	43
95	30	60	30	60	11	70	40	4	23	30	0	48	30	30	30	11	65	28	32	0	38	45	30	30	60	18	0	49	45	36	30	0	48	28	0	30	11	48	48	60	30	26	18	40	0	52	0	36	57
88	0	41	0	41	0	56	4	0	0	0	0	20	0	0	0	0	49	0	0	0	0	15	0	0	41	0	0	23	15	0	0	0	20	0	0	0	0	20	20	41	0	0	0	4	0	28	0	0	38
86	0	34	0	34	0	51	0	0	0	0	0	8	0	0	0	0	43	0	0	0	0	0	0	0	34	0	0	11	0	0	0	0	8	0	0	0	0	8	8	34	0	0	0	0	0	18	0	0	30
90	0	48	0	48	0	60	18	0	0	0	0	30	0	0	0	0	54	0	4	0	15	26	0	0	48	0	0	32	26	11	0	0	30	0	0	0	0	30	30	48	0	0	0	18	0	36	0	11	45
90	0	48	0	48	0	60	18	0	0	0	0	30	0	0	0	0	54	0	4	0	15	26	0	0	48	0	0	32	26	11	0	0	30	0	0	0	0	30	30	48	0	0	0	18	0	36	0	11	45
78	0	0	0	0	0	30	0	0	0	0	0	0	0	0	0	0	18	0	0	0	0	0	0	0	0	0	0	0	0	0	0	0	0	0	0	0	0	0	0	0	0	0	0	0	0	0	0	0	0
93	18	54	18	54	0	65	30	0	8	18	0	40	18	18	18	0	60	16	20	0	28	36	18	18	54	0	0	41	36	26	18	0	40	15	0	18	0	40	40	54	18	11	0	30	0	45	0	26	52
95	30	60	30	60	11	70	40	4	23	30	0	48	30	30	30	11	65	28	32	0	38	45	30	30	60	18	0	49	45	36	30	0	48	28	0	30	11	48	48	60	30	26	18	40	0	52	0	36	57
84	0	28	0	28	0	46	0	0	0	0	0	0	0	0	0	0	38	0	0	0	0	0	0	0	28	0	0	0	0	0	0	0	0	0	0	0	0	0	0	28	0	0	0	0	0	8	0	0	23
86	0	34	0	34	0	51	0	0	0	0	0	8	0	0	0	0	43	0	0	0	0	0	0	0	34	0	0	11	0	0	0	0	8	0	0	0	0	8	8	34	0	0	0	0	0	18	0	0	30
89	0	43	0	43	0	56	8	0	0	0	0	23	0	0	0	0	51	0	0	0	4	18	0	0	43	0	0	26	18	0	0	0	23	0	0	0	0	23	23	43	0	0	0	8	0	30	0	0	40
90	0	48	0	48	0	60	18	0	0	0	0	30	0	0	0	0	54	0	4	0	15	26	0	0	48	0	0	32	26	11	0	0	30	0	0	0	0	30	30	48	0	0	0	18	0	36	0	11	45
98	40	65	40	65	25	74	48	20	34	40	14	54	40	40	40	25	70	39	41	17	46	52	40	40	65	30	17	56	52	45	40	0	54	38	17	40	25	54	54	65	40	36	30	48	17	57	17	45	63
85	0	30	0	30	0	48	0	0	0	0	0	0	0	0	0	0	40	0	0	0	0	0	0	0	30	0	0	4	0	0	0	0	0	0	0	0	0	0	0	30	0	0	0	0	0	11	0	0	26
91	4	49	4	49	0	61	20	0	0	4	0	32	4	4	4	0	56	2	8	0	18	28	4	4	49	0	0	34	28	15	4	0	32	0	0	4	0	32	32	49	4	0	0	20	0	38	0	15	46
95	30	60	30	60	11	70	40	4	23	30	0	48	30	30	30	11	65	28	32	0	38	45	30	30	60	18	0	49	45	36	30	0	48	28	0	30	11	48	48	60	30	26	18	40	0	52	0	36	57
90	0	48	0	48	0	60	18	0	0	0	0	30	0	0	0	0	54	0	4	0	15	26	0	0	48	0	0	32	26	11	0	0	30	0	0	0	0	30	30	48	0	0	0	18	0	36	0	11	45
94	23	56	23	56	0	67	34	0	15	23	0	43	23	23	23	0	62	22	26	0	32	40	23	23	56	8	0	45	40	30	23	0	43	20	0	23	0	43	43	56	23	18	8	34	0	48	0	30	54
85	0	30	0	30	0	48	0	0	0	0	0	0	0	0	0	0	40	0	0	0	0	0	0	0	30	0	0	4	0	0	0	0	0	0	0	0	0	0	0	30	0	0	0	0	0	11	0	0	26
85	0	30	0	30	0	48	0	0	0	0	0	0	0	0	0	0	40	0	0	0	0	0	0	0	30	0	0	4	0	0	0	0	0	0	0	0	0	0	0	30	0	0	0	0	0	11	0	0	26
78	0	0	0	0	0	30	0	0	0	0	0	0	0	0	0	0	18	0	0	0	0	0	0	0	0	0	0	0	0	0	0	0	0	0	0	0	0	0	0	0	0	0	0	0	0	0	0	0	0
90	0	48	0	48	0	60	18	0	0	0	0	30	0	0	0	0	54	0	4	0	15	26	0	0	48	0	0	32	26	11	0	0	30	0	0	0	0	30	30	48	0	0	0	18	0	36	0	11	45
91	8	51	8	51	0	62	23	0	0	8	0	34	8	8	8	0	56	6	11	0	20	30	8	8	51	0	0	36	30	18	8	0	34	4	0	8	0	34	34	51	8	0	0	23	0	40	0	18	48
93	18	54	18	54	0	65	30	0	8	18	0	40	18	18	18	0	60	16	20	0	28	36	18	18	54	0	0	41	36	26	18	0	40	15	0	18	0	40	40	54	18	11	0	30	0	45	0	26	52
88	0	40	0	40	0	54	0	0	0	0	0	18	0	0	0	0	48	0	0	0	0	11	0	0	40	0	0	20	11	0	0	0	18	0	0	0	0	18	18	40	0	0	0	0	0	26	0	0	36
95	30	60	30	60	11	70	40	4	23	30	0	48	30	30	30	11	65	28	32	0	38	45	30	30	60	18	0	49	45	36	30	0	48	28	0	30	11	48	48	60	30	26	18	40	0	52	0	36	57
83	0	23	0	23	0	43	0	0	0	0	0	0	0	0	0	0	34	0	0	0	0	0	0	0	23	0	0	0	0	0	0	0	0	0	0	0	0	0	0	23	0	0	0	0	0	0	0	0	18
95	30	60	30	60	11	70	40	4	23	30	0	48	30	30	30	11	65	28	32	0	38	45	30	30	60	18	0	49	45	36	30	0	48	28	0	30	11	48	48	60	30	26	18	40	0	52	0	36	57
89	0	43	0	43	0	56	8	0	0	0	0	23	0	0	0	0	51	0	0	0	4	18	0	0	43	0	0	26	18	0	0	0	23	0	0	0	0	23	23	43	0	0	0	8	0	30	0	0	40
79	0	8	0	8	0	34	0	0	0	0	0	0	0	0	0	0	23	0	0	0	0	0	0	0	8	0	0	0	0	0	0	0	0	0	0	0	0	0	0	8	0	0	0	0	0	0	0	0	0

0	90	78	90	78	94	70	88	95	92	90	96	85	90	90	90	94	74	91	90	95	88	86	90	90	78	93	95	84	86	89	90	98	85	91	95	90	94	85	85	78	90	91	93	88	95	83	95	89	79
0	0	0	0	0	23	0	0	28	11	0	32	0	0	0	0	23	0	2	0	30	0	0	0	0	0	18	30	0	0	0	0	40	0	4	30	0	23	0	0	0	0	8	18	0	30	0	30	0	0
0	48	0	48	0	56	0	40	59	52	48	61	30	48	48	48	56	0	48	46	60	41	34	48	48	0	54	60	28	34	43	48	65	30	49	60	48	56	30	30	0	48	51	54	40	60	23	60	43	8
0	0	0	0	0	23	0	0	28	11	0	32	0	0	0	0	23	0	2	0	30	0	0	0	0	0	18	30	0	0	0	0	40	0	4	30	0	23	0	0	0	0	8	18	0	30	0	30	0	0
0	48	0	48	0	56	0	40	59	52	48	61	30	48	48	48	56	0	48	46	60	41	34	48	48	0	54	60	28	34	43	48	65	30	49	60	48	56	30	30	0	48	51	54	40	60	23	60	43	8
0	0	0	0	0	0	0	0	8	0	0	15	0	0	0	0	0	0	0	0	11	0	0	0	0	0	0	11	0	0	0	0	25	0	0	11	0	0	0	0	0	0	0	0	0	11	0	11	0	0
0	60	30	60	30	67	0	54	69	63	60	71	48	60	60	60	67	18	61	59	70	56	51	60	60	30	65	70	46	51	56	60	74	48	61	70	60	67	48	48	30	60	62	65	54	70	43	70	56	34
0	18	0	18	0	34	0	0	38	26	18	41	0	18	18	18	34	0	19	15	40	4	0	18	18	0	30	40	0	0	8	18	48	0	20	40	18	34	0	0	0	18	23	30	0	40	0	40	8	0
0	0	0	0	0	0	0	0	0	0	0	8	0	0	0	0	0	0	0	0	4	0	0	0	0	0	0	4	0	0	0	0	20	0	0	4	0	0	0	0	0	0	0	0	0	4	0	4	0	0
0	0	0	0	0	15	0	0	20	0	0	26	0	0	0	0	15	0	0	0	23	0	0	0	0	0	8	23	0	0	0	0	34	0	0	23	0	15	0	0	0	0	0	8	0	23	0	23	0	0
0	0	0	0	0	23	0	0	28	11	0	32	0	0	0	0	23	0	2	0	30	0	0	0	0	0	18	30	0	0	0	0	40	0	4	30	0	23	0	0	0	0	8	18	0	30	0	30	0	0
0	0	0	0	0	0	0	0	0	0	0	0	0	0	0	0	0	0	0	0	0	0	0	0	0	0	0	0	0	0	0	0	14	0	0	0	0	0	0	0	0	0	0	0	0	0	0	0	0	0
0	30	0	30	0	43	0	18	46	36	30	49	0	30	30	30	43	0	31	28	48	20	8	30	30	0	40	48	0	8	23	30	54	0	32	48	30	43	0	0	0	30	34	40	18	48	0	48	23	0
0	0	0	0	0	23	0	0	28	11	0	32	0	0	0	0	23	0	2	0	30	0	0	0	0	0	18	30	0	0	0	0	40	0	4	30	0	23	0	0	0	0	8	18	0	30	0	30	0	0
0	0	0	0	0	23	0	0	28	11	0	32	0	0	0	0	23	0	2	0	30	0	0	0	0	0	18	30	0	0	0	0	40	0	4	30	0	23	0	0	0	0	8	18	0	30	0	30	0	0
0	0	0	0	0	23	0	0	28	11	0	32	0	0	0	0	23	0	2	0	30	0	0	0	0	0	18	30	0	0	0	0	40	0	4	30	0	23	0	0	0	0	8	18	0	30	0	30	0	0
0	0	0	0	0	0	0	0	8	0	0	15	0	0	0	0	0	0	0	0	11	0	0	0	0	0	0	11	0	0	0	0	25	0	0	11	0	0	0	0	0	0	0	0	0	11	0	11	0	0
0	54	18	54	18	62	0	48	64	57	54	66	40	54	54	54	62	0	55	53	65	49	43	54	54	18	60	65	38	43	51	54	70	40	56	65	54	62	40	40	18	54	56	60	48	65	34	65	51	23
0	0	0	0	0	22	0	0	27	10	0	31	0	0	0	0	22	0	0	0	28	0	0	0	0	0	16	28	0	0	0	0	39	0	2	28	0	22	0	0	0	0	6	16	0	28	0	28	0	0
0	4	0	4	0	26	0	0	30	15	4	34	0	4	4	4	26	0	6	0	32	0	0	4	4	0	20	32	0	0	0	4	41	0	8	32	4	26	0	0	0	4	11	20	0	32	0	32	0	0
0	0	0	0	0	0	0	0	0	0	0	4	0	0	0	0	0	0	0	0	0	0	0	0	0	0	0	0	0	0	0	0	17	0	0	0	0	0	0	0	0	0	0	0	0	0	0	0	0	0
0	15	0	15	0	32	0	0	36	23	15	40	0	15	15	15	32	0	16	11	38	0	0	15	15	0	28	38	0	0	4	15	46	0	18	38	15	32	0	0	0	15	20	28	0	38	0	38	4	0
0	26	0	26	0	40	0	11	43	32	26	46	0	26	26	26	40	0	27	23	45	15	0	26	26	0	36	45	0	0	18	26	52	0	28	45	26	40	0	0	0	26	30	36	11	45	0	45	18	0
0	0	0	0	0	23	0	0	28	11	0	32	0	0	0	0	23	0	2	0	30	0	0	0	0	0	18	30	0	0	0	0	40	0	4	30	0	23	0	0	0	0	8	18	0	30	0	30	0	0
0	0	0	0	0	23	0	0	28	11	0	32	0	0	0	0	23	0	2	0	30	0	0	0	0	0	18	30	0	0	0	0	40	0	4	30	0	23	0	0	0	0	8	18	0	30	0	30	0	0
0	48	0	48	0	56	0	40	59	52	48	61	30	48	48	48	56	0	48	46	60	41	34	48	48	0	54	60	28	34	43	48	65	30	49	60	48	56	30	30	0	48	51	54	40	60	23	60	43	8
0	0	0	0	0	8	0	0	15	0	0	20	0	0	0	0	8	0	0	0	18	0	0	0	0	0	0	18	0	0	0	0	30	0	0	18	0	8	0	0	0	0	0	0	0	18	0	18	0	0
0	0	0	0	0	0	0	0	0	0	0	4	0	0	0	0	0	0	0	0	0	0	0	0	0	0	0	0	0	0	0	0	17	0	0	0	0	0	0	0	0	0	0	0	0	0	0	0	0	0
0	32	0	32	0	45	0	20	48	38	32	51	4	32	32	32	45	0	33	30	49	23	11	32	32	0	41	49	0	11	26	32	56	4	34	49	32	45	4	4	0	32	36	41	20	49	0	49	26	0
0	26	0	26	0	40	0	11	43	32	26	46	0	26	26	26	40	0	27	23	45	15	0	26	26	0	36	45	0	0	18	26	52	0	28	45	26	40	0	0	0	26	30	36	11	45	0	45	18	0
0	11	0	11	0	30	0	0	34	20	11	38	0	11	11	11	30	0	13	8	36	0	0	11	11	0	26	36	0	0	0	11	45	0	15	36	11	30	0	0	0	11	18	26	0	36	0	36	0	0
0	0	0	0	0	23	0	0	28	11	0	32	0	0	0	0	23	0	2	0	30	0	0	0	0	0	18	30	0	0	0	0	40	0	4	30	0	23	0	0	0	0	8	18	0	30	0	30	0	0
0	0	0	0	0	0	0	0	0	0	0	0	0	0	0	0	0	0	0	0	0	0	0	0	0	0	0	0	0	0	0	0	0	0	0	0	0	0	0	0	0	0	0	0	0	0	0	0	0	0
0	30	0	30	0	43	0	18	46	36	30	49	0	30	30	30	43	0	31	28	48	20	8	30	30	0	40	48	0	8	23	30	54	0	32	48	30	43	0	0	0	30	34	40	18	48	0	48	23	0
0	0	0	0	0	20	0	0	26	8	0	30	0	0	0	0	20	0	0	0	28	0	0	0	0	0	15	28	0	0	0	0	38	0	0	28	0	20	0	0	0	0	4	15	0	28	0	28	0	0
0	0	0	0	0	0	0	0	0	0	0	4	0	0	0	0	0	0	0	0	0	0	0	0	0	0	0	0	0	0	0	0	17	0	0	0	0	0	0	0	0	0	0	0	0	0	0	0	0	0
0	0	0	0	0	23	0	0	28	11	0	32	0	0	0	0	23	0	2	0	30	0	0	0	0	0	18	30	0	0	0	0	40	0	4	30	0	23	0	0	0	0	8	18	0	30	0	30	0	0
0	0	0	0	0	0	0	0	8	0	0	15	0	0	0	0	0	0	0	0	11	0	0	0	0	0	0	11	0	0	0	0	25	0	0	11	0	0	0	0	0	0	0	0	0	11	0	11	0	0
0	30	0	30	0	43	0	18	46	36	30	49	0	30	30	30	43	0	31	28	48	20	8	30	30	0	40	48	0	8	23	30	54	0	32	48	30	43	0	0	0	30	34	40	18	48	0	48	23	0
0	30	0	30	0	43	0	18	46	36	30	49	0	30	30	30	43	0	31	28	48	20	8	30	30	0	40	48	0	8	23	30	54	0	32	48	30	43	0	0	0	30	34	40	18	48	0	48	23	0
0	48	0	48	0	56	0	40	59	52	48	61	30	48	48	48	56	0	48	46	60	41	34	48	48	0	54	60	28	34	43	48	65	30	49	60	48	56	30	30	0	48	51	54	40	60	23	60	43	8
0	0	0	0	0	23	0	0	28	11	0	32	0	0	0	0	23	0	2	0	30	0	0	0	0	0	18	30	0	0	0	0	40	0	4	30	0	23	0	0	0	0	8	18	0	30	0	30	0	0
0	0	0	0	0	18	0	0	23	4	0	28	0	0	0	0	18	0	0	0	26	0	0	0	0	0	11	26	0	0	0	0	36	0	0	26	0	18	0	0	0	0	0	11	0	26	0	26	0	0
0	0	0	0	0	8	0	0	15	0	0	20	0	0	0	0	8	0	0	0	18	0	0	0	0	0	0	18	0	0	0	0	30	0	0	18	0	8	0	0	0	0	0	0	0	18	0	18	0	0
0	18	0	18	0	34	0	0	38	26	18	41	0	18	18	18	34	0	19	15	40	4	0	18	18	0	30	40	0	0	8	18	48	0	20	40	18	34	0	0	0	18	23	30	0	40	0	40	8	0
0	0	0	0	0	0	0	0	0	0	0	4	0	0	0	0	0	0	0	0	0	0	0	0	0	0	0	0	0	0	0	0	17	0	0	0	0	0	0	0	0	0	0	0	0	0	0	0	0	0
0	36	0	36	0	48	0	26	51	41	36	53	11	36	36	36	48	0	37	34	52	28	18	36	36	0	45	52	8	18	30	36	57	11	38	52	36	48	11	11	0	36	40	45	26	52	0	52	30	0
0	0	0	0	0	0	0	0	0	0	0	4	0	0	0	0	0	0	0	0	0	0	0	0	0	0	0	0	0	0	0	0	17	0	0	0	0	0	0	0	0	0	0	0	0	0	0	0	0	0
0	11	0	11	0	30	0	0	34	20	11	38	0	11	11	11	30	0	13	8	36	0	0	11	11	0	26	36	0	0	0	11	45	0	15	36	11	30	0	0	0	11	18	26	0	36	0	36	0	0
0	45	0	45	0	54	0	36	56	49	45	59	26	45	45	45	54	0	45	43	57	38	30	45	45	0	52	57	23	30	40	45	63	26	46	57	45	54	26	26	0	45	48	52	36	57	18	57	40	0