754 924 682 758 853 812 872 825 793 882 884 685 830 535 894 836 884 877 849 892 731 811 882 813 874 828 700 901 805 902 859 882 845 358 433 877 896 866 873 865 863 858 886 673 882 813 852 864 889 881

84

24 21 25 24 22 23 22 23 23 22 22 25 23 27 22 22 22 22 22 22 24 23 22 23 22 23 24 22 23 22 22 22 22 29 28 22 22 22 22 22 22 22 22 25 22 23 22 22 22 22

21.99060555200235 19.97952525126356 25.007416862207993 32.96062586909242

10554

0	0	152	0	0	0	0	0	0	0	0	0	0	0	0	0	0	0	0	0	0	0	0	0	0	0	0	0	179	0	0	0	0	0	0	0	0	0	0	0	0	0	0	0	0	179	0	0	0	0
274	0	277	235	250	261	197	267	272	186	195	0	263	272	0	249	108	252	221	0	70	0	0	271	267	260	252	108	279	250	256	162	0	269	197	256	221	268	172	0	0	231	173	0	221	279	0	267	244	247
0	0	0	0	0	0	0	0	0	0	0	0	0	0	0	0	0	0	0	0	0	0	0	0	0	0	0	0	148	0	0	0	0	0	0	0	0	0	0	0	0	0	0	0	0	148	0	0	0	0
250	0	256	0	199	225	0	239	248	0	0	0	229	248	0	193	0	202	0	0	0	0	0	246	239	224	202	0	259	200	214	0	0	242	0	213	0	240	0	0	0	0	0	0	0	259	0	239	173	185
236	0	242	0	0	193	0	216	231	0	0	0	200	231	0	0	0	104	0	0	0	0	0	227	216	188	90	0	246	78	161	0	0	222	0	159	0	220	0	0	0	0	0	0	0	246	0	217	0	0
216	0	225	0	0	0	0	179	208	0	0	0	120	209	0	0	0	0	0	0	0	0	0	202	179	0	0	0	231	0	0	0	0	191	0	0	0	186	0	0	0	0	0	0	0	231	0	179	0	0
266	0	269	212	236	250	0	257	264	0	0	0	252	264	0	233	0	238	185	0	0	0	0	262	257	248	237	0	272	237	243	0	0	260	0	243	184	259	0	0	0	206	0	0	184	272	0	257	227	229
193	0	206	0	0	0	0	0	178	0	0	0	0	179	0	0	0	0	0	0	0	0	0	166	0	0	0	0	216	0	0	0	0	132	0	0	0	108	0	0	0	0	0	0	0	216	0	30	0	0
141	0	176	0	0	0	0	0	0	0	0	0	0	48	0	0	0	0	0	0	0	0	0	0	0	0	0	0	194	0	0	0	0	0	0	0	0	0	0	0	0	0	0	0	0	194	0	0	0	0
268	0	271	219	240	252	136	260	266	0	128	0	254	266	0	238	0	242	197	0	0	0	0	264	260	250	241	0	273	241	246	0	0	262	136	246	196	261	0	0	0	213	0	0	196	273	0	260	231	235
266	0	269	213	237	250	70	258	264	0	0	0	252	264	0	234	0	239	188	0	0	0	0	263	258	249	238	0	272	238	244	0	0	260	70	243	186	259	0	0	0	206	0	0	186	272	0	258	227	231
292	245	294	270	278	284	257	287	291	254	257	0	285	291	242	277	246	279	265	244	245	234	237	290	287	283	278	246	295	278	281	250	239	288	257	281	264	288	252	241	238	269	252	177	264	295	238	287	275	276
211	0	221	0	0	0	0	166	202	0	0	0	0	202	0	0	0	0	0	0	0	0	0	196	166	0	0	0	227	0	0	0	0	182	0	0	0	176	0	0	0	0	0	0	0	227	0	167	0	0
138	0	175	0	0	0	0	0	0	0	0	0	0	0	0	0	0	0	0	0	0	0	0	0	0	0	0	0	193	0	0	0	0	0	0	0	0	0	0	0	0	0	0	0	0	193	0	0	0	0
275	120	278	238	252	263	204	268	273	194	202	0	264	273	0	250	143	254	225	114	130	0	0	272	268	261	254	143	280	252	258	176	0	270	204	257	225	269	183	0	0	235	184	0	225	280	0	268	247	249
239	0	244	0	114	200	0	220	234	0	0	0	206	234	0	0	0	138	0	0	0	0	0	231	220	195	132	0	248	128	173	0	0	225	0	172	0	223	0	0	0	0	0	0	0	248	0	220	0	0
273	0	276	233	249	260	192	266	271	179	190	0	261	271	0	247	0	250	218	0	0	0	0	270	266	259	250	0	278	250	254	149	0	268	192	254	218	267	162	0	0	229	163	0	218	278	0	266	243	245
234	0	240	0	0	188	0	213	229	0	0	0	196	229	0	0	0	0	0	0	0	0	0	225	213	182	0	0	245	0	149	0	0	219	0	146	0	217	0	0	0	0	0	0	0	245	0	214	0	0
259	0	262	179	220	239	0	248	256	0	0	0	241	256	0	216	0	223	0	0	0	0	0	254	248	237	222	0	265	221	229	0	0	250	0	229	0	250	0	0	0	164	0	0	0	265	0	248	206	212
274	48	277	236	250	261	198	267	272	187	196	0	263	272	0	249	114	252	222	0	85	0	0	271	267	260	252	114	279	252	256	164	0	269	198	256	221	268	174	0	0	231	175	0	221	279	0	267	245	247
274	0	276	234	250	261	195	267	272	183	193	0	262	272	0	248	90	252	220	0	0	0	0	271	267	259	250	90	278	250	254	158	0	268	195	254	220	268	169	0	0	231	170	0	220	278	0	267	244	246
279	178	281	245	258	267	218	272	277	212	217	0	268	277	165	257	185	259	235	176	181	0	123	276	272	266	259	185	283	259	262	200	143	274	218	262	234	273	204	157	132	242	204	0	234	283	130	272	252	254
277	164	280	243	256	265	214	271	276	206	212	0	267	276	146	254	174	257	231	162	168	0	0	274	271	264	257	174	282	257	261	193	104	272	214	261	231	272	198	132	70	240	199	0	231	282	60	271	250	252
160	0	186	0	0	0	0	0	118	0	0	0	0	123	0	0	0	0	0	0	0	0	0	0	0	0	0	0	200	0	0	0	0	0	0	0	0	0	0	0	0	0	0	0	0	200	0	0	0	0
193	0	206	0	0	0	0	0	178	0	0	0	0	179	0	0	0	0	0	0	0	0	0	166	0	0	0	0	216	0	0	0	0	132	0	0	0	108	0	0	0	0	0	0	0	216	0	30	0	0
219	0	227	0	0	104	0	185	211	0	0	0	141	212	0	0	0	0	0	0	0	0	0	206	185	0	0	0	233	0	0	0	0	196	0	0	0	191	0	0	0	0	0	0	0	233	0	186	0	0
235	0	241	0	0	190	0	214	229	0	0	0	197	229	0	0	0	60	0	0	0	0	0	225	214	184	0	0	245	0	153	0	0	220	0	151	0	218	0	0	0	0	0	0	0	245	0	215	0	0
273	0	276	233	249	260	192	266	271	179	190	0	261	271	0	247	0	250	218	0	0	0	0	270	266	259	250	0	278	250	254	149	0	268	192	254	218	267	162	0	0	229	163	0	218	278	0	266	243	245
0	0	0	0	0	0	0	0	0	0	0	0	0	0	0	0	0	0	0	0	0	0	0	0	0	0	0	0	0	0	0	0	0	0	0	0	0	0	0	0	0	0	0	0	0	0	0	0	0	0
235	0	241	0	0	191	0	215	229	0	0	0	198	231	0	0	0	78	0	0	0	0	0	227	215	185	48	0	246	0	156	0	0	221	0	153	0	218	0	0	0	0	0	0	0	246	0	215	0	0
227	0	235	0	0	166	0	202	222	0	0	0	179	222	0	0	0	0	0	0	0	0	0	218	202	156	0	0	240	0	0	0	0	210	0	0	0	206	0	0	0	0	0	0	0	240	0	202	0	0
271	0	273	225	245	256	172	263	269	149	169	0	258	269	0	243	0	246	209	0	0	0	0	267	263	254	246	0	276	246	250	0	0	265	172	250	208	264	108	0	0	222	111	0	208	276	0	263	237	240
277	153	279	241	254	264	210	270	275	202	209	0	266	275	128	252	165	256	229	151	158	0	0	274	270	263	256	165	281	256	260	188	0	272	210	259	229	271	193	104	0	238	194	0	229	281	0	270	249	250
181	0	199	0	0	0	0	0	160	0	0	0	0	162	0	0	0	0	0	0	0	0	0	141	0	0	0	0	210	0	0	0	0	0	0	0	0	0	0	0	0	0	0	0	0	210	0	0	0	0
266	0	269	212	236	250	0	257	264	0	0	0	252	264	0	233	0	238	185	0	0	0	0	262	257	248	237	0	272	237	243	0	0	260	0	243	184	259	0	0	0	206	0	0	184	272	0	257	227	229
227	0	235	0	0	168	0	202	222	0	0	0	180	223	0	0	0	0	0	0	0	0	0	218	202	158	0	0	240	0	48	0	0	211	0	0	0	208	0	0	0	0	0	0	0	240	0	204	0	0
259	0	263	181	221	239	0	249	256	0	0	0	242	256	0	217	0	223	48	0	0	0	0	254	249	237	223	0	265	222	229	0	0	250	0	229	0	250	0	0	0	166	0	0	0	265	0	249	206	212
187	0	202	0	0	0	0	0	169	0	0	0	0	171	0	0	0	0	0	0	0	0	0	154	0	0	0	0	213	0	0	0	0	100	0	0	0	0	0	0	0	0	0	0	0	213	0	0	0	0
270	0	273	224	243	254	162	262	268	130	158	0	257	268	0	241	0	245	204	0	0	0	0	266	262	254	244	0	275	244	249	0	0	264	162	249	204	263	0	0	0	219	30	0	204	275	0	262	235	238
276	138	278	239	254	263	206	269	274	198	204	0	265	274	95	252	154	254	227	134	145	0	0	273	269	262	254	154	280	254	259	181	0	271	206	258	227	270	188	0	0	236	189	0	227	280	0	269	248	250
277	160	279	242	256	265	212	270	275	204	211	0	266	275	140	254	171	257	231	158	164	0	0	274	270	264	257	171	281	256	260	191	85	272	212	260	229	271	196	123	0	239	197	0	229	281	0	271	250	252
254	0	258	128	206	229	0	242	250	0	0	0	233	250	0	200	0	210	0	0	0	0	0	249	242	227	209	0	261	208	219	0	0	245	0	219	0	243	0	0	0	0	0	0	0	261	0	242	186	194
270	0	272	224	243	254	161	262	267	128	157	0	257	268	0	241	0	245	204	0	0	0	0	266	262	254	244	0	275	244	249	0	0	264	161	249	204	263	0	0	0	219	0	0	204	275	0	262	235	238
289	235	291	265	273	280	250	284	287	247	249	0	281	287	231	272	237	274	259	234	235	221	225	287	284	279	274	237	292	274	277	242	227	285	250	276	258	284	244	229	225	263	244	0	258	292	225	284	270	271
259	0	263	181	221	239	0	249	256	0	0	0	242	256	0	217	0	223	48	0	0	0	0	254	249	237	223	0	265	222	229	0	0	250	0	229	0	250	0	0	0	166	0	0	0	265	0	249	206	212
0	0	0	0	0	0	0	0	0	0	0	0	0	0	0	0	0	0	0	0	0	0	0	0	0	0	0	0	0	0	0	0	0	0	0	0	0	0	0	0	0	0	0	0	0	0	0	0	0	0
277	161	279	242	256	265	213	271	275	204	211	0	266	275	141	254	172	257	231	159	165	0	0	274	271	264	257	172	281	256	260	191	90	272	213	260	231	271	197	126	30	239	197	0	231	281	0	271	250	252
192	0	206	0	0	0	0	0	177	0	0	0	0	179	0	0	0	0	0	0	0	0	0	165	0	0	0	0	216	0	0	0	0	130	0	0	0	104	0	0	0	0	0	0	0	216	0	0	0	0
244	0	249	0	165	211	0	227	240	0	0	0	216	240	0	151	0	174	0	0	0	0	0	237	227	208	172	0	252	170	193	0	0	231	0	192	0	229	0	0	0	0	0	0	0	252	0	227	0	123
241	0	246	0	146	206	0	224	237	0	0	0	211	237	0	120	0	159	0	0	0	0	0	234	224	202	156	0	250	153	184	0	0	229	0	183	0	227	0	0	0	0	0	0	0	250	0	224	0	0

0	274	0	250	236	216	266	193	141	268	266	292	211	138	275	239	273	234	259	274	274	279	277	160	193	219	235	273	0	235	227	271	277	181	266	227	259	187	270	276	277	254	270	289	259	0	277	192	244	241
0	0	0	0	0	0	0	0	0	0	0	245	0	0	120	0	0	0	0	48	0	178	164	0	0	0	0	0	0	0	0	0	153	0	0	0	0	0	0	138	160	0	0	235	0	0	161	0	0	0
152	277	0	256	242	225	269	206	176	271	269	294	221	175	278	244	276	240	262	277	276	281	280	186	206	227	241	276	0	241	235	273	279	199	269	235	263	202	273	278	279	258	272	291	263	0	279	206	249	246
0	235	0	0	0	0	212	0	0	219	213	270	0	0	238	0	233	0	179	236	234	245	243	0	0	0	0	233	0	0	0	225	241	0	212	0	181	0	224	239	242	128	224	265	181	0	242	0	0	0
0	250	0	199	0	0	236	0	0	240	237	278	0	0	252	114	249	0	220	250	250	258	256	0	0	0	0	249	0	0	0	245	254	0	236	0	221	0	243	254	256	206	243	273	221	0	256	0	165	146
0	261	0	225	193	0	250	0	0	252	250	284	0	0	263	200	260	188	239	261	261	267	265	0	0	104	190	260	0	191	166	256	264	0	250	168	239	0	254	263	265	229	254	280	239	0	265	0	211	206
0	197	0	0	0	0	0	0	0	136	70	257	0	0	204	0	192	0	0	198	195	218	214	0	0	0	0	192	0	0	0	172	210	0	0	0	0	0	162	206	212	0	161	250	0	0	213	0	0	0
0	267	0	239	216	179	257	0	0	260	258	287	166	0	268	220	266	213	248	267	267	272	271	0	0	185	214	266	0	215	202	263	270	0	257	202	249	0	262	269	270	242	262	284	249	0	271	0	227	224
0	272	0	248	231	208	264	178	0	266	264	291	202	0	273	234	271	229	256	272	272	277	276	118	178	211	229	271	0	229	222	269	275	160	264	222	256	169	268	274	275	250	267	287	256	0	275	177	240	237
0	186	0	0	0	0	0	0	0	0	0	254	0	0	194	0	179	0	0	187	183	212	206	0	0	0	0	179	0	0	0	149	202	0	0	0	0	0	130	198	204	0	128	247	0	0	204	0	0	0
0	195	0	0	0	0	0	0	0	128	0	257	0	0	202	0	190	0	0	196	193	217	212	0	0	0	0	190	0	0	0	169	209	0	0	0	0	0	158	204	211	0	157	249	0	0	211	0	0	0
0	0	0	0	0	0	0	0	0	0	0	0	0	0	0	0	0	0	0	0	0	0	0	0	0	0	0	0	0	0	0	0	0	0	0	0	0	0	0	0	0	0	0	0	0	0	0	0	0	0
0	263	0	229	200	120	252	0	0	254	252	285	0	0	264	206	261	196	241	263	262	268	267	0	0	141	197	261	0	198	179	258	266	0	252	180	242	0	257	265	266	233	257	281	242	0	266	0	216	211
0	272	0	248	231	209	264	179	48	266	264	291	202	0	273	234	271	229	256	272	272	277	276	123	179	212	229	271	0	231	222	269	275	162	264	223	256	171	268	274	275	250	268	287	256	0	275	179	240	237
0	0	0	0	0	0	0	0	0	0	0	242	0	0	0	0	0	0	0	0	0	165	146	0	0	0	0	0	0	0	0	0	128	0	0	0	0	0	0	95	140	0	0	231	0	0	141	0	0	0
0	249	0	193	0	0	233	0	0	238	234	277	0	0	250	0	247	0	216	249	248	257	254	0	0	0	0	247	0	0	0	243	252	0	233	0	217	0	241	252	254	200	241	272	217	0	254	0	151	120
0	108	0	0	0	0	0	0	0	0	0	246	0	0	143	0	0	0	0	114	90	185	174	0	0	0	0	0	0	0	0	0	165	0	0	0	0	0	0	154	171	0	0	237	0	0	172	0	0	0
0	252	0	202	104	0	238	0	0	242	239	279	0	0	254	138	250	0	223	252	252	259	257	0	0	0	60	250	0	78	0	246	256	0	238	0	223	0	245	254	257	210	245	274	223	0	257	0	174	159
0	221	0	0	0	0	185	0	0	197	188	265	0	0	225	0	218	0	0	222	220	235	231	0	0	0	0	218	0	0	0	209	229	0	185	0	48	0	204	227	231	0	204	259	48	0	231	0	0	0
0	0	0	0	0	0	0	0	0	0	0	244	0	0	114	0	0	0	0	0	0	176	162	0	0	0	0	0	0	0	0	0	151	0	0	0	0	0	0	134	158	0	0	234	0	0	159	0	0	0
0	70	0	0	0	0	0	0	0	0	0	245	0	0	130	0	0	0	0	85	0	181	168	0	0	0	0	0	0	0	0	0	158	0	0	0	0	0	0	145	164	0	0	235	0	0	165	0	0	0
0	0	0	0	0	0	0	0	0	0	0	234	0	0	0	0	0	0	0	0	0	0	0	0	0	0	0	0	0	0	0	0	0	0	0	0	0	0	0	0	0	0	0	221	0	0	0	0	0	0
0	0	0	0	0	0	0	0	0	0	0	237	0	0	0	0	0	0	0	0	0	123	0	0	0	0	0	0	0	0	0	0	0	0	0	0	0	0	0	0	0	0	0	225	0	0	0	0	0	0
0	271	0	246	227	202	262	166	0	264	263	290	196	0	272	231	270	225	254	271	271	276	274	0	166	206	225	270	0	227	218	267	274	141	262	218	254	154	266	273	274	249	266	287	254	0	274	165	237	234
0	267	0	239	216	179	257	0	0	260	258	287	166	0	268	220	266	213	248	267	267	272	271	0	0	185	214	266	0	215	202	263	270	0	257	202	249	0	262	269	270	242	262	284	249	0	271	0	227	224
0	260	0	224	188	0	248	0	0	250	249	283	0	0	261	195	259	182	237	260	259	266	264	0	0	0	184	259	0	185	156	254	263	0	248	158	237	0	254	262	264	227	254	279	237	0	264	0	208	202
0	252	0	202	90	0	237	0	0	241	238	278	0	0	254	132	250	0	222	252	250	259	257	0	0	0	0	250	0	48	0	246	256	0	237	0	223	0	244	254	257	209	244	274	223	0	257	0	172	156
0	108	0	0	0	0	0	0	0	0	0	246	0	0	143	0	0	0	0	114	90	185	174	0	0	0	0	0	0	0	0	0	165	0	0	0	0	0	0	154	171	0	0	237	0	0	172	0	0	0
179	279	148	259	246	231	272	216	194	273	272	295	227	193	280	248	278	245	265	279	278	283	282	200	216	233	245	278	0	246	240	276	281	210	272	240	265	213	275	280	281	261	275	292	265	0	281	216	252	250
0	250	0	200	78	0	237	0	0	241	238	278	0	0	252	128	250	0	221	252	250	259	257	0	0	0	0	250	0	0	0	246	256	0	237	0	222	0	244	254	256	208	244	274	222	0	256	0	170	153
0	256	0	214	161	0	243	0	0	246	244	281	0	0	258	173	254	149	229	256	254	262	261	0	0	0	153	254	0	156	0	250	260	0	243	48	229	0	249	259	260	219	249	277	229	0	260	0	193	184
0	162	0	0	0	0	0	0	0	0	0	250	0	0	176	0	149	0	0	164	158	200	193	0	0	0	0	149	0	0	0	0	188	0	0	0	0	0	0	181	191	0	0	242	0	0	191	0	0	0
0	0	0	0	0	0	0	0	0	0	0	239	0	0	0	0	0	0	0	0	0	143	104	0	0	0	0	0	0	0	0	0	0	0	0	0	0	0	0	0	85	0	0	227	0	0	90	0	0	0
0	269	0	242	222	191	260	132	0	262	260	288	182	0	270	225	268	219	250	269	268	274	272	0	132	196	220	268	0	221	210	265	272	0	260	211	250	100	264	271	272	245	264	285	250	0	272	130	231	229
0	197	0	0	0	0	0	0	0	136	70	257	0	0	204	0	192	0	0	198	195	218	214	0	0	0	0	192	0	0	0	172	210	0	0	0	0	0	162	206	212	0	161	250	0	0	213	0	0	0
0	256	0	213	159	0	243	0	0	246	243	281	0	0	257	172	254	146	229	256	254	262	261	0	0	0	151	254	0	153	0	250	259	0	243	0	229	0	249	258	260	219	249	276	229	0	260	0	192	183
0	221	0	0	0	0	184	0	0	196	186	264	0	0	225	0	218	0	0	221	220	234	231	0	0	0	0	218	0	0	0	208	229	0	184	0	0	0	204	227	229	0	204	258	0	0	231	0	0	0
0	268	0	240	220	186	259	108	0	261	259	288	176	0	269	223	267	217	250	268	268	273	272	0	108	191	218	267	0	218	206	264	271	0	259	208	250	0	263	270	271	243	263	284	250	0	271	104	229	227
0	172	0	0	0	0	0	0	0	0	0	252	0	0	183	0	162	0	0	174	169	204	198	0	0	0	0	162	0	0	0	108	193	0	0	0	0	0	0	188	196	0	0	244	0	0	197	0	0	0
0	0	0	0	0	0	0	0	0	0	0	241	0	0	0	0	0	0	0	0	0	157	132	0	0	0	0	0	0	0	0	0	104	0	0	0	0	0	0	0	123	0	0	229	0	0	126	0	0	0
0	0	0	0	0	0	0	0	0	0	0	238	0	0	0	0	0	0	0	0	0	132	70	0	0	0	0	0	0	0	0	0	0	0	0	0	0	0	0	0	0	0	0	225	0	0	30	0	0	0
0	231	0	0	0	0	206	0	0	213	206	269	0	0	235	0	229	0	164	231	231	242	240	0	0	0	0	229	0	0	0	222	238	0	206	0	166	0	219	236	239	0	219	263	166	0	239	0	0	0
0	173	0	0	0	0	0	0	0	0	0	252	0	0	184	0	163	0	0	175	170	204	199	0	0	0	0	163	0	0	0	111	194	0	0	0	0	0	30	189	197	0	0	244	0	0	197	0	0	0
0	0	0	0	0	0	0	0	0	0	0	177	0	0	0	0	0	0	0	0	0	0	0	0	0	0	0	0	0	0	0	0	0	0	0	0	0	0	0	0	0	0	0	0	0	0	0	0	0	0
0	221	0	0	0	0	184	0	0	196	186	264	0	0	225	0	218	0	0	221	220	234	231	0	0	0	0	218	0	0	0	208	229	0	184	0	0	0	204	227	229	0	204	258	0	0	231	0	0	0
179	279	148	259	246	231	272	216	194	273	272	295	227	193	280	248	278	245	265	279	278	283	282	200	216	233	245	278	0	246	240	276	281	210	272	240	265	213	275	280	281	261	275	292	265	0	281	216	252	250
0	0	0	0	0	0	0	0	0	0	0	238	0	0	0	0	0	0	0	0	0	130	60	0	0	0	0	0	0	0	0	0	0	0	0	0	0	0	0	0	0	0	0	225	0	0	0	0	0	0
0	267	0	239	217	179	257	30	0	260	258	287	167	0	268	220	266	214	248	267	267	272	271	0	30	186	215	266	0	215	202	263	270	0	257	204	249	0	262	269	271	242	262	284	249	0	271	0	227	224
0	244	0	173	0	0	227	0	0	231	227	275	0	0	247	0	243	0	206	245	244	252	250	0	0	0	0	243	0	0	0	237	249	0	227	0	206	0	235	248	250	186	235	270	206	0	250	0	0	0
0	247	0	185	0	0	229	0	0	235	231	276	0	0	249	0	245	0	212	247	246	254	252	0	0	0	0	245	0	0	0	240	250	0	229	0	212	0	238	250	252	194	238	271	212	0	252	0	123	0

0	8	0	43	0	0	23	23	0	0	0	23	11	76	0	0	20	0	23	11	54	23	0	0	0	23	56	8	0	0	0	0	0	108	102	11	0	8	11	0	0	0	0	0	0	0	0	18	0	0
0	0	0	40	0	0	18	18	0	0	0	18	4	74	0	0	15	0	18	4	52	18	0	0	0	18	54	0	0	0	0	0	0	107	101	4	0	0	4	0	0	0	0	0	0	0	0	11	0	0
36	40	0	60	11	11	48	48	30	26	23	48	41	85	36	0	46	18	48	41	68	48	30	8	30	48	70	40	30	30	0	15	0	112	107	41	18	40	41	11	18	0	8	0	0	4	30	45	18	0
0	0	0	0	0	0	0	0	0	0	0	0	0	60	0	0	0	0	0	0	26	0	0	0	0	0	30	0	0	0	0	0	0	101	94	0	0	0	0	0	0	0	0	0	0	0	0	0	0	0
30	34	0	56	0	0	43	43	23	18	15	43	36	83	30	0	41	8	43	36	65	43	23	0	23	43	67	34	23	23	0	4	0	111	106	36	8	34	36	0	8	0	0	0	0	0	23	40	8	0
30	34	0	56	0	0	43	43	23	18	15	43	36	83	30	0	41	8	43	36	65	43	23	0	23	43	67	34	23	23	0	4	0	111	106	36	8	34	36	0	8	0	0	0	0	0	23	40	8	0
0	0	0	30	0	0	0	0	0	0	0	0	0	70	0	0	0	0	0	0	45	0	0	0	0	0	48	0	0	0	0	0	0	105	99	0	0	0	0	0	0	0	0	0	0	0	0	0	0	0
0	0	0	30	0	0	0	0	0	0	0	0	0	70	0	0	0	0	0	0	45	0	0	0	0	0	48	0	0	0	0	0	0	105	99	0	0	0	0	0	0	0	0	0	0	0	0	0	0	0
11	18	0	48	0	0	30	30	0	0	0	30	20	78	11	0	28	0	30	20	57	30	0	0	0	30	60	18	0	0	0	0	0	109	103	20	0	18	20	0	0	0	0	0	0	0	0	26	0	0
18	23	0	51	0	0	34	34	8	0	0	34	26	79	18	0	32	0	34	26	60	34	8	0	8	34	62	23	8	8	0	0	0	109	104	26	0	23	26	0	0	0	0	0	0	0	8	30	0	0
20	26	0	52	0	0	36	36	11	4	0	36	28	80	20	0	34	0	36	28	61	36	11	0	11	36	63	26	11	11	0	0	0	110	104	28	0	26	28	0	0	0	0	0	0	0	11	32	0	0
0	0	0	30	0	0	0	0	0	0	0	0	0	70	0	0	0	0	0	0	45	0	0	0	0	0	48	0	0	0	0	0	0	105	99	0	0	0	0	0	0	0	0	0	0	0	0	0	0	0
0	0	0	38	0	0	15	15	0	0	0	15	0	73	0	0	11	0	15	0	51	15	0	0	0	15	53	0	0	0	0	0	0	106	100	0	0	0	0	0	0	0	0	0	0	0	0	8	0	0
0	0	0	0	0	0	0	0	0	0	0	0	0	0	0	0	0	0	0	0	0	0	0	0	0	0	0	0	0	0	0	0	0	86	76	0	0	0	0	0	0	0	0	0	0	0	0	0	0	0
0	8	0	43	0	0	23	23	0	0	0	23	11	76	0	0	20	0	23	11	54	23	0	0	0	23	56	8	0	0	0	0	0	108	102	11	0	8	11	0	0	0	0	0	0	0	0	18	0	0
36	40	0	60	11	11	48	48	30	26	23	48	41	85	36	0	46	18	48	41	68	48	30	8	30	48	70	40	30	30	0	15	0	112	107	41	18	40	41	11	18	0	8	0	0	4	30	45	18	0
0	0	0	32	0	0	4	4	0	0	0	4	0	71	0	0	0	0	4	0	46	4	0	0	0	4	49	0	0	0	0	0	0	105	99	0	0	0	0	0	0	0	0	0	0	0	0	0	0	0
26	30	0	54	0	0	40	40	18	11	8	40	32	81	26	0	38	0	40	32	63	40	18	0	18	40	65	30	18	18	0	0	0	110	105	32	0	30	32	0	0	0	0	0	0	0	18	36	0	0
0	0	0	30	0	0	0	0	0	0	0	0	0	70	0	0	0	0	0	0	45	0	0	0	0	0	48	0	0	0	0	0	0	105	99	0	0	0	0	0	0	0	0	0	0	0	0	0	0	0
0	0	0	38	0	0	15	15	0	0	0	15	0	73	0	0	11	0	15	0	51	15	0	0	0	15	53	0	0	0	0	0	0	106	100	0	0	0	0	0	0	0	0	0	0	0	0	8	0	0
0	0	0	0	0	0	0	0	0	0	0	0	0	51	0	0	0	0	0	0	0	0	0	0	0	0	8	0	0	0	0	0	0	97	90	0	0	0	0	0	0	0	0	0	0	0	0	0	0	0
0	0	0	30	0	0	0	0	0	0	0	0	0	70	0	0	0	0	0	0	45	0	0	0	0	0	48	0	0	0	0	0	0	105	99	0	0	0	0	0	0	0	0	0	0	0	0	0	0	0
11	18	0	48	0	0	30	30	0	0	0	30	20	78	11	0	28	0	30	20	57	30	0	0	0	30	60	18	0	0	0	0	0	109	103	20	0	18	20	0	0	0	0	0	0	0	0	26	0	0
32	36	0	57	4	4	45	45	26	20	18	45	38	83	32	0	43	11	45	38	66	45	26	0	26	45	68	36	26	26	0	8	0	111	106	38	11	36	38	4	11	0	0	0	0	0	26	41	11	0
11	18	0	48	0	0	30	30	0	0	0	30	20	78	11	0	28	0	30	20	57	30	0	0	0	30	60	18	0	0	0	0	0	109	103	20	0	18	20	0	0	0	0	0	0	0	0	26	0	0
0	0	0	30	0	0	0	0	0	0	0	0	0	70	0	0	0	0	0	0	45	0	0	0	0	0	48	0	0	0	0	0	0	105	99	0	0	0	0	0	0	0	0	0	0	0	0	0	0	0
0	0	0	0	0	0	0	0	0	0	0	0	0	48	0	0	0	0	0	0	0	0	0	0	0	0	0	0	0	0	0	0	0	96	89	0	0	0	0	0	0	0	0	0	0	0	0	0	0	0
0	0	0	40	0	0	18	18	0	0	0	18	4	74	0	0	15	0	18	4	52	18	0	0	0	18	54	0	0	0	0	0	0	107	101	4	0	0	4	0	0	0	0	0	0	0	0	11	0	0
11	18	0	48	0	0	30	30	0	0	0	30	20	78	11	0	28	0	30	20	57	30	0	0	0	30	60	18	0	0	0	0	0	109	103	20	0	18	20	0	0	0	0	0	0	0	0	26	0	0
11	18	0	48	0	0	30	30	0	0	0	30	20	78	11	0	28	0	30	20	57	30	0	0	0	30	60	18	0	0	0	0	0	109	103	20	0	18	20	0	0	0	0	0	0	0	0	26	0	0
36	40	0	60	11	11	48	48	30	26	23	48	41	85	36	0	46	18	48	41	68	48	30	8	30	48	70	40	30	30	0	15	0	112	107	41	18	40	41	11	18	0	8	0	0	4	30	45	18	0
28	32	0	56	0	0	41	41	20	15	11	41	34	82	28	0	40	4	41	34	64	41	20	0	20	41	66	32	20	20	0	0	0	111	105	34	4	32	34	0	4	0	0	0	0	0	20	38	4	0
36	40	0	60	11	11	48	48	30	26	23	48	41	85	36	0	46	18	48	41	68	48	30	8	30	48	70	40	30	30	0	15	0	112	107	41	18	40	41	11	18	0	8	0	0	4	30	45	18	0
0	0	0	0	0	0	0	0	0	0	0	0	0	0	0	0	0	0	0	0	0	0	0	0	0	0	0	0	0	0	0	0	0	0	0	0	0	0	0	0	0	0	0	0	0	0	0	0	0	0
0	0	0	0	0	0	0	0	0	0	0	0	0	0	0	0	0	0	0	0	0	0	0	0	0	0	0	0	0	0	0	0	0	40	0	0	0	0	0	0	0	0	0	0	0	0	0	0	0	0
0	0	0	38	0	0	15	15	0	0	0	15	0	73	0	0	11	0	15	0	51	15	0	0	0	15	53	0	0	0	0	0	0	106	100	0	0	0	0	0	0	0	0	0	0	0	0	8	0	0
26	30	0	54	0	0	40	40	18	11	8	40	32	81	26	0	38	0	40	32	63	40	18	0	18	40	65	30	18	18	0	0	0	110	105	32	0	30	32	0	0	0	0	0	0	0	18	36	0	0
0	0	0	40	0	0	18	18	0	0	0	18	4	74	0	0	15	0	18	4	52	18	0	0	0	18	54	0	0	0	0	0	0	107	101	4	0	0	4	0	0	0	0	0	0	0	0	11	0	0
0	0	0	38	0	0	15	15	0	0	0	15	0	73	0	0	11	0	15	0	51	15	0	0	0	15	53	0	0	0	0	0	0	106	100	0	0	0	0	0	0	0	0	0	0	0	0	8	0	0
30	34	0	56	0	0	43	43	23	18	15	43	36	83	30	0	41	8	43	36	65	43	23	0	23	43	67	34	23	23	0	4	0	111	106	36	8	34	36	0	8	0	0	0	0	0	23	40	8	0
26	30	0	54	0	0	40	40	18	11	8	40	32	81	26	0	38	0	40	32	63	40	18	0	18	40	65	30	18	18	0	0	0	110	105	32	0	30	32	0	0	0	0	0	0	0	18	36	0	0
36	40	0	60	11	11	48	48	30	26	23	48	41	85	36	0	46	18	48	41	68	48	30	8	30	48	70	40	30	30	0	15	0	112	107	41	18	40	41	11	18	0	8	0	0	4	30	45	18	0
32	36	0	57	4	4	45	45	26	20	18	45	38	83	32	0	43	11	45	38	66	45	26	0	26	45	68	36	26	26	0	8	0	111	106	38	11	36	38	4	11	0	0	0	0	0	26	41	11	0
36	40	0	60	11	11	48	48	30	26	23	48	41	85	36	0	46	18	48	41	68	48	30	8	30	48	70	40	30	30	0	15	0	112	107	41	18	40	41	11	18	0	8	0	0	4	30	45	18	0
36	40	0	60	11	11	48	48	30	26	23	48	41	85	36	0	46	18	48	41	68	48	30	8	30	48	70	40	30	30	0	15	0	112	107	41	18	40	41	11	18	0	8	0	0	4	30	45	18	0
34	38	0	59	8	8	46	46	28	23	20	46	40	84	34	0	45	15	46	40	67	46	28	4	28	46	69	38	28	28	0	11	0	112	106	40	15	38	40	8	15	0	4	0	0	0	28	43	15	0
11	18	0	48	0	0	30	30	0	0	0	30	20	78	11	0	28	0	30	20	57	30	0	0	0	30	60	18	0	0	0	0	0	109	103	20	0	18	20	0	0	0	0	0	0	0	0	26	0	0
0	0	0	34	0	0	8	8	0	0	0	8	0	72	0	0	4	0	8	0	48	8	0	0	0	8	51	0	0	0	0	0	0	106	100	0	0	0	0	0	0	0	0	0	0	0	0	0	0	0
26	30	0	54	0	0	40	40	18	11	8	40	32	81	26	0	38	0	40	32	63	40	18	0	18	40	65	30	18	18	0	0	0	110	105	32	0	30	32	0	0	0	0	0	0	0	18	36	0	0
36	40	0	60	11	11	48	48	30	26	23	48	41	85	36	0	46	18	48	41	68	48	30	8	30	48	70	40	30	30	0	15	0	112	107	41	18	40	41	11	18	0	8	0	0	4	30	45	18	0

0	0	36	0	30	30	0	0	11	18	20	0	0	0	0	36	0	26	0	0	0	0	11	32	11	0	0	0	11	11	36	28	36	0	0	0	26	0	0	30	26	36	32	36	36	34	11	0	26	36
8	0	40	0	34	34	0	0	18	23	26	0	0	0	8	40	0	30	0	0	0	0	18	36	18	0	0	0	18	18	40	32	40	0	0	0	30	0	0	34	30	40	36	40	40	38	18	0	30	40
0	0	0	0	0	0	0	0	0	0	0	0	0	0	0	0	0	0	0	0	0	0	0	0	0	0	0	0	0	0	0	0	0	0	0	0	0	0	0	0	0	0	0	0	0	0	0	0	0	0
43	40	60	0	56	56	30	30	48	51	52	30	38	0	43	60	32	54	30	38	0	30	48	57	48	30	0	40	48	48	60	56	60	0	0	38	54	40	38	56	54	60	57	60	60	59	48	34	54	60
0	0	11	0	0	0	0	0	0	0	0	0	0	0	0	11	0	0	0	0	0	0	0	4	0	0	0	0	0	0	11	0	11	0	0	0	0	0	0	0	0	11	4	11	11	8	0	0	0	11
0	0	11	0	0	0	0	0	0	0	0	0	0	0	0	11	0	0	0	0	0	0	0	4	0	0	0	0	0	0	11	0	11	0	0	0	0	0	0	0	0	11	4	11	11	8	0	0	0	11
23	18	48	0	43	43	0	0	30	34	36	0	15	0	23	48	4	40	0	15	0	0	30	45	30	0	0	18	30	30	48	41	48	0	0	15	40	18	15	43	40	48	45	48	48	46	30	8	40	48
23	18	48	0	43	43	0	0	30	34	36	0	15	0	23	48	4	40	0	15	0	0	30	45	30	0	0	18	30	30	48	41	48	0	0	15	40	18	15	43	40	48	45	48	48	46	30	8	40	48
0	0	30	0	23	23	0	0	0	8	11	0	0	0	0	30	0	18	0	0	0	0	0	26	0	0	0	0	0	0	30	20	30	0	0	0	18	0	0	23	18	30	26	30	30	28	0	0	18	30
0	0	26	0	18	18	0	0	0	0	4	0	0	0	0	26	0	11	0	0	0	0	0	20	0	0	0	0	0	0	26	15	26	0	0	0	11	0	0	18	11	26	20	26	26	23	0	0	11	26
0	0	23	0	15	15	0	0	0	0	0	0	0	0	0	23	0	8	0	0	0	0	0	18	0	0	0	0	0	0	23	11	23	0	0	0	8	0	0	15	8	23	18	23	23	20	0	0	8	23
23	18	48	0	43	43	0	0	30	34	36	0	15	0	23	48	4	40	0	15	0	0	30	45	30	0	0	18	30	30	48	41	48	0	0	15	40	18	15	43	40	48	45	48	48	46	30	8	40	48
11	4	41	0	36	36	0	0	20	26	28	0	0	0	11	41	0	32	0	0	0	0	20	38	20	0	0	4	20	20	41	34	41	0	0	0	32	4	0	36	32	41	38	41	41	40	20	0	32	41
76	74	85	60	83	83	70	70	78	79	80	70	73	0	76	85	71	81	70	73	51	70	78	83	78	70	48	74	78	78	85	82	85	0	0	73	81	74	73	83	81	85	83	85	85	84	78	72	81	85
0	0	36	0	30	30	0	0	11	18	20	0	0	0	0	36	0	26	0	0	0	0	11	32	11	0	0	0	11	11	36	28	36	0	0	0	26	0	0	30	26	36	32	36	36	34	11	0	26	36
0	0	0	0	0	0	0	0	0	0	0	0	0	0	0	0	0	0	0	0	0	0	0	0	0	0	0	0	0	0	0	0	0	0	0	0	0	0	0	0	0	0	0	0	0	0	0	0	0	0
20	15	46	0	41	41	0	0	28	32	34	0	11	0	20	46	0	38	0	11	0	0	28	43	28	0	0	15	28	28	46	40	46	0	0	11	38	15	11	41	38	46	43	46	46	45	28	4	38	46
0	0	18	0	8	8	0	0	0	0	0	0	0	0	0	18	0	0	0	0	0	0	0	11	0	0	0	0	0	0	18	4	18	0	0	0	0	0	0	8	0	18	11	18	18	15	0	0	0	18
23	18	48	0	43	43	0	0	30	34	36	0	15	0	23	48	4	40	0	15	0	0	30	45	30	0	0	18	30	30	48	41	48	0	0	15	40	18	15	43	40	48	45	48	48	46	30	8	40	48
11	4	41	0	36	36	0	0	20	26	28	0	0	0	11	41	0	32	0	0	0	0	20	38	20	0	0	4	20	20	41	34	41	0	0	0	32	4	0	36	32	41	38	41	41	40	20	0	32	41
54	52	68	26	65	65	45	45	57	60	61	45	51	0	54	68	46	63	45	51	0	45	57	66	57	45	0	52	57	57	68	64	68	0	0	51	63	52	51	65	63	68	66	68	68	67	57	48	63	68
23	18	48	0	43	43	0	0	30	34	36	0	15	0	23	48	4	40	0	15	0	0	30	45	30	0	0	18	30	30	48	41	48	0	0	15	40	18	15	43	40	48	45	48	48	46	30	8	40	48
0	0	30	0	23	23	0	0	0	8	11	0	0	0	0	30	0	18	0	0	0	0	0	26	0	0	0	0	0	0	30	20	30	0	0	0	18	0	0	23	18	30	26	30	30	28	0	0	18	30
0	0	8	0	0	0	0	0	0	0	0	0	0	0	0	8	0	0	0	0	0	0	0	0	0	0	0	0	0	0	8	0	8	0	0	0	0	0	0	0	0	8	0	8	8	4	0	0	0	8
0	0	30	0	23	23	0	0	0	8	11	0	0	0	0	30	0	18	0	0	0	0	0	26	0	0	0	0	0	0	30	20	30	0	0	0	18	0	0	23	18	30	26	30	30	28	0	0	18	30
23	18	48	0	43	43	0	0	30	34	36	0	15	0	23	48	4	40	0	15	0	0	30	45	30	0	0	18	30	30	48	41	48	0	0	15	40	18	15	43	40	48	45	48	48	46	30	8	40	48
56	54	70	30	67	67	48	48	60	62	63	48	53	0	56	70	49	65	48	53	8	48	60	68	60	48	0	54	60	60	70	66	70	0	0	53	65	54	53	67	65	70	68	70	70	69	60	51	65	70
8	0	40	0	34	34	0	0	18	23	26	0	0	0	8	40	0	30	0	0	0	0	18	36	18	0	0	0	18	18	40	32	40	0	0	0	30	0	0	34	30	40	36	40	40	38	18	0	30	40
0	0	30	0	23	23	0	0	0	8	11	0	0	0	0	30	0	18	0	0	0	0	0	26	0	0	0	0	0	0	30	20	30	0	0	0	18	0	0	23	18	30	26	30	30	28	0	0	18	30
0	0	30	0	23	23	0	0	0	8	11	0	0	0	0	30	0	18	0	0	0	0	0	26	0	0	0	0	0	0	30	20	30	0	0	0	18	0	0	23	18	30	26	30	30	28	0	0	18	30
0	0	0	0	0	0	0	0	0	0	0	0	0	0	0	0	0	0	0	0	0	0	0	0	0	0	0	0	0	0	0	0	0	0	0	0	0	0	0	0	0	0	0	0	0	0	0	0	0	0
0	0	15	0	4	4	0	0	0	0	0	0	0	0	0	15	0	0	0	0	0	0	0	8	0	0	0	0	0	0	15	0	15	0	0	0	0	0	0	4	0	15	8	15	15	11	0	0	0	15
0	0	0	0	0	0	0	0	0	0	0	0	0	0	0	0	0	0	0	0	0	0	0	0	0	0	0	0	0	0	0	0	0	0	0	0	0	0	0	0	0	0	0	0	0	0	0	0	0	0
108	107	112	101	111	111	105	105	109	109	110	105	106	86	108	112	105	110	105	106	97	105	109	111	109	105	96	107	109	109	112	111	112	0	40	106	110	107	106	111	110	112	111	112	112	112	109	106	110	112
102	101	107	94	106	106	99	99	103	104	104	99	100	76	102	107	99	105	99	100	90	99	103	106	103	99	89	101	103	103	107	105	107	0	0	100	105	101	100	106	105	107	106	107	107	106	103	100	105	107
11	4	41	0	36	36	0	0	20	26	28	0	0	0	11	41	0	32	0	0	0	0	20	38	20	0	0	4	20	20	41	34	41	0	0	0	32	4	0	36	32	41	38	41	41	40	20	0	32	41
0	0	18	0	8	8	0	0	0	0	0	0	0	0	0	18	0	0	0	0	0	0	0	11	0	0	0	0	0	0	18	4	18	0	0	0	0	0	0	8	0	18	11	18	18	15	0	0	0	18
8	0	40	0	34	34	0	0	18	23	26	0	0	0	8	40	0	30	0	0	0	0	18	36	18	0	0	0	18	18	40	32	40	0	0	0	30	0	0	34	30	40	36	40	40	38	18	0	30	40
11	4	41	0	36	36	0	0	20	26	28	0	0	0	11	41	0	32	0	0	0	0	20	38	20	0	0	4	20	20	41	34	41	0	0	0	32	4	0	36	32	41	38	41	41	40	20	0	32	41
0	0	11	0	0	0	0	0	0	0	0	0	0	0	0	11	0	0	0	0	0	0	0	4	0	0	0	0	0	0	11	0	11	0	0	0	0	0	0	0	0	11	4	11	11	8	0	0	0	11
0	0	18	0	8	8	0	0	0	0	0	0	0	0	0	18	0	0	0	0	0	0	0	11	0	0	0	0	0	0	18	4	18	0	0	0	0	0	0	8	0	18	11	18	18	15	0	0	0	18
0	0	0	0	0	0	0	0	0	0	0	0	0	0	0	0	0	0	0	0	0	0	0	0	0	0	0	0	0	0	0	0	0	0	0	0	0	0	0	0	0	0	0	0	0	0	0	0	0	0
0	0	8	0	0	0	0	0	0	0	0	0	0	0	0	8	0	0	0	0	0	0	0	0	0	0	0	0	0	0	8	0	8	0	0	0	0	0	0	0	0	8	0	8	8	4	0	0	0	8
0	0	0	0	0	0	0	0	0	0	0	0	0	0	0	0	0	0	0	0	0	0	0	0	0	0	0	0	0	0	0	0	0	0	0	0	0	0	0	0	0	0	0	0	0	0	0	0	0	0
0	0	0	0	0	0	0	0	0	0	0	0	0	0	0	0	0	0	0	0	0	0	0	0	0	0	0	0	0	0	0	0	0	0	0	0	0	0	0	0	0	0	0	0	0	0	0	0	0	0
0	0	4	0	0	0	0	0	0	0	0	0	0	0	0	4	0	0	0	0	0	0	0	0	0	0	0	0	0	0	4	0	4	0	0	0	0	0	0	0	0	4	0	4	4	0	0	0	0	4
0	0	30	0	23	23	0	0	0	8	11	0	0	0	0	30	0	18	0	0	0	0	0	26	0	0	0	0	0	0	30	20	30	0	0	0	18	0	0	23	18	30	26	30	30	28	0	0	18	30
18	11	45	0	40	40	0	0	26	30	32	0	8	0	18	45	0	36	0	8	0	0	26	41	26	0	0	11	26	26	45	38	45	0	0	8	36	11	8	40	36	45	41	45	45	43	26	0	36	45
0	0	18	0	8	8	0	0	0	0	0	0	0	0	0	18	0	0	0	0	0	0	0	11	0	0	0	0	0	0	18	4	18	0	0	0	0	0	0	8	0	18	11	18	18	15	0	0	0	18
0	0	0	0	0	0	0	0	0	0	0	0	0	0	0	0	0	0	0	0	0	0	0	0	0	0	0	0	0	0	0	0	0	0	0	0	0	0	0	0	0	0	0	0	0	0	0	0	0	0