898 774 743 893 831 730 863 706 794 919 825 649 627 708 730 872 925 722 888 712 641 921 895 883 876 856 390 456 796 914 874 787 817 833 854 909 874 921 879 652 874 578 933 917 834 914 867 694 890 899

84

21 23 24 21 22 24 22 24 23 21 22 25 25 24 24 22 21 24 21 24 25 21 21 22 22 22 29 28 23 21 22 23 22 22 22 21 22 21 22 25 22 26 21 21 22 21 22 24 21 21

21.981407400054717 20.023482879458538 25.000018502558163 32.998721937967744

10252

0	0	261	0	241	269	227	0	252	136	172	268	272	266	0	48	204	270	233	265	215	197	196	0	242	241	0	181	118	222	70	250	0	0	254	216	234	221	0	0	254	0	217	242	254	204	231	0	194	157
247	0	284	242	274	289	268	0	280	250	254	288	291	287	209	247	261	290	271	287	264	259	258	245	275	274	182	254	249	266	247	278	237	234	281	264	271	266	245	0	281	225	264	274	281	261	270	180	258	252
0	0	0	0	0	193	0	0	0	0	0	183	208	171	0	0	0	196	0	158	0	0	0	0	0	0	0	0	0	0	0	0	0	0	0	0	0	0	0	0	0	0	0	0	0	0	0	0	0	0
149	0	264	0	246	272	235	0	256	172	192	270	275	269	0	152	215	272	239	268	223	209	208	128	247	246	0	198	165	229	154	254	0	0	259	224	239	227	126	0	258	0	225	246	258	215	238	0	206	183
0	0	218	0	0	237	0	0	189	0	0	234	243	229	0	0	0	238	0	227	0	0	0	0	90	0	0	0	0	0	0	176	0	0	200	0	0	0	0	0	197	0	0	60	197	0	0	0	0	0
0	0	0	0	0	0	0	0	0	0	0	0	156	0	0	0	0	90	0	0	0	0	0	0	0	0	0	0	0	0	0	0	0	0	0	0	0	0	0	0	0	0	0	0	0	0	0	0	0	0
0	0	233	0	183	248	0	0	216	0	0	245	252	242	0	0	0	249	140	240	0	0	0	0	187	183	0	0	0	0	0	209	0	0	222	0	141	0	0	0	220	0	0	185	220	0	130	0	0	0
247	0	284	242	274	289	268	0	280	250	254	288	291	287	209	247	261	290	271	287	264	259	258	245	275	274	182	254	249	266	247	278	237	234	281	264	271	266	245	0	281	225	264	274	281	261	270	180	258	252
0	0	186	0	0	220	0	0	0	0	0	215	227	209	0	0	0	221	0	204	0	0	0	0	0	0	0	0	0	0	0	0	0	0	134	0	0	0	0	0	123	0	0	0	123	0	0	0	0	0
0	0	259	0	237	267	223	0	250	0	149	266	270	264	0	0	195	268	229	263	208	185	184	0	239	237	0	163	0	216	0	247	0	0	252	209	229	214	0	0	252	0	210	238	252	195	227	0	181	118
0	0	254	0	231	264	215	0	245	0	0	263	268	261	0	0	177	265	221	259	195	161	159	0	233	231	0	111	0	206	0	242	0	0	248	197	222	204	0	0	248	0	198	231	248	178	220	0	154	0
0	0	0	0	0	126	0	0	0	0	0	0	172	0	0	0	0	140	0	0	0	0	0	0	0	0	0	0	0	0	0	0	0	0	0	0	0	0	0	0	0	0	0	0	0	0	0	0	0	0
0	0	0	0	0	0	0	0	0	0	0	0	0	0	0	0	0	0	0	0	0	0	0	0	0	0	0	0	0	0	0	0	0	0	0	0	0	0	0	0	0	0	0	0	0	0	0	0	0	0
0	0	0	0	0	154	0	0	0	0	0	126	185	0	0	0	0	162	0	0	0	0	0	0	0	0	0	0	0	0	0	0	0	0	0	0	0	0	0	0	0	0	0	0	0	0	0	0	0	0
223	0	276	215	263	282	256	0	270	229	235	281	284	280	0	224	245	282	259	279	249	242	242	220	264	263	0	237	227	252	224	269	204	199	272	250	259	252	220	0	272	179	250	263	272	245	258	0	241	231
0	0	261	0	241	269	227	0	252	132	171	267	272	266	0	0	204	270	233	265	214	196	195	0	242	241	0	180	111	222	48	250	0	0	254	216	233	220	0	0	254	0	216	241	254	204	231	0	193	154
0	0	247	0	217	258	191	0	235	0	0	256	262	254	0	0	0	259	202	252	149	0	0	0	219	217	0	0	0	176	0	231	0	0	239	154	202	171	0	0	238	0	158	218	238	30	200	0	0	0
0	0	0	0	0	0	0	0	0	0	0	0	146	0	0	0	0	0	0	0	0	0	0	0	0	0	0	0	0	0	0	0	0	0	0	0	0	0	0	0	0	0	0	0	0	0	0	0	0	0
0	0	227	0	163	244	0	0	208	0	0	241	249	238	0	0	0	245	0	236	0	0	0	0	170	163	0	0	0	0	0	200	0	0	215	0	30	0	0	0	213	0	0	166	213	0	0	0	0	0
0	0	0	0	0	168	0	0	0	0	0	149	192	114	0	0	0	174	0	0	0	0	0	0	0	0	0	0	0	0	0	0	0	0	0	0	0	0	0	0	0	0	0	0	0	0	0	0	0	0
0	0	243	0	206	254	172	0	229	0	0	252	259	250	0	0	0	254	188	248	0	0	0	0	210	206	0	0	0	143	0	224	0	0	233	70	189	132	0	0	231	0	90	208	231	0	185	0	0	0
0	0	250	0	222	260	200	0	239	0	0	258	264	256	0	0	128	261	209	254	169	0	0	0	224	222	0	0	0	188	0	235	0	0	242	172	210	184	0	0	241	0	175	223	241	130	208	0	0	0
0	0	250	0	223	260	200	0	239	0	0	258	264	256	0	0	132	261	210	254	171	48	0	0	224	223	0	0	0	189	0	235	0	0	242	174	210	185	0	0	242	0	176	223	242	134	208	0	0	0
111	0	262	0	243	270	231	0	254	154	181	269	273	267	0	118	209	271	236	266	218	202	200	0	244	243	0	189	143	225	123	250	0	0	257	220	236	224	0	0	256	0	220	244	256	209	235	0	200	169
0	0	216	0	0	236	0	0	185	0	0	231	242	229	0	0	0	237	0	225	0	0	0	0	0	0	0	0	0	0	0	171	0	0	196	0	0	0	0	0	194	0	0	0	194	0	0	0	0	0
0	0	218	0	0	237	0	0	189	0	0	234	243	229	0	0	0	238	0	227	0	0	0	0	90	0	0	0	0	0	0	176	0	0	200	0	0	0	0	0	197	0	0	60	197	0	0	0	0	0
236	0	280	229	269	286	262	0	275	240	245	285	288	284	176	236	252	286	265	283	257	250	250	233	269	269	0	247	238	260	237	273	223	219	277	257	265	259	233	0	276	206	257	269	276	252	264	0	250	242
0	0	254	0	229	263	211	0	243	0	0	261	266	259	0	0	167	264	218	258	189	146	143	0	229	229	0	0	0	200	0	240	0	0	247	191	218	199	0	0	246	0	192	229	246	168	217	0	136	0
0	0	259	0	239	268	225	0	250	95	159	266	271	265	0	0	199	268	231	263	210	190	189	0	240	239	0	171	0	218	0	248	0	0	252	212	231	217	0	0	252	0	213	239	252	199	229	0	186	136
0	0	238	0	196	250	141	0	223	0	0	249	256	246	0	0	0	252	170	244	0	0	0	0	200	196	0	0	0	0	0	217	0	0	227	0	171	0	0	0	227	0	0	198	227	0	165	0	0	0
0	0	261	0	240	269	227	0	252	128	169	267	272	266	0	0	202	269	233	264	214	195	194	0	242	240	0	179	104	221	0	249	0	0	254	215	233	220	0	0	254	0	216	241	254	202	231	0	192	152
0	0	197	0	0	225	0	0	132	0	0	220	233	216	0	0	0	225	0	211	0	0	0	0	0	0	0	0	0	0	0	0	0	0	162	0	0	0	0	0	157	0	0	0	157	0	0	0	0	0
179	0	267	149	250	274	240	0	260	192	204	273	277	271	0	180	223	275	244	270	229	218	218	169	250	250	0	210	188	236	181	257	0	0	262	231	244	234	168	0	261	0	231	250	261	224	243	0	217	199
187	0	268	164	252	275	242	0	261	198	210	274	278	272	0	188	225	276	246	271	233	222	221	179	252	252	0	214	194	238	189	259	114	0	263	234	246	237	179	0	263	0	234	252	263	227	245	0	220	204
0	0	172	0	0	213	0	0	0	0	0	208	223	200	0	0	0	216	0	195	0	0	0	0	0	0	0	0	0	0	0	0	0	0	0	0	0	0	0	0	0	0	0	0	0	0	0	0	0	0
0	0	242	0	206	254	168	0	227	0	0	252	258	250	0	0	0	254	186	248	0	0	0	0	208	206	0	0	0	136	0	223	0	0	233	0	186	123	0	0	231	0	60	206	231	0	183	0	0	0
0	0	227	0	162	244	0	0	208	0	0	241	249	238	0	0	0	245	0	236	0	0	0	0	169	162	0	0	0	0	0	200	0	0	215	0	0	0	0	0	213	0	0	165	213	0	0	0	0	0
0	0	239	0	199	252	151	0	224	0	0	250	256	247	0	0	0	252	175	245	0	0	0	0	202	199	0	0	0	85	0	219	0	0	229	0	176	0	0	0	227	0	0	200	227	0	171	0	0	0
114	0	262	0	243	270	231	0	254	156	182	269	273	267	0	120	209	271	236	266	219	202	202	30	244	243	0	189	145	225	126	252	0	0	257	220	236	224	0	0	256	0	221	244	256	210	235	0	200	170
254	177	288	250	278	292	273	177	284	257	261	292	294	291	225	254	266	293	275	290	269	265	264	252	279	278	209	262	256	271	254	282	246	244	285	269	275	271	252	0	285	238	270	279	285	266	275	208	264	259
0	0	176	0	0	215	0	0	0	0	0	209	225	202	0	0	0	217	0	197	0	0	0	0	0	0	0	0	0	0	0	0	0	0	78	0	0	0	0	0	0	0	0	0	0	0	0	0	0	0
204	0	271	191	257	278	248	0	265	212	221	277	280	275	0	204	234	278	250	274	240	231	229	200	257	257	0	224	210	244	206	263	171	158	267	241	250	243	199	0	266	0	241	257	266	235	250	0	229	217
0	0	241	0	204	254	165	0	227	0	0	250	258	249	0	0	0	254	184	247	0	0	0	0	206	204	0	0	0	130	0	223	0	0	231	0	185	114	0	0	231	0	0	206	231	0	181	0	0	0
0	0	217	0	0	236	0	0	188	0	0	233	242	229	0	0	0	238	0	225	0	0	0	0	70	0	0	0	0	0	0	174	0	0	198	0	0	0	0	0	196	0	0	0	196	0	0	0	0	0
0	0	176	0	0	215	0	0	0	0	0	209	225	202	0	0	0	217	0	197	0	0	0	0	0	0	0	0	0	0	0	0	0	0	78	0	0	0	0	0	0	0	0	0	0	0	0	0	0	0
0	0	247	0	217	258	191	0	235	0	0	256	262	254	0	0	0	259	202	252	148	0	0	0	219	217	0	0	0	175	0	231	0	0	239	153	202	170	0	0	238	0	157	218	238	0	200	0	0	0
0	0	229	0	168	245	0	0	210	0	0	242	250	239	0	0	0	246	78	237	0	0	0	0	174	168	0	0	0	0	0	202	0	0	216	0	85	0	0	0	215	0	0	171	215	0	0	0	0	0
236	0	280	229	269	286	263	0	275	240	245	285	288	284	179	237	252	286	265	283	257	250	250	234	269	269	60	247	239	260	237	274	223	220	277	257	265	259	234	0	276	208	258	269	276	252	264	0	250	243
0	0	250	0	224	261	202	0	240	0	0	259	264	257	0	0	140	261	211	254	174	85	70	0	225	224	0	0	0	191	0	236	0	0	243	177	212	188	0	0	242	0	179	224	242	141	210	0	0	0
0	0	257	0	235	266	219	0	248	0	123	264	269	262	0	0	188	266	225	261	202	176	174	0	236	235	0	146	0	212	0	245	0	0	250	204	225	210	0	0	250	0	204	235	250	188	224	0	171	0

0	247	0	149	0	0	0	247	0	0	0	0	0	0	223	0	0	0	0	0	0	0	0	111	0	0	236	0	0	0	0	0	179	187	0	0	0	0	114	254	0	204	0	0	0	0	0	236	0	0
0	0	0	0	0	0	0	0	0	0	0	0	0	0	0	0	0	0	0	0	0	0	0	0	0	0	0	0	0	0	0	0	0	0	0	0	0	0	0	177	0	0	0	0	0	0	0	0	0	0
261	284	0	264	218	0	233	284	186	259	254	0	0	0	276	261	247	0	227	0	243	250	250	262	216	218	280	254	259	238	261	197	267	268	172	242	227	239	262	288	176	271	241	217	176	247	229	280	250	257
0	242	0	0	0	0	0	242	0	0	0	0	0	0	215	0	0	0	0	0	0	0	0	0	0	0	229	0	0	0	0	0	149	164	0	0	0	0	0	250	0	191	0	0	0	0	0	229	0	0
241	274	0	246	0	0	183	274	0	237	231	0	0	0	263	241	217	0	163	0	206	222	223	243	0	0	269	229	239	196	240	0	250	252	0	206	162	199	243	278	0	257	204	0	0	217	168	269	224	235
269	289	193	272	237	0	248	289	220	267	264	126	0	154	282	269	258	0	244	168	254	260	260	270	236	237	286	263	268	250	269	225	274	275	213	254	244	252	270	292	215	278	254	236	215	258	245	286	261	266
227	268	0	235	0	0	0	268	0	223	215	0	0	0	256	227	191	0	0	0	172	200	200	231	0	0	262	211	225	141	227	0	240	242	0	168	0	151	231	273	0	248	165	0	0	191	0	263	202	219
0	0	0	0	0	0	0	0	0	0	0	0	0	0	0	0	0	0	0	0	0	0	0	0	0	0	0	0	0	0	0	0	0	0	0	0	0	0	0	177	0	0	0	0	0	0	0	0	0	0
252	280	0	256	189	0	216	280	0	250	245	0	0	0	270	252	235	0	208	0	229	239	239	254	185	189	275	243	250	223	252	132	260	261	0	227	208	224	254	284	0	265	227	188	0	235	210	275	240	248
136	250	0	172	0	0	0	250	0	0	0	0	0	0	229	132	0	0	0	0	0	0	0	154	0	0	240	0	95	0	128	0	192	198	0	0	0	0	156	257	0	212	0	0	0	0	0	240	0	0
172	254	0	192	0	0	0	254	0	149	0	0	0	0	235	171	0	0	0	0	0	0	0	181	0	0	245	0	159	0	169	0	204	210	0	0	0	0	182	261	0	221	0	0	0	0	0	245	0	123
268	288	183	270	234	0	245	288	215	266	263	0	0	126	281	267	256	0	241	149	252	258	258	269	231	234	285	261	266	249	267	220	273	274	208	252	241	250	269	292	209	277	250	233	209	256	242	285	259	264
272	291	208	275	243	156	252	291	227	270	268	172	0	185	284	272	262	146	249	192	259	264	264	273	242	243	288	266	271	256	272	233	277	278	223	258	249	256	273	294	225	280	258	242	225	262	250	288	264	269
266	287	171	269	229	0	242	287	209	264	261	0	0	0	280	266	254	0	238	114	250	256	256	267	229	229	284	259	265	246	266	216	271	272	200	250	238	247	267	291	202	275	249	229	202	254	239	284	257	262
0	209	0	0	0	0	0	209	0	0	0	0	0	0	0	0	0	0	0	0	0	0	0	0	0	0	176	0	0	0	0	0	0	0	0	0	0	0	0	225	0	0	0	0	0	0	0	179	0	0
48	247	0	152	0	0	0	247	0	0	0	0	0	0	224	0	0	0	0	0	0	0	0	118	0	0	236	0	0	0	0	0	180	188	0	0	0	0	120	254	0	204	0	0	0	0	0	237	0	0
204	261	0	215	0	0	0	261	0	195	177	0	0	0	245	204	0	0	0	0	0	128	132	209	0	0	252	167	199	0	202	0	223	225	0	0	0	0	209	266	0	234	0	0	0	0	0	252	140	188
270	290	196	272	238	90	249	290	221	268	265	140	0	162	282	270	259	0	245	174	254	261	261	271	237	238	286	264	268	252	269	225	275	276	216	254	245	252	271	293	217	278	254	238	217	259	246	286	261	266
233	271	0	239	0	0	140	271	0	229	221	0	0	0	259	233	202	0	0	0	188	209	210	236	0	0	265	218	231	170	233	0	244	246	0	186	0	175	236	275	0	250	184	0	0	202	78	265	211	225
265	287	158	268	227	0	240	287	204	263	259	0	0	0	279	265	252	0	236	0	248	254	254	266	225	227	283	258	263	244	264	211	270	271	195	248	236	245	266	290	197	274	247	225	197	252	237	283	254	261
215	264	0	223	0	0	0	264	0	208	195	0	0	0	249	214	149	0	0	0	0	169	171	218	0	0	257	189	210	0	214	0	229	233	0	0	0	0	219	269	0	240	0	0	0	148	0	257	174	202
197	259	0	209	0	0	0	259	0	185	161	0	0	0	242	196	0	0	0	0	0	0	48	202	0	0	250	146	190	0	195	0	218	222	0	0	0	0	202	265	0	231	0	0	0	0	0	250	85	176
196	258	0	208	0	0	0	258	0	184	159	0	0	0	242	195	0	0	0	0	0	0	0	200	0	0	250	143	189	0	194	0	218	221	0	0	0	0	202	264	0	229	0	0	0	0	0	250	70	174
0	245	0	128	0	0	0	245	0	0	0	0	0	0	220	0	0	0	0	0	0	0	0	0	0	0	233	0	0	0	0	0	169	179	0	0	0	0	30	252	0	200	0	0	0	0	0	234	0	0
242	275	0	247	90	0	187	275	0	239	233	0	0	0	264	242	219	0	170	0	210	224	224	244	0	90	269	229	240	200	242	0	250	252	0	208	169	202	244	279	0	257	206	70	0	219	174	269	225	236
241	274	0	246	0	0	183	274	0	237	231	0	0	0	263	241	217	0	163	0	206	222	223	243	0	0	269	229	239	196	240	0	250	252	0	206	162	199	243	278	0	257	204	0	0	217	168	269	224	235
0	182	0	0	0	0	0	182	0	0	0	0	0	0	0	0	0	0	0	0	0	0	0	0	0	0	0	0	0	0	0	0	0	0	0	0	0	0	0	209	0	0	0	0	0	0	0	60	0	0
181	254	0	198	0	0	0	254	0	163	111	0	0	0	237	180	0	0	0	0	0	0	0	189	0	0	247	0	171	0	179	0	210	214	0	0	0	0	189	262	0	224	0	0	0	0	0	247	0	146
118	249	0	165	0	0	0	249	0	0	0	0	0	0	227	111	0	0	0	0	0	0	0	143	0	0	238	0	0	0	104	0	188	194	0	0	0	0	145	256	0	210	0	0	0	0	0	239	0	0
222	266	0	229	0	0	0	266	0	216	206	0	0	0	252	222	176	0	0	0	143	188	189	225	0	0	260	200	218	0	221	0	236	238	0	136	0	85	225	271	0	244	130	0	0	175	0	260	191	212
70	247	0	154	0	0	0	247	0	0	0	0	0	0	224	48	0	0	0	0	0	0	0	123	0	0	237	0	0	0	0	0	181	189	0	0	0	0	126	254	0	206	0	0	0	0	0	237	0	0
250	278	0	254	176	0	209	278	0	247	242	0	0	0	269	250	231	0	200	0	224	235	235	250	171	176	273	240	248	217	249	0	257	259	0	223	200	219	252	282	0	263	223	174	0	231	202	274	236	245
0	237	0	0	0	0	0	237	0	0	0	0	0	0	204	0	0	0	0	0	0	0	0	0	0	0	223	0	0	0	0	0	0	114	0	0	0	0	0	246	0	171	0	0	0	0	0	223	0	0
0	234	0	0	0	0	0	234	0	0	0	0	0	0	199	0	0	0	0	0	0	0	0	0	0	0	219	0	0	0	0	0	0	0	0	0	0	0	0	244	0	158	0	0	0	0	0	220	0	0
254	281	0	259	200	0	222	281	134	252	248	0	0	0	272	254	239	0	215	0	233	242	242	257	196	200	277	247	252	227	254	162	262	263	0	233	215	229	257	285	78	267	231	198	78	239	216	277	243	250
216	264	0	224	0	0	0	264	0	209	197	0	0	0	250	216	154	0	0	0	70	172	174	220	0	0	257	191	212	0	215	0	231	234	0	0	0	0	220	269	0	241	0	0	0	153	0	257	177	204
234	271	0	239	0	0	141	271	0	229	222	0	0	0	259	233	202	0	30	0	189	210	210	236	0	0	265	218	231	171	233	0	244	246	0	186	0	176	236	275	0	250	185	0	0	202	85	265	212	225
221	266	0	227	0	0	0	266	0	214	204	0	0	0	252	220	171	0	0	0	132	184	185	224	0	0	259	199	217	0	220	0	234	237	0	123	0	0	224	271	0	243	114	0	0	170	0	259	188	210
0	245	0	126	0	0	0	245	0	0	0	0	0	0	220	0	0	0	0	0	0	0	0	0	0	0	233	0	0	0	0	0	168	179	0	0	0	0	0	252	0	199	0	0	0	0	0	234	0	0
0	0	0	0	0	0	0	0	0	0	0	0	0	0	0	0	0	0	0	0	0	0	0	0	0	0	0	0	0	0	0	0	0	0	0	0	0	0	0	0	0	0	0	0	0	0	0	0	0	0
254	281	0	258	197	0	220	281	123	252	248	0	0	0	272	254	238	0	213	0	231	241	242	256	194	197	276	246	252	227	254	157	261	263	0	231	213	227	256	285	0	266	231	196	0	238	215	276	242	250
0	225	0	0	0	0	0	225	0	0	0	0	0	0	179	0	0	0	0	0	0	0	0	0	0	0	206	0	0	0	0	0	0	0	0	0	0	0	0	238	0	0	0	0	0	0	0	208	0	0
217	264	0	225	0	0	0	264	0	210	198	0	0	0	250	216	158	0	0	0	90	175	176	220	0	0	257	192	213	0	216	0	231	234	0	60	0	0	221	270	0	241	0	0	0	157	0	258	179	204
242	274	0	246	60	0	185	274	0	238	231	0	0	0	263	241	218	0	166	0	208	223	223	244	0	60	269	229	239	198	241	0	250	252	0	206	165	200	244	279	0	257	206	0	0	218	171	269	224	235
254	281	0	258	197	0	220	281	123	252	248	0	0	0	272	254	238	0	213	0	231	241	242	256	194	197	276	246	252	227	254	157	261	263	0	231	213	227	256	285	0	266	231	196	0	238	215	276	242	250
204	261	0	215	0	0	0	261	0	195	178	0	0	0	245	204	30	0	0	0	0	130	134	209	0	0	252	168	199	0	202	0	224	227	0	0	0	0	210	266	0	235	0	0	0	0	0	252	141	188
231	270	0	238	0	0	130	270	0	227	220	0	0	0	258	231	200	0	0	0	185	208	208	235	0	0	264	217	229	165	231	0	243	245	0	183	0	171	235	275	0	250	181	0	0	200	0	264	210	224
0	180	0	0	0	0	0	180	0	0	0	0	0	0	0	0	0	0	0	0	0	0	0	0	0	0	0	0	0	0	0	0	0	0	0	0	0	0	0	208	0	0	0	0	0	0	0	0	0	0
194	258	0	206	0	0	0	258	0	181	154	0	0	0	241	193	0	0	0	0	0	0	0	200	0	0	250	136	186	0	192	0	217	220	0	0	0	0	200	264	0	229	0	0	0	0	0	250	0	171
157	252	0	183	0	0	0	252	0	118	0	0	0	0	231	154	0	0	0	0	0	0	0	169	0	0	242	0	136	0	152	0	199	204	0	0	0	0	170	259	0	217	0	0	0	0	0	243	0	0

0	20	40	16	0	26	40	0	40	26	54	56	52	0	0	0	28	0	28	45	80	18	36	0	26	0	93	105	54	26	40	46	0	18	11	0	0	16	4	0	26	65	18	18	40	28	40	0	0	18
0	0	28	0	0	8	28	0	28	8	46	48	43	0	0	0	11	0	11	34	76	0	23	0	8	0	89	103	46	8	28	36	0	0	0	0	0	0	0	0	8	59	0	0	28	11	28	0	0	0
0	0	0	0	0	0	0	0	0	0	30	32	26	0	0	0	0	0	0	11	69	0	0	0	0	0	84	99	30	0	0	15	0	0	0	0	0	0	0	0	0	47	0	0	0	0	0	0	0	0
0	6	31	0	0	13	31	0	31	13	48	50	45	0	0	0	16	0	16	37	77	2	27	0	13	0	90	103	48	13	31	39	0	2	0	0	0	0	0	0	13	60	2	2	31	16	31	0	0	2
18	32	48	28	0	36	48	0	48	36	60	61	57	4	0	4	38	18	38	52	84	30	45	18	36	8	95	107	60	36	48	53	11	30	26	11	0	28	20	18	36	70	30	30	48	38	48	0	0	30
0	0	23	0	0	0	23	0	23	0	43	45	40	0	0	0	4	0	4	30	74	0	18	0	0	0	88	102	43	0	23	32	0	0	0	0	0	0	0	0	0	56	0	0	23	4	23	0	0	0
0	0	0	0	0	0	0	0	0	0	30	32	26	0	0	0	0	0	0	11	69	0	0	0	0	0	84	99	30	0	0	15	0	0	0	0	0	0	0	0	0	47	0	0	0	0	0	0	0	0
18	32	48	28	0	36	48	0	48	36	60	61	57	4	0	4	38	18	38	52	84	30	45	18	36	8	95	107	60	36	48	53	11	30	26	11	0	28	20	18	36	70	30	30	48	38	48	0	0	30
0	0	0	0	0	0	0	0	0	0	30	32	26	0	0	0	0	0	0	11	69	0	0	0	0	0	84	99	30	0	0	15	0	0	0	0	0	0	0	0	0	47	0	0	0	0	0	0	0	0
0	0	23	0	0	0	23	0	23	0	43	45	40	0	0	0	4	0	4	30	74	0	18	0	0	0	88	102	43	0	23	32	0	0	0	0	0	0	0	0	0	56	0	0	23	4	23	0	0	0
0	0	0	0	0	0	0	0	0	0	0	4	0	0	0	0	0	0	0	0	59	0	0	0	0	0	77	94	0	0	0	0	0	0	0	0	0	0	0	0	0	28	0	0	0	0	0	0	0	0
0	0	0	0	0	0	0	0	0	0	0	0	0	0	0	0	0	0	0	0	56	0	0	0	0	0	77	93	0	0	0	0	0	0	0	0	0	0	0	0	0	27	0	0	0	0	0	0	0	0
0	0	0	0	0	0	0	0	0	0	8	11	0	0	0	0	0	0	0	0	61	0	0	0	0	0	79	95	8	0	0	0	0	0	0	0	0	0	0	0	0	34	0	0	0	0	0	0	0	0
15	30	46	27	0	34	46	0	46	34	59	60	56	0	0	0	36	15	36	51	83	28	43	15	34	4	95	106	59	34	46	52	8	28	23	8	0	27	18	15	34	69	28	28	46	36	46	0	0	28
18	32	48	28	0	36	48	0	48	36	60	61	57	4	0	4	38	18	38	52	84	30	45	18	36	8	95	107	60	36	48	53	11	30	26	11	0	28	20	18	36	70	30	30	48	38	48	0	0	30
15	30	46	27	0	34	46	0	46	34	59	60	56	0	0	0	36	15	36	51	83	28	43	15	34	4	95	106	59	34	46	52	8	28	23	8	0	27	18	15	34	69	28	28	46	36	46	0	0	28
0	0	20	0	0	0	20	0	20	0	41	43	38	0	0	0	0	0	0	28	74	0	15	0	0	0	88	101	41	0	20	30	0	0	0	0	0	0	0	0	0	55	0	0	20	0	20	0	0	0
0	20	40	16	0	26	40	0	40	26	54	56	52	0	0	0	28	0	28	45	80	18	36	0	26	0	93	105	54	26	40	46	0	18	11	0	0	16	4	0	26	65	18	18	40	28	40	0	0	18
0	0	20	0	0	0	20	0	20	0	41	43	38	0	0	0	0	0	0	28	74	0	15	0	0	0	88	101	41	0	20	30	0	0	0	0	0	0	0	0	0	55	0	0	20	0	20	0	0	0
0	0	0	0	0	0	0	0	0	0	23	26	18	0	0	0	0	0	0	0	66	0	0	0	0	0	82	97	23	0	0	4	0	0	0	0	0	0	0	0	0	43	0	0	0	0	0	0	0	0
0	0	0	0	0	0	0	0	0	0	0	0	0	0	0	0	0	0	0	0	0	0	0	0	0	0	49	77	0	0	0	0	0	0	0	0	0	0	0	0	0	0	0	0	0	0	0	0	0	0
0	4	30	0	0	11	30	0	30	11	48	49	45	0	0	0	15	0	15	36	77	0	26	0	11	0	90	103	48	11	30	38	0	0	0	0	0	0	0	0	11	60	0	0	30	15	30	0	0	0
0	0	8	0	0	0	8	0	8	0	34	36	30	0	0	0	0	0	0	18	70	0	0	0	0	0	85	100	34	0	8	20	0	0	0	0	0	0	0	0	0	50	0	0	8	0	8	0	0	0
0	20	40	16	0	26	40	0	40	26	54	56	52	0	0	0	28	0	28	45	80	18	36	0	26	0	93	105	54	26	40	46	0	18	11	0	0	16	4	0	26	65	18	18	40	28	40	0	0	18
0	0	23	0	0	0	23	0	23	0	43	45	40	0	0	0	4	0	4	30	74	0	18	0	0	0	88	102	43	0	23	32	0	0	0	0	0	0	0	0	0	56	0	0	23	4	23	0	0	0
11	28	45	24	0	32	45	0	45	32	57	59	56	0	0	0	34	11	34	49	82	26	41	11	32	0	94	106	57	32	45	51	4	26	20	4	0	24	15	11	32	68	26	26	45	34	45	0	0	26
0	0	0	0	0	0	0	0	0	0	0	0	0	0	0	0	0	0	0	0	0	0	0	0	0	0	0	56	0	0	0	0	0	0	0	0	0	0	0	0	0	0	0	0	0	0	0	0	0	0
0	0	0	0	0	0	0	0	0	0	0	0	0	0	0	0	0	0	0	0	0	0	0	0	0	0	0	0	0	0	0	0	0	0	0	0	0	0	0	0	0	0	0	0	0	0	0	0	0	0
0	0	0	0	0	0	0	0	0	0	0	4	0	0	0	0	0	0	0	0	59	0	0	0	0	0	77	94	0	0	0	0	0	0	0	0	0	0	0	0	0	28	0	0	0	0	0	0	0	0
0	0	23	0	0	0	23	0	23	0	43	45	40	0	0	0	4	0	4	30	74	0	18	0	0	0	88	102	43	0	23	32	0	0	0	0	0	0	0	0	0	56	0	0	23	4	23	0	0	0
0	0	0	0	0	0	0	0	0	0	30	32	26	0	0	0	0	0	0	11	69	0	0	0	0	0	84	99	30	0	0	15	0	0	0	0	0	0	0	0	0	47	0	0	0	0	0	0	0	0
0	0	0	0	0	0	0	0	0	0	20	23	15	0	0	0	0	0	0	0	65	0	0	0	0	0	82	97	20	0	0	0	0	0	0	0	0	0	0	0	0	41	0	0	0	0	0	0	0	0
8	26	43	22	0	30	43	0	43	30	56	57	54	0	0	0	32	8	32	48	82	23	40	8	30	0	94	106	56	30	43	49	0	23	18	0	0	22	11	8	30	67	23	23	43	32	43	0	0	23
0	4	30	0	0	11	30	0	30	11	48	49	45	0	0	0	15	0	15	36	77	0	26	0	11	0	90	103	48	11	30	38	0	0	0	0	0	0	0	0	11	60	0	0	30	15	30	0	0	0
0	11	34	6	0	18	34	0	34	18	51	52	48	0	0	0	20	0	20	40	78	8	30	0	18	0	91	104	51	18	34	41	0	8	0	0	0	6	0	0	18	62	8	8	34	20	34	0	0	8
8	26	43	22	0	30	43	0	43	30	56	57	54	0	0	0	32	8	32	48	82	23	40	8	30	0	94	106	56	30	43	49	0	23	18	0	0	22	11	8	30	67	23	23	43	32	43	0	0	23
18	32	48	28	0	36	48	0	48	36	60	61	57	4	0	4	38	18	38	52	84	30	45	18	36	8	95	107	60	36	48	53	11	30	26	11	0	28	20	18	36	70	30	30	48	38	48	0	0	30
0	6	31	0	0	13	31	0	31	13	48	50	45	0	0	0	16	0	16	37	77	2	27	0	13	0	90	103	48	13	31	39	0	2	0	0	0	0	0	0	13	60	2	2	31	16	31	0	0	2
0	18	38	13	0	23	38	0	38	23	53	54	51	0	0	0	26	0	26	43	80	15	34	0	23	0	92	105	53	23	38	45	0	15	8	0	0	13	0	0	23	64	15	15	38	26	38	0	0	15
0	20	40	16	0	26	40	0	40	26	54	56	52	0	0	0	28	0	28	45	80	18	36	0	26	0	93	105	54	26	40	46	0	18	11	0	0	16	4	0	26	65	18	18	40	28	40	0	0	18
0	0	23	0	0	0	23	0	23	0	43	45	40	0	0	0	4	0	4	30	74	0	18	0	0	0	88	102	43	0	23	32	0	0	0	0	0	0	0	0	0	56	0	0	23	4	23	0	0	0
0	0	0	0	0	0	0	0	0	0	0	0	0	0	0	0	0	0	0	0	46	0	0	0	0	0	70	89	0	0	0	0	0	0	0	0	0	0	0	0	0	0	0	0	0	0	0	0	0	0
0	4	30	0	0	11	30	0	30	11	48	49	45	0	0	0	15	0	15	36	77	0	26	0	11	0	90	103	48	11	30	38	0	0	0	0	0	0	0	0	11	60	0	0	30	15	30	0	0	0
0	4	30	0	0	11	30	0	30	11	48	49	45	0	0	0	15	0	15	36	77	0	26	0	11	0	90	103	48	11	30	38	0	0	0	0	0	0	0	0	11	60	0	0	30	15	30	0	0	0
0	0	0	0	0	0	0	0	0	0	30	32	26	0	0	0	0	0	0	11	69	0	0	0	0	0	84	99	30	0	0	15	0	0	0	0	0	0	0	0	0	47	0	0	0	0	0	0	0	0
0	0	20	0	0	0	20	0	20	0	41	43	38	0	0	0	0	0	0	28	74	0	15	0	0	0	88	101	41	0	20	30	0	0	0	0	0	0	0	0	0	55	0	0	20	0	20	0	0	0
0	0	0	0	0	0	0	0	0	0	30	32	26	0	0	0	0	0	0	11	69	0	0	0	0	0	84	99	30	0	0	15	0	0	0	0	0	0	0	0	0	47	0	0	0	0	0	0	0	0
18	32	48	28	0	36	48	0	48	36	60	61	57	4	0	4	38	18	38	52	84	30	45	18	36	8	95	107	60	36	48	53	11	30	26	11	0	28	20	18	36	70	30	30	48	38	48	0	0	30
18	32	48	28	0	36	48	0	48	36	60	61	57	4	0	4	38	18	38	52	84	30	45	18	36	8	95	107	60	36	48	53	11	30	26	11	0	28	20	18	36	70	30	30	48	38	48	0	0	30
0	4	30	0	0	11	30	0	30	11	48	49	45	0	0	0	15	0	15	36	77	0	26	0	11	0	90	103	48	11	30	38	0	0	0	0	0	0	0	0	11	60	0	0	30	15	30	0	0	0

0	0	0	0	18	0	0	18	0	0	0	0	0	15	18	15	0	0	0	0	0	0	0	0	0	11	0	0	0	0	0	0	8	0	0	8	18	0	0	0	0	0	0	0	0	0	0	18	18	0
20	0	0	6	32	0	0	32	0	0	0	0	0	30	32	30	0	20	0	0	0	4	0	20	0	28	0	0	0	0	0	0	26	4	11	26	32	6	18	20	0	0	4	4	0	0	0	32	32	4
40	28	0	31	48	23	0	48	0	23	0	0	0	46	48	46	20	40	20	0	0	30	8	40	23	45	0	0	0	23	0	0	43	30	34	43	48	31	38	40	23	0	30	30	0	20	0	48	48	30
16	0	0	0	28	0	0	28	0	0	0	0	0	27	28	27	0	16	0	0	0	0	0	16	0	24	0	0	0	0	0	0	22	0	6	22	28	0	13	16	0	0	0	0	0	0	0	28	28	0
0	0	0	0	0	0	0	0	0	0	0	0	0	0	0	0	0	0	0	0	0	0	0	0	0	0	0	0	0	0	0	0	0	0	0	0	0	0	0	0	0	0	0	0	0	0	0	0	0	0
26	8	0	13	36	0	0	36	0	0	0	0	0	34	36	34	0	26	0	0	0	11	0	26	0	32	0	0	0	0	0	0	30	11	18	30	36	13	23	26	0	0	11	11	0	0	0	36	36	11
40	28	0	31	48	23	0	48	0	23	0	0	0	46	48	46	20	40	20	0	0	30	8	40	23	45	0	0	0	23	0	0	43	30	34	43	48	31	38	40	23	0	30	30	0	20	0	48	48	30
0	0	0	0	0	0	0	0	0	0	0	0	0	0	0	0	0	0	0	0	0	0	0	0	0	0	0	0	0	0	0	0	0	0	0	0	0	0	0	0	0	0	0	0	0	0	0	0	0	0
40	28	0	31	48	23	0	48	0	23	0	0	0	46	48	46	20	40	20	0	0	30	8	40	23	45	0	0	0	23	0	0	43	30	34	43	48	31	38	40	23	0	30	30	0	20	0	48	48	30
26	8	0	13	36	0	0	36	0	0	0	0	0	34	36	34	0	26	0	0	0	11	0	26	0	32	0	0	0	0	0	0	30	11	18	30	36	13	23	26	0	0	11	11	0	0	0	36	36	11
54	46	30	48	60	43	30	60	30	43	0	0	8	59	60	59	41	54	41	23	0	48	34	54	43	57	0	0	0	43	30	20	56	48	51	56	60	48	53	54	43	0	48	48	30	41	30	60	60	48
56	48	32	50	61	45	32	61	32	45	4	0	11	60	61	60	43	56	43	26	0	49	36	56	45	59	0	0	4	45	32	23	57	49	52	57	61	50	54	56	45	0	49	49	32	43	32	61	61	49
52	43	26	45	57	40	26	57	26	40	0	0	0	56	57	56	38	52	38	18	0	45	30	52	40	56	0	0	0	40	26	15	54	45	48	54	57	45	51	52	40	0	45	45	26	38	26	57	57	45
0	0	0	0	4	0	0	4	0	0	0	0	0	0	4	0	0	0	0	0	0	0	0	0	0	0	0	0	0	0	0	0	0	0	0	0	4	0	0	0	0	0	0	0	0	0	0	4	4	0
0	0	0	0	0	0	0	0	0	0	0	0	0	0	0	0	0	0	0	0	0	0	0	0	0	0	0	0	0	0	0	0	0	0	0	0	0	0	0	0	0	0	0	0	0	0	0	0	0	0
0	0	0	0	4	0	0	4	0	0	0	0	0	0	4	0	0	0	0	0	0	0	0	0	0	0	0	0	0	0	0	0	0	0	0	0	4	0	0	0	0	0	0	0	0	0	0	4	4	0
28	11	0	16	38	4	0	38	0	4	0	0	0	36	38	36	0	28	0	0	0	15	0	28	4	34	0	0	0	4	0	0	32	15	20	32	38	16	26	28	4	0	15	15	0	0	0	38	38	15
0	0	0	0	18	0	0	18	0	0	0	0	0	15	18	15	0	0	0	0	0	0	0	0	0	11	0	0	0	0	0	0	8	0	0	8	18	0	0	0	0	0	0	0	0	0	0	18	18	0
28	11	0	16	38	4	0	38	0	4	0	0	0	36	38	36	0	28	0	0	0	15	0	28	4	34	0	0	0	4	0	0	32	15	20	32	38	16	26	28	4	0	15	15	0	0	0	38	38	15
45	34	11	37	52	30	11	52	11	30	0	0	0	51	52	51	28	45	28	0	0	36	18	45	30	49	0	0	0	30	11	0	48	36	40	48	52	37	43	45	30	0	36	36	11	28	11	52	52	36
80	76	69	77	84	74	69	84	69	74	59	56	61	83	84	83	74	80	74	66	0	77	70	80	74	82	0	0	59	74	69	65	82	77	78	82	84	77	80	80	74	46	77	77	69	74	69	84	84	77
18	0	0	2	30	0	0	30	0	0	0	0	0	28	30	28	0	18	0	0	0	0	0	18	0	26	0	0	0	0	0	0	23	0	8	23	30	2	15	18	0	0	0	0	0	0	0	30	30	0
36	23	0	27	45	18	0	45	0	18	0	0	0	43	45	43	15	36	15	0	0	26	0	36	18	41	0	0	0	18	0	0	40	26	30	40	45	27	34	36	18	0	26	26	0	15	0	45	45	26
0	0	0	0	18	0	0	18	0	0	0	0	0	15	18	15	0	0	0	0	0	0	0	0	0	11	0	0	0	0	0	0	8	0	0	8	18	0	0	0	0	0	0	0	0	0	0	18	18	0
26	8	0	13	36	0	0	36	0	0	0	0	0	34	36	34	0	26	0	0	0	11	0	26	0	32	0	0	0	0	0	0	30	11	18	30	36	13	23	26	0	0	11	11	0	0	0	36	36	11
0	0	0	0	8	0	0	8	0	0	0	0	0	4	8	4	0	0	0	0	0	0	0	0	0	0	0	0	0	0	0	0	0	0	0	0	8	0	0	0	0	0	0	0	0	0	0	8	8	0
93	89	84	90	95	88	84	95	84	88	77	77	79	95	95	95	88	93	88	82	49	90	85	93	88	94	0	0	77	88	84	82	94	90	91	94	95	90	92	93	88	70	90	90	84	88	84	95	95	90
105	103	99	103	107	102	99	107	99	102	94	93	95	106	107	106	101	105	101	97	77	103	100	105	102	106	56	0	94	102	99	97	106	103	104	106	107	103	105	105	102	89	103	103	99	101	99	107	107	103
54	46	30	48	60	43	30	60	30	43	0	0	8	59	60	59	41	54	41	23	0	48	34	54	43	57	0	0	0	43	30	20	56	48	51	56	60	48	53	54	43	0	48	48	30	41	30	60	60	48
26	8	0	13	36	0	0	36	0	0	0	0	0	34	36	34	0	26	0	0	0	11	0	26	0	32	0	0	0	0	0	0	30	11	18	30	36	13	23	26	0	0	11	11	0	0	0	36	36	11
40	28	0	31	48	23	0	48	0	23	0	0	0	46	48	46	20	40	20	0	0	30	8	40	23	45	0	0	0	23	0	0	43	30	34	43	48	31	38	40	23	0	30	30	0	20	0	48	48	30
46	36	15	39	53	32	15	53	15	32	0	0	0	52	53	52	30	46	30	4	0	38	20	46	32	51	0	0	0	32	15	0	49	38	41	49	53	39	45	46	32	0	38	38	15	30	15	53	53	38
0	0	0	0	11	0	0	11	0	0	0	0	0	8	11	8	0	0	0	0	0	0	0	0	0	4	0	0	0	0	0	0	0	0	0	0	11	0	0	0	0	0	0	0	0	0	0	11	11	0
18	0	0	2	30	0	0	30	0	0	0	0	0	28	30	28	0	18	0	0	0	0	0	18	0	26	0	0	0	0	0	0	23	0	8	23	30	2	15	18	0	0	0	0	0	0	0	30	30	0
11	0	0	0	26	0	0	26	0	0	0	0	0	23	26	23	0	11	0	0	0	0	0	11	0	20	0	0	0	0	0	0	18	0	0	18	26	0	8	11	0	0	0	0	0	0	0	26	26	0
0	0	0	0	11	0	0	11	0	0	0	0	0	8	11	8	0	0	0	0	0	0	0	0	0	4	0	0	0	0	0	0	0	0	0	0	11	0	0	0	0	0	0	0	0	0	0	11	11	0
0	0	0	0	0	0	0	0	0	0	0	0	0	0	0	0	0	0	0	0	0	0	0	0	0	0	0	0	0	0	0	0	0	0	0	0	0	0	0	0	0	0	0	0	0	0	0	0	0	0
16	0	0	0	28	0	0	28	0	0	0	0	0	27	28	27	0	16	0	0	0	0	0	16	0	24	0	0	0	0	0	0	22	0	6	22	28	0	13	16	0	0	0	0	0	0	0	28	28	0
4	0	0	0	20	0	0	20	0	0	0	0	0	18	20	18	0	4	0	0	0	0	0	4	0	15	0	0	0	0	0	0	11	0	0	11	20	0	0	4	0	0	0	0	0	0	0	20	20	0
0	0	0	0	18	0	0	18	0	0	0	0	0	15	18	15	0	0	0	0	0	0	0	0	0	11	0	0	0	0	0	0	8	0	0	8	18	0	0	0	0	0	0	0	0	0	0	18	18	0
26	8	0	13	36	0	0	36	0	0	0	0	0	34	36	34	0	26	0	0	0	11	0	26	0	32	0	0	0	0	0	0	30	11	18	30	36	13	23	26	0	0	11	11	0	0	0	36	36	11
65	59	47	60	70	56	47	70	47	56	28	27	34	69	70	69	55	65	55	43	0	60	50	65	56	68	0	0	28	56	47	41	67	60	62	67	70	60	64	65	56	0	60	60	47	55	47	70	70	60
18	0	0	2	30	0	0	30	0	0	0	0	0	28	30	28	0	18	0	0	0	0	0	18	0	26	0	0	0	0	0	0	23	0	8	23	30	2	15	18	0	0	0	0	0	0	0	30	30	0
18	0	0	2	30	0	0	30	0	0	0	0	0	28	30	28	0	18	0	0	0	0	0	18	0	26	0	0	0	0	0	0	23	0	8	23	30	2	15	18	0	0	0	0	0	0	0	30	30	0
40	28	0	31	48	23	0	48	0	23	0	0	0	46	48	46	20	40	20	0	0	30	8	40	23	45	0	0	0	23	0	0	43	30	34	43	48	31	38	40	23	0	30	30	0	20	0	48	48	30
28	11	0	16	38	4	0	38	0	4	0	0	0	36	38	36	0	28	0	0	0	15	0	28	4	34	0	0	0	4	0	0	32	15	20	32	38	16	26	28	4	0	15	15	0	0	0	38	38	15
40	28	0	31	48	23	0	48	0	23	0	0	0	46	48	46	20	40	20	0	0	30	8	40	23	45	0	0	0	23	0	0	43	30	34	43	48	31	38	40	23	0	30	30	0	20	0	48	48	30
0	0	0	0	0	0	0	0	0	0	0	0	0	0	0	0	0	0	0	0	0	0	0	0	0	0	0	0	0	0	0	0	0	0	0	0	0	0	0	0	0	0	0	0	0	0	0	0	0	0
0	0	0	0	0	0	0	0	0	0	0	0	0	0	0	0	0	0	0	0	0	0	0	0	0	0	0	0	0	0	0	0	0	0	0	0	0	0	0	0	0	0	0	0	0	0	0	0	0	0
18	0	0	2	30	0	0	30	0	0	0	0	0	28	30	28	0	18	0	0	0	0	0	18	0	26	0	0	0	0	0	0	23	0	8	23	30	2	15	18	0	0	0	0	0	0	0	30	30	0