829 761 924 863 702 859 586 625 874 773 883 864 741 706 871 838 812 912 841 710 910 736 548 840 820 793 595 930 903 816 847 590 645 932 906 891 927 908 872 915 706 637 891 454 717 907 913 860 675 346

84

23 24 21 22 25 22 26 26 22 24 22 22 24 25 22 23 23 22 23 24 22 24 27 23 23 23 26 21 22 23 22 26 25 21 22 22 21 22 22 21 25 26 22 28 24 22 22 22 25 30

22.047776566720476 20.00704953011452 24.98583700105625 32.987029552932036

10284

0	0	0	227	270	0	271	268	0	189	0	192	0	236	219	0	0	236	246	235	0	262	0	243	250	0	0	0	0	257	221	252	261	235	0	246	235	0	0	0	247	0	0	237	272	229	0	0	0	250
146	0	0	234	272	0	273	270	0	202	30	204	0	241	225	108	0	241	250	240	0	265	0	248	254	0	0	0	0	260	227	257	264	240	0	250	240	95	0	95	250	0	0	242	274	235	0	0	0	254
204	192	0	248	278	0	279	277	0	227	192	229	0	252	242	197	156	252	260	252	161	272	161	258	264	0	0	183	141	268	243	265	272	252	175	260	252	196	90	196	260	0	192	254	280	249	182	0	0	264
0	0	0	0	249	0	250	246	0	0	0	0	0	158	0	0	0	158	200	154	0	235	0	191	213	0	0	0	0	225	0	218	234	156	0	198	154	0	0	0	200	0	0	165	252	85	0	0	0	213
0	0	0	0	0	0	120	0	0	0	0	0	0	0	0	0	0	0	0	0	0	0	0	0	0	0	0	0	0	0	0	0	0	0	0	0	0	0	0	0	0	0	0	0	141	0	0	0	0	0
204	192	0	248	278	0	279	277	0	227	192	229	0	252	242	197	156	252	260	252	161	272	161	258	264	0	0	183	141	268	243	265	272	252	175	260	252	196	90	196	260	0	192	254	280	249	182	0	0	264
0	0	0	0	0	0	0	0	0	0	0	0	0	0	0	0	0	0	0	0	0	0	0	0	0	0	0	0	0	0	0	0	0	0	0	0	0	0	0	0	0	0	0	0	104	0	0	0	0	0
0	0	0	0	128	0	153	0	0	0	0	0	0	0	0	0	0	0	0	0	0	0	0	0	0	0	0	0	0	0	0	0	0	0	0	0	0	0	0	0	0	0	0	0	164	0	0	0	0	0
214	204	146	252	280	146	281	279	0	233	204	235	0	256	247	209	181	256	263	256	184	274	184	261	266	0	0	198	173	270	248	268	274	256	192	263	256	208	156	208	263	0	204	257	282	252	197	146	0	267
0	0	0	206	262	0	264	260	0	0	0	85	0	218	190	0	0	218	233	217	0	252	0	229	239	0	0	0	0	246	192	242	252	217	0	231	217	0	0	0	233	0	0	220	265	208	0	0	0	240
145	0	0	234	272	0	273	270	0	202	0	204	0	241	225	104	0	241	250	240	0	265	0	247	254	0	0	0	0	260	227	257	264	240	0	250	240	90	0	90	250	0	0	242	274	235	0	0	0	254
0	0	0	202	262	0	263	260	0	0	0	0	0	216	186	0	0	216	231	215	0	252	0	227	238	0	0	0	0	245	189	241	252	216	0	231	215	0	0	0	231	0	0	218	264	206	0	0	0	239
241	236	217	265	288	217	289	287	208	252	237	252	0	269	262	238	225	269	274	268	227	283	227	272	276	181	0	233	224	280	262	278	283	268	231	274	268	238	219	238	274	206	236	269	289	266	233	217	0	277
0	0	0	0	243	0	245	240	0	0	0	0	0	0	0	0	0	0	181	0	0	227	0	164	199	0	0	0	0	215	0	206	225	0	0	177	0	0	0	0	181	0	0	90	247	0	0	0	0	200
0	0	0	156	252	0	254	250	0	0	0	0	0	186	0	0	0	186	213	185	0	241	0	206	223	0	0	0	0	233	78	227	241	185	0	212	185	0	0	0	214	0	0	190	256	162	0	0	0	223
126	0	0	231	271	0	272	269	0	198	0	200	0	239	224	0	0	239	249	238	0	264	0	246	252	0	0	0	0	259	225	254	263	239	0	248	238	0	0	0	249	0	0	240	273	233	0	0	0	254
188	168	0	242	276	0	277	274	0	218	169	220	0	248	236	177	0	248	256	248	78	269	78	254	260	0	0	151	0	265	237	262	269	248	132	256	248	175	0	175	256	0	168	249	278	243	149	0	0	260
0	0	0	0	243	0	245	240	0	0	0	0	0	0	0	0	0	0	181	0	0	227	0	164	199	0	0	0	0	215	0	206	225	0	0	177	0	0	0	0	181	0	0	90	247	0	0	0	0	200
0	0	0	0	231	0	234	227	0	0	0	0	0	0	0	0	0	0	0	0	0	210	0	0	153	0	0	0	0	189	0	171	208	0	0	0	0	0	0	0	30	0	0	0	236	0	0	0	0	156
0	0	0	0	243	0	246	240	0	0	0	0	0	60	0	0	0	60	183	0	0	227	0	167	200	0	0	0	0	216	0	206	227	30	0	179	0	0	0	0	183	0	0	104	247	0	0	0	0	200
185	163	0	242	275	0	276	274	0	217	164	219	0	247	235	173	0	247	256	247	0	269	0	252	260	0	0	143	0	264	236	261	268	247	120	254	247	171	0	171	256	0	163	248	277	243	141	0	0	260
0	0	0	0	191	0	199	181	0	0	0	0	0	0	0	0	0	0	0	0	0	0	0	0	0	0	0	0	0	0	0	0	0	0	0	0	0	0	0	0	0	0	0	0	202	0	0	0	0	0
185	163	0	242	275	0	276	274	0	217	164	219	0	247	235	173	0	247	256	247	0	269	0	252	260	0	0	143	0	264	236	261	268	247	120	254	247	171	0	171	256	0	163	248	277	243	141	0	0	260
0	0	0	0	235	0	238	231	0	0	0	0	0	0	0	0	0	0	132	0	0	216	0	0	173	0	0	0	0	199	0	185	215	0	0	120	0	0	0	0	134	0	0	0	240	0	0	0	0	175
0	0	0	0	224	0	227	219	0	0	0	0	0	0	0	0	0	0	0	0	0	196	0	0	0	0	0	0	0	165	0	126	194	0	0	0	0	0	0	0	0	0	0	0	229	0	0	0	0	48
229	223	193	259	284	193	285	283	176	244	223	245	0	263	254	225	208	263	269	262	210	279	210	267	272	0	0	218	204	275	254	273	278	262	215	268	262	225	197	225	269	174	223	263	285	259	218	193	0	272
252	250	236	273	292	236	293	291	231	262	250	263	192	275	270	250	242	275	280	275	243	288	243	279	282	216	0	247	241	285	270	283	288	275	246	280	275	250	238	250	280	229	250	276	294	273	247	236	128	282
165	123	0	237	273	0	274	272	0	209	126	211	0	243	229	145	0	243	252	243	0	266	0	250	257	0	0	0	0	261	231	259	266	243	0	252	243	140	0	140	252	0	123	245	275	238	0	0	0	257
193	176	0	244	276	0	278	275	0	221	177	223	0	250	238	184	104	250	258	249	120	270	120	254	261	0	0	162	0	266	239	263	270	249	149	257	249	182	0	182	258	0	176	250	278	245	161	0	0	261
0	0	0	0	211	0	216	204	0	0	0	0	0	0	0	0	0	0	0	0	0	168	0	0	0	0	0	0	0	0	0	0	164	0	0	0	0	0	0	0	0	0	0	0	219	0	0	0	0	0
0	0	0	149	252	0	254	250	0	0	0	0	0	183	0	0	0	183	212	181	0	241	0	204	221	0	0	0	0	231	0	225	240	182	0	210	181	0	0	0	212	0	0	188	256	157	0	0	0	222
0	0	0	0	219	0	223	214	0	0	0	0	0	0	0	0	0	0	0	0	0	188	0	0	0	0	0	0	0	145	0	0	185	0	0	0	0	0	0	0	0	0	0	0	225	0	0	0	0	0
0	0	0	0	193	0	200	183	0	0	0	0	0	0	0	0	0	0	0	0	0	70	0	0	0	0	0	0	0	0	0	0	0	0	0	0	0	0	0	0	0	0	0	0	204	0	0	0	0	0
0	0	0	0	243	0	246	240	0	0	0	0	0	48	0	0	0	48	182	0	0	227	0	166	200	0	0	0	0	216	0	206	227	0	0	179	0	0	0	0	183	0	0	100	247	0	0	0	0	200
175	145	0	239	274	0	275	273	0	212	146	214	0	245	231	159	0	245	254	245	0	267	0	250	258	0	0	108	0	263	233	260	267	245	0	252	245	156	0	156	254	0	145	246	276	240	104	0	0	258
0	0	0	0	231	0	235	229	0	0	0	0	0	0	0	0	0	0	78	0	0	211	0	0	159	0	0	0	0	192	0	175	210	0	0	0	0	0	0	0	85	0	0	0	237	0	0	0	0	161
0	0	0	0	243	0	246	240	0	0	0	0	0	60	0	0	0	60	183	0	0	227	0	167	200	0	0	0	0	216	0	206	227	30	0	179	0	0	0	0	183	0	0	104	247	0	0	0	0	200
132	0	0	231	271	0	273	270	0	199	0	202	0	239	225	60	0	239	249	239	0	264	0	246	254	0	0	0	0	259	225	256	263	239	0	249	239	0	0	0	249	0	0	241	273	234	0	0	0	254
202	188	0	247	278	0	279	276	0	225	189	227	0	252	241	194	146	252	260	252	153	271	153	257	263	0	0	178	128	267	242	265	271	252	169	259	252	192	0	192	260	0	188	252	280	248	177	0	0	263
132	0	0	231	271	0	273	270	0	199	0	202	0	239	225	60	0	239	249	239	0	264	0	246	254	0	0	0	0	259	225	256	263	239	0	249	239	0	0	0	249	0	0	241	273	234	0	0	0	254
0	0	0	0	231	0	234	227	0	0	0	0	0	0	0	0	0	0	0	0	0	209	0	0	152	0	0	0	0	189	0	170	208	0	0	0	0	0	0	0	0	0	0	0	236	0	0	0	0	154
215	206	151	252	280	151	281	279	60	234	206	235	0	257	247	210	183	257	264	256	186	275	186	261	267	0	0	199	176	271	248	268	274	256	194	263	256	209	159	209	264	0	206	258	282	252	199	151	0	267
146	0	0	234	272	0	273	270	0	202	30	204	0	241	225	108	0	241	250	240	0	265	0	248	254	0	0	0	0	260	227	257	264	240	0	250	240	95	0	95	250	0	0	242	274	235	0	0	0	254
0	0	0	0	242	0	244	239	0	0	0	0	0	0	0	0	0	0	176	0	0	225	0	157	195	0	0	0	0	213	0	202	225	0	0	172	0	0	0	0	176	0	0	0	246	0	0	0	0	196
0	0	0	0	0	0	0	0	0	0	0	0	0	0	0	0	0	0	0	0	0	0	0	0	0	0	0	0	0	0	0	0	0	0	0	0	0	0	0	0	0	0	0	0	0	0	0	0	0	0
0	0	0	0	248	0	250	245	0	0	0	0	0	151	0	0	0	151	198	146	0	234	0	188	211	0	0	0	0	224	0	216	233	148	0	195	146	0	0	0	198	0	0	159	250	0	0	0	0	211
166	126	0	237	273	0	275	272	0	209	128	211	0	244	229	146	0	244	252	243	0	266	0	250	257	0	0	30	0	262	231	259	266	243	0	252	243	141	0	141	252	0	126	245	275	238	0	0	0	257
204	192	0	248	278	0	279	277	0	227	192	229	0	252	242	197	156	252	260	252	161	272	161	258	264	0	0	183	141	268	243	265	272	252	175	260	252	196	90	196	260	0	192	254	280	249	182	0	0	264
250	247	233	271	291	233	292	290	227	260	247	261	181	274	268	249	239	274	279	274	240	287	240	277	281	211	0	245	238	284	268	282	287	274	243	278	274	248	234	248	279	225	247	275	293	272	244	233	0	281
0	0	0	0	223	0	227	218	0	0	0	0	0	0	0	0	0	0	0	0	0	195	0	0	0	0	0	0	0	163	0	120	193	0	0	0	0	0	0	0	0	0	0	0	229	0	0	0	0	0

0	146	204	0	0	204	0	0	214	0	145	0	241	0	0	126	188	0	0	0	185	0	185	0	0	229	252	165	193	0	0	0	0	0	175	0	0	132	202	132	0	215	146	0	0	0	166	204	250	0
0	0	192	0	0	192	0	0	204	0	0	0	236	0	0	0	168	0	0	0	163	0	163	0	0	223	250	123	176	0	0	0	0	0	145	0	0	0	188	0	0	206	0	0	0	0	126	192	247	0
0	0	0	0	0	0	0	0	146	0	0	0	217	0	0	0	0	0	0	0	0	0	0	0	0	193	236	0	0	0	0	0	0	0	0	0	0	0	0	0	0	151	0	0	0	0	0	0	233	0
227	234	248	0	0	248	0	0	252	206	234	202	265	0	156	231	242	0	0	0	242	0	242	0	0	259	273	237	244	0	149	0	0	0	239	0	0	231	247	231	0	252	234	0	0	0	237	248	271	0
270	272	278	249	0	278	0	128	280	262	272	262	288	243	252	271	276	243	231	243	275	191	275	235	224	284	292	273	276	211	252	219	193	243	274	231	243	271	278	271	231	280	272	242	0	248	273	278	291	223
0	0	0	0	0	0	0	0	146	0	0	0	217	0	0	0	0	0	0	0	0	0	0	0	0	193	236	0	0	0	0	0	0	0	0	0	0	0	0	0	0	151	0	0	0	0	0	0	233	0
271	273	279	250	120	279	0	153	281	264	273	263	289	245	254	272	277	245	234	246	276	199	276	238	227	285	293	274	278	216	254	223	200	246	275	235	246	273	279	273	234	281	273	244	0	250	275	279	292	227
268	270	277	246	0	277	0	0	279	260	270	260	287	240	250	269	274	240	227	240	274	181	274	231	219	283	291	272	275	204	250	214	183	240	273	229	240	270	276	270	227	279	270	239	0	245	272	277	290	218
0	0	0	0	0	0	0	0	0	0	0	0	208	0	0	0	0	0	0	0	0	0	0	0	0	176	231	0	0	0	0	0	0	0	0	0	0	0	0	0	0	60	0	0	0	0	0	0	227	0
189	202	227	0	0	227	0	0	233	0	202	0	252	0	0	198	218	0	0	0	217	0	217	0	0	244	262	209	221	0	0	0	0	0	212	0	0	199	225	199	0	234	202	0	0	0	209	227	260	0
0	30	192	0	0	192	0	0	204	0	0	0	237	0	0	0	169	0	0	0	164	0	164	0	0	223	250	126	177	0	0	0	0	0	146	0	0	0	189	0	0	206	30	0	0	0	128	192	247	0
192	204	229	0	0	229	0	0	235	85	204	0	252	0	0	200	220	0	0	0	219	0	219	0	0	245	263	211	223	0	0	0	0	0	214	0	0	202	227	202	0	235	204	0	0	0	211	229	261	0
0	0	0	0	0	0	0	0	0	0	0	0	0	0	0	0	0	0	0	0	0	0	0	0	0	0	192	0	0	0	0	0	0	0	0	0	0	0	0	0	0	0	0	0	0	0	0	0	181	0
236	241	252	158	0	252	0	0	256	218	241	216	269	0	186	239	248	0	0	60	247	0	247	0	0	263	275	243	250	0	183	0	0	48	245	0	60	239	252	239	0	257	241	0	0	151	244	252	274	0
219	225	242	0	0	242	0	0	247	190	225	186	262	0	0	224	236	0	0	0	235	0	235	0	0	254	270	229	238	0	0	0	0	0	231	0	0	225	241	225	0	247	225	0	0	0	229	242	268	0
0	108	197	0	0	197	0	0	209	0	104	0	238	0	0	0	177	0	0	0	173	0	173	0	0	225	250	145	184	0	0	0	0	0	159	0	0	60	194	60	0	210	108	0	0	0	146	197	249	0
0	0	156	0	0	156	0	0	181	0	0	0	225	0	0	0	0	0	0	0	0	0	0	0	0	208	242	0	104	0	0	0	0	0	0	0	0	0	146	0	0	183	0	0	0	0	0	156	239	0
236	241	252	158	0	252	0	0	256	218	241	216	269	0	186	239	248	0	0	60	247	0	247	0	0	263	275	243	250	0	183	0	0	48	245	0	60	239	252	239	0	257	241	0	0	151	244	252	274	0
246	250	260	200	0	260	0	0	263	233	250	231	274	181	213	249	256	181	0	183	256	0	256	132	0	269	280	252	258	0	212	0	0	182	254	78	183	249	260	249	0	264	250	176	0	198	252	260	279	0
235	240	252	154	0	252	0	0	256	217	240	215	268	0	185	238	248	0	0	0	247	0	247	0	0	262	275	243	249	0	181	0	0	0	245	0	0	239	252	239	0	256	240	0	0	146	243	252	274	0
0	0	161	0	0	161	0	0	184	0	0	0	227	0	0	0	78	0	0	0	0	0	0	0	0	210	243	0	120	0	0	0	0	0	0	0	0	0	153	0	0	186	0	0	0	0	0	161	240	0
262	265	272	235	0	272	0	0	274	252	265	252	283	227	241	264	269	227	210	227	269	0	269	216	196	279	288	266	270	168	241	188	70	227	267	211	227	264	271	264	209	275	265	225	0	234	266	272	287	195
0	0	161	0	0	161	0	0	184	0	0	0	227	0	0	0	78	0	0	0	0	0	0	0	0	210	243	0	120	0	0	0	0	0	0	0	0	0	153	0	0	186	0	0	0	0	0	161	240	0
243	248	258	191	0	258	0	0	261	229	247	227	272	164	206	246	254	164	0	167	252	0	252	0	0	267	279	250	254	0	204	0	0	166	250	0	167	246	257	246	0	261	248	157	0	188	250	258	277	0
250	254	264	213	0	264	0	0	266	239	254	238	276	199	223	252	260	199	153	200	260	0	260	173	0	272	282	257	261	0	221	0	0	200	258	159	200	254	263	254	152	267	254	195	0	211	257	264	281	0
0	0	0	0	0	0	0	0	0	0	0	0	181	0	0	0	0	0	0	0	0	0	0	0	0	0	216	0	0	0	0	0	0	0	0	0	0	0	0	0	0	0	0	0	0	0	0	0	211	0
0	0	0	0	0	0	0	0	0	0	0	0	0	0	0	0	0	0	0	0	0	0	0	0	0	0	0	0	0	0	0	0	0	0	0	0	0	0	0	0	0	0	0	0	0	0	0	0	0	0
0	0	183	0	0	183	0	0	198	0	0	0	233	0	0	0	151	0	0	0	143	0	143	0	0	218	247	0	162	0	0	0	0	0	108	0	0	0	178	0	0	199	0	0	0	0	30	183	245	0
0	0	141	0	0	141	0	0	173	0	0	0	224	0	0	0	0	0	0	0	0	0	0	0	0	204	241	0	0	0	0	0	0	0	0	0	0	0	128	0	0	176	0	0	0	0	0	141	238	0
257	260	268	225	0	268	0	0	270	246	260	245	280	215	233	259	265	215	189	216	264	0	264	199	165	275	285	261	266	0	231	145	0	216	263	192	216	259	267	259	189	271	260	213	0	224	262	268	284	163
221	227	243	0	0	243	0	0	248	192	227	189	262	0	78	225	237	0	0	0	236	0	236	0	0	254	270	231	239	0	0	0	0	0	233	0	0	225	242	225	0	248	227	0	0	0	231	243	268	0
252	257	265	218	0	265	0	0	268	242	257	241	278	206	227	254	262	206	171	206	261	0	261	185	126	273	283	259	263	0	225	0	0	206	260	175	206	256	265	256	170	268	257	202	0	216	259	265	282	120
261	264	272	234	0	272	0	0	274	252	264	252	283	225	241	263	269	225	208	227	268	0	268	215	194	278	288	266	270	164	240	185	0	227	267	210	227	263	271	263	208	274	264	225	0	233	266	272	287	193
235	240	252	156	0	252	0	0	256	217	240	216	268	0	185	239	248	0	0	30	247	0	247	0	0	262	275	243	249	0	182	0	0	0	245	0	30	239	252	239	0	256	240	0	0	148	243	252	274	0
0	0	175	0	0	175	0	0	192	0	0	0	231	0	0	0	132	0	0	0	120	0	120	0	0	215	246	0	149	0	0	0	0	0	0	0	0	0	169	0	0	194	0	0	0	0	0	175	243	0
246	250	260	198	0	260	0	0	263	231	250	231	274	177	212	248	256	177	0	179	254	0	254	120	0	268	280	252	257	0	210	0	0	179	252	0	179	249	259	249	0	263	250	172	0	195	252	260	278	0
235	240	252	154	0	252	0	0	256	217	240	215	268	0	185	238	248	0	0	0	247	0	247	0	0	262	275	243	249	0	181	0	0	0	245	0	0	239	252	239	0	256	240	0	0	146	243	252	274	0
0	95	196	0	0	196	0	0	208	0	90	0	238	0	0	0	175	0	0	0	171	0	171	0	0	225	250	140	182	0	0	0	0	0	156	0	0	0	192	0	0	209	95	0	0	0	141	196	248	0
0	0	90	0	0	90	0	0	156	0	0	0	219	0	0	0	0	0	0	0	0	0	0	0	0	197	238	0	0	0	0	0	0	0	0	0	0	0	0	0	0	159	0	0	0	0	0	90	234	0
0	95	196	0	0	196	0	0	208	0	90	0	238	0	0	0	175	0	0	0	171	0	171	0	0	225	250	140	182	0	0	0	0	0	156	0	0	0	192	0	0	209	95	0	0	0	141	196	248	0
247	250	260	200	0	260	0	0	263	233	250	231	274	181	214	249	256	181	30	183	256	0	256	134	0	269	280	252	258	0	212	0	0	183	254	85	183	249	260	249	0	264	250	176	0	198	252	260	279	0
0	0	0	0	0	0	0	0	0	0	0	0	206	0	0	0	0	0	0	0	0	0	0	0	0	174	229	0	0	0	0	0	0	0	0	0	0	0	0	0	0	0	0	0	0	0	0	0	225	0
0	0	192	0	0	192	0	0	204	0	0	0	236	0	0	0	168	0	0	0	163	0	163	0	0	223	250	123	176	0	0	0	0	0	145	0	0	0	188	0	0	206	0	0	0	0	126	192	247	0
237	242	254	165	0	254	0	0	257	220	242	218	269	90	190	240	249	90	0	104	248	0	248	0	0	263	276	245	250	0	188	0	0	100	246	0	104	241	252	241	0	258	242	0	0	159	245	254	275	0
272	274	280	252	141	280	104	164	282	265	274	264	289	247	256	273	278	247	236	247	277	202	277	240	229	285	294	275	278	219	256	225	204	247	276	237	247	273	280	273	236	282	274	246	0	250	275	280	293	229
229	235	249	85	0	249	0	0	252	208	235	206	266	0	162	233	243	0	0	0	243	0	243	0	0	259	273	238	245	0	157	0	0	0	240	0	0	234	248	234	0	252	235	0	0	0	238	249	272	0
0	0	182	0	0	182	0	0	197	0	0	0	233	0	0	0	149	0	0	0	141	0	141	0	0	218	247	0	161	0	0	0	0	0	104	0	0	0	177	0	0	199	0	0	0	0	0	182	244	0
0	0	0	0	0	0	0	0	146	0	0	0	217	0	0	0	0	0	0	0	0	0	0	0	0	193	236	0	0	0	0	0	0	0	0	0	0	0	0	0	0	151	0	0	0	0	0	0	233	0
0	0	0	0	0	0	0	0	0	0	0	0	0	0	0	0	0	0	0	0	0	0	0	0	0	0	128	0	0	0	0	0	0	0	0	0	0	0	0	0	0	0	0	0	0	0	0	0	0	0
250	254	264	213	0	264	0	0	267	240	254	239	277	200	223	254	260	200	156	200	260	0	260	175	48	272	282	257	261	0	222	0	0	200	258	161	200	254	263	254	154	267	254	196	0	211	257	264	281	0

0	65	0	0	0	0	0	15	0	0	0	0	0	64	0	0	18	0	0	64	0	0	93	0	0	0	18	0	0	0	0	65	36	0	0	0	0	0	0	0	40	40	0	96	0	0	0	0	0	106
0	0	0	0	0	0	0	0	0	0	0	0	0	0	0	0	0	0	0	0	0	0	70	0	0	0	0	0	0	0	0	0	0	0	0	0	0	0	0	0	0	0	0	76	0	0	0	0	0	90
41	79	0	0	15	0	0	48	4	0	0	4	0	77	4	0	49	11	20	77	15	28	100	0	23	4	49	4	4	0	23	79	59	4	11	4	0	0	0	15	61	61	0	103	32	4	0	0	11	112
43	79	4	0	18	0	0	49	8	0	0	8	0	78	8	0	51	15	23	78	18	30	101	0	26	8	51	8	8	0	26	79	60	8	15	8	0	0	0	18	62	62	0	104	34	8	0	0	15	112
34	76	0	0	0	0	0	41	0	0	0	0	0	74	0	0	43	0	8	74	0	18	99	0	11	0	43	0	0	0	11	76	54	0	0	0	0	0	0	0	56	56	0	102	23	0	0	0	0	110
52	83	23	20	32	0	0	56	26	0	4	26	15	82	26	0	57	30	36	82	32	41	103	11	38	26	57	26	26	20	38	83	66	26	30	26	20	14	20	32	68	68	0	106	45	26	20	0	30	113
56	86	32	30	40	15	0	61	34	8	18	34	26	85	34	8	62	38	43	85	40	48	105	23	45	34	62	34	34	30	45	86	70	34	38	34	30	25	30	40	72	72	11	108	51	34	30	15	38	114
0	61	0	0	0	0	0	0	0	0	0	0	0	60	0	0	4	0	0	60	0	0	91	0	0	0	4	0	0	0	0	61	28	0	0	0	0	0	0	0	32	32	0	94	0	0	0	0	0	105
40	78	0	0	11	0	0	46	0	0	0	0	0	77	0	0	48	8	18	77	11	26	100	0	20	0	48	0	0	0	20	78	57	0	8	0	0	0	0	11	60	60	0	103	30	0	0	0	8	111
54	85	28	26	36	8	0	59	30	0	11	30	20	84	30	0	60	34	40	84	36	45	104	18	41	30	60	30	30	26	41	85	68	30	34	30	26	20	26	36	70	70	4	107	48	30	26	8	34	114
51	83	20	18	30	0	0	56	23	0	0	23	11	82	23	0	56	28	34	82	30	40	103	8	36	23	56	23	23	18	36	83	65	23	28	23	18	11	18	30	67	67	0	106	43	23	18	0	28	113
40	78	0	0	11	0	0	46	0	0	0	0	0	77	0	0	48	8	18	77	11	26	100	0	20	0	48	0	0	0	20	78	57	0	8	0	0	0	0	11	60	60	0	103	30	0	0	0	8	111
46	81	11	8	23	0	0	52	15	0	0	15	0	80	15	0	53	20	28	80	23	34	102	0	30	15	53	15	15	8	30	81	62	15	20	15	8	0	8	23	64	64	0	105	38	15	8	0	20	112
0	6	0	0	0	0	0	0	0	0	0	0	0	0	0	0	0	0	0	0	0	0	71	0	0	0	0	0	0	0	0	6	0	0	0	0	0	0	0	0	0	0	0	77	0	0	0	0	0	91
40	78	0	0	11	0	0	46	0	0	0	0	0	77	0	0	48	8	18	77	11	26	100	0	20	0	48	0	0	0	20	78	57	0	8	0	0	0	0	11	60	60	0	103	30	0	0	0	8	111
54	85	28	26	36	8	0	59	30	0	11	30	20	84	30	0	60	34	40	84	36	45	104	18	41	30	60	30	30	26	41	85	68	30	34	30	26	20	26	36	70	70	4	107	48	30	26	8	34	114
0	60	0	0	0	0	0	0	0	0	0	0	0	59	0	0	0	0	0	59	0	0	90	0	0	0	0	0	0	0	0	60	26	0	0	0	0	0	0	0	30	30	0	94	0	0	0	0	0	104
36	76	0	0	4	0	0	43	0	0	0	0	0	75	0	0	45	0	11	75	4	20	99	0	15	0	45	0	0	0	15	76	56	0	0	0	0	0	0	4	57	57	0	102	26	0	0	0	0	111
30	74	0	0	0	0	0	38	0	0	0	0	0	73	0	0	40	0	0	73	0	11	98	0	4	0	40	0	0	0	4	74	52	0	0	0	0	0	0	0	54	54	0	101	18	0	0	0	0	110
0	6	0	0	0	0	0	0	0	0	0	0	0	0	0	0	0	0	0	0	0	0	71	0	0	0	0	0	0	0	0	6	0	0	0	0	0	0	0	0	0	0	0	77	0	0	0	0	0	91
34	76	0	0	0	0	0	41	0	0	0	0	0	74	0	0	43	0	8	74	0	18	99	0	11	0	43	0	0	0	11	76	54	0	0	0	0	0	0	0	56	56	0	102	23	0	0	0	0	110
23	72	0	0	0	0	0	32	0	0	0	0	0	70	0	0	34	0	0	70	0	0	96	0	0	0	34	0	0	0	0	72	48	0	0	0	0	0	0	0	51	51	0	100	8	0	0	0	0	109
0	0	0	0	0	0	0	0	0	0	0	0	0	0	0	0	0	0	0	0	0	0	0	0	0	0	0	0	0	0	0	0	0	0	0	0	0	0	0	0	0	0	0	23	0	0	0	0	0	60
48	81	15	11	26	0	0	53	18	0	0	18	4	80	18	0	54	23	30	80	26	36	102	0	32	18	54	18	18	11	32	81	63	18	23	18	11	3	11	26	65	65	0	105	40	18	11	0	23	112
28	73	0	0	0	0	0	36	0	0	0	0	0	72	0	0	38	0	0	72	0	8	97	0	0	0	38	0	0	0	0	73	51	0	0	0	0	0	0	0	53	53	0	100	15	0	0	0	0	109
40	78	0	0	11	0	0	46	0	0	0	0	0	77	0	0	48	8	18	77	11	26	100	0	20	0	48	0	0	0	20	78	57	0	8	0	0	0	0	11	60	60	0	103	30	0	0	0	8	111
0	60	0	0	0	0	0	0	0	0	0	0	0	59	0	0	0	0	0	59	0	0	90	0	0	0	0	0	0	0	0	60	26	0	0	0	0	0	0	0	30	30	0	94	0	0	0	0	0	104
40	78	0	0	11	0	0	46	0	0	0	0	0	77	0	0	48	8	18	77	11	26	100	0	20	0	48	0	0	0	20	78	57	0	8	0	0	0	0	11	60	60	0	103	30	0	0	0	8	111
40	78	0	0	11	0	0	46	0	0	0	0	0	77	0	0	48	8	18	77	11	26	100	0	20	0	48	0	0	0	20	78	57	0	8	0	0	0	0	11	60	60	0	103	30	0	0	0	8	111
43	79	4	0	18	0	0	49	8	0	0	8	0	78	8	0	51	15	23	78	18	30	101	0	26	8	51	8	8	0	26	79	60	8	15	8	0	0	0	18	62	62	0	104	34	8	0	0	15	112
28	73	0	0	0	0	0	36	0	0	0	0	0	72	0	0	38	0	0	72	0	8	97	0	0	0	38	0	0	0	0	73	51	0	0	0	0	0	0	0	53	53	0	100	15	0	0	0	0	109
0	0	0	0	0	0	0	0	0	0	0	0	0	0	0	0	0	0	0	0	0	0	70	0	0	0	0	0	0	0	0	0	0	0	0	0	0	0	0	0	0	0	0	76	0	0	0	0	0	90
0	51	0	0	0	0	0	0	0	0	0	0	0	48	0	0	0	0	0	48	0	0	86	0	0	0	0	0	0	0	0	51	0	0	0	0	0	0	0	0	8	8	0	90	0	0	0	0	0	101
40	78	0	0	11	0	0	46	0	0	0	0	0	77	0	0	48	8	18	77	11	26	100	0	20	0	48	0	0	0	20	78	57	0	8	0	0	0	0	11	60	60	0	103	30	0	0	0	8	111
36	76	0	0	4	0	0	43	0	0	0	0	0	75	0	0	45	0	11	75	4	20	99	0	15	0	45	0	0	0	15	76	56	0	0	0	0	0	0	4	57	57	0	102	26	0	0	0	0	111
40	78	0	0	11	0	0	46	0	0	0	0	0	77	0	0	48	8	18	77	11	26	100	0	20	0	48	0	0	0	20	78	57	0	8	0	0	0	0	11	60	60	0	103	30	0	0	0	8	111
43	79	4	0	18	0	0	49	8	0	0	8	0	78	8	0	51	15	23	78	18	30	101	0	26	8	51	8	8	0	26	79	60	8	15	8	0	0	0	18	62	62	0	104	34	8	0	0	15	112
47	81	12	9	24	0	0	52	15	0	0	15	1	80	15	0	53	21	28	80	24	35	102	0	31	15	53	15	15	9	31	81	63	15	21	15	9	0	9	24	65	65	0	105	38	15	9	0	21	112
43	79	4	0	18	0	0	49	8	0	0	8	0	78	8	0	51	15	23	78	18	30	101	0	26	8	51	8	8	0	26	79	60	8	15	8	0	0	0	18	62	62	0	104	34	8	0	0	15	112
34	76	0	0	0	0	0	41	0	0	0	0	0	74	0	0	43	0	8	74	0	18	99	0	11	0	43	0	0	0	11	76	54	0	0	0	0	0	0	0	56	56	0	102	23	0	0	0	0	110
0	48	0	0	0	0	0	0	0	0	0	0	0	45	0	0	0	0	0	45	0	0	85	0	0	0	0	0	0	0	0	48	0	0	0	0	0	0	0	0	0	0	0	89	0	0	0	0	0	100
0	48	0	0	0	0	0	0	0	0	0	0	0	45	0	0	0	0	0	45	0	0	85	0	0	0	0	0	0	0	0	48	0	0	0	0	0	0	0	0	0	0	0	89	0	0	0	0	0	100
53	84	26	23	34	4	0	57	28	0	8	28	18	83	28	0	59	32	38	83	34	43	104	15	40	28	59	28	28	23	40	84	67	28	32	28	23	17	23	34	69	69	0	106	46	28	23	4	32	113
0	0	0	0	0	0	0	0	0	0	0	0	0	0	0	0	0	0	0	0	0	0	0	0	0	0	0	0	0	0	0	0	0	0	0	0	0	0	0	0	0	0	0	0	0	0	0	0	0	52
18	70	0	0	0	0	0	28	0	0	0	0	0	69	0	0	30	0	0	69	0	0	95	0	0	0	30	0	0	0	0	70	45	0	0	0	0	0	0	0	48	48	0	99	0	0	0	0	0	108
40	78	0	0	11	0	0	46	0	0	0	0	0	77	0	0	48	8	18	77	11	26	100	0	20	0	48	0	0	0	20	78	57	0	8	0	0	0	0	11	60	60	0	103	30	0	0	0	8	111
43	79	4	0	18	0	0	49	8	0	0	8	0	78	8	0	51	15	23	78	18	30	101	0	26	8	51	8	8	0	26	79	60	8	15	8	0	0	0	18	62	62	0	104	34	8	0	0	15	112
52	83	23	20	32	0	0	56	26	0	4	26	15	82	26	0	57	30	36	82	32	41	103	11	38	26	57	26	26	20	38	83	66	26	30	26	20	14	20	32	68	68	0	106	45	26	20	0	30	113
36	76	0	0	4	0	0	43	0	0	0	0	0	75	0	0	45	0	11	75	4	20	99	0	15	0	45	0	0	0	15	76	56	0	0	0	0	0	0	4	57	57	0	102	26	0	0	0	0	111
0	0	0	0	0	0	0	0	0	0	0	0	0	0	0	0	0	0	0	0	0	0	0	0	0	0	0	0	0	0	0	0	0	0	0	0	0	0	0	0	0	0	0	0	0	0	0	0	0	0

0	0	41	43	34	52	56	0	40	54	51	40	46	0	40	54	0	36	30	0	34	23	0	48	28	40	0	40	40	43	28	0	0	40	36	40	43	47	43	34	0	0	53	0	18	40	43	52	36	0
65	0	79	79	76	83	86	61	78	85	83	78	81	6	78	85	60	76	74	6	76	72	0	81	73	78	60	78	78	79	73	0	51	78	76	78	79	81	79	76	48	48	84	0	70	78	79	83	76	0
0	0	0	4	0	23	32	0	0	28	20	0	11	0	0	28	0	0	0	0	0	0	0	15	0	0	0	0	0	4	0	0	0	0	0	0	4	12	4	0	0	0	26	0	0	0	4	23	0	0
0	0	0	0	0	20	30	0	0	26	18	0	8	0	0	26	0	0	0	0	0	0	0	11	0	0	0	0	0	0	0	0	0	0	0	0	0	9	0	0	0	0	23	0	0	0	0	20	0	0
0	0	15	18	0	32	40	0	11	36	30	11	23	0	11	36	0	4	0	0	0	0	0	26	0	11	0	11	11	18	0	0	0	11	4	11	18	24	18	0	0	0	34	0	0	11	18	32	4	0
0	0	0	0	0	0	15	0	0	8	0	0	0	0	0	8	0	0	0	0	0	0	0	0	0	0	0	0	0	0	0	0	0	0	0	0	0	0	0	0	0	0	4	0	0	0	0	0	0	0
0	0	0	0	0	0	0	0	0	0	0	0	0	0	0	0	0	0	0	0	0	0	0	0	0	0	0	0	0	0	0	0	0	0	0	0	0	0	0	0	0	0	0	0	0	0	0	0	0	0
15	0	48	49	41	56	61	0	46	59	56	46	52	0	46	59	0	43	38	0	41	32	0	53	36	46	0	46	46	49	36	0	0	46	43	46	49	52	49	41	0	0	57	0	28	46	49	56	43	0
0	0	4	8	0	26	34	0	0	30	23	0	15	0	0	30	0	0	0	0	0	0	0	18	0	0	0	0	0	8	0	0	0	0	0	0	8	15	8	0	0	0	28	0	0	0	8	26	0	0
0	0	0	0	0	0	8	0	0	0	0	0	0	0	0	0	0	0	0	0	0	0	0	0	0	0	0	0	0	0	0	0	0	0	0	0	0	0	0	0	0	0	0	0	0	0	0	0	0	0
0	0	0	0	0	4	18	0	0	11	0	0	0	0	0	11	0	0	0	0	0	0	0	0	0	0	0	0	0	0	0	0	0	0	0	0	0	0	0	0	0	0	8	0	0	0	0	4	0	0
0	0	4	8	0	26	34	0	0	30	23	0	15	0	0	30	0	0	0	0	0	0	0	18	0	0	0	0	0	8	0	0	0	0	0	0	8	15	8	0	0	0	28	0	0	0	8	26	0	0
0	0	0	0	0	15	26	0	0	20	11	0	0	0	0	20	0	0	0	0	0	0	0	4	0	0	0	0	0	0	0	0	0	0	0	0	0	1	0	0	0	0	18	0	0	0	0	15	0	0
64	0	77	78	74	82	85	60	77	84	82	77	80	0	77	84	59	75	73	0	74	70	0	80	72	77	59	77	77	78	72	0	48	77	75	77	78	80	78	74	45	45	83	0	69	77	78	82	75	0
0	0	4	8	0	26	34	0	0	30	23	0	15	0	0	30	0	0	0	0	0	0	0	18	0	0	0	0	0	8	0	0	0	0	0	0	8	15	8	0	0	0	28	0	0	0	8	26	0	0
0	0	0	0	0	0	8	0	0	0	0	0	0	0	0	0	0	0	0	0	0	0	0	0	0	0	0	0	0	0	0	0	0	0	0	0	0	0	0	0	0	0	0	0	0	0	0	0	0	0
18	0	49	51	43	57	62	4	48	60	56	48	53	0	48	60	0	45	40	0	43	34	0	54	38	48	0	48	48	51	38	0	0	48	45	48	51	53	51	43	0	0	59	0	30	48	51	57	45	0
0	0	11	15	0	30	38	0	8	34	28	8	20	0	8	34	0	0	0	0	0	0	0	23	0	8	0	8	8	15	0	0	0	8	0	8	15	21	15	0	0	0	32	0	0	8	15	30	0	0
0	0	20	23	8	36	43	0	18	40	34	18	28	0	18	40	0	11	0	0	8	0	0	30	0	18	0	18	18	23	0	0	0	18	11	18	23	28	23	8	0	0	38	0	0	18	23	36	11	0
64	0	77	78	74	82	85	60	77	84	82	77	80	0	77	84	59	75	73	0	74	70	0	80	72	77	59	77	77	78	72	0	48	77	75	77	78	80	78	74	45	45	83	0	69	77	78	82	75	0
0	0	15	18	0	32	40	0	11	36	30	11	23	0	11	36	0	4	0	0	0	0	0	26	0	11	0	11	11	18	0	0	0	11	4	11	18	24	18	0	0	0	34	0	0	11	18	32	4	0
0	0	28	30	18	41	48	0	26	45	40	26	34	0	26	45	0	20	11	0	18	0	0	36	8	26	0	26	26	30	8	0	0	26	20	26	30	35	30	18	0	0	43	0	0	26	30	41	20	0
93	70	100	101	99	103	105	91	100	104	103	100	102	71	100	104	90	99	98	71	99	96	0	102	97	100	90	100	100	101	97	70	86	100	99	100	101	102	101	99	85	85	104	0	95	100	101	103	99	0
0	0	0	0	0	11	23	0	0	18	8	0	0	0	0	18	0	0	0	0	0	0	0	0	0	0	0	0	0	0	0	0	0	0	0	0	0	0	0	0	0	0	15	0	0	0	0	11	0	0
0	0	23	26	11	38	45	0	20	41	36	20	30	0	20	41	0	15	4	0	11	0	0	32	0	20	0	20	20	26	0	0	0	20	15	20	26	31	26	11	0	0	40	0	0	20	26	38	15	0
0	0	4	8	0	26	34	0	0	30	23	0	15	0	0	30	0	0	0	0	0	0	0	18	0	0	0	0	0	8	0	0	0	0	0	0	8	15	8	0	0	0	28	0	0	0	8	26	0	0
18	0	49	51	43	57	62	4	48	60	56	48	53	0	48	60	0	45	40	0	43	34	0	54	38	48	0	48	48	51	38	0	0	48	45	48	51	53	51	43	0	0	59	0	30	48	51	57	45	0
0	0	4	8	0	26	34	0	0	30	23	0	15	0	0	30	0	0	0	0	0	0	0	18	0	0	0	0	0	8	0	0	0	0	0	0	8	15	8	0	0	0	28	0	0	0	8	26	0	0
0	0	4	8	0	26	34	0	0	30	23	0	15	0	0	30	0	0	0	0	0	0	0	18	0	0	0	0	0	8	0	0	0	0	0	0	8	15	8	0	0	0	28	0	0	0	8	26	0	0
0	0	0	0	0	20	30	0	0	26	18	0	8	0	0	26	0	0	0	0	0	0	0	11	0	0	0	0	0	0	0	0	0	0	0	0	0	9	0	0	0	0	23	0	0	0	0	20	0	0
0	0	23	26	11	38	45	0	20	41	36	20	30	0	20	41	0	15	4	0	11	0	0	32	0	20	0	20	20	26	0	0	0	20	15	20	26	31	26	11	0	0	40	0	0	20	26	38	15	0
65	0	79	79	76	83	86	61	78	85	83	78	81	6	78	85	60	76	74	6	76	72	0	81	73	78	60	78	78	79	73	0	51	78	76	78	79	81	79	76	48	48	84	0	70	78	79	83	76	0
36	0	59	60	54	66	70	28	57	68	65	57	62	0	57	68	26	56	52	0	54	48	0	63	51	57	26	57	57	60	51	0	0	57	56	57	60	63	60	54	0	0	67	0	45	57	60	66	56	0
0	0	4	8	0	26	34	0	0	30	23	0	15	0	0	30	0	0	0	0	0	0	0	18	0	0	0	0	0	8	0	0	0	0	0	0	8	15	8	0	0	0	28	0	0	0	8	26	0	0
0	0	11	15	0	30	38	0	8	34	28	8	20	0	8	34	0	0	0	0	0	0	0	23	0	8	0	8	8	15	0	0	0	8	0	8	15	21	15	0	0	0	32	0	0	8	15	30	0	0
0	0	4	8	0	26	34	0	0	30	23	0	15	0	0	30	0	0	0	0	0	0	0	18	0	0	0	0	0	8	0	0	0	0	0	0	8	15	8	0	0	0	28	0	0	0	8	26	0	0
0	0	0	0	0	20	30	0	0	26	18	0	8	0	0	26	0	0	0	0	0	0	0	11	0	0	0	0	0	0	0	0	0	0	0	0	0	9	0	0	0	0	23	0	0	0	0	20	0	0
0	0	0	0	0	14	25	0	0	20	11	0	0	0	0	20	0	0	0	0	0	0	0	3	0	0	0	0	0	0	0	0	0	0	0	0	0	0	0	0	0	0	17	0	0	0	0	14	0	0
0	0	0	0	0	20	30	0	0	26	18	0	8	0	0	26	0	0	0	0	0	0	0	11	0	0	0	0	0	0	0	0	0	0	0	0	0	9	0	0	0	0	23	0	0	0	0	20	0	0
0	0	15	18	0	32	40	0	11	36	30	11	23	0	11	36	0	4	0	0	0	0	0	26	0	11	0	11	11	18	0	0	0	11	4	11	18	24	18	0	0	0	34	0	0	11	18	32	4	0
40	0	61	62	56	68	72	32	60	70	67	60	64	0	60	70	30	57	54	0	56	51	0	65	53	60	30	60	60	62	53	0	8	60	57	60	62	65	62	56	0	0	69	0	48	60	62	68	57	0
40	0	61	62	56	68	72	32	60	70	67	60	64	0	60	70	30	57	54	0	56	51	0	65	53	60	30	60	60	62	53	0	8	60	57	60	62	65	62	56	0	0	69	0	48	60	62	68	57	0
0	0	0	0	0	0	11	0	0	4	0	0	0	0	0	4	0	0	0	0	0	0	0	0	0	0	0	0	0	0	0	0	0	0	0	0	0	0	0	0	0	0	0	0	0	0	0	0	0	0
96	76	103	104	102	106	108	94	103	107	106	103	105	77	103	107	94	102	101	77	102	100	23	105	100	103	94	103	103	104	100	76	90	103	102	103	104	105	104	102	89	89	106	0	99	103	104	106	102	0
0	0	32	34	23	45	51	0	30	48	43	30	38	0	30	48	0	26	18	0	23	8	0	40	15	30	0	30	30	34	15	0	0	30	26	30	34	38	34	23	0	0	46	0	0	30	34	45	26	0
0	0	4	8	0	26	34	0	0	30	23	0	15	0	0	30	0	0	0	0	0	0	0	18	0	0	0	0	0	8	0	0	0	0	0	0	8	15	8	0	0	0	28	0	0	0	8	26	0	0
0	0	0	0	0	20	30	0	0	26	18	0	8	0	0	26	0	0	0	0	0	0	0	11	0	0	0	0	0	0	0	0	0	0	0	0	0	9	0	0	0	0	23	0	0	0	0	20	0	0
0	0	0	0	0	0	15	0	0	8	0	0	0	0	0	8	0	0	0	0	0	0	0	0	0	0	0	0	0	0	0	0	0	0	0	0	0	0	0	0	0	0	4	0	0	0	0	0	0	0
0	0	11	15	0	30	38	0	8	34	28	8	20	0	8	34	0	0	0	0	0	0	0	23	0	8	0	8	8	15	0	0	0	8	0	8	15	21	15	0	0	0	32	0	0	8	15	30	0	0
106	90	112	112	110	113	114	105	111	114	113	111	112	91	111	114	104	111	110	91	110	109	60	112	109	111	104	111	111	112	109	90	101	111	111	111	112	112	112	110	100	100	113	52	108	111	112	113	111	0