772 800 705 756 837 799 821 731 897 826 633 730 720 816 546 841 849 830 546 738 466 852 664 665 703 832 932 759 791 919 493 782 825 909 752 793 869 835 714 879 852 730 468 828 761 845 889 417 884 805

84

22 22 23 22 21 22 21 22 20 21 24 22 23 21 25 21 21 21 25 22 26 21 23 23 23 21 20 22 22 20 26 22 21 20 22 22 21 21 23 20 21 22 26 21 22 21 20 27 20 21

21.97856597574743 20.001827929868675 25.040191710058334 33.02085663318665

10027

0	146	0	218	0	196	200	216	200	0	231	0	0	0	0	169	0	0	252	0	198	200	0	0	0	0	200	0	0	200	199	0	216	193	229	0	218	0	0	178	0	249	256	0	0	0	149	0	197	169
0	0	0	209	0	181	188	206	188	0	224	0	0	0	0	132	0	0	249	0	183	188	0	0	0	0	185	0	0	188	184	0	206	176	224	0	210	0	0	151	0	245	252	0	0	0	48	0	182	132
266	268	0	278	247	274	275	278	275	261	282	240	184	252	258	270	266	252	290	218	274	275	169	220	216	244	274	216	247	275	274	235	278	273	282	262	278	250	225	271	250	288	291	247	225	248	269	143	274	270
0	0	0	0	0	0	0	0	0	0	172	0	0	0	0	0	0	0	227	0	0	0	0	0	0	0	0	0	0	0	0	0	0	0	169	0	30	0	0	0	0	220	233	0	0	0	0	0	0	0
220	227	0	249	0	240	241	248	241	202	256	0	0	151	191	231	220	159	269	0	240	241	0	0	0	0	241	0	0	241	240	0	248	238	254	206	249	140	0	234	141	267	272	0	0	78	227	0	240	231
0	0	0	179	0	0	108	173	108	0	204	0	0	0	0	0	0	0	239	0	70	108	0	0	0	0	90	0	0	108	78	0	172	0	204	0	179	0	0	0	0	234	244	0	0	0	0	0	48	0
0	0	0	170	0	0	0	163	0	0	200	0	0	0	0	0	0	0	237	0	0	0	0	0	0	0	0	0	0	0	0	0	161	0	199	0	171	0	0	0	0	231	242	0	0	0	0	0	0	0
0	0	0	90	0	0	0	0	0	0	177	0	0	0	0	0	0	0	227	0	0	0	0	0	0	0	0	0	0	0	0	0	0	0	175	0	95	0	0	0	0	222	235	0	0	0	0	0	0	0
0	0	0	170	0	0	0	163	0	0	200	0	0	0	0	0	0	0	237	0	0	0	0	0	0	0	0	0	0	0	0	0	161	0	199	0	171	0	0	0	0	231	242	0	0	0	0	0	0	0
172	191	0	231	0	216	219	229	219	0	241	0	0	0	0	200	172	0	259	0	217	219	0	0	0	0	218	0	0	219	217	0	229	214	240	104	231	0	0	204	0	256	262	0	0	0	192	0	216	200
0	0	0	0	0	0	0	0	0	0	0	0	0	0	0	0	0	0	213	0	0	0	0	0	0	0	0	0	0	0	0	0	0	0	0	0	0	0	0	0	0	204	222	0	0	0	0	0	0	0
231	236	0	254	166	247	248	254	248	218	261	0	0	189	210	240	231	192	273	0	247	248	0	0	0	141	248	0	165	248	248	0	254	246	260	221	254	185	0	242	185	271	276	164	0	171	237	0	247	240
259	262	0	273	236	268	269	273	269	252	277	227	0	242	249	264	259	243	286	192	268	269	0	196	189	231	269	188	236	269	268	220	272	267	277	254	273	240	206	265	241	284	288	236	204	237	262	0	268	264
210	219	0	244	0	234	236	243	236	188	252	0	0	0	171	224	210	90	266	0	235	236	0	0	0	0	235	0	0	236	235	0	243	231	250	193	245	0	0	227	0	264	269	0	0	0	220	0	234	224
189	202	0	236	0	223	225	234	225	140	245	0	0	0	0	210	188	0	261	0	224	225	0	0	0	0	224	0	0	225	224	0	234	221	244	154	236	0	0	213	0	259	265	0	0	0	202	0	223	210
0	0	0	202	0	164	174	199	174	0	219	0	0	0	0	0	0	0	246	0	168	174	0	0	0	0	171	0	0	174	169	0	198	157	218	0	202	0	0	108	0	242	250	0	0	0	0	0	166	0
30	148	0	218	0	197	202	216	202	0	231	0	0	0	0	170	0	0	252	0	199	202	0	0	0	0	200	0	0	202	199	0	216	193	229	0	219	0	0	179	0	249	257	0	0	0	151	0	198	170
208	217	0	243	0	231	235	242	235	183	250	0	0	0	164	223	208	0	266	0	233	235	0	0	0	0	234	0	0	235	233	0	242	231	250	189	243	0	0	225	0	263	269	0	0	0	218	0	233	223
0	0	0	0	0	0	0	0	0	0	0	0	0	0	0	0	0	0	0	0	0	0	0	0	0	0	0	0	0	0	0	0	0	0	0	0	0	0	0	0	0	0	151	0	0	0	0	0	0	0
248	252	0	266	217	260	261	265	261	240	271	200	0	225	236	254	248	227	281	0	260	261	0	100	0	211	261	0	217	261	260	188	265	259	270	242	266	224	151	256	224	279	283	216	146	218	252	0	260	254
0	0	0	176	0	0	90	170	90	0	202	0	0	0	0	0	0	0	238	0	0	90	0	0	0	0	60	0	0	90	30	0	168	0	202	0	176	0	0	0	0	233	243	0	0	0	0	0	0	0
0	0	0	170	0	0	0	163	0	0	200	0	0	0	0	0	0	0	237	0	0	0	0	0	0	0	0	0	0	0	0	0	161	0	199	0	171	0	0	0	0	231	242	0	0	0	0	0	0	0
261	264	0	275	240	270	271	274	271	254	278	231	132	245	252	266	261	246	287	200	270	271	0	204	199	236	270	198	240	271	270	225	274	269	278	256	275	244	213	267	244	286	289	239	212	241	264	0	270	266
247	250	0	265	214	259	260	264	260	239	270	197	0	223	234	254	247	225	280	0	259	260	0	0	0	208	260	0	214	260	259	183	264	258	269	240	265	221	136	254	221	278	282	214	130	216	250	0	259	254
249	252	0	266	218	260	261	266	261	241	271	202	0	225	237	254	249	227	281	78	261	261	0	118	0	212	261	0	218	261	261	191	266	260	271	243	266	225	157	257	225	279	283	218	153	220	252	0	261	254
225	231	0	252	132	243	245	250	245	210	258	0	0	172	200	235	225	177	271	0	244	245	0	0	0	0	244	0	130	245	244	0	250	242	258	213	252	165	0	237	166	269	274	128	0	141	231	0	243	235
0	0	0	173	0	0	70	167	70	0	202	0	0	0	0	0	0	0	238	0	0	70	0	0	0	0	0	0	0	70	0	0	165	0	200	0	174	0	0	0	0	233	243	0	0	0	0	0	0	0
250	252	0	267	219	261	262	266	262	242	271	204	0	227	237	256	249	229	281	95	261	262	0	126	60	213	261	0	219	262	261	192	266	260	271	243	267	225	160	257	225	279	283	219	157	221	254	0	261	256
220	227	0	249	30	240	242	248	242	202	256	0	0	152	192	231	220	160	269	0	240	242	0	0	0	0	241	0	0	242	241	0	248	239	254	206	249	141	0	234	143	267	272	0	0	85	227	0	240	231
0	0	0	170	0	0	0	163	0	0	200	0	0	0	0	0	0	0	237	0	0	0	0	0	0	0	0	0	0	0	0	0	161	0	199	0	171	0	0	0	0	231	242	0	0	0	0	0	0	0
0	0	0	175	0	0	85	169	85	0	202	0	0	0	0	0	0	0	238	0	0	85	0	0	0	0	48	0	0	85	0	0	167	0	202	0	176	0	0	0	0	233	243	0	0	0	0	0	0	0
236	241	0	258	186	250	252	257	252	225	264	145	0	202	219	244	236	204	275	0	250	252	0	0	0	172	252	0	186	252	250	0	257	250	263	227	258	199	0	246	199	273	278	185	0	189	241	0	250	244
0	0	0	100	0	0	0	48	0	0	179	0	0	0	0	0	0	0	229	0	0	0	0	0	0	0	0	0	0	0	0	0	0	0	176	0	104	0	0	0	0	223	235	0	0	0	0	0	0	0
0	0	0	183	0	90	128	179	128	0	208	0	0	0	0	0	0	0	240	0	108	128	0	0	0	0	118	0	0	128	111	0	177	0	206	0	184	0	0	0	0	236	245	0	0	0	0	0	100	0
0	0	0	0	0	0	0	0	0	0	60	0	0	0	0	0	0	0	214	0	0	0	0	0	0	0	0	0	0	0	0	0	0	0	0	0	0	0	0	0	0	204	223	0	0	0	0	0	0	0
163	185	0	229	0	213	216	227	216	0	239	0	0	0	0	196	162	0	258	0	214	216	0	0	0	0	215	0	0	216	214	0	227	210	238	0	229	0	0	200	0	254	261	0	0	0	186	0	213	196
0	0	0	0	0	0	0	0	0	0	171	0	0	0	0	0	0	0	225	0	0	0	0	0	0	0	0	0	0	0	0	0	0	0	168	0	0	0	0	0	0	220	233	0	0	0	0	0	0	0
213	221	0	245	0	235	237	244	237	191	252	0	0	90	176	225	212	118	267	0	236	237	0	0	0	0	237	0	0	237	236	0	244	234	252	196	246	0	0	229	30	265	270	0	0	0	221	0	236	225
244	248	0	263	206	256	258	262	258	235	268	186	0	217	229	250	244	219	278	0	257	258	0	0	0	199	257	0	206	258	257	165	262	254	267	237	263	215	0	252	215	277	281	206	0	209	248	0	256	250
0	0	0	197	0	152	164	193	164	0	216	0	0	0	0	0	0	0	244	0	157	164	0	0	0	0	160	0	0	164	158	0	192	141	215	0	197	0	0	0	0	240	249	0	0	0	0	0	154	0
212	221	0	245	0	235	237	244	237	191	252	0	0	85	176	225	212	114	267	0	236	237	0	0	0	0	236	0	0	237	236	0	244	234	252	196	245	0	0	227	0	265	270	0	0	0	221	0	235	225
0	0	0	0	0	0	0	0	0	0	0	0	0	0	0	0	0	0	141	0	0	0	0	0	0	0	0	0	0	0	0	0	0	0	0	0	0	0	0	0	0	0	176	0	0	0	0	0	0	0
0	0	0	0	0	0	0	0	0	0	0	0	0	0	0	0	0	0	0	0	0	0	0	0	0	0	0	0	0	0	0	0	0	0	0	0	0	0	0	0	0	0	0	0	0	0	0	0	0	0
220	227	0	249	48	240	242	248	242	202	256	0	0	153	192	231	220	161	269	0	241	242	0	0	0	0	241	0	30	242	241	0	248	239	256	206	249	143	0	234	145	267	272	0	0	90	227	0	240	231
244	248	0	263	208	257	258	262	258	235	268	188	0	218	229	250	244	220	279	0	257	258	0	0	0	200	257	0	208	258	257	168	262	256	268	237	263	216	60	252	216	277	281	206	0	210	249	0	257	250
218	225	0	248	0	239	241	247	241	200	254	0	0	143	189	229	218	153	269	0	239	241	0	0	0	0	240	0	0	241	240	0	247	237	254	204	248	130	0	233	132	267	272	0	0	0	225	0	239	229
0	0	0	209	0	179	186	206	186	0	224	0	0	0	0	128	0	0	249	0	182	186	0	0	0	0	184	0	0	186	183	0	204	174	223	0	209	0	0	148	0	245	252	0	0	0	0	0	181	128
263	266	0	276	243	272	273	276	273	258	280	236	163	248	254	268	263	249	288	210	272	273	136	213	208	240	272	206	243	273	272	229	276	271	280	259	276	247	219	269	247	287	290	243	218	244	266	0	272	268
0	0	0	177	0	0	100	172	100	0	204	0	0	0	0	0	0	0	239	0	48	100	0	0	0	0	78	0	0	100	60	0	170	0	202	0	178	0	0	0	0	234	244	0	0	0	0	0	0	0
0	0	0	202	0	164	174	199	174	0	219	0	0	0	0	0	0	0	246	0	168	174	0	0	0	0	171	0	0	174	169	0	198	157	218	0	202	0	0	108	0	242	250	0	0	0	0	0	166	0

0	0	266	0	220	0	0	0	0	172	0	231	259	210	189	0	30	208	0	248	0	0	261	247	249	225	0	250	220	0	0	236	0	0	0	163	0	213	244	0	212	0	0	220	244	218	0	263	0	0
146	0	268	0	227	0	0	0	0	191	0	236	262	219	202	0	148	217	0	252	0	0	264	250	252	231	0	252	227	0	0	241	0	0	0	185	0	221	248	0	221	0	0	227	248	225	0	266	0	0
0	0	0	0	0	0	0	0	0	0	0	0	0	0	0	0	0	0	0	0	0	0	0	0	0	0	0	0	0	0	0	0	0	0	0	0	0	0	0	0	0	0	0	0	0	0	0	0	0	0
218	209	278	0	249	179	170	90	170	231	0	254	273	244	236	202	218	243	0	266	176	170	275	265	266	252	173	267	249	170	175	258	100	183	0	229	0	245	263	197	245	0	0	249	263	248	209	276	177	202
0	0	247	0	0	0	0	0	0	0	0	166	236	0	0	0	0	0	0	217	0	0	240	214	218	132	0	219	30	0	0	186	0	0	0	0	0	0	206	0	0	0	0	48	208	0	0	243	0	0
196	181	274	0	240	0	0	0	0	216	0	247	268	234	223	164	197	231	0	260	0	0	270	259	260	243	0	261	240	0	0	250	0	90	0	213	0	235	256	152	235	0	0	240	257	239	179	272	0	164
200	188	275	0	241	108	0	0	0	219	0	248	269	236	225	174	202	235	0	261	90	0	271	260	261	245	70	262	242	0	85	252	0	128	0	216	0	237	258	164	237	0	0	242	258	241	186	273	100	174
216	206	278	0	248	173	163	0	163	229	0	254	273	243	234	199	216	242	0	265	170	163	274	264	266	250	167	266	248	163	169	257	48	179	0	227	0	244	262	193	244	0	0	248	262	247	206	276	172	199
200	188	275	0	241	108	0	0	0	219	0	248	269	236	225	174	202	235	0	261	90	0	271	260	261	245	70	262	242	0	85	252	0	128	0	216	0	237	258	164	237	0	0	242	258	241	186	273	100	174
0	0	261	0	202	0	0	0	0	0	0	218	252	188	140	0	0	183	0	240	0	0	254	239	241	210	0	242	202	0	0	225	0	0	0	0	0	191	235	0	191	0	0	202	235	200	0	258	0	0
231	224	282	172	256	204	200	177	200	241	0	261	277	252	245	219	231	250	0	271	202	200	278	270	271	258	202	271	256	200	202	264	179	208	60	239	171	252	268	216	252	0	0	256	268	254	224	280	204	219
0	0	240	0	0	0	0	0	0	0	0	0	227	0	0	0	0	0	0	200	0	0	231	197	202	0	0	204	0	0	0	145	0	0	0	0	0	0	186	0	0	0	0	0	188	0	0	236	0	0
0	0	184	0	0	0	0	0	0	0	0	0	0	0	0	0	0	0	0	0	0	0	132	0	0	0	0	0	0	0	0	0	0	0	0	0	0	0	0	0	0	0	0	0	0	0	0	163	0	0
0	0	252	0	151	0	0	0	0	0	0	189	242	0	0	0	0	0	0	225	0	0	245	223	225	172	0	227	152	0	0	202	0	0	0	0	0	90	217	0	85	0	0	153	218	143	0	248	0	0
0	0	258	0	191	0	0	0	0	0	0	210	249	171	0	0	0	164	0	236	0	0	252	234	237	200	0	237	192	0	0	219	0	0	0	0	0	176	229	0	176	0	0	192	229	189	0	254	0	0
169	132	270	0	231	0	0	0	0	200	0	240	264	224	210	0	170	223	0	254	0	0	266	254	254	235	0	256	231	0	0	244	0	0	0	196	0	225	250	0	225	0	0	231	250	229	128	268	0	0
0	0	266	0	220	0	0	0	0	172	0	231	259	210	188	0	0	208	0	248	0	0	261	247	249	225	0	249	220	0	0	236	0	0	0	162	0	212	244	0	212	0	0	220	244	218	0	263	0	0
0	0	252	0	159	0	0	0	0	0	0	192	243	90	0	0	0	0	0	227	0	0	246	225	227	177	0	229	160	0	0	204	0	0	0	0	0	118	219	0	114	0	0	161	220	153	0	249	0	0
252	249	290	227	269	239	237	227	237	259	213	273	286	266	261	246	252	266	0	281	238	237	287	280	281	271	238	281	269	237	238	275	229	240	214	258	225	267	278	244	267	141	0	269	279	269	249	288	239	246
0	0	218	0	0	0	0	0	0	0	0	0	192	0	0	0	0	0	0	0	0	0	200	0	78	0	0	95	0	0	0	0	0	0	0	0	0	0	0	0	0	0	0	0	0	0	0	210	0	0
198	183	274	0	240	70	0	0	0	217	0	247	268	235	224	168	199	233	0	260	0	0	270	259	261	244	0	261	240	0	0	250	0	108	0	214	0	236	257	157	236	0	0	241	257	239	182	272	48	168
200	188	275	0	241	108	0	0	0	219	0	248	269	236	225	174	202	235	0	261	90	0	271	260	261	245	70	262	242	0	85	252	0	128	0	216	0	237	258	164	237	0	0	242	258	241	186	273	100	174
0	0	169	0	0	0	0	0	0	0	0	0	0	0	0	0	0	0	0	0	0	0	0	0	0	0	0	0	0	0	0	0	0	0	0	0	0	0	0	0	0	0	0	0	0	0	0	136	0	0
0	0	220	0	0	0	0	0	0	0	0	0	196	0	0	0	0	0	0	100	0	0	204	0	118	0	0	126	0	0	0	0	0	0	0	0	0	0	0	0	0	0	0	0	0	0	0	213	0	0
0	0	216	0	0	0	0	0	0	0	0	0	189	0	0	0	0	0	0	0	0	0	199	0	0	0	0	60	0	0	0	0	0	0	0	0	0	0	0	0	0	0	0	0	0	0	0	208	0	0
0	0	244	0	0	0	0	0	0	0	0	141	231	0	0	0	0	0	0	211	0	0	236	208	212	0	0	213	0	0	0	172	0	0	0	0	0	0	199	0	0	0	0	0	200	0	0	240	0	0
200	185	274	0	241	90	0	0	0	218	0	248	269	235	224	171	200	234	0	261	60	0	270	260	261	244	0	261	241	0	48	252	0	118	0	215	0	237	257	160	236	0	0	241	257	240	184	272	78	171
0	0	216	0	0	0	0	0	0	0	0	0	188	0	0	0	0	0	0	0	0	0	198	0	0	0	0	0	0	0	0	0	0	0	0	0	0	0	0	0	0	0	0	0	0	0	0	206	0	0
0	0	247	0	0	0	0	0	0	0	0	165	236	0	0	0	0	0	0	217	0	0	240	214	218	130	0	219	0	0	0	186	0	0	0	0	0	0	206	0	0	0	0	30	208	0	0	243	0	0
200	188	275	0	241	108	0	0	0	219	0	248	269	236	225	174	202	235	0	261	90	0	271	260	261	245	70	262	242	0	85	252	0	128	0	216	0	237	258	164	237	0	0	242	258	241	186	273	100	174
199	184	274	0	240	78	0	0	0	217	0	248	268	235	224	169	199	233	0	260	30	0	270	259	261	244	0	261	241	0	0	250	0	111	0	214	0	236	257	158	236	0	0	241	257	240	183	272	60	169
0	0	235	0	0	0	0	0	0	0	0	0	220	0	0	0	0	0	0	188	0	0	225	183	191	0	0	192	0	0	0	0	0	0	0	0	0	0	165	0	0	0	0	0	168	0	0	229	0	0
216	206	278	0	248	172	161	0	161	229	0	254	272	243	234	198	216	242	0	265	168	161	274	264	266	250	165	266	248	161	167	257	0	177	0	227	0	244	262	192	244	0	0	248	262	247	204	276	170	198
193	176	273	0	238	0	0	0	0	214	0	246	267	231	221	157	193	231	0	259	0	0	269	258	260	242	0	260	239	0	0	250	0	0	0	210	0	234	254	141	234	0	0	239	256	237	174	271	0	157
229	224	282	169	254	204	199	175	199	240	0	260	277	250	244	218	229	250	0	270	202	199	278	269	271	258	200	271	254	199	202	263	176	206	0	238	168	252	267	215	252	0	0	256	268	254	223	280	202	218
0	0	262	0	206	0	0	0	0	104	0	221	254	193	154	0	0	189	0	242	0	0	256	240	243	213	0	243	206	0	0	227	0	0	0	0	0	196	237	0	196	0	0	206	237	204	0	259	0	0
218	210	278	30	249	179	171	95	171	231	0	254	273	245	236	202	219	243	0	266	176	171	275	265	266	252	174	267	249	171	176	258	104	184	0	229	0	246	263	197	245	0	0	249	263	248	209	276	178	202
0	0	250	0	140	0	0	0	0	0	0	185	240	0	0	0	0	0	0	224	0	0	244	221	225	165	0	225	141	0	0	199	0	0	0	0	0	0	215	0	0	0	0	143	216	130	0	247	0	0
0	0	225	0	0	0	0	0	0	0	0	0	206	0	0	0	0	0	0	151	0	0	213	136	157	0	0	160	0	0	0	0	0	0	0	0	0	0	0	0	0	0	0	0	60	0	0	219	0	0
178	151	271	0	234	0	0	0	0	204	0	242	265	227	213	108	179	225	0	256	0	0	267	254	257	237	0	257	234	0	0	246	0	0	0	200	0	229	252	0	227	0	0	234	252	233	148	269	0	108
0	0	250	0	141	0	0	0	0	0	0	185	241	0	0	0	0	0	0	224	0	0	244	221	225	166	0	225	143	0	0	199	0	0	0	0	0	30	215	0	0	0	0	145	216	132	0	247	0	0
249	245	288	220	267	234	231	222	231	256	204	271	284	264	259	242	249	263	0	279	233	231	286	278	279	269	233	279	267	231	233	273	223	236	204	254	220	265	277	240	265	0	0	267	277	267	245	287	234	242
256	252	291	233	272	244	242	235	242	262	222	276	288	269	265	250	257	269	151	283	243	242	289	282	283	274	243	283	272	242	243	278	235	245	223	261	233	270	281	249	270	176	0	272	281	272	252	290	244	250
0	0	247	0	0	0	0	0	0	0	0	164	236	0	0	0	0	0	0	216	0	0	239	214	218	128	0	219	0	0	0	185	0	0	0	0	0	0	206	0	0	0	0	0	206	0	0	243	0	0
0	0	225	0	0	0	0	0	0	0	0	0	204	0	0	0	0	0	0	146	0	0	212	130	153	0	0	157	0	0	0	0	0	0	0	0	0	0	0	0	0	0	0	0	0	0	0	218	0	0
0	0	248	0	78	0	0	0	0	0	0	171	237	0	0	0	0	0	0	218	0	0	241	216	220	141	0	221	85	0	0	189	0	0	0	0	0	0	209	0	0	0	0	90	210	0	0	244	0	0
149	48	269	0	227	0	0	0	0	192	0	237	262	220	202	0	151	218	0	252	0	0	264	250	252	231	0	254	227	0	0	241	0	0	0	186	0	221	248	0	221	0	0	227	249	225	0	266	0	0
0	0	143	0	0	0	0	0	0	0	0	0	0	0	0	0	0	0	0	0	0	0	0	0	0	0	0	0	0	0	0	0	0	0	0	0	0	0	0	0	0	0	0	0	0	0	0	0	0	0
197	182	274	0	240	48	0	0	0	216	0	247	268	234	223	166	198	233	0	260	0	0	270	259	261	243	0	261	240	0	0	250	0	100	0	213	0	236	256	154	235	0	0	240	257	239	181	272	0	166
169	132	270	0	231	0	0	0	0	200	0	240	264	224	210	0	170	223	0	254	0	0	266	254	254	235	0	256	231	0	0	244	0	0	0	196	0	225	250	0	225	0	0	231	250	229	128	268	0	0

0	52	26	11	45	57	0	0	20	26	0	0	26	41	83	45	26	30	57	45	106	52	11	57	0	26	26	32	0	36	100	30	4	26	45	43	26	18	0	20	26	28	68	32	26	26	26	66	45	52
0	0	0	0	0	18	0	0	0	0	0	0	0	0	65	0	0	0	18	0	96	0	0	18	0	0	0	0	0	0	88	0	0	0	0	0	0	0	0	0	0	0	40	0	0	0	0	36	0	0
0	40	0	0	30	48	0	0	0	0	0	0	0	26	78	30	0	8	48	30	103	40	0	48	0	0	0	11	0	18	96	8	0	0	30	28	0	0	0	0	0	4	60	11	0	0	0	57	30	40
0	48	18	0	40	54	0	0	11	18	0	0	18	36	81	40	18	23	54	40	105	48	0	54	0	18	18	26	0	30	98	23	0	18	40	38	18	8	0	11	18	20	65	26	18	18	18	63	40	48
0	18	0	0	0	30	0	0	0	0	0	0	0	0	70	0	0	0	30	0	99	18	0	30	0	0	0	0	0	0	91	0	0	0	0	0	0	0	0	0	0	0	48	0	0	0	0	45	0	18
0	0	0	0	0	0	0	0	0	0	0	0	0	0	60	0	0	0	0	0	94	0	0	0	0	0	0	0	0	0	85	0	0	0	0	0	0	0	0	0	0	0	30	0	0	0	0	26	0	0
8	54	30	18	48	60	0	0	26	30	0	4	30	45	85	48	30	34	60	48	107	54	18	60	0	30	30	36	0	40	100	34	11	30	48	46	30	23	4	26	30	32	70	36	30	30	30	68	48	54
8	54	30	18	48	60	0	0	26	30	0	4	30	45	85	48	30	34	60	48	107	54	18	60	0	30	30	36	0	40	100	34	11	30	48	46	30	23	4	26	30	32	70	36	30	30	30	68	48	54
0	43	8	0	34	51	0	0	0	8	0	0	8	30	79	34	8	15	51	34	104	43	0	51	0	8	8	18	0	23	97	15	0	8	34	32	8	0	0	0	8	11	62	18	8	8	8	60	34	43
0	40	0	0	30	48	0	0	0	0	0	0	0	26	78	30	0	8	48	30	103	40	0	48	0	0	0	11	0	18	96	8	0	0	30	28	0	0	0	0	0	4	60	11	0	0	0	57	30	40
15	56	34	23	51	62	8	8	30	34	0	11	34	48	86	51	34	38	62	51	108	56	23	62	8	34	34	40	8	43	101	38	18	34	51	49	34	28	11	30	34	36	72	40	34	34	34	70	51	56
4	53	28	15	46	59	0	0	23	28	0	0	28	43	84	46	28	32	59	46	106	53	15	59	0	28	28	34	0	38	100	32	8	28	46	45	28	20	0	23	28	30	69	34	28	28	28	67	46	53
0	40	0	0	30	48	0	0	0	0	0	0	0	26	78	30	0	8	48	30	103	40	0	48	0	0	0	11	0	18	96	8	0	0	30	28	0	0	0	0	0	4	60	11	0	0	0	57	30	40
0	23	0	0	8	34	0	0	0	0	0	0	0	0	72	8	0	0	34	8	100	23	0	34	0	0	0	0	0	0	92	0	0	0	8	4	0	0	0	0	0	0	51	0	0	0	0	48	8	23
0	0	0	0	0	0	0	0	0	0	0	0	0	0	0	0	0	0	0	0	76	0	0	0	0	0	0	0	0	0	61	0	0	0	0	0	0	0	0	0	0	0	0	0	0	0	0	0	0	0
0	18	0	0	0	30	0	0	0	0	0	0	0	0	70	0	0	0	30	0	99	18	0	30	0	0	0	0	0	0	91	0	0	0	0	0	0	0	0	0	0	0	48	0	0	0	0	45	0	18
0	40	0	0	30	48	0	0	0	0	0	0	0	26	78	30	0	8	48	30	103	40	0	48	0	0	0	11	0	18	96	8	0	0	30	28	0	0	0	0	0	4	60	11	0	0	0	57	30	40
0	36	0	0	26	45	0	0	0	0	0	0	0	20	76	26	0	0	45	26	102	36	0	45	0	0	0	4	0	11	95	0	0	0	26	23	0	0	0	0	0	0	57	4	0	0	0	56	26	36
0	0	0	0	0	0	0	0	0	0	0	0	0	0	60	0	0	0	0	0	94	0	0	0	0	0	0	0	0	0	85	0	0	0	0	0	0	0	0	0	0	0	30	0	0	0	0	26	0	0
0	18	0	0	0	30	0	0	0	0	0	0	0	0	70	0	0	0	30	0	99	18	0	30	0	0	0	0	0	0	91	0	0	0	0	0	0	0	0	0	0	0	48	0	0	0	0	45	0	18
0	0	0	0	0	0	0	0	0	0	0	0	0	0	0	0	0	0	0	0	0	0	0	0	0	0	0	0	0	0	0	0	0	0	0	0	0	0	0	0	0	0	0	0	0	0	0	0	0	0
0	0	0	0	0	18	0	0	0	0	0	0	0	0	65	0	0	0	18	0	96	0	0	18	0	0	0	0	0	0	88	0	0	0	0	0	0	0	0	0	0	0	40	0	0	0	0	36	0	0
0	48	18	0	40	54	0	0	11	18	0	0	18	36	81	40	18	23	54	40	105	48	0	54	0	18	18	26	0	30	98	23	0	18	40	38	18	8	0	11	18	20	65	26	18	18	18	63	40	48
0	0	0	0	0	0	0	0	0	0	0	0	0	0	60	0	0	0	0	0	94	0	0	0	0	0	0	0	0	0	85	0	0	0	0	0	0	0	0	0	0	0	30	0	0	0	0	26	0	0
8	54	30	18	48	60	0	0	26	30	0	4	30	45	85	48	30	34	60	48	107	54	18	60	0	30	30	36	0	40	100	34	11	30	48	46	30	23	4	26	30	32	70	36	30	30	30	68	48	54
0	40	0	0	30	48	0	0	0	0	0	0	0	26	78	30	0	8	48	30	103	40	0	48	0	0	0	11	0	18	96	8	0	0	30	28	0	0	0	0	0	4	60	11	0	0	0	57	30	40
0	40	0	0	30	48	0	0	0	0	0	0	0	26	78	30	0	8	48	30	103	40	0	48	0	0	0	11	0	18	96	8	0	0	30	28	0	0	0	0	0	4	60	11	0	0	0	57	30	40
0	34	0	0	23	43	0	0	0	0	0	0	0	18	76	23	0	0	43	23	102	34	0	43	0	0	0	0	0	8	94	0	0	0	23	20	0	0	0	0	0	0	56	0	0	0	0	54	23	34
8	54	30	18	48	60	0	0	26	30	0	4	30	45	85	48	30	34	60	48	107	54	18	60	0	30	30	36	0	40	100	34	11	30	48	46	30	23	4	26	30	32	70	36	30	30	30	68	48	54
0	30	0	0	18	40	0	0	0	0	0	0	0	11	74	18	0	0	40	18	101	30	0	40	0	0	0	0	0	0	93	0	0	0	18	15	0	0	0	0	0	0	54	0	0	0	0	52	18	30
0	0	0	0	0	0	0	0	0	0	0	0	0	0	0	0	0	0	0	0	41	0	0	0	0	0	0	0	0	0	0	0	0	0	0	0	0	0	0	0	0	0	0	0	0	0	0	0	0	0
0	36	0	0	26	45	0	0	0	0	0	0	0	20	76	26	0	0	45	26	102	36	0	45	0	0	0	4	0	11	95	0	0	0	26	23	0	0	0	0	0	0	57	4	0	0	0	56	26	36
0	51	23	8	43	56	0	0	18	23	0	0	23	40	83	43	23	28	56	43	106	51	8	56	0	23	23	30	0	34	99	28	0	23	43	41	23	15	0	18	23	26	67	30	23	23	23	65	43	51
0	40	0	0	30	48	0	0	0	0	0	0	0	26	78	30	0	8	48	30	103	40	0	48	0	0	0	11	0	18	96	8	0	0	30	28	0	0	0	0	0	4	60	11	0	0	0	57	30	40
0	18	0	0	0	30	0	0	0	0	0	0	0	0	70	0	0	0	30	0	99	18	0	30	0	0	0	0	0	0	91	0	0	0	0	0	0	0	0	0	0	0	48	0	0	0	0	45	0	18
0	20	0	0	4	32	0	0	0	0	0	0	0	0	71	4	0	0	32	4	99	20	0	32	0	0	0	0	0	0	91	0	0	0	4	0	0	0	0	0	0	0	49	0	0	0	0	46	4	20
0	40	0	0	30	48	0	0	0	0	0	0	0	26	78	30	0	8	48	30	103	40	0	48	0	0	0	11	0	18	96	8	0	0	30	28	0	0	0	0	0	4	60	11	0	0	0	57	30	40
0	45	11	0	36	52	0	0	4	11	0	0	11	32	80	36	11	18	52	36	104	45	0	52	0	11	11	20	0	26	97	18	0	11	36	34	11	0	0	4	11	15	63	20	11	11	11	61	36	45
4	53	28	15	46	59	0	0	23	28	0	0	28	43	84	46	28	32	59	46	106	53	15	59	0	28	28	34	0	38	100	32	8	28	46	45	28	20	0	23	28	30	69	34	28	28	28	67	46	53
0	43	8	0	34	51	0	0	0	8	0	0	8	30	79	34	8	15	51	34	104	43	0	51	0	8	8	18	0	23	97	15	0	8	34	32	8	0	0	0	8	11	62	18	8	8	8	60	34	43
0	40	0	0	30	48	0	0	0	0	0	0	0	26	78	30	0	8	48	30	103	40	0	48	0	0	0	11	0	18	96	8	0	0	30	28	0	0	0	0	0	4	60	11	0	0	0	57	30	40
0	38	0	0	28	46	0	0	0	0	0	0	0	23	77	28	0	4	46	28	103	38	0	46	0	0	0	8	0	15	95	4	0	0	28	26	0	0	0	0	0	0	59	8	0	0	0	56	28	38
0	0	0	0	0	0	0	0	0	0	0	0	0	0	48	0	0	0	0	0	89	0	0	0	0	0	0	0	0	0	79	0	0	0	0	0	0	0	0	0	0	0	0	0	0	0	0	0	0	0
0	34	0	0	23	43	0	0	0	0	0	0	0	18	76	23	0	0	43	23	102	34	0	43	0	0	0	0	0	8	94	0	0	0	23	20	0	0	0	0	0	0	56	0	0	0	0	54	23	34
0	40	0	0	30	48	0	0	0	0	0	0	0	26	78	30	0	8	48	30	103	40	0	48	0	0	0	11	0	18	96	8	0	0	30	28	0	0	0	0	0	4	60	11	0	0	0	57	30	40
0	40	0	0	30	48	0	0	0	0	0	0	0	26	78	30	0	8	48	30	103	40	0	48	0	0	0	11	0	18	96	8	0	0	30	28	0	0	0	0	0	4	60	11	0	0	0	57	30	40
0	40	0	0	30	48	0	0	0	0	0	0	0	26	78	30	0	8	48	30	103	40	0	48	0	0	0	11	0	18	96	8	0	0	30	28	0	0	0	0	0	4	60	11	0	0	0	57	30	40
0	0	0	0	0	0	0	0	0	0	0	0	0	0	51	0	0	0	0	0	90	0	0	0	0	0	0	0	0	0	80	0	0	0	0	0	0	0	0	0	0	0	8	0	0	0	0	0	0	0
0	18	0	0	0	30	0	0	0	0	0	0	0	0	70	0	0	0	30	0	99	18	0	30	0	0	0	0	0	0	91	0	0	0	0	0	0	0	0	0	0	0	48	0	0	0	0	45	0	18
0	0	0	0	0	18	0	0	0	0	0	0	0	0	65	0	0	0	18	0	96	0	0	18	0	0	0	0	0	0	88	0	0	0	0	0	0	0	0	0	0	0	40	0	0	0	0	36	0	0

0	0	0	0	0	0	8	8	0	0	15	4	0	0	0	0	0	0	0	0	0	0	0	0	8	0	0	0	8	0	0	0	0	0	0	0	0	0	4	0	0	0	0	0	0	0	0	0	0	0
52	0	40	48	18	0	54	54	43	40	56	53	40	23	0	18	40	36	0	18	0	0	48	0	54	40	40	34	54	30	0	36	51	40	18	20	40	45	53	43	40	38	0	34	40	40	40	0	18	0
26	0	0	18	0	0	30	30	8	0	34	28	0	0	0	0	0	0	0	0	0	0	18	0	30	0	0	0	30	0	0	0	23	0	0	0	0	11	28	8	0	0	0	0	0	0	0	0	0	0
11	0	0	0	0	0	18	18	0	0	23	15	0	0	0	0	0	0	0	0	0	0	0	0	18	0	0	0	18	0	0	0	8	0	0	0	0	0	15	0	0	0	0	0	0	0	0	0	0	0
45	0	30	40	0	0	48	48	34	30	51	46	30	8	0	0	30	26	0	0	0	0	40	0	48	30	30	23	48	18	0	26	43	30	0	4	30	36	46	34	30	28	0	23	30	30	30	0	0	0
57	18	48	54	30	0	60	60	51	48	62	59	48	34	0	30	48	45	0	30	0	18	54	0	60	48	48	43	60	40	0	45	56	48	30	32	48	52	59	51	48	46	0	43	48	48	48	0	30	18
0	0	0	0	0	0	0	0	0	0	8	0	0	0	0	0	0	0	0	0	0	0	0	0	0	0	0	0	0	0	0	0	0	0	0	0	0	0	0	0	0	0	0	0	0	0	0	0	0	0
0	0	0	0	0	0	0	0	0	0	8	0	0	0	0	0	0	0	0	0	0	0	0	0	0	0	0	0	0	0	0	0	0	0	0	0	0	0	0	0	0	0	0	0	0	0	0	0	0	0
20	0	0	11	0	0	26	26	0	0	30	23	0	0	0	0	0	0	0	0	0	0	11	0	26	0	0	0	26	0	0	0	18	0	0	0	0	4	23	0	0	0	0	0	0	0	0	0	0	0
26	0	0	18	0	0	30	30	8	0	34	28	0	0	0	0	0	0	0	0	0	0	18	0	30	0	0	0	30	0	0	0	23	0	0	0	0	11	28	8	0	0	0	0	0	0	0	0	0	0
0	0	0	0	0	0	0	0	0	0	0	0	0	0	0	0	0	0	0	0	0	0	0	0	0	0	0	0	0	0	0	0	0	0	0	0	0	0	0	0	0	0	0	0	0	0	0	0	0	0
0	0	0	0	0	0	4	4	0	0	11	0	0	0	0	0	0	0	0	0	0	0	0	0	4	0	0	0	4	0	0	0	0	0	0	0	0	0	0	0	0	0	0	0	0	0	0	0	0	0
26	0	0	18	0	0	30	30	8	0	34	28	0	0	0	0	0	0	0	0	0	0	18	0	30	0	0	0	30	0	0	0	23	0	0	0	0	11	28	8	0	0	0	0	0	0	0	0	0	0
41	0	26	36	0	0	45	45	30	26	48	43	26	0	0	0	26	20	0	0	0	0	36	0	45	26	26	18	45	11	0	20	40	26	0	0	26	32	43	30	26	23	0	18	26	26	26	0	0	0
83	65	78	81	70	60	85	85	79	78	86	84	78	72	0	70	78	76	60	70	0	65	81	60	85	78	78	76	85	74	0	76	83	78	70	71	78	80	84	79	78	77	48	76	78	78	78	51	70	65
45	0	30	40	0	0	48	48	34	30	51	46	30	8	0	0	30	26	0	0	0	0	40	0	48	30	30	23	48	18	0	26	43	30	0	4	30	36	46	34	30	28	0	23	30	30	30	0	0	0
26	0	0	18	0	0	30	30	8	0	34	28	0	0	0	0	0	0	0	0	0	0	18	0	30	0	0	0	30	0	0	0	23	0	0	0	0	11	28	8	0	0	0	0	0	0	0	0	0	0
30	0	8	23	0	0	34	34	15	8	38	32	8	0	0	0	8	0	0	0	0	0	23	0	34	8	8	0	34	0	0	0	28	8	0	0	8	18	32	15	8	4	0	0	8	8	8	0	0	0
57	18	48	54	30	0	60	60	51	48	62	59	48	34	0	30	48	45	0	30	0	18	54	0	60	48	48	43	60	40	0	45	56	48	30	32	48	52	59	51	48	46	0	43	48	48	48	0	30	18
45	0	30	40	0	0	48	48	34	30	51	46	30	8	0	0	30	26	0	0	0	0	40	0	48	30	30	23	48	18	0	26	43	30	0	4	30	36	46	34	30	28	0	23	30	30	30	0	0	0
106	96	103	105	99	94	107	107	104	103	108	106	103	100	76	99	103	102	94	99	0	96	105	94	107	103	103	102	107	101	41	102	106	103	99	99	103	104	106	104	103	103	89	102	103	103	103	90	99	96
52	0	40	48	18	0	54	54	43	40	56	53	40	23	0	18	40	36	0	18	0	0	48	0	54	40	40	34	54	30	0	36	51	40	18	20	40	45	53	43	40	38	0	34	40	40	40	0	18	0
11	0	0	0	0	0	18	18	0	0	23	15	0	0	0	0	0	0	0	0	0	0	0	0	18	0	0	0	18	0	0	0	8	0	0	0	0	0	15	0	0	0	0	0	0	0	0	0	0	0
57	18	48	54	30	0	60	60	51	48	62	59	48	34	0	30	48	45	0	30	0	18	54	0	60	48	48	43	60	40	0	45	56	48	30	32	48	52	59	51	48	46	0	43	48	48	48	0	30	18
0	0	0	0	0	0	0	0	0	0	8	0	0	0	0	0	0	0	0	0	0	0	0	0	0	0	0	0	0	0	0	0	0	0	0	0	0	0	0	0	0	0	0	0	0	0	0	0	0	0
26	0	0	18	0	0	30	30	8	0	34	28	0	0	0	0	0	0	0	0	0	0	18	0	30	0	0	0	30	0	0	0	23	0	0	0	0	11	28	8	0	0	0	0	0	0	0	0	0	0
26	0	0	18	0	0	30	30	8	0	34	28	0	0	0	0	0	0	0	0	0	0	18	0	30	0	0	0	30	0	0	0	23	0	0	0	0	11	28	8	0	0	0	0	0	0	0	0	0	0
32	0	11	26	0	0	36	36	18	11	40	34	11	0	0	0	11	4	0	0	0	0	26	0	36	11	11	0	36	0	0	4	30	11	0	0	11	20	34	18	11	8	0	0	11	11	11	0	0	0
0	0	0	0	0	0	0	0	0	0	8	0	0	0	0	0	0	0	0	0	0	0	0	0	0	0	0	0	0	0	0	0	0	0	0	0	0	0	0	0	0	0	0	0	0	0	0	0	0	0
36	0	18	30	0	0	40	40	23	18	43	38	18	0	0	0	18	11	0	0	0	0	30	0	40	18	18	8	40	0	0	11	34	18	0	0	18	26	38	23	18	15	0	8	18	18	18	0	0	0
100	88	96	98	91	85	100	100	97	96	101	100	96	92	61	91	96	95	85	91	0	88	98	85	100	96	96	94	100	93	0	95	99	96	91	91	96	97	100	97	96	95	79	94	96	96	96	80	91	88
30	0	8	23	0	0	34	34	15	8	38	32	8	0	0	0	8	0	0	0	0	0	23	0	34	8	8	0	34	0	0	0	28	8	0	0	8	18	32	15	8	4	0	0	8	8	8	0	0	0
4	0	0	0	0	0	11	11	0	0	18	8	0	0	0	0	0	0	0	0	0	0	0	0	11	0	0	0	11	0	0	0	0	0	0	0	0	0	8	0	0	0	0	0	0	0	0	0	0	0
26	0	0	18	0	0	30	30	8	0	34	28	0	0	0	0	0	0	0	0	0	0	18	0	30	0	0	0	30	0	0	0	23	0	0	0	0	11	28	8	0	0	0	0	0	0	0	0	0	0
45	0	30	40	0	0	48	48	34	30	51	46	30	8	0	0	30	26	0	0	0	0	40	0	48	30	30	23	48	18	0	26	43	30	0	4	30	36	46	34	30	28	0	23	30	30	30	0	0	0
43	0	28	38	0	0	46	46	32	28	49	45	28	4	0	0	28	23	0	0	0	0	38	0	46	28	28	20	46	15	0	23	41	28	0	0	28	34	45	32	28	26	0	20	28	28	28	0	0	0
26	0	0	18	0	0	30	30	8	0	34	28	0	0	0	0	0	0	0	0	0	0	18	0	30	0	0	0	30	0	0	0	23	0	0	0	0	11	28	8	0	0	0	0	0	0	0	0	0	0
18	0	0	8	0	0	23	23	0	0	28	20	0	0	0	0	0	0	0	0	0	0	8	0	23	0	0	0	23	0	0	0	15	0	0	0	0	0	20	0	0	0	0	0	0	0	0	0	0	0
0	0	0	0	0	0	4	4	0	0	11	0	0	0	0	0	0	0	0	0	0	0	0	0	4	0	0	0	4	0	0	0	0	0	0	0	0	0	0	0	0	0	0	0	0	0	0	0	0	0
20	0	0	11	0	0	26	26	0	0	30	23	0	0	0	0	0	0	0	0	0	0	11	0	26	0	0	0	26	0	0	0	18	0	0	0	0	4	23	0	0	0	0	0	0	0	0	0	0	0
26	0	0	18	0	0	30	30	8	0	34	28	0	0	0	0	0	0	0	0	0	0	18	0	30	0	0	0	30	0	0	0	23	0	0	0	0	11	28	8	0	0	0	0	0	0	0	0	0	0
28	0	4	20	0	0	32	32	11	4	36	30	4	0	0	0	4	0	0	0	0	0	20	0	32	4	4	0	32	0	0	0	26	4	0	0	4	15	30	11	4	0	0	0	4	4	4	0	0	0
68	40	60	65	48	30	70	70	62	60	72	69	60	51	0	48	60	57	30	48	0	40	65	30	70	60	60	56	70	54	0	57	67	60	48	49	60	63	69	62	60	59	0	56	60	60	60	8	48	40
32	0	11	26	0	0	36	36	18	11	40	34	11	0	0	0	11	4	0	0	0	0	26	0	36	11	11	0	36	0	0	4	30	11	0	0	11	20	34	18	11	8	0	0	11	11	11	0	0	0
26	0	0	18	0	0	30	30	8	0	34	28	0	0	0	0	0	0	0	0	0	0	18	0	30	0	0	0	30	0	0	0	23	0	0	0	0	11	28	8	0	0	0	0	0	0	0	0	0	0
26	0	0	18	0	0	30	30	8	0	34	28	0	0	0	0	0	0	0	0	0	0	18	0	30	0	0	0	30	0	0	0	23	0	0	0	0	11	28	8	0	0	0	0	0	0	0	0	0	0
26	0	0	18	0	0	30	30	8	0	34	28	0	0	0	0	0	0	0	0	0	0	18	0	30	0	0	0	30	0	0	0	23	0	0	0	0	11	28	8	0	0	0	0	0	0	0	0	0	0
66	36	57	63	45	26	68	68	60	57	70	67	57	48	0	45	57	56	26	45	0	36	63	26	68	57	57	54	68	52	0	56	65	57	45	46	57	61	67	60	57	56	0	54	57	57	57	0	45	36
45	0	30	40	0	0	48	48	34	30	51	46	30	8	0	0	30	26	0	0	0	0	40	0	48	30	30	23	48	18	0	26	43	30	0	4	30	36	46	34	30	28	0	23	30	30	30	0	0	0
52	0	40	48	18	0	54	54	43	40	56	53	40	23	0	18	40	36	0	18	0	0	48	0	54	40	40	34	54	30	0	36	51	40	18	20	40	45	53	43	40	38	0	34	40	40	40	0	18	0