833 902 862 863 719 612 399 826 839 803 843 810 919 622 745 904 763 724 833 680 794 756 769 852 818 438 810 834 690 863 875 869 789 860 874 755 749 801 689 724 691 896 787 859 634 865 657 829 721 876

84

21 20 21 21 23 24 27 22 21 22 21 22 20 24 23 20 22 23 21 24 22 22 22 21 22 27 22 21 23 21 21 21 22 21 21 22 23 22 23 23 23 21 22 21 24 21 24 21 23 21

21.978667595011565 19.957763370313707 24.979018147352043 33.02697666486104

10230

0	0	100	0	0	243	177	0	0	0	0	0	0	0	0	0	0	191	100	246	0	198	0	0	0	48	0	0	0	0	0	0	0	0	0	215	0	166	246	234	0	100	0	0	0	0	0	0	0	0
240	0	241	0	225	272	249	235	235	0	240	0	0	0	210	0	0	252	241	273	238	254	213	0	200	240	0	214	0	200	0	0	0	198	0	259	0	247	273	267	0	241	0	151	0	231	0	186	0	194
0	0	0	0	0	242	170	0	0	0	0	0	0	0	0	0	0	186	0	244	0	194	0	0	0	0	0	0	0	0	0	0	0	0	0	212	0	157	244	231	0	0	0	0	0	0	0	0	0	0
252	192	252	0	242	278	259	249	249	163	252	172	172	0	231	183	126	262	252	279	250	263	234	151	225	252	0	235	0	227	173	145	0	225	190	267	181	258	279	274	104	252	190	206	0	246	0	219	190	223
186	0	191	0	0	254	212	169	168	0	186	0	0	0	0	0	0	218	191	254	181	223	0	0	0	188	0	0	0	0	0	0	0	0	0	233	0	206	254	246	0	191	0	0	0	145	0	0	0	0
0	0	0	0	0	0	0	0	0	0	0	0	0	0	0	0	0	0	0	120	0	0	0	0	0	0	0	0	0	0	0	0	0	0	0	0	0	0	120	0	0	0	0	0	0	0	0	0	0	0
0	0	0	0	0	233	0	0	0	0	0	0	0	0	0	0	0	136	0	236	0	158	0	0	0	0	0	0	0	0	0	0	0	0	0	192	0	0	236	220	0	0	0	0	0	0	0	0	0	0
140	0	153	0	0	247	192	0	0	0	138	0	0	0	0	0	0	202	153	249	120	208	0	0	0	143	0	0	0	0	0	0	0	0	0	222	0	185	249	238	0	153	0	0	0	0	0	0	0	0
141	0	154	0	0	247	192	30	0	0	140	0	0	0	0	0	0	202	154	249	123	208	0	0	0	145	0	0	0	0	0	0	0	0	0	222	0	185	249	238	0	154	0	0	0	0	0	0	0	0
246	162	248	0	234	275	254	243	242	0	246	100	100	0	222	141	0	257	248	276	245	259	225	0	215	247	0	225	0	216	108	0	0	213	158	263	134	252	276	271	0	248	158	186	0	239	0	204	158	211
30	0	104	0	0	243	178	0	0	0	0	0	0	0	0	0	0	191	104	246	0	199	0	0	0	60	0	0	0	0	0	0	0	0	0	215	0	167	246	234	0	104	0	0	0	0	0	0	0	0
245	152	246	0	231	274	252	241	241	0	245	0	0	0	220	123	0	256	246	275	244	258	222	0	212	245	0	223	0	213	48	0	0	210	146	263	111	250	275	270	0	246	146	181	0	237	0	202	146	208
245	152	246	0	231	274	252	241	241	0	245	0	0	0	220	123	0	256	246	275	244	258	222	0	212	245	0	223	0	213	48	0	0	210	146	263	111	250	275	270	0	246	146	181	0	237	0	202	146	208
270	241	271	224	264	289	275	268	268	233	270	235	235	0	258	238	227	277	271	290	270	278	259	231	254	271	219	260	223	254	236	229	214	254	240	281	237	274	290	286	225	271	240	246	136	266	161	252	240	254
210	0	213	0	172	260	225	200	200	0	209	0	0	0	0	0	0	231	213	261	206	234	100	0	0	210	0	114	0	0	0	0	0	0	0	242	0	223	261	252	0	213	0	0	0	190	0	0	0	0
242	123	244	0	229	273	250	238	238	0	242	0	0	0	215	0	0	254	244	274	241	256	218	0	206	243	0	219	0	206	0	0	0	204	111	261	0	249	274	268	0	244	111	168	0	234	0	194	111	200
250	183	250	0	239	277	257	247	246	141	250	154	154	0	227	171	0	260	250	278	249	261	229	118	222	250	0	231	0	223	157	104	0	221	180	266	167	256	278	273	0	250	180	199	0	243	0	214	180	218
0	0	0	0	0	227	0	0	0	0	0	0	0	0	0	0	0	0	0	231	0	120	0	0	0	0	0	0	0	0	0	0	0	0	0	179	0	0	231	214	0	0	0	0	0	0	0	0	0	0
0	0	0	0	0	242	170	0	0	0	0	0	0	0	0	0	0	186	0	244	0	194	0	0	0	0	0	0	0	0	0	0	0	0	0	212	0	157	244	231	0	0	0	0	0	0	0	0	0	0
0	0	0	0	0	0	0	0	0	0	0	0	0	0	0	0	0	0	0	0	0	0	0	0	0	0	0	0	0	0	0	0	0	0	0	0	0	0	0	0	0	0	0	0	0	0	0	0	0	0
100	0	128	0	0	245	183	0	0	0	95	0	0	0	0	0	0	195	128	247	0	202	0	0	0	108	0	0	0	0	0	0	0	0	0	218	0	174	247	235	0	128	0	0	0	0	0	0	0	0
0	0	0	0	0	225	0	0	0	0	0	0	0	0	0	0	0	0	0	227	0	0	0	0	0	0	0	0	0	0	0	0	0	0	0	166	0	0	227	209	0	0	0	0	0	0	0	0	0	0
206	0	210	0	164	259	224	196	196	0	206	0	0	0	0	0	0	229	210	260	202	231	0	0	0	206	0	70	0	0	0	0	0	0	0	241	0	221	260	252	0	210	0	0	0	185	0	0	0	0
248	172	249	0	236	276	256	244	244	108	248	132	132	0	225	157	0	258	249	277	247	260	227	0	218	248	0	227	0	219	136	0	0	217	169	265	152	254	277	271	0	249	169	192	0	241	0	209	169	214
218	0	220	0	190	262	231	210	210	0	218	0	0	0	143	0	0	236	220	264	215	239	156	0	0	218	0	160	0	48	0	0	0	0	0	246	0	229	264	256	0	220	0	0	0	202	0	0	0	0
0	0	90	0	0	243	176	0	0	0	0	0	0	0	0	0	0	190	90	245	0	197	0	0	0	0	0	0	0	0	0	0	0	0	0	214	0	164	245	233	0	90	0	0	0	0	0	0	0	0
254	202	256	132	245	279	261	252	252	180	254	186	186	0	236	194	158	264	256	280	254	265	238	172	231	254	0	238	120	231	187	168	0	229	200	269	192	260	280	276	149	256	200	213	0	249	0	224	200	227
204	0	208	0	160	258	223	194	194	0	204	0	0	0	0	0	0	227	208	260	200	231	0	0	0	206	0	0	0	0	0	0	0	0	0	240	0	220	260	252	0	208	0	0	0	183	0	0	0	0
252	195	254	78	242	278	260	250	250	168	252	176	176	0	233	186	136	262	254	279	252	264	235	157	227	252	0	236	0	227	177	152	0	225	193	268	184	258	279	274	120	254	193	208	0	247	0	220	193	224
217	0	220	0	189	262	231	210	209	0	217	0	0	0	140	0	0	236	220	264	215	239	153	0	0	218	0	158	0	0	0	0	0	0	0	246	0	229	264	256	0	220	0	0	0	202	0	0	0	0
245	149	246	0	231	274	252	241	241	0	245	0	0	0	219	118	0	256	246	275	243	257	222	0	211	245	0	223	0	212	0	0	0	210	143	262	104	250	275	270	0	246	143	179	0	237	0	200	143	206
249	176	250	0	237	276	256	245	245	120	248	140	140	0	225	161	0	259	250	277	247	260	227	70	219	249	0	229	0	220	143	0	0	218	172	265	157	254	277	272	0	250	172	194	0	242	0	211	172	216
257	208	258	156	247	280	263	254	254	189	256	194	194	0	239	200	172	265	258	281	256	267	240	183	234	257	120	241	149	234	195	180	0	233	206	271	200	262	281	277	166	258	206	218	0	250	0	227	206	231
219	0	222	0	192	263	233	212	212	0	219	0	0	0	151	0	0	237	222	264	217	240	161	0	78	220	0	165	0	90	0	0	0	0	0	247	0	229	264	257	0	222	0	0	0	204	0	0	0	0
240	70	242	0	225	272	249	236	236	0	240	0	0	0	211	0	0	252	242	273	239	254	214	0	202	241	0	216	0	202	0	0	0	200	0	260	0	248	273	267	0	242	0	156	0	231	0	188	0	196
0	0	0	0	0	212	0	0	0	0	0	0	0	0	0	0	0	0	0	216	0	0	0	0	0	0	0	0	0	0	0	0	0	0	0	0	0	0	216	189	0	0	0	0	0	0	0	0	0	0
243	132	245	0	229	273	252	239	239	0	243	0	0	0	216	70	0	254	245	274	242	256	219	0	208	243	0	220	0	209	0	0	0	206	123	261	0	250	274	269	0	245	123	172	0	235	0	196	123	202
0	0	0	0	0	235	114	0	0	0	0	0	0	0	0	0	0	156	0	238	0	171	0	0	0	0	0	0	0	0	0	0	0	0	0	198	0	0	238	224	0	0	0	0	0	0	0	0	0	0
0	0	0	0	0	0	0	0	0	0	0	0	0	0	0	0	0	0	0	0	0	0	0	0	0	0	0	0	0	0	0	0	0	0	0	0	0	0	0	0	0	0	0	0	0	0	0	0	0	0
0	0	0	0	0	174	0	0	0	0	0	0	0	0	0	0	0	0	0	185	0	0	0	0	0	0	0	0	0	0	0	0	0	0	0	0	0	0	185	0	0	0	0	0	0	0	0	0	0	0
250	187	252	0	240	277	258	248	247	152	250	162	162	0	229	176	90	261	252	278	250	262	231	134	224	250	0	233	0	224	164	126	0	223	185	267	173	257	278	273	0	252	185	202	0	244	0	216	185	220
0	0	0	0	0	242	170	0	0	0	0	0	0	0	0	0	0	186	0	244	0	194	0	0	0	0	0	0	0	0	0	0	0	0	0	212	0	157	244	231	0	0	0	0	0	0	0	0	0	0
240	70	242	0	225	272	249	236	236	0	240	0	0	0	211	0	0	252	242	273	239	254	214	0	202	241	0	216	0	202	0	0	0	200	0	260	0	248	273	267	0	242	0	156	0	231	0	188	0	196
234	0	236	0	217	269	244	229	229	0	234	0	0	0	198	0	0	248	236	270	231	250	202	0	184	234	0	202	0	185	0	0	0	181	0	256	0	242	270	264	0	236	0	0	0	224	0	161	0	175
268	237	269	218	261	288	273	266	266	229	268	231	231	0	256	234	223	275	269	289	268	276	257	225	252	269	212	257	217	252	231	225	206	252	236	280	233	272	289	285	221	269	236	242	0	264	128	249	236	250
166	0	174	0	0	250	202	134	132	0	165	0	0	0	0	0	0	210	174	252	157	215	0	0	0	168	0	0	0	0	0	0	0	0	0	227	0	196	252	242	0	174	0	0	0	0	0	0	0	0
267	234	268	213	260	287	272	265	264	225	267	227	227	0	252	229	218	274	268	288	266	275	254	222	250	267	206	254	211	250	227	221	200	249	233	278	229	271	288	283	216	268	233	239	0	262	0	246	233	248
225	0	227	0	202	265	237	219	219	0	225	0	0	0	174	0	0	241	227	267	223	244	181	0	146	225	0	183	0	149	0	0	0	138	0	250	0	235	267	260	0	227	0	0	0	213	0	0	0	120
240	70	242	0	225	272	249	236	236	0	240	0	0	0	211	0	0	252	242	273	239	254	214	0	202	241	0	216	0	202	0	0	0	200	0	260	0	248	273	267	0	242	0	156	0	231	0	188	0	196
221	0	224	0	196	264	235	215	214	0	221	0	0	0	160	0	0	239	224	265	219	241	169	0	114	222	0	172	0	120	0	0	0	95	0	248	0	231	265	258	0	224	0	0	0	208	0	0	0	0

0	240	0	252	186	0	0	140	141	246	30	245	245	270	210	242	250	0	0	0	100	0	206	248	218	0	254	204	252	217	245	249	257	219	240	0	243	0	0	0	250	0	240	234	268	166	267	225	240	221
0	0	0	192	0	0	0	0	0	162	0	152	152	241	0	123	183	0	0	0	0	0	0	172	0	0	202	0	195	0	149	176	208	0	70	0	132	0	0	0	187	0	70	0	237	0	234	0	70	0
100	241	0	252	191	0	0	153	154	248	104	246	246	271	213	244	250	0	0	0	128	0	210	249	220	90	256	208	254	220	246	250	258	222	242	0	245	0	0	0	252	0	242	236	269	174	268	227	242	224
0	0	0	0	0	0	0	0	0	0	0	0	0	224	0	0	0	0	0	0	0	0	0	0	0	0	132	0	78	0	0	0	156	0	0	0	0	0	0	0	0	0	0	0	218	0	213	0	0	0
0	225	0	242	0	0	0	0	0	234	0	231	231	264	172	229	239	0	0	0	0	0	164	236	190	0	245	160	242	189	231	237	247	192	225	0	229	0	0	0	240	0	225	217	261	0	260	202	225	196
243	272	242	278	254	0	233	247	247	275	243	274	274	289	260	273	277	227	242	0	245	225	259	276	262	243	279	258	278	262	274	276	280	263	272	212	273	235	0	174	277	242	272	269	288	250	287	265	272	264
177	249	170	259	212	0	0	192	192	254	178	252	252	275	225	250	257	0	170	0	183	0	224	256	231	176	261	223	260	231	252	256	263	233	249	0	252	114	0	0	258	170	249	244	273	202	272	237	249	235
0	235	0	249	169	0	0	0	30	243	0	241	241	268	200	238	247	0	0	0	0	0	196	244	210	0	252	194	250	210	241	245	254	212	236	0	239	0	0	0	248	0	236	229	266	134	265	219	236	215
0	235	0	249	168	0	0	0	0	242	0	241	241	268	200	238	246	0	0	0	0	0	196	244	210	0	252	194	250	209	241	245	254	212	236	0	239	0	0	0	247	0	236	229	266	132	264	219	236	214
0	0	0	163	0	0	0	0	0	0	0	0	0	233	0	0	141	0	0	0	0	0	0	108	0	0	180	0	168	0	0	120	189	0	0	0	0	0	0	0	152	0	0	0	229	0	225	0	0	0
0	240	0	252	186	0	0	138	140	246	0	245	245	270	209	242	250	0	0	0	95	0	206	248	218	0	254	204	252	217	245	248	256	219	240	0	243	0	0	0	250	0	240	234	268	165	267	225	240	221
0	0	0	172	0	0	0	0	0	100	0	0	0	235	0	0	154	0	0	0	0	0	0	132	0	0	186	0	176	0	0	140	194	0	0	0	0	0	0	0	162	0	0	0	231	0	227	0	0	0
0	0	0	172	0	0	0	0	0	100	0	0	0	235	0	0	154	0	0	0	0	0	0	132	0	0	186	0	176	0	0	140	194	0	0	0	0	0	0	0	162	0	0	0	231	0	227	0	0	0
0	0	0	0	0	0	0	0	0	0	0	0	0	0	0	0	0	0	0	0	0	0	0	0	0	0	0	0	0	0	0	0	0	0	0	0	0	0	0	0	0	0	0	0	0	0	0	0	0	0
0	210	0	231	0	0	0	0	0	222	0	220	220	258	0	215	227	0	0	0	0	0	0	225	143	0	236	0	233	140	219	225	239	151	211	0	216	0	0	0	229	0	211	198	256	0	252	174	211	160
0	0	0	183	0	0	0	0	0	141	0	123	123	238	0	0	171	0	0	0	0	0	0	157	0	0	194	0	186	0	118	161	200	0	0	0	70	0	0	0	176	0	0	0	234	0	229	0	0	0
0	0	0	126	0	0	0	0	0	0	0	0	0	227	0	0	0	0	0	0	0	0	0	0	0	0	158	0	136	0	0	0	172	0	0	0	0	0	0	0	90	0	0	0	223	0	218	0	0	0
191	252	186	262	218	0	136	202	202	257	191	256	256	277	231	254	260	0	186	0	195	0	229	258	236	190	264	227	262	236	256	259	265	237	252	0	254	156	0	0	261	186	252	248	275	210	274	241	252	239
100	241	0	252	191	0	0	153	154	248	104	246	246	271	213	244	250	0	0	0	128	0	210	249	220	90	256	208	254	220	246	250	258	222	242	0	245	0	0	0	252	0	242	236	269	174	268	227	242	224
246	273	244	279	254	120	236	249	249	276	246	275	275	290	261	274	278	231	244	0	247	227	260	277	264	245	280	260	279	264	275	277	281	264	273	216	274	238	0	185	278	244	273	270	289	252	288	267	273	265
0	238	0	250	181	0	0	120	123	245	0	244	244	270	206	241	249	0	0	0	0	0	202	247	215	0	254	200	252	215	243	247	256	217	239	0	242	0	0	0	250	0	239	231	268	157	266	223	239	219
198	254	194	263	223	0	158	208	208	259	199	258	258	278	234	256	261	120	194	0	202	0	231	260	239	197	265	231	264	239	257	260	267	240	254	0	256	171	0	0	262	194	254	250	276	215	275	244	254	241
0	213	0	234	0	0	0	0	0	225	0	222	222	259	100	218	229	0	0	0	0	0	0	227	156	0	238	0	235	153	222	227	240	161	214	0	219	0	0	0	231	0	214	202	257	0	254	181	214	169
0	0	0	151	0	0	0	0	0	0	0	0	0	231	0	0	118	0	0	0	0	0	0	0	0	0	172	0	157	0	0	70	183	0	0	0	0	0	0	0	134	0	0	0	225	0	222	0	0	0
0	200	0	225	0	0	0	0	0	215	0	212	212	254	0	206	222	0	0	0	0	0	0	218	0	0	231	0	227	0	211	219	234	78	202	0	208	0	0	0	224	0	202	184	252	0	250	146	202	114
48	240	0	252	188	0	0	143	145	247	60	245	245	271	210	243	250	0	0	0	108	0	206	248	218	0	254	206	252	218	245	249	257	220	241	0	243	0	0	0	250	0	241	234	269	168	267	225	241	222
0	0	0	0	0	0	0	0	0	0	0	0	0	219	0	0	0	0	0	0	0	0	0	0	0	0	0	0	0	0	0	0	120	0	0	0	0	0	0	0	0	0	0	0	212	0	206	0	0	0
0	214	0	235	0	0	0	0	0	225	0	223	223	260	114	219	231	0	0	0	0	0	70	227	160	0	238	0	236	158	223	229	241	165	216	0	220	0	0	0	233	0	216	202	257	0	254	183	216	172
0	0	0	0	0	0	0	0	0	0	0	0	0	223	0	0	0	0	0	0	0	0	0	0	0	0	120	0	0	0	0	0	149	0	0	0	0	0	0	0	0	0	0	0	217	0	211	0	0	0
0	200	0	227	0	0	0	0	0	216	0	213	213	254	0	206	223	0	0	0	0	0	0	219	48	0	231	0	227	0	212	220	234	90	202	0	209	0	0	0	224	0	202	185	252	0	250	149	202	120
0	0	0	173	0	0	0	0	0	108	0	48	48	236	0	0	157	0	0	0	0	0	0	136	0	0	187	0	177	0	0	143	195	0	0	0	0	0	0	0	164	0	0	0	231	0	227	0	0	0
0	0	0	145	0	0	0	0	0	0	0	0	0	229	0	0	104	0	0	0	0	0	0	0	0	0	168	0	152	0	0	0	180	0	0	0	0	0	0	0	126	0	0	0	225	0	221	0	0	0
0	0	0	0	0	0	0	0	0	0	0	0	0	214	0	0	0	0	0	0	0	0	0	0	0	0	0	0	0	0	0	0	0	0	0	0	0	0	0	0	0	0	0	0	206	0	200	0	0	0
0	198	0	225	0	0	0	0	0	213	0	210	210	254	0	204	221	0	0	0	0	0	0	217	0	0	229	0	225	0	210	218	233	0	200	0	206	0	0	0	223	0	200	181	252	0	249	138	200	95
0	0	0	190	0	0	0	0	0	158	0	146	146	240	0	111	180	0	0	0	0	0	0	169	0	0	200	0	193	0	143	172	206	0	0	0	123	0	0	0	185	0	0	0	236	0	233	0	0	0
215	259	212	267	233	0	192	222	222	263	215	263	263	281	242	261	266	179	212	0	218	166	241	265	246	214	269	240	268	246	262	265	271	247	260	0	261	198	0	0	267	212	260	256	280	227	278	250	260	248
0	0	0	181	0	0	0	0	0	134	0	111	111	237	0	0	167	0	0	0	0	0	0	152	0	0	192	0	184	0	104	157	200	0	0	0	0	0	0	0	173	0	0	0	233	0	229	0	0	0
166	247	157	258	206	0	0	185	185	252	167	250	250	274	223	249	256	0	157	0	174	0	221	254	229	164	260	220	258	229	250	254	262	229	248	0	250	0	0	0	257	157	248	242	272	196	271	235	248	231
246	273	244	279	254	120	236	249	249	276	246	275	275	290	261	274	278	231	244	0	247	227	260	277	264	245	280	260	279	264	275	277	281	264	273	216	274	238	0	185	278	244	273	270	289	252	288	267	273	265
234	267	231	274	246	0	220	238	238	271	234	270	270	286	252	268	273	214	231	0	235	209	252	271	256	233	276	252	274	256	270	272	277	257	267	189	269	224	0	0	273	231	267	264	285	242	283	260	267	258
0	0	0	104	0	0	0	0	0	0	0	0	0	225	0	0	0	0	0	0	0	0	0	0	0	0	149	0	120	0	0	0	166	0	0	0	0	0	0	0	0	0	0	0	221	0	216	0	0	0
100	241	0	252	191	0	0	153	154	248	104	246	246	271	213	244	250	0	0	0	128	0	210	249	220	90	256	208	254	220	246	250	258	222	242	0	245	0	0	0	252	0	242	236	269	174	268	227	242	224
0	0	0	190	0	0	0	0	0	158	0	146	146	240	0	111	180	0	0	0	0	0	0	169	0	0	200	0	193	0	143	172	206	0	0	0	123	0	0	0	185	0	0	0	236	0	233	0	0	0
0	151	0	206	0	0	0	0	0	186	0	181	181	246	0	168	199	0	0	0	0	0	0	192	0	0	213	0	208	0	179	194	218	0	156	0	172	0	0	0	202	0	156	0	242	0	239	0	156	0
0	0	0	0	0	0	0	0	0	0	0	0	0	136	0	0	0	0	0	0	0	0	0	0	0	0	0	0	0	0	0	0	0	0	0	0	0	0	0	0	0	0	0	0	0	0	0	0	0	0
0	231	0	246	145	0	0	0	0	239	0	237	237	266	190	234	243	0	0	0	0	0	185	241	202	0	249	183	247	202	237	242	250	204	231	0	235	0	0	0	244	0	231	224	264	0	262	213	231	208
0	0	0	0	0	0	0	0	0	0	0	0	0	161	0	0	0	0	0	0	0	0	0	0	0	0	0	0	0	0	0	0	0	0	0	0	0	0	0	0	0	0	0	0	128	0	0	0	0	0
0	186	0	219	0	0	0	0	0	204	0	202	202	252	0	194	214	0	0	0	0	0	0	209	0	0	224	0	220	0	200	211	227	0	188	0	196	0	0	0	216	0	188	161	249	0	246	0	188	0
0	0	0	190	0	0	0	0	0	158	0	146	146	240	0	111	180	0	0	0	0	0	0	169	0	0	200	0	193	0	143	172	206	0	0	0	123	0	0	0	185	0	0	0	236	0	233	0	0	0
0	194	0	223	0	0	0	0	0	211	0	208	208	254	0	200	218	0	0	0	0	0	0	214	0	0	227	0	224	0	206	216	231	0	196	0	202	0	0	0	220	0	196	175	250	0	248	120	196	0

0	0	0	0	48	0	99	0	0	0	0	45	0	0	45	0	45	0	11	0	0	0	0	0	0	99	0	0	48	0	0	0	0	0	0	0	45	0	0	0	41	0	30	0	0	0	0	0	48	0
23	0	0	0	56	23	102	23	8	0	18	54	0	0	54	0	54	0	30	0	0	11	0	23	0	102	0	20	56	11	23	0	0	0	0	0	54	0	0	0	52	8	43	0	23	0	0	0	56	0
30	11	0	0	60	30	103	30	18	0	26	57	4	0	57	8	57	0	36	0	0	20	0	30	0	103	0	28	60	20	30	0	11	0	0	0	57	0	0	0	56	18	48	11	30	11	0	0	60	11
30	11	0	0	60	30	103	30	18	0	26	57	4	0	57	8	57	0	36	0	0	20	0	30	0	103	0	28	60	20	30	0	11	0	0	0	57	0	0	0	56	18	48	11	30	11	0	0	60	11
0	0	0	0	0	0	89	0	0	0	0	0	0	0	0	0	0	0	0	0	0	0	0	0	0	89	0	0	0	0	0	0	0	0	0	0	0	0	0	0	0	0	0	0	0	0	0	0	0	0
0	0	0	0	48	0	99	0	0	0	0	45	0	0	45	0	45	0	11	0	0	0	0	0	0	99	0	0	48	0	0	0	0	0	0	0	45	0	0	0	41	0	30	0	0	0	0	0	48	0
0	0	0	0	0	0	0	0	0	0	0	0	0	0	0	0	0	0	0	0	0	0	0	0	0	0	0	0	0	0	0	0	0	0	0	0	0	0	0	0	0	0	0	0	0	0	0	0	0	0
0	0	0	0	48	0	99	0	0	0	0	45	0	0	45	0	45	0	11	0	0	0	0	0	0	99	0	0	48	0	0	0	0	0	0	0	45	0	0	0	41	0	30	0	0	0	0	0	48	0
18	0	0	0	54	18	101	18	0	0	11	52	0	0	52	0	52	0	26	0	0	4	0	18	0	101	0	15	54	4	18	0	0	0	0	0	52	0	0	0	49	0	40	0	18	0	0	0	54	0
48	36	30	30	70	48	107	48	40	0	45	68	32	0	68	34	68	11	52	30	8	41	0	48	11	107	30	46	70	41	48	30	36	26	11	28	68	10	18	30	66	40	60	36	48	36	18	8	70	36
8	0	0	0	51	8	100	8	0	0	0	48	0	0	48	0	48	0	18	0	0	0	0	8	0	100	0	4	51	0	8	0	0	0	0	0	48	0	0	0	45	0	34	0	8	0	0	0	51	0
0	0	0	0	8	0	90	0	0	0	0	0	0	0	0	0	0	0	0	0	0	0	0	0	0	90	0	0	8	0	0	0	0	0	0	0	0	0	0	0	0	0	0	0	0	0	0	0	8	0
28	8	0	0	59	28	103	28	15	0	23	56	0	0	56	4	56	0	34	0	0	18	0	28	0	103	0	26	59	18	28	0	8	0	0	0	56	0	0	0	54	15	46	8	28	8	0	0	59	8
48	36	30	30	70	48	107	48	40	0	45	68	32	0	68	34	68	11	52	30	8	41	0	48	11	107	30	46	70	41	48	30	36	26	11	28	68	10	18	30	66	40	60	36	48	36	18	8	70	36
0	0	0	0	8	0	90	0	0	0	0	0	0	0	0	0	0	0	0	0	0	0	0	0	0	90	0	0	8	0	0	0	0	0	0	0	0	0	0	0	0	0	0	0	0	0	0	0	8	0
26	4	0	0	57	26	102	26	11	0	20	56	0	0	56	0	56	0	32	0	0	15	0	26	0	102	0	23	57	15	26	0	4	0	0	0	56	0	0	0	53	11	45	4	26	4	0	0	57	4
0	0	0	0	8	0	90	0	0	0	0	0	0	0	0	0	0	0	0	0	0	0	0	0	0	90	0	0	8	0	0	0	0	0	0	0	0	0	0	0	0	0	0	0	0	0	0	0	8	0
43	30	23	23	67	43	106	43	34	0	40	65	26	0	65	28	65	0	48	23	0	36	0	43	0	106	23	41	67	36	43	23	30	18	0	20	65	0	8	23	63	34	56	30	43	30	8	0	67	30
0	0	0	0	43	0	97	0	0	0	0	40	0	0	40	0	40	0	0	0	0	0	0	0	0	97	0	0	43	0	0	0	0	0	0	0	40	0	0	0	36	0	23	0	0	0	0	0	43	0
30	11	0	0	60	30	103	30	18	0	26	57	4	0	57	8	57	0	36	0	0	20	0	30	0	103	0	28	60	20	30	0	11	0	0	0	57	0	0	0	56	18	48	11	30	11	0	0	60	11
45	32	26	26	68	45	106	45	36	0	41	66	28	0	66	30	66	4	49	26	0	38	0	45	4	106	26	43	68	38	45	26	32	20	4	23	66	2	11	26	64	36	57	32	45	32	11	0	68	32
15	0	0	0	53	15	100	15	0	0	8	51	0	0	51	0	51	0	23	0	0	0	0	15	0	100	0	11	53	0	15	0	0	0	0	0	51	0	0	0	48	0	38	0	15	0	0	0	53	0
48	36	30	30	70	48	107	48	40	0	45	68	32	0	68	34	68	11	52	30	8	41	0	48	11	107	30	46	70	41	48	30	36	26	11	28	68	10	18	30	66	40	60	36	48	36	18	8	70	36
0	0	0	0	48	0	99	0	0	0	0	45	0	0	45	0	45	0	11	0	0	0	0	0	0	99	0	0	48	0	0	0	0	0	0	0	45	0	0	0	41	0	30	0	0	0	0	0	48	0
43	30	23	23	67	43	106	43	34	0	40	65	26	0	65	28	65	0	48	23	0	36	0	43	0	106	23	41	67	36	43	23	30	18	0	20	65	0	8	23	63	34	56	30	43	30	8	0	67	30
0	0	0	0	0	0	0	0	0	0	0	0	0	0	0	0	0	0	0	0	0	0	0	0	0	0	0	0	0	0	0	0	0	0	0	0	0	0	0	0	0	0	0	0	0	0	0	0	0	0
30	11	0	0	60	30	103	30	18	0	26	57	4	0	57	8	57	0	36	0	0	20	0	30	0	103	0	28	60	20	30	0	11	0	0	0	57	0	0	0	56	18	48	11	30	11	0	0	60	11
4	0	0	0	49	4	99	4	0	0	0	46	0	0	46	0	46	0	15	0	0	0	0	4	0	99	0	0	49	0	4	0	0	0	0	0	46	0	0	0	43	0	32	0	4	0	0	0	49	0
0	0	0	0	0	0	89	0	0	0	0	0	0	0	0	0	0	0	0	0	0	0	0	0	0	89	0	0	0	0	0	0	0	0	0	0	0	0	0	0	0	0	0	0	0	0	0	0	0	0
15	0	0	0	53	15	100	15	0	0	8	51	0	0	51	0	51	0	23	0	0	0	0	15	0	100	0	11	53	0	15	0	0	0	0	0	51	0	0	0	48	0	38	0	15	0	0	0	53	0
0	0	0	0	48	0	99	0	0	0	0	45	0	0	45	0	45	0	11	0	0	0	0	0	0	99	0	0	48	0	0	0	0	0	0	0	45	0	0	0	41	0	30	0	0	0	0	0	48	0
30	11	0	0	60	30	103	30	18	0	26	57	4	0	57	8	57	0	36	0	0	20	0	30	0	103	0	28	60	20	30	0	11	0	0	0	57	0	0	0	56	18	48	11	30	11	0	0	60	11
23	0	0	0	56	23	102	23	8	0	18	54	0	0	54	0	54	0	30	0	0	11	0	23	0	102	0	20	56	11	23	0	0	0	0	0	54	0	0	0	52	8	43	0	23	0	0	0	56	0
34	18	8	8	62	34	104	34	23	0	30	60	11	0	60	15	60	0	40	8	0	26	0	34	0	104	8	32	62	26	34	8	18	0	0	4	60	0	0	8	57	23	51	18	34	18	0	0	62	18
43	30	23	23	67	43	106	43	34	0	40	65	26	0	65	28	65	0	48	23	0	36	0	43	0	106	23	41	67	36	43	23	30	18	0	20	65	0	8	23	63	34	56	30	43	30	8	0	67	30
32	15	4	4	61	32	103	32	20	0	28	59	8	0	59	11	59	0	38	4	0	23	0	32	0	103	4	30	61	23	32	4	15	0	0	0	59	0	0	4	56	20	49	15	32	15	0	0	61	15
0	0	0	0	8	0	90	0	0	0	0	0	0	0	0	0	0	0	0	0	0	0	0	0	0	90	0	0	8	0	0	0	0	0	0	0	0	0	0	0	0	0	0	0	0	0	0	0	8	0
44	31	24	24	68	44	106	44	35	0	41	66	27	0	66	28	66	2	48	24	0	37	0	44	2	106	24	42	68	37	44	24	31	19	2	22	66	0	10	24	64	35	56	31	44	31	10	0	68	31
40	26	18	18	65	40	105	40	30	0	36	63	20	0	63	23	63	0	45	18	0	32	0	40	0	105	18	38	65	32	40	18	26	11	0	15	63	0	0	18	61	30	54	26	40	26	0	0	65	26
30	11	0	0	60	30	103	30	18	0	26	57	4	0	57	8	57	0	36	0	0	20	0	30	0	103	0	28	60	20	30	0	11	0	0	0	57	0	0	0	56	18	48	11	30	11	0	0	60	11
0	0	0	0	15	0	91	0	0	0	0	8	0	0	8	0	8	0	0	0	0	0	0	0	0	91	0	0	15	0	0	0	0	0	0	0	8	0	0	0	0	0	0	0	0	0	0	0	15	0
18	0	0	0	54	18	101	18	0	0	11	52	0	0	52	0	52	0	26	0	0	4	0	18	0	101	0	15	54	4	18	0	0	0	0	0	52	0	0	0	49	0	40	0	18	0	0	0	54	0
0	0	0	0	30	0	94	0	0	0	0	26	0	0	26	0	26	0	0	0	0	0	0	0	0	94	0	0	30	0	0	0	0	0	0	0	26	0	0	0	20	0	0	0	0	0	0	0	30	0
23	0	0	0	56	23	102	23	8	0	18	54	0	0	54	0	54	0	30	0	0	11	0	23	0	102	0	20	56	11	23	0	0	0	0	0	54	0	0	0	52	8	43	0	23	0	0	0	56	0
0	0	0	0	48	0	99	0	0	0	0	45	0	0	45	0	45	0	11	0	0	0	0	0	0	99	0	0	48	0	0	0	0	0	0	0	45	0	0	0	41	0	30	0	0	0	0	0	48	0
23	0	0	0	56	23	102	23	8	0	18	54	0	0	54	0	54	0	30	0	0	11	0	23	0	102	0	20	56	11	23	0	0	0	0	0	54	0	0	0	52	8	43	0	23	0	0	0	56	0
40	26	18	18	65	40	105	40	30	0	36	63	20	0	63	23	63	0	45	18	0	32	0	40	0	105	18	38	65	32	40	18	26	11	0	15	63	0	0	18	61	30	54	26	40	26	0	0	65	26
45	32	26	26	68	45	106	45	36	0	41	66	28	0	66	30	66	4	49	26	0	38	0	45	4	106	26	43	68	38	45	26	32	20	4	23	66	2	11	26	64	36	57	32	45	32	11	0	68	32
0	0	0	0	0	0	89	0	0	0	0	0	0	0	0	0	0	0	0	0	0	0	0	0	0	89	0	0	0	0	0	0	0	0	0	0	0	0	0	0	0	0	0	0	0	0	0	0	0	0
23	0	0	0	56	23	102	23	8	0	18	54	0	0	54	0	54	0	30	0	0	11	0	23	0	102	0	20	56	11	23	0	0	0	0	0	54	0	0	0	52	8	43	0	23	0	0	0	56	0

0	23	30	30	0	0	0	0	18	48	8	0	28	48	0	26	0	43	0	30	45	15	48	0	43	0	30	4	0	15	0	30	23	34	43	32	0	44	40	30	0	18	0	23	0	23	40	45	0	23
0	0	11	11	0	0	0	0	0	36	0	0	8	36	0	4	0	30	0	11	32	0	36	0	30	0	11	0	0	0	0	11	0	18	30	15	0	31	26	11	0	0	0	0	0	0	26	32	0	0
0	0	0	0	0	0	0	0	0	30	0	0	0	30	0	0	0	23	0	0	26	0	30	0	23	0	0	0	0	0	0	0	0	8	23	4	0	24	18	0	0	0	0	0	0	0	18	26	0	0
0	0	0	0	0	0	0	0	0	30	0	0	0	30	0	0	0	23	0	0	26	0	30	0	23	0	0	0	0	0	0	0	0	8	23	4	0	24	18	0	0	0	0	0	0	0	18	26	0	0
48	56	60	60	0	48	0	48	54	70	51	8	59	70	8	57	8	67	43	60	68	53	70	48	67	0	60	49	0	53	48	60	56	62	67	61	8	68	65	60	15	54	30	56	48	56	65	68	0	56
0	23	30	30	0	0	0	0	18	48	8	0	28	48	0	26	0	43	0	30	45	15	48	0	43	0	30	4	0	15	0	30	23	34	43	32	0	44	40	30	0	18	0	23	0	23	40	45	0	23
99	102	103	103	89	99	0	99	101	107	100	90	103	107	90	102	90	106	97	103	106	100	107	99	106	0	103	99	89	100	99	103	102	104	106	103	90	106	105	103	91	101	94	102	99	102	105	106	89	102
0	23	30	30	0	0	0	0	18	48	8	0	28	48	0	26	0	43	0	30	45	15	48	0	43	0	30	4	0	15	0	30	23	34	43	32	0	44	40	30	0	18	0	23	0	23	40	45	0	23
0	8	18	18	0	0	0	0	0	40	0	0	15	40	0	11	0	34	0	18	36	0	40	0	34	0	18	0	0	0	0	18	8	23	34	20	0	35	30	18	0	0	0	8	0	8	30	36	0	8
0	0	0	0	0	0	0	0	0	0	0	0	0	0	0	0	0	0	0	0	0	0	0	0	0	0	0	0	0	0	0	0	0	0	0	0	0	0	0	0	0	0	0	0	0	0	0	0	0	0
0	18	26	26	0	0	0	0	11	45	0	0	23	45	0	20	0	40	0	26	41	8	45	0	40	0	26	0	0	8	0	26	18	30	40	28	0	41	36	26	0	11	0	18	0	18	36	41	0	18
45	54	57	57	0	45	0	45	52	68	48	0	56	68	0	56	0	65	40	57	66	51	68	45	65	0	57	46	0	51	45	57	54	60	65	59	0	66	63	57	8	52	26	54	45	54	63	66	0	54
0	0	4	4	0	0	0	0	0	32	0	0	0	32	0	0	0	26	0	4	28	0	32	0	26	0	4	0	0	0	0	4	0	11	26	8	0	27	20	4	0	0	0	0	0	0	20	28	0	0
0	0	0	0	0	0	0	0	0	0	0	0	0	0	0	0	0	0	0	0	0	0	0	0	0	0	0	0	0	0	0	0	0	0	0	0	0	0	0	0	0	0	0	0	0	0	0	0	0	0
45	54	57	57	0	45	0	45	52	68	48	0	56	68	0	56	0	65	40	57	66	51	68	45	65	0	57	46	0	51	45	57	54	60	65	59	0	66	63	57	8	52	26	54	45	54	63	66	0	54
0	0	8	8	0	0	0	0	0	34	0	0	4	34	0	0	0	28	0	8	30	0	34	0	28	0	8	0	0	0	0	8	0	15	28	11	0	28	23	8	0	0	0	0	0	0	23	30	0	0
45	54	57	57	0	45	0	45	52	68	48	0	56	68	0	56	0	65	40	57	66	51	68	45	65	0	57	46	0	51	45	57	54	60	65	59	0	66	63	57	8	52	26	54	45	54	63	66	0	54
0	0	0	0	0	0	0	0	0	11	0	0	0	11	0	0	0	0	0	0	4	0	11	0	0	0	0	0	0	0	0	0	0	0	0	0	0	2	0	0	0	0	0	0	0	0	0	4	0	0
11	30	36	36	0	11	0	11	26	52	18	0	34	52	0	32	0	48	0	36	49	23	52	11	48	0	36	15	0	23	11	36	30	40	48	38	0	48	45	36	0	26	0	30	11	30	45	49	0	30
0	0	0	0	0	0	0	0	0	30	0	0	0	30	0	0	0	23	0	0	26	0	30	0	23	0	0	0	0	0	0	0	0	8	23	4	0	24	18	0	0	0	0	0	0	0	18	26	0	0
0	0	0	0	0	0	0	0	0	8	0	0	0	8	0	0	0	0	0	0	0	0	8	0	0	0	0	0	0	0	0	0	0	0	0	0	0	0	0	0	0	0	0	0	0	0	0	0	0	0
0	11	20	20	0	0	0	0	4	41	0	0	18	41	0	15	0	36	0	20	38	0	41	0	36	0	20	0	0	0	0	20	11	26	36	23	0	37	32	20	0	4	0	11	0	11	32	38	0	11
0	0	0	0	0	0	0	0	0	0	0	0	0	0	0	0	0	0	0	0	0	0	0	0	0	0	0	0	0	0	0	0	0	0	0	0	0	0	0	0	0	0	0	0	0	0	0	0	0	0
0	23	30	30	0	0	0	0	18	48	8	0	28	48	0	26	0	43	0	30	45	15	48	0	43	0	30	4	0	15	0	30	23	34	43	32	0	44	40	30	0	18	0	23	0	23	40	45	0	23
0	0	0	0	0	0	0	0	0	11	0	0	0	11	0	0	0	0	0	0	4	0	11	0	0	0	0	0	0	0	0	0	0	0	0	0	0	2	0	0	0	0	0	0	0	0	0	4	0	0
99	102	103	103	89	99	0	99	101	107	100	90	103	107	90	102	90	106	97	103	106	100	107	99	106	0	103	99	89	100	99	103	102	104	106	103	90	106	105	103	91	101	94	102	99	102	105	106	89	102
0	0	0	0	0	0	0	0	0	30	0	0	0	30	0	0	0	23	0	0	26	0	30	0	23	0	0	0	0	0	0	0	0	8	23	4	0	24	18	0	0	0	0	0	0	0	18	26	0	0
0	20	28	28	0	0	0	0	15	46	4	0	26	46	0	23	0	41	0	28	43	11	46	0	41	0	28	0	0	11	0	28	20	32	41	30	0	42	38	28	0	15	0	20	0	20	38	43	0	20
48	56	60	60	0	48	0	48	54	70	51	8	59	70	8	57	8	67	43	60	68	53	70	48	67	0	60	49	0	53	48	60	56	62	67	61	8	68	65	60	15	54	30	56	48	56	65	68	0	56
0	11	20	20	0	0	0	0	4	41	0	0	18	41	0	15	0	36	0	20	38	0	41	0	36	0	20	0	0	0	0	20	11	26	36	23	0	37	32	20	0	4	0	11	0	11	32	38	0	11
0	23	30	30	0	0	0	0	18	48	8	0	28	48	0	26	0	43	0	30	45	15	48	0	43	0	30	4	0	15	0	30	23	34	43	32	0	44	40	30	0	18	0	23	0	23	40	45	0	23
0	0	0	0	0	0	0	0	0	30	0	0	0	30	0	0	0	23	0	0	26	0	30	0	23	0	0	0	0	0	0	0	0	8	23	4	0	24	18	0	0	0	0	0	0	0	18	26	0	0
0	0	11	11	0	0	0	0	0	36	0	0	8	36	0	4	0	30	0	11	32	0	36	0	30	0	11	0	0	0	0	11	0	18	30	15	0	31	26	11	0	0	0	0	0	0	26	32	0	0
0	0	0	0	0	0	0	0	0	26	0	0	0	26	0	0	0	18	0	0	20	0	26	0	18	0	0	0	0	0	0	0	0	0	18	0	0	19	11	0	0	0	0	0	0	0	11	20	0	0
0	0	0	0	0	0	0	0	0	11	0	0	0	11	0	0	0	0	0	0	4	0	11	0	0	0	0	0	0	0	0	0	0	0	0	0	0	2	0	0	0	0	0	0	0	0	0	4	0	0
0	0	0	0	0	0	0	0	0	28	0	0	0	28	0	0	0	20	0	0	23	0	28	0	20	0	0	0	0	0	0	0	0	4	20	0	0	22	15	0	0	0	0	0	0	0	15	23	0	0
45	54	57	57	0	45	0	45	52	68	48	0	56	68	0	56	0	65	40	57	66	51	68	45	65	0	57	46	0	51	45	57	54	60	65	59	0	66	63	57	8	52	26	54	45	54	63	66	0	54
0	0	0	0	0	0	0	0	0	10	0	0	0	10	0	0	0	0	0	0	2	0	10	0	0	0	0	0	0	0	0	0	0	0	0	0	0	0	0	0	0	0	0	0	0	0	0	2	0	0
0	0	0	0	0	0	0	0	0	18	0	0	0	18	0	0	0	8	0	0	11	0	18	0	8	0	0	0	0	0	0	0	0	0	8	0	0	10	0	0	0	0	0	0	0	0	0	11	0	0
0	0	0	0	0	0	0	0	0	30	0	0	0	30	0	0	0	23	0	0	26	0	30	0	23	0	0	0	0	0	0	0	0	8	23	4	0	24	18	0	0	0	0	0	0	0	18	26	0	0
41	52	56	56	0	41	0	41	49	66	45	0	54	66	0	53	0	63	36	56	64	48	66	41	63	0	56	43	0	48	41	56	52	57	63	56	0	64	61	56	0	49	20	52	41	52	61	64	0	52
0	8	18	18	0	0	0	0	0	40	0	0	15	40	0	11	0	34	0	18	36	0	40	0	34	0	18	0	0	0	0	18	8	23	34	20	0	35	30	18	0	0	0	8	0	8	30	36	0	8
30	43	48	48	0	30	0	30	40	60	34	0	46	60	0	45	0	56	23	48	57	38	60	30	56	0	48	32	0	38	30	48	43	51	56	49	0	56	54	48	0	40	0	43	30	43	54	57	0	43
0	0	11	11	0	0	0	0	0	36	0	0	8	36	0	4	0	30	0	11	32	0	36	0	30	0	11	0	0	0	0	11	0	18	30	15	0	31	26	11	0	0	0	0	0	0	26	32	0	0
0	23	30	30	0	0	0	0	18	48	8	0	28	48	0	26	0	43	0	30	45	15	48	0	43	0	30	4	0	15	0	30	23	34	43	32	0	44	40	30	0	18	0	23	0	23	40	45	0	23
0	0	11	11	0	0	0	0	0	36	0	0	8	36	0	4	0	30	0	11	32	0	36	0	30	0	11	0	0	0	0	11	0	18	30	15	0	31	26	11	0	0	0	0	0	0	26	32	0	0
0	0	0	0	0	0	0	0	0	18	0	0	0	18	0	0	0	8	0	0	11	0	18	0	8	0	0	0	0	0	0	0	0	0	8	0	0	10	0	0	0	0	0	0	0	0	0	11	0	0
0	0	0	0	0	0	0	0	0	8	0	0	0	8	0	0	0	0	0	0	0	0	8	0	0	0	0	0	0	0	0	0	0	0	0	0	0	0	0	0	0	0	0	0	0	0	0	0	0	0
48	56	60	60	0	48	0	48	54	70	51	8	59	70	8	57	8	67	43	60	68	53	70	48	67	0	60	49	0	53	48	60	56	62	67	61	8	68	65	60	15	54	30	56	48	56	65	68	0	56
0	0	11	11	0	0	0	0	0	36	0	0	8	36	0	4	0	30	0	11	32	0	36	0	30	0	11	0	0	0	0	11	0	18	30	15	0	31	26	11	0	0	0	0	0	0	26	32	0	0