733 942 1001 851 980 919 989 988 911 965 903 938 834 811 648 350 955 962 962 949 769 741 751 986 871 729 931 911 952 722 799 976 1026 949 840 856 943 869 943 774 905 990 874 760 466 994 946 944 671 870

84

24 21 20 22 20 21 20 20 21 21 22 21 23 23 25 30 21 21 21 21 24 24 24 20 22 24 21 21 21 24 23 21 20 21 22 22 21 22 21 23 22 20 22 24 28 20 21 21 25 22

21.983750377821423 19.993261782686456 24.96993020751662 33.018621721215034

11954

0	0	0	0	0	0	0	0	0	0	0	0	0	0	0	0	0	0	0	0	200	198	0	0	0	0	0	0	0	212	0	0	0	0	0	0	0	0	0	213	0	0	0	0	0	0	0	0	0	0
267	0	187	247	134	48	134	186	200	0	233	244	0	0	186	263	151	0	186	0	276	275	0	132	249	233	252	213	245	278	0	177	186	195	257	254	188	0	252	278	234	195	244	250	244	191	242	0	0	252
260	0	0	234	0	0	0	0	145	0	214	231	0	0	0	254	0	0	0	0	270	269	0	0	237	214	242	179	231	272	0	0	0	123	248	245	48	0	242	272	216	123	231	240	231	90	227	0	0	242
224	0	0	0	0	0	0	0	0	0	0	0	0	0	0	213	0	0	0	0	244	243	0	0	120	0	165	0	0	248	0	0	0	0	190	182	0	0	164	249	0	0	0	154	0	0	0	0	0	164
265	0	172	243	0	0	0	171	190	0	227	241	0	0	171	261	104	0	171	0	274	273	0	0	246	227	250	204	242	276	0	158	171	184	254	252	174	0	250	276	229	184	240	249	241	178	238	0	0	250
267	0	186	246	130	0	130	185	200	0	231	244	0	0	185	263	148	0	185	0	275	275	0	128	249	231	252	212	245	277	0	176	185	194	257	254	187	0	252	278	233	194	244	250	244	190	241	0	0	252
265	0	172	243	0	0	0	171	190	0	227	241	0	0	171	261	104	0	171	0	274	273	0	0	246	227	250	204	242	276	0	158	171	184	254	252	174	0	250	276	229	184	240	249	241	178	238	0	0	250
260	0	48	235	0	0	0	0	148	0	215	231	0	0	0	254	0	0	0	0	270	269	0	0	237	215	242	180	231	272	0	0	0	128	248	246	70	0	242	272	216	128	231	241	231	100	227	0	0	242
256	0	0	229	0	0	0	0	0	0	204	225	0	0	0	252	0	0	0	0	267	266	0	0	231	204	237	153	225	270	0	0	0	0	243	241	0	0	237	270	206	0	224	236	225	0	221	0	0	237
270	159	204	252	178	161	178	204	214	0	240	250	0	0	204	267	185	0	204	130	278	278	0	177	254	240	257	224	250	280	0	199	204	211	261	260	206	0	257	280	241	211	250	256	250	208	248	0	0	257
241	0	0	191	0	0	0	0	0	0	0	182	0	0	0	234	0	0	0	0	254	254	0	0	199	0	210	0	185	259	0	0	0	0	221	217	0	0	210	259	78	0	181	206	182	0	171	0	0	210
227	0	0	123	0	0	0	0	0	0	0	0	0	0	0	218	0	0	0	0	247	246	0	0	151	0	179	0	78	250	0	0	0	0	198	191	0	0	178	250	0	0	0	171	0	0	0	0	0	178
270	160	204	252	179	162	179	204	215	30	240	250	0	0	204	267	185	0	204	132	278	278	0	178	254	240	258	224	250	280	0	199	204	211	261	260	206	0	257	281	241	211	250	256	250	208	248	0	0	257
282	229	243	269	234	229	234	243	247	220	261	267	220	0	243	279	236	219	243	225	288	288	197	233	270	261	273	252	268	290	136	240	243	245	275	274	243	220	273	290	261	245	267	272	267	244	266	219	0	273
260	0	48	235	0	0	0	0	148	0	215	231	0	0	0	254	0	0	0	0	270	269	0	0	237	215	242	180	231	272	0	0	0	128	248	246	70	0	242	272	216	128	231	241	231	100	227	0	0	242
160	0	0	0	0	0	0	0	0	0	0	0	0	0	0	0	0	0	0	0	215	213	0	0	0	0	0	0	0	223	0	0	0	0	0	0	0	0	0	224	0	0	0	0	0	0	0	0	0	0
264	0	163	242	0	0	0	161	185	0	225	239	0	0	161	260	0	0	161	0	273	273	0	0	244	225	249	200	240	275	0	145	161	177	252	250	165	0	248	276	227	177	239	247	239	170	236	0	0	248
271	161	206	252	179	163	179	204	215	48	240	250	30	0	204	267	186	0	204	134	278	278	0	179	254	240	258	224	250	280	0	200	204	211	261	260	206	30	258	281	241	211	250	256	250	208	248	0	0	258
260	0	48	235	0	0	0	0	148	0	215	231	0	0	0	254	0	0	0	0	270	269	0	0	237	215	242	180	231	272	0	0	0	128	248	246	70	0	242	272	216	128	231	241	231	100	227	0	0	242
269	130	197	249	161	134	161	196	208	0	236	247	0	0	196	265	171	0	196	0	277	276	0	160	250	236	254	218	248	279	0	189	196	204	259	258	198	0	254	279	237	204	247	254	247	200	245	0	0	254
0	0	0	0	0	0	0	0	0	0	0	0	0	0	0	0	0	0	0	0	0	0	0	0	0	0	0	0	0	146	0	0	0	0	0	0	0	0	0	151	0	0	0	0	0	0	0	0	0	0
0	0	0	0	0	0	0	0	0	0	0	0	0	0	0	0	0	0	0	0	90	0	0	0	0	0	0	0	0	156	0	0	0	0	0	0	0	0	0	159	0	0	0	0	0	0	0	0	0	0
276	202	225	260	210	202	210	224	231	182	250	258	181	0	224	273	213	181	224	193	283	282	0	209	261	250	264	237	259	285	0	221	224	229	268	266	225	181	264	285	250	229	258	263	258	225	256	181	0	264
265	0	173	244	30	0	30	172	191	0	227	241	0	0	172	261	108	0	172	0	274	273	0	0	246	227	250	206	242	276	0	159	172	185	254	252	175	0	250	276	229	185	241	249	241	179	238	0	0	250
220	0	0	0	0	0	0	0	0	0	0	0	0	0	0	208	0	0	0	0	242	241	0	0	0	0	148	0	0	246	0	0	0	0	181	171	0	0	146	247	0	0	0	130	0	0	0	0	0	146
241	0	0	191	0	0	0	0	0	0	0	182	0	0	0	234	0	0	0	0	254	254	0	0	199	0	210	0	185	259	0	0	0	0	221	217	0	0	210	259	78	0	181	206	182	0	171	0	0	210
212	0	0	0	0	0	0	0	0	0	0	0	0	0	0	196	0	0	0	0	237	235	0	0	0	0	0	0	0	242	0	0	0	0	156	134	0	0	0	242	0	0	0	0	0	0	0	0	0	0
252	0	0	220	0	0	0	0	0	0	190	216	0	0	0	247	0	0	0	0	264	263	0	0	224	190	231	0	217	267	0	0	0	0	238	235	0	0	231	267	192	0	215	229	216	0	211	0	0	231
227	0	0	108	0	0	0	0	0	0	0	0	0	0	0	217	0	0	0	0	246	245	0	0	143	0	175	0	0	250	0	0	0	0	196	189	0	0	174	250	0	0	0	166	0	0	0	0	0	174
0	0	0	0	0	0	0	0	0	0	0	0	0	0	0	0	0	0	0	0	0	0	0	0	0	0	0	0	0	0	0	0	0	0	0	0	0	0	0	60	0	0	0	0	0	0	0	0	0	0
281	224	239	267	229	225	229	239	244	213	259	265	213	0	239	278	231	213	239	219	287	287	185	229	268	259	271	249	266	289	0	237	239	242	274	273	240	213	271	289	259	242	265	270	265	240	264	213	0	271
261	0	120	237	0	0	0	114	163	0	219	234	0	0	114	257	0	0	114	0	271	270	0	0	240	219	245	188	235	273	0	0	114	151	250	248	126	0	244	273	220	151	234	243	234	136	231	0	0	244
260	0	48	235	0	0	0	0	148	0	215	231	0	0	0	254	0	0	0	0	270	269	0	0	237	215	242	180	231	272	0	0	0	128	248	246	70	0	242	272	216	128	231	241	231	100	227	0	0	242
258	0	0	231	0	0	0	0	108	0	209	227	0	0	0	252	0	0	0	0	268	267	0	0	234	209	239	165	229	271	0	0	0	0	245	243	0	0	239	271	211	0	227	238	227	0	224	0	0	239
198	0	0	0	0	0	0	0	0	0	0	0	0	0	0	176	0	0	0	0	229	227	0	0	0	0	0	0	0	235	0	0	0	0	0	0	0	0	0	236	0	0	0	0	0	0	0	0	0	0
204	0	0	0	0	0	0	0	0	0	0	0	0	0	0	185	0	0	0	0	233	231	0	0	0	0	0	0	0	238	0	0	0	0	118	0	0	0	0	239	0	0	0	0	0	0	0	0	0	0
259	0	0	234	0	0	0	0	141	0	214	231	0	0	0	254	0	0	0	0	269	269	0	0	237	214	242	177	231	272	0	0	0	118	247	245	0	0	242	272	215	118	229	240	231	78	227	0	0	242
270	160	204	252	179	162	179	204	215	30	240	250	0	0	204	267	185	0	204	132	278	278	0	178	254	240	258	224	250	280	0	199	204	211	261	260	206	0	257	281	241	211	250	256	250	208	248	0	0	257
212	0	0	0	0	0	0	0	0	0	0	0	0	0	0	197	0	0	0	0	237	236	0	0	0	0	30	0	0	242	0	0	0	0	157	136	0	0	0	242	0	0	0	0	0	0	0	0	0	0
0	0	0	0	0	0	0	0	0	0	0	0	0	0	0	0	0	0	0	0	0	0	0	0	0	0	0	0	0	0	0	0	0	0	0	0	0	0	0	0	0	0	0	0	0	0	0	0	0	0
240	0	0	189	0	0	0	0	0	0	0	179	0	0	0	233	0	0	0	0	254	254	0	0	196	0	208	0	182	258	0	0	0	0	219	215	0	0	208	258	0	0	177	204	179	0	166	0	0	208
258	0	0	231	0	0	0	0	108	0	209	227	0	0	0	252	0	0	0	0	268	267	0	0	234	209	239	165	229	271	0	0	0	0	245	243	0	0	239	271	211	0	227	238	227	0	224	0	0	239
229	0	0	128	0	0	0	0	0	0	0	48	0	0	0	219	0	0	0	0	247	246	0	0	153	0	180	0	90	250	0	0	0	0	199	192	0	0	179	250	0	0	0	172	48	0	0	0	0	179
215	0	0	0	0	0	0	0	0	0	0	0	0	0	0	200	0	0	0	0	239	237	0	0	0	0	104	0	0	243	0	0	0	0	166	151	0	0	100	244	0	0	0	0	0	0	0	0	0	100
227	0	0	123	0	0	0	0	0	0	0	0	0	0	0	218	0	0	0	0	247	246	0	0	151	0	179	0	78	250	0	0	0	0	198	191	0	0	178	250	0	0	0	171	0	0	0	0	0	178
259	0	0	233	0	0	0	0	132	0	212	229	0	0	0	254	0	0	0	0	269	268	0	0	236	212	241	173	231	271	0	0	0	100	247	244	0	0	241	272	214	100	229	239	229	0	225	0	0	241
231	0	0	151	0	0	0	0	0	0	0	120	0	0	0	222	0	0	0	0	249	248	0	0	167	0	188	0	132	252	0	0	0	0	204	199	0	0	188	252	0	0	114	182	120	0	0	0	0	188
271	161	206	252	179	163	179	204	215	48	240	250	30	0	204	267	186	0	204	134	278	278	0	179	254	240	258	224	250	280	0	200	204	211	261	260	206	30	258	281	241	211	250	256	250	208	248	0	0	258
284	235	247	271	239	235	239	247	250	225	264	270	225	143	247	281	240	225	247	231	290	289	208	238	272	264	275	254	270	291	169	245	247	249	277	276	247	225	275	291	264	249	270	274	270	248	268	225	0	275
212	0	0	0	0	0	0	0	0	0	0	0	0	0	0	197	0	0	0	0	237	236	0	0	0	0	30	0	0	242	0	0	0	0	157	136	0	0	0	242	0	0	0	0	0	0	0	0	0	0

0	267	260	224	265	267	265	260	256	270	241	227	270	282	260	160	264	271	260	269	0	0	276	265	220	241	212	252	227	0	281	261	260	258	198	204	259	270	212	0	240	258	229	215	227	259	231	271	284	212
0	0	0	0	0	0	0	0	0	159	0	0	160	229	0	0	0	161	0	130	0	0	202	0	0	0	0	0	0	0	224	0	0	0	0	0	0	160	0	0	0	0	0	0	0	0	0	161	235	0
0	187	0	0	172	186	172	48	0	204	0	0	204	243	48	0	163	206	48	197	0	0	225	173	0	0	0	0	0	0	239	120	48	0	0	0	0	204	0	0	0	0	0	0	0	0	0	206	247	0
0	247	234	0	243	246	243	235	229	252	191	123	252	269	235	0	242	252	235	249	0	0	260	244	0	191	0	220	108	0	267	237	235	231	0	0	234	252	0	0	189	231	128	0	123	233	151	252	271	0
0	134	0	0	0	130	0	0	0	178	0	0	179	234	0	0	0	179	0	161	0	0	210	30	0	0	0	0	0	0	229	0	0	0	0	0	0	179	0	0	0	0	0	0	0	0	0	179	239	0
0	48	0	0	0	0	0	0	0	161	0	0	162	229	0	0	0	163	0	134	0	0	202	0	0	0	0	0	0	0	225	0	0	0	0	0	0	162	0	0	0	0	0	0	0	0	0	163	235	0
0	134	0	0	0	130	0	0	0	178	0	0	179	234	0	0	0	179	0	161	0	0	210	30	0	0	0	0	0	0	229	0	0	0	0	0	0	179	0	0	0	0	0	0	0	0	0	179	239	0
0	186	0	0	171	185	171	0	0	204	0	0	204	243	0	0	161	204	0	196	0	0	224	172	0	0	0	0	0	0	239	114	0	0	0	0	0	204	0	0	0	0	0	0	0	0	0	204	247	0
0	200	145	0	190	200	190	148	0	214	0	0	215	247	148	0	185	215	148	208	0	0	231	191	0	0	0	0	0	0	244	163	148	108	0	0	141	215	0	0	0	108	0	0	0	132	0	215	250	0
0	0	0	0	0	0	0	0	0	0	0	0	30	220	0	0	0	48	0	0	0	0	182	0	0	0	0	0	0	0	213	0	0	0	0	0	0	30	0	0	0	0	0	0	0	0	0	48	225	0
0	233	214	0	227	231	227	215	204	240	0	0	240	261	215	0	225	240	215	236	0	0	250	227	0	0	0	190	0	0	259	219	215	209	0	0	214	240	0	0	0	209	0	0	0	212	0	240	264	0
0	244	231	0	241	244	241	231	225	250	182	0	250	267	231	0	239	250	231	247	0	0	258	241	0	182	0	216	0	0	265	234	231	227	0	0	231	250	0	0	179	227	48	0	0	229	120	250	270	0
0	0	0	0	0	0	0	0	0	0	0	0	0	220	0	0	0	30	0	0	0	0	181	0	0	0	0	0	0	0	213	0	0	0	0	0	0	0	0	0	0	0	0	0	0	0	0	30	225	0
0	0	0	0	0	0	0	0	0	0	0	0	0	0	0	0	0	0	0	0	0	0	0	0	0	0	0	0	0	0	0	0	0	0	0	0	0	0	0	0	0	0	0	0	0	0	0	0	143	0
0	186	0	0	171	185	171	0	0	204	0	0	204	243	0	0	161	204	0	196	0	0	224	172	0	0	0	0	0	0	239	114	0	0	0	0	0	204	0	0	0	0	0	0	0	0	0	204	247	0
0	263	254	213	261	263	261	254	252	267	234	218	267	279	254	0	260	267	254	265	0	0	273	261	208	234	196	247	217	0	278	257	254	252	176	185	254	267	197	0	233	252	219	200	218	254	222	267	281	197
0	151	0	0	104	148	104	0	0	185	0	0	185	236	0	0	0	186	0	171	0	0	213	108	0	0	0	0	0	0	231	0	0	0	0	0	0	185	0	0	0	0	0	0	0	0	0	186	240	0
0	0	0	0	0	0	0	0	0	0	0	0	0	219	0	0	0	0	0	0	0	0	181	0	0	0	0	0	0	0	213	0	0	0	0	0	0	0	0	0	0	0	0	0	0	0	0	0	225	0
0	186	0	0	171	185	171	0	0	204	0	0	204	243	0	0	161	204	0	196	0	0	224	172	0	0	0	0	0	0	239	114	0	0	0	0	0	204	0	0	0	0	0	0	0	0	0	204	247	0
0	0	0	0	0	0	0	0	0	130	0	0	132	225	0	0	0	134	0	0	0	0	193	0	0	0	0	0	0	0	219	0	0	0	0	0	0	132	0	0	0	0	0	0	0	0	0	134	231	0
200	276	270	244	274	275	274	270	267	278	254	247	278	288	270	215	273	278	270	277	0	90	283	274	242	254	237	264	246	0	287	271	270	268	229	233	269	278	237	0	254	268	247	239	247	269	249	278	290	237
198	275	269	243	273	275	273	269	266	278	254	246	278	288	269	213	273	278	269	276	0	0	282	273	241	254	235	263	245	0	287	270	269	267	227	231	269	278	236	0	254	267	246	237	246	268	248	278	289	236
0	0	0	0	0	0	0	0	0	0	0	0	0	197	0	0	0	0	0	0	0	0	0	0	0	0	0	0	0	0	185	0	0	0	0	0	0	0	0	0	0	0	0	0	0	0	0	0	208	0
0	132	0	0	0	128	0	0	0	177	0	0	178	233	0	0	0	179	0	160	0	0	209	0	0	0	0	0	0	0	229	0	0	0	0	0	0	178	0	0	0	0	0	0	0	0	0	179	238	0
0	249	237	120	246	249	246	237	231	254	199	151	254	270	237	0	244	254	237	250	0	0	261	246	0	199	0	224	143	0	268	240	237	234	0	0	237	254	0	0	196	234	153	0	151	236	167	254	272	0
0	233	214	0	227	231	227	215	204	240	0	0	240	261	215	0	225	240	215	236	0	0	250	227	0	0	0	190	0	0	259	219	215	209	0	0	214	240	0	0	0	209	0	0	0	212	0	240	264	0
0	252	242	165	250	252	250	242	237	257	210	179	258	273	242	0	249	258	242	254	0	0	264	250	148	210	0	231	175	0	271	245	242	239	0	0	242	258	30	0	208	239	180	104	179	241	188	258	275	30
0	213	179	0	204	212	204	180	153	224	0	0	224	252	180	0	200	224	180	218	0	0	237	206	0	0	0	0	0	0	249	188	180	165	0	0	177	224	0	0	0	165	0	0	0	173	0	224	254	0
0	245	231	0	242	245	242	231	225	250	185	78	250	268	231	0	240	250	231	248	0	0	259	242	0	185	0	217	0	0	266	235	231	229	0	0	231	250	0	0	182	229	90	0	78	231	132	250	270	0
212	278	272	248	276	277	276	272	270	280	259	250	280	290	272	223	275	280	272	279	146	156	285	276	246	259	242	267	250	0	289	273	272	271	235	238	272	280	242	0	258	271	250	243	250	271	252	280	291	242
0	0	0	0	0	0	0	0	0	0	0	0	0	136	0	0	0	0	0	0	0	0	0	0	0	0	0	0	0	0	0	0	0	0	0	0	0	0	0	0	0	0	0	0	0	0	0	0	169	0
0	177	0	0	158	176	158	0	0	199	0	0	199	240	0	0	145	200	0	189	0	0	221	159	0	0	0	0	0	0	237	0	0	0	0	0	0	199	0	0	0	0	0	0	0	0	0	200	245	0
0	186	0	0	171	185	171	0	0	204	0	0	204	243	0	0	161	204	0	196	0	0	224	172	0	0	0	0	0	0	239	114	0	0	0	0	0	204	0	0	0	0	0	0	0	0	0	204	247	0
0	195	123	0	184	194	184	128	0	211	0	0	211	245	128	0	177	211	128	204	0	0	229	185	0	0	0	0	0	0	242	151	128	0	0	0	118	211	0	0	0	0	0	0	0	100	0	211	249	0
0	257	248	190	254	257	254	248	243	261	221	198	261	275	248	0	252	261	248	259	0	0	268	254	181	221	156	238	196	0	274	250	248	245	0	118	247	261	157	0	219	245	199	166	198	247	204	261	277	157
0	254	245	182	252	254	252	246	241	260	217	191	260	274	246	0	250	260	246	258	0	0	266	252	171	217	134	235	189	0	273	248	246	243	0	0	245	260	136	0	215	243	192	151	191	244	199	260	276	136
0	188	48	0	174	187	174	70	0	206	0	0	206	243	70	0	165	206	70	198	0	0	225	175	0	0	0	0	0	0	240	126	70	0	0	0	0	206	0	0	0	0	0	0	0	0	0	206	247	0
0	0	0	0	0	0	0	0	0	0	0	0	0	220	0	0	0	30	0	0	0	0	181	0	0	0	0	0	0	0	213	0	0	0	0	0	0	0	0	0	0	0	0	0	0	0	0	30	225	0
0	252	242	164	250	252	250	242	237	257	210	178	257	273	242	0	248	258	242	254	0	0	264	250	146	210	0	231	174	0	271	244	242	239	0	0	242	257	0	0	208	239	179	100	178	241	188	258	275	0
213	278	272	249	276	278	276	272	270	280	259	250	281	290	272	224	276	281	272	279	151	159	285	276	247	259	242	267	250	60	289	273	272	271	236	239	272	281	242	0	258	271	250	244	250	272	252	281	291	242
0	234	216	0	229	233	229	216	206	241	78	0	241	261	216	0	227	241	216	237	0	0	250	229	0	78	0	192	0	0	259	220	216	211	0	0	215	241	0	0	0	211	0	0	0	214	0	241	264	0
0	195	123	0	184	194	184	128	0	211	0	0	211	245	128	0	177	211	128	204	0	0	229	185	0	0	0	0	0	0	242	151	128	0	0	0	118	211	0	0	0	0	0	0	0	100	0	211	249	0
0	244	231	0	240	244	240	231	224	250	181	0	250	267	231	0	239	250	231	247	0	0	258	241	0	181	0	215	0	0	265	234	231	227	0	0	229	250	0	0	177	227	0	0	0	229	114	250	270	0
0	250	240	154	249	250	249	241	236	256	206	171	256	272	241	0	247	256	241	254	0	0	263	249	130	206	0	229	166	0	270	243	241	238	0	0	240	256	0	0	204	238	172	0	171	239	182	256	274	0
0	244	231	0	241	244	241	231	225	250	182	0	250	267	231	0	239	250	231	247	0	0	258	241	0	182	0	216	0	0	265	234	231	227	0	0	231	250	0	0	179	227	48	0	0	229	120	250	270	0
0	191	90	0	178	190	178	100	0	208	0	0	208	244	100	0	170	208	100	200	0	0	225	179	0	0	0	0	0	0	240	136	100	0	0	0	78	208	0	0	0	0	0	0	0	0	0	208	248	0
0	242	227	0	238	241	238	227	221	248	171	0	248	266	227	0	236	248	227	245	0	0	256	238	0	171	0	211	0	0	264	231	227	224	0	0	227	248	0	0	166	224	0	0	0	225	0	248	268	0
0	0	0	0	0	0	0	0	0	0	0	0	0	219	0	0	0	0	0	0	0	0	181	0	0	0	0	0	0	0	213	0	0	0	0	0	0	0	0	0	0	0	0	0	0	0	0	0	225	0
0	0	0	0	0	0	0	0	0	0	0	0	0	0	0	0	0	0	0	0	0	0	0	0	0	0	0	0	0	0	0	0	0	0	0	0	0	0	0	0	0	0	0	0	0	0	0	0	0	0
0	252	242	164	250	252	250	242	237	257	210	178	257	273	242	0	248	258	242	254	0	0	264	250	146	210	0	231	174	0	271	244	242	239	0	0	242	257	0	0	208	239	179	100	178	241	188	258	275	0

0	0	0	0	0	18	0	0	18	0	0	0	40	0	101	110	0	0	26	0	0	0	30	0	0	54	0	0	0	0	0	0	0	0	0	4	0	0	0	0	0	0	18	40	101	0	0	0	0	18
30	0	28	0	11	40	20	0	40	18	0	18	54	18	105	112	30	11	45	15	18	0	48	20	0	65	18	30	18	0	18	23	0	0	0	32	0	0	18	0	0	16	40	54	105	18	16	18	0	40
4	0	0	0	0	20	0	0	20	0	0	0	41	0	101	110	4	0	28	0	0	0	32	0	0	56	0	4	0	0	0	0	0	0	0	8	0	0	0	0	0	0	20	41	101	0	0	0	0	20
34	8	32	0	18	43	26	0	43	23	8	23	56	23	106	113	34	18	48	20	23	4	51	26	0	67	23	34	23	0	23	28	8	0	0	36	0	0	23	8	0	22	43	56	106	23	22	23	0	43
23	0	20	0	0	34	11	0	34	8	0	8	51	8	104	112	23	0	40	4	8	0	43	11	0	62	8	23	8	0	8	15	0	0	0	26	0	0	8	0	0	6	34	51	104	8	6	8	0	34
0	0	0	0	0	0	0	0	0	0	0	0	30	0	99	108	0	0	11	0	0	0	18	0	0	48	0	0	0	0	0	0	0	0	0	0	0	0	0	0	0	0	0	30	99	0	0	0	0	0
15	0	11	0	0	28	0	0	28	0	0	0	46	0	103	111	15	0	34	0	0	0	38	0	0	59	0	15	0	0	0	4	0	0	0	18	0	0	0	0	0	0	28	46	103	0	0	0	0	28
38	15	36	8	23	46	30	0	46	28	15	28	59	28	106	113	38	23	51	26	28	11	53	30	0	69	28	38	28	0	28	32	15	0	0	40	0	0	28	15	4	27	46	59	106	28	27	28	0	46
0	0	0	0	0	0	0	0	0	0	0	0	30	0	99	108	0	0	11	0	0	0	18	0	0	48	0	0	0	0	0	0	0	0	0	0	0	0	0	0	0	0	0	30	99	0	0	0	0	0
18	0	15	0	0	30	4	0	30	0	0	0	48	0	103	111	18	0	36	0	0	0	40	4	0	60	0	18	0	0	0	8	0	0	0	20	0	0	0	0	0	0	30	48	103	0	0	0	0	30
30	0	28	0	11	40	20	0	40	18	0	18	54	18	105	112	30	11	45	15	18	0	48	20	0	65	18	30	18	0	18	23	0	0	0	32	0	0	18	0	0	16	40	54	105	18	16	18	0	40
18	0	15	0	0	30	4	0	30	0	0	0	48	0	103	111	18	0	36	0	0	0	40	4	0	60	0	18	0	0	0	8	0	0	0	20	0	0	0	0	0	0	30	48	103	0	0	0	0	30
0	0	0	0	0	0	0	0	0	0	0	0	0	0	94	104	0	0	0	0	0	0	0	0	0	30	0	0	0	0	0	0	0	0	0	0	0	0	0	0	0	0	0	0	94	0	0	0	0	0
18	0	15	0	0	30	4	0	30	0	0	0	48	0	103	111	18	0	36	0	0	0	40	4	0	60	0	18	0	0	0	8	0	0	0	20	0	0	0	0	0	0	30	48	103	0	0	0	0	30
0	0	0	0	0	0	0	0	0	0	0	0	0	0	0	52	0	0	0	0	0	0	0	0	0	0	0	0	0	0	0	0	0	0	0	0	0	0	0	0	0	0	0	0	0	0	0	0	0	0
0	0	0	0	0	0	0	0	0	0	0	0	0	0	0	0	0	0	0	0	0	0	0	0	0	0	0	0	0	0	0	0	0	0	0	0	0	0	0	0	0	0	0	0	0	0	0	0	0	0
0	0	0	0	0	18	0	0	18	0	0	0	40	0	101	110	0	0	26	0	0	0	30	0	0	54	0	0	0	0	0	0	0	0	0	4	0	0	0	0	0	0	18	40	101	0	0	0	0	18
23	0	20	0	0	34	11	0	34	8	0	8	51	8	104	112	23	0	40	4	8	0	43	11	0	62	8	23	8	0	8	15	0	0	0	26	0	0	8	0	0	6	34	51	104	8	6	8	0	34
0	0	0	0	0	0	0	0	0	0	0	0	23	0	97	107	0	0	0	0	0	0	8	0	0	43	0	0	0	0	0	0	0	0	0	0	0	0	0	0	0	0	0	23	97	0	0	0	0	0
20	0	18	0	0	32	8	0	32	4	0	4	49	4	103	112	20	0	38	0	4	0	41	8	0	61	4	20	4	0	4	11	0	0	0	23	0	0	4	0	0	2	32	49	103	4	2	4	0	32
18	0	15	0	0	30	4	0	30	0	0	0	48	0	103	111	18	0	36	0	0	0	40	4	0	60	0	18	0	0	0	8	0	0	0	20	0	0	0	0	0	0	30	48	103	0	0	0	0	30
32	4	30	0	15	41	23	0	41	20	4	20	56	20	105	112	32	15	46	18	20	0	49	23	0	66	20	32	20	0	20	26	4	0	0	34	0	0	20	4	0	19	41	56	105	20	19	20	0	41
0	0	0	0	0	0	0	0	0	0	0	0	18	0	96	106	0	0	0	0	0	0	0	0	0	40	0	0	0	0	0	0	0	0	0	0	0	0	0	0	0	0	0	18	96	0	0	0	0	0
15	0	11	0	0	28	0	0	28	0	0	0	46	0	103	111	15	0	34	0	0	0	38	0	0	59	0	15	0	0	0	4	0	0	0	18	0	0	0	0	0	0	28	46	103	0	0	0	0	28
40	18	38	11	26	48	32	4	48	30	18	30	60	30	107	114	40	26	52	28	30	15	54	32	0	70	30	40	30	0	30	34	18	0	0	41	0	0	30	18	8	28	48	60	107	30	28	30	0	48
0	0	0	0	0	0	0	0	0	0	0	0	0	0	89	100	0	0	0	0	0	0	0	0	0	0	0	0	0	0	0	0	0	0	0	0	0	0	0	0	0	0	0	0	89	0	0	0	0	0
18	0	15	0	0	30	4	0	30	0	0	0	48	0	103	111	18	0	36	0	0	0	40	4	0	60	0	18	0	0	0	8	0	0	0	20	0	0	0	0	0	0	30	48	103	0	0	0	0	30
0	0	0	0	0	18	0	0	18	0	0	0	40	0	101	110	0	0	26	0	0	0	30	0	0	54	0	0	0	0	0	0	0	0	0	4	0	0	0	0	0	0	18	40	101	0	0	0	0	18
18	0	15	0	0	30	4	0	30	0	0	0	48	0	103	111	18	0	36	0	0	0	40	4	0	60	0	18	0	0	0	8	0	0	0	20	0	0	0	0	0	0	30	48	103	0	0	0	0	30
40	18	38	11	26	48	32	4	48	30	18	30	60	30	107	114	40	26	52	28	30	15	54	32	0	70	30	40	30	0	30	34	18	0	0	41	0	0	30	18	8	28	48	60	107	30	28	30	0	48
18	0	15	0	0	30	4	0	30	0	0	0	48	0	103	111	18	0	36	0	0	0	40	4	0	60	0	18	0	0	0	8	0	0	0	20	0	0	0	0	0	0	30	48	103	0	0	0	0	30
11	0	8	0	0	26	0	0	26	0	0	0	45	0	102	111	11	0	32	0	0	0	36	0	0	57	0	11	0	0	0	0	0	0	0	15	0	0	0	0	0	0	26	45	102	0	0	0	0	26
30	0	28	0	11	40	20	0	40	18	0	18	54	18	105	112	30	11	45	15	18	0	48	20	0	65	18	30	18	0	18	23	0	0	0	32	0	0	18	0	0	16	40	54	105	18	16	18	0	40
40	18	38	11	26	48	32	4	48	30	18	30	60	30	107	114	40	26	52	28	30	15	54	32	0	70	30	40	30	0	30	34	18	0	0	41	0	0	30	18	8	28	48	60	107	30	28	30	0	48
40	18	38	11	26	48	32	4	48	30	18	30	60	30	107	114	40	26	52	28	30	15	54	32	0	70	30	40	30	0	30	34	18	0	0	41	0	0	30	18	8	28	48	60	107	30	28	30	0	48
0	0	0	0	0	15	0	0	15	0	0	0	38	0	100	109	0	0	23	0	0	0	28	0	0	53	0	0	0	0	0	0	0	0	0	0	0	0	0	0	0	0	15	38	100	0	0	0	0	15
44	24	42	19	31	51	37	13	51	35	24	35	63	35	108	114	44	31	55	33	35	22	56	37	10	72	35	44	35	10	35	39	24	10	10	45	0	0	35	24	16	34	51	63	108	35	34	35	2	51
44	24	42	19	31	51	37	13	51	35	24	35	63	35	108	114	44	31	55	33	35	22	56	37	10	72	35	44	35	10	35	39	24	10	10	45	0	0	35	24	16	34	51	63	108	35	34	35	2	51
18	0	15	0	0	30	4	0	30	0	0	0	48	0	103	111	18	0	36	0	0	0	40	4	0	60	0	18	0	0	0	8	0	0	0	20	0	0	0	0	0	0	30	48	103	0	0	0	0	30
30	0	28	0	11	40	20	0	40	18	0	18	54	18	105	112	30	11	45	15	18	0	48	20	0	65	18	30	18	0	18	23	0	0	0	32	0	0	18	0	0	16	40	54	105	18	16	18	0	40
36	11	34	4	20	45	28	0	45	26	11	26	57	26	106	113	36	20	49	23	26	8	52	28	0	68	26	36	26	0	26	30	11	0	0	38	0	0	26	11	0	24	45	57	106	26	24	26	0	45
19	0	16	0	0	31	6	0	31	2	0	2	48	2	103	112	19	0	37	0	2	0	41	6	0	61	2	19	2	0	2	10	0	0	0	22	0	0	2	0	0	0	31	48	103	2	0	2	0	31
0	0	0	0	0	0	0	0	0	0	0	0	30	0	99	108	0	0	11	0	0	0	18	0	0	48	0	0	0	0	0	0	0	0	0	0	0	0	0	0	0	0	0	30	99	0	0	0	0	0
0	0	0	0	0	0	0	0	0	0	0	0	0	0	94	104	0	0	0	0	0	0	0	0	0	30	0	0	0	0	0	0	0	0	0	0	0	0	0	0	0	0	0	0	94	0	0	0	0	0
0	0	0	0	0	0	0	0	0	0	0	0	0	0	0	52	0	0	0	0	0	0	0	0	0	0	0	0	0	0	0	0	0	0	0	0	0	0	0	0	0	0	0	0	0	0	0	0	0	0
18	0	15	0	0	30	4	0	30	0	0	0	48	0	103	111	18	0	36	0	0	0	40	4	0	60	0	18	0	0	0	8	0	0	0	20	0	0	0	0	0	0	30	48	103	0	0	0	0	30
19	0	16	0	0	31	6	0	31	2	0	2	48	2	103	112	19	0	37	0	2	0	41	6	0	61	2	19	2	0	2	10	0	0	0	22	0	0	2	0	0	0	31	48	103	2	0	2	0	31
18	0	15	0	0	30	4	0	30	0	0	0	48	0	103	111	18	0	36	0	0	0	40	4	0	60	0	18	0	0	0	8	0	0	0	20	0	0	0	0	0	0	30	48	103	0	0	0	0	30
43	23	41	18	30	51	36	11	51	34	23	34	62	34	108	114	43	30	54	32	34	20	56	36	8	72	34	43	34	8	34	38	23	8	8	45	0	0	34	23	15	33	51	62	108	34	33	34	0	51
0	0	0	0	0	0	0	0	0	0	0	0	30	0	99	108	0	0	11	0	0	0	18	0	0	48	0	0	0	0	0	0	0	0	0	0	0	0	0	0	0	0	0	30	99	0	0	0	0	0

0	30	4	34	23	0	15	38	0	18	30	18	0	18	0	0	0	23	0	20	18	32	0	15	40	0	18	0	18	40	18	11	30	40	40	0	44	44	18	30	36	19	0	0	0	18	19	18	43	0
0	0	0	8	0	0	0	15	0	0	0	0	0	0	0	0	0	0	0	0	0	4	0	0	18	0	0	0	0	18	0	0	0	18	18	0	24	24	0	0	11	0	0	0	0	0	0	0	23	0
0	28	0	32	20	0	11	36	0	15	28	15	0	15	0	0	0	20	0	18	15	30	0	11	38	0	15	0	15	38	15	8	28	38	38	0	42	42	15	28	34	16	0	0	0	15	16	15	41	0
0	0	0	0	0	0	0	8	0	0	0	0	0	0	0	0	0	0	0	0	0	0	0	0	11	0	0	0	0	11	0	0	0	11	11	0	19	19	0	0	4	0	0	0	0	0	0	0	18	0
0	11	0	18	0	0	0	23	0	0	11	0	0	0	0	0	0	0	0	0	0	15	0	0	26	0	0	0	0	26	0	0	11	26	26	0	31	31	0	11	20	0	0	0	0	0	0	0	30	0
18	40	20	43	34	0	28	46	0	30	40	30	0	30	0	0	18	34	0	32	30	41	0	28	48	0	30	18	30	48	30	26	40	48	48	15	51	51	30	40	45	31	0	0	0	30	31	30	51	0
0	20	0	26	11	0	0	30	0	4	20	4	0	4	0	0	0	11	0	8	4	23	0	0	32	0	4	0	4	32	4	0	20	32	32	0	37	37	4	20	28	6	0	0	0	4	6	4	36	0
0	0	0	0	0	0	0	0	0	0	0	0	0	0	0	0	0	0	0	0	0	0	0	0	4	0	0	0	0	4	0	0	0	4	4	0	13	13	0	0	0	0	0	0	0	0	0	0	11	0
18	40	20	43	34	0	28	46	0	30	40	30	0	30	0	0	18	34	0	32	30	41	0	28	48	0	30	18	30	48	30	26	40	48	48	15	51	51	30	40	45	31	0	0	0	30	31	30	51	0
0	18	0	23	8	0	0	28	0	0	18	0	0	0	0	0	0	8	0	4	0	20	0	0	30	0	0	0	0	30	0	0	18	30	30	0	35	35	0	18	26	2	0	0	0	0	2	0	34	0
0	0	0	8	0	0	0	15	0	0	0	0	0	0	0	0	0	0	0	0	0	4	0	0	18	0	0	0	0	18	0	0	0	18	18	0	24	24	0	0	11	0	0	0	0	0	0	0	23	0
0	18	0	23	8	0	0	28	0	0	18	0	0	0	0	0	0	8	0	4	0	20	0	0	30	0	0	0	0	30	0	0	18	30	30	0	35	35	0	18	26	2	0	0	0	0	2	0	34	0
40	54	41	56	51	30	46	59	30	48	54	48	0	48	0	0	40	51	23	49	48	56	18	46	60	0	48	40	48	60	48	45	54	60	60	38	63	63	48	54	57	48	30	0	0	48	48	48	62	30
0	18	0	23	8	0	0	28	0	0	18	0	0	0	0	0	0	8	0	4	0	20	0	0	30	0	0	0	0	30	0	0	18	30	30	0	35	35	0	18	26	2	0	0	0	0	2	0	34	0
101	105	101	106	104	99	103	106	99	103	105	103	94	103	0	0	101	104	97	103	103	105	96	103	107	89	103	101	103	107	103	102	105	107	107	100	108	108	103	105	106	103	99	94	0	103	103	103	108	99
110	112	110	113	112	108	111	113	108	111	112	111	104	111	52	0	110	112	107	112	111	112	106	111	114	100	111	110	111	114	111	111	112	114	114	109	114	114	111	112	113	112	108	104	52	111	112	111	114	108
0	30	4	34	23	0	15	38	0	18	30	18	0	18	0	0	0	23	0	20	18	32	0	15	40	0	18	0	18	40	18	11	30	40	40	0	44	44	18	30	36	19	0	0	0	18	19	18	43	0
0	11	0	18	0	0	0	23	0	0	11	0	0	0	0	0	0	0	0	0	0	15	0	0	26	0	0	0	0	26	0	0	11	26	26	0	31	31	0	11	20	0	0	0	0	0	0	0	30	0
26	45	28	48	40	11	34	51	11	36	45	36	0	36	0	0	26	40	0	38	36	46	0	34	52	0	36	26	36	52	36	32	45	52	52	23	55	55	36	45	49	37	11	0	0	36	37	36	54	11
0	15	0	20	4	0	0	26	0	0	15	0	0	0	0	0	0	4	0	0	0	18	0	0	28	0	0	0	0	28	0	0	15	28	28	0	33	33	0	15	23	0	0	0	0	0	0	0	32	0
0	18	0	23	8	0	0	28	0	0	18	0	0	0	0	0	0	8	0	4	0	20	0	0	30	0	0	0	0	30	0	0	18	30	30	0	35	35	0	18	26	2	0	0	0	0	2	0	34	0
0	0	0	4	0	0	0	11	0	0	0	0	0	0	0	0	0	0	0	0	0	0	0	0	15	0	0	0	0	15	0	0	0	15	15	0	22	22	0	0	8	0	0	0	0	0	0	0	20	0
30	48	32	51	43	18	38	53	18	40	48	40	0	40	0	0	30	43	8	41	40	49	0	38	54	0	40	30	40	54	40	36	48	54	54	28	56	56	40	48	52	41	18	0	0	40	41	40	56	18
0	20	0	26	11	0	0	30	0	4	20	4	0	4	0	0	0	11	0	8	4	23	0	0	32	0	4	0	4	32	4	0	20	32	32	0	37	37	4	20	28	6	0	0	0	4	6	4	36	0
0	0	0	0	0	0	0	0	0	0	0	0	0	0	0	0	0	0	0	0	0	0	0	0	0	0	0	0	0	0	0	0	0	0	0	0	10	10	0	0	0	0	0	0	0	0	0	0	8	0
54	65	56	67	62	48	59	69	48	60	65	60	30	60	0	0	54	62	43	61	60	66	40	59	70	0	60	54	60	70	60	57	65	70	70	53	72	72	60	65	68	61	48	30	0	60	61	60	72	48
0	18	0	23	8	0	0	28	0	0	18	0	0	0	0	0	0	8	0	4	0	20	0	0	30	0	0	0	0	30	0	0	18	30	30	0	35	35	0	18	26	2	0	0	0	0	2	0	34	0
0	30	4	34	23	0	15	38	0	18	30	18	0	18	0	0	0	23	0	20	18	32	0	15	40	0	18	0	18	40	18	11	30	40	40	0	44	44	18	30	36	19	0	0	0	18	19	18	43	0
0	18	0	23	8	0	0	28	0	0	18	0	0	0	0	0	0	8	0	4	0	20	0	0	30	0	0	0	0	30	0	0	18	30	30	0	35	35	0	18	26	2	0	0	0	0	2	0	34	0
0	0	0	0	0	0	0	0	0	0	0	0	0	0	0	0	0	0	0	0	0	0	0	0	0	0	0	0	0	0	0	0	0	0	0	0	10	10	0	0	0	0	0	0	0	0	0	0	8	0
0	18	0	23	8	0	0	28	0	0	18	0	0	0	0	0	0	8	0	4	0	20	0	0	30	0	0	0	0	30	0	0	18	30	30	0	35	35	0	18	26	2	0	0	0	0	2	0	34	0
0	23	0	28	15	0	4	32	0	8	23	8	0	8	0	0	0	15	0	11	8	26	0	4	34	0	8	0	8	34	8	0	23	34	34	0	39	39	8	23	30	10	0	0	0	8	10	8	38	0
0	0	0	8	0	0	0	15	0	0	0	0	0	0	0	0	0	0	0	0	0	4	0	0	18	0	0	0	0	18	0	0	0	18	18	0	24	24	0	0	11	0	0	0	0	0	0	0	23	0
0	0	0	0	0	0	0	0	0	0	0	0	0	0	0	0	0	0	0	0	0	0	0	0	0	0	0	0	0	0	0	0	0	0	0	0	10	10	0	0	0	0	0	0	0	0	0	0	8	0
0	0	0	0	0	0	0	0	0	0	0	0	0	0	0	0	0	0	0	0	0	0	0	0	0	0	0	0	0	0	0	0	0	0	0	0	10	10	0	0	0	0	0	0	0	0	0	0	8	0
4	32	8	36	26	0	18	40	0	20	32	20	0	20	0	0	4	26	0	23	20	34	0	18	41	0	20	4	20	41	20	15	32	41	41	0	45	45	20	32	38	22	0	0	0	20	22	20	45	0
0	0	0	0	0	0	0	0	0	0	0	0	0	0	0	0	0	0	0	0	0	0	0	0	0	0	0	0	0	0	0	0	0	0	0	0	0	0	0	0	0	0	0	0	0	0	0	0	0	0
0	0	0	0	0	0	0	0	0	0	0	0	0	0	0	0	0	0	0	0	0	0	0	0	0	0	0	0	0	0	0	0	0	0	0	0	0	0	0	0	0	0	0	0	0	0	0	0	0	0
0	18	0	23	8	0	0	28	0	0	18	0	0	0	0	0	0	8	0	4	0	20	0	0	30	0	0	0	0	30	0	0	18	30	30	0	35	35	0	18	26	2	0	0	0	0	2	0	34	0
0	0	0	8	0	0	0	15	0	0	0	0	0	0	0	0	0	0	0	0	0	4	0	0	18	0	0	0	0	18	0	0	0	18	18	0	24	24	0	0	11	0	0	0	0	0	0	0	23	0
0	0	0	0	0	0	0	4	0	0	0	0	0	0	0	0	0	0	0	0	0	0	0	0	8	0	0	0	0	8	0	0	0	8	8	0	16	16	0	0	0	0	0	0	0	0	0	0	15	0
0	16	0	22	6	0	0	27	0	0	16	0	0	0	0	0	0	6	0	2	0	19	0	0	28	0	0	0	0	28	0	0	16	28	28	0	34	34	0	16	24	0	0	0	0	0	0	0	33	0
18	40	20	43	34	0	28	46	0	30	40	30	0	30	0	0	18	34	0	32	30	41	0	28	48	0	30	18	30	48	30	26	40	48	48	15	51	51	30	40	45	31	0	0	0	30	31	30	51	0
40	54	41	56	51	30	46	59	30	48	54	48	0	48	0	0	40	51	23	49	48	56	18	46	60	0	48	40	48	60	48	45	54	60	60	38	63	63	48	54	57	48	30	0	0	48	48	48	62	30
101	105	101	106	104	99	103	106	99	103	105	103	94	103	0	0	101	104	97	103	103	105	96	103	107	89	103	101	103	107	103	102	105	107	107	100	108	108	103	105	106	103	99	94	0	103	103	103	108	99
0	18	0	23	8	0	0	28	0	0	18	0	0	0	0	0	0	8	0	4	0	20	0	0	30	0	0	0	0	30	0	0	18	30	30	0	35	35	0	18	26	2	0	0	0	0	2	0	34	0
0	16	0	22	6	0	0	27	0	0	16	0	0	0	0	0	0	6	0	2	0	19	0	0	28	0	0	0	0	28	0	0	16	28	28	0	34	34	0	16	24	0	0	0	0	0	0	0	33	0
0	18	0	23	8	0	0	28	0	0	18	0	0	0	0	0	0	8	0	4	0	20	0	0	30	0	0	0	0	30	0	0	18	30	30	0	35	35	0	18	26	2	0	0	0	0	2	0	34	0
0	0	0	0	0	0	0	0	0	0	0	0	0	0	0	0	0	0	0	0	0	0	0	0	0	0	0	0	0	0	0	0	0	0	0	0	2	2	0	0	0	0	0	0	0	0	0	0	0	0
18	40	20	43	34	0	28	46	0	30	40	30	0	30	0	0	18	34	0	32	30	41	0	28	48	0	30	18	30	48	30	26	40	48	48	15	51	51	30	40	45	31	0	0	0	30	31	30	51	0