690 893 886 875 900 879 861 759 703 755 829 876 693 862 881 893 791 890 891 433 879 907 735 853 944 914 796 692 455 885 947 822 847 739 734 625 782 774 909 878 717 777 809 950 564 945 439 882 774 879

84

25 22 22 22 22 22 23 24 25 24 23 22 25 23 22 22 24 22 22 29 22 22 24 23 21 22 24 25 29 22 21 23 23 24 24 26 24 24 22 22 25 24 23 21 27 21 29 22 24 22

21.967621550518768 20.018586174478994 24.9733766147683 32.95045345758141

10599

0	0	0	0	0	0	0	183	126	0	0	0	0	0	0	0	172	0	0	0	0	0	168	0	0	0	0	0	0	0	0	0	0	0	0	0	0	183	0	0	0	172	0	0	0	0	0	0	0	0
245	0	183	0	0	0	0	254	248	0	0	0	0	0	0	100	252	0	141	0	0	163	252	0	181	187	236	0	198	0	182	245	0	0	0	0	60	254	120	0	0	252	227	163	181	181	220	204	0	0
234	0	0	0	0	0	0	245	237	0	0	0	0	0	0	0	243	0	0	0	0	0	242	0	0	90	221	0	148	0	0	233	0	0	0	0	0	245	0	0	0	243	210	0	0	0	196	164	0	0
271	237	247	0	161	189	143	276	273	0	218	190	0	212	78	238	275	227	241	0	0	244	275	0	247	248	266	0	250	78	247	271	0	161	0	0	237	276	239	227	0	275	263	244	247	247	259	252	0	165
268	227	241	0	0	157	0	273	269	0	204	160	0	196	0	229	272	216	234	0	0	237	272	0	241	242	262	0	246	0	241	267	0	0	0	0	229	273	231	217	0	272	258	237	241	241	254	248	0	70
264	219	235	0	0	0	0	270	266	0	188	60	0	174	0	222	269	204	225	0	0	229	269	0	234	236	259	0	240	0	234	264	0	0	0	0	220	270	223	204	0	269	254	229	234	234	250	242	0	0
269	231	243	0	118	171	0	274	270	0	210	173	0	202	0	233	273	220	236	0	0	239	273	0	243	245	264	0	248	0	243	269	0	118	0	0	231	274	234	221	0	273	260	239	243	243	256	250	0	128
0	0	0	0	0	0	0	0	0	0	0	0	0	0	0	0	0	0	0	0	0	0	0	0	0	0	0	0	0	0	0	0	0	0	0	0	0	0	0	0	0	0	0	0	0	0	0	0	0	0
0	0	0	0	0	0	0	171	0	0	0	0	0	0	0	0	156	0	0	0	0	0	149	0	0	0	0	0	0	0	0	0	0	0	0	0	0	171	0	0	0	156	0	0	0	0	0	0	0	0
278	250	258	193	210	221	204	282	279	0	237	221	0	233	195	250	281	243	252	0	190	254	281	181	258	259	274	0	261	195	258	278	176	210	0	0	250	282	252	243	0	281	270	254	258	258	267	263	118	211
256	191	217	0	0	0	0	263	258	0	0	0	0	0	0	196	262	154	202	0	0	209	261	0	216	219	249	0	225	0	217	256	0	0	0	0	193	263	199	158	0	262	243	209	216	216	238	227	0	0
264	218	234	0	0	0	0	270	266	0	186	0	0	172	0	221	269	202	225	0	0	229	268	0	234	235	258	0	239	0	234	264	0	0	0	0	219	270	223	204	0	269	254	229	233	233	249	242	0	0
289	270	275	243	249	254	247	293	290	227	262	254	0	260	244	271	292	266	272	149	242	274	292	240	275	276	286	128	278	244	275	289	239	249	194	202	270	293	271	266	0	292	284	274	275	275	282	279	229	250
258	200	223	0	0	0	0	265	260	0	132	0	0	0	0	204	264	174	210	0	0	216	263	0	222	224	252	0	229	0	222	258	0	0	0	0	202	265	206	176	0	264	247	216	222	222	241	231	0	0
271	236	247	0	156	186	134	276	272	0	216	188	0	210	0	237	275	225	240	0	0	243	275	0	246	248	266	0	250	0	247	271	0	156	0	0	236	276	238	225	0	275	262	243	246	246	258	252	0	160
244	0	176	0	0	0	0	252	246	0	0	0	0	0	0	0	250	0	123	0	0	153	250	0	175	181	234	0	194	0	176	243	0	0	0	0	0	252	85	0	0	250	225	153	174	174	217	200	0	0
0	0	0	0	0	0	0	120	0	0	0	0	0	0	0	0	0	0	0	0	0	0	0	0	0	0	0	0	0	0	0	0	0	0	0	0	0	120	0	0	0	0	0	0	0	0	0	0	0	0
252	168	206	0	0	0	0	260	254	0	0	0	0	0	0	176	258	0	186	0	0	195	258	0	204	208	244	0	216	0	204	252	0	0	0	0	171	260	180	60	0	258	238	195	204	204	231	220	0	0
241	0	162	0	0	0	0	250	244	0	0	0	0	0	0	0	249	0	0	0	0	126	248	0	160	169	231	0	185	0	161	241	0	0	0	0	0	250	0	0	0	249	222	126	159	159	212	193	0	0
288	267	273	238	245	250	243	291	289	220	259	250	0	257	239	268	291	263	270	0	237	271	290	234	273	274	285	0	275	239	273	288	233	245	176	189	268	291	269	263	0	291	282	271	273	273	280	276	223	245
272	237	248	78	166	191	151	277	273	0	219	193	0	213	104	239	276	227	242	0	0	245	275	0	248	249	267	0	252	104	248	271	0	166	0	0	238	277	240	229	0	276	263	245	248	248	260	254	0	170
238	0	140	0	0	0	0	249	241	0	0	0	0	0	0	0	247	0	0	0	0	0	246	0	136	151	227	0	173	0	138	238	0	0	0	0	0	249	0	0	0	247	217	0	134	134	206	183	0	0
0	0	0	0	0	0	0	132	0	0	0	0	0	0	0	0	78	0	0	0	0	0	0	0	0	0	0	0	0	0	0	0	0	0	0	0	0	132	0	0	0	78	0	0	0	0	0	0	0	0
273	240	250	134	179	199	168	278	274	0	224	200	0	218	143	242	277	231	244	0	123	247	276	0	250	250	268	0	254	143	250	273	0	179	0	0	241	278	243	231	0	277	265	247	250	250	261	256	0	182
234	0	48	0	0	0	0	246	237	0	0	0	0	0	0	0	243	0	0	0	0	0	242	0	0	100	222	0	151	0	30	234	0	0	0	0	0	246	0	0	0	243	210	0	0	0	197	166	0	0
231	0	0	0	0	0	0	244	236	0	0	0	0	0	0	0	242	0	0	0	0	0	241	0	0	0	220	0	136	0	0	231	0	0	0	0	0	244	0	0	0	242	206	0	0	0	193	157	0	0
173	0	0	0	0	0	0	208	185	0	0	0	0	0	0	0	202	0	0	0	0	0	200	0	0	0	0	0	0	0	0	172	0	0	0	0	0	208	0	0	0	202	0	0	0	0	0	0	0	0
288	268	274	240	247	252	245	292	289	223	261	252	0	258	241	269	291	264	271	111	239	272	291	237	274	275	285	0	276	241	274	288	235	247	184	195	269	292	270	264	0	291	283	272	274	274	281	277	225	247
227	0	0	0	0	0	0	241	231	0	0	0	0	0	0	0	238	0	0	0	0	0	237	0	0	0	213	0	0	0	0	227	0	0	0	0	0	241	0	0	0	238	198	0	0	0	180	118	0	0
271	236	247	0	156	186	134	276	272	0	216	188	0	210	0	237	275	225	240	0	0	243	275	0	246	248	266	0	250	0	247	271	0	156	0	0	236	276	238	225	0	275	262	243	246	246	258	252	0	160
234	0	30	0	0	0	0	245	237	0	0	0	0	0	0	0	243	0	0	0	0	0	242	0	0	95	222	0	149	0	0	233	0	0	0	0	0	245	0	0	0	243	210	0	0	0	197	165	0	0
48	0	0	0	0	0	0	185	130	0	0	0	0	0	0	0	174	0	0	0	0	0	170	0	0	0	0	0	0	0	0	0	0	0	0	0	0	185	0	0	0	174	0	0	0	0	0	0	0	0
273	241	250	145	183	202	173	278	275	0	225	202	0	220	152	243	277	233	245	0	136	248	277	85	250	252	269	0	254	152	250	273	0	183	0	0	242	278	244	233	0	277	265	248	250	250	262	257	0	186
268	227	241	0	0	157	0	273	269	0	204	160	0	196	0	229	272	216	234	0	0	237	272	0	241	242	262	0	246	0	241	267	0	0	0	0	229	273	231	217	0	272	258	237	241	241	254	248	0	70
284	262	268	227	235	242	231	288	285	200	252	242	0	250	227	263	288	257	264	0	225	266	287	221	268	269	281	0	271	227	268	284	220	235	0	134	262	288	263	257	0	288	278	266	268	268	276	272	206	236
283	260	266	221	231	238	227	287	284	190	250	239	0	247	223	261	286	254	262	0	220	264	286	216	266	267	280	0	269	223	266	283	214	231	0	0	260	287	261	254	0	286	277	264	266	266	274	270	197	231
245	0	181	0	0	0	0	254	247	0	0	0	0	0	0	85	252	0	136	0	0	160	250	0	179	185	236	0	197	0	180	244	0	0	0	0	0	254	111	0	0	252	227	160	179	179	219	202	0	0
0	0	0	0	0	0	0	0	0	0	0	0	0	0	0	0	0	0	0	0	0	0	0	0	0	0	0	0	0	0	0	0	0	0	0	0	0	0	0	0	0	0	0	0	0	0	0	0	0	0
243	0	172	0	0	0	0	252	245	0	0	0	0	0	0	0	250	0	104	0	0	145	250	0	170	177	233	0	191	0	171	242	0	0	0	0	0	252	0	0	0	250	225	145	169	169	216	198	0	0
250	165	204	0	0	0	0	260	254	0	0	0	0	0	0	173	258	0	185	0	0	194	257	0	204	206	244	0	215	0	204	250	0	0	0	0	168	260	178	0	0	258	237	194	202	202	231	219	0	0
290	270	276	244	250	254	248	293	291	227	263	254	70	261	245	271	292	266	273	154	243	274	292	240	276	276	287	136	278	245	276	290	239	250	196	204	271	293	272	266	0	292	284	274	276	276	282	279	231	250
0	0	0	0	0	0	0	120	0	0	0	0	0	0	0	0	0	0	0	0	0	0	0	0	0	0	0	0	0	0	0	0	0	0	0	0	0	120	0	0	0	0	0	0	0	0	0	0	0	0
197	0	0	0	0	0	0	220	204	0	0	0	0	0	0	0	216	0	0	0	0	0	215	0	0	0	160	0	0	0	0	196	0	0	0	0	0	220	0	0	0	216	0	0	0	0	0	0	0	0
238	0	140	0	0	0	0	249	241	0	0	0	0	0	0	0	247	0	0	0	0	0	246	0	136	151	227	0	173	0	138	238	0	0	0	0	0	249	0	0	0	247	217	0	134	134	206	183	0	0
234	0	60	0	0	0	0	246	237	0	0	0	0	0	0	0	243	0	0	0	0	0	243	0	30	104	222	0	152	0	48	234	0	0	0	0	0	246	0	0	0	243	211	0	0	0	198	167	0	0
234	0	60	0	0	0	0	246	237	0	0	0	0	0	0	0	243	0	0	0	0	0	243	0	30	104	222	0	152	0	48	234	0	0	0	0	0	246	0	0	0	243	211	0	0	0	198	167	0	0
210	0	0	0	0	0	0	229	216	0	0	0	0	0	0	0	225	0	0	0	0	0	224	0	0	0	186	0	0	0	0	209	0	0	0	0	0	229	0	0	0	225	153	0	0	0	0	0	0	0
224	0	0	0	0	0	0	238	227	0	0	0	0	0	0	0	235	0	0	0	0	0	234	0	0	0	208	0	0	0	0	224	0	0	0	0	0	238	0	0	0	235	191	0	0	0	169	0	0	0
277	248	257	185	204	217	199	281	278	0	234	218	0	229	188	249	280	241	250	0	182	254	280	170	256	257	273	0	260	188	256	276	164	204	0	0	248	281	250	241	0	280	269	254	256	256	266	261	0	206
267	227	240	0	0	152	0	273	269	0	202	156	0	194	0	229	272	215	233	0	0	236	271	0	240	242	262	0	245	0	240	267	0	0	0	0	227	273	231	216	0	272	258	236	240	240	254	247	0	0

0	245	234	271	268	264	269	0	0	278	256	264	289	258	271	244	0	252	241	288	272	238	0	273	234	231	173	288	227	271	234	48	273	268	284	283	245	0	243	250	290	0	197	238	234	234	210	224	277	267
0	0	0	237	227	219	231	0	0	250	191	218	270	200	236	0	0	168	0	267	237	0	0	240	0	0	0	268	0	236	0	0	241	227	262	260	0	0	0	165	270	0	0	0	0	0	0	0	248	227
0	183	0	247	241	235	243	0	0	258	217	234	275	223	247	176	0	206	162	273	248	140	0	250	48	0	0	274	0	247	30	0	250	241	268	266	181	0	172	204	276	0	0	140	60	60	0	0	257	240
0	0	0	0	0	0	0	0	0	193	0	0	243	0	0	0	0	0	0	238	78	0	0	134	0	0	0	240	0	0	0	0	145	0	227	221	0	0	0	0	244	0	0	0	0	0	0	0	185	0
0	0	0	161	0	0	118	0	0	210	0	0	249	0	156	0	0	0	0	245	166	0	0	179	0	0	0	247	0	156	0	0	183	0	235	231	0	0	0	0	250	0	0	0	0	0	0	0	204	0
0	0	0	189	157	0	171	0	0	221	0	0	254	0	186	0	0	0	0	250	191	0	0	199	0	0	0	252	0	186	0	0	202	157	242	238	0	0	0	0	254	0	0	0	0	0	0	0	217	152
0	0	0	143	0	0	0	0	0	204	0	0	247	0	134	0	0	0	0	243	151	0	0	168	0	0	0	245	0	134	0	0	173	0	231	227	0	0	0	0	248	0	0	0	0	0	0	0	199	0
183	254	245	276	273	270	274	0	171	282	263	270	293	265	276	252	120	260	250	291	277	249	132	278	246	244	208	292	241	276	245	185	278	273	288	287	254	0	252	260	293	120	220	249	246	246	229	238	281	273
126	248	237	273	269	266	270	0	0	279	258	266	290	260	272	246	0	254	244	289	273	241	0	274	237	236	185	289	231	272	237	130	275	269	285	284	247	0	245	254	291	0	204	241	237	237	216	227	278	269
0	0	0	0	0	0	0	0	0	0	0	0	227	0	0	0	0	0	0	220	0	0	0	0	0	0	0	223	0	0	0	0	0	0	200	190	0	0	0	0	227	0	0	0	0	0	0	0	0	0
0	0	0	218	204	188	210	0	0	237	0	186	262	132	216	0	0	0	0	259	219	0	0	224	0	0	0	261	0	216	0	0	225	204	252	250	0	0	0	0	263	0	0	0	0	0	0	0	234	202
0	0	0	190	160	60	173	0	0	221	0	0	254	0	188	0	0	0	0	250	193	0	0	200	0	0	0	252	0	188	0	0	202	160	242	239	0	0	0	0	254	0	0	0	0	0	0	0	218	156
0	0	0	0	0	0	0	0	0	0	0	0	0	0	0	0	0	0	0	0	0	0	0	0	0	0	0	0	0	0	0	0	0	0	0	0	0	0	0	0	70	0	0	0	0	0	0	0	0	0
0	0	0	212	196	174	202	0	0	233	0	172	260	0	210	0	0	0	0	257	213	0	0	218	0	0	0	258	0	210	0	0	220	196	250	247	0	0	0	0	261	0	0	0	0	0	0	0	229	194
0	0	0	78	0	0	0	0	0	195	0	0	244	0	0	0	0	0	0	239	104	0	0	143	0	0	0	241	0	0	0	0	152	0	227	223	0	0	0	0	245	0	0	0	0	0	0	0	188	0
0	100	0	238	229	222	233	0	0	250	196	221	271	204	237	0	0	176	0	268	239	0	0	242	0	0	0	269	0	237	0	0	243	229	263	261	85	0	0	173	271	0	0	0	0	0	0	0	249	229
172	252	243	275	272	269	273	0	156	281	262	269	292	264	275	250	0	258	249	291	276	247	78	277	243	242	202	291	238	275	243	174	277	272	288	286	252	0	250	258	292	0	216	247	243	243	225	235	280	272
0	0	0	227	216	204	220	0	0	243	154	202	266	174	225	0	0	0	0	263	227	0	0	231	0	0	0	264	0	225	0	0	233	216	257	254	0	0	0	0	266	0	0	0	0	0	0	0	241	215
0	141	0	241	234	225	236	0	0	252	202	225	272	210	240	123	0	186	0	270	242	0	0	244	0	0	0	271	0	240	0	0	245	234	264	262	136	0	104	185	273	0	0	0	0	0	0	0	250	233
0	0	0	0	0	0	0	0	0	0	0	0	149	0	0	0	0	0	0	0	0	0	0	0	0	0	0	111	0	0	0	0	0	0	0	0	0	0	0	0	154	0	0	0	0	0	0	0	0	0
0	0	0	0	0	0	0	0	0	190	0	0	242	0	0	0	0	0	0	237	0	0	0	123	0	0	0	239	0	0	0	0	136	0	225	220	0	0	0	0	243	0	0	0	0	0	0	0	182	0
0	163	0	244	237	229	239	0	0	254	209	229	274	216	243	153	0	195	126	271	245	0	0	247	0	0	0	272	0	243	0	0	248	237	266	264	160	0	145	194	274	0	0	0	0	0	0	0	254	236
168	252	242	275	272	269	273	0	149	281	261	268	292	263	275	250	0	258	248	290	275	246	0	276	242	241	200	291	237	275	242	170	277	272	287	286	250	0	250	257	292	0	215	246	243	243	224	234	280	271
0	0	0	0	0	0	0	0	0	181	0	0	240	0	0	0	0	0	0	234	0	0	0	0	0	0	0	237	0	0	0	0	85	0	221	216	0	0	0	0	240	0	0	0	0	0	0	0	170	0
0	181	0	247	241	234	243	0	0	258	216	234	275	222	246	175	0	204	160	273	248	136	0	250	0	0	0	274	0	246	0	0	250	241	268	266	179	0	170	204	276	0	0	136	30	30	0	0	256	240
0	187	90	248	242	236	245	0	0	259	219	235	276	224	248	181	0	208	169	274	249	151	0	250	100	0	0	275	0	248	95	0	252	242	269	267	185	0	177	206	276	0	0	151	104	104	0	0	257	242
0	236	221	266	262	259	264	0	0	274	249	258	286	252	266	234	0	244	231	285	267	227	0	268	222	220	0	285	213	266	222	0	269	262	281	280	236	0	233	244	287	0	160	227	222	222	186	208	273	262
0	0	0	0	0	0	0	0	0	0	0	0	128	0	0	0	0	0	0	0	0	0	0	0	0	0	0	0	0	0	0	0	0	0	0	0	0	0	0	0	136	0	0	0	0	0	0	0	0	0
0	198	148	250	246	240	248	0	0	261	225	239	278	229	250	194	0	216	185	275	252	173	0	254	151	136	0	276	0	250	149	0	254	246	271	269	197	0	191	215	278	0	0	173	152	152	0	0	260	245
0	0	0	78	0	0	0	0	0	195	0	0	244	0	0	0	0	0	0	239	104	0	0	143	0	0	0	241	0	0	0	0	152	0	227	223	0	0	0	0	245	0	0	0	0	0	0	0	188	0
0	182	0	247	241	234	243	0	0	258	217	234	275	222	247	176	0	204	161	273	248	138	0	250	30	0	0	274	0	247	0	0	250	241	268	266	180	0	171	204	276	0	0	138	48	48	0	0	256	240
0	245	233	271	267	264	269	0	0	278	256	264	289	258	271	243	0	252	241	288	271	238	0	273	234	231	172	288	227	271	233	0	273	267	284	283	244	0	242	250	290	0	196	238	234	234	209	224	276	267
0	0	0	0	0	0	0	0	0	176	0	0	239	0	0	0	0	0	0	233	0	0	0	0	0	0	0	235	0	0	0	0	0	0	220	214	0	0	0	0	239	0	0	0	0	0	0	0	164	0
0	0	0	161	0	0	118	0	0	210	0	0	249	0	156	0	0	0	0	245	166	0	0	179	0	0	0	247	0	156	0	0	183	0	235	231	0	0	0	0	250	0	0	0	0	0	0	0	204	0
0	0	0	0	0	0	0	0	0	0	0	0	194	0	0	0	0	0	0	176	0	0	0	0	0	0	0	184	0	0	0	0	0	0	0	0	0	0	0	0	196	0	0	0	0	0	0	0	0	0
0	0	0	0	0	0	0	0	0	0	0	0	202	0	0	0	0	0	0	189	0	0	0	0	0	0	0	195	0	0	0	0	0	0	134	0	0	0	0	0	204	0	0	0	0	0	0	0	0	0
0	60	0	237	229	220	231	0	0	250	193	219	270	202	236	0	0	171	0	268	238	0	0	241	0	0	0	269	0	236	0	0	242	229	262	260	0	0	0	168	271	0	0	0	0	0	0	0	248	227
183	254	245	276	273	270	274	0	171	282	263	270	293	265	276	252	120	260	250	291	277	249	132	278	246	244	208	292	241	276	245	185	278	273	288	287	254	0	252	260	293	120	220	249	246	246	229	238	281	273
0	120	0	239	231	223	234	0	0	252	199	223	271	206	238	85	0	180	0	269	240	0	0	243	0	0	0	270	0	238	0	0	244	231	263	261	111	0	0	178	272	0	0	0	0	0	0	0	250	231
0	0	0	227	217	204	221	0	0	243	158	204	266	176	225	0	0	60	0	263	229	0	0	231	0	0	0	264	0	225	0	0	233	217	257	254	0	0	0	0	266	0	0	0	0	0	0	0	241	216
0	0	0	0	0	0	0	0	0	0	0	0	0	0	0	0	0	0	0	0	0	0	0	0	0	0	0	0	0	0	0	0	0	0	0	0	0	0	0	0	0	0	0	0	0	0	0	0	0	0
172	252	243	275	272	269	273	0	156	281	262	269	292	264	275	250	0	258	249	291	276	247	78	277	243	242	202	291	238	275	243	174	277	272	288	286	252	0	250	258	292	0	216	247	243	243	225	235	280	272
0	227	210	263	258	254	260	0	0	270	243	254	284	247	262	225	0	238	222	282	263	217	0	265	210	206	0	283	198	262	210	0	265	258	278	277	227	0	225	237	284	0	0	217	211	211	153	191	269	258
0	163	0	244	237	229	239	0	0	254	209	229	274	216	243	153	0	195	126	271	245	0	0	247	0	0	0	272	0	243	0	0	248	237	266	264	160	0	145	194	274	0	0	0	0	0	0	0	254	236
0	181	0	247	241	234	243	0	0	258	216	233	275	222	246	174	0	204	159	273	248	134	0	250	0	0	0	274	0	246	0	0	250	241	268	266	179	0	169	202	276	0	0	134	0	0	0	0	256	240
0	181	0	247	241	234	243	0	0	258	216	233	275	222	246	174	0	204	159	273	248	134	0	250	0	0	0	274	0	246	0	0	250	241	268	266	179	0	169	202	276	0	0	134	0	0	0	0	256	240
0	220	196	259	254	250	256	0	0	267	238	249	282	241	258	217	0	231	212	280	260	206	0	261	197	193	0	281	180	258	197	0	262	254	276	274	219	0	216	231	282	0	0	206	198	198	0	169	266	254
0	204	164	252	248	242	250	0	0	263	227	242	279	231	252	200	0	220	193	276	254	183	0	256	166	157	0	277	118	252	165	0	257	248	272	270	202	0	198	219	279	0	0	183	167	167	0	0	261	247
0	0	0	0	0	0	0	0	0	118	0	0	229	0	0	0	0	0	0	223	0	0	0	0	0	0	0	225	0	0	0	0	0	0	206	197	0	0	0	0	231	0	0	0	0	0	0	0	0	0
0	0	0	165	70	0	128	0	0	211	0	0	250	0	160	0	0	0	0	245	170	0	0	182	0	0	0	247	0	160	0	0	186	70	236	231	0	0	0	0	250	0	0	0	0	0	0	0	206	0

0	28	53	20	34	46	53	32	59	0	56	45	59	21	49	15	28	26	15	100	28	8	0	38	36	23	43	0	112	46	34	28	28	69	46	65	66	0	46	46	30	53	0	30	104	8	104	45	46	20
0	0	40	0	11	30	39	8	48	0	43	28	48	0	34	0	0	0	0	95	0	0	0	18	15	0	26	0	109	30	11	0	0	60	30	56	56	0	30	30	4	40	0	4	100	0	100	28	30	0
0	0	0	0	0	0	0	0	18	0	8	0	18	0	0	0	0	0	0	88	0	0	0	0	0	0	0	0	103	0	0	0	0	40	0	32	34	0	0	0	0	0	0	0	93	0	93	0	0	0
0	11	45	0	20	36	44	18	52	0	48	34	52	0	40	0	11	8	0	97	11	0	0	26	23	4	32	0	110	36	20	11	11	63	36	59	60	0	36	36	15	45	0	15	101	0	101	34	36	0
0	0	34	0	0	23	34	0	43	0	38	20	43	0	28	0	0	0	0	94	0	0	0	8	4	0	18	0	108	23	0	0	0	56	23	52	53	0	23	23	0	34	0	0	99	0	99	20	23	0
0	0	18	0	0	0	17	0	30	0	23	0	30	0	8	0	0	0	0	90	0	0	0	0	0	0	0	0	105	0	0	0	0	48	0	41	43	0	0	0	0	18	0	0	95	0	95	0	0	0
0	0	1	0	0	0	0	0	18	0	9	0	18	0	0	0	0	0	0	88	0	0	0	0	0	0	0	0	103	0	0	0	0	40	0	33	35	0	0	0	0	1	0	0	93	0	93	0	0	0
0	0	36	0	4	26	36	0	45	0	40	23	45	0	30	0	0	0	0	94	0	0	0	11	8	0	20	0	108	26	4	0	0	57	26	53	54	0	26	26	0	36	0	0	99	0	99	23	26	0
0	0	0	0	0	0	0	0	0	0	0	0	0	0	0	0	0	0	0	85	0	0	0	0	0	0	0	0	101	0	0	0	0	30	0	20	23	0	0	0	0	0	0	0	90	0	90	0	0	0
4	30	54	23	36	48	54	34	60	0	56	46	60	23	51	18	30	28	18	100	30	11	0	40	38	26	45	4	112	48	36	30	30	70	48	66	67	0	48	48	32	54	0	32	104	11	104	46	48	23
0	0	0	0	0	0	0	0	11	0	0	0	11	0	0	0	0	0	0	86	0	0	0	0	0	0	0	0	103	0	0	0	0	36	0	28	30	0	0	0	0	0	0	0	92	0	92	0	0	0
0	0	20	0	0	4	20	0	32	0	26	0	32	0	11	0	0	0	0	91	0	0	0	0	0	0	0	0	106	4	0	0	0	49	4	43	45	0	4	4	0	20	0	0	96	0	96	0	4	0
0	0	0	0	0	0	0	0	0	0	0	0	0	0	0	0	0	0	0	85	0	0	0	0	0	0	0	0	101	0	0	0	0	30	0	20	23	0	0	0	0	0	0	0	90	0	90	0	0	0
0	11	45	0	20	36	44	17	52	0	48	34	52	0	40	0	11	8	0	97	11	0	0	25	23	4	32	0	110	36	20	11	11	63	36	59	60	0	36	36	14	45	0	14	101	0	101	34	36	0
0	0	11	0	0	0	11	0	26	0	18	0	26	0	0	0	0	0	0	89	0	0	0	0	0	0	0	0	105	0	0	0	0	45	0	38	40	0	0	0	0	11	0	0	94	0	94	0	0	0
0	18	48	8	26	40	47	23	54	0	51	38	54	8	43	0	18	15	0	98	18	0	0	30	28	11	36	0	111	40	26	18	18	65	40	61	62	0	40	40	20	48	0	20	102	0	102	38	40	8
0	0	40	0	11	30	39	8	48	0	43	28	48	0	34	0	0	0	0	95	0	0	0	18	15	0	26	0	109	30	11	0	0	60	30	56	56	0	30	30	4	40	0	4	100	0	100	28	30	0
0	4	41	0	15	32	41	11	49	0	45	30	49	0	36	0	4	0	0	96	4	0	0	20	18	0	28	0	109	32	15	4	4	61	32	56	57	0	32	32	8	41	0	8	100	0	100	30	32	0
0	18	48	8	26	40	47	23	54	0	51	38	54	8	43	0	18	15	0	98	18	0	0	30	28	11	36	0	111	40	26	18	18	65	40	61	62	0	40	40	20	48	0	20	102	0	102	38	40	8
0	0	0	0	0	0	0	0	0	0	0	0	0	0	0	0	0	0	0	0	0	0	0	0	0	0	0	0	63	0	0	0	0	0	0	0	0	0	0	0	0	0	0	0	30	0	30	0	0	0
0	0	40	0	11	30	39	8	48	0	43	28	48	0	34	0	0	0	0	95	0	0	0	18	15	0	26	0	109	30	11	0	0	60	30	56	56	0	30	30	4	40	0	4	100	0	100	28	30	0
0	23	51	15	30	43	50	28	56	0	53	41	56	15	46	8	23	20	8	99	23	0	0	34	32	18	40	0	111	43	30	23	23	67	43	63	64	0	43	43	26	51	0	26	103	0	103	41	43	15
4	30	54	23	36	48	54	34	60	0	56	46	60	23	51	18	30	28	18	100	30	11	0	40	38	26	45	4	112	48	36	30	30	70	48	66	67	0	48	48	32	54	0	32	104	11	104	46	48	23
0	0	30	0	0	18	30	0	40	0	34	15	40	0	23	0	0	0	0	93	0	0	0	0	0	0	11	0	107	18	0	0	0	54	18	49	51	0	18	18	0	30	0	0	98	0	98	15	18	0
0	0	32	0	0	20	32	0	41	0	36	18	41	0	26	0	0	0	0	93	0	0	0	4	0	0	15	0	108	20	0	0	0	56	20	51	52	0	20	20	0	32	0	0	98	0	98	18	20	0
0	8	43	0	18	34	43	15	51	0	46	32	51	0	38	0	8	4	0	96	8	0	0	23	20	0	30	0	110	34	18	8	8	62	34	57	59	0	34	34	11	43	0	11	101	0	101	32	34	0
0	0	23	0	0	8	23	0	34	0	28	4	34	0	15	0	0	0	0	91	0	0	0	0	0	0	0	0	106	8	0	0	0	51	8	45	46	0	8	8	0	23	0	0	96	0	96	4	8	0
0	28	53	20	34	46	53	32	59	0	56	45	59	21	49	15	28	26	15	100	28	8	0	38	36	23	43	0	112	46	34	28	28	69	46	65	66	0	46	46	30	53	0	30	104	8	104	45	46	20
0	0	0	0	0	0	0	0	0	0	0	0	0	0	0	0	0	0	0	0	0	0	0	0	0	0	0	0	0	0	0	0	0	0	0	0	0	0	0	0	0	0	0	0	0	0	0	0	0	0
0	0	18	0	0	0	17	0	30	0	23	0	30	0	8	0	0	0	0	90	0	0	0	0	0	0	0	0	105	0	0	0	0	48	0	41	43	0	0	0	0	18	0	0	95	0	95	0	0	0
0	0	34	0	0	23	34	0	43	0	38	20	43	0	28	0	0	0	0	94	0	0	0	8	4	0	18	0	108	23	0	0	0	56	23	52	53	0	23	23	0	34	0	0	99	0	99	20	23	0
0	0	40	0	11	30	39	8	48	0	43	28	48	0	34	0	0	0	0	95	0	0	0	18	15	0	26	0	109	30	11	0	0	60	30	56	56	0	30	30	4	40	0	4	100	0	100	28	30	0
0	0	40	0	11	30	39	8	48	0	43	28	48	0	34	0	0	0	0	95	0	0	0	18	15	0	26	0	109	30	11	0	0	60	30	56	56	0	30	30	4	40	0	4	100	0	100	28	30	0
0	0	0	0	0	0	0	0	0	0	0	0	0	0	0	0	0	0	0	78	0	0	0	0	0	0	0	0	97	0	0	0	0	0	0	0	0	0	0	0	0	0	0	0	85	0	85	0	0	0
0	0	18	0	0	0	17	0	30	0	23	0	30	0	8	0	0	0	0	90	0	0	0	0	0	0	0	0	105	0	0	0	0	48	0	41	43	0	0	0	0	18	0	0	95	0	95	0	0	0
0	0	0	0	0	0	0	0	0	0	0	0	0	0	0	0	0	0	0	81	0	0	0	0	0	0	0	0	99	0	0	0	0	15	0	0	4	0	0	0	0	0	0	0	87	0	87	0	0	0
0	0	0	0	0	0	0	0	0	0	0	0	0	0	0	0	0	0	0	80	0	0	0	0	0	0	0	0	98	0	0	0	0	11	0	0	0	0	0	0	0	0	0	0	86	0	86	0	0	0
4	30	54	23	36	48	54	34	60	0	56	46	60	23	51	18	30	28	18	100	30	11	0	40	38	26	45	4	112	48	36	30	30	70	48	66	67	0	48	48	32	54	0	32	104	11	104	46	48	23
0	0	18	0	0	0	17	0	30	0	23	0	30	0	8	0	0	0	0	90	0	0	0	0	0	0	0	0	105	0	0	0	0	48	0	41	43	0	0	0	0	18	0	0	95	0	95	0	0	0
0	0	18	0	0	0	17	0	30	0	23	0	30	0	8	0	0	0	0	90	0	0	0	0	0	0	0	0	105	0	0	0	0	48	0	41	43	0	0	0	0	18	0	0	95	0	95	0	0	0
0	0	38	0	8	28	38	4	46	0	41	26	46	0	32	0	0	0	0	95	0	0	0	15	11	0	23	0	109	28	8	0	0	59	28	54	56	0	28	28	0	38	0	0	100	0	100	26	28	0
0	0	0	0	0	0	0	0	18	0	8	0	18	0	0	0	0	0	0	88	0	0	0	0	0	0	0	0	103	0	0	0	0	40	0	32	34	0	0	0	0	0	0	0	93	0	93	0	0	0
4	30	54	23	36	48	54	34	60	0	56	46	60	23	51	18	30	28	18	100	30	11	0	40	38	26	45	4	112	48	36	30	30	70	48	66	67	0	48	48	32	54	0	32	104	11	104	46	48	23
0	0	38	0	8	28	38	4	46	0	41	26	46	0	32	0	0	0	0	95	0	0	0	15	11	0	23	0	109	28	8	0	0	59	28	54	56	0	28	28	0	38	0	0	100	0	100	26	28	0
0	0	0	0	0	0	0	0	0	0	0	0	0	0	0	0	0	0	0	0	0	0	0	0	0	0	0	0	52	0	0	0	0	0	0	0	0	0	0	0	0	0	0	0	0	0	0	0	0	0
0	23	51	15	30	43	50	28	56	0	53	41	56	15	46	8	23	20	8	99	23	0	0	34	32	18	40	0	111	43	30	23	23	67	43	63	64	0	43	43	26	51	0	26	103	0	103	41	43	15
0	0	0	0	0	0	0	0	0	0	0	0	0	0	0	0	0	0	0	0	0	0	0	0	0	0	0	0	52	0	0	0	0	0	0	0	0	0	0	0	0	0	0	0	0	0	0	0	0	0
0	0	20	0	0	4	20	0	32	0	26	0	32	0	11	0	0	0	0	91	0	0	0	0	0	0	0	0	106	4	0	0	0	49	4	43	45	0	4	4	0	20	0	0	96	0	96	0	4	0
0	0	18	0	0	0	17	0	30	0	23	0	30	0	8	0	0	0	0	90	0	0	0	0	0	0	0	0	105	0	0	0	0	48	0	41	43	0	0	0	0	18	0	0	95	0	95	0	0	0
0	11	45	0	20	36	44	18	52	0	48	34	52	0	40	0	11	8	0	97	11	0	0	26	23	4	32	0	110	36	20	11	11	63	36	59	60	0	36	36	15	45	0	15	101	0	101	34	36	0

0	0	0	0	0	0	0	0	0	4	0	0	0	0	0	0	0	0	0	0	0	0	4	0	0	0	0	0	0	0	0	0	0	0	0	0	0	4	0	0	0	0	4	0	0	0	0	0	0	0
28	0	0	11	0	0	0	0	0	30	0	0	0	11	0	18	0	4	18	0	0	23	30	0	0	8	0	28	0	0	0	0	0	0	0	0	0	30	0	0	0	0	30	0	0	23	0	0	0	11
53	40	0	45	34	18	1	36	0	54	0	20	0	45	11	48	40	41	48	0	40	51	54	30	32	43	23	53	0	18	34	40	40	0	18	0	0	54	18	18	38	0	54	38	0	51	0	20	18	45
20	0	0	0	0	0	0	0	0	23	0	0	0	0	0	8	0	0	8	0	0	15	23	0	0	0	0	20	0	0	0	0	0	0	0	0	0	23	0	0	0	0	23	0	0	15	0	0	0	0
34	11	0	20	0	0	0	4	0	36	0	0	0	20	0	26	11	15	26	0	11	30	36	0	0	18	0	34	0	0	0	11	11	0	0	0	0	36	0	0	8	0	36	8	0	30	0	0	0	20
46	30	0	36	23	0	0	26	0	48	0	4	0	36	0	40	30	32	40	0	30	43	48	18	20	34	8	46	0	0	23	30	30	0	0	0	0	48	0	0	28	0	48	28	0	43	0	4	0	36
53	39	0	44	34	17	0	36	0	54	0	20	0	44	11	47	39	41	47	0	39	50	54	30	32	43	23	53	0	17	34	39	39	0	17	0	0	54	17	17	38	0	54	38	0	50	0	20	17	44
32	8	0	18	0	0	0	0	0	34	0	0	0	17	0	23	8	11	23	0	8	28	34	0	0	15	0	32	0	0	0	8	8	0	0	0	0	34	0	0	4	0	34	4	0	28	0	0	0	18
59	48	18	52	43	30	18	45	0	60	11	32	0	52	26	54	48	49	54	0	48	56	60	40	41	51	34	59	0	30	43	48	48	0	30	0	0	60	30	30	46	18	60	46	0	56	0	32	30	52
0	0	0	0	0	0	0	0	0	0	0	0	0	0	0	0	0	0	0	0	0	0	0	0	0	0	0	0	0	0	0	0	0	0	0	0	0	0	0	0	0	0	0	0	0	0	0	0	0	0
56	43	8	48	38	23	9	40	0	56	0	26	0	48	18	51	43	45	51	0	43	53	56	34	36	46	28	56	0	23	38	43	43	0	23	0	0	56	23	23	41	8	56	41	0	53	0	26	23	48
45	28	0	34	20	0	0	23	0	46	0	0	0	34	0	38	28	30	38	0	28	41	46	15	18	32	4	45	0	0	20	28	28	0	0	0	0	46	0	0	26	0	46	26	0	41	0	0	0	34
59	48	18	52	43	30	18	45	0	60	11	32	0	52	26	54	48	49	54	0	48	56	60	40	41	51	34	59	0	30	43	48	48	0	30	0	0	60	30	30	46	18	60	46	0	56	0	32	30	52
21	0	0	0	0	0	0	0	0	23	0	0	0	0	0	8	0	0	8	0	0	15	23	0	0	0	0	21	0	0	0	0	0	0	0	0	0	23	0	0	0	0	23	0	0	15	0	0	0	0
49	34	0	40	28	8	0	30	0	51	0	11	0	40	0	43	34	36	43	0	34	46	51	23	26	38	15	49	0	8	28	34	34	0	8	0	0	51	8	8	32	0	51	32	0	46	0	11	8	40
15	0	0	0	0	0	0	0	0	18	0	0	0	0	0	0	0	0	0	0	0	8	18	0	0	0	0	15	0	0	0	0	0	0	0	0	0	18	0	0	0	0	18	0	0	8	0	0	0	0
28	0	0	11	0	0	0	0	0	30	0	0	0	11	0	18	0	4	18	0	0	23	30	0	0	8	0	28	0	0	0	0	0	0	0	0	0	30	0	0	0	0	30	0	0	23	0	0	0	11
26	0	0	8	0	0	0	0	0	28	0	0	0	8	0	15	0	0	15	0	0	20	28	0	0	4	0	26	0	0	0	0	0	0	0	0	0	28	0	0	0	0	28	0	0	20	0	0	0	8
15	0	0	0	0	0	0	0	0	18	0	0	0	0	0	0	0	0	0	0	0	8	18	0	0	0	0	15	0	0	0	0	0	0	0	0	0	18	0	0	0	0	18	0	0	8	0	0	0	0
100	95	88	97	94	90	88	94	85	100	86	91	85	97	89	98	95	96	98	0	95	99	100	93	93	96	91	100	0	90	94	95	95	78	90	81	80	100	90	90	95	88	100	95	0	99	0	91	90	97
28	0	0	11	0	0	0	0	0	30	0	0	0	11	0	18	0	4	18	0	0	23	30	0	0	8	0	28	0	0	0	0	0	0	0	0	0	30	0	0	0	0	30	0	0	23	0	0	0	11
8	0	0	0	0	0	0	0	0	11	0	0	0	0	0	0	0	0	0	0	0	0	11	0	0	0	0	8	0	0	0	0	0	0	0	0	0	11	0	0	0	0	11	0	0	0	0	0	0	0
0	0	0	0	0	0	0	0	0	0	0	0	0	0	0	0	0	0	0	0	0	0	0	0	0	0	0	0	0	0	0	0	0	0	0	0	0	0	0	0	0	0	0	0	0	0	0	0	0	0
38	18	0	26	8	0	0	11	0	40	0	0	0	25	0	30	18	20	30	0	18	34	40	0	4	23	0	38	0	0	8	18	18	0	0	0	0	40	0	0	15	0	40	15	0	34	0	0	0	26
36	15	0	23	4	0	0	8	0	38	0	0	0	23	0	28	15	18	28	0	15	32	38	0	0	20	0	36	0	0	4	15	15	0	0	0	0	38	0	0	11	0	38	11	0	32	0	0	0	23
23	0	0	4	0	0	0	0	0	26	0	0	0	4	0	11	0	0	11	0	0	18	26	0	0	0	0	23	0	0	0	0	0	0	0	0	0	26	0	0	0	0	26	0	0	18	0	0	0	4
43	26	0	32	18	0	0	20	0	45	0	0	0	32	0	36	26	28	36	0	26	40	45	11	15	30	0	43	0	0	18	26	26	0	0	0	0	45	0	0	23	0	45	23	0	40	0	0	0	32
0	0	0	0	0	0	0	0	0	4	0	0	0	0	0	0	0	0	0	0	0	0	4	0	0	0	0	0	0	0	0	0	0	0	0	0	0	4	0	0	0	0	4	0	0	0	0	0	0	0
112	109	103	110	108	105	103	108	101	112	103	106	101	110	105	111	109	109	111	63	109	111	112	107	108	110	106	112	0	105	108	109	109	97	105	99	98	112	105	105	109	103	112	109	52	111	52	106	105	110
46	30	0	36	23	0	0	26	0	48	0	4	0	36	0	40	30	32	40	0	30	43	48	18	20	34	8	46	0	0	23	30	30	0	0	0	0	48	0	0	28	0	48	28	0	43	0	4	0	36
34	11	0	20	0	0	0	4	0	36	0	0	0	20	0	26	11	15	26	0	11	30	36	0	0	18	0	34	0	0	0	11	11	0	0	0	0	36	0	0	8	0	36	8	0	30	0	0	0	20
28	0	0	11	0	0	0	0	0	30	0	0	0	11	0	18	0	4	18	0	0	23	30	0	0	8	0	28	0	0	0	0	0	0	0	0	0	30	0	0	0	0	30	0	0	23	0	0	0	11
28	0	0	11	0	0	0	0	0	30	0	0	0	11	0	18	0	4	18	0	0	23	30	0	0	8	0	28	0	0	0	0	0	0	0	0	0	30	0	0	0	0	30	0	0	23	0	0	0	11
69	60	40	63	56	48	40	57	30	70	36	49	30	63	45	65	60	61	65	0	60	67	70	54	56	62	51	69	0	48	56	60	60	0	48	15	11	70	48	48	59	40	70	59	0	67	0	49	48	63
46	30	0	36	23	0	0	26	0	48	0	4	0	36	0	40	30	32	40	0	30	43	48	18	20	34	8	46	0	0	23	30	30	0	0	0	0	48	0	0	28	0	48	28	0	43	0	4	0	36
65	56	32	59	52	41	33	53	20	66	28	43	20	59	38	61	56	56	61	0	56	63	66	49	51	57	45	65	0	41	52	56	56	0	41	0	0	66	41	41	54	32	66	54	0	63	0	43	41	59
66	56	34	60	53	43	35	54	23	67	30	45	23	60	40	62	56	57	62	0	56	64	67	51	52	59	46	66	0	43	53	56	56	0	43	4	0	67	43	43	56	34	67	56	0	64	0	45	43	60
0	0	0	0	0	0	0	0	0	0	0	0	0	0	0	0	0	0	0	0	0	0	0	0	0	0	0	0	0	0	0	0	0	0	0	0	0	0	0	0	0	0	0	0	0	0	0	0	0	0
46	30	0	36	23	0	0	26	0	48	0	4	0	36	0	40	30	32	40	0	30	43	48	18	20	34	8	46	0	0	23	30	30	0	0	0	0	48	0	0	28	0	48	28	0	43	0	4	0	36
46	30	0	36	23	0	0	26	0	48	0	4	0	36	0	40	30	32	40	0	30	43	48	18	20	34	8	46	0	0	23	30	30	0	0	0	0	48	0	0	28	0	48	28	0	43	0	4	0	36
30	4	0	15	0	0	0	0	0	32	0	0	0	14	0	20	4	8	20	0	4	26	32	0	0	11	0	30	0	0	0	4	4	0	0	0	0	32	0	0	0	0	32	0	0	26	0	0	0	15
53	40	0	45	34	18	1	36	0	54	0	20	0	45	11	48	40	41	48	0	40	51	54	30	32	43	23	53	0	18	34	40	40	0	18	0	0	54	18	18	38	0	54	38	0	51	0	20	18	45
0	0	0	0	0	0	0	0	0	0	0	0	0	0	0	0	0	0	0	0	0	0	0	0	0	0	0	0	0	0	0	0	0	0	0	0	0	0	0	0	0	0	0	0	0	0	0	0	0	0
30	4	0	15	0	0	0	0	0	32	0	0	0	14	0	20	4	8	20	0	4	26	32	0	0	11	0	30	0	0	0	4	4	0	0	0	0	32	0	0	0	0	32	0	0	26	0	0	0	15
104	100	93	101	99	95	93	99	90	104	92	96	90	101	94	102	100	100	102	30	100	103	104	98	98	101	96	104	0	95	99	100	100	85	95	87	86	104	95	95	100	93	104	100	0	103	0	96	95	101
8	0	0	0	0	0	0	0	0	11	0	0	0	0	0	0	0	0	0	0	0	0	11	0	0	0	0	8	0	0	0	0	0	0	0	0	0	11	0	0	0	0	11	0	0	0	0	0	0	0
104	100	93	101	99	95	93	99	90	104	92	96	90	101	94	102	100	100	102	30	100	103	104	98	98	101	96	104	0	95	99	100	100	85	95	87	86	104	95	95	100	93	104	100	0	103	0	96	95	101
45	28	0	34	20	0	0	23	0	46	0	0	0	34	0	38	28	30	38	0	28	41	46	15	18	32	4	45	0	0	20	28	28	0	0	0	0	46	0	0	26	0	46	26	0	41	0	0	0	34
46	30	0	36	23	0	0	26	0	48	0	4	0	36	0	40	30	32	40	0	30	43	48	18	20	34	8	46	0	0	23	30	30	0	0	0	0	48	0	0	28	0	48	28	0	43	0	4	0	36
20	0	0	0	0	0	0	0	0	23	0	0	0	0	0	8	0	0	8	0	0	15	23	0	0	0	0	20	0	0	0	0	0	0	0	0	0	23	0	0	0	0	23	0	0	15	0	0	0	0