1002 917 970 1013 778 912 803 924 997 921 929 788 954 952 814 881 934 877 633 754 834 803 948 943 1015 981 678 935 908 989 522 936 955 913 1023 874 720 965 961 897 1022 949 822 749 966 1031 901 973 1007 955

84

20 22 21 20 24 22 23 21 20 22 21 23 21 21 23 22 21 22 26 24 23 23 21 21 20 21 25 21 22 21 27 21 21 22 20 22 24 21 21 22 20 21 23 24 21 20 22 21 20 21

22.006985740993443 19.954604880525224 25.033862634495264 33.0348808196453

11908

0	254	154	202	0	250	270	178	0	256	233	271	0	256	0	237	254	260	273	277	249	268	235	174	199	206	199	0	211	200	174	235	70	0	198	126	0	256	252	250	198	236	273	280	193	200	260	252	199	215
0	0	0	0	0	0	218	0	0	114	0	221	0	108	0	0	90	168	227	238	0	213	0	0	0	0	0	0	0	0	0	0	0	0	0	0	0	108	0	0	0	0	229	246	0	0	168	0	0	0
0	250	0	185	0	246	267	141	0	250	225	268	0	250	0	229	250	256	270	274	244	265	227	132	180	191	180	0	198	182	132	227	0	0	179	0	0	250	249	245	179	229	271	278	171	181	256	248	180	202
0	239	0	0	0	234	259	0	0	241	202	261	0	241	0	212	240	246	263	268	231	258	209	0	0	104	0	0	141	0	0	209	0	0	0	0	0	241	237	233	0	210	264	273	0	0	246	237	0	156
218	270	227	241	0	267	281	231	218	271	256	282	218	271	206	259	270	274	284	287	266	280	258	231	239	242	239	217	245	240	231	258	219	212	239	223	213	271	269	267	239	258	284	289	237	240	274	269	239	246
0	145	0	0	0	0	225	0	0	161	0	227	0	159	0	0	154	188	233	242	0	221	0	0	0	0	0	0	0	0	0	0	0	0	0	0	0	159	132	0	0	0	235	250	0	0	188	126	0	0
0	0	0	0	0	0	0	0	0	0	0	114	0	0	0	0	0	0	159	195	0	0	0	0	0	0	0	0	0	0	0	0	0	0	0	0	0	0	0	0	0	0	167	214	0	0	0	0	0	0
0	246	0	166	0	242	264	0	0	248	218	265	0	248	0	225	247	252	268	272	240	263	222	0	158	175	158	0	185	161	0	222	0	0	156	0	0	248	245	241	156	224	268	276	141	160	252	245	158	191
0	254	154	202	0	250	270	178	0	256	233	271	0	256	0	237	254	260	273	277	249	268	235	174	199	206	199	0	211	200	174	235	70	0	198	126	0	256	252	250	198	236	273	280	193	200	260	252	199	215
0	0	0	0	0	0	214	0	0	0	0	218	0	0	0	0	0	154	224	235	0	208	0	0	0	0	0	0	0	0	0	0	0	0	0	0	0	0	0	0	0	0	225	244	0	0	154	0	0	0
0	214	0	0	0	204	246	0	0	218	0	248	0	217	0	138	216	225	250	257	199	243	118	0	0	0	0	0	0	0	0	118	0	0	0	0	0	217	211	202	0	130	252	263	0	0	225	210	0	0
0	0	0	0	0	0	0	0	0	0	0	0	0	0	0	0	0	0	141	188	0	0	0	0	0	0	0	0	0	0	0	0	0	0	0	0	0	0	0	0	0	0	153	210	0	0	0	0	0	0
30	254	156	202	0	250	270	179	30	256	233	271	0	256	0	237	254	260	273	277	249	268	236	175	199	206	199	0	212	200	175	236	78	0	198	128	0	256	252	250	198	237	274	280	193	200	260	252	199	215
0	0	0	0	0	0	214	0	0	48	0	218	0	0	0	0	0	157	225	236	0	209	0	0	0	0	0	0	0	0	0	0	0	0	0	0	0	0	0	0	0	0	227	244	0	0	157	0	0	0
157	258	185	215	0	254	273	198	157	260	239	274	156	260	0	243	259	263	276	279	254	271	242	196	212	218	212	153	222	213	196	242	161	123	212	173	130	260	258	254	212	243	276	283	208	213	263	257	212	225
0	206	0	0	0	194	242	0	0	210	0	244	0	210	0	0	208	221	248	254	187	239	0	0	0	0	0	0	0	0	0	0	0	0	0	0	0	210	202	193	0	0	249	260	0	0	221	202	0	0
0	0	0	0	0	0	216	0	0	85	0	219	0	70	0	0	0	161	225	236	0	210	0	0	0	0	0	0	0	0	0	0	0	0	0	0	0	70	0	0	0	0	227	245	0	0	161	0	0	0
0	0	0	0	0	0	200	0	0	0	0	206	0	0	0	0	0	0	215	227	0	194	0	0	0	0	0	0	0	0	0	0	0	0	0	0	0	0	0	0	0	0	217	238	0	0	0	0	0	0
0	0	0	0	0	0	0	0	0	0	0	0	0	0	0	0	0	0	0	171	0	0	0	0	0	0	0	0	0	0	0	0	0	0	0	0	0	0	0	0	0	0	95	200	0	0	0	0	0	0
0	0	0	0	0	0	0	0	0	0	0	0	0	0	0	0	0	0	0	0	0	0	0	0	0	0	0	0	0	0	0	0	0	0	0	0	0	0	0	0	0	0	0	171	0	0	0	0	0	0
0	161	0	0	0	114	227	0	0	173	0	231	0	172	0	0	168	194	236	244	0	224	0	0	0	0	0	0	0	0	0	0	0	0	0	0	0	172	153	108	0	0	237	252	0	0	194	149	0	0
0	0	0	0	0	0	123	0	0	0	0	148	0	0	0	0	0	0	174	202	0	0	0	0	0	0	0	0	0	0	0	0	0	0	0	0	0	0	0	0	0	0	180	219	0	0	0	0	0	0
0	209	0	0	0	198	243	0	0	213	0	245	0	213	0	100	211	223	249	256	192	241	0	0	0	0	0	0	0	0	0	0	0	0	0	0	0	213	206	197	0	78	250	261	0	0	223	204	0	0
0	247	0	171	0	243	265	78	0	249	220	266	0	248	0	225	248	252	268	273	240	263	224	0	163	179	163	0	188	166	0	224	0	0	161	0	0	248	246	242	161	225	269	276	149	165	252	245	163	193
0	240	0	95	0	235	260	0	0	242	206	262	0	242	0	214	241	248	264	269	233	259	211	0	0	128	0	0	153	60	0	211	0	0	0	0	0	242	239	235	0	213	265	273	0	48	248	238	0	164
0	237	0	0	0	231	258	0	0	239	199	260	0	239	0	208	238	245	262	267	229	256	204	0	0	0	0	0	120	0	0	204	0	0	0	0	0	239	236	231	0	206	263	272	0	0	245	235	0	141
0	240	0	95	0	235	260	0	0	242	206	262	0	242	0	214	241	248	264	269	233	259	211	0	0	128	0	0	153	60	0	211	0	0	0	0	0	242	239	235	0	213	265	273	0	48	248	238	0	164
60	254	158	202	0	250	270	180	60	256	233	271	48	256	0	238	254	260	273	277	249	268	236	176	200	206	200	0	212	200	176	236	90	0	199	132	0	256	254	250	199	237	274	280	194	200	260	252	200	216
0	234	0	0	0	227	257	0	0	237	192	258	0	236	0	202	235	242	261	266	225	254	199	0	0	0	0	0	0	0	0	199	0	0	0	0	0	236	233	227	0	200	262	270	0	0	242	231	0	104
0	240	0	78	0	235	260	0	0	242	204	261	0	241	0	213	241	247	264	269	231	258	210	0	0	120	0	0	149	0	0	210	0	0	0	0	0	241	238	234	0	212	265	273	0	0	247	238	0	161
0	247	0	171	0	243	265	78	0	249	220	266	0	248	0	225	248	252	268	273	240	263	224	0	163	179	163	0	188	166	0	224	0	0	161	0	0	248	246	242	161	225	269	276	149	165	252	245	163	193
0	209	0	0	0	198	243	0	0	213	0	245	0	213	0	100	211	223	249	256	192	241	0	0	0	0	0	0	0	0	0	0	0	0	0	0	0	213	206	197	0	78	250	261	0	0	223	204	0	0
0	254	149	200	0	250	269	175	0	254	231	270	0	254	0	236	254	259	273	276	248	268	235	171	197	204	197	0	210	198	171	235	0	0	196	114	0	254	252	250	196	236	273	280	191	198	259	252	197	213
132	257	174	210	0	252	271	190	132	258	237	272	130	258	0	241	257	262	274	278	252	270	239	188	206	213	206	126	218	208	188	239	140	0	206	158	60	258	256	252	206	240	275	282	202	208	262	254	206	220
0	240	0	104	0	236	261	0	0	243	206	262	0	242	0	215	242	248	264	269	233	259	212	0	48	132	48	0	156	78	0	212	0	0	0	0	0	242	239	235	0	214	265	273	0	70	248	239	48	166
0	252	126	194	0	248	268	163	0	254	229	269	0	252	0	234	252	258	271	275	246	267	231	158	190	199	190	0	204	192	158	231	0	0	189	0	0	252	250	248	189	233	272	279	183	191	258	250	190	209
126	256	172	209	0	252	271	189	126	258	236	272	123	258	0	240	257	261	274	278	250	270	239	186	206	212	206	118	217	206	186	239	134	0	204	154	0	258	254	252	204	239	275	281	200	206	261	254	206	220
0	0	0	0	0	0	214	0	0	48	0	218	0	0	0	0	0	157	225	236	0	209	0	0	0	0	0	0	0	0	0	0	0	0	0	0	0	0	0	0	0	0	227	244	0	0	157	0	0	0
0	90	0	0	0	0	220	0	0	132	0	223	0	128	0	0	118	174	229	239	0	215	0	0	0	0	0	0	0	0	0	0	0	0	0	0	0	128	0	0	0	0	231	247	0	0	174	0	0	0
0	148	0	0	0	48	225	0	0	163	0	227	0	161	0	0	157	189	234	243	0	221	0	0	0	0	0	0	0	0	0	0	0	0	0	0	0	161	136	0	0	0	235	250	0	0	189	130	0	0
0	240	0	104	0	236	261	0	0	243	206	262	0	242	0	215	242	248	264	269	233	259	212	0	48	132	48	0	156	78	0	212	0	0	0	0	0	242	239	235	0	214	265	273	0	70	248	239	48	166
0	206	0	0	0	196	243	0	0	212	0	245	0	211	0	70	210	222	248	254	189	240	0	0	0	0	0	0	0	0	0	0	0	0	0	0	0	211	204	195	0	0	250	261	0	0	222	202	0	0
0	0	0	0	0	0	0	0	0	0	0	0	0	0	0	0	0	0	0	163	0	0	0	0	0	0	0	0	0	0	0	0	0	0	0	0	0	0	0	0	0	0	0	197	0	0	0	0	0	0
0	0	0	0	0	0	0	0	0	0	0	0	0	0	0	0	0	0	0	0	0	0	0	0	0	0	0	0	0	0	0	0	0	0	0	0	0	0	0	0	0	0	0	0	0	0	0	0	0	0
0	242	0	132	0	237	262	0	0	244	211	263	0	244	0	218	243	249	265	270	235	260	215	0	111	149	111	0	166	120	0	215	0	0	104	0	0	244	241	237	104	217	266	274	0	118	249	240	111	175
0	240	0	85	0	235	260	0	0	242	206	261	0	242	0	214	241	247	264	269	231	258	211	0	0	123	0	0	151	30	0	211	0	0	0	0	0	242	239	234	0	212	265	273	0	0	247	238	0	162
0	0	0	0	0	0	200	0	0	0	0	206	0	0	0	0	0	0	215	227	0	194	0	0	0	0	0	0	0	0	0	0	0	0	0	0	0	0	0	0	0	0	217	238	0	0	0	0	0	0
0	104	0	0	0	0	220	0	0	138	0	224	0	134	0	0	126	176	229	239	0	216	0	0	0	0	0	0	0	0	0	0	0	0	0	0	0	134	60	0	0	0	231	247	0	0	176	0	0	0
0	240	0	95	0	235	260	0	0	242	206	262	0	242	0	214	241	248	264	269	233	259	211	0	0	128	0	0	153	60	0	211	0	0	0	0	0	242	239	235	0	213	265	273	0	48	248	238	0	164
0	231	0	0	0	225	254	0	0	235	186	257	0	234	0	198	233	241	260	265	223	252	194	0	0	0	0	0	0	0	0	194	0	0	0	0	0	234	231	225	0	196	261	270	0	0	241	229	0	0

0	0	0	0	218	0	0	0	0	0	0	0	30	0	157	0	0	0	0	0	0	0	0	0	0	0	0	60	0	0	0	0	0	132	0	0	126	0	0	0	0	0	0	0	0	0	0	0	0	0
254	0	250	239	270	145	0	246	254	0	214	0	254	0	258	206	0	0	0	0	161	0	209	247	240	237	240	254	234	240	247	209	254	257	240	252	256	0	90	148	240	206	0	0	242	240	0	104	240	231
154	0	0	0	227	0	0	0	154	0	0	0	156	0	185	0	0	0	0	0	0	0	0	0	0	0	0	158	0	0	0	0	149	174	0	126	172	0	0	0	0	0	0	0	0	0	0	0	0	0
202	0	185	0	241	0	0	166	202	0	0	0	202	0	215	0	0	0	0	0	0	0	0	171	95	0	95	202	0	78	171	0	200	210	104	194	209	0	0	0	104	0	0	0	132	85	0	0	95	0
0	0	0	0	0	0	0	0	0	0	0	0	0	0	0	0	0	0	0	0	0	0	0	0	0	0	0	0	0	0	0	0	0	0	0	0	0	0	0	0	0	0	0	0	0	0	0	0	0	0
250	0	246	234	267	0	0	242	250	0	204	0	250	0	254	194	0	0	0	0	114	0	198	243	235	231	235	250	227	235	243	198	250	252	236	248	252	0	0	48	236	196	0	0	237	235	0	0	235	225
270	218	267	259	281	225	0	264	270	214	246	0	270	214	273	242	216	200	0	0	227	123	243	265	260	258	260	270	257	260	265	243	269	271	261	268	271	214	220	225	261	243	0	0	262	260	200	220	260	254
178	0	141	0	231	0	0	0	178	0	0	0	179	0	198	0	0	0	0	0	0	0	0	78	0	0	0	180	0	0	78	0	175	190	0	163	189	0	0	0	0	0	0	0	0	0	0	0	0	0
0	0	0	0	218	0	0	0	0	0	0	0	30	0	157	0	0	0	0	0	0	0	0	0	0	0	0	60	0	0	0	0	0	132	0	0	126	0	0	0	0	0	0	0	0	0	0	0	0	0
256	114	250	241	271	161	0	248	256	0	218	0	256	48	260	210	85	0	0	0	173	0	213	249	242	239	242	256	237	242	249	213	254	258	243	254	258	48	132	163	243	212	0	0	244	242	0	138	242	235
233	0	225	202	256	0	0	218	233	0	0	0	233	0	239	0	0	0	0	0	0	0	0	220	206	199	206	233	192	204	220	0	231	237	206	229	236	0	0	0	206	0	0	0	211	206	0	0	206	186
271	221	268	261	282	227	114	265	271	218	248	0	271	218	274	244	219	206	0	0	231	148	245	266	262	260	262	271	258	261	266	245	270	272	262	269	272	218	223	227	262	245	0	0	263	261	206	224	262	257
0	0	0	0	218	0	0	0	0	0	0	0	0	0	156	0	0	0	0	0	0	0	0	0	0	0	0	48	0	0	0	0	0	130	0	0	123	0	0	0	0	0	0	0	0	0	0	0	0	0
256	108	250	241	271	159	0	248	256	0	217	0	256	0	260	210	70	0	0	0	172	0	213	248	242	239	242	256	236	241	248	213	254	258	242	252	258	0	128	161	242	211	0	0	244	242	0	134	242	234
0	0	0	0	206	0	0	0	0	0	0	0	0	0	0	0	0	0	0	0	0	0	0	0	0	0	0	0	0	0	0	0	0	0	0	0	0	0	0	0	0	0	0	0	0	0	0	0	0	0
237	0	229	212	259	0	0	225	237	0	138	0	237	0	243	0	0	0	0	0	0	0	100	225	214	208	214	238	202	213	225	100	236	241	215	234	240	0	0	0	215	70	0	0	218	214	0	0	214	198
254	90	250	240	270	154	0	247	254	0	216	0	254	0	259	208	0	0	0	0	168	0	211	248	241	238	241	254	235	241	248	211	254	257	242	252	257	0	118	157	242	210	0	0	243	241	0	126	241	233
260	168	256	246	274	188	0	252	260	154	225	0	260	157	263	221	161	0	0	0	194	0	223	252	248	245	248	260	242	247	252	223	259	262	248	258	261	157	174	189	248	222	0	0	249	247	0	176	248	241
273	227	270	263	284	233	159	268	273	224	250	141	273	225	276	248	225	215	0	0	236	174	249	268	264	262	264	273	261	264	268	249	273	274	264	271	274	225	229	234	264	248	0	0	265	264	215	229	264	260
277	238	274	268	287	242	195	272	277	235	257	188	277	236	279	254	236	227	171	0	244	202	256	273	269	267	269	277	266	269	273	256	276	278	269	275	278	236	239	243	269	254	163	0	270	269	227	239	269	265
249	0	244	231	266	0	0	240	249	0	199	0	249	0	254	187	0	0	0	0	0	0	192	240	233	229	233	249	225	231	240	192	248	252	233	246	250	0	0	0	233	189	0	0	235	231	0	0	233	223
268	213	265	258	280	221	0	263	268	208	243	0	268	209	271	239	210	194	0	0	224	0	241	263	259	256	259	268	254	258	263	241	268	270	259	267	270	209	215	221	259	240	0	0	260	258	194	216	259	252
235	0	227	209	258	0	0	222	235	0	118	0	236	0	242	0	0	0	0	0	0	0	0	224	211	204	211	236	199	210	224	0	235	239	212	231	239	0	0	0	212	0	0	0	215	211	0	0	211	194
174	0	132	0	231	0	0	0	174	0	0	0	175	0	196	0	0	0	0	0	0	0	0	0	0	0	0	176	0	0	0	0	171	188	0	158	186	0	0	0	0	0	0	0	0	0	0	0	0	0
199	0	180	0	239	0	0	158	199	0	0	0	199	0	212	0	0	0	0	0	0	0	0	163	0	0	0	200	0	0	163	0	197	206	48	190	206	0	0	0	48	0	0	0	111	0	0	0	0	0
206	0	191	104	242	0	0	175	206	0	0	0	206	0	218	0	0	0	0	0	0	0	0	179	128	0	128	206	0	120	179	0	204	213	132	199	212	0	0	0	132	0	0	0	149	123	0	0	128	0
199	0	180	0	239	0	0	158	199	0	0	0	199	0	212	0	0	0	0	0	0	0	0	163	0	0	0	200	0	0	163	0	197	206	48	190	206	0	0	0	48	0	0	0	111	0	0	0	0	0
0	0	0	0	217	0	0	0	0	0	0	0	0	0	153	0	0	0	0	0	0	0	0	0	0	0	0	0	0	0	0	0	0	126	0	0	118	0	0	0	0	0	0	0	0	0	0	0	0	0
211	0	198	141	245	0	0	185	211	0	0	0	212	0	222	0	0	0	0	0	0	0	0	188	153	120	153	212	0	149	188	0	210	218	156	204	217	0	0	0	156	0	0	0	166	151	0	0	153	0
200	0	182	0	240	0	0	161	200	0	0	0	200	0	213	0	0	0	0	0	0	0	0	166	60	0	60	200	0	0	166	0	198	208	78	192	206	0	0	0	78	0	0	0	120	30	0	0	60	0
174	0	132	0	231	0	0	0	174	0	0	0	175	0	196	0	0	0	0	0	0	0	0	0	0	0	0	176	0	0	0	0	171	188	0	158	186	0	0	0	0	0	0	0	0	0	0	0	0	0
235	0	227	209	258	0	0	222	235	0	118	0	236	0	242	0	0	0	0	0	0	0	0	224	211	204	211	236	199	210	224	0	235	239	212	231	239	0	0	0	212	0	0	0	215	211	0	0	211	194
70	0	0	0	219	0	0	0	70	0	0	0	78	0	161	0	0	0	0	0	0	0	0	0	0	0	0	90	0	0	0	0	0	140	0	0	134	0	0	0	0	0	0	0	0	0	0	0	0	0
0	0	0	0	212	0	0	0	0	0	0	0	0	0	123	0	0	0	0	0	0	0	0	0	0	0	0	0	0	0	0	0	0	0	0	0	0	0	0	0	0	0	0	0	0	0	0	0	0	0
198	0	179	0	239	0	0	156	198	0	0	0	198	0	212	0	0	0	0	0	0	0	0	161	0	0	0	199	0	0	161	0	196	206	0	189	204	0	0	0	0	0	0	0	104	0	0	0	0	0
126	0	0	0	223	0	0	0	126	0	0	0	128	0	173	0	0	0	0	0	0	0	0	0	0	0	0	132	0	0	0	0	114	158	0	0	154	0	0	0	0	0	0	0	0	0	0	0	0	0
0	0	0	0	213	0	0	0	0	0	0	0	0	0	130	0	0	0	0	0	0	0	0	0	0	0	0	0	0	0	0	0	0	60	0	0	0	0	0	0	0	0	0	0	0	0	0	0	0	0
256	108	250	241	271	159	0	248	256	0	217	0	256	0	260	210	70	0	0	0	172	0	213	248	242	239	242	256	236	241	248	213	254	258	242	252	258	0	128	161	242	211	0	0	244	242	0	134	242	234
252	0	249	237	269	132	0	245	252	0	211	0	252	0	258	202	0	0	0	0	153	0	206	246	239	236	239	254	233	238	246	206	252	256	239	250	254	0	0	136	239	204	0	0	241	239	0	60	239	231
250	0	245	233	267	0	0	241	250	0	202	0	250	0	254	193	0	0	0	0	108	0	197	242	235	231	235	250	227	234	242	197	250	252	235	248	252	0	0	0	235	195	0	0	237	234	0	0	235	225
198	0	179	0	239	0	0	156	198	0	0	0	198	0	212	0	0	0	0	0	0	0	0	161	0	0	0	199	0	0	161	0	196	206	0	189	204	0	0	0	0	0	0	0	104	0	0	0	0	0
236	0	229	210	258	0	0	224	236	0	130	0	237	0	243	0	0	0	0	0	0	0	78	225	213	206	213	237	200	212	225	78	236	240	214	233	239	0	0	0	214	0	0	0	217	212	0	0	213	196
273	229	271	264	284	235	167	268	273	225	252	153	274	227	276	249	227	217	95	0	237	180	250	269	265	263	265	274	262	265	269	250	273	275	265	272	275	227	231	235	265	250	0	0	266	265	217	231	265	261
280	246	278	273	289	250	214	276	280	244	263	210	280	244	283	260	245	238	200	171	252	219	261	276	273	272	273	280	270	273	276	261	280	282	273	279	281	244	247	250	273	261	197	0	274	273	238	247	273	270
193	0	171	0	237	0	0	141	193	0	0	0	193	0	208	0	0	0	0	0	0	0	0	149	0	0	0	194	0	0	149	0	191	202	0	183	200	0	0	0	0	0	0	0	0	0	0	0	0	0
200	0	181	0	240	0	0	160	200	0	0	0	200	0	213	0	0	0	0	0	0	0	0	165	48	0	48	200	0	0	165	0	198	208	70	191	206	0	0	0	70	0	0	0	118	0	0	0	48	0
260	168	256	246	274	188	0	252	260	154	225	0	260	157	263	221	161	0	0	0	194	0	223	252	248	245	248	260	242	247	252	223	259	262	248	258	261	157	174	189	248	222	0	0	249	247	0	176	248	241
252	0	248	237	269	126	0	245	252	0	210	0	252	0	257	202	0	0	0	0	149	0	204	245	238	235	238	252	231	238	245	204	252	254	239	250	254	0	0	130	239	202	0	0	240	238	0	0	238	229
199	0	180	0	239	0	0	158	199	0	0	0	199	0	212	0	0	0	0	0	0	0	0	163	0	0	0	200	0	0	163	0	197	206	48	190	206	0	0	0	48	0	0	0	111	0	0	0	0	0
215	0	202	156	246	0	0	191	215	0	0	0	215	0	225	0	0	0	0	0	0	0	0	193	164	141	164	216	104	161	193	0	213	220	166	209	220	0	0	0	166	0	0	0	175	162	0	0	164	0

0	4	23	0	34	23	0	0	0	0	0	23	0	0	43	34	0	0	56	0	0	23	0	0	23	0	89	23	32	0	102	23	0	0	0	34	56	8	4	0	8	0	23	0	0	0	23	0	0	0
0	0	20	0	32	20	0	0	0	0	0	20	0	0	41	32	0	0	56	0	0	20	0	0	20	0	88	20	30	0	101	20	0	0	0	32	56	4	0	0	4	0	20	0	0	0	20	0	0	0
0	0	0	0	18	0	0	0	0	0	0	0	0	0	30	17	0	0	48	0	0	0	0	0	0	0	85	0	15	0	99	0	0	0	0	18	48	0	0	0	0	0	0	0	0	0	0	0	0	0
11	15	30	0	40	30	0	0	0	0	0	30	0	0	48	39	11	0	60	0	0	30	11	0	30	0	90	30	38	0	103	30	11	0	0	40	60	18	15	0	18	0	30	0	0	0	30	0	0	0
0	0	0	0	0	0	0	0	0	0	0	0	0	0	18	0	0	0	40	0	0	0	0	0	0	0	81	0	0	0	96	0	0	0	0	0	40	0	0	0	0	0	0	0	0	0	0	0	0	0
0	0	0	0	18	0	0	0	0	0	0	0	0	0	30	17	0	0	48	0	0	0	0	0	0	0	85	0	15	0	99	0	0	0	0	18	48	0	0	0	0	0	0	0	0	0	0	0	0	0
11	15	30	0	40	30	0	0	0	0	0	30	0	0	48	39	11	0	60	0	0	30	11	0	30	0	90	30	38	0	103	30	11	0	0	40	60	18	15	0	18	0	30	0	0	0	30	0	0	0
34	36	46	28	53	46	28	0	28	28	26	46	15	28	59	53	34	15	69	18	0	46	34	8	46	28	95	46	52	8	106	46	34	23	18	53	69	38	36	0	38	15	46	0	8	28	46	28	4	18
11	15	30	0	40	30	0	0	0	0	0	30	0	0	48	39	11	0	60	0	0	30	11	0	30	0	90	30	38	0	103	30	11	0	0	40	60	18	15	0	18	0	30	0	0	0	30	0	0	0
11	15	30	0	40	30	0	0	0	0	0	30	0	0	48	39	11	0	60	0	0	30	11	0	30	0	90	30	38	0	103	30	11	0	0	40	60	18	15	0	18	0	30	0	0	0	30	0	0	0
15	18	32	4	41	32	4	0	4	4	0	32	0	4	49	41	15	0	61	0	0	32	15	0	32	4	91	32	40	0	103	32	15	0	0	41	61	20	18	0	20	0	32	0	0	5	32	4	0	0
0	0	0	0	18	0	0	0	0	0	0	0	0	0	30	17	0	0	48	0	0	0	0	0	0	0	85	0	15	0	99	0	0	0	0	18	48	0	0	0	0	0	0	0	0	0	0	0	0	0
26	28	40	18	48	40	18	0	18	18	15	40	0	18	54	47	26	0	65	4	0	40	26	0	40	18	93	40	46	0	105	40	26	11	4	48	65	30	28	0	30	0	40	0	0	18	40	18	0	4
11	15	30	0	40	30	0	0	0	0	0	30	0	0	48	39	11	0	60	0	0	30	11	0	30	0	90	30	38	0	103	30	11	0	0	40	60	18	15	0	18	0	30	0	0	0	30	0	0	0
0	0	0	0	0	0	0	0	0	0	0	0	0	0	0	0	0	0	30	0	0	0	0	0	0	0	78	0	0	0	94	0	0	0	0	0	30	0	0	0	0	0	0	0	0	0	0	0	0	0
0	0	0	0	1	0	0	0	0	0	0	0	0	0	18	0	0	0	40	0	0	0	0	0	0	0	81	0	0	0	96	0	0	0	0	1	40	0	0	0	0	0	0	0	0	0	0	0	0	0
0	4	23	0	34	23	0	0	0	0	0	23	0	0	43	34	0	0	56	0	0	23	0	0	23	0	89	23	32	0	102	23	0	0	0	34	56	8	4	0	8	0	23	0	0	0	23	0	0	0
26	28	40	18	48	40	18	0	18	18	15	40	0	18	54	47	26	0	65	4	0	40	26	0	40	18	93	40	46	0	105	40	26	11	4	48	65	30	28	0	30	0	40	0	0	18	40	18	0	4
0	0	0	0	0	0	0	0	0	0	0	0	0	0	0	0	0	0	0	0	0	0	0	0	0	0	70	0	0	0	89	0	0	0	0	0	0	0	0	0	0	0	0	0	0	0	0	0	0	0
23	26	38	15	46	38	15	0	15	15	11	38	0	15	53	46	23	0	64	0	0	38	23	0	38	15	92	38	45	0	105	38	23	8	0	46	64	28	26	0	28	0	38	0	0	15	38	15	0	0
38	40	49	32	56	49	32	8	32	32	30	49	20	32	61	55	38	20	71	23	0	49	38	15	49	32	96	49	54	15	107	49	38	28	23	56	71	41	40	0	41	20	49	4	15	32	49	32	11	23
0	0	0	0	18	0	0	0	0	0	0	0	0	0	30	17	0	0	48	0	0	0	0	0	0	0	85	0	15	0	99	0	0	0	0	18	48	0	0	0	0	0	0	0	0	0	0	0	0	0
0	4	23	0	34	23	0	0	0	0	0	23	0	0	43	34	0	0	56	0	0	23	0	0	23	0	89	23	32	0	102	23	0	0	0	34	56	8	4	0	8	0	23	0	0	0	23	0	0	0
30	32	43	23	51	43	23	0	23	23	20	43	8	23	56	50	30	8	67	11	0	43	30	0	43	23	94	43	49	0	106	43	30	18	11	51	67	34	32	0	34	8	43	0	0	23	43	23	0	11
0	0	0	0	18	0	0	0	0	0	0	0	0	0	30	17	0	0	48	0	0	0	0	0	0	0	85	0	15	0	99	0	0	0	0	18	48	0	0	0	0	0	0	0	0	0	0	0	0	0
11	15	30	0	40	30	0	0	0	0	0	30	0	0	48	39	11	0	60	0	0	30	11	0	30	0	90	30	38	0	103	30	11	0	0	40	60	18	15	0	18	0	30	0	0	0	30	0	0	0
0	0	0	0	0	0	0	0	0	0	0	0	0	0	0	0	0	0	0	0	0	0	0	0	0	0	0	0	0	0	56	0	0	0	0	0	0	0	0	0	0	0	0	0	0	0	0	0	0	0
0	0	0	0	18	0	0	0	0	0	0	0	0	0	30	17	0	0	48	0	0	0	0	0	0	0	85	0	15	0	99	0	0	0	0	18	48	0	0	0	0	0	0	0	0	0	0	0	0	0
0	0	0	0	4	0	0	0	0	0	0	0	0	0	20	3	0	0	41	0	0	0	0	0	0	0	82	0	0	0	97	0	0	0	0	4	41	0	0	0	0	0	0	0	0	0	0	0	0	0
30	32	43	23	51	43	23	0	23	23	20	43	8	23	56	50	30	8	67	11	0	43	30	0	43	23	94	43	49	0	106	43	30	18	11	51	67	34	32	0	34	8	43	0	0	23	43	23	0	11
0	0	0	0	0	0	0	0	0	0	0	0	0	0	0	0	0	0	0	0	0	0	0	0	0	0	0	0	0	0	0	0	0	0	0	0	0	0	0	0	0	0	0	0	0	0	0	0	0	0
0	0	0	0	18	0	0	0	0	0	0	0	0	0	30	17	0	0	48	0	0	0	0	0	0	0	85	0	15	0	99	0	0	0	0	18	48	0	0	0	0	0	0	0	0	0	0	0	0	0
0	4	23	0	34	23	0	0	0	0	0	23	0	0	43	34	0	0	56	0	0	23	0	0	23	0	89	23	32	0	102	23	0	0	0	34	56	8	4	0	8	0	23	0	0	0	23	0	0	0
18	20	34	8	43	34	8	0	8	8	4	34	0	8	51	43	18	0	62	0	0	34	18	0	34	8	91	34	41	0	104	34	18	0	0	43	62	23	20	0	23	0	34	0	0	8	34	8	0	0
23	26	38	15	46	38	15	0	15	15	11	38	0	15	53	46	23	0	64	0	0	38	23	0	38	15	92	38	45	0	105	38	23	8	0	46	64	28	26	0	28	0	38	0	0	15	38	15	0	0
0	0	0	0	0	0	0	0	0	0	0	0	0	0	18	0	0	0	40	0	0	0	0	0	0	0	81	0	0	0	96	0	0	0	0	0	40	0	0	0	0	0	0	0	0	0	0	0	0	0
0	0	0	0	0	0	0	0	0	0	0	0	0	0	0	0	0	0	0	0	0	0	0	0	0	0	70	0	0	0	89	0	0	0	0	0	0	0	0	0	0	0	0	0	0	0	0	0	0	0
0	0	18	0	30	18	0	0	0	0	0	18	0	0	40	30	0	0	54	0	0	18	0	0	18	0	88	18	28	0	101	18	0	0	0	30	54	0	0	0	0	0	18	0	0	0	18	0	0	0
0	0	20	0	32	20	0	0	0	0	0	20	0	0	41	32	0	0	56	0	0	20	0	0	20	0	88	20	30	0	101	20	0	0	0	32	56	4	0	0	4	0	20	0	0	0	20	0	0	0
38	40	49	32	56	49	32	8	32	32	30	49	20	32	61	55	38	20	71	23	0	49	38	15	49	32	96	49	54	15	107	49	38	28	23	56	71	41	40	0	41	20	49	4	15	32	49	32	11	23
0	0	18	0	30	18	0	0	0	0	0	18	0	0	40	30	0	0	54	0	0	18	0	0	18	0	88	18	28	0	101	18	0	0	0	30	54	0	0	0	0	0	18	0	0	0	18	0	0	0
26	28	40	18	48	40	18	0	18	18	15	40	0	18	54	47	26	0	65	4	0	40	26	0	40	18	93	40	46	0	105	40	26	11	4	48	65	30	28	0	30	0	40	0	0	18	40	18	0	4
0	0	0	0	18	0	0	0	0	0	0	0	0	0	30	17	0	0	48	0	0	0	0	0	0	0	85	0	15	0	99	0	0	0	0	18	48	0	0	0	0	0	0	0	0	0	0	0	0	0
36	38	48	30	54	48	30	4	30	30	28	48	18	30	60	54	36	18	70	20	0	48	36	11	48	30	95	48	53	11	107	48	36	26	20	54	70	40	38	0	40	18	48	0	11	30	48	30	8	20
30	32	43	23	51	43	23	0	23	23	20	43	8	23	56	50	30	8	67	11	0	43	30	0	43	23	94	43	49	0	106	43	30	18	11	51	67	34	32	0	34	8	43	0	0	23	43	23	0	11
11	14	30	0	40	30	0	0	0	0	0	30	0	0	48	39	11	0	60	0	0	30	11	0	30	0	90	30	38	0	103	30	11	0	0	40	60	17	14	0	17	0	30	0	0	0	30	0	0	0
0	0	0	0	18	0	0	0	0	0	0	0	0	0	30	17	0	0	48	0	0	0	0	0	0	0	85	0	15	0	99	0	0	0	0	18	48	0	0	0	0	0	0	0	0	0	0	0	0	0
11	15	30	0	40	30	0	0	0	0	0	30	0	0	48	39	11	0	60	0	0	30	11	0	30	0	90	30	38	0	103	30	11	0	0	40	60	18	15	0	18	0	30	0	0	0	30	0	0	0
32	34	45	26	52	45	26	0	26	26	23	45	11	26	57	52	32	11	68	15	0	45	32	4	45	26	94	45	51	4	106	45	32	20	15	52	68	36	34	0	36	11	45	0	4	26	45	26	0	15
23	26	38	15	46	38	15	0	15	15	11	38	0	15	53	46	23	0	64	0	0	38	23	0	38	15	92	38	45	0	105	38	23	8	0	46	64	28	26	0	28	0	38	0	0	15	38	15	0	0

0	0	0	11	0	0	11	34	11	11	15	0	26	11	0	0	0	26	0	23	38	0	0	30	0	11	0	0	0	30	0	0	0	18	23	0	0	0	0	38	0	26	0	36	30	11	0	11	32	23
4	0	0	15	0	0	15	36	15	15	18	0	28	15	0	0	4	28	0	26	40	0	4	32	0	15	0	0	0	32	0	0	4	20	26	0	0	0	0	40	0	28	0	38	32	14	0	15	34	26
23	20	0	30	0	0	30	46	30	30	32	0	40	30	0	0	23	40	0	38	49	0	23	43	0	30	0	0	0	43	0	0	23	34	38	0	0	18	20	49	18	40	0	48	43	30	0	30	45	38
0	0	0	0	0	0	0	28	0	0	4	0	18	0	0	0	0	18	0	15	32	0	0	23	0	0	0	0	0	23	0	0	0	8	15	0	0	0	0	32	0	18	0	30	23	0	0	0	26	15
34	32	18	40	0	18	40	53	40	40	41	18	48	40	0	1	34	48	0	46	56	18	34	51	18	40	0	18	4	51	0	18	34	43	46	0	0	30	32	56	30	48	18	54	51	40	18	40	52	46
23	20	0	30	0	0	30	46	30	30	32	0	40	30	0	0	23	40	0	38	49	0	23	43	0	30	0	0	0	43	0	0	23	34	38	0	0	18	20	49	18	40	0	48	43	30	0	30	45	38
0	0	0	0	0	0	0	28	0	0	4	0	18	0	0	0	0	18	0	15	32	0	0	23	0	0	0	0	0	23	0	0	0	8	15	0	0	0	0	32	0	18	0	30	23	0	0	0	26	15
0	0	0	0	0	0	0	0	0	0	0	0	0	0	0	0	0	0	0	0	8	0	0	0	0	0	0	0	0	0	0	0	0	0	0	0	0	0	0	8	0	0	0	4	0	0	0	0	0	0
0	0	0	0	0	0	0	28	0	0	4	0	18	0	0	0	0	18	0	15	32	0	0	23	0	0	0	0	0	23	0	0	0	8	15	0	0	0	0	32	0	18	0	30	23	0	0	0	26	15
0	0	0	0	0	0	0	28	0	0	4	0	18	0	0	0	0	18	0	15	32	0	0	23	0	0	0	0	0	23	0	0	0	8	15	0	0	0	0	32	0	18	0	30	23	0	0	0	26	15
0	0	0	0	0	0	0	26	0	0	0	0	15	0	0	0	0	15	0	11	30	0	0	20	0	0	0	0	0	20	0	0	0	4	11	0	0	0	0	30	0	15	0	28	20	0	0	0	23	11
23	20	0	30	0	0	30	46	30	30	32	0	40	30	0	0	23	40	0	38	49	0	23	43	0	30	0	0	0	43	0	0	23	34	38	0	0	18	20	49	18	40	0	48	43	30	0	30	45	38
0	0	0	0	0	0	0	15	0	0	0	0	0	0	0	0	0	0	0	0	20	0	0	8	0	0	0	0	0	8	0	0	0	0	0	0	0	0	0	20	0	0	0	18	8	0	0	0	11	0
0	0	0	0	0	0	0	28	0	0	4	0	18	0	0	0	0	18	0	15	32	0	0	23	0	0	0	0	0	23	0	0	0	8	15	0	0	0	0	32	0	18	0	30	23	0	0	0	26	15
43	41	30	48	18	30	48	59	48	48	49	30	54	48	0	18	43	54	0	53	61	30	43	56	30	48	0	30	20	56	0	30	43	51	53	18	0	40	41	61	40	54	30	60	56	48	30	48	57	53
34	32	17	39	0	17	39	53	39	39	41	17	47	39	0	0	34	47	0	46	55	17	34	50	17	39	0	17	3	50	0	17	34	43	46	0	0	30	32	55	30	47	17	54	50	39	17	39	52	46
0	0	0	11	0	0	11	34	11	11	15	0	26	11	0	0	0	26	0	23	38	0	0	30	0	11	0	0	0	30	0	0	0	18	23	0	0	0	0	38	0	26	0	36	30	11	0	11	32	23
0	0	0	0	0	0	0	15	0	0	0	0	0	0	0	0	0	0	0	0	20	0	0	8	0	0	0	0	0	8	0	0	0	0	0	0	0	0	0	20	0	0	0	18	8	0	0	0	11	0
56	56	48	60	40	48	60	69	60	60	61	48	65	60	30	40	56	65	0	64	71	48	56	67	48	60	0	48	41	67	0	48	56	62	64	40	0	54	56	71	54	65	48	70	67	60	48	60	68	64
0	0	0	0	0	0	0	18	0	0	0	0	4	0	0	0	0	4	0	0	23	0	0	11	0	0	0	0	0	11	0	0	0	0	0	0	0	0	0	23	0	4	0	20	11	0	0	0	15	0
0	0	0	0	0	0	0	0	0	0	0	0	0	0	0	0	0	0	0	0	0	0	0	0	0	0	0	0	0	0	0	0	0	0	0	0	0	0	0	0	0	0	0	0	0	0	0	0	0	0
23	20	0	30	0	0	30	46	30	30	32	0	40	30	0	0	23	40	0	38	49	0	23	43	0	30	0	0	0	43	0	0	23	34	38	0	0	18	20	49	18	40	0	48	43	30	0	30	45	38
0	0	0	11	0	0	11	34	11	11	15	0	26	11	0	0	0	26	0	23	38	0	0	30	0	11	0	0	0	30	0	0	0	18	23	0	0	0	0	38	0	26	0	36	30	11	0	11	32	23
0	0	0	0	0	0	0	8	0	0	0	0	0	0	0	0	0	0	0	0	15	0	0	0	0	0	0	0	0	0	0	0	0	0	0	0	0	0	0	15	0	0	0	11	0	0	0	0	4	0
23	20	0	30	0	0	30	46	30	30	32	0	40	30	0	0	23	40	0	38	49	0	23	43	0	30	0	0	0	43	0	0	23	34	38	0	0	18	20	49	18	40	0	48	43	30	0	30	45	38
0	0	0	0	0	0	0	28	0	0	4	0	18	0	0	0	0	18	0	15	32	0	0	23	0	0	0	0	0	23	0	0	0	8	15	0	0	0	0	32	0	18	0	30	23	0	0	0	26	15
89	88	85	90	81	85	90	95	90	90	91	85	93	90	78	81	89	93	70	92	96	85	89	94	85	90	0	85	82	94	0	85	89	91	92	81	70	88	88	96	88	93	85	95	94	90	85	90	94	92
23	20	0	30	0	0	30	46	30	30	32	0	40	30	0	0	23	40	0	38	49	0	23	43	0	30	0	0	0	43	0	0	23	34	38	0	0	18	20	49	18	40	0	48	43	30	0	30	45	38
32	30	15	38	0	15	38	52	38	38	40	15	46	38	0	0	32	46	0	45	54	15	32	49	15	38	0	15	0	49	0	15	32	41	45	0	0	28	30	54	28	46	15	53	49	38	15	38	51	45
0	0	0	0	0	0	0	8	0	0	0	0	0	0	0	0	0	0	0	0	15	0	0	0	0	0	0	0	0	0	0	0	0	0	0	0	0	0	0	15	0	0	0	11	0	0	0	0	4	0
102	101	99	103	96	99	103	106	103	103	103	99	105	103	94	96	102	105	89	105	107	99	102	106	99	103	56	99	97	106	0	99	102	104	105	96	89	101	101	107	101	105	99	107	106	103	99	103	106	105
23	20	0	30	0	0	30	46	30	30	32	0	40	30	0	0	23	40	0	38	49	0	23	43	0	30	0	0	0	43	0	0	23	34	38	0	0	18	20	49	18	40	0	48	43	30	0	30	45	38
0	0	0	11	0	0	11	34	11	11	15	0	26	11	0	0	0	26	0	23	38	0	0	30	0	11	0	0	0	30	0	0	0	18	23	0	0	0	0	38	0	26	0	36	30	11	0	11	32	23
0	0	0	0	0	0	0	23	0	0	0	0	11	0	0	0	0	11	0	8	28	0	0	18	0	0	0	0	0	18	0	0	0	0	8	0	0	0	0	28	0	11	0	26	18	0	0	0	20	8
0	0	0	0	0	0	0	18	0	0	0	0	4	0	0	0	0	4	0	0	23	0	0	11	0	0	0	0	0	11	0	0	0	0	0	0	0	0	0	23	0	4	0	20	11	0	0	0	15	0
34	32	18	40	0	18	40	53	40	40	41	18	48	40	0	1	34	48	0	46	56	18	34	51	18	40	0	18	4	51	0	18	34	43	46	0	0	30	32	56	30	48	18	54	51	40	18	40	52	46
56	56	48	60	40	48	60	69	60	60	61	48	65	60	30	40	56	65	0	64	71	48	56	67	48	60	0	48	41	67	0	48	56	62	64	40	0	54	56	71	54	65	48	70	67	60	48	60	68	64
8	4	0	18	0	0	18	38	18	18	20	0	30	18	0	0	8	30	0	28	41	0	8	34	0	18	0	0	0	34	0	0	8	23	28	0	0	0	4	41	0	30	0	40	34	17	0	18	36	28
4	0	0	15	0	0	15	36	15	15	18	0	28	15	0	0	4	28	0	26	40	0	4	32	0	15	0	0	0	32	0	0	4	20	26	0	0	0	0	40	0	28	0	38	32	14	0	15	34	26
0	0	0	0	0	0	0	0	0	0	0	0	0	0	0	0	0	0	0	0	0	0	0	0	0	0	0	0	0	0	0	0	0	0	0	0	0	0	0	0	0	0	0	0	0	0	0	0	0	0
8	4	0	18	0	0	18	38	18	18	20	0	30	18	0	0	8	30	0	28	41	0	8	34	0	18	0	0	0	34	0	0	8	23	28	0	0	0	4	41	0	30	0	40	34	17	0	18	36	28
0	0	0	0	0	0	0	15	0	0	0	0	0	0	0	0	0	0	0	0	20	0	0	8	0	0	0	0	0	8	0	0	0	0	0	0	0	0	0	20	0	0	0	18	8	0	0	0	11	0
23	20	0	30	0	0	30	46	30	30	32	0	40	30	0	0	23	40	0	38	49	0	23	43	0	30	0	0	0	43	0	0	23	34	38	0	0	18	20	49	18	40	0	48	43	30	0	30	45	38
0	0	0	0	0	0	0	0	0	0	0	0	0	0	0	0	0	0	0	0	4	0	0	0	0	0	0	0	0	0	0	0	0	0	0	0	0	0	0	4	0	0	0	0	0	0	0	0	0	0
0	0	0	0	0	0	0	8	0	0	0	0	0	0	0	0	0	0	0	0	15	0	0	0	0	0	0	0	0	0	0	0	0	0	0	0	0	0	0	15	0	0	0	11	0	0	0	0	4	0
0	0	0	0	0	0	0	28	0	0	5	0	18	0	0	0	0	18	0	15	32	0	0	23	0	0	0	0	0	23	0	0	0	8	15	0	0	0	0	32	0	18	0	30	23	0	0	0	26	15
23	20	0	30	0	0	30	46	30	30	32	0	40	30	0	0	23	40	0	38	49	0	23	43	0	30	0	0	0	43	0	0	23	34	38	0	0	18	20	49	18	40	0	48	43	30	0	30	45	38
0	0	0	0	0	0	0	28	0	0	4	0	18	0	0	0	0	18	0	15	32	0	0	23	0	0	0	0	0	23	0	0	0	8	15	0	0	0	0	32	0	18	0	30	23	0	0	0	26	15
0	0	0	0	0	0	0	4	0	0	0	0	0	0	0	0	0	0	0	0	11	0	0	0	0	0	0	0	0	0	0	0	0	0	0	0	0	0	0	11	0	0	0	8	0	0	0	0	0	0
0	0	0	0	0	0	0	18	0	0	0	0	4	0	0	0	0	4	0	0	23	0	0	11	0	0	0	0	0	11	0	0	0	0	0	0	0	0	0	23	0	4	0	20	11	0	0	0	15	0