885 802 692 907 792 834 887 681 922 872 790 910 893 947 873 855 935 881 892 822 842 830 617 914 964 957 1006 661 802 965 382 824 1010 974 800 833 911 903 821 907 1041 842 972 691 923 721 797 991 983 896

84

22 23 24 21 23 22 22 25 21 22 23 21 22 21 22 22 21 22 22 23 22 22 26 21 21 21 20 25 23 21 29 23 20 20 23 22 21 21 23 21 19 22 20 24 21 24 23 20 20 22

22.016869986268055 19.980151845629635 25.000594782775547 33.0268459013159

10867

0	174	0	0	0	0	0	0	0	0	0	0	0	0	0	0	0	0	0	202	184	0	204	0	0	0	0	0	0	0	0	0	0	0	0	0	0	0	0	0	0	0	0	0	0	219	219	0	0	0
0	0	0	0	0	0	0	0	0	0	0	0	0	0	0	0	0	0	0	171	118	0	176	0	0	0	0	0	0	0	0	0	0	0	0	0	0	0	0	0	0	0	0	0	0	200	200	0	0	0
287	290	0	266	285	287	254	239	279	282	260	286	249	254	242	284	279	282	274	292	290	278	293	273	277	278	278	278	245	276	225	244	277	278	254	261	286	254	254	260	278	246	282	0	254	295	295	277	277	270
244	252	0	0	238	244	0	0	218	231	0	243	0	0	0	238	218	231	197	258	252	217	259	190	211	217	216	217	0	206	0	0	211	215	0	0	243	0	0	0	217	0	231	0	0	263	263	212	211	160
153	194	0	0	0	153	0	0	0	0	0	146	0	0	0	0	0	0	0	214	200	0	216	0	0	0	0	0	0	0	0	0	0	0	0	0	146	0	0	0	0	0	0	0	0	227	227	0	0	0
0	174	0	0	0	0	0	0	0	0	0	0	0	0	0	0	0	0	0	202	184	0	204	0	0	0	0	0	0	0	0	0	0	0	0	0	0	0	0	0	0	0	0	0	0	219	219	0	0	0
258	264	0	204	254	258	0	0	242	249	172	258	0	0	0	254	242	250	231	269	265	241	269	227	237	241	241	241	0	235	0	0	237	240	0	176	258	0	85	169	241	0	250	0	0	273	273	238	237	217
269	274	0	234	266	269	204	0	257	262	220	269	181	202	132	266	257	263	249	277	275	256	278	247	254	256	256	256	158	252	0	149	254	256	202	222	269	202	206	220	256	165	263	0	204	281	281	254	254	241
209	225	0	0	195	209	0	0	0	171	0	206	0	0	0	194	0	176	0	236	227	0	237	0	0	0	0	0	0	0	0	0	0	0	0	0	206	0	0	0	0	0	176	0	0	244	244	0	0	0
186	210	0	0	160	186	0	0	0	0	0	183	0	0	0	157	0	85	0	225	215	0	225	0	0	0	0	0	0	0	0	0	0	0	0	0	183	0	0	0	0	0	90	0	0	236	236	0	0	0
252	259	0	177	248	252	0	0	231	241	0	250	0	0	0	247	231	242	218	264	260	231	265	214	227	231	231	231	0	224	0	0	227	229	0	85	250	0	0	0	231	0	243	0	0	269	269	227	227	199
78	178	0	0	0	78	0	0	0	0	0	0	0	0	0	0	0	0	0	204	187	0	206	0	0	0	0	0	0	0	0	0	0	0	0	0	0	0	0	0	0	0	0	0	0	220	220	0	0	0
263	268	0	219	260	263	165	0	248	254	198	263	0	161	0	259	248	256	239	273	269	248	273	237	245	248	248	248	0	243	0	0	245	247	163	200	263	161	171	197	248	0	256	0	165	276	276	245	245	229
259	264	0	206	254	259	70	0	242	250	175	258	0	0	0	254	242	250	231	269	266	242	270	229	238	242	241	242	0	236	0	0	238	241	48	179	258	0	104	172	242	0	250	0	70	273	273	239	238	218
267	272	0	229	264	267	195	0	254	260	215	267	165	193	0	264	254	261	246	276	273	254	276	244	250	254	254	254	126	249	0	104	250	252	194	216	267	193	198	214	254	140	261	0	195	280	280	252	250	237
157	196	0	0	60	157	0	0	0	0	0	151	0	0	0	0	0	0	0	215	202	0	217	0	0	0	0	0	0	0	0	0	0	0	0	0	151	0	0	0	0	0	0	0	0	227	227	0	0	0
209	225	0	0	195	209	0	0	0	171	0	206	0	0	0	194	0	176	0	236	227	0	237	0	0	0	0	0	0	0	0	0	0	0	0	0	206	0	0	0	0	0	176	0	0	244	244	0	0	0
183	208	0	0	153	183	0	0	0	0	0	179	0	0	0	149	0	0	0	223	213	0	225	0	0	0	0	0	0	0	0	0	0	0	0	0	179	0	0	0	0	0	30	0	0	234	234	0	0	0
225	237	0	0	217	225	0	0	178	204	0	225	0	0	0	216	178	206	0	246	240	175	247	0	156	175	173	175	0	134	0	0	156	170	0	0	225	0	0	0	175	0	206	0	0	252	252	159	156	0
0	0	0	0	0	0	0	0	0	0	0	0	0	0	0	0	0	0	0	0	0	0	90	0	0	0	0	0	0	0	0	0	0	0	0	0	0	0	0	0	0	0	0	0	0	171	171	0	0	0
0	0	0	0	0	0	0	0	0	0	0	0	0	0	0	0	0	0	0	157	0	0	164	0	0	0	0	0	0	0	0	0	0	0	0	0	0	0	0	0	0	0	0	0	0	194	194	0	0	0
210	225	0	0	197	210	0	0	70	174	0	209	0	0	0	196	70	179	0	236	229	0	238	0	0	0	0	0	0	0	0	0	0	0	0	0	209	0	0	0	0	0	179	0	0	245	245	0	0	0
0	0	0	0	0	0	0	0	0	0	0	0	0	0	0	0	0	0	0	0	0	0	0	0	0	0	0	0	0	0	0	0	0	0	0	0	0	0	0	0	0	0	0	0	0	164	164	0	0	0
229	240	0	0	221	229	0	0	186	209	0	227	0	0	0	220	186	211	114	248	242	184	249	0	169	184	183	184	0	154	0	0	169	180	0	0	227	0	0	0	184	0	211	0	0	254	254	172	169	0
217	229	0	0	206	217	0	0	140	188	0	215	0	0	0	204	140	191	0	240	233	132	241	0	0	132	128	132	0	0	0	0	0	118	0	0	215	0	0	0	132	0	191	0	0	248	248	60	0	0
210	225	0	0	197	210	0	0	70	174	0	209	0	0	0	196	70	179	0	236	229	0	238	0	0	0	0	0	0	0	0	0	0	0	0	0	209	0	0	0	0	0	179	0	0	245	245	0	0	0
211	225	0	0	198	211	0	0	85	176	0	209	0	0	0	197	85	180	0	237	229	48	238	0	0	48	0	48	0	0	0	0	0	0	0	0	209	0	0	0	48	0	181	0	0	245	245	0	0	0
210	225	0	0	197	210	0	0	70	174	0	209	0	0	0	196	70	179	0	236	229	0	238	0	0	0	0	0	0	0	0	0	0	0	0	0	209	0	0	0	0	0	179	0	0	245	245	0	0	0
266	271	0	225	262	266	186	0	252	258	209	265	145	183	0	262	252	259	244	275	272	252	275	241	249	252	250	252	0	247	0	0	249	250	185	211	265	183	189	208	252	90	259	0	186	278	278	249	249	234
221	233	0	0	211	221	0	0	159	195	0	219	0	0	0	210	159	198	0	242	236	154	243	0	118	154	152	154	0	0	0	0	118	146	0	0	219	0	0	0	154	0	198	0	0	250	250	126	118	0
274	278	0	244	271	274	223	178	263	268	234	274	209	221	190	271	263	268	257	282	279	263	282	254	261	263	263	263	199	259	0	195	261	262	222	235	274	221	224	233	263	202	269	0	223	285	285	261	261	250
266	271	0	227	263	266	190	0	252	259	211	266	154	188	0	263	252	260	245	275	272	252	276	243	250	252	252	252	90	248	0	0	250	252	189	213	266	188	193	210	252	118	260	0	190	279	279	250	250	236
217	229	0	0	206	217	0	0	140	188	0	215	0	0	0	204	140	191	0	240	233	132	241	0	0	132	128	132	0	0	0	0	0	118	0	0	215	0	0	0	132	0	191	0	0	248	248	60	0	0
212	227	0	0	200	212	0	0	104	179	0	211	0	0	0	199	104	183	0	237	229	85	239	0	0	85	70	85	0	0	0	0	0	0	0	0	211	0	0	0	85	0	183	0	0	246	246	0	0	0
259	264	0	204	254	259	48	0	242	250	173	258	0	0	0	254	242	250	231	269	266	241	270	227	238	241	241	241	0	235	0	0	238	240	0	178	258	0	95	171	241	0	250	0	48	273	273	238	238	218
250	258	0	172	247	250	0	0	231	240	0	250	0	0	0	246	231	241	216	263	260	229	264	212	225	229	229	229	0	222	0	0	225	229	0	0	250	0	0	0	229	0	242	0	0	268	268	225	225	196
78	178	0	0	0	78	0	0	0	0	0	0	0	0	0	0	0	0	0	204	187	0	206	0	0	0	0	0	0	0	0	0	0	0	0	0	0	0	0	0	0	0	0	0	0	220	220	0	0	0
259	264	0	206	254	259	70	0	242	250	175	258	0	0	0	254	242	250	231	269	266	242	270	229	238	242	241	242	0	236	0	0	238	241	48	179	258	0	104	172	242	0	250	0	70	273	273	239	238	218
258	263	0	202	254	258	0	0	241	248	166	257	0	0	0	252	241	249	229	268	265	240	269	225	236	240	240	240	0	234	0	0	236	239	0	172	257	0	0	163	240	0	249	0	0	273	273	237	236	216
252	259	0	179	248	252	0	0	233	242	60	252	0	0	0	248	233	243	219	264	261	231	265	215	227	231	231	231	0	224	0	0	227	231	0	100	252	0	0	0	231	0	243	0	0	269	269	227	227	200
210	225	0	0	197	210	0	0	70	174	0	209	0	0	0	196	70	179	0	236	229	0	238	0	0	0	0	0	0	0	0	0	0	0	0	0	209	0	0	0	0	0	179	0	0	245	245	0	0	0
265	270	0	224	262	265	181	0	250	257	206	265	132	179	0	261	250	258	242	274	271	250	275	240	248	250	250	250	0	246	0	0	248	250	180	209	265	179	185	204	250	0	258	0	181	278	278	248	248	233
182	208	0	0	152	182	0	0	0	0	0	179	0	0	0	148	0	0	0	223	213	0	225	0	0	0	0	0	0	0	0	0	0	0	0	0	179	0	0	0	0	0	0	0	0	234	234	0	0	0
287	290	0	266	285	287	254	239	279	282	260	286	249	254	242	284	279	282	274	292	290	278	293	273	277	278	278	278	245	276	225	244	277	278	254	261	286	254	254	260	278	246	282	0	254	295	295	277	277	270
258	264	0	204	254	258	0	0	242	249	172	258	0	0	0	254	242	250	231	269	265	241	269	227	237	241	241	241	0	235	0	0	237	240	0	176	258	0	85	169	241	0	250	0	0	273	273	238	237	217
0	0	0	0	0	0	0	0	0	0	0	0	0	0	0	0	0	0	0	0	0	0	0	0	0	0	0	0	0	0	0	0	0	0	0	0	0	0	0	0	0	0	0	0	0	0	0	0	0	0
0	0	0	0	0	0	0	0	0	0	0	0	0	0	0	0	0	0	0	0	0	0	0	0	0	0	0	0	0	0	0	0	0	0	0	0	0	0	0	0	0	0	0	0	0	0	0	0	0	0
216	229	0	0	204	216	0	0	134	186	0	214	0	0	0	202	134	189	0	239	233	126	241	0	0	126	120	126	0	0	0	0	0	108	0	0	214	0	0	0	126	0	190	0	0	247	247	0	0	0
217	229	0	0	206	217	0	0	140	188	0	215	0	0	0	204	140	191	0	240	233	132	241	0	0	132	128	132	0	0	0	0	0	118	0	0	215	0	0	0	132	0	191	0	0	248	248	60	0	0
237	246	0	0	231	237	0	0	204	221	0	236	0	0	0	229	204	223	173	252	248	204	254	161	195	204	202	204	0	188	0	0	195	200	0	0	236	0	0	0	204	0	223	0	0	259	259	196	195	0

0	0	287	244	153	0	258	269	209	186	252	78	263	259	267	157	209	183	225	0	0	210	0	229	217	210	211	210	266	221	274	266	217	212	259	250	78	259	258	252	210	265	182	287	258	0	0	216	217	237
174	0	290	252	194	174	264	274	225	210	259	178	268	264	272	196	225	208	237	0	0	225	0	240	229	225	225	225	271	233	278	271	229	227	264	258	178	264	263	259	225	270	208	290	264	0	0	229	229	246
0	0	0	0	0	0	0	0	0	0	0	0	0	0	0	0	0	0	0	0	0	0	0	0	0	0	0	0	0	0	0	0	0	0	0	0	0	0	0	0	0	0	0	0	0	0	0	0	0	0
0	0	266	0	0	0	204	234	0	0	177	0	219	206	229	0	0	0	0	0	0	0	0	0	0	0	0	0	225	0	244	227	0	0	204	172	0	206	202	179	0	224	0	266	204	0	0	0	0	0
0	0	285	238	0	0	254	266	195	160	248	0	260	254	264	60	195	153	217	0	0	197	0	221	206	197	198	197	262	211	271	263	206	200	254	247	0	254	254	248	197	262	152	285	254	0	0	204	206	231
0	0	287	244	153	0	258	269	209	186	252	78	263	259	267	157	209	183	225	0	0	210	0	229	217	210	211	210	266	221	274	266	217	212	259	250	78	259	258	252	210	265	182	287	258	0	0	216	217	237
0	0	254	0	0	0	0	204	0	0	0	0	165	70	195	0	0	0	0	0	0	0	0	0	0	0	0	0	186	0	223	190	0	0	48	0	0	70	0	0	0	181	0	254	0	0	0	0	0	0
0	0	239	0	0	0	0	0	0	0	0	0	0	0	0	0	0	0	0	0	0	0	0	0	0	0	0	0	0	0	178	0	0	0	0	0	0	0	0	0	0	0	0	239	0	0	0	0	0	0
0	0	279	218	0	0	242	257	0	0	231	0	248	242	254	0	0	0	178	0	0	70	0	186	140	70	85	70	252	159	263	252	140	104	242	231	0	242	241	233	70	250	0	279	242	0	0	134	140	204
0	0	282	231	0	0	249	262	171	0	241	0	254	250	260	0	171	0	204	0	0	174	0	209	188	174	176	174	258	195	268	259	188	179	250	240	0	250	248	242	174	257	0	282	249	0	0	186	188	221
0	0	260	0	0	0	172	220	0	0	0	0	198	175	215	0	0	0	0	0	0	0	0	0	0	0	0	0	209	0	234	211	0	0	173	0	0	175	166	60	0	206	0	260	172	0	0	0	0	0
0	0	286	243	146	0	258	269	206	183	250	0	263	258	267	151	206	179	225	0	0	209	0	227	215	209	209	209	265	219	274	266	215	211	258	250	0	258	257	252	209	265	179	286	258	0	0	214	215	236
0	0	249	0	0	0	0	181	0	0	0	0	0	0	165	0	0	0	0	0	0	0	0	0	0	0	0	0	145	0	209	154	0	0	0	0	0	0	0	0	0	132	0	249	0	0	0	0	0	0
0	0	254	0	0	0	0	202	0	0	0	0	161	0	193	0	0	0	0	0	0	0	0	0	0	0	0	0	183	0	221	188	0	0	0	0	0	0	0	0	0	179	0	254	0	0	0	0	0	0
0	0	242	0	0	0	0	132	0	0	0	0	0	0	0	0	0	0	0	0	0	0	0	0	0	0	0	0	0	0	190	0	0	0	0	0	0	0	0	0	0	0	0	242	0	0	0	0	0	0
0	0	284	238	0	0	254	266	194	157	247	0	259	254	264	0	194	149	216	0	0	196	0	220	204	196	197	196	262	210	271	263	204	199	254	246	0	254	252	248	196	261	148	284	254	0	0	202	204	229
0	0	279	218	0	0	242	257	0	0	231	0	248	242	254	0	0	0	178	0	0	70	0	186	140	70	85	70	252	159	263	252	140	104	242	231	0	242	241	233	70	250	0	279	242	0	0	134	140	204
0	0	282	231	0	0	250	263	176	85	242	0	256	250	261	0	176	0	206	0	0	179	0	211	191	179	180	179	259	198	268	260	191	183	250	241	0	250	249	243	179	258	0	282	250	0	0	189	191	223
0	0	274	197	0	0	231	249	0	0	218	0	239	231	246	0	0	0	0	0	0	0	0	114	0	0	0	0	244	0	257	245	0	0	231	216	0	231	229	219	0	242	0	274	231	0	0	0	0	173
202	171	292	258	214	202	269	277	236	225	264	204	273	269	276	215	236	223	246	0	157	236	0	248	240	236	237	236	275	242	282	275	240	237	269	263	204	269	268	264	236	274	223	292	269	0	0	239	240	252
184	118	290	252	200	184	265	275	227	215	260	187	269	266	273	202	227	213	240	0	0	229	0	242	233	229	229	229	272	236	279	272	233	229	266	260	187	266	265	261	229	271	213	290	265	0	0	233	233	248
0	0	278	217	0	0	241	256	0	0	231	0	248	242	254	0	0	0	175	0	0	0	0	184	132	0	48	0	252	154	263	252	132	85	241	229	0	242	240	231	0	250	0	278	241	0	0	126	132	204
204	176	293	259	216	204	269	278	237	225	265	206	273	270	276	217	237	225	247	90	164	238	0	249	241	238	238	238	275	243	282	276	241	239	270	264	206	270	269	265	238	275	225	293	269	0	0	241	241	254
0	0	273	190	0	0	227	247	0	0	214	0	237	229	244	0	0	0	0	0	0	0	0	0	0	0	0	0	241	0	254	243	0	0	227	212	0	229	225	215	0	240	0	273	227	0	0	0	0	161
0	0	277	211	0	0	237	254	0	0	227	0	245	238	250	0	0	0	156	0	0	0	0	169	0	0	0	0	249	118	261	250	0	0	238	225	0	238	236	227	0	248	0	277	237	0	0	0	0	195
0	0	278	217	0	0	241	256	0	0	231	0	248	242	254	0	0	0	175	0	0	0	0	184	132	0	48	0	252	154	263	252	132	85	241	229	0	242	240	231	0	250	0	278	241	0	0	126	132	204
0	0	278	216	0	0	241	256	0	0	231	0	248	241	254	0	0	0	173	0	0	0	0	183	128	0	0	0	250	152	263	252	128	70	241	229	0	241	240	231	0	250	0	278	241	0	0	120	128	202
0	0	278	217	0	0	241	256	0	0	231	0	248	242	254	0	0	0	175	0	0	0	0	184	132	0	48	0	252	154	263	252	132	85	241	229	0	242	240	231	0	250	0	278	241	0	0	126	132	204
0	0	245	0	0	0	0	158	0	0	0	0	0	0	126	0	0	0	0	0	0	0	0	0	0	0	0	0	0	0	199	90	0	0	0	0	0	0	0	0	0	0	0	245	0	0	0	0	0	0
0	0	276	206	0	0	235	252	0	0	224	0	243	236	249	0	0	0	134	0	0	0	0	154	0	0	0	0	247	0	259	248	0	0	235	222	0	236	234	224	0	246	0	276	235	0	0	0	0	188
0	0	225	0	0	0	0	0	0	0	0	0	0	0	0	0	0	0	0	0	0	0	0	0	0	0	0	0	0	0	0	0	0	0	0	0	0	0	0	0	0	0	0	225	0	0	0	0	0	0
0	0	244	0	0	0	0	149	0	0	0	0	0	0	104	0	0	0	0	0	0	0	0	0	0	0	0	0	0	0	195	0	0	0	0	0	0	0	0	0	0	0	0	244	0	0	0	0	0	0
0	0	277	211	0	0	237	254	0	0	227	0	245	238	250	0	0	0	156	0	0	0	0	169	0	0	0	0	249	118	261	250	0	0	238	225	0	238	236	227	0	248	0	277	237	0	0	0	0	195
0	0	278	215	0	0	240	256	0	0	229	0	247	241	252	0	0	0	170	0	0	0	0	180	118	0	0	0	250	146	262	252	118	0	240	229	0	241	239	231	0	250	0	278	240	0	0	108	118	200
0	0	254	0	0	0	0	202	0	0	0	0	163	48	194	0	0	0	0	0	0	0	0	0	0	0	0	0	185	0	222	189	0	0	0	0	0	48	0	0	0	180	0	254	0	0	0	0	0	0
0	0	261	0	0	0	176	222	0	0	85	0	200	179	216	0	0	0	0	0	0	0	0	0	0	0	0	0	211	0	235	213	0	0	178	0	0	179	172	100	0	209	0	261	176	0	0	0	0	0
0	0	286	243	146	0	258	269	206	183	250	0	263	258	267	151	206	179	225	0	0	209	0	227	215	209	209	209	265	219	274	266	215	211	258	250	0	258	257	252	209	265	179	286	258	0	0	214	215	236
0	0	254	0	0	0	0	202	0	0	0	0	161	0	193	0	0	0	0	0	0	0	0	0	0	0	0	0	183	0	221	188	0	0	0	0	0	0	0	0	0	179	0	254	0	0	0	0	0	0
0	0	254	0	0	0	85	206	0	0	0	0	171	104	198	0	0	0	0	0	0	0	0	0	0	0	0	0	189	0	224	193	0	0	95	0	0	104	0	0	0	185	0	254	85	0	0	0	0	0
0	0	260	0	0	0	169	220	0	0	0	0	197	172	214	0	0	0	0	0	0	0	0	0	0	0	0	0	208	0	233	210	0	0	171	0	0	172	163	0	0	204	0	260	169	0	0	0	0	0
0	0	278	217	0	0	241	256	0	0	231	0	248	242	254	0	0	0	175	0	0	0	0	184	132	0	48	0	252	154	263	252	132	85	241	229	0	242	240	231	0	250	0	278	241	0	0	126	132	204
0	0	246	0	0	0	0	165	0	0	0	0	0	0	140	0	0	0	0	0	0	0	0	0	0	0	0	0	90	0	202	118	0	0	0	0	0	0	0	0	0	0	0	246	0	0	0	0	0	0
0	0	282	231	0	0	250	263	176	90	243	0	256	250	261	0	176	30	206	0	0	179	0	211	191	179	181	179	259	198	269	260	191	183	250	242	0	250	249	243	179	258	0	282	250	0	0	190	191	223
0	0	0	0	0	0	0	0	0	0	0	0	0	0	0	0	0	0	0	0	0	0	0	0	0	0	0	0	0	0	0	0	0	0	0	0	0	0	0	0	0	0	0	0	0	0	0	0	0	0
0	0	254	0	0	0	0	204	0	0	0	0	165	70	195	0	0	0	0	0	0	0	0	0	0	0	0	0	186	0	223	190	0	0	48	0	0	70	0	0	0	181	0	254	0	0	0	0	0	0
219	200	295	263	227	219	273	281	244	236	269	220	276	273	280	227	244	234	252	171	194	245	164	254	248	245	245	245	278	250	285	279	248	246	273	268	220	273	273	269	245	278	234	295	273	0	0	247	248	259
219	200	295	263	227	219	273	281	244	236	269	220	276	273	280	227	244	234	252	171	194	245	164	254	248	245	245	245	278	250	285	279	248	246	273	268	220	273	273	269	245	278	234	295	273	0	0	247	248	259
0	0	277	212	0	0	238	254	0	0	227	0	245	239	252	0	0	0	159	0	0	0	0	172	60	0	0	0	249	126	261	250	60	0	238	225	0	239	237	227	0	248	0	277	238	0	0	0	60	196
0	0	277	211	0	0	237	254	0	0	227	0	245	238	250	0	0	0	156	0	0	0	0	169	0	0	0	0	249	118	261	250	0	0	238	225	0	238	236	227	0	248	0	277	237	0	0	0	0	195
0	0	270	160	0	0	217	241	0	0	199	0	229	218	237	0	0	0	0	0	0	0	0	0	0	0	0	0	234	0	250	236	0	0	218	196	0	218	216	200	0	233	0	270	217	0	0	0	0	0

0	11	0	0	0	0	0	60	0	0	46	0	0	0	0	26	0	0	0	0	0	60	60	8	20	30	4	90	26	0	90	0	0	0	39	26	0	15	30	0	4	0	0	0	0	40	0	0	0	0
0	0	0	0	0	0	0	56	0	0	41	0	0	0	0	18	0	0	0	0	0	56	56	0	11	23	0	89	18	0	89	0	0	0	34	18	0	4	23	0	0	0	0	0	0	34	0	0	0	0
30	36	0	30	0	4	0	70	8	11	59	30	30	30	30	45	8	0	0	30	30	70	70	34	41	48	32	95	45	30	95	10	28	4	54	45	0	38	48	30	32	26	30	30	28	54	0	18	0	26
0	11	0	0	0	0	0	60	0	0	46	0	0	0	0	26	0	0	0	0	0	60	60	8	20	30	4	90	26	0	90	0	0	0	39	26	0	15	30	0	4	0	0	0	0	40	0	0	0	0
35	41	10	35	0	13	10	72	16	19	62	35	35	35	35	48	16	10	10	35	35	72	72	39	45	51	37	97	48	35	97	18	33	13	56	48	10	42	51	35	37	31	35	35	33	56	2	24	10	31
28	34	0	28	0	0	0	69	4	8	57	28	28	28	28	43	4	0	0	28	28	69	69	32	40	46	30	95	43	28	95	6	26	0	53	43	0	36	46	28	30	23	28	28	26	53	0	15	0	23
30	36	0	30	0	4	0	70	8	11	59	30	30	30	30	45	8	0	0	30	30	70	70	34	41	48	32	95	45	30	95	10	28	4	54	45	0	38	48	30	32	26	30	30	28	54	0	18	0	26
0	0	0	0	0	0	0	0	0	0	0	0	0	0	0	0	0	0	0	0	0	0	0	0	0	0	0	70	0	0	70	0	0	0	0	0	0	0	0	0	0	0	0	0	0	0	0	0	0	0
26	32	0	26	0	0	0	68	0	4	56	26	26	26	26	41	0	0	0	26	26	68	68	30	38	45	28	94	41	26	94	2	23	0	52	41	0	34	45	26	28	20	26	26	23	52	0	11	0	20
23	30	0	23	0	0	0	67	0	0	56	23	23	23	23	40	0	0	0	23	23	67	67	28	36	43	26	94	40	23	94	0	20	0	50	40	0	32	43	23	26	18	23	23	20	51	0	8	0	18
0	0	0	0	0	0	0	32	0	0	0	0	0	0	0	0	0	0	0	0	0	32	32	0	0	0	0	78	0	0	79	0	0	0	0	0	0	0	0	0	0	0	0	0	0	0	0	0	0	0
0	11	0	0	0	0	0	60	0	0	46	0	0	0	0	26	0	0	0	0	0	60	60	8	20	30	4	90	26	0	90	0	0	0	39	26	0	15	30	0	4	0	0	0	0	40	0	0	0	0
0	11	0	0	0	0	0	60	0	0	46	0	0	0	0	26	0	0	0	0	0	60	60	8	20	30	4	90	26	0	90	0	0	0	39	26	0	15	30	0	4	0	0	0	0	40	0	0	0	0
0	11	0	0	0	0	0	60	0	0	46	0	0	0	0	26	0	0	0	0	0	60	60	8	20	30	4	90	26	0	90	0	0	0	39	26	0	15	30	0	4	0	0	0	0	40	0	0	0	0
0	11	0	0	0	0	0	60	0	0	46	0	0	0	0	26	0	0	0	0	0	60	60	8	20	30	4	90	26	0	90	0	0	0	39	26	0	15	30	0	4	0	0	0	0	40	0	0	0	0
0	0	0	0	0	0	0	51	0	0	32	0	0	0	0	0	0	0	0	0	0	51	51	0	0	8	0	86	0	0	86	0	0	0	23	0	0	0	8	0	0	0	0	0	0	23	0	0	0	0
26	32	0	26	0	0	0	68	0	4	56	26	26	26	26	41	0	0	0	26	26	68	68	30	38	45	28	94	41	26	94	2	23	0	52	41	0	34	45	26	28	20	26	26	23	52	0	11	0	20
30	36	0	30	0	4	0	70	8	11	59	30	30	30	30	45	8	0	0	30	30	70	70	34	41	48	32	95	45	30	95	10	28	4	54	45	0	38	48	30	32	26	30	30	28	54	0	18	0	26
30	36	0	30	0	4	0	70	8	11	59	30	30	30	30	45	8	0	0	30	30	70	70	34	41	48	32	95	45	30	95	10	28	4	54	45	0	38	48	30	32	26	30	30	28	54	0	18	0	26
0	11	0	0	0	0	0	60	0	0	46	0	0	0	0	26	0	0	0	0	0	60	60	8	20	30	4	90	26	0	90	0	0	0	39	26	0	15	30	0	4	0	0	0	0	40	0	0	0	0
0	11	0	0	0	0	0	60	0	0	46	0	0	0	0	26	0	0	0	0	0	60	60	8	20	30	4	90	26	0	90	0	0	0	39	26	0	15	30	0	4	0	0	0	0	40	0	0	0	0
0	0	0	0	0	0	0	0	0	0	0	0	0	0	0	0	0	0	0	0	0	0	0	0	0	0	0	70	0	0	70	0	0	0	0	0	0	0	0	0	0	0	0	0	0	0	0	0	0	0
0	0	0	0	0	0	0	0	0	0	0	0	0	0	0	0	0	0	0	0	0	0	0	0	0	0	0	70	0	0	70	0	0	0	0	0	0	0	0	0	0	0	0	0	0	0	0	0	0	0
0	4	0	0	0	0	0	57	0	0	43	0	0	0	0	20	0	0	0	0	0	57	57	0	15	26	0	89	20	0	89	0	0	0	36	20	0	8	26	0	0	0	0	0	0	36	0	0	0	0
0	0	0	0	0	0	0	53	0	0	36	0	0	0	0	8	0	0	0	0	0	53	53	0	0	15	0	87	8	0	87	0	0	0	27	8	0	0	15	0	0	0	0	0	0	28	0	0	0	0
0	0	0	0	0	0	0	48	0	0	28	0	0	0	0	0	0	0	0	0	0	48	48	0	0	0	0	84	0	0	85	0	0	0	17	0	0	0	0	0	0	0	0	0	0	18	0	0	0	0
0	8	0	0	0	0	0	59	0	0	45	0	0	0	0	23	0	0	0	0	0	59	59	4	18	28	0	90	23	0	90	0	0	0	38	23	0	11	28	0	0	0	0	0	0	38	0	0	0	0
0	0	0	0	0	0	0	0	0	0	0	0	0	0	0	0	0	0	0	0	0	0	0	0	0	0	0	0	0	0	0	0	0	0	0	0	0	0	0	0	0	0	0	0	0	0	0	0	0	0
0	0	0	0	0	0	0	51	0	0	32	0	0	0	0	0	0	0	0	0	0	51	51	0	0	8	0	86	0	0	86	0	0	0	23	0	0	0	8	0	0	0	0	0	0	23	0	0	0	0
0	11	0	0	0	0	0	60	0	0	46	0	0	0	0	26	0	0	0	0	0	60	60	8	20	30	4	90	26	0	90	0	0	0	39	26	0	15	30	0	4	0	0	0	0	40	0	0	0	0
0	0	0	0	0	0	0	0	0	0	0	0	0	0	0	0	0	0	0	0	0	0	0	0	0	0	0	0	0	0	0	0	0	0	0	0	0	0	0	0	0	0	0	0	0	0	0	0	0	0
24	31	0	24	0	0	0	68	0	2	56	24	24	24	24	41	0	0	0	24	24	68	68	28	37	44	27	94	41	24	94	0	22	0	51	41	0	33	44	24	27	19	24	24	22	51	0	10	0	19
4	15	0	4	0	0	0	61	0	0	48	4	4	4	4	28	0	0	0	4	4	61	61	11	23	32	8	91	28	4	91	0	0	0	41	28	0	18	32	4	8	0	4	4	0	41	0	0	0	0
28	34	0	28	0	0	0	69	4	8	57	28	28	28	28	43	4	0	0	28	28	69	69	32	40	46	30	95	43	28	95	6	26	0	53	43	0	36	46	28	30	23	28	28	26	53	0	15	0	23
0	0	0	0	0	0	0	40	0	0	15	0	0	0	0	0	0	0	0	0	0	40	40	0	0	0	0	81	0	0	81	0	0	0	0	0	0	0	0	0	0	0	0	0	0	1	0	0	0	0
0	0	0	0	0	0	0	51	0	0	32	0	0	0	0	0	0	0	0	0	0	51	51	0	0	8	0	86	0	0	86	0	0	0	23	0	0	0	8	0	0	0	0	0	0	23	0	0	0	0
30	36	0	30	0	4	0	70	8	11	59	30	30	30	30	45	8	0	0	30	30	70	70	34	41	48	32	95	45	30	95	10	28	4	54	45	0	38	48	30	32	26	30	30	28	54	0	18	0	26
0	0	0	0	0	0	0	56	0	0	40	0	0	0	0	15	0	0	0	0	0	56	56	0	8	20	0	88	15	0	88	0	0	0	32	15	0	0	20	0	0	0	0	0	0	32	0	0	0	0
0	0	0	0	0	0	0	48	0	0	28	0	0	0	0	0	0	0	0	0	0	48	48	0	0	0	0	84	0	0	85	0	0	0	17	0	0	0	0	0	0	0	0	0	0	18	0	0	0	0
0	11	0	0	0	0	0	60	0	0	46	0	0	0	0	26	0	0	0	0	0	60	60	8	20	30	4	90	26	0	90	0	0	0	39	26	0	15	30	0	4	0	0	0	0	40	0	0	0	0
0	8	0	0	0	0	0	59	0	0	45	0	0	0	0	23	0	0	0	0	0	59	59	4	18	28	0	90	23	0	90	0	0	0	38	23	0	11	28	0	0	0	0	0	0	38	0	0	0	0
8	18	0	8	0	0	0	62	0	0	49	8	8	8	8	30	0	0	0	8	8	62	62	15	26	34	11	91	30	8	91	0	4	0	43	30	0	20	34	8	11	0	8	8	4	43	0	0	0	0
0	11	0	0	0	0	0	60	0	0	46	0	0	0	0	26	0	0	0	0	0	60	60	8	20	30	4	90	26	0	90	0	0	0	39	26	0	15	30	0	4	0	0	0	0	40	0	0	0	0
0	11	0	0	0	0	0	60	0	0	46	0	0	0	0	26	0	0	0	0	0	60	60	8	20	30	4	90	26	0	90	0	0	0	39	26	0	15	30	0	4	0	0	0	0	40	0	0	0	0
4	15	0	4	0	0	0	61	0	0	48	4	4	4	4	28	0	0	0	4	4	61	61	11	23	32	8	91	28	4	91	0	0	0	41	28	0	18	32	4	8	0	4	4	0	41	0	0	0	0
0	0	0	0	0	0	0	40	0	0	15	0	0	0	0	0	0	0	0	0	0	40	40	0	0	0	0	81	0	0	81	0	0	0	0	0	0	0	0	0	0	0	0	0	0	0	0	0	0	0
34	40	8	34	0	11	8	72	15	18	61	34	34	34	34	48	15	8	8	34	34	72	72	38	45	51	36	96	48	34	96	16	32	11	56	48	8	41	51	34	36	30	34	34	32	56	0	23	8	30
18	26	0	18	0	0	0	65	0	0	53	18	18	18	18	36	0	0	0	18	18	65	65	23	32	40	20	93	36	18	93	0	15	0	47	36	0	28	40	18	20	11	18	18	15	48	0	0	0	11
30	36	0	30	0	4	0	70	8	11	59	30	30	30	30	45	8	0	0	30	30	70	70	34	41	48	32	95	45	30	95	10	28	4	54	45	0	38	48	30	32	26	30	30	28	54	0	18	0	26
8	18	0	8	0	0	0	62	0	0	49	8	8	8	8	30	0	0	0	8	8	62	62	15	26	34	11	91	30	8	91	0	4	0	43	30	0	20	34	8	11	0	8	8	4	43	0	0	0	0

0	0	30	0	35	28	30	0	26	23	0	0	0	0	0	0	26	30	30	0	0	0	0	0	0	0	0	0	0	0	0	24	4	28	0	0	30	0	0	0	0	8	0	0	4	0	34	18	30	8
11	0	36	11	41	34	36	0	32	30	0	11	11	11	11	0	32	36	36	11	11	0	0	4	0	0	8	0	0	11	0	31	15	34	0	0	36	0	0	11	8	18	11	11	15	0	40	26	36	18
0	0	0	0	10	0	0	0	0	0	0	0	0	0	0	0	0	0	0	0	0	0	0	0	0	0	0	0	0	0	0	0	0	0	0	0	0	0	0	0	0	0	0	0	0	0	8	0	0	0
0	0	30	0	35	28	30	0	26	23	0	0	0	0	0	0	26	30	30	0	0	0	0	0	0	0	0	0	0	0	0	24	4	28	0	0	30	0	0	0	0	8	0	0	4	0	34	18	30	8
0	0	0	0	0	0	0	0	0	0	0	0	0	0	0	0	0	0	0	0	0	0	0	0	0	0	0	0	0	0	0	0	0	0	0	0	0	0	0	0	0	0	0	0	0	0	0	0	0	0
0	0	4	0	13	0	4	0	0	0	0	0	0	0	0	0	0	4	4	0	0	0	0	0	0	0	0	0	0	0	0	0	0	0	0	0	4	0	0	0	0	0	0	0	0	0	11	0	4	0
0	0	0	0	10	0	0	0	0	0	0	0	0	0	0	0	0	0	0	0	0	0	0	0	0	0	0	0	0	0	0	0	0	0	0	0	0	0	0	0	0	0	0	0	0	0	8	0	0	0
60	56	70	60	72	69	70	0	68	67	32	60	60	60	60	51	68	70	70	60	60	0	0	57	53	48	59	0	51	60	0	68	61	69	40	51	70	56	48	60	59	62	60	60	61	40	72	65	70	62
0	0	8	0	16	4	8	0	0	0	0	0	0	0	0	0	0	8	8	0	0	0	0	0	0	0	0	0	0	0	0	0	0	4	0	0	8	0	0	0	0	0	0	0	0	0	15	0	8	0
0	0	11	0	19	8	11	0	4	0	0	0	0	0	0	0	4	11	11	0	0	0	0	0	0	0	0	0	0	0	0	2	0	8	0	0	11	0	0	0	0	0	0	0	0	0	18	0	11	0
46	41	59	46	62	57	59	0	56	56	0	46	46	46	46	32	56	59	59	46	46	0	0	43	36	28	45	0	32	46	0	56	48	57	15	32	59	40	28	46	45	49	46	46	48	15	61	53	59	49
0	0	30	0	35	28	30	0	26	23	0	0	0	0	0	0	26	30	30	0	0	0	0	0	0	0	0	0	0	0	0	24	4	28	0	0	30	0	0	0	0	8	0	0	4	0	34	18	30	8
0	0	30	0	35	28	30	0	26	23	0	0	0	0	0	0	26	30	30	0	0	0	0	0	0	0	0	0	0	0	0	24	4	28	0	0	30	0	0	0	0	8	0	0	4	0	34	18	30	8
0	0	30	0	35	28	30	0	26	23	0	0	0	0	0	0	26	30	30	0	0	0	0	0	0	0	0	0	0	0	0	24	4	28	0	0	30	0	0	0	0	8	0	0	4	0	34	18	30	8
0	0	30	0	35	28	30	0	26	23	0	0	0	0	0	0	26	30	30	0	0	0	0	0	0	0	0	0	0	0	0	24	4	28	0	0	30	0	0	0	0	8	0	0	4	0	34	18	30	8
26	18	45	26	48	43	45	0	41	40	0	26	26	26	26	0	41	45	45	26	26	0	0	20	8	0	23	0	0	26	0	41	28	43	0	0	45	15	0	26	23	30	26	26	28	0	48	36	45	30
0	0	8	0	16	4	8	0	0	0	0	0	0	0	0	0	0	8	8	0	0	0	0	0	0	0	0	0	0	0	0	0	0	4	0	0	8	0	0	0	0	0	0	0	0	0	15	0	8	0
0	0	0	0	10	0	0	0	0	0	0	0	0	0	0	0	0	0	0	0	0	0	0	0	0	0	0	0	0	0	0	0	0	0	0	0	0	0	0	0	0	0	0	0	0	0	8	0	0	0
0	0	0	0	10	0	0	0	0	0	0	0	0	0	0	0	0	0	0	0	0	0	0	0	0	0	0	0	0	0	0	0	0	0	0	0	0	0	0	0	0	0	0	0	0	0	8	0	0	0
0	0	30	0	35	28	30	0	26	23	0	0	0	0	0	0	26	30	30	0	0	0	0	0	0	0	0	0	0	0	0	24	4	28	0	0	30	0	0	0	0	8	0	0	4	0	34	18	30	8
0	0	30	0	35	28	30	0	26	23	0	0	0	0	0	0	26	30	30	0	0	0	0	0	0	0	0	0	0	0	0	24	4	28	0	0	30	0	0	0	0	8	0	0	4	0	34	18	30	8
60	56	70	60	72	69	70	0	68	67	32	60	60	60	60	51	68	70	70	60	60	0	0	57	53	48	59	0	51	60	0	68	61	69	40	51	70	56	48	60	59	62	60	60	61	40	72	65	70	62
60	56	70	60	72	69	70	0	68	67	32	60	60	60	60	51	68	70	70	60	60	0	0	57	53	48	59	0	51	60	0	68	61	69	40	51	70	56	48	60	59	62	60	60	61	40	72	65	70	62
8	0	34	8	39	32	34	0	30	28	0	8	8	8	8	0	30	34	34	8	8	0	0	0	0	0	4	0	0	8	0	28	11	32	0	0	34	0	0	8	4	15	8	8	11	0	38	23	34	15
20	11	41	20	45	40	41	0	38	36	0	20	20	20	20	0	38	41	41	20	20	0	0	15	0	0	18	0	0	20	0	37	23	40	0	0	41	8	0	20	18	26	20	20	23	0	45	32	41	26
30	23	48	30	51	46	48	0	45	43	0	30	30	30	30	8	45	48	48	30	30	0	0	26	15	0	28	0	8	30	0	44	32	46	0	8	48	20	0	30	28	34	30	30	32	0	51	40	48	34
4	0	32	4	37	30	32	0	28	26	0	4	4	4	4	0	28	32	32	4	4	0	0	0	0	0	0	0	0	4	0	27	8	30	0	0	32	0	0	4	0	11	4	4	8	0	36	20	32	11
90	89	95	90	97	95	95	70	94	94	78	90	90	90	90	86	94	95	95	90	90	70	70	89	87	84	90	0	86	90	0	94	91	95	81	86	95	88	84	90	90	91	90	90	91	81	96	93	95	91
26	18	45	26	48	43	45	0	41	40	0	26	26	26	26	0	41	45	45	26	26	0	0	20	8	0	23	0	0	26	0	41	28	43	0	0	45	15	0	26	23	30	26	26	28	0	48	36	45	30
0	0	30	0	35	28	30	0	26	23	0	0	0	0	0	0	26	30	30	0	0	0	0	0	0	0	0	0	0	0	0	24	4	28	0	0	30	0	0	0	0	8	0	0	4	0	34	18	30	8
90	89	95	90	97	95	95	70	94	94	79	90	90	90	90	86	94	95	95	90	90	70	70	89	87	85	90	0	86	90	0	94	91	95	81	86	95	88	85	90	90	91	90	90	91	81	96	93	95	91
0	0	10	0	18	6	10	0	2	0	0	0	0	0	0	0	2	10	10	0	0	0	0	0	0	0	0	0	0	0	0	0	0	6	0	0	10	0	0	0	0	0	0	0	0	0	16	0	10	0
0	0	28	0	33	26	28	0	23	20	0	0	0	0	0	0	23	28	28	0	0	0	0	0	0	0	0	0	0	0	0	22	0	26	0	0	28	0	0	0	0	4	0	0	0	0	32	15	28	4
0	0	4	0	13	0	4	0	0	0	0	0	0	0	0	0	0	4	4	0	0	0	0	0	0	0	0	0	0	0	0	0	0	0	0	0	4	0	0	0	0	0	0	0	0	0	11	0	4	0
39	34	54	39	56	53	54	0	52	50	0	39	39	39	39	23	52	54	54	39	39	0	0	36	27	17	38	0	23	39	0	51	41	53	0	23	54	32	17	39	38	43	39	39	41	0	56	47	54	43
26	18	45	26	48	43	45	0	41	40	0	26	26	26	26	0	41	45	45	26	26	0	0	20	8	0	23	0	0	26	0	41	28	43	0	0	45	15	0	26	23	30	26	26	28	0	48	36	45	30
0	0	0	0	10	0	0	0	0	0	0	0	0	0	0	0	0	0	0	0	0	0	0	0	0	0	0	0	0	0	0	0	0	0	0	0	0	0	0	0	0	0	0	0	0	0	8	0	0	0
15	4	38	15	42	36	38	0	34	32	0	15	15	15	15	0	34	38	38	15	15	0	0	8	0	0	11	0	0	15	0	33	18	36	0	0	38	0	0	15	11	20	15	15	18	0	41	28	38	20
30	23	48	30	51	46	48	0	45	43	0	30	30	30	30	8	45	48	48	30	30	0	0	26	15	0	28	0	8	30	0	44	32	46	0	8	48	20	0	30	28	34	30	30	32	0	51	40	48	34
0	0	30	0	35	28	30	0	26	23	0	0	0	0	0	0	26	30	30	0	0	0	0	0	0	0	0	0	0	0	0	24	4	28	0	0	30	0	0	0	0	8	0	0	4	0	34	18	30	8
4	0	32	4	37	30	32	0	28	26	0	4	4	4	4	0	28	32	32	4	4	0	0	0	0	0	0	0	0	4	0	27	8	30	0	0	32	0	0	4	0	11	4	4	8	0	36	20	32	11
0	0	26	0	31	23	26	0	20	18	0	0	0	0	0	0	20	26	26	0	0	0	0	0	0	0	0	0	0	0	0	19	0	23	0	0	26	0	0	0	0	0	0	0	0	0	30	11	26	0
0	0	30	0	35	28	30	0	26	23	0	0	0	0	0	0	26	30	30	0	0	0	0	0	0	0	0	0	0	0	0	24	4	28	0	0	30	0	0	0	0	8	0	0	4	0	34	18	30	8
0	0	30	0	35	28	30	0	26	23	0	0	0	0	0	0	26	30	30	0	0	0	0	0	0	0	0	0	0	0	0	24	4	28	0	0	30	0	0	0	0	8	0	0	4	0	34	18	30	8
0	0	28	0	33	26	28	0	23	20	0	0	0	0	0	0	23	28	28	0	0	0	0	0	0	0	0	0	0	0	0	22	0	26	0	0	28	0	0	0	0	4	0	0	0	0	32	15	28	4
40	34	54	40	56	53	54	0	52	51	0	40	40	40	40	23	52	54	54	40	40	0	0	36	28	18	38	0	23	40	0	51	41	53	1	23	54	32	18	40	38	43	40	40	41	0	56	48	54	43
0	0	0	0	2	0	0	0	0	0	0	0	0	0	0	0	0	0	0	0	0	0	0	0	0	0	0	0	0	0	0	0	0	0	0	0	0	0	0	0	0	0	0	0	0	0	0	0	0	0
0	0	18	0	24	15	18	0	11	8	0	0	0	0	0	0	11	18	18	0	0	0	0	0	0	0	0	0	0	0	0	10	0	15	0	0	18	0	0	0	0	0	0	0	0	0	23	0	18	0
0	0	0	0	10	0	0	0	0	0	0	0	0	0	0	0	0	0	0	0	0	0	0	0	0	0	0	0	0	0	0	0	0	0	0	0	0	0	0	0	0	0	0	0	0	0	8	0	0	0
0	0	26	0	31	23	26	0	20	18	0	0	0	0	0	0	20	26	26	0	0	0	0	0	0	0	0	0	0	0	0	19	0	23	0	0	26	0	0	0	0	0	0	0	0	0	30	11	26	0