1591 1809 1836 1726 1840 1842 1667 1714 1596 1829 1743 1824 1820 1838 1800 1839 1850 1828 1779 1844 1841 1751 1676 1803 1825 1798 1837 1843 1795 1826 1759 1837 1828 1633 1844 1797 1803 1818 1820 1821 1744 1834 1829 1804 1557 1826 1788 1829 1825 1829 1832 1584 1838 1738 1835 1723 1779 1838 1731 1847 1742 1817 1790 1776 1848 1469 1832 1828 1712 1810 1727 1797 1812 1705 1822

85

76 55 53 63 52 52 69 64 75 53 62 54 54 52 56 52 51 53 58 52 52 61 68 56 54 56 53 52 57 54 60 53 53 72 52 56 56 54 54 54 61 53 53 56 79 54 57 53 54 53 53 77 52 62 53 63 58 52 63 52 62 54 57 58 52 88 53 53 64 55 63 56 55 65 54

14 42 31 13

33771

0	244	124	143	32	16	0	166	0	164	430	0	0	150	260	50	0	0	0	0	0	0	156	0	0	0	174	86	272	0	400	0	170	0	0	0	0	174	0	0	436	0	0	196	165	0	210	0	174	0	164	0	50	450	120	435	305	10	430	0	0	0	286	0	0	0	45	179	382	0	450	80	135	364	0
0	0	0	0	0	0	0	0	0	0	186	0	0	0	16	0	0	0	0	0	0	0	0	0	0	0	0	0	28	0	156	0	0	0	0	0	0	0	0	0	192	0	0	0	0	0	0	0	0	0	0	0	0	206	0	191	61	0	186	0	0	0	42	0	0	0	0	0	138	0	206	0	0	120	0
0	120	0	19	0	0	0	42	0	40	306	0	0	26	136	0	0	0	0	0	0	0	32	0	0	0	50	0	148	0	276	0	46	0	0	0	0	50	0	0	312	0	0	72	41	0	86	0	50	0	40	0	0	326	0	311	181	0	306	0	0	0	162	0	0	0	0	55	258	0	326	0	11	240	0
0	101	0	0	0	0	0	23	0	21	287	0	0	7	117	0	0	0	0	0	0	0	13	0	0	0	31	0	129	0	257	0	27	0	0	0	0	31	0	0	293	0	0	53	22	0	67	0	31	0	21	0	0	307	0	292	162	0	287	0	0	0	143	0	0	0	0	36	239	0	307	0	0	221	0
0	212	92	111	0	0	0	134	0	132	398	0	0	118	228	18	0	0	0	0	0	0	124	0	0	0	142	54	240	0	368	0	138	0	0	0	0	142	0	0	404	0	0	164	133	0	178	0	142	0	132	0	18	418	88	403	273	0	398	0	0	0	254	0	0	0	13	147	350	0	418	48	103	332	0
0	228	108	127	16	0	0	150	0	148	414	0	0	134	244	34	0	0	0	0	0	0	140	0	0	0	158	70	256	0	384	0	154	0	0	0	0	158	0	0	420	0	0	180	149	0	194	0	158	0	148	0	34	434	104	419	289	0	414	0	0	0	270	0	0	0	29	163	366	0	434	64	119	348	0
382	626	506	525	414	398	0	548	247	546	812	247	331	532	642	432	382	233	114	337	292	67	538	241	302	188	556	468	654	292	782	297	552	282	305	374	271	556	241	208	818	247	347	578	547	292	592	233	556	228	546	292	432	832	502	817	687	392	812	378	10	223	668	118	372	238	427	561	764	206	832	462	517	746	322
0	78	0	0	0	0	0	0	0	0	264	0	0	0	94	0	0	0	0	0	0	0	0	0	0	0	8	0	106	0	234	0	4	0	0	0	0	8	0	0	270	0	0	30	0	0	44	0	8	0	0	0	0	284	0	269	139	0	264	0	0	0	120	0	0	0	0	13	216	0	284	0	0	198	0
135	379	259	278	167	151	0	301	0	299	565	0	84	285	395	185	135	0	0	90	45	0	291	0	55	0	309	221	407	45	535	50	305	35	58	127	24	309	0	0	571	0	100	331	300	45	345	0	309	0	299	45	185	585	255	570	440	145	565	131	0	0	421	0	125	0	180	314	517	0	585	215	270	499	75
0	80	0	0	0	0	0	2	0	0	266	0	0	0	96	0	0	0	0	0	0	0	0	0	0	0	10	0	108	0	236	0	6	0	0	0	0	10	0	0	272	0	0	32	1	0	46	0	10	0	0	0	0	286	0	271	141	0	266	0	0	0	122	0	0	0	0	15	218	0	286	0	0	200	0
0	0	0	0	0	0	0	0	0	0	0	0	0	0	0	0	0	0	0	0	0	0	0	0	0	0	0	0	0	0	0	0	0	0	0	0	0	0	0	0	6	0	0	0	0	0	0	0	0	0	0	0	0	20	0	5	0	0	0	0	0	0	0	0	0	0	0	0	0	0	20	0	0	0	0
135	379	259	278	167	151	0	301	0	299	565	0	84	285	395	185	135	0	0	90	45	0	291	0	55	0	309	221	407	45	535	50	305	35	58	127	24	309	0	0	571	0	100	331	300	45	345	0	309	0	299	45	185	585	255	570	440	145	565	131	0	0	421	0	125	0	180	314	517	0	585	215	270	499	75
51	295	175	194	83	67	0	217	0	215	481	0	0	201	311	101	51	0	0	6	0	0	207	0	0	0	225	137	323	0	451	0	221	0	0	43	0	225	0	0	487	0	16	247	216	0	261	0	225	0	215	0	101	501	171	486	356	61	481	47	0	0	337	0	41	0	96	230	433	0	501	131	186	415	0
0	94	0	0	0	0	0	16	0	14	280	0	0	0	110	0	0	0	0	0	0	0	6	0	0	0	24	0	122	0	250	0	20	0	0	0	0	24	0	0	286	0	0	46	15	0	60	0	24	0	14	0	0	300	0	285	155	0	280	0	0	0	136	0	0	0	0	29	232	0	300	0	0	214	0
0	0	0	0	0	0	0	0	0	0	170	0	0	0	0	0	0	0	0	0	0	0	0	0	0	0	0	0	12	0	140	0	0	0	0	0	0	0	0	0	176	0	0	0	0	0	0	0	0	0	0	0	0	190	0	175	45	0	170	0	0	0	26	0	0	0	0	0	122	0	190	0	0	104	0
0	194	74	93	0	0	0	116	0	114	380	0	0	100	210	0	0	0	0	0	0	0	106	0	0	0	124	36	222	0	350	0	120	0	0	0	0	124	0	0	386	0	0	146	115	0	160	0	124	0	114	0	0	400	70	385	255	0	380	0	0	0	236	0	0	0	0	129	332	0	400	30	85	314	0
0	244	124	143	32	16	0	166	0	164	430	0	0	150	260	50	0	0	0	0	0	0	156	0	0	0	174	86	272	0	400	0	170	0	0	0	0	174	0	0	436	0	0	196	165	0	210	0	174	0	164	0	50	450	120	435	305	10	430	0	0	0	286	0	0	0	45	179	382	0	450	80	135	364	0
149	393	273	292	181	165	0	315	14	313	579	14	98	299	409	199	149	0	0	104	59	0	305	8	69	0	323	235	421	59	549	64	319	49	72	141	38	323	8	0	585	14	114	345	314	59	359	0	323	0	313	59	199	599	269	584	454	159	579	145	0	0	435	0	139	5	194	328	531	0	599	229	284	513	89
268	512	392	411	300	284	0	434	133	432	698	133	217	418	528	318	268	119	0	223	178	0	424	127	188	74	442	354	540	178	668	183	438	168	191	260	157	442	127	94	704	133	233	464	433	178	478	119	442	114	432	178	318	718	388	703	573	278	698	264	0	109	554	4	258	124	313	447	650	92	718	348	403	632	208
45	289	169	188	77	61	0	211	0	209	475	0	0	195	305	95	45	0	0	0	0	0	201	0	0	0	219	131	317	0	445	0	215	0	0	37	0	219	0	0	481	0	10	241	210	0	255	0	219	0	209	0	95	495	165	480	350	55	475	41	0	0	331	0	35	0	90	224	427	0	495	125	180	409	0
90	334	214	233	122	106	0	256	0	254	520	0	39	240	350	140	90	0	0	45	0	0	246	0	10	0	264	176	362	0	490	5	260	0	13	82	0	264	0	0	526	0	55	286	255	0	300	0	264	0	254	0	140	540	210	525	395	100	520	86	0	0	376	0	80	0	135	269	472	0	540	170	225	454	30
315	559	439	458	347	331	0	481	180	479	745	180	264	465	575	365	315	166	47	270	225	0	471	174	235	121	489	401	587	225	715	230	485	215	238	307	204	489	174	141	751	180	280	511	480	225	525	166	489	161	479	225	365	765	435	750	620	325	745	311	0	156	601	51	305	171	360	494	697	139	765	395	450	679	255
0	88	0	0	0	0	0	10	0	8	274	0	0	0	104	0	0	0	0	0	0	0	0	0	0	0	18	0	116	0	244	0	14	0	0	0	0	18	0	0	280	0	0	40	9	0	54	0	18	0	8	0	0	294	0	279	149	0	274	0	0	0	130	0	0	0	0	23	226	0	294	0	0	208	0
141	385	265	284	173	157	0	307	6	305	571	6	90	291	401	191	141	0	0	96	51	0	297	0	61	0	315	227	413	51	541	56	311	41	64	133	30	315	0	0	577	6	106	337	306	51	351	0	315	0	305	51	191	591	261	576	446	151	571	137	0	0	427	0	131	0	186	320	523	0	591	221	276	505	81
80	324	204	223	112	96	0	246	0	244	510	0	29	230	340	130	80	0	0	35	0	0	236	0	0	0	254	166	352	0	480	0	250	0	3	72	0	254	0	0	516	0	45	276	245	0	290	0	254	0	244	0	130	530	200	515	385	90	510	76	0	0	366	0	70	0	125	259	462	0	530	160	215	444	20
194	438	318	337	226	210	0	360	59	358	624	59	143	344	454	244	194	45	0	149	104	0	350	53	114	0	368	280	466	104	594	109	364	94	117	186	83	368	53	20	630	59	159	390	359	104	404	45	368	40	358	104	244	644	314	629	499	204	624	190	0	35	480	0	184	50	239	373	576	18	644	274	329	558	134
0	70	0	0	0	0	0	0	0	0	256	0	0	0	86	0	0	0	0	0	0	0	0	0	0	0	0	0	98	0	226	0	0	0	0	0	0	0	0	0	262	0	0	22	0	0	36	0	0	0	0	0	0	276	0	261	131	0	256	0	0	0	112	0	0	0	0	5	208	0	276	0	0	190	0
0	158	38	57	0	0	0	80	0	78	344	0	0	64	174	0	0	0	0	0	0	0	70	0	0	0	88	0	186	0	314	0	84	0	0	0	0	88	0	0	350	0	0	110	79	0	124	0	88	0	78	0	0	364	34	349	219	0	344	0	0	0	200	0	0	0	0	93	296	0	364	0	49	278	0
0	0	0	0	0	0	0	0	0	0	158	0	0	0	0	0	0	0	0	0	0	0	0	0	0	0	0	0	0	0	128	0	0	0	0	0	0	0	0	0	164	0	0	0	0	0	0	0	0	0	0	0	0	178	0	163	33	0	158	0	0	0	14	0	0	0	0	0	110	0	178	0	0	92	0
90	334	214	233	122	106	0	256	0	254	520	0	39	240	350	140	90	0	0	45	0	0	246	0	10	0	264	176	362	0	490	5	260	0	13	82	0	264	0	0	526	0	55	286	255	0	300	0	264	0	254	0	140	540	210	525	395	100	520	86	0	0	376	0	80	0	135	269	472	0	540	170	225	454	30
0	0	0	0	0	0	0	0	0	0	30	0	0	0	0	0	0	0	0	0	0	0	0	0	0	0	0	0	0	0	0	0	0	0	0	0	0	0	0	0	36	0	0	0	0	0	0	0	0	0	0	0	0	50	0	35	0	0	30	0	0	0	0	0	0	0	0	0	0	0	50	0	0	0	0
85	329	209	228	117	101	0	251	0	249	515	0	34	235	345	135	85	0	0	40	0	0	241	0	5	0	259	171	357	0	485	0	255	0	8	77	0	259	0	0	521	0	50	281	250	0	295	0	259	0	249	0	135	535	205	520	390	95	515	81	0	0	371	0	75	0	130	264	467	0	535	165	220	449	25
0	74	0	0	0	0	0	0	0	0	260	0	0	0	90	0	0	0	0	0	0	0	0	0	0	0	4	0	102	0	230	0	0	0	0	0	0	4	0	0	266	0	0	26	0	0	40	0	4	0	0	0	0	280	0	265	135	0	260	0	0	0	116	0	0	0	0	9	212	0	280	0	0	194	0
100	344	224	243	132	116	0	266	0	264	530	0	49	250	360	150	100	0	0	55	10	0	256	0	20	0	274	186	372	10	500	15	270	0	23	92	0	274	0	0	536	0	65	296	265	10	310	0	274	0	264	10	150	550	220	535	405	110	530	96	0	0	386	0	90	0	145	279	482	0	550	180	235	464	40
77	321	201	220	109	93	0	243	0	241	507	0	26	227	337	127	77	0	0	32	0	0	233	0	0	0	251	163	349	0	477	0	247	0	0	69	0	251	0	0	513	0	42	273	242	0	287	0	251	0	241	0	127	527	197	512	382	87	507	73	0	0	363	0	67	0	122	256	459	0	527	157	212	441	17
8	252	132	151	40	24	0	174	0	172	438	0	0	158	268	58	8	0	0	0	0	0	164	0	0	0	182	94	280	0	408	0	178	0	0	0	0	182	0	0	444	0	0	204	173	0	218	0	182	0	172	0	58	458	128	443	313	18	438	4	0	0	294	0	0	0	53	187	390	0	458	88	143	372	0
111	355	235	254	143	127	0	277	0	275	541	0	60	261	371	161	111	0	0	66	21	0	267	0	31	0	285	197	383	21	511	26	281	11	34	103	0	285	0	0	547	0	76	307	276	21	321	0	285	0	275	21	161	561	231	546	416	121	541	107	0	0	397	0	101	0	156	290	493	0	561	191	246	475	51
0	70	0	0	0	0	0	0	0	0	256	0	0	0	86	0	0	0	0	0	0	0	0	0	0	0	0	0	98	0	226	0	0	0	0	0	0	0	0	0	262	0	0	22	0	0	36	0	0	0	0	0	0	276	0	261	131	0	256	0	0	0	112	0	0	0	0	5	208	0	276	0	0	190	0
141	385	265	284	173	157	0	307	6	305	571	6	90	291	401	191	141	0	0	96	51	0	297	0	61	0	315	227	413	51	541	56	311	41	64	133	30	315	0	0	577	6	106	337	306	51	351	0	315	0	305	51	191	591	261	576	446	151	571	137	0	0	427	0	131	0	186	320	523	0	591	221	276	505	81
174	418	298	317	206	190	0	340	39	338	604	39	123	324	434	224	174	25	0	129	84	0	330	33	94	0	348	260	446	84	574	89	344	74	97	166	63	348	33	0	610	39	139	370	339	84	384	25	348	20	338	84	224	624	294	609	479	184	604	170	0	15	460	0	164	30	219	353	556	0	624	254	309	538	114
0	0	0	0	0	0	0	0	0	0	0	0	0	0	0	0	0	0	0	0	0	0	0	0	0	0	0	0	0	0	0	0	0	0	0	0	0	0	0	0	0	0	0	0	0	0	0	0	0	0	0	0	0	14	0	0	0	0	0	0	0	0	0	0	0	0	0	0	0	0	14	0	0	0	0
135	379	259	278	167	151	0	301	0	299	565	0	84	285	395	185	135	0	0	90	45	0	291	0	55	0	309	221	407	45	535	50	305	35	58	127	24	309	0	0	571	0	100	331	300	45	345	0	309	0	299	45	185	585	255	570	440	145	565	131	0	0	421	0	125	0	180	314	517	0	585	215	270	499	75
35	279	159	178	67	51	0	201	0	199	465	0	0	185	295	85	35	0	0	0	0	0	191	0	0	0	209	121	307	0	435	0	205	0	0	27	0	209	0	0	471	0	0	231	200	0	245	0	209	0	199	0	85	485	155	470	340	45	465	31	0	0	321	0	25	0	80	214	417	0	485	115	170	399	0
0	48	0	0	0	0	0	0	0	0	234	0	0	0	64	0	0	0	0	0	0	0	0	0	0	0	0	0	76	0	204	0	0	0	0	0	0	0	0	0	240	0	0	0	0	0	14	0	0	0	0	0	0	254	0	239	109	0	234	0	0	0	90	0	0	0	0	0	186	0	254	0	0	168	0
0	79	0	0	0	0	0	1	0	0	265	0	0	0	95	0	0	0	0	0	0	0	0	0	0	0	9	0	107	0	235	0	5	0	0	0	0	9	0	0	271	0	0	31	0	0	45	0	9	0	0	0	0	285	0	270	140	0	265	0	0	0	121	0	0	0	0	14	217	0	285	0	0	199	0
90	334	214	233	122	106	0	256	0	254	520	0	39	240	350	140	90	0	0	45	0	0	246	0	10	0	264	176	362	0	490	5	260	0	13	82	0	264	0	0	526	0	55	286	255	0	300	0	264	0	254	0	140	540	210	525	395	100	520	86	0	0	376	0	80	0	135	269	472	0	540	170	225	454	30
0	34	0	0	0	0	0	0	0	0	220	0	0	0	50	0	0	0	0	0	0	0	0	0	0	0	0	0	62	0	190	0	0	0	0	0	0	0	0	0	226	0	0	0	0	0	0	0	0	0	0	0	0	240	0	225	95	0	220	0	0	0	76	0	0	0	0	0	172	0	240	0	0	154	0
149	393	273	292	181	165	0	315	14	313	579	14	98	299	409	199	149	0	0	104	59	0	305	8	69	0	323	235	421	59	549	64	319	49	72	141	38	323	8	0	585	14	114	345	314	59	359	0	323	0	313	59	199	599	269	584	454	159	579	145	0	0	435	0	139	5	194	328	531	0	599	229	284	513	89
0	70	0	0	0	0	0	0	0	0	256	0	0	0	86	0	0	0	0	0	0	0	0	0	0	0	0	0	98	0	226	0	0	0	0	0	0	0	0	0	262	0	0	22	0	0	36	0	0	0	0	0	0	276	0	261	131	0	256	0	0	0	112	0	0	0	0	5	208	0	276	0	0	190	0
154	398	278	297	186	170	0	320	19	318	584	19	103	304	414	204	154	5	0	109	64	0	310	13	74	0	328	240	426	64	554	69	324	54	77	146	43	328	13	0	590	19	119	350	319	64	364	5	328	0	318	64	204	604	274	589	459	164	584	150	0	0	440	0	144	10	199	333	536	0	604	234	289	518	94
0	80	0	0	0	0	0	2	0	0	266	0	0	0	96	0	0	0	0	0	0	0	0	0	0	0	10	0	108	0	236	0	6	0	0	0	0	10	0	0	272	0	0	32	1	0	46	0	10	0	0	0	0	286	0	271	141	0	266	0	0	0	122	0	0	0	0	15	218	0	286	0	0	200	0
90	334	214	233	122	106	0	256	0	254	520	0	39	240	350	140	90	0	0	45	0	0	246	0	10	0	264	176	362	0	490	5	260	0	13	82	0	264	0	0	526	0	55	286	255	0	300	0	264	0	254	0	140	540	210	525	395	100	520	86	0	0	376	0	80	0	135	269	472	0	540	170	225	454	30
0	194	74	93	0	0	0	116	0	114	380	0	0	100	210	0	0	0	0	0	0	0	106	0	0	0	124	36	222	0	350	0	120	0	0	0	0	124	0	0	386	0	0	146	115	0	160	0	124	0	114	0	0	400	70	385	255	0	380	0	0	0	236	0	0	0	0	129	332	0	400	30	85	314	0
0	0	0	0	0	0	0	0	0	0	0	0	0	0	0	0	0	0	0	0	0	0	0	0	0	0	0	0	0	0	0	0	0	0	0	0	0	0	0	0	0	0	0	0	0	0	0	0	0	0	0	0	0	0	0	0	0	0	0	0	0	0	0	0	0	0	0	0	0	0	0	0	0	0	0
0	124	4	23	0	0	0	46	0	44	310	0	0	30	140	0	0	0	0	0	0	0	36	0	0	0	54	0	152	0	280	0	50	0	0	0	0	54	0	0	316	0	0	76	45	0	90	0	54	0	44	0	0	330	0	315	185	0	310	0	0	0	166	0	0	0	0	59	262	0	330	0	15	244	0
0	0	0	0	0	0	0	0	0	0	0	0	0	0	0	0	0	0	0	0	0	0	0	0	0	0	0	0	0	0	0	0	0	0	0	0	0	0	0	0	1	0	0	0	0	0	0	0	0	0	0	0	0	15	0	0	0	0	0	0	0	0	0	0	0	0	0	0	0	0	15	0	0	0	0
0	0	0	0	0	0	0	0	0	0	125	0	0	0	0	0	0	0	0	0	0	0	0	0	0	0	0	0	0	0	95	0	0	0	0	0	0	0	0	0	131	0	0	0	0	0	0	0	0	0	0	0	0	145	0	130	0	0	125	0	0	0	0	0	0	0	0	0	77	0	145	0	0	59	0
0	234	114	133	22	6	0	156	0	154	420	0	0	140	250	40	0	0	0	0	0	0	146	0	0	0	164	76	262	0	390	0	160	0	0	0	0	164	0	0	426	0	0	186	155	0	200	0	164	0	154	0	40	440	110	425	295	0	420	0	0	0	276	0	0	0	35	169	372	0	440	70	125	354	0
0	0	0	0	0	0	0	0	0	0	0	0	0	0	0	0	0	0	0	0	0	0	0	0	0	0	0	0	0	0	0	0	0	0	0	0	0	0	0	0	6	0	0	0	0	0	0	0	0	0	0	0	0	20	0	5	0	0	0	0	0	0	0	0	0	0	0	0	0	0	20	0	0	0	0
4	248	128	147	36	20	0	170	0	168	434	0	0	154	264	54	4	0	0	0	0	0	160	0	0	0	178	90	276	0	404	0	174	0	0	0	0	178	0	0	440	0	0	200	169	0	214	0	178	0	168	0	54	454	124	439	309	14	434	0	0	0	290	0	0	0	49	183	386	0	454	84	139	368	0
372	616	496	515	404	388	0	538	237	536	802	237	321	522	632	422	372	223	104	327	282	57	528	231	292	178	546	458	644	282	772	287	542	272	295	364	261	546	231	198	808	237	337	568	537	282	582	223	546	218	536	282	422	822	492	807	677	382	802	368	0	213	658	108	362	228	417	551	754	196	822	452	507	736	312
159	403	283	302	191	175	0	325	24	323	589	24	108	309	419	209	159	10	0	114	69	0	315	18	79	0	333	245	431	69	559	74	329	59	82	151	48	333	18	0	595	24	124	355	324	69	369	10	333	5	323	69	209	609	279	594	464	169	589	155	0	0	445	0	149	15	204	338	541	0	609	239	294	523	99
0	0	0	0	0	0	0	0	0	0	144	0	0	0	0	0	0	0	0	0	0	0	0	0	0	0	0	0	0	0	114	0	0	0	0	0	0	0	0	0	150	0	0	0	0	0	0	0	0	0	0	0	0	164	0	149	19	0	144	0	0	0	0	0	0	0	0	0	96	0	164	0	0	78	0
264	508	388	407	296	280	0	430	129	428	694	129	213	414	524	314	264	115	0	219	174	0	420	123	184	70	438	350	536	174	664	179	434	164	187	256	153	438	123	90	700	129	229	460	429	174	474	115	438	110	428	174	314	714	384	699	569	274	694	260	0	105	550	0	254	120	309	443	646	88	714	344	399	628	204
10	254	134	153	42	26	0	176	0	174	440	0	0	160	270	60	10	0	0	0	0	0	166	0	0	0	184	96	282	0	410	0	180	0	0	2	0	184	0	0	446	0	0	206	175	0	220	0	184	0	174	0	60	460	130	445	315	20	440	6	0	0	296	0	0	0	55	189	392	0	460	90	145	374	0
144	388	268	287	176	160	0	310	9	308	574	9	93	294	404	194	144	0	0	99	54	0	300	3	64	0	318	230	416	54	544	59	314	44	67	136	33	318	3	0	580	9	109	340	309	54	354	0	318	0	308	54	194	594	264	579	449	154	574	140	0	0	430	0	134	0	189	323	526	0	594	224	279	508	84
0	199	79	98	0	0	0	121	0	119	385	0	0	105	215	5	0	0	0	0	0	0	111	0	0	0	129	41	227	0	355	0	125	0	0	0	0	129	0	0	391	0	0	151	120	0	165	0	129	0	119	0	5	405	75	390	260	0	385	0	0	0	241	0	0	0	0	134	337	0	405	35	90	319	0
0	65	0	0	0	0	0	0	0	0	251	0	0	0	81	0	0	0	0	0	0	0	0	0	0	0	0	0	93	0	221	0	0	0	0	0	0	0	0	0	257	0	0	17	0	0	31	0	0	0	0	0	0	271	0	256	126	0	251	0	0	0	107	0	0	0	0	0	203	0	271	0	0	185	0
0	0	0	0	0	0	0	0	0	0	48	0	0	0	0	0	0	0	0	0	0	0	0	0	0	0	0	0	0	0	18	0	0	0	0	0	0	0	0	0	54	0	0	0	0	0	0	0	0	0	0	0	0	68	0	53	0	0	48	0	0	0	0	0	0	0	0	0	0	0	68	0	0	0	0
176	420	300	319	208	192	0	342	41	340	606	41	125	326	436	226	176	27	0	131	86	0	332	35	96	0	350	262	448	86	576	91	346	76	99	168	65	350	35	2	612	41	141	372	341	86	386	27	350	22	340	86	226	626	296	611	481	186	606	172	0	17	462	0	166	32	221	355	558	0	626	256	311	540	116
0	0	0	0	0	0	0	0	0	0	0	0	0	0	0	0	0	0	0	0	0	0	0	0	0	0	0	0	0	0	0	0	0	0	0	0	0	0	0	0	0	0	0	0	0	0	0	0	0	0	0	0	0	0	0	0	0	0	0	0	0	0	0	0	0	0	0	0	0	0	0	0	0	0	0
0	164	44	63	0	0	0	86	0	84	350	0	0	70	180	0	0	0	0	0	0	0	76	0	0	0	94	6	192	0	320	0	90	0	0	0	0	94	0	0	356	0	0	116	85	0	130	0	94	0	84	0	0	370	40	355	225	0	350	0	0	0	206	0	0	0	0	99	302	0	370	0	55	284	0
0	109	0	8	0	0	0	31	0	29	295	0	0	15	125	0	0	0	0	0	0	0	21	0	0	0	39	0	137	0	265	0	35	0	0	0	0	39	0	0	301	0	0	61	30	0	75	0	39	0	29	0	0	315	0	300	170	0	295	0	0	0	151	0	0	0	0	44	247	0	315	0	0	229	0
0	0	0	0	0	0	0	0	0	0	66	0	0	0	0	0	0	0	0	0	0	0	0	0	0	0	0	0	0	0	36	0	0	0	0	0	0	0	0	0	72	0	0	0	0	0	0	0	0	0	0	0	0	86	0	71	0	0	66	0	0	0	0	0	0	0	0	0	18	0	86	0	0	0	0
60	304	184	203	92	76	0	226	0	224	490	0	9	210	320	110	60	0	0	15	0	0	216	0	0	0	234	146	332	0	460	0	230	0	0	52	0	234	0	0	496	0	25	256	225	0	270	0	234	0	224	0	110	510	180	495	365	70	490	56	0	0	346	0	50	0	105	239	442	0	510	140	195	424	0

0	0	0	0	0	0	382	0	135	0	0	135	51	0	0	0	0	149	268	45	90	315	0	141	80	194	0	0	0	90	0	85	0	100	77	8	111	0	141	174	0	135	35	0	0	90	0	149	0	154	0	90	0	0	0	0	0	0	0	4	372	159	0	264	10	144	0	0	0	176	0	0	0	0	60
244	0	120	101	212	228	626	78	379	80	0	379	295	94	0	194	244	393	512	289	334	559	88	385	324	438	70	158	0	334	0	329	74	344	321	252	355	70	385	418	0	379	279	48	79	334	34	393	70	398	80	334	194	0	124	0	0	234	0	248	616	403	0	508	254	388	199	65	0	420	0	164	109	0	304
124	0	0	0	92	108	506	0	259	0	0	259	175	0	0	74	124	273	392	169	214	439	0	265	204	318	0	38	0	214	0	209	0	224	201	132	235	0	265	298	0	259	159	0	0	214	0	273	0	278	0	214	74	0	4	0	0	114	0	128	496	283	0	388	134	268	79	0	0	300	0	44	0	0	184
143	0	19	0	111	127	525	0	278	0	0	278	194	0	0	93	143	292	411	188	233	458	0	284	223	337	0	57	0	233	0	228	0	243	220	151	254	0	284	317	0	278	178	0	0	233	0	292	0	297	0	233	93	0	23	0	0	133	0	147	515	302	0	407	153	287	98	0	0	319	0	63	8	0	203
32	0	0	0	0	16	414	0	167	0	0	167	83	0	0	0	32	181	300	77	122	347	0	173	112	226	0	0	0	122	0	117	0	132	109	40	143	0	173	206	0	167	67	0	0	122	0	181	0	186	0	122	0	0	0	0	0	22	0	36	404	191	0	296	42	176	0	0	0	208	0	0	0	0	92
16	0	0	0	0	0	398	0	151	0	0	151	67	0	0	0	16	165	284	61	106	331	0	157	96	210	0	0	0	106	0	101	0	116	93	24	127	0	157	190	0	151	51	0	0	106	0	165	0	170	0	106	0	0	0	0	0	6	0	20	388	175	0	280	26	160	0	0	0	192	0	0	0	0	76
0	0	0	0	0	0	0	0	0	0	0	0	0	0	0	0	0	0	0	0	0	0	0	0	0	0	0	0	0	0	0	0	0	0	0	0	0	0	0	0	0	0	0	0	0	0	0	0	0	0	0	0	0	0	0	0	0	0	0	0	0	0	0	0	0	0	0	0	0	0	0	0	0	0	0
166	0	42	23	134	150	548	0	301	2	0	301	217	16	0	116	166	315	434	211	256	481	10	307	246	360	0	80	0	256	0	251	0	266	243	174	277	0	307	340	0	301	201	0	1	256	0	315	0	320	2	256	116	0	46	0	0	156	0	170	538	325	0	430	176	310	121	0	0	342	0	86	31	0	226
0	0	0	0	0	0	247	0	0	0	0	0	0	0	0	0	0	14	133	0	0	180	0	6	0	59	0	0	0	0	0	0	0	0	0	0	0	0	6	39	0	0	0	0	0	0	0	14	0	19	0	0	0	0	0	0	0	0	0	0	237	24	0	129	0	9	0	0	0	41	0	0	0	0	0
164	0	40	21	132	148	546	0	299	0	0	299	215	14	0	114	164	313	432	209	254	479	8	305	244	358	0	78	0	254	0	249	0	264	241	172	275	0	305	338	0	299	199	0	0	254	0	313	0	318	0	254	114	0	44	0	0	154	0	168	536	323	0	428	174	308	119	0	0	340	0	84	29	0	224
430	186	306	287	398	414	812	264	565	266	0	565	481	280	170	380	430	579	698	475	520	745	274	571	510	624	256	344	158	520	30	515	260	530	507	438	541	256	571	604	0	565	465	234	265	520	220	579	256	584	266	520	380	0	310	0	125	420	0	434	802	589	144	694	440	574	385	251	48	606	0	350	295	66	490
0	0	0	0	0	0	247	0	0	0	0	0	0	0	0	0	0	14	133	0	0	180	0	6	0	59	0	0	0	0	0	0	0	0	0	0	0	0	6	39	0	0	0	0	0	0	0	14	0	19	0	0	0	0	0	0	0	0	0	0	237	24	0	129	0	9	0	0	0	41	0	0	0	0	0
0	0	0	0	0	0	331	0	84	0	0	84	0	0	0	0	0	98	217	0	39	264	0	90	29	143	0	0	0	39	0	34	0	49	26	0	60	0	90	123	0	84	0	0	0	39	0	98	0	103	0	39	0	0	0	0	0	0	0	0	321	108	0	213	0	93	0	0	0	125	0	0	0	0	9
150	0	26	7	118	134	532	0	285	0	0	285	201	0	0	100	150	299	418	195	240	465	0	291	230	344	0	64	0	240	0	235	0	250	227	158	261	0	291	324	0	285	185	0	0	240	0	299	0	304	0	240	100	0	30	0	0	140	0	154	522	309	0	414	160	294	105	0	0	326	0	70	15	0	210
260	16	136	117	228	244	642	94	395	96	0	395	311	110	0	210	260	409	528	305	350	575	104	401	340	454	86	174	0	350	0	345	90	360	337	268	371	86	401	434	0	395	295	64	95	350	50	409	86	414	96	350	210	0	140	0	0	250	0	264	632	419	0	524	270	404	215	81	0	436	0	180	125	0	320
50	0	0	0	18	34	432	0	185	0	0	185	101	0	0	0	50	199	318	95	140	365	0	191	130	244	0	0	0	140	0	135	0	150	127	58	161	0	191	224	0	185	85	0	0	140	0	199	0	204	0	140	0	0	0	0	0	40	0	54	422	209	0	314	60	194	5	0	0	226	0	0	0	0	110
0	0	0	0	0	0	382	0	135	0	0	135	51	0	0	0	0	149	268	45	90	315	0	141	80	194	0	0	0	90	0	85	0	100	77	8	111	0	141	174	0	135	35	0	0	90	0	149	0	154	0	90	0	0	0	0	0	0	0	4	372	159	0	264	10	144	0	0	0	176	0	0	0	0	60
0	0	0	0	0	0	233	0	0	0	0	0	0	0	0	0	0	0	119	0	0	166	0	0	0	45	0	0	0	0	0	0	0	0	0	0	0	0	0	25	0	0	0	0	0	0	0	0	0	5	0	0	0	0	0	0	0	0	0	0	223	10	0	115	0	0	0	0	0	27	0	0	0	0	0
0	0	0	0	0	0	114	0	0	0	0	0	0	0	0	0	0	0	0	0	0	47	0	0	0	0	0	0	0	0	0	0	0	0	0	0	0	0	0	0	0	0	0	0	0	0	0	0	0	0	0	0	0	0	0	0	0	0	0	0	104	0	0	0	0	0	0	0	0	0	0	0	0	0	0
0	0	0	0	0	0	337	0	90	0	0	90	6	0	0	0	0	104	223	0	45	270	0	96	35	149	0	0	0	45	0	40	0	55	32	0	66	0	96	129	0	90	0	0	0	45	0	104	0	109	0	45	0	0	0	0	0	0	0	0	327	114	0	219	0	99	0	0	0	131	0	0	0	0	15
0	0	0	0	0	0	292	0	45	0	0	45	0	0	0	0	0	59	178	0	0	225	0	51	0	104	0	0	0	0	0	0	0	10	0	0	21	0	51	84	0	45	0	0	0	0	0	59	0	64	0	0	0	0	0	0	0	0	0	0	282	69	0	174	0	54	0	0	0	86	0	0	0	0	0
0	0	0	0	0	0	67	0	0	0	0	0	0	0	0	0	0	0	0	0	0	0	0	0	0	0	0	0	0	0	0	0	0	0	0	0	0	0	0	0	0	0	0	0	0	0	0	0	0	0	0	0	0	0	0	0	0	0	0	0	57	0	0	0	0	0	0	0	0	0	0	0	0	0	0
156	0	32	13	124	140	538	0	291	0	0	291	207	6	0	106	156	305	424	201	246	471	0	297	236	350	0	70	0	246	0	241	0	256	233	164	267	0	297	330	0	291	191	0	0	246	0	305	0	310	0	246	106	0	36	0	0	146	0	160	528	315	0	420	166	300	111	0	0	332	0	76	21	0	216
0	0	0	0	0	0	241	0	0	0	0	0	0	0	0	0	0	8	127	0	0	174	0	0	0	53	0	0	0	0	0	0	0	0	0	0	0	0	0	33	0	0	0	0	0	0	0	8	0	13	0	0	0	0	0	0	0	0	0	0	231	18	0	123	0	3	0	0	0	35	0	0	0	0	0
0	0	0	0	0	0	302	0	55	0	0	55	0	0	0	0	0	69	188	0	10	235	0	61	0	114	0	0	0	10	0	5	0	20	0	0	31	0	61	94	0	55	0	0	0	10	0	69	0	74	0	10	0	0	0	0	0	0	0	0	292	79	0	184	0	64	0	0	0	96	0	0	0	0	0
0	0	0	0	0	0	188	0	0	0	0	0	0	0	0	0	0	0	74	0	0	121	0	0	0	0	0	0	0	0	0	0	0	0	0	0	0	0	0	0	0	0	0	0	0	0	0	0	0	0	0	0	0	0	0	0	0	0	0	0	178	0	0	70	0	0	0	0	0	0	0	0	0	0	0
174	0	50	31	142	158	556	8	309	10	0	309	225	24	0	124	174	323	442	219	264	489	18	315	254	368	0	88	0	264	0	259	4	274	251	182	285	0	315	348	0	309	209	0	9	264	0	323	0	328	10	264	124	0	54	0	0	164	0	178	546	333	0	438	184	318	129	0	0	350	0	94	39	0	234
86	0	0	0	54	70	468	0	221	0	0	221	137	0	0	36	86	235	354	131	176	401	0	227	166	280	0	0	0	176	0	171	0	186	163	94	197	0	227	260	0	221	121	0	0	176	0	235	0	240	0	176	36	0	0	0	0	76	0	90	458	245	0	350	96	230	41	0	0	262	0	6	0	0	146
272	28	148	129	240	256	654	106	407	108	0	407	323	122	12	222	272	421	540	317	362	587	116	413	352	466	98	186	0	362	0	357	102	372	349	280	383	98	413	446	0	407	307	76	107	362	62	421	98	426	108	362	222	0	152	0	0	262	0	276	644	431	0	536	282	416	227	93	0	448	0	192	137	0	332
0	0	0	0	0	0	292	0	45	0	0	45	0	0	0	0	0	59	178	0	0	225	0	51	0	104	0	0	0	0	0	0	0	10	0	0	21	0	51	84	0	45	0	0	0	0	0	59	0	64	0	0	0	0	0	0	0	0	0	0	282	69	0	174	0	54	0	0	0	86	0	0	0	0	0
400	156	276	257	368	384	782	234	535	236	0	535	451	250	140	350	400	549	668	445	490	715	244	541	480	594	226	314	128	490	0	485	230	500	477	408	511	226	541	574	0	535	435	204	235	490	190	549	226	554	236	490	350	0	280	0	95	390	0	404	772	559	114	664	410	544	355	221	18	576	0	320	265	36	460
0	0	0	0	0	0	297	0	50	0	0	50	0	0	0	0	0	64	183	0	5	230	0	56	0	109	0	0	0	5	0	0	0	15	0	0	26	0	56	89	0	50	0	0	0	5	0	64	0	69	0	5	0	0	0	0	0	0	0	0	287	74	0	179	0	59	0	0	0	91	0	0	0	0	0
170	0	46	27	138	154	552	4	305	6	0	305	221	20	0	120	170	319	438	215	260	485	14	311	250	364	0	84	0	260	0	255	0	270	247	178	281	0	311	344	0	305	205	0	5	260	0	319	0	324	6	260	120	0	50	0	0	160	0	174	542	329	0	434	180	314	125	0	0	346	0	90	35	0	230
0	0	0	0	0	0	282	0	35	0	0	35	0	0	0	0	0	49	168	0	0	215	0	41	0	94	0	0	0	0	0	0	0	0	0	0	11	0	41	74	0	35	0	0	0	0	0	49	0	54	0	0	0	0	0	0	0	0	0	0	272	59	0	164	0	44	0	0	0	76	0	0	0	0	0
0	0	0	0	0	0	305	0	58	0	0	58	0	0	0	0	0	72	191	0	13	238	0	64	3	117	0	0	0	13	0	8	0	23	0	0	34	0	64	97	0	58	0	0	0	13	0	72	0	77	0	13	0	0	0	0	0	0	0	0	295	82	0	187	0	67	0	0	0	99	0	0	0	0	0
0	0	0	0	0	0	374	0	127	0	0	127	43	0	0	0	0	141	260	37	82	307	0	133	72	186	0	0	0	82	0	77	0	92	69	0	103	0	133	166	0	127	27	0	0	82	0	141	0	146	0	82	0	0	0	0	0	0	0	0	364	151	0	256	2	136	0	0	0	168	0	0	0	0	52
0	0	0	0	0	0	271	0	24	0	0	24	0	0	0	0	0	38	157	0	0	204	0	30	0	83	0	0	0	0	0	0	0	0	0	0	0	0	30	63	0	24	0	0	0	0	0	38	0	43	0	0	0	0	0	0	0	0	0	0	261	48	0	153	0	33	0	0	0	65	0	0	0	0	0
174	0	50	31	142	158	556	8	309	10	0	309	225	24	0	124	174	323	442	219	264	489	18	315	254	368	0	88	0	264	0	259	4	274	251	182	285	0	315	348	0	309	209	0	9	264	0	323	0	328	10	264	124	0	54	0	0	164	0	178	546	333	0	438	184	318	129	0	0	350	0	94	39	0	234
0	0	0	0	0	0	241	0	0	0	0	0	0	0	0	0	0	8	127	0	0	174	0	0	0	53	0	0	0	0	0	0	0	0	0	0	0	0	0	33	0	0	0	0	0	0	0	8	0	13	0	0	0	0	0	0	0	0	0	0	231	18	0	123	0	3	0	0	0	35	0	0	0	0	0
0	0	0	0	0	0	208	0	0	0	0	0	0	0	0	0	0	0	94	0	0	141	0	0	0	20	0	0	0	0	0	0	0	0	0	0	0	0	0	0	0	0	0	0	0	0	0	0	0	0	0	0	0	0	0	0	0	0	0	0	198	0	0	90	0	0	0	0	0	2	0	0	0	0	0
436	192	312	293	404	420	818	270	571	272	6	571	487	286	176	386	436	585	704	481	526	751	280	577	516	630	262	350	164	526	36	521	266	536	513	444	547	262	577	610	0	571	471	240	271	526	226	585	262	590	272	526	386	0	316	1	131	426	6	440	808	595	150	700	446	580	391	257	54	612	0	356	301	72	496
0	0	0	0	0	0	247	0	0	0	0	0	0	0	0	0	0	14	133	0	0	180	0	6	0	59	0	0	0	0	0	0	0	0	0	0	0	0	6	39	0	0	0	0	0	0	0	14	0	19	0	0	0	0	0	0	0	0	0	0	237	24	0	129	0	9	0	0	0	41	0	0	0	0	0
0	0	0	0	0	0	347	0	100	0	0	100	16	0	0	0	0	114	233	10	55	280	0	106	45	159	0	0	0	55	0	50	0	65	42	0	76	0	106	139	0	100	0	0	0	55	0	114	0	119	0	55	0	0	0	0	0	0	0	0	337	124	0	229	0	109	0	0	0	141	0	0	0	0	25
196	0	72	53	164	180	578	30	331	32	0	331	247	46	0	146	196	345	464	241	286	511	40	337	276	390	22	110	0	286	0	281	26	296	273	204	307	22	337	370	0	331	231	0	31	286	0	345	22	350	32	286	146	0	76	0	0	186	0	200	568	355	0	460	206	340	151	17	0	372	0	116	61	0	256
165	0	41	22	133	149	547	0	300	1	0	300	216	15	0	115	165	314	433	210	255	480	9	306	245	359	0	79	0	255	0	250	0	265	242	173	276	0	306	339	0	300	200	0	0	255	0	314	0	319	1	255	115	0	45	0	0	155	0	169	537	324	0	429	175	309	120	0	0	341	0	85	30	0	225
0	0	0	0	0	0	292	0	45	0	0	45	0	0	0	0	0	59	178	0	0	225	0	51	0	104	0	0	0	0	0	0	0	10	0	0	21	0	51	84	0	45	0	0	0	0	0	59	0	64	0	0	0	0	0	0	0	0	0	0	282	69	0	174	0	54	0	0	0	86	0	0	0	0	0
210	0	86	67	178	194	592	44	345	46	0	345	261	60	0	160	210	359	478	255	300	525	54	351	290	404	36	124	0	300	0	295	40	310	287	218	321	36	351	384	0	345	245	14	45	300	0	359	36	364	46	300	160	0	90	0	0	200	0	214	582	369	0	474	220	354	165	31	0	386	0	130	75	0	270
0	0	0	0	0	0	233	0	0	0	0	0	0	0	0	0	0	0	119	0	0	166	0	0	0	45	0	0	0	0	0	0	0	0	0	0	0	0	0	25	0	0	0	0	0	0	0	0	0	5	0	0	0	0	0	0	0	0	0	0	223	10	0	115	0	0	0	0	0	27	0	0	0	0	0
174	0	50	31	142	158	556	8	309	10	0	309	225	24	0	124	174	323	442	219	264	489	18	315	254	368	0	88	0	264	0	259	4	274	251	182	285	0	315	348	0	309	209	0	9	264	0	323	0	328	10	264	124	0	54	0	0	164	0	178	546	333	0	438	184	318	129	0	0	350	0	94	39	0	234
0	0	0	0	0	0	228	0	0	0	0	0	0	0	0	0	0	0	114	0	0	161	0	0	0	40	0	0	0	0	0	0	0	0	0	0	0	0	0	20	0	0	0	0	0	0	0	0	0	0	0	0	0	0	0	0	0	0	0	0	218	5	0	110	0	0	0	0	0	22	0	0	0	0	0
164	0	40	21	132	148	546	0	299	0	0	299	215	14	0	114	164	313	432	209	254	479	8	305	244	358	0	78	0	254	0	249	0	264	241	172	275	0	305	338	0	299	199	0	0	254	0	313	0	318	0	254	114	0	44	0	0	154	0	168	536	323	0	428	174	308	119	0	0	340	0	84	29	0	224
0	0	0	0	0	0	292	0	45	0	0	45	0	0	0	0	0	59	178	0	0	225	0	51	0	104	0	0	0	0	0	0	0	10	0	0	21	0	51	84	0	45	0	0	0	0	0	59	0	64	0	0	0	0	0	0	0	0	0	0	282	69	0	174	0	54	0	0	0	86	0	0	0	0	0
50	0	0	0	18	34	432	0	185	0	0	185	101	0	0	0	50	199	318	95	140	365	0	191	130	244	0	0	0	140	0	135	0	150	127	58	161	0	191	224	0	185	85	0	0	140	0	199	0	204	0	140	0	0	0	0	0	40	0	54	422	209	0	314	60	194	5	0	0	226	0	0	0	0	110
450	206	326	307	418	434	832	284	585	286	20	585	501	300	190	400	450	599	718	495	540	765	294	591	530	644	276	364	178	540	50	535	280	550	527	458	561	276	591	624	14	585	485	254	285	540	240	599	276	604	286	540	400	0	330	15	145	440	20	454	822	609	164	714	460	594	405	271	68	626	0	370	315	86	510
120	0	0	0	88	104	502	0	255	0	0	255	171	0	0	70	120	269	388	165	210	435	0	261	200	314	0	34	0	210	0	205	0	220	197	128	231	0	261	294	0	255	155	0	0	210	0	269	0	274	0	210	70	0	0	0	0	110	0	124	492	279	0	384	130	264	75	0	0	296	0	40	0	0	180
435	191	311	292	403	419	817	269	570	271	5	570	486	285	175	385	435	584	703	480	525	750	279	576	515	629	261	349	163	525	35	520	265	535	512	443	546	261	576	609	0	570	470	239	270	525	225	584	261	589	271	525	385	0	315	0	130	425	5	439	807	594	149	699	445	579	390	256	53	611	0	355	300	71	495
305	61	181	162	273	289	687	139	440	141	0	440	356	155	45	255	305	454	573	350	395	620	149	446	385	499	131	219	33	395	0	390	135	405	382	313	416	131	446	479	0	440	340	109	140	395	95	454	131	459	141	395	255	0	185	0	0	295	0	309	677	464	19	569	315	449	260	126	0	481	0	225	170	0	365
10	0	0	0	0	0	392	0	145	0	0	145	61	0	0	0	10	159	278	55	100	325	0	151	90	204	0	0	0	100	0	95	0	110	87	18	121	0	151	184	0	145	45	0	0	100	0	159	0	164	0	100	0	0	0	0	0	0	0	14	382	169	0	274	20	154	0	0	0	186	0	0	0	0	70
430	186	306	287	398	414	812	264	565	266	0	565	481	280	170	380	430	579	698	475	520	745	274	571	510	624	256	344	158	520	30	515	260	530	507	438	541	256	571	604	0	565	465	234	265	520	220	579	256	584	266	520	380	0	310	0	125	420	0	434	802	589	144	694	440	574	385	251	48	606	0	350	295	66	490
0	0	0	0	0	0	378	0	131	0	0	131	47	0	0	0	0	145	264	41	86	311	0	137	76	190	0	0	0	86	0	81	0	96	73	4	107	0	137	170	0	131	31	0	0	86	0	145	0	150	0	86	0	0	0	0	0	0	0	0	368	155	0	260	6	140	0	0	0	172	0	0	0	0	56
0	0	0	0	0	0	10	0	0	0	0	0	0	0	0	0	0	0	0	0	0	0	0	0	0	0	0	0	0	0	0	0	0	0	0	0	0	0	0	0	0	0	0	0	0	0	0	0	0	0	0	0	0	0	0	0	0	0	0	0	0	0	0	0	0	0	0	0	0	0	0	0	0	0	0
0	0	0	0	0	0	223	0	0	0	0	0	0	0	0	0	0	0	109	0	0	156	0	0	0	35	0	0	0	0	0	0	0	0	0	0	0	0	0	15	0	0	0	0	0	0	0	0	0	0	0	0	0	0	0	0	0	0	0	0	213	0	0	105	0	0	0	0	0	17	0	0	0	0	0
286	42	162	143	254	270	668	120	421	122	0	421	337	136	26	236	286	435	554	331	376	601	130	427	366	480	112	200	14	376	0	371	116	386	363	294	397	112	427	460	0	421	321	90	121	376	76	435	112	440	122	376	236	0	166	0	0	276	0	290	658	445	0	550	296	430	241	107	0	462	0	206	151	0	346
0	0	0	0	0	0	118	0	0	0	0	0	0	0	0	0	0	0	4	0	0	51	0	0	0	0	0	0	0	0	0	0	0	0	0	0	0	0	0	0	0	0	0	0	0	0	0	0	0	0	0	0	0	0	0	0	0	0	0	0	108	0	0	0	0	0	0	0	0	0	0	0	0	0	0
0	0	0	0	0	0	372	0	125	0	0	125	41	0	0	0	0	139	258	35	80	305	0	131	70	184	0	0	0	80	0	75	0	90	67	0	101	0	131	164	0	125	25	0	0	80	0	139	0	144	0	80	0	0	0	0	0	0	0	0	362	149	0	254	0	134	0	0	0	166	0	0	0	0	50
0	0	0	0	0	0	238	0	0	0	0	0	0	0	0	0	0	5	124	0	0	171	0	0	0	50	0	0	0	0	0	0	0	0	0	0	0	0	0	30	0	0	0	0	0	0	0	5	0	10	0	0	0	0	0	0	0	0	0	0	228	15	0	120	0	0	0	0	0	32	0	0	0	0	0
45	0	0	0	13	29	427	0	180	0	0	180	96	0	0	0	45	194	313	90	135	360	0	186	125	239	0	0	0	135	0	130	0	145	122	53	156	0	186	219	0	180	80	0	0	135	0	194	0	199	0	135	0	0	0	0	0	35	0	49	417	204	0	309	55	189	0	0	0	221	0	0	0	0	105
179	0	55	36	147	163	561	13	314	15	0	314	230	29	0	129	179	328	447	224	269	494	23	320	259	373	5	93	0	269	0	264	9	279	256	187	290	5	320	353	0	314	214	0	14	269	0	328	5	333	15	269	129	0	59	0	0	169	0	183	551	338	0	443	189	323	134	0	0	355	0	99	44	0	239
382	138	258	239	350	366	764	216	517	218	0	517	433	232	122	332	382	531	650	427	472	697	226	523	462	576	208	296	110	472	0	467	212	482	459	390	493	208	523	556	0	517	417	186	217	472	172	531	208	536	218	472	332	0	262	0	77	372	0	386	754	541	96	646	392	526	337	203	0	558	0	302	247	18	442
0	0	0	0	0	0	206	0	0	0	0	0	0	0	0	0	0	0	92	0	0	139	0	0	0	18	0	0	0	0	0	0	0	0	0	0	0	0	0	0	0	0	0	0	0	0	0	0	0	0	0	0	0	0	0	0	0	0	0	0	196	0	0	88	0	0	0	0	0	0	0	0	0	0	0
450	206	326	307	418	434	832	284	585	286	20	585	501	300	190	400	450	599	718	495	540	765	294	591	530	644	276	364	178	540	50	535	280	550	527	458	561	276	591	624	14	585	485	254	285	540	240	599	276	604	286	540	400	0	330	15	145	440	20	454	822	609	164	714	460	594	405	271	68	626	0	370	315	86	510
80	0	0	0	48	64	462	0	215	0	0	215	131	0	0	30	80	229	348	125	170	395	0	221	160	274	0	0	0	170	0	165	0	180	157	88	191	0	221	254	0	215	115	0	0	170	0	229	0	234	0	170	30	0	0	0	0	70	0	84	452	239	0	344	90	224	35	0	0	256	0	0	0	0	140
135	0	11	0	103	119	517	0	270	0	0	270	186	0	0	85	135	284	403	180	225	450	0	276	215	329	0	49	0	225	0	220	0	235	212	143	246	0	276	309	0	270	170	0	0	225	0	284	0	289	0	225	85	0	15	0	0	125	0	139	507	294	0	399	145	279	90	0	0	311	0	55	0	0	195
364	120	240	221	332	348	746	198	499	200	0	499	415	214	104	314	364	513	632	409	454	679	208	505	444	558	190	278	92	454	0	449	194	464	441	372	475	190	505	538	0	499	399	168	199	454	154	513	190	518	200	454	314	0	244	0	59	354	0	368	736	523	78	628	374	508	319	185	0	540	0	284	229	0	424
0	0	0	0	0	0	322	0	75	0	0	75	0	0	0	0	0	89	208	0	30	255	0	81	20	134	0	0	0	30	0	25	0	40	17	0	51	0	81	114	0	75	0	0	0	30	0	89	0	94	0	30	0	0	0	0	0	0	0	0	312	99	0	204	0	84	0	0	0	116	0	0	0	0	0

0	0	0	0	0	0	0	0	0	0	0	0	0	0	0	0	0	0	0	0	0	0	0	0	0	0	0	0	0	0	0	0	0	0	0	0	0	0	0	0	0	0	0	0	200	0	0	0	0	0	0	160	0	0	0	0	0	0	0	0	0	0	0	0	0	430	0	0	0	0	0	0	0	0	0
800	0	0	400	0	20	200	400	800	0	190	30	200	100	200	130	70	100	80	100	100	50	650	0	200	50	100	80	200	0	30	130	0	800	100	300	250	200	150	100	0	100	0	200	1000	25	220	90	150	100	80	960	50	100	0	250	0	10	240	100	110	30	40	200	70	1230	30	90	300	160	0	300	0	300	30
800	0	0	400	0	20	200	400	800	0	190	30	200	100	200	130	70	100	80	100	100	50	650	0	200	50	100	80	200	0	30	130	0	800	100	300	250	200	150	100	0	100	0	200	1000	25	220	90	150	100	80	960	50	100	0	250	0	10	240	100	110	30	40	200	70	1230	30	90	300	160	0	300	0	300	30
400	0	0	0	0	0	0	0	400	0	0	0	0	0	0	0	0	0	0	0	0	0	250	0	0	0	0	0	0	0	0	0	0	400	0	0	0	0	0	0	0	0	0	0	600	0	0	0	0	0	0	560	0	0	0	0	0	0	0	0	0	0	0	0	0	830	0	0	0	0	0	0	0	0	0
800	0	0	400	0	20	200	400	800	0	190	30	200	100	200	130	70	100	80	100	100	50	650	0	200	50	100	80	200	0	30	130	0	800	100	300	250	200	150	100	0	100	0	200	1000	25	220	90	150	100	80	960	50	100	0	250	0	10	240	100	110	30	40	200	70	1230	30	90	300	160	0	300	0	300	30
780	0	0	380	0	0	180	380	780	0	170	10	180	80	180	110	50	80	60	80	80	30	630	0	180	30	80	60	180	0	10	110	0	780	80	280	230	180	130	80	0	80	0	180	980	5	200	70	130	80	60	940	30	80	0	230	0	0	220	80	90	10	20	180	50	1210	10	70	280	140	0	280	0	280	10
600	0	0	200	0	0	0	200	600	0	0	0	0	0	0	0	0	0	0	0	0	0	450	0	0	0	0	0	0	0	0	0	0	600	0	100	50	0	0	0	0	0	0	0	800	0	20	0	0	0	0	760	0	0	0	50	0	0	40	0	0	0	0	0	0	1030	0	0	100	0	0	100	0	100	0
400	0	0	0	0	0	0	0	400	0	0	0	0	0	0	0	0	0	0	0	0	0	250	0	0	0	0	0	0	0	0	0	0	400	0	0	0	0	0	0	0	0	0	0	600	0	0	0	0	0	0	560	0	0	0	0	0	0	0	0	0	0	0	0	0	830	0	0	0	0	0	0	0	0	0
0	0	0	0	0	0	0	0	0	0	0	0	0	0	0	0	0	0	0	0	0	0	0	0	0	0	0	0	0	0	0	0	0	0	0	0	0	0	0	0	0	0	0	0	200	0	0	0	0	0	0	160	0	0	0	0	0	0	0	0	0	0	0	0	0	430	0	0	0	0	0	0	0	0	0
800	0	0	400	0	20	200	400	800	0	190	30	200	100	200	130	70	100	80	100	100	50	650	0	200	50	100	80	200	0	30	130	0	800	100	300	250	200	150	100	0	100	0	200	1000	25	220	90	150	100	80	960	50	100	0	250	0	10	240	100	110	30	40	200	70	1230	30	90	300	160	0	300	0	300	30
610	0	0	210	0	0	10	210	610	0	0	0	10	0	10	0	0	0	0	0	0	0	460	0	10	0	0	0	10	0	0	0	0	610	0	110	60	10	0	0	0	0	0	10	810	0	30	0	0	0	0	770	0	0	0	60	0	0	50	0	0	0	0	10	0	1040	0	0	110	0	0	110	0	110	0
770	0	0	370	0	0	170	370	770	0	160	0	170	70	170	100	40	70	50	70	70	20	620	0	170	20	70	50	170	0	0	100	0	770	70	270	220	170	120	70	0	70	0	170	970	0	190	60	120	70	50	930	20	70	0	220	0	0	210	70	80	0	10	170	40	1200	0	60	270	130	0	270	0	270	0
600	0	0	200	0	0	0	200	600	0	0	0	0	0	0	0	0	0	0	0	0	0	450	0	0	0	0	0	0	0	0	0	0	600	0	100	50	0	0	0	0	0	0	0	800	0	20	0	0	0	0	760	0	0	0	50	0	0	40	0	0	0	0	0	0	1030	0	0	100	0	0	100	0	100	0
700	0	0	300	0	0	100	300	700	0	90	0	100	0	100	30	0	0	0	0	0	0	550	0	100	0	0	0	100	0	0	30	0	700	0	200	150	100	50	0	0	0	0	100	900	0	120	0	50	0	0	860	0	0	0	150	0	0	140	0	10	0	0	100	0	1130	0	0	200	60	0	200	0	200	0
600	0	0	200	0	0	0	200	600	0	0	0	0	0	0	0	0	0	0	0	0	0	450	0	0	0	0	0	0	0	0	0	0	600	0	100	50	0	0	0	0	0	0	0	800	0	20	0	0	0	0	760	0	0	0	50	0	0	40	0	0	0	0	0	0	1030	0	0	100	0	0	100	0	100	0
670	0	0	270	0	0	70	270	670	0	60	0	70	0	70	0	0	0	0	0	0	0	520	0	70	0	0	0	70	0	0	0	0	670	0	170	120	70	20	0	0	0	0	70	870	0	90	0	20	0	0	830	0	0	0	120	0	0	110	0	0	0	0	70	0	1100	0	0	170	30	0	170	0	170	0
730	0	0	330	0	0	130	330	730	0	120	0	130	30	130	60	0	30	10	30	30	0	580	0	130	0	30	10	130	0	0	60	0	730	30	230	180	130	80	30	0	30	0	130	930	0	150	20	80	30	10	890	0	30	0	180	0	0	170	30	40	0	0	130	0	1160	0	20	230	90	0	230	0	230	0
700	0	0	300	0	0	100	300	700	0	90	0	100	0	100	30	0	0	0	0	0	0	550	0	100	0	0	0	100	0	0	30	0	700	0	200	150	100	50	0	0	0	0	100	900	0	120	0	50	0	0	860	0	0	0	150	0	0	140	0	10	0	0	100	0	1130	0	0	200	60	0	200	0	200	0
720	0	0	320	0	0	120	320	720	0	110	0	120	20	120	50	0	20	0	20	20	0	570	0	120	0	20	0	120	0	0	50	0	720	20	220	170	120	70	20	0	20	0	120	920	0	140	10	70	20	0	880	0	20	0	170	0	0	160	20	30	0	0	120	0	1150	0	10	220	80	0	220	0	220	0
700	0	0	300	0	0	100	300	700	0	90	0	100	0	100	30	0	0	0	0	0	0	550	0	100	0	0	0	100	0	0	30	0	700	0	200	150	100	50	0	0	0	0	100	900	0	120	0	50	0	0	860	0	0	0	150	0	0	140	0	10	0	0	100	0	1130	0	0	200	60	0	200	0	200	0
700	0	0	300	0	0	100	300	700	0	90	0	100	0	100	30	0	0	0	0	0	0	550	0	100	0	0	0	100	0	0	30	0	700	0	200	150	100	50	0	0	0	0	100	900	0	120	0	50	0	0	860	0	0	0	150	0	0	140	0	10	0	0	100	0	1130	0	0	200	60	0	200	0	200	0
750	0	0	350	0	0	150	350	750	0	140	0	150	50	150	80	20	50	30	50	50	0	600	0	150	0	50	30	150	0	0	80	0	750	50	250	200	150	100	50	0	50	0	150	950	0	170	40	100	50	30	910	0	50	0	200	0	0	190	50	60	0	0	150	20	1180	0	40	250	110	0	250	0	250	0
150	0	0	0	0	0	0	0	150	0	0	0	0	0	0	0	0	0	0	0	0	0	0	0	0	0	0	0	0	0	0	0	0	150	0	0	0	0	0	0	0	0	0	0	350	0	0	0	0	0	0	310	0	0	0	0	0	0	0	0	0	0	0	0	0	580	0	0	0	0	0	0	0	0	0
820	20	20	420	20	40	220	420	820	20	210	50	220	120	220	150	90	120	100	120	120	70	670	0	220	70	120	100	220	20	50	150	20	820	120	320	270	220	170	120	20	120	20	220	1020	45	240	110	170	120	100	980	70	120	20	270	20	30	260	120	130	50	60	220	90	1250	50	110	320	180	20	320	0	320	50
600	0	0	200	0	0	0	200	600	0	0	0	0	0	0	0	0	0	0	0	0	0	450	0	0	0	0	0	0	0	0	0	0	600	0	100	50	0	0	0	0	0	0	0	800	0	20	0	0	0	0	760	0	0	0	50	0	0	40	0	0	0	0	0	0	1030	0	0	100	0	0	100	0	100	0
750	0	0	350	0	0	150	350	750	0	140	0	150	50	150	80	20	50	30	50	50	0	600	0	150	0	50	30	150	0	0	80	0	750	50	250	200	150	100	50	0	50	0	150	950	0	170	40	100	50	30	910	0	50	0	200	0	0	190	50	60	0	0	150	20	1180	0	40	250	110	0	250	0	250	0
700	0	0	300	0	0	100	300	700	0	90	0	100	0	100	30	0	0	0	0	0	0	550	0	100	0	0	0	100	0	0	30	0	700	0	200	150	100	50	0	0	0	0	100	900	0	120	0	50	0	0	860	0	0	0	150	0	0	140	0	10	0	0	100	0	1130	0	0	200	60	0	200	0	200	0
720	0	0	320	0	0	120	320	720	0	110	0	120	20	120	50	0	20	0	20	20	0	570	0	120	0	20	0	120	0	0	50	0	720	20	220	170	120	70	20	0	20	0	120	920	0	140	10	70	20	0	880	0	20	0	170	0	0	160	20	30	0	0	120	0	1150	0	10	220	80	0	220	0	220	0
600	0	0	200	0	0	0	200	600	0	0	0	0	0	0	0	0	0	0	0	0	0	450	0	0	0	0	0	0	0	0	0	0	600	0	100	50	0	0	0	0	0	0	0	800	0	20	0	0	0	0	760	0	0	0	50	0	0	40	0	0	0	0	0	0	1030	0	0	100	0	0	100	0	100	0
800	0	0	400	0	20	200	400	800	0	190	30	200	100	200	130	70	100	80	100	100	50	650	0	200	50	100	80	200	0	30	130	0	800	100	300	250	200	150	100	0	100	0	200	1000	25	220	90	150	100	80	960	50	100	0	250	0	10	240	100	110	30	40	200	70	1230	30	90	300	160	0	300	0	300	30
770	0	0	370	0	0	170	370	770	0	160	0	170	70	170	100	40	70	50	70	70	20	620	0	170	20	70	50	170	0	0	100	0	770	70	270	220	170	120	70	0	70	0	170	970	0	190	60	120	70	50	930	20	70	0	220	0	0	210	70	80	0	10	170	40	1200	0	60	270	130	0	270	0	270	0
670	0	0	270	0	0	70	270	670	0	60	0	70	0	70	0	0	0	0	0	0	0	520	0	70	0	0	0	70	0	0	0	0	670	0	170	120	70	20	0	0	0	0	70	870	0	90	0	20	0	0	830	0	0	0	120	0	0	110	0	0	0	0	70	0	1100	0	0	170	30	0	170	0	170	0
800	0	0	400	0	20	200	400	800	0	190	30	200	100	200	130	70	100	80	100	100	50	650	0	200	50	100	80	200	0	30	130	0	800	100	300	250	200	150	100	0	100	0	200	1000	25	220	90	150	100	80	960	50	100	0	250	0	10	240	100	110	30	40	200	70	1230	30	90	300	160	0	300	0	300	30
0	0	0	0	0	0	0	0	0	0	0	0	0	0	0	0	0	0	0	0	0	0	0	0	0	0	0	0	0	0	0	0	0	0	0	0	0	0	0	0	0	0	0	0	200	0	0	0	0	0	0	160	0	0	0	0	0	0	0	0	0	0	0	0	0	430	0	0	0	0	0	0	0	0	0
700	0	0	300	0	0	100	300	700	0	90	0	100	0	100	30	0	0	0	0	0	0	550	0	100	0	0	0	100	0	0	30	0	700	0	200	150	100	50	0	0	0	0	100	900	0	120	0	50	0	0	860	0	0	0	150	0	0	140	0	10	0	0	100	0	1130	0	0	200	60	0	200	0	200	0
500	0	0	100	0	0	0	100	500	0	0	0	0	0	0	0	0	0	0	0	0	0	350	0	0	0	0	0	0	0	0	0	0	500	0	0	0	0	0	0	0	0	0	0	700	0	0	0	0	0	0	660	0	0	0	0	0	0	0	0	0	0	0	0	0	930	0	0	0	0	0	0	0	0	0
550	0	0	150	0	0	0	150	550	0	0	0	0	0	0	0	0	0	0	0	0	0	400	0	0	0	0	0	0	0	0	0	0	550	0	50	0	0	0	0	0	0	0	0	750	0	0	0	0	0	0	710	0	0	0	0	0	0	0	0	0	0	0	0	0	980	0	0	50	0	0	50	0	50	0
600	0	0	200	0	0	0	200	600	0	0	0	0	0	0	0	0	0	0	0	0	0	450	0	0	0	0	0	0	0	0	0	0	600	0	100	50	0	0	0	0	0	0	0	800	0	20	0	0	0	0	760	0	0	0	50	0	0	40	0	0	0	0	0	0	1030	0	0	100	0	0	100	0	100	0
650	0	0	250	0	0	50	250	650	0	40	0	50	0	50	0	0	0	0	0	0	0	500	0	50	0	0	0	50	0	0	0	0	650	0	150	100	50	0	0	0	0	0	50	850	0	70	0	0	0	0	810	0	0	0	100	0	0	90	0	0	0	0	50	0	1080	0	0	150	10	0	150	0	150	0
700	0	0	300	0	0	100	300	700	0	90	0	100	0	100	30	0	0	0	0	0	0	550	0	100	0	0	0	100	0	0	30	0	700	0	200	150	100	50	0	0	0	0	100	900	0	120	0	50	0	0	860	0	0	0	150	0	0	140	0	10	0	0	100	0	1130	0	0	200	60	0	200	0	200	0
800	0	0	400	0	20	200	400	800	0	190	30	200	100	200	130	70	100	80	100	100	50	650	0	200	50	100	80	200	0	30	130	0	800	100	300	250	200	150	100	0	100	0	200	1000	25	220	90	150	100	80	960	50	100	0	250	0	10	240	100	110	30	40	200	70	1230	30	90	300	160	0	300	0	300	30
700	0	0	300	0	0	100	300	700	0	90	0	100	0	100	30	0	0	0	0	0	0	550	0	100	0	0	0	100	0	0	30	0	700	0	200	150	100	50	0	0	0	0	100	900	0	120	0	50	0	0	860	0	0	0	150	0	0	140	0	10	0	0	100	0	1130	0	0	200	60	0	200	0	200	0
800	0	0	400	0	20	200	400	800	0	190	30	200	100	200	130	70	100	80	100	100	50	650	0	200	50	100	80	200	0	30	130	0	800	100	300	250	200	150	100	0	100	0	200	1000	25	220	90	150	100	80	960	50	100	0	250	0	10	240	100	110	30	40	200	70	1230	30	90	300	160	0	300	0	300	30
600	0	0	200	0	0	0	200	600	0	0	0	0	0	0	0	0	0	0	0	0	0	450	0	0	0	0	0	0	0	0	0	0	600	0	100	50	0	0	0	0	0	0	0	800	0	20	0	0	0	0	760	0	0	0	50	0	0	40	0	0	0	0	0	0	1030	0	0	100	0	0	100	0	100	0
0	0	0	0	0	0	0	0	0	0	0	0	0	0	0	0	0	0	0	0	0	0	0	0	0	0	0	0	0	0	0	0	0	0	0	0	0	0	0	0	0	0	0	0	0	0	0	0	0	0	0	0	0	0	0	0	0	0	0	0	0	0	0	0	0	230	0	0	0	0	0	0	0	0	0
775	0	0	375	0	0	175	375	775	0	165	5	175	75	175	105	45	75	55	75	75	25	625	0	175	25	75	55	175	0	5	105	0	775	75	275	225	175	125	75	0	75	0	175	975	0	195	65	125	75	55	935	25	75	0	225	0	0	215	75	85	5	15	175	45	1205	5	65	275	135	0	275	0	275	5
580	0	0	180	0	0	0	180	580	0	0	0	0	0	0	0	0	0	0	0	0	0	430	0	0	0	0	0	0	0	0	0	0	580	0	80	30	0	0	0	0	0	0	0	780	0	0	0	0	0	0	740	0	0	0	30	0	0	20	0	0	0	0	0	0	1010	0	0	80	0	0	80	0	80	0
710	0	0	310	0	0	110	310	710	0	100	0	110	10	110	40	0	10	0	10	10	0	560	0	110	0	10	0	110	0	0	40	0	710	10	210	160	110	60	10	0	10	0	110	910	0	130	0	60	10	0	870	0	10	0	160	0	0	150	10	20	0	0	110	0	1140	0	0	210	70	0	210	0	210	0
650	0	0	250	0	0	50	250	650	0	40	0	50	0	50	0	0	0	0	0	0	0	500	0	50	0	0	0	50	0	0	0	0	650	0	150	100	50	0	0	0	0	0	50	850	0	70	0	0	0	0	810	0	0	0	100	0	0	90	0	0	0	0	50	0	1080	0	0	150	10	0	150	0	150	0
700	0	0	300	0	0	100	300	700	0	90	0	100	0	100	30	0	0	0	0	0	0	550	0	100	0	0	0	100	0	0	30	0	700	0	200	150	100	50	0	0	0	0	100	900	0	120	0	50	0	0	860	0	0	0	150	0	0	140	0	10	0	0	100	0	1130	0	0	200	60	0	200	0	200	0
720	0	0	320	0	0	120	320	720	0	110	0	120	20	120	50	0	20	0	20	20	0	570	0	120	0	20	0	120	0	0	50	0	720	20	220	170	120	70	20	0	20	0	120	920	0	140	10	70	20	0	880	0	20	0	170	0	0	160	20	30	0	0	120	0	1150	0	10	220	80	0	220	0	220	0
0	0	0	0	0	0	0	0	0	0	0	0	0	0	0	0	0	0	0	0	0	0	0	0	0	0	0	0	0	0	0	0	0	0	0	0	0	0	0	0	0	0	0	0	40	0	0	0	0	0	0	0	0	0	0	0	0	0	0	0	0	0	0	0	0	270	0	0	0	0	0	0	0	0	0
750	0	0	350	0	0	150	350	750	0	140	0	150	50	150	80	20	50	30	50	50	0	600	0	150	0	50	30	150	0	0	80	0	750	50	250	200	150	100	50	0	50	0	150	950	0	170	40	100	50	30	910	0	50	0	200	0	0	190	50	60	0	0	150	20	1180	0	40	250	110	0	250	0	250	0
700	0	0	300	0	0	100	300	700	0	90	0	100	0	100	30	0	0	0	0	0	0	550	0	100	0	0	0	100	0	0	30	0	700	0	200	150	100	50	0	0	0	0	100	900	0	120	0	50	0	0	860	0	0	0	150	0	0	140	0	10	0	0	100	0	1130	0	0	200	60	0	200	0	200	0
800	0	0	400	0	20	200	400	800	0	190	30	200	100	200	130	70	100	80	100	100	50	650	0	200	50	100	80	200	0	30	130	0	800	100	300	250	200	150	100	0	100	0	200	1000	25	220	90	150	100	80	960	50	100	0	250	0	10	240	100	110	30	40	200	70	1230	30	90	300	160	0	300	0	300	30
550	0	0	150	0	0	0	150	550	0	0	0	0	0	0	0	0	0	0	0	0	0	400	0	0	0	0	0	0	0	0	0	0	550	0	50	0	0	0	0	0	0	0	0	750	0	0	0	0	0	0	710	0	0	0	0	0	0	0	0	0	0	0	0	0	980	0	0	50	0	0	50	0	50	0
800	0	0	400	0	20	200	400	800	0	190	30	200	100	200	130	70	100	80	100	100	50	650	0	200	50	100	80	200	0	30	130	0	800	100	300	250	200	150	100	0	100	0	200	1000	25	220	90	150	100	80	960	50	100	0	250	0	10	240	100	110	30	40	200	70	1230	30	90	300	160	0	300	0	300	30
790	0	0	390	0	10	190	390	790	0	180	20	190	90	190	120	60	90	70	90	90	40	640	0	190	40	90	70	190	0	20	120	0	790	90	290	240	190	140	90	0	90	0	190	990	15	210	80	140	90	70	950	40	90	0	240	0	0	230	90	100	20	30	190	60	1220	20	80	290	150	0	290	0	290	20
560	0	0	160	0	0	0	160	560	0	0	0	0	0	0	0	0	0	0	0	0	0	410	0	0	0	0	0	0	0	0	0	0	560	0	60	10	0	0	0	0	0	0	0	760	0	0	0	0	0	0	720	0	0	0	10	0	0	0	0	0	0	0	0	0	990	0	0	60	0	0	60	0	60	0
700	0	0	300	0	0	100	300	700	0	90	0	100	0	100	30	0	0	0	0	0	0	550	0	100	0	0	0	100	0	0	30	0	700	0	200	150	100	50	0	0	0	0	100	900	0	120	0	50	0	0	860	0	0	0	150	0	0	140	0	10	0	0	100	0	1130	0	0	200	60	0	200	0	200	0
690	0	0	290	0	0	90	290	690	0	80	0	90	0	90	20	0	0	0	0	0	0	540	0	90	0	0	0	90	0	0	20	0	690	0	190	140	90	40	0	0	0	0	90	890	0	110	0	40	0	0	850	0	0	0	140	0	0	130	0	0	0	0	90	0	1120	0	0	190	50	0	190	0	190	0
770	0	0	370	0	0	170	370	770	0	160	0	170	70	170	100	40	70	50	70	70	20	620	0	170	20	70	50	170	0	0	100	0	770	70	270	220	170	120	70	0	70	0	170	970	0	190	60	120	70	50	930	20	70	0	220	0	0	210	70	80	0	10	170	40	1200	0	60	270	130	0	270	0	270	0
760	0	0	360	0	0	160	360	760	0	150	0	160	60	160	90	30	60	40	60	60	10	610	0	160	10	60	40	160	0	0	90	0	760	60	260	210	160	110	60	0	60	0	160	960	0	180	50	110	60	40	920	10	60	0	210	0	0	200	60	70	0	0	160	30	1190	0	50	260	120	0	260	0	260	0
600	0	0	200	0	0	0	200	600	0	0	0	0	0	0	0	0	0	0	0	0	0	450	0	0	0	0	0	0	0	0	0	0	600	0	100	50	0	0	0	0	0	0	0	800	0	20	0	0	0	0	760	0	0	0	50	0	0	40	0	0	0	0	0	0	1030	0	0	100	0	0	100	0	100	0
730	0	0	330	0	0	130	330	730	0	120	0	130	30	130	60	0	30	10	30	30	0	580	0	130	0	30	10	130	0	0	60	0	730	30	230	180	130	80	30	0	30	0	130	930	0	150	20	80	30	10	890	0	30	0	180	0	0	170	30	40	0	0	130	0	1160	0	20	230	90	0	230	0	230	0
0	0	0	0	0	0	0	0	0	0	0	0	0	0	0	0	0	0	0	0	0	0	0	0	0	0	0	0	0	0	0	0	0	0	0	0	0	0	0	0	0	0	0	0	0	0	0	0	0	0	0	0	0	0	0	0	0	0	0	0	0	0	0	0	0	0	0	0	0	0	0	0	0	0	0
770	0	0	370	0	0	170	370	770	0	160	0	170	70	170	100	40	70	50	70	70	20	620	0	170	20	70	50	170	0	0	100	0	770	70	270	220	170	120	70	0	70	0	170	970	0	190	60	120	70	50	930	20	70	0	220	0	0	210	70	80	0	10	170	40	1200	0	60	270	130	0	270	0	270	0
710	0	0	310	0	0	110	310	710	0	100	0	110	10	110	40	0	10	0	10	10	0	560	0	110	0	10	0	110	0	0	40	0	710	10	210	160	110	60	10	0	10	0	110	910	0	130	0	60	10	0	870	0	10	0	160	0	0	150	10	20	0	0	110	0	1140	0	0	210	70	0	210	0	210	0
500	0	0	100	0	0	0	100	500	0	0	0	0	0	0	0	0	0	0	0	0	0	350	0	0	0	0	0	0	0	0	0	0	500	0	0	0	0	0	0	0	0	0	0	700	0	0	0	0	0	0	660	0	0	0	0	0	0	0	0	0	0	0	0	0	930	0	0	0	0	0	0	0	0	0
640	0	0	240	0	0	40	240	640	0	30	0	40	0	40	0	0	0	0	0	0	0	490	0	40	0	0	0	40	0	0	0	0	640	0	140	90	40	0	0	0	0	0	40	840	0	60	0	0	0	0	800	0	0	0	90	0	0	80	0	0	0	0	40	0	1070	0	0	140	0	0	140	0	140	0
800	0	0	400	0	20	200	400	800	0	190	30	200	100	200	130	70	100	80	100	100	50	650	0	200	50	100	80	200	0	30	130	0	800	100	300	250	200	150	100	0	100	0	200	1000	25	220	90	150	100	80	960	50	100	0	250	0	10	240	100	110	30	40	200	70	1230	30	90	300	160	0	300	0	300	30
500	0	0	100	0	0	0	100	500	0	0	0	0	0	0	0	0	0	0	0	0	0	350	0	0	0	0	0	0	0	0	0	0	500	0	0	0	0	0	0	0	0	0	0	700	0	0	0	0	0	0	660	0	0	0	0	0	0	0	0	0	0	0	0	0	930	0	0	0	0	0	0	0	0	0
820	20	20	420	20	40	220	420	820	20	210	50	220	120	220	150	90	120	100	120	120	70	670	0	220	70	120	100	220	20	50	150	20	820	120	320	270	220	170	120	20	120	20	220	1020	45	240	110	170	120	100	980	70	120	20	270	20	30	260	120	130	50	60	220	90	1250	50	110	320	180	20	320	0	320	50
500	0	0	100	0	0	0	100	500	0	0	0	0	0	0	0	0	0	0	0	0	0	350	0	0	0	0	0	0	0	0	0	0	500	0	0	0	0	0	0	0	0	0	0	700	0	0	0	0	0	0	660	0	0	0	0	0	0	0	0	0	0	0	0	0	930	0	0	0	0	0	0	0	0	0
770	0	0	370	0	0	170	370	770	0	160	0	170	70	170	100	40	70	50	70	70	20	620	0	170	20	70	50	170	0	0	100	0	770	70	270	220	170	120	70	0	70	0	170	970	0	190	60	120	70	50	930	20	70	0	220	0	0	210	70	80	0	10	170	40	1200	0	60	270	130	0	270	0	270	0

0	800	800	400	800	780	600	400	0	800	610	770	600	700	600	670	730	700	720	700	700	750	150	820	600	750	700	720	600	800	770	670	800	0	700	500	550	600	650	700	800	700	800	600	0	775	580	710	650	700	720	0	750	700	800	550	800	790	560	700	690	770	760	600	730	0	770	710	500	640	800	500	820	500	770
0	0	0	0	0	0	0	0	0	0	0	0	0	0	0	0	0	0	0	0	0	0	0	20	0	0	0	0	0	0	0	0	0	0	0	0	0	0	0	0	0	0	0	0	0	0	0	0	0	0	0	0	0	0	0	0	0	0	0	0	0	0	0	0	0	0	0	0	0	0	0	0	20	0	0
0	0	0	0	0	0	0	0	0	0	0	0	0	0	0	0	0	0	0	0	0	0	0	20	0	0	0	0	0	0	0	0	0	0	0	0	0	0	0	0	0	0	0	0	0	0	0	0	0	0	0	0	0	0	0	0	0	0	0	0	0	0	0	0	0	0	0	0	0	0	0	0	20	0	0
0	400	400	0	400	380	200	0	0	400	210	370	200	300	200	270	330	300	320	300	300	350	0	420	200	350	300	320	200	400	370	270	400	0	300	100	150	200	250	300	400	300	400	200	0	375	180	310	250	300	320	0	350	300	400	150	400	390	160	300	290	370	360	200	330	0	370	310	100	240	400	100	420	100	370
0	0	0	0	0	0	0	0	0	0	0	0	0	0	0	0	0	0	0	0	0	0	0	20	0	0	0	0	0	0	0	0	0	0	0	0	0	0	0	0	0	0	0	0	0	0	0	0	0	0	0	0	0	0	0	0	0	0	0	0	0	0	0	0	0	0	0	0	0	0	0	0	20	0	0
0	20	20	0	20	0	0	0	0	20	0	0	0	0	0	0	0	0	0	0	0	0	0	40	0	0	0	0	0	20	0	0	20	0	0	0	0	0	0	0	20	0	20	0	0	0	0	0	0	0	0	0	0	0	20	0	20	10	0	0	0	0	0	0	0	0	0	0	0	0	20	0	40	0	0
0	200	200	0	200	180	0	0	0	200	10	170	0	100	0	70	130	100	120	100	100	150	0	220	0	150	100	120	0	200	170	70	200	0	100	0	0	0	50	100	200	100	200	0	0	175	0	110	50	100	120	0	150	100	200	0	200	190	0	100	90	170	160	0	130	0	170	110	0	40	200	0	220	0	170
0	400	400	0	400	380	200	0	0	400	210	370	200	300	200	270	330	300	320	300	300	350	0	420	200	350	300	320	200	400	370	270	400	0	300	100	150	200	250	300	400	300	400	200	0	375	180	310	250	300	320	0	350	300	400	150	400	390	160	300	290	370	360	200	330	0	370	310	100	240	400	100	420	100	370
0	800	800	400	800	780	600	400	0	800	610	770	600	700	600	670	730	700	720	700	700	750	150	820	600	750	700	720	600	800	770	670	800	0	700	500	550	600	650	700	800	700	800	600	0	775	580	710	650	700	720	0	750	700	800	550	800	790	560	700	690	770	760	600	730	0	770	710	500	640	800	500	820	500	770
0	0	0	0	0	0	0	0	0	0	0	0	0	0	0	0	0	0	0	0	0	0	0	20	0	0	0	0	0	0	0	0	0	0	0	0	0	0	0	0	0	0	0	0	0	0	0	0	0	0	0	0	0	0	0	0	0	0	0	0	0	0	0	0	0	0	0	0	0	0	0	0	20	0	0
0	190	190	0	190	170	0	0	0	190	0	160	0	90	0	60	120	90	110	90	90	140	0	210	0	140	90	110	0	190	160	60	190	0	90	0	0	0	40	90	190	90	190	0	0	165	0	100	40	90	110	0	140	90	190	0	190	180	0	90	80	160	150	0	120	0	160	100	0	30	190	0	210	0	160
0	30	30	0	30	10	0	0	0	30	0	0	0	0	0	0	0	0	0	0	0	0	0	50	0	0	0	0	0	30	0	0	30	0	0	0	0	0	0	0	30	0	30	0	0	5	0	0	0	0	0	0	0	0	30	0	30	20	0	0	0	0	0	0	0	0	0	0	0	0	30	0	50	0	0
0	200	200	0	200	180	0	0	0	200	10	170	0	100	0	70	130	100	120	100	100	150	0	220	0	150	100	120	0	200	170	70	200	0	100	0	0	0	50	100	200	100	200	0	0	175	0	110	50	100	120	0	150	100	200	0	200	190	0	100	90	170	160	0	130	0	170	110	0	40	200	0	220	0	170
0	100	100	0	100	80	0	0	0	100	0	70	0	0	0	0	30	0	20	0	0	50	0	120	0	50	0	20	0	100	70	0	100	0	0	0	0	0	0	0	100	0	100	0	0	75	0	10	0	0	20	0	50	0	100	0	100	90	0	0	0	70	60	0	30	0	70	10	0	0	100	0	120	0	70
0	200	200	0	200	180	0	0	0	200	10	170	0	100	0	70	130	100	120	100	100	150	0	220	0	150	100	120	0	200	170	70	200	0	100	0	0	0	50	100	200	100	200	0	0	175	0	110	50	100	120	0	150	100	200	0	200	190	0	100	90	170	160	0	130	0	170	110	0	40	200	0	220	0	170
0	130	130	0	130	110	0	0	0	130	0	100	0	30	0	0	60	30	50	30	30	80	0	150	0	80	30	50	0	130	100	0	130	0	30	0	0	0	0	30	130	30	130	0	0	105	0	40	0	30	50	0	80	30	130	0	130	120	0	30	20	100	90	0	60	0	100	40	0	0	130	0	150	0	100
0	70	70	0	70	50	0	0	0	70	0	40	0	0	0	0	0	0	0	0	0	20	0	90	0	20	0	0	0	70	40	0	70	0	0	0	0	0	0	0	70	0	70	0	0	45	0	0	0	0	0	0	20	0	70	0	70	60	0	0	0	40	30	0	0	0	40	0	0	0	70	0	90	0	40
0	100	100	0	100	80	0	0	0	100	0	70	0	0	0	0	30	0	20	0	0	50	0	120	0	50	0	20	0	100	70	0	100	0	0	0	0	0	0	0	100	0	100	0	0	75	0	10	0	0	20	0	50	0	100	0	100	90	0	0	0	70	60	0	30	0	70	10	0	0	100	0	120	0	70
0	80	80	0	80	60	0	0	0	80	0	50	0	0	0	0	10	0	0	0	0	30	0	100	0	30	0	0	0	80	50	0	80	0	0	0	0	0	0	0	80	0	80	0	0	55	0	0	0	0	0	0	30	0	80	0	80	70	0	0	0	50	40	0	10	0	50	0	0	0	80	0	100	0	50
0	100	100	0	100	80	0	0	0	100	0	70	0	0	0	0	30	0	20	0	0	50	0	120	0	50	0	20	0	100	70	0	100	0	0	0	0	0	0	0	100	0	100	0	0	75	0	10	0	0	20	0	50	0	100	0	100	90	0	0	0	70	60	0	30	0	70	10	0	0	100	0	120	0	70
0	100	100	0	100	80	0	0	0	100	0	70	0	0	0	0	30	0	20	0	0	50	0	120	0	50	0	20	0	100	70	0	100	0	0	0	0	0	0	0	100	0	100	0	0	75	0	10	0	0	20	0	50	0	100	0	100	90	0	0	0	70	60	0	30	0	70	10	0	0	100	0	120	0	70
0	50	50	0	50	30	0	0	0	50	0	20	0	0	0	0	0	0	0	0	0	0	0	70	0	0	0	0	0	50	20	0	50	0	0	0	0	0	0	0	50	0	50	0	0	25	0	0	0	0	0	0	0	0	50	0	50	40	0	0	0	20	10	0	0	0	20	0	0	0	50	0	70	0	20
0	650	650	250	650	630	450	250	0	650	460	620	450	550	450	520	580	550	570	550	550	600	0	670	450	600	550	570	450	650	620	520	650	0	550	350	400	450	500	550	650	550	650	450	0	625	430	560	500	550	570	0	600	550	650	400	650	640	410	550	540	620	610	450	580	0	620	560	350	490	650	350	670	350	620
0	0	0	0	0	0	0	0	0	0	0	0	0	0	0	0	0	0	0	0	0	0	0	0	0	0	0	0	0	0	0	0	0	0	0	0	0	0	0	0	0	0	0	0	0	0	0	0	0	0	0	0	0	0	0	0	0	0	0	0	0	0	0	0	0	0	0	0	0	0	0	0	0	0	0
0	200	200	0	200	180	0	0	0	200	10	170	0	100	0	70	130	100	120	100	100	150	0	220	0	150	100	120	0	200	170	70	200	0	100	0	0	0	50	100	200	100	200	0	0	175	0	110	50	100	120	0	150	100	200	0	200	190	0	100	90	170	160	0	130	0	170	110	0	40	200	0	220	0	170
0	50	50	0	50	30	0	0	0	50	0	20	0	0	0	0	0	0	0	0	0	0	0	70	0	0	0	0	0	50	20	0	50	0	0	0	0	0	0	0	50	0	50	0	0	25	0	0	0	0	0	0	0	0	50	0	50	40	0	0	0	20	10	0	0	0	20	0	0	0	50	0	70	0	20
0	100	100	0	100	80	0	0	0	100	0	70	0	0	0	0	30	0	20	0	0	50	0	120	0	50	0	20	0	100	70	0	100	0	0	0	0	0	0	0	100	0	100	0	0	75	0	10	0	0	20	0	50	0	100	0	100	90	0	0	0	70	60	0	30	0	70	10	0	0	100	0	120	0	70
0	80	80	0	80	60	0	0	0	80	0	50	0	0	0	0	10	0	0	0	0	30	0	100	0	30	0	0	0	80	50	0	80	0	0	0	0	0	0	0	80	0	80	0	0	55	0	0	0	0	0	0	30	0	80	0	80	70	0	0	0	50	40	0	10	0	50	0	0	0	80	0	100	0	50
0	200	200	0	200	180	0	0	0	200	10	170	0	100	0	70	130	100	120	100	100	150	0	220	0	150	100	120	0	200	170	70	200	0	100	0	0	0	50	100	200	100	200	0	0	175	0	110	50	100	120	0	150	100	200	0	200	190	0	100	90	170	160	0	130	0	170	110	0	40	200	0	220	0	170
0	0	0	0	0	0	0	0	0	0	0	0	0	0	0	0	0	0	0	0	0	0	0	20	0	0	0	0	0	0	0	0	0	0	0	0	0	0	0	0	0	0	0	0	0	0	0	0	0	0	0	0	0	0	0	0	0	0	0	0	0	0	0	0	0	0	0	0	0	0	0	0	20	0	0
0	30	30	0	30	10	0	0	0	30	0	0	0	0	0	0	0	0	0	0	0	0	0	50	0	0	0	0	0	30	0	0	30	0	0	0	0	0	0	0	30	0	30	0	0	5	0	0	0	0	0	0	0	0	30	0	30	20	0	0	0	0	0	0	0	0	0	0	0	0	30	0	50	0	0
0	130	130	0	130	110	0	0	0	130	0	100	0	30	0	0	60	30	50	30	30	80	0	150	0	80	30	50	0	130	100	0	130	0	30	0	0	0	0	30	130	30	130	0	0	105	0	40	0	30	50	0	80	30	130	0	130	120	0	30	20	100	90	0	60	0	100	40	0	0	130	0	150	0	100
0	0	0	0	0	0	0	0	0	0	0	0	0	0	0	0	0	0	0	0	0	0	0	20	0	0	0	0	0	0	0	0	0	0	0	0	0	0	0	0	0	0	0	0	0	0	0	0	0	0	0	0	0	0	0	0	0	0	0	0	0	0	0	0	0	0	0	0	0	0	0	0	20	0	0
0	800	800	400	800	780	600	400	0	800	610	770	600	700	600	670	730	700	720	700	700	750	150	820	600	750	700	720	600	800	770	670	800	0	700	500	550	600	650	700	800	700	800	600	0	775	580	710	650	700	720	0	750	700	800	550	800	790	560	700	690	770	760	600	730	0	770	710	500	640	800	500	820	500	770
0	100	100	0	100	80	0	0	0	100	0	70	0	0	0	0	30	0	20	0	0	50	0	120	0	50	0	20	0	100	70	0	100	0	0	0	0	0	0	0	100	0	100	0	0	75	0	10	0	0	20	0	50	0	100	0	100	90	0	0	0	70	60	0	30	0	70	10	0	0	100	0	120	0	70
0	300	300	0	300	280	100	0	0	300	110	270	100	200	100	170	230	200	220	200	200	250	0	320	100	250	200	220	100	300	270	170	300	0	200	0	50	100	150	200	300	200	300	100	0	275	80	210	150	200	220	0	250	200	300	50	300	290	60	200	190	270	260	100	230	0	270	210	0	140	300	0	320	0	270
0	250	250	0	250	230	50	0	0	250	60	220	50	150	50	120	180	150	170	150	150	200	0	270	50	200	150	170	50	250	220	120	250	0	150	0	0	50	100	150	250	150	250	50	0	225	30	160	100	150	170	0	200	150	250	0	250	240	10	150	140	220	210	50	180	0	220	160	0	90	250	0	270	0	220
0	200	200	0	200	180	0	0	0	200	10	170	0	100	0	70	130	100	120	100	100	150	0	220	0	150	100	120	0	200	170	70	200	0	100	0	0	0	50	100	200	100	200	0	0	175	0	110	50	100	120	0	150	100	200	0	200	190	0	100	90	170	160	0	130	0	170	110	0	40	200	0	220	0	170
0	150	150	0	150	130	0	0	0	150	0	120	0	50	0	20	80	50	70	50	50	100	0	170	0	100	50	70	0	150	120	20	150	0	50	0	0	0	0	50	150	50	150	0	0	125	0	60	0	50	70	0	100	50	150	0	150	140	0	50	40	120	110	0	80	0	120	60	0	0	150	0	170	0	120
0	100	100	0	100	80	0	0	0	100	0	70	0	0	0	0	30	0	20	0	0	50	0	120	0	50	0	20	0	100	70	0	100	0	0	0	0	0	0	0	100	0	100	0	0	75	0	10	0	0	20	0	50	0	100	0	100	90	0	0	0	70	60	0	30	0	70	10	0	0	100	0	120	0	70
0	0	0	0	0	0	0	0	0	0	0	0	0	0	0	0	0	0	0	0	0	0	0	20	0	0	0	0	0	0	0	0	0	0	0	0	0	0	0	0	0	0	0	0	0	0	0	0	0	0	0	0	0	0	0	0	0	0	0	0	0	0	0	0	0	0	0	0	0	0	0	0	20	0	0
0	100	100	0	100	80	0	0	0	100	0	70	0	0	0	0	30	0	20	0	0	50	0	120	0	50	0	20	0	100	70	0	100	0	0	0	0	0	0	0	100	0	100	0	0	75	0	10	0	0	20	0	50	0	100	0	100	90	0	0	0	70	60	0	30	0	70	10	0	0	100	0	120	0	70
0	0	0	0	0	0	0	0	0	0	0	0	0	0	0	0	0	0	0	0	0	0	0	20	0	0	0	0	0	0	0	0	0	0	0	0	0	0	0	0	0	0	0	0	0	0	0	0	0	0	0	0	0	0	0	0	0	0	0	0	0	0	0	0	0	0	0	0	0	0	0	0	20	0	0
0	200	200	0	200	180	0	0	0	200	10	170	0	100	0	70	130	100	120	100	100	150	0	220	0	150	100	120	0	200	170	70	200	0	100	0	0	0	50	100	200	100	200	0	0	175	0	110	50	100	120	0	150	100	200	0	200	190	0	100	90	170	160	0	130	0	170	110	0	40	200	0	220	0	170
200	1000	1000	600	1000	980	800	600	200	1000	810	970	800	900	800	870	930	900	920	900	900	950	350	1020	800	950	900	920	800	1000	970	870	1000	200	900	700	750	800	850	900	1000	900	1000	800	0	975	780	910	850	900	920	40	950	900	1000	750	1000	990	760	900	890	970	960	800	930	0	970	910	700	840	1000	700	1020	700	970
0	25	25	0	25	5	0	0	0	25	0	0	0	0	0	0	0	0	0	0	0	0	0	45	0	0	0	0	0	25	0	0	25	0	0	0	0	0	0	0	25	0	25	0	0	0	0	0	0	0	0	0	0	0	25	0	25	15	0	0	0	0	0	0	0	0	0	0	0	0	25	0	45	0	0
0	220	220	0	220	200	20	0	0	220	30	190	20	120	20	90	150	120	140	120	120	170	0	240	20	170	120	140	20	220	190	90	220	0	120	0	0	20	70	120	220	120	220	20	0	195	0	130	70	120	140	0	170	120	220	0	220	210	0	120	110	190	180	20	150	0	190	130	0	60	220	0	240	0	190
0	90	90	0	90	70	0	0	0	90	0	60	0	0	0	0	20	0	10	0	0	40	0	110	0	40	0	10	0	90	60	0	90	0	0	0	0	0	0	0	90	0	90	0	0	65	0	0	0	0	10	0	40	0	90	0	90	80	0	0	0	60	50	0	20	0	60	0	0	0	90	0	110	0	60
0	150	150	0	150	130	0	0	0	150	0	120	0	50	0	20	80	50	70	50	50	100	0	170	0	100	50	70	0	150	120	20	150	0	50	0	0	0	0	50	150	50	150	0	0	125	0	60	0	50	70	0	100	50	150	0	150	140	0	50	40	120	110	0	80	0	120	60	0	0	150	0	170	0	120
0	100	100	0	100	80	0	0	0	100	0	70	0	0	0	0	30	0	20	0	0	50	0	120	0	50	0	20	0	100	70	0	100	0	0	0	0	0	0	0	100	0	100	0	0	75	0	10	0	0	20	0	50	0	100	0	100	90	0	0	0	70	60	0	30	0	70	10	0	0	100	0	120	0	70
0	80	80	0	80	60	0	0	0	80	0	50	0	0	0	0	10	0	0	0	0	30	0	100	0	30	0	0	0	80	50	0	80	0	0	0	0	0	0	0	80	0	80	0	0	55	0	0	0	0	0	0	30	0	80	0	80	70	0	0	0	50	40	0	10	0	50	0	0	0	80	0	100	0	50
160	960	960	560	960	940	760	560	160	960	770	930	760	860	760	830	890	860	880	860	860	910	310	980	760	910	860	880	760	960	930	830	960	160	860	660	710	760	810	860	960	860	960	760	0	935	740	870	810	860	880	0	910	860	960	710	960	950	720	860	850	930	920	760	890	0	930	870	660	800	960	660	980	660	930
0	50	50	0	50	30	0	0	0	50	0	20	0	0	0	0	0	0	0	0	0	0	0	70	0	0	0	0	0	50	20	0	50	0	0	0	0	0	0	0	50	0	50	0	0	25	0	0	0	0	0	0	0	0	50	0	50	40	0	0	0	20	10	0	0	0	20	0	0	0	50	0	70	0	20
0	100	100	0	100	80	0	0	0	100	0	70	0	0	0	0	30	0	20	0	0	50	0	120	0	50	0	20	0	100	70	0	100	0	0	0	0	0	0	0	100	0	100	0	0	75	0	10	0	0	20	0	50	0	100	0	100	90	0	0	0	70	60	0	30	0	70	10	0	0	100	0	120	0	70
0	0	0	0	0	0	0	0	0	0	0	0	0	0	0	0	0	0	0	0	0	0	0	20	0	0	0	0	0	0	0	0	0	0	0	0	0	0	0	0	0	0	0	0	0	0	0	0	0	0	0	0	0	0	0	0	0	0	0	0	0	0	0	0	0	0	0	0	0	0	0	0	20	0	0
0	250	250	0	250	230	50	0	0	250	60	220	50	150	50	120	180	150	170	150	150	200	0	270	50	200	150	170	50	250	220	120	250	0	150	0	0	50	100	150	250	150	250	50	0	225	30	160	100	150	170	0	200	150	250	0	250	240	10	150	140	220	210	50	180	0	220	160	0	90	250	0	270	0	220
0	0	0	0	0	0	0	0	0	0	0	0	0	0	0	0	0	0	0	0	0	0	0	20	0	0	0	0	0	0	0	0	0	0	0	0	0	0	0	0	0	0	0	0	0	0	0	0	0	0	0	0	0	0	0	0	0	0	0	0	0	0	0	0	0	0	0	0	0	0	0	0	20	0	0
0	10	10	0	10	0	0	0	0	10	0	0	0	0	0	0	0	0	0	0	0	0	0	30	0	0	0	0	0	10	0	0	10	0	0	0	0	0	0	0	10	0	10	0	0	0	0	0	0	0	0	0	0	0	10	0	10	0	0	0	0	0	0	0	0	0	0	0	0	0	10	0	30	0	0
0	240	240	0	240	220	40	0	0	240	50	210	40	140	40	110	170	140	160	140	140	190	0	260	40	190	140	160	40	240	210	110	240	0	140	0	0	40	90	140	240	140	240	40	0	215	20	150	90	140	160	0	190	140	240	0	240	230	0	140	130	210	200	40	170	0	210	150	0	80	240	0	260	0	210
0	100	100	0	100	80	0	0	0	100	0	70	0	0	0	0	30	0	20	0	0	50	0	120	0	50	0	20	0	100	70	0	100	0	0	0	0	0	0	0	100	0	100	0	0	75	0	10	0	0	20	0	50	0	100	0	100	90	0	0	0	70	60	0	30	0	70	10	0	0	100	0	120	0	70
0	110	110	0	110	90	0	0	0	110	0	80	0	10	0	0	40	10	30	10	10	60	0	130	0	60	10	30	0	110	80	0	110	0	10	0	0	0	0	10	110	10	110	0	0	85	0	20	0	10	30	0	60	10	110	0	110	100	0	10	0	80	70	0	40	0	80	20	0	0	110	0	130	0	80
0	30	30	0	30	10	0	0	0	30	0	0	0	0	0	0	0	0	0	0	0	0	0	50	0	0	0	0	0	30	0	0	30	0	0	0	0	0	0	0	30	0	30	0	0	5	0	0	0	0	0	0	0	0	30	0	30	20	0	0	0	0	0	0	0	0	0	0	0	0	30	0	50	0	0
0	40	40	0	40	20	0	0	0	40	0	10	0	0	0	0	0	0	0	0	0	0	0	60	0	0	0	0	0	40	10	0	40	0	0	0	0	0	0	0	40	0	40	0	0	15	0	0	0	0	0	0	0	0	40	0	40	30	0	0	0	10	0	0	0	0	10	0	0	0	40	0	60	0	10
0	200	200	0	200	180	0	0	0	200	10	170	0	100	0	70	130	100	120	100	100	150	0	220	0	150	100	120	0	200	170	70	200	0	100	0	0	0	50	100	200	100	200	0	0	175	0	110	50	100	120	0	150	100	200	0	200	190	0	100	90	170	160	0	130	0	170	110	0	40	200	0	220	0	170
0	70	70	0	70	50	0	0	0	70	0	40	0	0	0	0	0	0	0	0	0	20	0	90	0	20	0	0	0	70	40	0	70	0	0	0	0	0	0	0	70	0	70	0	0	45	0	0	0	0	0	0	20	0	70	0	70	60	0	0	0	40	30	0	0	0	40	0	0	0	70	0	90	0	40
430	1230	1230	830	1230	1210	1030	830	430	1230	1040	1200	1030	1130	1030	1100	1160	1130	1150	1130	1130	1180	580	1250	1030	1180	1130	1150	1030	1230	1200	1100	1230	430	1130	930	980	1030	1080	1130	1230	1130	1230	1030	230	1205	1010	1140	1080	1130	1150	270	1180	1130	1230	980	1230	1220	990	1130	1120	1200	1190	1030	1160	0	1200	1140	930	1070	1230	930	1250	930	1200
0	30	30	0	30	10	0	0	0	30	0	0	0	0	0	0	0	0	0	0	0	0	0	50	0	0	0	0	0	30	0	0	30	0	0	0	0	0	0	0	30	0	30	0	0	5	0	0	0	0	0	0	0	0	30	0	30	20	0	0	0	0	0	0	0	0	0	0	0	0	30	0	50	0	0
0	90	90	0	90	70	0	0	0	90	0	60	0	0	0	0	20	0	10	0	0	40	0	110	0	40	0	10	0	90	60	0	90	0	0	0	0	0	0	0	90	0	90	0	0	65	0	0	0	0	10	0	40	0	90	0	90	80	0	0	0	60	50	0	20	0	60	0	0	0	90	0	110	0	60
0	300	300	0	300	280	100	0	0	300	110	270	100	200	100	170	230	200	220	200	200	250	0	320	100	250	200	220	100	300	270	170	300	0	200	0	50	100	150	200	300	200	300	100	0	275	80	210	150	200	220	0	250	200	300	50	300	290	60	200	190	270	260	100	230	0	270	210	0	140	300	0	320	0	270
0	160	160	0	160	140	0	0	0	160	0	130	0	60	0	30	90	60	80	60	60	110	0	180	0	110	60	80	0	160	130	30	160	0	60	0	0	0	10	60	160	60	160	0	0	135	0	70	10	60	80	0	110	60	160	0	160	150	0	60	50	130	120	0	90	0	130	70	0	0	160	0	180	0	130
0	0	0	0	0	0	0	0	0	0	0	0	0	0	0	0	0	0	0	0	0	0	0	20	0	0	0	0	0	0	0	0	0	0	0	0	0	0	0	0	0	0	0	0	0	0	0	0	0	0	0	0	0	0	0	0	0	0	0	0	0	0	0	0	0	0	0	0	0	0	0	0	20	0	0
0	300	300	0	300	280	100	0	0	300	110	270	100	200	100	170	230	200	220	200	200	250	0	320	100	250	200	220	100	300	270	170	300	0	200	0	50	100	150	200	300	200	300	100	0	275	80	210	150	200	220	0	250	200	300	50	300	290	60	200	190	270	260	100	230	0	270	210	0	140	300	0	320	0	270
0	0	0	0	0	0	0	0	0	0	0	0	0	0	0	0	0	0	0	0	0	0	0	0	0	0	0	0	0	0	0	0	0	0	0	0	0	0	0	0	0	0	0	0	0	0	0	0	0	0	0	0	0	0	0	0	0	0	0	0	0	0	0	0	0	0	0	0	0	0	0	0	0	0	0
0	300	300	0	300	280	100	0	0	300	110	270	100	200	100	170	230	200	220	200	200	250	0	320	100	250	200	220	100	300	270	170	300	0	200	0	50	100	150	200	300	200	300	100	0	275	80	210	150	200	220	0	250	200	300	50	300	290	60	200	190	270	260	100	230	0	270	210	0	140	300	0	320	0	270
0	30	30	0	30	10	0	0	0	30	0	0	0	0	0	0	0	0	0	0	0	0	0	50	0	0	0	0	0	30	0	0	30	0	0	0	0	0	0	0	30	0	30	0	0	5	0	0	0	0	0	0	0	0	30	0	30	20	0	0	0	0	0	0	0	0	0	0	0	0	30	0	50	0	0