1814 1370 1764 1730 1626 1804 1738 1815 1787 1820 1801 1809 1796 1823 1826 1731 1795 1797 1392 1776 1824 1758 1809 1772 1759 1702 1796 1714 1817 1826 1809 1801 1705 1804 1790 1749 1713 1826 1693 1797 1792 1712 1782 1601 1811 1748 1735 1733 1816 1747 1826 1797 1817 1748 1752 1808 1734 1768 1800 1806 1824 1795 1698 1817 1715 1735 1788 1691 1657 1731 1634 1781 1786 1823 1803

85

46 81 50 53 61 47 52 46 48 45 47 46 47 45 45 53 47 47 80 49 45 50 46 49 50 55 47 54 46 45 46 47 55 47 48 51 54 45 56 47 48 54 48 63 46 51 52 52 46 51 45 47 46 51 51 46 52 50 47 47 45 47 55 46 54 52 48 56 58 53 60 49 48 45 47

14 42 31 13

33038

0	0	351	78	0	236	426	39	110	33	241	147	112	0	140	426	0	141	41	260	146	0	0	340	250	243	0	368	76	0	0	236	445	0	272	383	172	33	186	0	0	0	288	0	0	0	0	186	146	383	46	0	0	0	374	0	0	351	0	0	141	0	0	0	0	0	0	445	0	383	0	201	206	30	136
24	0	375	102	0	260	450	63	134	57	265	171	136	17	164	450	0	165	65	284	170	0	0	364	274	267	0	392	100	0	0	260	469	0	296	407	196	57	210	0	0	0	312	0	0	0	0	210	170	407	70	0	0	0	398	0	0	375	0	0	165	0	0	0	0	0	0	469	0	407	0	225	230	54	160
0	0	0	0	0	0	75	0	0	0	0	0	0	0	0	75	0	0	0	0	0	0	0	0	0	0	0	17	0	0	0	0	94	0	0	32	0	0	0	0	0	0	0	0	0	0	0	0	0	32	0	0	0	0	23	0	0	0	0	0	0	0	0	0	0	0	0	94	0	32	0	0	0	0	0
0	0	273	0	0	158	348	0	32	0	163	69	34	0	62	348	0	63	0	182	68	0	0	262	172	165	0	290	0	0	0	158	367	0	194	305	94	0	108	0	0	0	210	0	0	0	0	108	68	305	0	0	0	0	296	0	0	273	0	0	63	0	0	0	0	0	0	367	0	305	0	123	128	0	58
434	410	785	512	0	670	860	473	544	467	675	581	546	427	574	860	320	575	475	694	580	320	322	774	684	677	320	802	510	404	338	670	879	310	706	817	606	467	620	324	246	99	722	260	363	150	111	620	580	817	480	260	406	173	808	350	146	785	268	325	575	253	54	370	76	146	300	879	0	817	210	635	640	464	570
0	0	115	0	0	0	190	0	0	0	5	0	0	0	0	190	0	0	0	24	0	0	0	104	14	7	0	132	0	0	0	0	209	0	36	147	0	0	0	0	0	0	52	0	0	0	0	0	0	147	0	0	0	0	138	0	0	115	0	0	0	0	0	0	0	0	0	209	0	147	0	0	0	0	0
0	0	0	0	0	0	0	0	0	0	0	0	0	0	0	0	0	0	0	0	0	0	0	0	0	0	0	0	0	0	0	0	19	0	0	0	0	0	0	0	0	0	0	0	0	0	0	0	0	0	0	0	0	0	0	0	0	0	0	0	0	0	0	0	0	0	0	19	0	0	0	0	0	0	0
0	0	312	39	0	197	387	0	71	0	202	108	73	0	101	387	0	102	2	221	107	0	0	301	211	204	0	329	37	0	0	197	406	0	233	344	133	0	147	0	0	0	249	0	0	0	0	147	107	344	7	0	0	0	335	0	0	312	0	0	102	0	0	0	0	0	0	406	0	344	0	162	167	0	97
0	0	241	0	0	126	316	0	0	0	131	37	2	0	30	316	0	31	0	150	36	0	0	230	140	133	0	258	0	0	0	126	335	0	162	273	62	0	76	0	0	0	178	0	0	0	0	76	36	273	0	0	0	0	264	0	0	241	0	0	31	0	0	0	0	0	0	335	0	273	0	91	96	0	26
0	0	318	45	0	203	393	6	77	0	208	114	79	0	107	393	0	108	8	227	113	0	0	307	217	210	0	335	43	0	0	203	412	0	239	350	139	0	153	0	0	0	255	0	0	0	0	153	113	350	13	0	0	0	341	0	0	318	0	0	108	0	0	0	0	0	0	412	0	350	0	168	173	0	103
0	0	110	0	0	0	185	0	0	0	0	0	0	0	0	185	0	0	0	19	0	0	0	99	9	2	0	127	0	0	0	0	204	0	31	142	0	0	0	0	0	0	47	0	0	0	0	0	0	142	0	0	0	0	133	0	0	110	0	0	0	0	0	0	0	0	0	204	0	142	0	0	0	0	0
0	0	204	0	0	89	279	0	0	0	94	0	0	0	0	279	0	0	0	113	0	0	0	193	103	96	0	221	0	0	0	89	298	0	125	236	25	0	39	0	0	0	141	0	0	0	0	39	0	236	0	0	0	0	227	0	0	204	0	0	0	0	0	0	0	0	0	298	0	236	0	54	59	0	0
0	0	239	0	0	124	314	0	0	0	129	35	0	0	28	314	0	29	0	148	34	0	0	228	138	131	0	256	0	0	0	124	333	0	160	271	60	0	74	0	0	0	176	0	0	0	0	74	34	271	0	0	0	0	262	0	0	239	0	0	29	0	0	0	0	0	0	333	0	271	0	89	94	0	24
7	0	358	85	0	243	433	46	117	40	248	154	119	0	147	433	0	148	48	267	153	0	0	347	257	250	0	375	83	0	0	243	452	0	279	390	179	40	193	0	0	0	295	0	0	0	0	193	153	390	53	0	0	0	381	0	0	358	0	0	148	0	0	0	0	0	0	452	0	390	0	208	213	37	143
0	0	211	0	0	96	286	0	0	0	101	7	0	0	0	286	0	1	0	120	6	0	0	200	110	103	0	228	0	0	0	96	305	0	132	243	32	0	46	0	0	0	148	0	0	0	0	46	6	243	0	0	0	0	234	0	0	211	0	0	1	0	0	0	0	0	0	305	0	243	0	61	66	0	0
0	0	0	0	0	0	0	0	0	0	0	0	0	0	0	0	0	0	0	0	0	0	0	0	0	0	0	0	0	0	0	0	19	0	0	0	0	0	0	0	0	0	0	0	0	0	0	0	0	0	0	0	0	0	0	0	0	0	0	0	0	0	0	0	0	0	0	19	0	0	0	0	0	0	0
114	90	465	192	0	350	540	153	224	147	355	261	226	107	254	540	0	255	155	374	260	0	2	454	364	357	0	482	190	84	18	350	559	0	386	497	286	147	300	4	0	0	402	0	43	0	0	300	260	497	160	0	86	0	488	30	0	465	0	5	255	0	0	50	0	0	0	559	0	497	0	315	320	144	250
0	0	210	0	0	95	285	0	0	0	100	6	0	0	0	285	0	0	0	119	5	0	0	199	109	102	0	227	0	0	0	95	304	0	131	242	31	0	45	0	0	0	147	0	0	0	0	45	5	242	0	0	0	0	233	0	0	210	0	0	0	0	0	0	0	0	0	304	0	242	0	60	65	0	0
0	0	310	37	0	195	385	0	69	0	200	106	71	0	99	385	0	100	0	219	105	0	0	299	209	202	0	327	35	0	0	195	404	0	231	342	131	0	145	0	0	0	247	0	0	0	0	145	105	342	5	0	0	0	333	0	0	310	0	0	100	0	0	0	0	0	0	404	0	342	0	160	165	0	95
0	0	91	0	0	0	166	0	0	0	0	0	0	0	0	166	0	0	0	0	0	0	0	80	0	0	0	108	0	0	0	0	185	0	12	123	0	0	0	0	0	0	28	0	0	0	0	0	0	123	0	0	0	0	114	0	0	91	0	0	0	0	0	0	0	0	0	185	0	123	0	0	0	0	0
0	0	205	0	0	90	280	0	0	0	95	1	0	0	0	280	0	0	0	114	0	0	0	194	104	97	0	222	0	0	0	90	299	0	126	237	26	0	40	0	0	0	142	0	0	0	0	40	0	237	0	0	0	0	228	0	0	205	0	0	0	0	0	0	0	0	0	299	0	237	0	55	60	0	0
114	90	465	192	0	350	540	153	224	147	355	261	226	107	254	540	0	255	155	374	260	0	2	454	364	357	0	482	190	84	18	350	559	0	386	497	286	147	300	4	0	0	402	0	43	0	0	300	260	497	160	0	86	0	488	30	0	465	0	5	255	0	0	50	0	0	0	559	0	497	0	315	320	144	250
112	88	463	190	0	348	538	151	222	145	353	259	224	105	252	538	0	253	153	372	258	0	0	452	362	355	0	480	188	82	16	348	557	0	384	495	284	145	298	2	0	0	400	0	41	0	0	298	258	495	158	0	84	0	486	28	0	463	0	3	253	0	0	48	0	0	0	557	0	495	0	313	318	142	248
0	0	11	0	0	0	86	0	0	0	0	0	0	0	0	86	0	0	0	0	0	0	0	0	0	0	0	28	0	0	0	0	105	0	0	43	0	0	0	0	0	0	0	0	0	0	0	0	0	43	0	0	0	0	34	0	0	11	0	0	0	0	0	0	0	0	0	105	0	43	0	0	0	0	0
0	0	101	0	0	0	176	0	0	0	0	0	0	0	0	176	0	0	0	10	0	0	0	90	0	0	0	118	0	0	0	0	195	0	22	133	0	0	0	0	0	0	38	0	0	0	0	0	0	133	0	0	0	0	124	0	0	101	0	0	0	0	0	0	0	0	0	195	0	133	0	0	0	0	0
0	0	108	0	0	0	183	0	0	0	0	0	0	0	0	183	0	0	0	17	0	0	0	97	7	0	0	125	0	0	0	0	202	0	29	140	0	0	0	0	0	0	45	0	0	0	0	0	0	140	0	0	0	0	131	0	0	108	0	0	0	0	0	0	0	0	0	202	0	140	0	0	0	0	0
114	90	465	192	0	350	540	153	224	147	355	261	226	107	254	540	0	255	155	374	260	0	2	454	364	357	0	482	190	84	18	350	559	0	386	497	286	147	300	4	0	0	402	0	43	0	0	300	260	497	160	0	86	0	488	30	0	465	0	5	255	0	0	50	0	0	0	559	0	497	0	315	320	144	250
0	0	0	0	0	0	58	0	0	0	0	0	0	0	0	58	0	0	0	0	0	0	0	0	0	0	0	0	0	0	0	0	77	0	0	15	0	0	0	0	0	0	0	0	0	0	0	0	0	15	0	0	0	0	6	0	0	0	0	0	0	0	0	0	0	0	0	77	0	15	0	0	0	0	0
0	0	275	2	0	160	350	0	34	0	165	71	36	0	64	350	0	65	0	184	70	0	0	264	174	167	0	292	0	0	0	160	369	0	196	307	96	0	110	0	0	0	212	0	0	0	0	110	70	307	0	0	0	0	298	0	0	275	0	0	65	0	0	0	0	0	0	369	0	307	0	125	130	0	60
30	6	381	108	0	266	456	69	140	63	271	177	142	23	170	456	0	171	71	290	176	0	0	370	280	273	0	398	106	0	0	266	475	0	302	413	202	63	216	0	0	0	318	0	0	0	0	216	176	413	76	0	2	0	404	0	0	381	0	0	171	0	0	0	0	0	0	475	0	413	0	231	236	60	166
96	72	447	174	0	332	522	135	206	129	337	243	208	89	236	522	0	237	137	356	242	0	0	436	346	339	0	464	172	66	0	332	541	0	368	479	268	129	282	0	0	0	384	0	25	0	0	282	242	479	142	0	68	0	470	12	0	447	0	0	237	0	0	32	0	0	0	541	0	479	0	297	302	126	232
0	0	115	0	0	0	190	0	0	0	5	0	0	0	0	190	0	0	0	24	0	0	0	104	14	7	0	132	0	0	0	0	209	0	36	147	0	0	0	0	0	0	52	0	0	0	0	0	0	147	0	0	0	0	138	0	0	115	0	0	0	0	0	0	0	0	0	209	0	147	0	0	0	0	0
0	0	0	0	0	0	0	0	0	0	0	0	0	0	0	0	0	0	0	0	0	0	0	0	0	0	0	0	0	0	0	0	0	0	0	0	0	0	0	0	0	0	0	0	0	0	0	0	0	0	0	0	0	0	0	0	0	0	0	0	0	0	0	0	0	0	0	0	0	0	0	0	0	0	0
124	100	475	202	0	360	550	163	234	157	365	271	236	117	264	550	10	265	165	384	270	10	12	464	374	367	10	492	200	94	28	360	569	0	396	507	296	157	310	14	0	0	412	0	53	0	0	310	270	507	170	0	96	0	498	40	0	475	0	15	265	0	0	60	0	0	0	569	0	507	0	325	330	154	260
0	0	79	0	0	0	154	0	0	0	0	0	0	0	0	154	0	0	0	0	0	0	0	68	0	0	0	96	0	0	0	0	173	0	0	111	0	0	0	0	0	0	16	0	0	0	0	0	0	111	0	0	0	0	102	0	0	79	0	0	0	0	0	0	0	0	0	173	0	111	0	0	0	0	0
0	0	0	0	0	0	43	0	0	0	0	0	0	0	0	43	0	0	0	0	0	0	0	0	0	0	0	0	0	0	0	0	62	0	0	0	0	0	0	0	0	0	0	0	0	0	0	0	0	0	0	0	0	0	0	0	0	0	0	0	0	0	0	0	0	0	0	62	0	0	0	0	0	0	0
0	0	179	0	0	64	254	0	0	0	69	0	0	0	0	254	0	0	0	88	0	0	0	168	78	71	0	196	0	0	0	64	273	0	100	211	0	0	14	0	0	0	116	0	0	0	0	14	0	211	0	0	0	0	202	0	0	179	0	0	0	0	0	0	0	0	0	273	0	211	0	29	34	0	0
0	0	318	45	0	203	393	6	77	0	208	114	79	0	107	393	0	108	8	227	113	0	0	307	217	210	0	335	43	0	0	203	412	0	239	350	139	0	153	0	0	0	255	0	0	0	0	153	113	350	13	0	0	0	341	0	0	318	0	0	108	0	0	0	0	0	0	412	0	350	0	168	173	0	103
0	0	165	0	0	50	240	0	0	0	55	0	0	0	0	240	0	0	0	74	0	0	0	154	64	57	0	182	0	0	0	50	259	0	86	197	0	0	0	0	0	0	102	0	0	0	0	0	0	197	0	0	0	0	188	0	0	165	0	0	0	0	0	0	0	0	0	259	0	197	0	15	20	0	0
110	86	461	188	0	346	536	149	220	143	351	257	222	103	250	536	0	251	151	370	256	0	0	450	360	353	0	478	186	80	14	346	555	0	382	493	282	143	296	0	0	0	398	0	39	0	0	296	256	493	156	0	82	0	484	26	0	461	0	1	251	0	0	46	0	0	0	555	0	493	0	311	316	140	246
188	164	539	266	0	424	614	227	298	221	429	335	300	181	328	614	74	329	229	448	334	74	76	528	438	431	74	556	264	158	92	424	633	64	460	571	360	221	374	78	0	0	476	14	117	0	0	374	334	571	234	14	160	0	562	104	0	539	22	79	329	7	0	124	0	0	54	633	0	571	0	389	394	218	324
335	311	686	413	0	571	761	374	445	368	576	482	447	328	475	761	221	476	376	595	481	221	223	675	585	578	221	703	411	305	239	571	780	211	607	718	507	368	521	225	147	0	623	161	264	51	12	521	481	718	381	161	307	74	709	251	47	686	169	226	476	154	0	271	0	47	201	780	0	718	111	536	541	365	471
0	0	63	0	0	0	138	0	0	0	0	0	0	0	0	138	0	0	0	0	0	0	0	52	0	0	0	80	0	0	0	0	157	0	0	95	0	0	0	0	0	0	0	0	0	0	0	0	0	95	0	0	0	0	86	0	0	63	0	0	0	0	0	0	0	0	0	157	0	95	0	0	0	0	0
174	150	525	252	0	410	600	213	284	207	415	321	286	167	314	600	60	315	215	434	320	60	62	514	424	417	60	542	250	144	78	410	619	50	446	557	346	207	360	64	0	0	462	0	103	0	0	360	320	557	220	0	146	0	548	90	0	525	8	65	315	0	0	110	0	0	40	619	0	557	0	375	380	204	310
71	47	422	149	0	307	497	110	181	104	312	218	183	64	211	497	0	212	112	331	217	0	0	411	321	314	0	439	147	41	0	307	516	0	343	454	243	104	257	0	0	0	359	0	0	0	0	257	217	454	117	0	43	0	445	0	0	422	0	0	212	0	0	7	0	0	0	516	0	454	0	272	277	101	207
284	260	635	362	0	520	710	323	394	317	525	431	396	277	424	710	170	425	325	544	430	170	172	624	534	527	170	652	360	254	188	520	729	160	556	667	456	317	470	174	96	0	572	110	213	0	0	470	430	667	330	110	256	23	658	200	0	635	118	175	425	103	0	220	0	0	150	729	0	667	60	485	490	314	420
323	299	674	401	0	559	749	362	433	356	564	470	435	316	463	749	209	464	364	583	469	209	211	663	573	566	209	691	399	293	227	559	768	199	595	706	495	356	509	213	135	0	611	149	252	39	0	509	469	706	369	149	295	62	697	239	35	674	157	214	464	142	0	259	0	35	189	768	0	706	99	524	529	353	459
0	0	165	0	0	50	240	0	0	0	55	0	0	0	0	240	0	0	0	74	0	0	0	154	64	57	0	182	0	0	0	50	259	0	86	197	0	0	0	0	0	0	102	0	0	0	0	0	0	197	0	0	0	0	188	0	0	165	0	0	0	0	0	0	0	0	0	259	0	197	0	15	20	0	0
0	0	205	0	0	90	280	0	0	0	95	1	0	0	0	280	0	0	0	114	0	0	0	194	104	97	0	222	0	0	0	90	299	0	126	237	26	0	40	0	0	0	142	0	0	0	0	40	0	237	0	0	0	0	228	0	0	205	0	0	0	0	0	0	0	0	0	299	0	237	0	55	60	0	0
0	0	0	0	0	0	43	0	0	0	0	0	0	0	0	43	0	0	0	0	0	0	0	0	0	0	0	0	0	0	0	0	62	0	0	0	0	0	0	0	0	0	0	0	0	0	0	0	0	0	0	0	0	0	0	0	0	0	0	0	0	0	0	0	0	0	0	62	0	0	0	0	0	0	0
0	0	305	32	0	190	380	0	64	0	195	101	66	0	94	380	0	95	0	214	100	0	0	294	204	197	0	322	30	0	0	190	399	0	226	337	126	0	140	0	0	0	242	0	0	0	0	140	100	337	0	0	0	0	328	0	0	305	0	0	95	0	0	0	0	0	0	399	0	337	0	155	160	0	90
174	150	525	252	0	410	600	213	284	207	415	321	286	167	314	600	60	315	215	434	320	60	62	514	424	417	60	542	250	144	78	410	619	50	446	557	346	207	360	64	0	0	462	0	103	0	0	360	320	557	220	0	146	0	548	90	0	525	8	65	315	0	0	110	0	0	40	619	0	557	0	375	380	204	310
28	4	379	106	0	264	454	67	138	61	269	175	140	21	168	454	0	169	69	288	174	0	0	368	278	271	0	396	104	0	0	264	473	0	300	411	200	61	214	0	0	0	316	0	0	0	0	214	174	411	74	0	0	0	402	0	0	379	0	0	169	0	0	0	0	0	0	473	0	411	0	229	234	58	164
261	237	612	339	0	497	687	300	371	294	502	408	373	254	401	687	147	402	302	521	407	147	149	601	511	504	147	629	337	231	165	497	706	137	533	644	433	294	447	151	73	0	549	87	190	0	0	447	407	644	307	87	233	0	635	177	0	612	95	152	402	80	0	197	0	0	127	706	0	644	37	462	467	291	397
0	0	0	0	0	0	52	0	0	0	0	0	0	0	0	52	0	0	0	0	0	0	0	0	0	0	0	0	0	0	0	0	71	0	0	9	0	0	0	0	0	0	0	0	0	0	0	0	0	9	0	0	0	0	0	0	0	0	0	0	0	0	0	0	0	0	0	71	0	9	0	0	0	0	0
84	60	435	162	0	320	510	123	194	117	325	231	196	77	224	510	0	225	125	344	230	0	0	424	334	327	0	452	160	54	0	320	529	0	356	467	256	117	270	0	0	0	372	0	13	0	0	270	230	467	130	0	56	0	458	0	0	435	0	0	225	0	0	20	0	0	0	529	0	467	0	285	290	114	220
288	264	639	366	0	524	714	327	398	321	529	435	400	281	428	714	174	429	329	548	434	174	176	628	538	531	174	656	364	258	192	524	733	164	560	671	460	321	474	178	100	0	576	114	217	4	0	474	434	671	334	114	260	27	662	204	0	639	122	179	429	107	0	224	0	0	154	733	0	671	64	489	494	318	424
0	0	0	0	0	0	75	0	0	0	0	0	0	0	0	75	0	0	0	0	0	0	0	0	0	0	0	17	0	0	0	0	94	0	0	32	0	0	0	0	0	0	0	0	0	0	0	0	0	32	0	0	0	0	23	0	0	0	0	0	0	0	0	0	0	0	0	94	0	32	0	0	0	0	0
166	142	517	244	0	402	592	205	276	199	407	313	278	159	306	592	52	307	207	426	312	52	54	506	416	409	52	534	242	136	70	402	611	42	438	549	338	199	352	56	0	0	454	0	95	0	0	352	312	549	212	0	138	0	540	82	0	517	0	57	307	0	0	102	0	0	32	611	0	549	0	367	372	196	302
109	85	460	187	0	345	535	148	219	142	350	256	221	102	249	535	0	250	150	369	255	0	0	449	359	352	0	477	185	79	13	345	554	0	381	492	281	142	295	0	0	0	397	0	38	0	0	295	255	492	155	0	81	0	483	25	0	460	0	0	250	0	0	45	0	0	0	554	0	492	0	310	315	139	245
0	0	210	0	0	95	285	0	0	0	100	6	0	0	0	285	0	0	0	119	5	0	0	199	109	102	0	227	0	0	0	95	304	0	131	242	31	0	45	0	0	0	147	0	0	0	0	45	5	242	0	0	0	0	233	0	0	210	0	0	0	0	0	0	0	0	0	304	0	242	0	60	65	0	0
181	157	532	259	0	417	607	220	291	214	422	328	293	174	321	607	67	322	222	441	327	67	69	521	431	424	67	549	257	151	85	417	626	57	453	564	353	214	367	71	0	0	469	7	110	0	0	367	327	564	227	7	153	0	555	97	0	532	15	72	322	0	0	117	0	0	47	626	0	564	0	382	387	211	317
380	356	731	458	0	616	806	419	490	413	621	527	492	373	520	806	266	521	421	640	526	266	268	720	630	623	266	748	456	350	284	616	825	256	652	763	552	413	566	270	192	45	668	206	309	96	57	566	526	763	426	206	352	119	754	296	92	731	214	271	521	199	0	316	22	92	246	825	0	763	156	581	586	410	516
64	40	415	142	0	300	490	103	174	97	305	211	176	57	204	490	0	205	105	324	210	0	0	404	314	307	0	432	140	34	0	300	509	0	336	447	236	97	250	0	0	0	352	0	0	0	0	250	210	447	110	0	36	0	438	0	0	415	0	0	205	0	0	0	0	0	0	509	0	447	0	265	270	94	200
358	334	709	436	0	594	784	397	468	391	599	505	470	351	498	784	244	499	399	618	504	244	246	698	608	601	244	726	434	328	262	594	803	234	630	741	530	391	544	248	170	23	646	184	287	74	35	544	504	741	404	184	330	97	732	274	70	709	192	249	499	177	0	294	0	70	224	803	0	741	134	559	564	388	494
288	264	639	366	0	524	714	327	398	321	529	435	400	281	428	714	174	429	329	548	434	174	176	628	538	531	174	656	364	258	192	524	733	164	560	671	460	321	474	178	100	0	576	114	217	4	0	474	434	671	334	114	260	27	662	204	0	639	122	179	429	107	0	224	0	0	154	733	0	671	64	489	494	318	424
134	110	485	212	0	370	560	173	244	167	375	281	246	127	274	560	20	275	175	394	280	20	22	474	384	377	20	502	210	104	38	370	579	10	406	517	306	167	320	24	0	0	422	0	63	0	0	320	280	517	180	0	106	0	508	50	0	485	0	25	275	0	0	70	0	0	0	579	0	517	0	335	340	164	270
0	0	0	0	0	0	0	0	0	0	0	0	0	0	0	0	0	0	0	0	0	0	0	0	0	0	0	0	0	0	0	0	0	0	0	0	0	0	0	0	0	0	0	0	0	0	0	0	0	0	0	0	0	0	0	0	0	0	0	0	0	0	0	0	0	0	0	0	0	0	0	0	0	0	0
464	440	815	542	30	700	890	503	574	497	705	611	576	457	604	890	350	605	505	724	610	350	352	804	714	707	350	832	540	434	368	700	909	340	736	847	636	497	650	354	276	129	752	290	393	180	141	650	610	847	510	290	436	203	838	380	176	815	298	355	605	283	84	400	106	176	330	909	0	847	240	665	670	494	600
0	0	0	0	0	0	43	0	0	0	0	0	0	0	0	43	0	0	0	0	0	0	0	0	0	0	0	0	0	0	0	0	62	0	0	0	0	0	0	0	0	0	0	0	0	0	0	0	0	0	0	0	0	0	0	0	0	0	0	0	0	0	0	0	0	0	0	62	0	0	0	0	0	0	0
224	200	575	302	0	460	650	263	334	257	465	371	336	217	364	650	110	365	265	484	370	110	112	564	474	467	110	592	300	194	128	460	669	100	496	607	396	257	410	114	36	0	512	50	153	0	0	410	370	607	270	50	196	0	598	140	0	575	58	115	365	43	0	160	0	0	90	669	0	607	0	425	430	254	360
0	0	150	0	0	35	225	0	0	0	40	0	0	0	0	225	0	0	0	59	0	0	0	139	49	42	0	167	0	0	0	35	244	0	71	182	0	0	0	0	0	0	87	0	0	0	0	0	0	182	0	0	0	0	173	0	0	150	0	0	0	0	0	0	0	0	0	244	0	182	0	0	5	0	0
0	0	145	0	0	30	220	0	0	0	35	0	0	0	0	220	0	0	0	54	0	0	0	134	44	37	0	162	0	0	0	30	239	0	66	177	0	0	0	0	0	0	82	0	0	0	0	0	0	177	0	0	0	0	168	0	0	145	0	0	0	0	0	0	0	0	0	239	0	177	0	0	0	0	0
0	0	321	48	0	206	396	9	80	3	211	117	82	0	110	396	0	111	11	230	116	0	0	310	220	213	0	338	46	0	0	206	415	0	242	353	142	3	156	0	0	0	258	0	0	0	0	156	116	353	16	0	0	0	344	0	0	321	0	0	111	0	0	0	0	0	0	415	0	353	0	171	176	0	106
0	0	215	0	0	100	290	0	0	0	105	11	0	0	4	290	0	5	0	124	10	0	0	204	114	107	0	232	0	0	0	100	309	0	136	247	36	0	50	0	0	0	152	0	0	0	0	50	10	247	0	0	0	0	238	0	0	215	0	0	5	0	0	0	0	0	0	309	0	247	0	65	70	0	0

0	24	0	0	434	0	0	0	0	0	0	0	0	7	0	0	114	0	0	0	0	114	112	0	0	0	114	0	0	30	96	0	0	124	0	0	0	0	0	110	188	335	0	174	71	284	323	0	0	0	0	174	28	261	0	84	288	0	166	109	0	181	380	64	358	288	134	0	464	0	224	0	0	0	0
0	0	0	0	410	0	0	0	0	0	0	0	0	0	0	0	90	0	0	0	0	90	88	0	0	0	90	0	0	6	72	0	0	100	0	0	0	0	0	86	164	311	0	150	47	260	299	0	0	0	0	150	4	237	0	60	264	0	142	85	0	157	356	40	334	264	110	0	440	0	200	0	0	0	0
351	375	0	273	785	115	0	312	241	318	110	204	239	358	211	0	465	210	310	91	205	465	463	11	101	108	465	0	275	381	447	115	0	475	79	0	179	318	165	461	539	686	63	525	422	635	674	165	205	0	305	525	379	612	0	435	639	0	517	460	210	532	731	415	709	639	485	0	815	0	575	150	145	321	215
78	102	0	0	512	0	0	39	0	45	0	0	0	85	0	0	192	0	37	0	0	192	190	0	0	0	192	0	2	108	174	0	0	202	0	0	0	45	0	188	266	413	0	252	149	362	401	0	0	0	32	252	106	339	0	162	366	0	244	187	0	259	458	142	436	366	212	0	542	0	302	0	0	48	0
0	0	0	0	0	0	0	0	0	0	0	0	0	0	0	0	0	0	0	0	0	0	0	0	0	0	0	0	0	0	0	0	0	0	0	0	0	0	0	0	0	0	0	0	0	0	0	0	0	0	0	0	0	0	0	0	0	0	0	0	0	0	0	0	0	0	0	0	30	0	0	0	0	0	0
236	260	0	158	670	0	0	197	126	203	0	89	124	243	96	0	350	95	195	0	90	350	348	0	0	0	350	0	160	266	332	0	0	360	0	0	64	203	50	346	424	571	0	410	307	520	559	50	90	0	190	410	264	497	0	320	524	0	402	345	95	417	616	300	594	524	370	0	700	0	460	35	30	206	100
426	450	75	348	860	190	0	387	316	393	185	279	314	433	286	0	540	285	385	166	280	540	538	86	176	183	540	58	350	456	522	190	0	550	154	43	254	393	240	536	614	761	138	600	497	710	749	240	280	43	380	600	454	687	52	510	714	75	592	535	285	607	806	490	784	714	560	0	890	43	650	225	220	396	290
39	63	0	0	473	0	0	0	0	6	0	0	0	46	0	0	153	0	0	0	0	153	151	0	0	0	153	0	0	69	135	0	0	163	0	0	0	6	0	149	227	374	0	213	110	323	362	0	0	0	0	213	67	300	0	123	327	0	205	148	0	220	419	103	397	327	173	0	503	0	263	0	0	9	0
110	134	0	32	544	0	0	71	0	77	0	0	0	117	0	0	224	0	69	0	0	224	222	0	0	0	224	0	34	140	206	0	0	234	0	0	0	77	0	220	298	445	0	284	181	394	433	0	0	0	64	284	138	371	0	194	398	0	276	219	0	291	490	174	468	398	244	0	574	0	334	0	0	80	0
33	57	0	0	467	0	0	0	0	0	0	0	0	40	0	0	147	0	0	0	0	147	145	0	0	0	147	0	0	63	129	0	0	157	0	0	0	0	0	143	221	368	0	207	104	317	356	0	0	0	0	207	61	294	0	117	321	0	199	142	0	214	413	97	391	321	167	0	497	0	257	0	0	3	0
241	265	0	163	675	5	0	202	131	208	0	94	129	248	101	0	355	100	200	0	95	355	353	0	0	0	355	0	165	271	337	5	0	365	0	0	69	208	55	351	429	576	0	415	312	525	564	55	95	0	195	415	269	502	0	325	529	0	407	350	100	422	621	305	599	529	375	0	705	0	465	40	35	211	105
147	171	0	69	581	0	0	108	37	114	0	0	35	154	7	0	261	6	106	0	1	261	259	0	0	0	261	0	71	177	243	0	0	271	0	0	0	114	0	257	335	482	0	321	218	431	470	0	1	0	101	321	175	408	0	231	435	0	313	256	6	328	527	211	505	435	281	0	611	0	371	0	0	117	11
112	136	0	34	546	0	0	73	2	79	0	0	0	119	0	0	226	0	71	0	0	226	224	0	0	0	226	0	36	142	208	0	0	236	0	0	0	79	0	222	300	447	0	286	183	396	435	0	0	0	66	286	140	373	0	196	400	0	278	221	0	293	492	176	470	400	246	0	576	0	336	0	0	82	0
0	17	0	0	427	0	0	0	0	0	0	0	0	0	0	0	107	0	0	0	0	107	105	0	0	0	107	0	0	23	89	0	0	117	0	0	0	0	0	103	181	328	0	167	64	277	316	0	0	0	0	167	21	254	0	77	281	0	159	102	0	174	373	57	351	281	127	0	457	0	217	0	0	0	0
140	164	0	62	574	0	0	101	30	107	0	0	28	147	0	0	254	0	99	0	0	254	252	0	0	0	254	0	64	170	236	0	0	264	0	0	0	107	0	250	328	475	0	314	211	424	463	0	0	0	94	314	168	401	0	224	428	0	306	249	0	321	520	204	498	428	274	0	604	0	364	0	0	110	4
426	450	75	348	860	190	0	387	316	393	185	279	314	433	286	0	540	285	385	166	280	540	538	86	176	183	540	58	350	456	522	190	0	550	154	43	254	393	240	536	614	761	138	600	497	710	749	240	280	43	380	600	454	687	52	510	714	75	592	535	285	607	806	490	784	714	560	0	890	43	650	225	220	396	290
0	0	0	0	320	0	0	0	0	0	0	0	0	0	0	0	0	0	0	0	0	0	0	0	0	0	0	0	0	0	0	0	0	10	0	0	0	0	0	0	74	221	0	60	0	170	209	0	0	0	0	60	0	147	0	0	174	0	52	0	0	67	266	0	244	174	20	0	350	0	110	0	0	0	0
141	165	0	63	575	0	0	102	31	108	0	0	29	148	1	0	255	0	100	0	0	255	253	0	0	0	255	0	65	171	237	0	0	265	0	0	0	108	0	251	329	476	0	315	212	425	464	0	0	0	95	315	169	402	0	225	429	0	307	250	0	322	521	205	499	429	275	0	605	0	365	0	0	111	5
41	65	0	0	475	0	0	2	0	8	0	0	0	48	0	0	155	0	0	0	0	155	153	0	0	0	155	0	0	71	137	0	0	165	0	0	0	8	0	151	229	376	0	215	112	325	364	0	0	0	0	215	69	302	0	125	329	0	207	150	0	222	421	105	399	329	175	0	505	0	265	0	0	11	0
260	284	0	182	694	24	0	221	150	227	19	113	148	267	120	0	374	119	219	0	114	374	372	0	10	17	374	0	184	290	356	24	0	384	0	0	88	227	74	370	448	595	0	434	331	544	583	74	114	0	214	434	288	521	0	344	548	0	426	369	119	441	640	324	618	548	394	0	724	0	484	59	54	230	124
146	170	0	68	580	0	0	107	36	113	0	0	34	153	6	0	260	5	105	0	0	260	258	0	0	0	260	0	70	176	242	0	0	270	0	0	0	113	0	256	334	481	0	320	217	430	469	0	0	0	100	320	174	407	0	230	434	0	312	255	5	327	526	210	504	434	280	0	610	0	370	0	0	116	10
0	0	0	0	320	0	0	0	0	0	0	0	0	0	0	0	0	0	0	0	0	0	0	0	0	0	0	0	0	0	0	0	0	10	0	0	0	0	0	0	74	221	0	60	0	170	209	0	0	0	0	60	0	147	0	0	174	0	52	0	0	67	266	0	244	174	20	0	350	0	110	0	0	0	0
0	0	0	0	322	0	0	0	0	0	0	0	0	0	0	0	2	0	0	0	0	2	0	0	0	0	2	0	0	0	0	0	0	12	0	0	0	0	0	0	76	223	0	62	0	172	211	0	0	0	0	62	0	149	0	0	176	0	54	0	0	69	268	0	246	176	22	0	352	0	112	0	0	0	0
340	364	0	262	774	104	0	301	230	307	99	193	228	347	200	0	454	199	299	80	194	454	452	0	90	97	454	0	264	370	436	104	0	464	68	0	168	307	154	450	528	675	52	514	411	624	663	154	194	0	294	514	368	601	0	424	628	0	506	449	199	521	720	404	698	628	474	0	804	0	564	139	134	310	204
250	274	0	172	684	14	0	211	140	217	9	103	138	257	110	0	364	109	209	0	104	364	362	0	0	7	364	0	174	280	346	14	0	374	0	0	78	217	64	360	438	585	0	424	321	534	573	64	104	0	204	424	278	511	0	334	538	0	416	359	109	431	630	314	608	538	384	0	714	0	474	49	44	220	114
243	267	0	165	677	7	0	204	133	210	2	96	131	250	103	0	357	102	202	0	97	357	355	0	0	0	357	0	167	273	339	7	0	367	0	0	71	210	57	353	431	578	0	417	314	527	566	57	97	0	197	417	271	504	0	327	531	0	409	352	102	424	623	307	601	531	377	0	707	0	467	42	37	213	107
0	0	0	0	320	0	0	0	0	0	0	0	0	0	0	0	0	0	0	0	0	0	0	0	0	0	0	0	0	0	0	0	0	10	0	0	0	0	0	0	74	221	0	60	0	170	209	0	0	0	0	60	0	147	0	0	174	0	52	0	0	67	266	0	244	174	20	0	350	0	110	0	0	0	0
368	392	17	290	802	132	0	329	258	335	127	221	256	375	228	0	482	227	327	108	222	482	480	28	118	125	482	0	292	398	464	132	0	492	96	0	196	335	182	478	556	703	80	542	439	652	691	182	222	0	322	542	396	629	0	452	656	17	534	477	227	549	748	432	726	656	502	0	832	0	592	167	162	338	232
76	100	0	0	510	0	0	37	0	43	0	0	0	83	0	0	190	0	35	0	0	190	188	0	0	0	190	0	0	106	172	0	0	200	0	0	0	43	0	186	264	411	0	250	147	360	399	0	0	0	30	250	104	337	0	160	364	0	242	185	0	257	456	140	434	364	210	0	540	0	300	0	0	46	0
0	0	0	0	404	0	0	0	0	0	0	0	0	0	0	0	84	0	0	0	0	84	82	0	0	0	84	0	0	0	66	0	0	94	0	0	0	0	0	80	158	305	0	144	41	254	293	0	0	0	0	144	0	231	0	54	258	0	136	79	0	151	350	34	328	258	104	0	434	0	194	0	0	0	0
0	0	0	0	338	0	0	0	0	0	0	0	0	0	0	0	18	0	0	0	0	18	16	0	0	0	18	0	0	0	0	0	0	28	0	0	0	0	0	14	92	239	0	78	0	188	227	0	0	0	0	78	0	165	0	0	192	0	70	13	0	85	284	0	262	192	38	0	368	0	128	0	0	0	0
236	260	0	158	670	0	0	197	126	203	0	89	124	243	96	0	350	95	195	0	90	350	348	0	0	0	350	0	160	266	332	0	0	360	0	0	64	203	50	346	424	571	0	410	307	520	559	50	90	0	190	410	264	497	0	320	524	0	402	345	95	417	616	300	594	524	370	0	700	0	460	35	30	206	100
445	469	94	367	879	209	19	406	335	412	204	298	333	452	305	19	559	304	404	185	299	559	557	105	195	202	559	77	369	475	541	209	0	569	173	62	273	412	259	555	633	780	157	619	516	729	768	259	299	62	399	619	473	706	71	529	733	94	611	554	304	626	825	509	803	733	579	0	909	62	669	244	239	415	309
0	0	0	0	310	0	0	0	0	0	0	0	0	0	0	0	0	0	0	0	0	0	0	0	0	0	0	0	0	0	0	0	0	0	0	0	0	0	0	0	64	211	0	50	0	160	199	0	0	0	0	50	0	137	0	0	164	0	42	0	0	57	256	0	234	164	10	0	340	0	100	0	0	0	0
272	296	0	194	706	36	0	233	162	239	31	125	160	279	132	0	386	131	231	12	126	386	384	0	22	29	386	0	196	302	368	36	0	396	0	0	100	239	86	382	460	607	0	446	343	556	595	86	126	0	226	446	300	533	0	356	560	0	438	381	131	453	652	336	630	560	406	0	736	0	496	71	66	242	136
383	407	32	305	817	147	0	344	273	350	142	236	271	390	243	0	497	242	342	123	237	497	495	43	133	140	497	15	307	413	479	147	0	507	111	0	211	350	197	493	571	718	95	557	454	667	706	197	237	0	337	557	411	644	9	467	671	32	549	492	242	564	763	447	741	671	517	0	847	0	607	182	177	353	247
172	196	0	94	606	0	0	133	62	139	0	25	60	179	32	0	286	31	131	0	26	286	284	0	0	0	286	0	96	202	268	0	0	296	0	0	0	139	0	282	360	507	0	346	243	456	495	0	26	0	126	346	200	433	0	256	460	0	338	281	31	353	552	236	530	460	306	0	636	0	396	0	0	142	36
33	57	0	0	467	0	0	0	0	0	0	0	0	40	0	0	147	0	0	0	0	147	145	0	0	0	147	0	0	63	129	0	0	157	0	0	0	0	0	143	221	368	0	207	104	317	356	0	0	0	0	207	61	294	0	117	321	0	199	142	0	214	413	97	391	321	167	0	497	0	257	0	0	3	0
186	210	0	108	620	0	0	147	76	153	0	39	74	193	46	0	300	45	145	0	40	300	298	0	0	0	300	0	110	216	282	0	0	310	0	0	14	153	0	296	374	521	0	360	257	470	509	0	40	0	140	360	214	447	0	270	474	0	352	295	45	367	566	250	544	474	320	0	650	0	410	0	0	156	50
0	0	0	0	324	0	0	0	0	0	0	0	0	0	0	0	4	0	0	0	0	4	2	0	0	0	4	0	0	0	0	0	0	14	0	0	0	0	0	0	78	225	0	64	0	174	213	0	0	0	0	64	0	151	0	0	178	0	56	0	0	71	270	0	248	178	24	0	354	0	114	0	0	0	0
0	0	0	0	246	0	0	0	0	0	0	0	0	0	0	0	0	0	0	0	0	0	0	0	0	0	0	0	0	0	0	0	0	0	0	0	0	0	0	0	0	147	0	0	0	96	135	0	0	0	0	0	0	73	0	0	100	0	0	0	0	0	192	0	170	100	0	0	276	0	36	0	0	0	0
0	0	0	0	99	0	0	0	0	0	0	0	0	0	0	0	0	0	0	0	0	0	0	0	0	0	0	0	0	0	0	0	0	0	0	0	0	0	0	0	0	0	0	0	0	0	0	0	0	0	0	0	0	0	0	0	0	0	0	0	0	0	45	0	23	0	0	0	129	0	0	0	0	0	0
288	312	0	210	722	52	0	249	178	255	47	141	176	295	148	0	402	147	247	28	142	402	400	0	38	45	402	0	212	318	384	52	0	412	16	0	116	255	102	398	476	623	0	462	359	572	611	102	142	0	242	462	316	549	0	372	576	0	454	397	147	469	668	352	646	576	422	0	752	0	512	87	82	258	152
0	0	0	0	260	0	0	0	0	0	0	0	0	0	0	0	0	0	0	0	0	0	0	0	0	0	0	0	0	0	0	0	0	0	0	0	0	0	0	0	14	161	0	0	0	110	149	0	0	0	0	0	0	87	0	0	114	0	0	0	0	7	206	0	184	114	0	0	290	0	50	0	0	0	0
0	0	0	0	363	0	0	0	0	0	0	0	0	0	0	0	43	0	0	0	0	43	41	0	0	0	43	0	0	0	25	0	0	53	0	0	0	0	0	39	117	264	0	103	0	213	252	0	0	0	0	103	0	190	0	13	217	0	95	38	0	110	309	0	287	217	63	0	393	0	153	0	0	0	0
0	0	0	0	150	0	0	0	0	0	0	0	0	0	0	0	0	0	0	0	0	0	0	0	0	0	0	0	0	0	0	0	0	0	0	0	0	0	0	0	0	51	0	0	0	0	39	0	0	0	0	0	0	0	0	0	4	0	0	0	0	0	96	0	74	4	0	0	180	0	0	0	0	0	0
0	0	0	0	111	0	0	0	0	0	0	0	0	0	0	0	0	0	0	0	0	0	0	0	0	0	0	0	0	0	0	0	0	0	0	0	0	0	0	0	0	12	0	0	0	0	0	0	0	0	0	0	0	0	0	0	0	0	0	0	0	0	57	0	35	0	0	0	141	0	0	0	0	0	0
186	210	0	108	620	0	0	147	76	153	0	39	74	193	46	0	300	45	145	0	40	300	298	0	0	0	300	0	110	216	282	0	0	310	0	0	14	153	0	296	374	521	0	360	257	470	509	0	40	0	140	360	214	447	0	270	474	0	352	295	45	367	566	250	544	474	320	0	650	0	410	0	0	156	50
146	170	0	68	580	0	0	107	36	113	0	0	34	153	6	0	260	5	105	0	0	260	258	0	0	0	260	0	70	176	242	0	0	270	0	0	0	113	0	256	334	481	0	320	217	430	469	0	0	0	100	320	174	407	0	230	434	0	312	255	5	327	526	210	504	434	280	0	610	0	370	0	0	116	10
383	407	32	305	817	147	0	344	273	350	142	236	271	390	243	0	497	242	342	123	237	497	495	43	133	140	497	15	307	413	479	147	0	507	111	0	211	350	197	493	571	718	95	557	454	667	706	197	237	0	337	557	411	644	9	467	671	32	549	492	242	564	763	447	741	671	517	0	847	0	607	182	177	353	247
46	70	0	0	480	0	0	7	0	13	0	0	0	53	0	0	160	0	5	0	0	160	158	0	0	0	160	0	0	76	142	0	0	170	0	0	0	13	0	156	234	381	0	220	117	330	369	0	0	0	0	220	74	307	0	130	334	0	212	155	0	227	426	110	404	334	180	0	510	0	270	0	0	16	0
0	0	0	0	260	0	0	0	0	0	0	0	0	0	0	0	0	0	0	0	0	0	0	0	0	0	0	0	0	0	0	0	0	0	0	0	0	0	0	0	14	161	0	0	0	110	149	0	0	0	0	0	0	87	0	0	114	0	0	0	0	7	206	0	184	114	0	0	290	0	50	0	0	0	0
0	0	0	0	406	0	0	0	0	0	0	0	0	0	0	0	86	0	0	0	0	86	84	0	0	0	86	0	0	2	68	0	0	96	0	0	0	0	0	82	160	307	0	146	43	256	295	0	0	0	0	146	0	233	0	56	260	0	138	81	0	153	352	36	330	260	106	0	436	0	196	0	0	0	0
0	0	0	0	173	0	0	0	0	0	0	0	0	0	0	0	0	0	0	0	0	0	0	0	0	0	0	0	0	0	0	0	0	0	0	0	0	0	0	0	0	74	0	0	0	23	62	0	0	0	0	0	0	0	0	0	27	0	0	0	0	0	119	0	97	27	0	0	203	0	0	0	0	0	0
374	398	23	296	808	138	0	335	264	341	133	227	262	381	234	0	488	233	333	114	228	488	486	34	124	131	488	6	298	404	470	138	0	498	102	0	202	341	188	484	562	709	86	548	445	658	697	188	228	0	328	548	402	635	0	458	662	23	540	483	233	555	754	438	732	662	508	0	838	0	598	173	168	344	238
0	0	0	0	350	0	0	0	0	0	0	0	0	0	0	0	30	0	0	0	0	30	28	0	0	0	30	0	0	0	12	0	0	40	0	0	0	0	0	26	104	251	0	90	0	200	239	0	0	0	0	90	0	177	0	0	204	0	82	25	0	97	296	0	274	204	50	0	380	0	140	0	0	0	0
0	0	0	0	146	0	0	0	0	0	0	0	0	0	0	0	0	0	0	0	0	0	0	0	0	0	0	0	0	0	0	0	0	0	0	0	0	0	0	0	0	47	0	0	0	0	35	0	0	0	0	0	0	0	0	0	0	0	0	0	0	0	92	0	70	0	0	0	176	0	0	0	0	0	0
351	375	0	273	785	115	0	312	241	318	110	204	239	358	211	0	465	210	310	91	205	465	463	11	101	108	465	0	275	381	447	115	0	475	79	0	179	318	165	461	539	686	63	525	422	635	674	165	205	0	305	525	379	612	0	435	639	0	517	460	210	532	731	415	709	639	485	0	815	0	575	150	145	321	215
0	0	0	0	268	0	0	0	0	0	0	0	0	0	0	0	0	0	0	0	0	0	0	0	0	0	0	0	0	0	0	0	0	0	0	0	0	0	0	0	22	169	0	8	0	118	157	0	0	0	0	8	0	95	0	0	122	0	0	0	0	15	214	0	192	122	0	0	298	0	58	0	0	0	0
0	0	0	0	325	0	0	0	0	0	0	0	0	0	0	0	5	0	0	0	0	5	3	0	0	0	5	0	0	0	0	0	0	15	0	0	0	0	0	1	79	226	0	65	0	175	214	0	0	0	0	65	0	152	0	0	179	0	57	0	0	72	271	0	249	179	25	0	355	0	115	0	0	0	0
141	165	0	63	575	0	0	102	31	108	0	0	29	148	1	0	255	0	100	0	0	255	253	0	0	0	255	0	65	171	237	0	0	265	0	0	0	108	0	251	329	476	0	315	212	425	464	0	0	0	95	315	169	402	0	225	429	0	307	250	0	322	521	205	499	429	275	0	605	0	365	0	0	111	5
0	0	0	0	253	0	0	0	0	0	0	0	0	0	0	0	0	0	0	0	0	0	0	0	0	0	0	0	0	0	0	0	0	0	0	0	0	0	0	0	7	154	0	0	0	103	142	0	0	0	0	0	0	80	0	0	107	0	0	0	0	0	199	0	177	107	0	0	283	0	43	0	0	0	0
0	0	0	0	54	0	0	0	0	0	0	0	0	0	0	0	0	0	0	0	0	0	0	0	0	0	0	0	0	0	0	0	0	0	0	0	0	0	0	0	0	0	0	0	0	0	0	0	0	0	0	0	0	0	0	0	0	0	0	0	0	0	0	0	0	0	0	0	84	0	0	0	0	0	0
0	0	0	0	370	0	0	0	0	0	0	0	0	0	0	0	50	0	0	0	0	50	48	0	0	0	50	0	0	0	32	0	0	60	0	0	0	0	0	46	124	271	0	110	7	220	259	0	0	0	0	110	0	197	0	20	224	0	102	45	0	117	316	0	294	224	70	0	400	0	160	0	0	0	0
0	0	0	0	76	0	0	0	0	0	0	0	0	0	0	0	0	0	0	0	0	0	0	0	0	0	0	0	0	0	0	0	0	0	0	0	0	0	0	0	0	0	0	0	0	0	0	0	0	0	0	0	0	0	0	0	0	0	0	0	0	0	22	0	0	0	0	0	106	0	0	0	0	0	0
0	0	0	0	146	0	0	0	0	0	0	0	0	0	0	0	0	0	0	0	0	0	0	0	0	0	0	0	0	0	0	0	0	0	0	0	0	0	0	0	0	47	0	0	0	0	35	0	0	0	0	0	0	0	0	0	0	0	0	0	0	0	92	0	70	0	0	0	176	0	0	0	0	0	0
0	0	0	0	300	0	0	0	0	0	0	0	0	0	0	0	0	0	0	0	0	0	0	0	0	0	0	0	0	0	0	0	0	0	0	0	0	0	0	0	54	201	0	40	0	150	189	0	0	0	0	40	0	127	0	0	154	0	32	0	0	47	246	0	224	154	0	0	330	0	90	0	0	0	0
445	469	94	367	879	209	19	406	335	412	204	298	333	452	305	19	559	304	404	185	299	559	557	105	195	202	559	77	369	475	541	209	0	569	173	62	273	412	259	555	633	780	157	619	516	729	768	259	299	62	399	619	473	706	71	529	733	94	611	554	304	626	825	509	803	733	579	0	909	62	669	244	239	415	309
0	0	0	0	0	0	0	0	0	0	0	0	0	0	0	0	0	0	0	0	0	0	0	0	0	0	0	0	0	0	0	0	0	0	0	0	0	0	0	0	0	0	0	0	0	0	0	0	0	0	0	0	0	0	0	0	0	0	0	0	0	0	0	0	0	0	0	0	0	0	0	0	0	0	0
383	407	32	305	817	147	0	344	273	350	142	236	271	390	243	0	497	242	342	123	237	497	495	43	133	140	497	15	307	413	479	147	0	507	111	0	211	350	197	493	571	718	95	557	454	667	706	197	237	0	337	557	411	644	9	467	671	32	549	492	242	564	763	447	741	671	517	0	847	0	607	182	177	353	247
0	0	0	0	210	0	0	0	0	0	0	0	0	0	0	0	0	0	0	0	0	0	0	0	0	0	0	0	0	0	0	0	0	0	0	0	0	0	0	0	0	111	0	0	0	60	99	0	0	0	0	0	0	37	0	0	64	0	0	0	0	0	156	0	134	64	0	0	240	0	0	0	0	0	0
201	225	0	123	635	0	0	162	91	168	0	54	89	208	61	0	315	60	160	0	55	315	313	0	0	0	315	0	125	231	297	0	0	325	0	0	29	168	15	311	389	536	0	375	272	485	524	15	55	0	155	375	229	462	0	285	489	0	367	310	60	382	581	265	559	489	335	0	665	0	425	0	0	171	65
206	230	0	128	640	0	0	167	96	173	0	59	94	213	66	0	320	65	165	0	60	320	318	0	0	0	320	0	130	236	302	0	0	330	0	0	34	173	20	316	394	541	0	380	277	490	529	20	60	0	160	380	234	467	0	290	494	0	372	315	65	387	586	270	564	494	340	0	670	0	430	5	0	176	70
30	54	0	0	464	0	0	0	0	0	0	0	0	37	0	0	144	0	0	0	0	144	142	0	0	0	144	0	0	60	126	0	0	154	0	0	0	0	0	140	218	365	0	204	101	314	353	0	0	0	0	204	58	291	0	114	318	0	196	139	0	211	410	94	388	318	164	0	494	0	254	0	0	0	0
136	160	0	58	570	0	0	97	26	103	0	0	24	143	0	0	250	0	95	0	0	250	248	0	0	0	250	0	60	166	232	0	0	260	0	0	0	103	0	246	324	471	0	310	207	420	459	0	0	0	90	310	164	397	0	220	424	0	302	245	0	317	516	200	494	424	270	0	600	0	360	0	0	106	0

0	960	0	140	40	0	0	0	70	0	0	0	0	0	0	0	0	90	960	50	20	140	20	0	110	270	70	90	0	0	20	0	0	0	0	20	270	10	290	0	0	0	0	490	40	40	0	190	0	0	0	0	0	0	20	0	90	0	0	50	20	0	0	0	50	90	0	0	0	0	390	0	0	0	0
0	0	0	0	0	0	0	0	0	0	0	0	0	0	0	0	0	0	0	0	0	0	0	0	0	0	0	0	0	0	0	0	0	0	0	0	0	0	0	0	0	0	0	0	0	0	0	0	0	0	0	0	0	0	0	0	0	0	0	0	0	0	0	0	0	0	0	0	0	0	0	0	0	0	0
90	1050	0	230	130	30	30	0	160	10	10	0	0	80	80	0	0	180	1050	140	110	230	110	80	200	360	160	180	10	80	110	10	0	70	80	110	360	100	380	0	80	0	80	580	130	130	80	280	20	30	60	80	30	30	110	20	180	80	80	140	110	80	30	80	140	180	0	0	30	30	480	0	0	60	0
0	820	0	0	0	0	0	0	0	0	0	0	0	0	0	0	0	0	820	0	0	0	0	0	0	130	0	0	0	0	0	0	0	0	0	0	130	0	150	0	0	0	0	350	0	0	0	50	0	0	0	0	0	0	0	0	0	0	0	0	0	0	0	0	0	0	0	0	0	0	250	0	0	0	0
0	920	0	100	0	0	0	0	30	0	0	0	0	0	0	0	0	50	920	10	0	100	0	0	70	230	30	50	0	0	0	0	0	0	0	0	230	0	250	0	0	0	0	450	0	0	0	150	0	0	0	0	0	0	0	0	50	0	0	10	0	0	0	0	10	50	0	0	0	0	350	0	0	0	0
60	1020	0	200	100	0	0	0	130	0	0	0	0	50	50	0	0	150	1020	110	80	200	80	50	170	330	130	150	0	50	80	0	0	40	50	80	330	70	350	0	50	0	50	550	100	100	50	250	0	0	30	50	0	0	80	0	150	50	50	110	80	50	0	50	110	150	0	0	0	0	450	0	0	30	0
60	1020	0	200	100	0	0	0	130	0	0	0	0	50	50	0	0	150	1020	110	80	200	80	50	170	330	130	150	0	50	80	0	0	40	50	80	330	70	350	0	50	0	50	550	100	100	50	250	0	0	30	50	0	0	80	0	150	50	50	110	80	50	0	50	110	150	0	0	0	0	450	0	0	30	0
90	1050	0	230	130	30	30	0	160	10	10	0	0	80	80	0	0	180	1050	140	110	230	110	80	200	360	160	180	10	80	110	10	0	70	80	110	360	100	380	0	80	0	80	580	130	130	80	280	20	30	60	80	30	30	110	20	180	80	80	140	110	80	30	80	140	180	0	0	30	30	480	0	0	60	0
0	890	0	70	0	0	0	0	0	0	0	0	0	0	0	0	0	20	890	0	0	70	0	0	40	200	0	20	0	0	0	0	0	0	0	0	200	0	220	0	0	0	0	420	0	0	0	120	0	0	0	0	0	0	0	0	20	0	0	0	0	0	0	0	0	20	0	0	0	0	320	0	0	0	0
80	1040	0	220	120	20	20	0	150	0	0	0	0	70	70	0	0	170	1040	130	100	220	100	70	190	350	150	170	0	70	100	0	0	60	70	100	350	90	370	0	70	0	70	570	120	120	70	270	10	20	50	70	20	20	100	10	170	70	70	130	100	70	20	70	130	170	0	0	20	20	470	0	0	50	0
80	1040	0	220	120	20	20	0	150	0	0	0	0	70	70	0	0	170	1040	130	100	220	100	70	190	350	150	170	0	70	100	0	0	60	70	100	350	90	370	0	70	0	70	570	120	120	70	270	10	20	50	70	20	20	100	10	170	70	70	130	100	70	20	70	130	170	0	0	20	20	470	0	0	50	0
110	1070	20	250	150	50	50	20	180	30	30	0	0	100	100	20	0	200	1070	160	130	250	130	100	220	380	180	200	30	100	130	30	0	90	100	130	380	120	400	10	100	10	100	600	150	150	100	300	40	50	80	100	50	50	130	40	200	100	100	160	130	100	50	100	160	200	20	0	50	50	500	0	10	80	20
130	1090	40	270	170	70	70	40	200	50	50	20	0	120	120	40	20	220	1090	180	150	270	150	120	240	400	200	220	50	120	150	50	20	110	120	150	400	140	420	30	120	30	120	620	170	170	120	320	60	70	100	120	70	70	150	60	220	120	120	180	150	120	70	120	180	220	40	20	70	70	520	20	30	100	40
10	970	0	150	50	0	0	0	80	0	0	0	0	0	0	0	0	100	970	60	30	150	30	0	120	280	80	100	0	0	30	0	0	0	0	30	280	20	300	0	0	0	0	500	50	50	0	200	0	0	0	0	0	0	30	0	100	0	0	60	30	0	0	0	60	100	0	0	0	0	400	0	0	0	0
10	970	0	150	50	0	0	0	80	0	0	0	0	0	0	0	0	100	970	60	30	150	30	0	120	280	80	100	0	0	30	0	0	0	0	30	280	20	300	0	0	0	0	500	50	50	0	200	0	0	0	0	0	0	30	0	100	0	0	60	30	0	0	0	60	100	0	0	0	0	400	0	0	0	0
90	1050	0	230	130	30	30	0	160	10	10	0	0	80	80	0	0	180	1050	140	110	230	110	80	200	360	160	180	10	80	110	10	0	70	80	110	360	100	380	0	80	0	80	580	130	130	80	280	20	30	60	80	30	30	110	20	180	80	80	140	110	80	30	80	140	180	0	0	30	30	480	0	0	60	0
110	1070	20	250	150	50	50	20	180	30	30	0	0	100	100	20	0	200	1070	160	130	250	130	100	220	380	180	200	30	100	130	30	0	90	100	130	380	120	400	10	100	10	100	600	150	150	100	300	40	50	80	100	50	50	130	40	200	100	100	160	130	100	50	100	160	200	20	0	50	50	500	0	10	80	20
0	870	0	50	0	0	0	0	0	0	0	0	0	0	0	0	0	0	870	0	0	50	0	0	20	180	0	0	0	0	0	0	0	0	0	0	180	0	200	0	0	0	0	400	0	0	0	100	0	0	0	0	0	0	0	0	0	0	0	0	0	0	0	0	0	0	0	0	0	0	300	0	0	0	0
0	0	0	0	0	0	0	0	0	0	0	0	0	0	0	0	0	0	0	0	0	0	0	0	0	0	0	0	0	0	0	0	0	0	0	0	0	0	0	0	0	0	0	0	0	0	0	0	0	0	0	0	0	0	0	0	0	0	0	0	0	0	0	0	0	0	0	0	0	0	0	0	0	0	0
0	910	0	90	0	0	0	0	20	0	0	0	0	0	0	0	0	40	910	0	0	90	0	0	60	220	20	40	0	0	0	0	0	0	0	0	220	0	240	0	0	0	0	440	0	0	0	140	0	0	0	0	0	0	0	0	40	0	0	0	0	0	0	0	0	40	0	0	0	0	340	0	0	0	0
0	940	0	120	20	0	0	0	50	0	0	0	0	0	0	0	0	70	940	30	0	120	0	0	90	250	50	70	0	0	0	0	0	0	0	0	250	0	270	0	0	0	0	470	20	20	0	170	0	0	0	0	0	0	0	0	70	0	0	30	0	0	0	0	30	70	0	0	0	0	370	0	0	0	0
0	820	0	0	0	0	0	0	0	0	0	0	0	0	0	0	0	0	820	0	0	0	0	0	0	130	0	0	0	0	0	0	0	0	0	0	130	0	150	0	0	0	0	350	0	0	0	50	0	0	0	0	0	0	0	0	0	0	0	0	0	0	0	0	0	0	0	0	0	0	250	0	0	0	0
0	940	0	120	20	0	0	0	50	0	0	0	0	0	0	0	0	70	940	30	0	120	0	0	90	250	50	70	0	0	0	0	0	0	0	0	250	0	270	0	0	0	0	470	20	20	0	170	0	0	0	0	0	0	0	0	70	0	0	30	0	0	0	0	30	70	0	0	0	0	370	0	0	0	0
10	970	0	150	50	0	0	0	80	0	0	0	0	0	0	0	0	100	970	60	30	150	30	0	120	280	80	100	0	0	30	0	0	0	0	30	280	20	300	0	0	0	0	500	50	50	0	200	0	0	0	0	0	0	30	0	100	0	0	60	30	0	0	0	60	100	0	0	0	0	400	0	0	0	0
0	850	0	30	0	0	0	0	0	0	0	0	0	0	0	0	0	0	850	0	0	30	0	0	0	160	0	0	0	0	0	0	0	0	0	0	160	0	180	0	0	0	0	380	0	0	0	80	0	0	0	0	0	0	0	0	0	0	0	0	0	0	0	0	0	0	0	0	0	0	280	0	0	0	0
0	690	0	0	0	0	0	0	0	0	0	0	0	0	0	0	0	0	690	0	0	0	0	0	0	0	0	0	0	0	0	0	0	0	0	0	0	0	20	0	0	0	0	220	0	0	0	0	0	0	0	0	0	0	0	0	0	0	0	0	0	0	0	0	0	0	0	0	0	0	120	0	0	0	0
0	890	0	70	0	0	0	0	0	0	0	0	0	0	0	0	0	20	890	0	0	70	0	0	40	200	0	20	0	0	0	0	0	0	0	0	200	0	220	0	0	0	0	420	0	0	0	120	0	0	0	0	0	0	0	0	20	0	0	0	0	0	0	0	0	20	0	0	0	0	320	0	0	0	0
0	870	0	50	0	0	0	0	0	0	0	0	0	0	0	0	0	0	870	0	0	50	0	0	20	180	0	0	0	0	0	0	0	0	0	0	180	0	200	0	0	0	0	400	0	0	0	100	0	0	0	0	0	0	0	0	0	0	0	0	0	0	0	0	0	0	0	0	0	0	300	0	0	0	0
80	1040	0	220	120	20	20	0	150	0	0	0	0	70	70	0	0	170	1040	130	100	220	100	70	190	350	150	170	0	70	100	0	0	60	70	100	350	90	370	0	70	0	70	570	120	120	70	270	10	20	50	70	20	20	100	10	170	70	70	130	100	70	20	70	130	170	0	0	20	20	470	0	0	50	0
10	970	0	150	50	0	0	0	80	0	0	0	0	0	0	0	0	100	970	60	30	150	30	0	120	280	80	100	0	0	30	0	0	0	0	30	280	20	300	0	0	0	0	500	50	50	0	200	0	0	0	0	0	0	30	0	100	0	0	60	30	0	0	0	60	100	0	0	0	0	400	0	0	0	0
0	940	0	120	20	0	0	0	50	0	0	0	0	0	0	0	0	70	940	30	0	120	0	0	90	250	50	70	0	0	0	0	0	0	0	0	250	0	270	0	0	0	0	470	20	20	0	170	0	0	0	0	0	0	0	0	70	0	0	30	0	0	0	0	30	70	0	0	0	0	370	0	0	0	0
80	1040	0	220	120	20	20	0	150	0	0	0	0	70	70	0	0	170	1040	130	100	220	100	70	190	350	150	170	0	70	100	0	0	60	70	100	350	90	370	0	70	0	70	570	120	120	70	270	10	20	50	70	20	20	100	10	170	70	70	130	100	70	20	70	130	170	0	0	20	20	470	0	0	50	0
110	1070	20	250	150	50	50	20	180	30	30	0	0	100	100	20	0	200	1070	160	130	250	130	100	220	380	180	200	30	100	130	30	0	90	100	130	380	120	400	10	100	10	100	600	150	150	100	300	40	50	80	100	50	50	130	40	200	100	100	160	130	100	50	100	160	200	20	0	50	50	500	0	10	80	20
20	980	0	160	60	0	0	0	90	0	0	0	0	10	10	0	0	110	980	70	40	160	40	10	130	290	90	110	0	10	40	0	0	0	10	40	290	30	310	0	10	0	10	510	60	60	10	210	0	0	0	10	0	0	40	0	110	10	10	70	40	10	0	10	70	110	0	0	0	0	410	0	0	0	0
10	970	0	150	50	0	0	0	80	0	0	0	0	0	0	0	0	100	970	60	30	150	30	0	120	280	80	100	0	0	30	0	0	0	0	30	280	20	300	0	0	0	0	500	50	50	0	200	0	0	0	0	0	0	30	0	100	0	0	60	30	0	0	0	60	100	0	0	0	0	400	0	0	0	0
0	940	0	120	20	0	0	0	50	0	0	0	0	0	0	0	0	70	940	30	0	120	0	0	90	250	50	70	0	0	0	0	0	0	0	0	250	0	270	0	0	0	0	470	20	20	0	170	0	0	0	0	0	0	0	0	70	0	0	30	0	0	0	0	30	70	0	0	0	0	370	0	0	0	0
0	690	0	0	0	0	0	0	0	0	0	0	0	0	0	0	0	0	690	0	0	0	0	0	0	0	0	0	0	0	0	0	0	0	0	0	0	0	20	0	0	0	0	220	0	0	0	0	0	0	0	0	0	0	0	0	0	0	0	0	0	0	0	0	0	0	0	0	0	0	120	0	0	0	0
0	950	0	130	30	0	0	0	60	0	0	0	0	0	0	0	0	80	950	40	10	130	10	0	100	260	60	80	0	0	10	0	0	0	0	10	260	0	280	0	0	0	0	480	30	30	0	180	0	0	0	0	0	0	10	0	80	0	0	40	10	0	0	0	40	80	0	0	0	0	380	0	0	0	0
0	670	0	0	0	0	0	0	0	0	0	0	0	0	0	0	0	0	670	0	0	0	0	0	0	0	0	0	0	0	0	0	0	0	0	0	0	0	0	0	0	0	0	200	0	0	0	0	0	0	0	0	0	0	0	0	0	0	0	0	0	0	0	0	0	0	0	0	0	0	100	0	0	0	0
100	1060	10	240	140	40	40	10	170	20	20	0	0	90	90	10	0	190	1060	150	120	240	120	90	210	370	170	190	20	90	120	20	0	80	90	120	370	110	390	0	90	0	90	590	140	140	90	290	30	40	70	90	40	40	120	30	190	90	90	150	120	90	40	90	150	190	10	0	40	40	490	0	0	70	10
10	970	0	150	50	0	0	0	80	0	0	0	0	0	0	0	0	100	970	60	30	150	30	0	120	280	80	100	0	0	30	0	0	0	0	30	280	20	300	0	0	0	0	500	50	50	0	200	0	0	0	0	0	0	30	0	100	0	0	60	30	0	0	0	60	100	0	0	0	0	400	0	0	0	0
100	1060	10	240	140	40	40	10	170	20	20	0	0	90	90	10	0	190	1060	150	120	240	120	90	210	370	170	190	20	90	120	20	0	80	90	120	370	110	390	0	90	0	90	590	140	140	90	290	30	40	70	90	40	40	120	30	190	90	90	150	120	90	40	90	150	190	10	0	40	40	490	0	0	70	10
10	970	0	150	50	0	0	0	80	0	0	0	0	0	0	0	0	100	970	60	30	150	30	0	120	280	80	100	0	0	30	0	0	0	0	30	280	20	300	0	0	0	0	500	50	50	0	200	0	0	0	0	0	0	30	0	100	0	0	60	30	0	0	0	60	100	0	0	0	0	400	0	0	0	0
0	470	0	0	0	0	0	0	0	0	0	0	0	0	0	0	0	0	470	0	0	0	0	0	0	0	0	0	0	0	0	0	0	0	0	0	0	0	0	0	0	0	0	0	0	0	0	0	0	0	0	0	0	0	0	0	0	0	0	0	0	0	0	0	0	0	0	0	0	0	0	0	0	0	0
0	920	0	100	0	0	0	0	30	0	0	0	0	0	0	0	0	50	920	10	0	100	0	0	70	230	30	50	0	0	0	0	0	0	0	0	230	0	250	0	0	0	0	450	0	0	0	150	0	0	0	0	0	0	0	0	50	0	0	10	0	0	0	0	10	50	0	0	0	0	350	0	0	0	0
0	920	0	100	0	0	0	0	30	0	0	0	0	0	0	0	0	50	920	10	0	100	0	0	70	230	30	50	0	0	0	0	0	0	0	0	230	0	250	0	0	0	0	450	0	0	0	150	0	0	0	0	0	0	0	0	50	0	0	10	0	0	0	0	10	50	0	0	0	0	350	0	0	0	0
10	970	0	150	50	0	0	0	80	0	0	0	0	0	0	0	0	100	970	60	30	150	30	0	120	280	80	100	0	0	30	0	0	0	0	30	280	20	300	0	0	0	0	500	50	50	0	200	0	0	0	0	0	0	30	0	100	0	0	60	30	0	0	0	60	100	0	0	0	0	400	0	0	0	0
0	770	0	0	0	0	0	0	0	0	0	0	0	0	0	0	0	0	770	0	0	0	0	0	0	80	0	0	0	0	0	0	0	0	0	0	80	0	100	0	0	0	0	300	0	0	0	0	0	0	0	0	0	0	0	0	0	0	0	0	0	0	0	0	0	0	0	0	0	0	200	0	0	0	0
70	1030	0	210	110	10	10	0	140	0	0	0	0	60	60	0	0	160	1030	120	90	210	90	60	180	340	140	160	0	60	90	0	0	50	60	90	340	80	360	0	60	0	60	560	110	110	60	260	0	10	40	60	10	10	90	0	160	60	60	120	90	60	10	60	120	160	0	0	10	10	460	0	0	40	0
60	1020	0	200	100	0	0	0	130	0	0	0	0	50	50	0	0	150	1020	110	80	200	80	50	170	330	130	150	0	50	80	0	0	40	50	80	330	70	350	0	50	0	50	550	100	100	50	250	0	0	30	50	0	0	80	0	150	50	50	110	80	50	0	50	110	150	0	0	0	0	450	0	0	30	0
30	990	0	170	70	0	0	0	100	0	0	0	0	20	20	0	0	120	990	80	50	170	50	20	140	300	100	120	0	20	50	0	0	10	20	50	300	40	320	0	20	0	20	520	70	70	20	220	0	0	0	20	0	0	50	0	120	20	20	80	50	20	0	20	80	120	0	0	0	0	420	0	0	0	0
10	970	0	150	50	0	0	0	80	0	0	0	0	0	0	0	0	100	970	60	30	150	30	0	120	280	80	100	0	0	30	0	0	0	0	30	280	20	300	0	0	0	0	500	50	50	0	200	0	0	0	0	0	0	30	0	100	0	0	60	30	0	0	0	60	100	0	0	0	0	400	0	0	0	0
60	1020	0	200	100	0	0	0	130	0	0	0	0	50	50	0	0	150	1020	110	80	200	80	50	170	330	130	150	0	50	80	0	0	40	50	80	330	70	350	0	50	0	50	550	100	100	50	250	0	0	30	50	0	0	80	0	150	50	50	110	80	50	0	50	110	150	0	0	0	0	450	0	0	30	0
60	1020	0	200	100	0	0	0	130	0	0	0	0	50	50	0	0	150	1020	110	80	200	80	50	170	330	130	150	0	50	80	0	0	40	50	80	330	70	350	0	50	0	50	550	100	100	50	250	0	0	30	50	0	0	80	0	150	50	50	110	80	50	0	50	110	150	0	0	0	0	450	0	0	30	0
0	940	0	120	20	0	0	0	50	0	0	0	0	0	0	0	0	70	940	30	0	120	0	0	90	250	50	70	0	0	0	0	0	0	0	0	250	0	270	0	0	0	0	470	20	20	0	170	0	0	0	0	0	0	0	0	70	0	0	30	0	0	0	0	30	70	0	0	0	0	370	0	0	0	0
70	1030	0	210	110	10	10	0	140	0	0	0	0	60	60	0	0	160	1030	120	90	210	90	60	180	340	140	160	0	60	90	0	0	50	60	90	340	80	360	0	60	0	60	560	110	110	60	260	0	10	40	60	10	10	90	0	160	60	60	120	90	60	10	60	120	160	0	0	10	10	460	0	0	40	0
0	870	0	50	0	0	0	0	0	0	0	0	0	0	0	0	0	0	870	0	0	50	0	0	20	180	0	0	0	0	0	0	0	0	0	0	180	0	200	0	0	0	0	400	0	0	0	100	0	0	0	0	0	0	0	0	0	0	0	0	0	0	0	0	0	0	0	0	0	0	300	0	0	0	0
10	970	0	150	50	0	0	0	80	0	0	0	0	0	0	0	0	100	970	60	30	150	30	0	120	280	80	100	0	0	30	0	0	0	0	30	280	20	300	0	0	0	0	500	50	50	0	200	0	0	0	0	0	0	30	0	100	0	0	60	30	0	0	0	60	100	0	0	0	0	400	0	0	0	0
10	970	0	150	50	0	0	0	80	0	0	0	0	0	0	0	0	100	970	60	30	150	30	0	120	280	80	100	0	0	30	0	0	0	0	30	280	20	300	0	0	0	0	500	50	50	0	200	0	0	0	0	0	0	30	0	100	0	0	60	30	0	0	0	60	100	0	0	0	0	400	0	0	0	0
0	910	0	90	0	0	0	0	20	0	0	0	0	0	0	0	0	40	910	0	0	90	0	0	60	220	20	40	0	0	0	0	0	0	0	0	220	0	240	0	0	0	0	440	0	0	0	140	0	0	0	0	0	0	0	0	40	0	0	0	0	0	0	0	0	40	0	0	0	0	340	0	0	0	0
0	940	0	120	20	0	0	0	50	0	0	0	0	0	0	0	0	70	940	30	0	120	0	0	90	250	50	70	0	0	0	0	0	0	0	0	250	0	270	0	0	0	0	470	20	20	0	170	0	0	0	0	0	0	0	0	70	0	0	30	0	0	0	0	30	70	0	0	0	0	370	0	0	0	0
10	970	0	150	50	0	0	0	80	0	0	0	0	0	0	0	0	100	970	60	30	150	30	0	120	280	80	100	0	0	30	0	0	0	0	30	280	20	300	0	0	0	0	500	50	50	0	200	0	0	0	0	0	0	30	0	100	0	0	60	30	0	0	0	60	100	0	0	0	0	400	0	0	0	0
60	1020	0	200	100	0	0	0	130	0	0	0	0	50	50	0	0	150	1020	110	80	200	80	50	170	330	130	150	0	50	80	0	0	40	50	80	330	70	350	0	50	0	50	550	100	100	50	250	0	0	30	50	0	0	80	0	150	50	50	110	80	50	0	50	110	150	0	0	0	0	450	0	0	30	0
10	970	0	150	50	0	0	0	80	0	0	0	0	0	0	0	0	100	970	60	30	150	30	0	120	280	80	100	0	0	30	0	0	0	0	30	280	20	300	0	0	0	0	500	50	50	0	200	0	0	0	0	0	0	30	0	100	0	0	60	30	0	0	0	60	100	0	0	0	0	400	0	0	0	0
0	910	0	90	0	0	0	0	20	0	0	0	0	0	0	0	0	40	910	0	0	90	0	0	60	220	20	40	0	0	0	0	0	0	0	0	220	0	240	0	0	0	0	440	0	0	0	140	0	0	0	0	0	0	0	0	40	0	0	0	0	0	0	0	0	40	0	0	0	0	340	0	0	0	0
0	870	0	50	0	0	0	0	0	0	0	0	0	0	0	0	0	0	870	0	0	50	0	0	20	180	0	0	0	0	0	0	0	0	0	0	180	0	200	0	0	0	0	400	0	0	0	100	0	0	0	0	0	0	0	0	0	0	0	0	0	0	0	0	0	0	0	0	0	0	300	0	0	0	0
90	1050	0	230	130	30	30	0	160	10	10	0	0	80	80	0	0	180	1050	140	110	230	110	80	200	360	160	180	10	80	110	10	0	70	80	110	360	100	380	0	80	0	80	580	130	130	80	280	20	30	60	80	30	30	110	20	180	80	80	140	110	80	30	80	140	180	0	0	30	30	480	0	0	60	0
110	1070	20	250	150	50	50	20	180	30	30	0	0	100	100	20	0	200	1070	160	130	250	130	100	220	380	180	200	30	100	130	30	0	90	100	130	380	120	400	10	100	10	100	600	150	150	100	300	40	50	80	100	50	50	130	40	200	100	100	160	130	100	50	100	160	200	20	0	50	50	500	0	10	80	20
60	1020	0	200	100	0	0	0	130	0	0	0	0	50	50	0	0	150	1020	110	80	200	80	50	170	330	130	150	0	50	80	0	0	40	50	80	330	70	350	0	50	0	50	550	100	100	50	250	0	0	30	50	0	0	80	0	150	50	50	110	80	50	0	50	110	150	0	0	0	0	450	0	0	30	0
60	1020	0	200	100	0	0	0	130	0	0	0	0	50	50	0	0	150	1020	110	80	200	80	50	170	330	130	150	0	50	80	0	0	40	50	80	330	70	350	0	50	0	50	550	100	100	50	250	0	0	30	50	0	0	80	0	150	50	50	110	80	50	0	50	110	150	0	0	0	0	450	0	0	30	0
0	570	0	0	0	0	0	0	0	0	0	0	0	0	0	0	0	0	570	0	0	0	0	0	0	0	0	0	0	0	0	0	0	0	0	0	0	0	0	0	0	0	0	100	0	0	0	0	0	0	0	0	0	0	0	0	0	0	0	0	0	0	0	0	0	0	0	0	0	0	0	0	0	0	0
110	1070	20	250	150	50	50	20	180	30	30	0	0	100	100	20	0	200	1070	160	130	250	130	100	220	380	180	200	30	100	130	30	0	90	100	130	380	120	400	10	100	10	100	600	150	150	100	300	40	50	80	100	50	50	130	40	200	100	100	160	130	100	50	100	160	200	20	0	50	50	500	0	10	80	20
100	1060	10	240	140	40	40	10	170	20	20	0	0	90	90	10	0	190	1060	150	120	240	120	90	210	370	170	190	20	90	120	20	0	80	90	120	370	110	390	0	90	0	90	590	140	140	90	290	30	40	70	90	40	40	120	30	190	90	90	150	120	90	40	90	150	190	10	0	40	40	490	0	0	70	10
30	990	0	170	70	0	0	0	100	0	0	0	0	20	20	0	0	120	990	80	50	170	50	20	140	300	100	120	0	20	50	0	0	10	20	50	300	40	320	0	20	0	20	520	70	70	20	220	0	0	0	20	0	0	50	0	120	20	20	80	50	20	0	20	80	120	0	0	0	0	420	0	0	0	0
90	1050	0	230	130	30	30	0	160	10	10	0	0	80	80	0	0	180	1050	140	110	230	110	80	200	360	160	180	10	80	110	10	0	70	80	110	360	100	380	0	80	0	80	580	130	130	80	280	20	30	60	80	30	30	110	20	180	80	80	140	110	80	30	80	140	180	0	0	30	30	480	0	0	60	0

0	0	90	0	0	60	60	90	0	80	80	110	130	10	10	90	110	0	0	0	0	0	0	10	0	0	0	0	80	10	0	80	110	20	10	0	0	0	0	100	10	100	10	0	0	0	10	0	70	60	30	10	60	60	0	70	0	10	10	0	0	10	60	10	0	0	90	110	60	60	0	110	100	30	90
960	0	1050	820	920	1020	1020	1050	890	1040	1040	1070	1090	970	970	1050	1070	870	0	910	940	820	940	970	850	690	890	870	1040	970	940	1040	1070	980	970	940	690	950	670	1060	970	1060	970	470	920	920	970	770	1030	1020	990	970	1020	1020	940	1030	870	970	970	910	940	970	1020	970	910	870	1050	1070	1020	1020	570	1070	1060	990	1050
0	0	0	0	0	0	0	0	0	0	0	20	40	0	0	0	20	0	0	0	0	0	0	0	0	0	0	0	0	0	0	0	20	0	0	0	0	0	0	10	0	10	0	0	0	0	0	0	0	0	0	0	0	0	0	0	0	0	0	0	0	0	0	0	0	0	0	20	0	0	0	20	10	0	0
140	0	230	0	100	200	200	230	70	220	220	250	270	150	150	230	250	50	0	90	120	0	120	150	30	0	70	50	220	150	120	220	250	160	150	120	0	130	0	240	150	240	150	0	100	100	150	0	210	200	170	150	200	200	120	210	50	150	150	90	120	150	200	150	90	50	230	250	200	200	0	250	240	170	230
40	0	130	0	0	100	100	130	0	120	120	150	170	50	50	130	150	0	0	0	20	0	20	50	0	0	0	0	120	50	20	120	150	60	50	20	0	30	0	140	50	140	50	0	0	0	50	0	110	100	70	50	100	100	20	110	0	50	50	0	20	50	100	50	0	0	130	150	100	100	0	150	140	70	130
0	0	30	0	0	0	0	30	0	20	20	50	70	0	0	30	50	0	0	0	0	0	0	0	0	0	0	0	20	0	0	20	50	0	0	0	0	0	0	40	0	40	0	0	0	0	0	0	10	0	0	0	0	0	0	10	0	0	0	0	0	0	0	0	0	0	30	50	0	0	0	50	40	0	30
0	0	30	0	0	0	0	30	0	20	20	50	70	0	0	30	50	0	0	0	0	0	0	0	0	0	0	0	20	0	0	20	50	0	0	0	0	0	0	40	0	40	0	0	0	0	0	0	10	0	0	0	0	0	0	10	0	0	0	0	0	0	0	0	0	0	30	50	0	0	0	50	40	0	30
0	0	0	0	0	0	0	0	0	0	0	20	40	0	0	0	20	0	0	0	0	0	0	0	0	0	0	0	0	0	0	0	20	0	0	0	0	0	0	10	0	10	0	0	0	0	0	0	0	0	0	0	0	0	0	0	0	0	0	0	0	0	0	0	0	0	0	20	0	0	0	20	10	0	0
70	0	160	0	30	130	130	160	0	150	150	180	200	80	80	160	180	0	0	20	50	0	50	80	0	0	0	0	150	80	50	150	180	90	80	50	0	60	0	170	80	170	80	0	30	30	80	0	140	130	100	80	130	130	50	140	0	80	80	20	50	80	130	80	20	0	160	180	130	130	0	180	170	100	160
0	0	10	0	0	0	0	10	0	0	0	30	50	0	0	10	30	0	0	0	0	0	0	0	0	0	0	0	0	0	0	0	30	0	0	0	0	0	0	20	0	20	0	0	0	0	0	0	0	0	0	0	0	0	0	0	0	0	0	0	0	0	0	0	0	0	10	30	0	0	0	30	20	0	10
0	0	10	0	0	0	0	10	0	0	0	30	50	0	0	10	30	0	0	0	0	0	0	0	0	0	0	0	0	0	0	0	30	0	0	0	0	0	0	20	0	20	0	0	0	0	0	0	0	0	0	0	0	0	0	0	0	0	0	0	0	0	0	0	0	0	10	30	0	0	0	30	20	0	10
0	0	0	0	0	0	0	0	0	0	0	0	20	0	0	0	0	0	0	0	0	0	0	0	0	0	0	0	0	0	0	0	0	0	0	0	0	0	0	0	0	0	0	0	0	0	0	0	0	0	0	0	0	0	0	0	0	0	0	0	0	0	0	0	0	0	0	0	0	0	0	0	0	0	0
0	0	0	0	0	0	0	0	0	0	0	0	0	0	0	0	0	0	0	0	0	0	0	0	0	0	0	0	0	0	0	0	0	0	0	0	0	0	0	0	0	0	0	0	0	0	0	0	0	0	0	0	0	0	0	0	0	0	0	0	0	0	0	0	0	0	0	0	0	0	0	0	0	0	0
0	0	80	0	0	50	50	80	0	70	70	100	120	0	0	80	100	0	0	0	0	0	0	0	0	0	0	0	70	0	0	70	100	10	0	0	0	0	0	90	0	90	0	0	0	0	0	0	60	50	20	0	50	50	0	60	0	0	0	0	0	0	50	0	0	0	80	100	50	50	0	100	90	20	80
0	0	80	0	0	50	50	80	0	70	70	100	120	0	0	80	100	0	0	0	0	0	0	0	0	0	0	0	70	0	0	70	100	10	0	0	0	0	0	90	0	90	0	0	0	0	0	0	60	50	20	0	50	50	0	60	0	0	0	0	0	0	50	0	0	0	80	100	50	50	0	100	90	20	80
0	0	0	0	0	0	0	0	0	0	0	20	40	0	0	0	20	0	0	0	0	0	0	0	0	0	0	0	0	0	0	0	20	0	0	0	0	0	0	10	0	10	0	0	0	0	0	0	0	0	0	0	0	0	0	0	0	0	0	0	0	0	0	0	0	0	0	20	0	0	0	20	10	0	0
0	0	0	0	0	0	0	0	0	0	0	0	20	0	0	0	0	0	0	0	0	0	0	0	0	0	0	0	0	0	0	0	0	0	0	0	0	0	0	0	0	0	0	0	0	0	0	0	0	0	0	0	0	0	0	0	0	0	0	0	0	0	0	0	0	0	0	0	0	0	0	0	0	0	0
90	0	180	0	50	150	150	180	20	170	170	200	220	100	100	180	200	0	0	40	70	0	70	100	0	0	20	0	170	100	70	170	200	110	100	70	0	80	0	190	100	190	100	0	50	50	100	0	160	150	120	100	150	150	70	160	0	100	100	40	70	100	150	100	40	0	180	200	150	150	0	200	190	120	180
960	0	1050	820	920	1020	1020	1050	890	1040	1040	1070	1090	970	970	1050	1070	870	0	910	940	820	940	970	850	690	890	870	1040	970	940	1040	1070	980	970	940	690	950	670	1060	970	1060	970	470	920	920	970	770	1030	1020	990	970	1020	1020	940	1030	870	970	970	910	940	970	1020	970	910	870	1050	1070	1020	1020	570	1070	1060	990	1050
50	0	140	0	10	110	110	140	0	130	130	160	180	60	60	140	160	0	0	0	30	0	30	60	0	0	0	0	130	60	30	130	160	70	60	30	0	40	0	150	60	150	60	0	10	10	60	0	120	110	80	60	110	110	30	120	0	60	60	0	30	60	110	60	0	0	140	160	110	110	0	160	150	80	140
20	0	110	0	0	80	80	110	0	100	100	130	150	30	30	110	130	0	0	0	0	0	0	30	0	0	0	0	100	30	0	100	130	40	30	0	0	10	0	120	30	120	30	0	0	0	30	0	90	80	50	30	80	80	0	90	0	30	30	0	0	30	80	30	0	0	110	130	80	80	0	130	120	50	110
140	0	230	0	100	200	200	230	70	220	220	250	270	150	150	230	250	50	0	90	120	0	120	150	30	0	70	50	220	150	120	220	250	160	150	120	0	130	0	240	150	240	150	0	100	100	150	0	210	200	170	150	200	200	120	210	50	150	150	90	120	150	200	150	90	50	230	250	200	200	0	250	240	170	230
20	0	110	0	0	80	80	110	0	100	100	130	150	30	30	110	130	0	0	0	0	0	0	30	0	0	0	0	100	30	0	100	130	40	30	0	0	10	0	120	30	120	30	0	0	0	30	0	90	80	50	30	80	80	0	90	0	30	30	0	0	30	80	30	0	0	110	130	80	80	0	130	120	50	110
0	0	80	0	0	50	50	80	0	70	70	100	120	0	0	80	100	0	0	0	0	0	0	0	0	0	0	0	70	0	0	70	100	10	0	0	0	0	0	90	0	90	0	0	0	0	0	0	60	50	20	0	50	50	0	60	0	0	0	0	0	0	50	0	0	0	80	100	50	50	0	100	90	20	80
110	0	200	0	70	170	170	200	40	190	190	220	240	120	120	200	220	20	0	60	90	0	90	120	0	0	40	20	190	120	90	190	220	130	120	90	0	100	0	210	120	210	120	0	70	70	120	0	180	170	140	120	170	170	90	180	20	120	120	60	90	120	170	120	60	20	200	220	170	170	0	220	210	140	200
270	0	360	130	230	330	330	360	200	350	350	380	400	280	280	360	380	180	0	220	250	130	250	280	160	0	200	180	350	280	250	350	380	290	280	250	0	260	0	370	280	370	280	0	230	230	280	80	340	330	300	280	330	330	250	340	180	280	280	220	250	280	330	280	220	180	360	380	330	330	0	380	370	300	360
70	0	160	0	30	130	130	160	0	150	150	180	200	80	80	160	180	0	0	20	50	0	50	80	0	0	0	0	150	80	50	150	180	90	80	50	0	60	0	170	80	170	80	0	30	30	80	0	140	130	100	80	130	130	50	140	0	80	80	20	50	80	130	80	20	0	160	180	130	130	0	180	170	100	160
90	0	180	0	50	150	150	180	20	170	170	200	220	100	100	180	200	0	0	40	70	0	70	100	0	0	20	0	170	100	70	170	200	110	100	70	0	80	0	190	100	190	100	0	50	50	100	0	160	150	120	100	150	150	70	160	0	100	100	40	70	100	150	100	40	0	180	200	150	150	0	200	190	120	180
0	0	10	0	0	0	0	10	0	0	0	30	50	0	0	10	30	0	0	0	0	0	0	0	0	0	0	0	0	0	0	0	30	0	0	0	0	0	0	20	0	20	0	0	0	0	0	0	0	0	0	0	0	0	0	0	0	0	0	0	0	0	0	0	0	0	10	30	0	0	0	30	20	0	10
0	0	80	0	0	50	50	80	0	70	70	100	120	0	0	80	100	0	0	0	0	0	0	0	0	0	0	0	70	0	0	70	100	10	0	0	0	0	0	90	0	90	0	0	0	0	0	0	60	50	20	0	50	50	0	60	0	0	0	0	0	0	50	0	0	0	80	100	50	50	0	100	90	20	80
20	0	110	0	0	80	80	110	0	100	100	130	150	30	30	110	130	0	0	0	0	0	0	30	0	0	0	0	100	30	0	100	130	40	30	0	0	10	0	120	30	120	30	0	0	0	30	0	90	80	50	30	80	80	0	90	0	30	30	0	0	30	80	30	0	0	110	130	80	80	0	130	120	50	110
0	0	10	0	0	0	0	10	0	0	0	30	50	0	0	10	30	0	0	0	0	0	0	0	0	0	0	0	0	0	0	0	30	0	0	0	0	0	0	20	0	20	0	0	0	0	0	0	0	0	0	0	0	0	0	0	0	0	0	0	0	0	0	0	0	0	10	30	0	0	0	30	20	0	10
0	0	0	0	0	0	0	0	0	0	0	0	20	0	0	0	0	0	0	0	0	0	0	0	0	0	0	0	0	0	0	0	0	0	0	0	0	0	0	0	0	0	0	0	0	0	0	0	0	0	0	0	0	0	0	0	0	0	0	0	0	0	0	0	0	0	0	0	0	0	0	0	0	0	0
0	0	70	0	0	40	40	70	0	60	60	90	110	0	0	70	90	0	0	0	0	0	0	0	0	0	0	0	60	0	0	60	90	0	0	0	0	0	0	80	0	80	0	0	0	0	0	0	50	40	10	0	40	40	0	50	0	0	0	0	0	0	40	0	0	0	70	90	40	40	0	90	80	10	70
0	0	80	0	0	50	50	80	0	70	70	100	120	0	0	80	100	0	0	0	0	0	0	0	0	0	0	0	70	0	0	70	100	10	0	0	0	0	0	90	0	90	0	0	0	0	0	0	60	50	20	0	50	50	0	60	0	0	0	0	0	0	50	0	0	0	80	100	50	50	0	100	90	20	80
20	0	110	0	0	80	80	110	0	100	100	130	150	30	30	110	130	0	0	0	0	0	0	30	0	0	0	0	100	30	0	100	130	40	30	0	0	10	0	120	30	120	30	0	0	0	30	0	90	80	50	30	80	80	0	90	0	30	30	0	0	30	80	30	0	0	110	130	80	80	0	130	120	50	110
270	0	360	130	230	330	330	360	200	350	350	380	400	280	280	360	380	180	0	220	250	130	250	280	160	0	200	180	350	280	250	350	380	290	280	250	0	260	0	370	280	370	280	0	230	230	280	80	340	330	300	280	330	330	250	340	180	280	280	220	250	280	330	280	220	180	360	380	330	330	0	380	370	300	360
10	0	100	0	0	70	70	100	0	90	90	120	140	20	20	100	120	0	0	0	0	0	0	20	0	0	0	0	90	20	0	90	120	30	20	0	0	0	0	110	20	110	20	0	0	0	20	0	80	70	40	20	70	70	0	80	0	20	20	0	0	20	70	20	0	0	100	120	70	70	0	120	110	40	100
290	0	380	150	250	350	350	380	220	370	370	400	420	300	300	380	400	200	0	240	270	150	270	300	180	20	220	200	370	300	270	370	400	310	300	270	20	280	0	390	300	390	300	0	250	250	300	100	360	350	320	300	350	350	270	360	200	300	300	240	270	300	350	300	240	200	380	400	350	350	0	400	390	320	380
0	0	0	0	0	0	0	0	0	0	0	10	30	0	0	0	10	0	0	0	0	0	0	0	0	0	0	0	0	0	0	0	10	0	0	0	0	0	0	0	0	0	0	0	0	0	0	0	0	0	0	0	0	0	0	0	0	0	0	0	0	0	0	0	0	0	0	10	0	0	0	10	0	0	0
0	0	80	0	0	50	50	80	0	70	70	100	120	0	0	80	100	0	0	0	0	0	0	0	0	0	0	0	70	0	0	70	100	10	0	0	0	0	0	90	0	90	0	0	0	0	0	0	60	50	20	0	50	50	0	60	0	0	0	0	0	0	50	0	0	0	80	100	50	50	0	100	90	20	80
0	0	0	0	0	0	0	0	0	0	0	10	30	0	0	0	10	0	0	0	0	0	0	0	0	0	0	0	0	0	0	0	10	0	0	0	0	0	0	0	0	0	0	0	0	0	0	0	0	0	0	0	0	0	0	0	0	0	0	0	0	0	0	0	0	0	0	10	0	0	0	10	0	0	0
0	0	80	0	0	50	50	80	0	70	70	100	120	0	0	80	100	0	0	0	0	0	0	0	0	0	0	0	70	0	0	70	100	10	0	0	0	0	0	90	0	90	0	0	0	0	0	0	60	50	20	0	50	50	0	60	0	0	0	0	0	0	50	0	0	0	80	100	50	50	0	100	90	20	80
490	0	580	350	450	550	550	580	420	570	570	600	620	500	500	580	600	400	0	440	470	350	470	500	380	220	420	400	570	500	470	570	600	510	500	470	220	480	200	590	500	590	500	0	450	450	500	300	560	550	520	500	550	550	470	560	400	500	500	440	470	500	550	500	440	400	580	600	550	550	100	600	590	520	580
40	0	130	0	0	100	100	130	0	120	120	150	170	50	50	130	150	0	0	0	20	0	20	50	0	0	0	0	120	50	20	120	150	60	50	20	0	30	0	140	50	140	50	0	0	0	50	0	110	100	70	50	100	100	20	110	0	50	50	0	20	50	100	50	0	0	130	150	100	100	0	150	140	70	130
40	0	130	0	0	100	100	130	0	120	120	150	170	50	50	130	150	0	0	0	20	0	20	50	0	0	0	0	120	50	20	120	150	60	50	20	0	30	0	140	50	140	50	0	0	0	50	0	110	100	70	50	100	100	20	110	0	50	50	0	20	50	100	50	0	0	130	150	100	100	0	150	140	70	130
0	0	80	0	0	50	50	80	0	70	70	100	120	0	0	80	100	0	0	0	0	0	0	0	0	0	0	0	70	0	0	70	100	10	0	0	0	0	0	90	0	90	0	0	0	0	0	0	60	50	20	0	50	50	0	60	0	0	0	0	0	0	50	0	0	0	80	100	50	50	0	100	90	20	80
190	0	280	50	150	250	250	280	120	270	270	300	320	200	200	280	300	100	0	140	170	50	170	200	80	0	120	100	270	200	170	270	300	210	200	170	0	180	0	290	200	290	200	0	150	150	200	0	260	250	220	200	250	250	170	260	100	200	200	140	170	200	250	200	140	100	280	300	250	250	0	300	290	220	280
0	0	20	0	0	0	0	20	0	10	10	40	60	0	0	20	40	0	0	0	0	0	0	0	0	0	0	0	10	0	0	10	40	0	0	0	0	0	0	30	0	30	0	0	0	0	0	0	0	0	0	0	0	0	0	0	0	0	0	0	0	0	0	0	0	0	20	40	0	0	0	40	30	0	20
0	0	30	0	0	0	0	30	0	20	20	50	70	0	0	30	50	0	0	0	0	0	0	0	0	0	0	0	20	0	0	20	50	0	0	0	0	0	0	40	0	40	0	0	0	0	0	0	10	0	0	0	0	0	0	10	0	0	0	0	0	0	0	0	0	0	30	50	0	0	0	50	40	0	30
0	0	60	0	0	30	30	60	0	50	50	80	100	0	0	60	80	0	0	0	0	0	0	0	0	0	0	0	50	0	0	50	80	0	0	0	0	0	0	70	0	70	0	0	0	0	0	0	40	30	0	0	30	30	0	40	0	0	0	0	0	0	30	0	0	0	60	80	30	30	0	80	70	0	60
0	0	80	0	0	50	50	80	0	70	70	100	120	0	0	80	100	0	0	0	0	0	0	0	0	0	0	0	70	0	0	70	100	10	0	0	0	0	0	90	0	90	0	0	0	0	0	0	60	50	20	0	50	50	0	60	0	0	0	0	0	0	50	0	0	0	80	100	50	50	0	100	90	20	80
0	0	30	0	0	0	0	30	0	20	20	50	70	0	0	30	50	0	0	0	0	0	0	0	0	0	0	0	20	0	0	20	50	0	0	0	0	0	0	40	0	40	0	0	0	0	0	0	10	0	0	0	0	0	0	10	0	0	0	0	0	0	0	0	0	0	30	50	0	0	0	50	40	0	30
0	0	30	0	0	0	0	30	0	20	20	50	70	0	0	30	50	0	0	0	0	0	0	0	0	0	0	0	20	0	0	20	50	0	0	0	0	0	0	40	0	40	0	0	0	0	0	0	10	0	0	0	0	0	0	10	0	0	0	0	0	0	0	0	0	0	30	50	0	0	0	50	40	0	30
20	0	110	0	0	80	80	110	0	100	100	130	150	30	30	110	130	0	0	0	0	0	0	30	0	0	0	0	100	30	0	100	130	40	30	0	0	10	0	120	30	120	30	0	0	0	30	0	90	80	50	30	80	80	0	90	0	30	30	0	0	30	80	30	0	0	110	130	80	80	0	130	120	50	110
0	0	20	0	0	0	0	20	0	10	10	40	60	0	0	20	40	0	0	0	0	0	0	0	0	0	0	0	10	0	0	10	40	0	0	0	0	0	0	30	0	30	0	0	0	0	0	0	0	0	0	0	0	0	0	0	0	0	0	0	0	0	0	0	0	0	20	40	0	0	0	40	30	0	20
90	0	180	0	50	150	150	180	20	170	170	200	220	100	100	180	200	0	0	40	70	0	70	100	0	0	20	0	170	100	70	170	200	110	100	70	0	80	0	190	100	190	100	0	50	50	100	0	160	150	120	100	150	150	70	160	0	100	100	40	70	100	150	100	40	0	180	200	150	150	0	200	190	120	180
0	0	80	0	0	50	50	80	0	70	70	100	120	0	0	80	100	0	0	0	0	0	0	0	0	0	0	0	70	0	0	70	100	10	0	0	0	0	0	90	0	90	0	0	0	0	0	0	60	50	20	0	50	50	0	60	0	0	0	0	0	0	50	0	0	0	80	100	50	50	0	100	90	20	80
0	0	80	0	0	50	50	80	0	70	70	100	120	0	0	80	100	0	0	0	0	0	0	0	0	0	0	0	70	0	0	70	100	10	0	0	0	0	0	90	0	90	0	0	0	0	0	0	60	50	20	0	50	50	0	60	0	0	0	0	0	0	50	0	0	0	80	100	50	50	0	100	90	20	80
50	0	140	0	10	110	110	140	0	130	130	160	180	60	60	140	160	0	0	0	30	0	30	60	0	0	0	0	130	60	30	130	160	70	60	30	0	40	0	150	60	150	60	0	10	10	60	0	120	110	80	60	110	110	30	120	0	60	60	0	30	60	110	60	0	0	140	160	110	110	0	160	150	80	140
20	0	110	0	0	80	80	110	0	100	100	130	150	30	30	110	130	0	0	0	0	0	0	30	0	0	0	0	100	30	0	100	130	40	30	0	0	10	0	120	30	120	30	0	0	0	30	0	90	80	50	30	80	80	0	90	0	30	30	0	0	30	80	30	0	0	110	130	80	80	0	130	120	50	110
0	0	80	0	0	50	50	80	0	70	70	100	120	0	0	80	100	0	0	0	0	0	0	0	0	0	0	0	70	0	0	70	100	10	0	0	0	0	0	90	0	90	0	0	0	0	0	0	60	50	20	0	50	50	0	60	0	0	0	0	0	0	50	0	0	0	80	100	50	50	0	100	90	20	80
0	0	30	0	0	0	0	30	0	20	20	50	70	0	0	30	50	0	0	0	0	0	0	0	0	0	0	0	20	0	0	20	50	0	0	0	0	0	0	40	0	40	0	0	0	0	0	0	10	0	0	0	0	0	0	10	0	0	0	0	0	0	0	0	0	0	30	50	0	0	0	50	40	0	30
0	0	80	0	0	50	50	80	0	70	70	100	120	0	0	80	100	0	0	0	0	0	0	0	0	0	0	0	70	0	0	70	100	10	0	0	0	0	0	90	0	90	0	0	0	0	0	0	60	50	20	0	50	50	0	60	0	0	0	0	0	0	50	0	0	0	80	100	50	50	0	100	90	20	80
50	0	140	0	10	110	110	140	0	130	130	160	180	60	60	140	160	0	0	0	30	0	30	60	0	0	0	0	130	60	30	130	160	70	60	30	0	40	0	150	60	150	60	0	10	10	60	0	120	110	80	60	110	110	30	120	0	60	60	0	30	60	110	60	0	0	140	160	110	110	0	160	150	80	140
90	0	180	0	50	150	150	180	20	170	170	200	220	100	100	180	200	0	0	40	70	0	70	100	0	0	20	0	170	100	70	170	200	110	100	70	0	80	0	190	100	190	100	0	50	50	100	0	160	150	120	100	150	150	70	160	0	100	100	40	70	100	150	100	40	0	180	200	150	150	0	200	190	120	180
0	0	0	0	0	0	0	0	0	0	0	20	40	0	0	0	20	0	0	0	0	0	0	0	0	0	0	0	0	0	0	0	20	0	0	0	0	0	0	10	0	10	0	0	0	0	0	0	0	0	0	0	0	0	0	0	0	0	0	0	0	0	0	0	0	0	0	20	0	0	0	20	10	0	0
0	0	0	0	0	0	0	0	0	0	0	0	20	0	0	0	0	0	0	0	0	0	0	0	0	0	0	0	0	0	0	0	0	0	0	0	0	0	0	0	0	0	0	0	0	0	0	0	0	0	0	0	0	0	0	0	0	0	0	0	0	0	0	0	0	0	0	0	0	0	0	0	0	0	0
0	0	30	0	0	0	0	30	0	20	20	50	70	0	0	30	50	0	0	0	0	0	0	0	0	0	0	0	20	0	0	20	50	0	0	0	0	0	0	40	0	40	0	0	0	0	0	0	10	0	0	0	0	0	0	10	0	0	0	0	0	0	0	0	0	0	30	50	0	0	0	50	40	0	30
0	0	30	0	0	0	0	30	0	20	20	50	70	0	0	30	50	0	0	0	0	0	0	0	0	0	0	0	20	0	0	20	50	0	0	0	0	0	0	40	0	40	0	0	0	0	0	0	10	0	0	0	0	0	0	10	0	0	0	0	0	0	0	0	0	0	30	50	0	0	0	50	40	0	30
390	0	480	250	350	450	450	480	320	470	470	500	520	400	400	480	500	300	0	340	370	250	370	400	280	120	320	300	470	400	370	470	500	410	400	370	120	380	100	490	400	490	400	0	350	350	400	200	460	450	420	400	450	450	370	460	300	400	400	340	370	400	450	400	340	300	480	500	450	450	0	500	490	420	480
0	0	0	0	0	0	0	0	0	0	0	0	20	0	0	0	0	0	0	0	0	0	0	0	0	0	0	0	0	0	0	0	0	0	0	0	0	0	0	0	0	0	0	0	0	0	0	0	0	0	0	0	0	0	0	0	0	0	0	0	0	0	0	0	0	0	0	0	0	0	0	0	0	0	0
0	0	0	0	0	0	0	0	0	0	0	10	30	0	0	0	10	0	0	0	0	0	0	0	0	0	0	0	0	0	0	0	10	0	0	0	0	0	0	0	0	0	0	0	0	0	0	0	0	0	0	0	0	0	0	0	0	0	0	0	0	0	0	0	0	0	0	10	0	0	0	10	0	0	0
0	0	60	0	0	30	30	60	0	50	50	80	100	0	0	60	80	0	0	0	0	0	0	0	0	0	0	0	50	0	0	50	80	0	0	0	0	0	0	70	0	70	0	0	0	0	0	0	40	30	0	0	30	30	0	40	0	0	0	0	0	0	30	0	0	0	60	80	30	30	0	80	70	0	60
0	0	0	0	0	0	0	0	0	0	0	20	40	0	0	0	20	0	0	0	0	0	0	0	0	0	0	0	0	0	0	0	20	0	0	0	0	0	0	10	0	10	0	0	0	0	0	0	0	0	0	0	0	0	0	0	0	0	0	0	0	0	0	0	0	0	0	20	0	0	0	20	10	0	0