1802 1844 1834 1385 1840 1830 1454 1781 1845 1837 1777 1819 1797 1847 1792 1735 1830 1830 1836 1842 1793 1799 1825 1846 1824 1820 1821 1791 1783 1831 1849 1798 1827 1802 1761 1730 1699 1696 1706 1775 1709 1847 1783 1835 1803 1831 1815 1845 1846 1817 1836 1578 1811 1829 1802 1793 1783 1803 1832 1834 1811 1478 1816 1836 1836 1484 1794 1817 1742 1818 1809 1685 1750 1835 1822

85

49 46 47 84 46 47 79 51 46 46 51 48 50 46 50 55 47 47 46 46 50 50 47 46 47 48 48 50 51 47 45 50 47 49 53 55 58 58 57 52 57 46 51 47 49 47 48 46 46 48 46 68 49 47 49 50 51 49 47 47 49 77 48 46 46 76 50 48 54 48 49 59 54 47 48

14 42 31 13

33715

0	58	54	0	0	0	107	0	49	0	0	0	149	30	0	0	0	0	0	58	0	0	0	52	0	0	0	144	0	10	4	144	80	0	0	284	311	359	258	0	334	0	0	0	0	0	51	48	37	0	0	0	58	0	0	0	0	0	0	0	54	58	0	44	0	0	58	0	58	52	49	337	0	0	0
0	0	0	0	0	0	49	0	0	0	0	0	91	0	0	0	0	0	0	0	0	0	0	0	0	0	0	86	0	0	0	86	22	0	0	226	253	301	200	0	276	0	0	0	0	0	0	0	0	0	0	0	0	0	0	0	0	0	0	0	0	0	0	0	0	0	0	0	0	0	0	279	0	0	0
0	4	0	0	0	0	53	0	0	0	0	0	95	0	0	0	0	0	0	4	0	0	0	0	0	0	0	90	0	0	0	90	26	0	0	230	257	305	204	0	280	0	0	0	0	0	0	0	0	0	0	0	4	0	0	0	0	0	0	0	0	4	0	0	0	0	4	0	4	0	0	283	0	0	0
315	373	369	0	295	314	422	0	364	139	32	249	464	345	198	0	58	58	222	373	0	0	99	367	64	114	126	459	0	325	319	459	395	0	0	599	626	674	573	15	649	301	0	138	94	77	366	363	352	57	270	209	373	54	271	0	214	42	222	249	369	373	42	359	189	109	373	58	373	367	364	652	0	216	58
20	78	74	0	0	19	127	0	69	0	0	0	169	50	0	0	0	0	0	78	0	0	0	72	0	0	0	164	0	30	24	164	100	0	0	304	331	379	278	0	354	6	0	0	0	0	71	68	57	0	0	0	78	0	0	0	0	0	0	0	74	78	0	64	0	0	78	0	78	72	69	357	0	0	0
1	59	55	0	0	0	108	0	50	0	0	0	150	31	0	0	0	0	0	59	0	0	0	53	0	0	0	145	0	11	5	145	81	0	0	285	312	360	259	0	335	0	0	0	0	0	52	49	38	0	0	0	59	0	0	0	0	0	0	0	55	59	0	45	0	0	59	0	59	53	50	338	0	0	0
0	0	0	0	0	0	0	0	0	0	0	0	42	0	0	0	0	0	0	0	0	0	0	0	0	0	0	37	0	0	0	37	0	0	0	177	204	252	151	0	227	0	0	0	0	0	0	0	0	0	0	0	0	0	0	0	0	0	0	0	0	0	0	0	0	0	0	0	0	0	0	230	0	0	0
376	434	430	61	356	375	483	0	425	200	93	310	525	406	259	0	119	119	283	434	56	60	160	428	125	175	187	520	40	386	380	520	456	60	0	660	687	735	634	76	710	362	0	199	155	138	427	424	413	118	331	270	434	115	332	21	275	103	283	310	430	434	103	420	250	170	434	119	434	428	425	713	0	277	119
0	9	5	0	0	0	58	0	0	0	0	0	100	0	0	0	0	0	0	9	0	0	0	3	0	0	0	95	0	0	0	95	31	0	0	235	262	310	209	0	285	0	0	0	0	0	2	0	0	0	0	0	9	0	0	0	0	0	0	0	5	9	0	0	0	0	9	0	9	3	0	288	0	0	0
176	234	230	0	156	175	283	0	225	0	0	110	325	206	59	0	0	0	83	234	0	0	0	228	0	0	0	320	0	186	180	320	256	0	0	460	487	535	434	0	510	162	0	0	0	0	227	224	213	0	131	70	234	0	132	0	75	0	83	110	230	234	0	220	50	0	234	0	234	228	225	513	0	77	0
283	341	337	0	263	282	390	0	332	107	0	217	432	313	166	0	26	26	190	341	0	0	67	335	32	82	94	427	0	293	287	427	363	0	0	567	594	642	541	0	617	269	0	106	62	45	334	331	320	25	238	177	341	22	239	0	182	10	190	217	337	341	10	327	157	77	341	26	341	335	332	620	0	184	26
66	124	120	0	46	65	173	0	115	0	0	0	215	96	0	0	0	0	0	124	0	0	0	118	0	0	0	210	0	76	70	210	146	0	0	350	377	425	324	0	400	52	0	0	0	0	117	114	103	0	21	0	124	0	22	0	0	0	0	0	120	124	0	110	0	0	124	0	124	118	115	403	0	0	0
0	0	0	0	0	0	0	0	0	0	0	0	0	0	0	0	0	0	0	0	0	0	0	0	0	0	0	0	0	0	0	0	0	0	0	135	162	210	109	0	185	0	0	0	0	0	0	0	0	0	0	0	0	0	0	0	0	0	0	0	0	0	0	0	0	0	0	0	0	0	0	188	0	0	0
0	28	24	0	0	0	77	0	19	0	0	0	119	0	0	0	0	0	0	28	0	0	0	22	0	0	0	114	0	0	0	114	50	0	0	254	281	329	228	0	304	0	0	0	0	0	21	18	7	0	0	0	28	0	0	0	0	0	0	0	24	28	0	14	0	0	28	0	28	22	19	307	0	0	0
117	175	171	0	97	116	224	0	166	0	0	51	266	147	0	0	0	0	24	175	0	0	0	169	0	0	0	261	0	127	121	261	197	0	0	401	428	476	375	0	451	103	0	0	0	0	168	165	154	0	72	11	175	0	73	0	16	0	24	51	171	175	0	161	0	0	175	0	175	169	166	454	0	18	0
400	458	454	85	380	399	507	24	449	224	117	334	549	430	283	0	143	143	307	458	80	84	184	452	149	199	211	544	64	410	404	544	480	84	15	684	711	759	658	100	734	386	20	223	179	162	451	448	437	142	355	294	458	139	356	45	299	127	307	334	454	458	127	444	274	194	458	143	458	452	449	737	0	301	143
257	315	311	0	237	256	364	0	306	81	0	191	406	287	140	0	0	0	164	315	0	0	41	309	6	56	68	401	0	267	261	401	337	0	0	541	568	616	515	0	591	243	0	80	36	19	308	305	294	0	212	151	315	0	213	0	156	0	164	191	311	315	0	301	131	51	315	0	315	309	306	594	0	158	0
257	315	311	0	237	256	364	0	306	81	0	191	406	287	140	0	0	0	164	315	0	0	41	309	6	56	68	401	0	267	261	401	337	0	0	541	568	616	515	0	591	243	0	80	36	19	308	305	294	0	212	151	315	0	213	0	156	0	164	191	311	315	0	301	131	51	315	0	315	309	306	594	0	158	0
93	151	147	0	73	92	200	0	142	0	0	27	242	123	0	0	0	0	0	151	0	0	0	145	0	0	0	237	0	103	97	237	173	0	0	377	404	452	351	0	427	79	0	0	0	0	144	141	130	0	48	0	151	0	49	0	0	0	0	27	147	151	0	137	0	0	151	0	151	145	142	430	0	0	0
0	0	0	0	0	0	49	0	0	0	0	0	91	0	0	0	0	0	0	0	0	0	0	0	0	0	0	86	0	0	0	86	22	0	0	226	253	301	200	0	276	0	0	0	0	0	0	0	0	0	0	0	0	0	0	0	0	0	0	0	0	0	0	0	0	0	0	0	0	0	0	279	0	0	0
320	378	374	5	300	319	427	0	369	144	37	254	469	350	203	0	63	63	227	378	0	4	104	372	69	119	131	464	0	330	324	464	400	4	0	604	631	679	578	20	654	306	0	143	99	82	371	368	357	62	275	214	378	59	276	0	219	47	227	254	374	378	47	364	194	114	378	63	378	372	369	657	0	221	63
316	374	370	1	296	315	423	0	365	140	33	250	465	346	199	0	59	59	223	374	0	0	100	368	65	115	127	460	0	326	320	460	396	0	0	600	627	675	574	16	650	302	0	139	95	78	367	364	353	58	271	210	374	55	272	0	215	43	223	250	370	374	43	360	190	110	374	59	374	368	365	653	0	217	59
216	274	270	0	196	215	323	0	265	40	0	150	365	246	99	0	0	0	123	274	0	0	0	268	0	15	27	360	0	226	220	360	296	0	0	500	527	575	474	0	550	202	0	39	0	0	267	264	253	0	171	110	274	0	172	0	115	0	123	150	270	274	0	260	90	10	274	0	274	268	265	553	0	117	0
0	6	2	0	0	0	55	0	0	0	0	0	97	0	0	0	0	0	0	6	0	0	0	0	0	0	0	92	0	0	0	92	28	0	0	232	259	307	206	0	282	0	0	0	0	0	0	0	0	0	0	0	6	0	0	0	0	0	0	0	2	6	0	0	0	0	6	0	6	0	0	285	0	0	0
251	309	305	0	231	250	358	0	300	75	0	185	400	281	134	0	0	0	158	309	0	0	35	303	0	50	62	395	0	261	255	395	331	0	0	535	562	610	509	0	585	237	0	74	30	13	302	299	288	0	206	145	309	0	207	0	150	0	158	185	305	309	0	295	125	45	309	0	309	303	300	588	0	152	0
201	259	255	0	181	200	308	0	250	25	0	135	350	231	84	0	0	0	108	259	0	0	0	253	0	0	12	345	0	211	205	345	281	0	0	485	512	560	459	0	535	187	0	24	0	0	252	249	238	0	156	95	259	0	157	0	100	0	108	135	255	259	0	245	75	0	259	0	259	253	250	538	0	102	0
189	247	243	0	169	188	296	0	238	13	0	123	338	219	72	0	0	0	96	247	0	0	0	241	0	0	0	333	0	199	193	333	269	0	0	473	500	548	447	0	523	175	0	12	0	0	240	237	226	0	144	83	247	0	145	0	88	0	96	123	243	247	0	233	63	0	247	0	247	241	238	526	0	90	0
0	0	0	0	0	0	0	0	0	0	0	0	5	0	0	0	0	0	0	0	0	0	0	0	0	0	0	0	0	0	0	0	0	0	0	140	167	215	114	0	190	0	0	0	0	0	0	0	0	0	0	0	0	0	0	0	0	0	0	0	0	0	0	0	0	0	0	0	0	0	0	193	0	0	0
336	394	390	21	316	335	443	0	385	160	53	270	485	366	219	0	79	79	243	394	16	20	120	388	85	135	147	480	0	346	340	480	416	20	0	620	647	695	594	36	670	322	0	159	115	98	387	384	373	78	291	230	394	75	292	0	235	63	243	270	390	394	63	380	210	130	394	79	394	388	385	673	0	237	79
0	48	44	0	0	0	97	0	39	0	0	0	139	20	0	0	0	0	0	48	0	0	0	42	0	0	0	134	0	0	0	134	70	0	0	274	301	349	248	0	324	0	0	0	0	0	41	38	27	0	0	0	48	0	0	0	0	0	0	0	44	48	0	34	0	0	48	0	48	42	39	327	0	0	0
0	54	50	0	0	0	103	0	45	0	0	0	145	26	0	0	0	0	0	54	0	0	0	48	0	0	0	140	0	6	0	140	76	0	0	280	307	355	254	0	330	0	0	0	0	0	47	44	33	0	0	0	54	0	0	0	0	0	0	0	50	54	0	40	0	0	54	0	54	48	45	333	0	0	0
0	0	0	0	0	0	0	0	0	0	0	0	5	0	0	0	0	0	0	0	0	0	0	0	0	0	0	0	0	0	0	0	0	0	0	140	167	215	114	0	190	0	0	0	0	0	0	0	0	0	0	0	0	0	0	0	0	0	0	0	0	0	0	0	0	0	0	0	0	0	0	193	0	0	0
0	0	0	0	0	0	27	0	0	0	0	0	69	0	0	0	0	0	0	0	0	0	0	0	0	0	0	64	0	0	0	64	0	0	0	204	231	279	178	0	254	0	0	0	0	0	0	0	0	0	0	0	0	0	0	0	0	0	0	0	0	0	0	0	0	0	0	0	0	0	0	257	0	0	0
316	374	370	1	296	315	423	0	365	140	33	250	465	346	199	0	59	59	223	374	0	0	100	368	65	115	127	460	0	326	320	460	396	0	0	600	627	675	574	16	650	302	0	139	95	78	367	364	353	58	271	210	374	55	272	0	215	43	223	250	370	374	43	360	190	110	374	59	374	368	365	653	0	217	59
385	443	439	70	365	384	492	9	434	209	102	319	534	415	268	0	128	128	292	443	65	69	169	437	134	184	196	529	49	395	389	529	465	69	0	669	696	744	643	85	719	371	5	208	164	147	436	433	422	127	340	279	443	124	341	30	284	112	292	319	439	443	112	429	259	179	443	128	443	437	434	722	0	286	128
0	0	0	0	0	0	0	0	0	0	0	0	0	0	0	0	0	0	0	0	0	0	0	0	0	0	0	0	0	0	0	0	0	0	0	0	27	75	0	0	50	0	0	0	0	0	0	0	0	0	0	0	0	0	0	0	0	0	0	0	0	0	0	0	0	0	0	0	0	0	0	53	0	0	0
0	0	0	0	0	0	0	0	0	0	0	0	0	0	0	0	0	0	0	0	0	0	0	0	0	0	0	0	0	0	0	0	0	0	0	0	0	48	0	0	23	0	0	0	0	0	0	0	0	0	0	0	0	0	0	0	0	0	0	0	0	0	0	0	0	0	0	0	0	0	0	26	0	0	0
0	0	0	0	0	0	0	0	0	0	0	0	0	0	0	0	0	0	0	0	0	0	0	0	0	0	0	0	0	0	0	0	0	0	0	0	0	0	0	0	0	0	0	0	0	0	0	0	0	0	0	0	0	0	0	0	0	0	0	0	0	0	0	0	0	0	0	0	0	0	0	0	0	0	0
0	0	0	0	0	0	0	0	0	0	0	0	0	0	0	0	0	0	0	0	0	0	0	0	0	0	0	0	0	0	0	0	0	0	0	26	53	101	0	0	76	0	0	0	0	0	0	0	0	0	0	0	0	0	0	0	0	0	0	0	0	0	0	0	0	0	0	0	0	0	0	79	0	0	0
300	358	354	0	280	299	407	0	349	124	17	234	449	330	183	0	43	43	207	358	0	0	84	352	49	99	111	444	0	310	304	444	380	0	0	584	611	659	558	0	634	286	0	123	79	62	351	348	337	42	255	194	358	39	256	0	199	27	207	234	354	358	27	344	174	94	358	43	358	352	349	637	0	201	43
0	0	0	0	0	0	0	0	0	0	0	0	0	0	0	0	0	0	0	0	0	0	0	0	0	0	0	0	0	0	0	0	0	0	0	0	0	25	0	0	0	0	0	0	0	0	0	0	0	0	0	0	0	0	0	0	0	0	0	0	0	0	0	0	0	0	0	0	0	0	0	3	0	0	0
14	72	68	0	0	13	121	0	63	0	0	0	163	44	0	0	0	0	0	72	0	0	0	66	0	0	0	158	0	24	18	158	94	0	0	298	325	373	272	0	348	0	0	0	0	0	65	62	51	0	0	0	72	0	0	0	0	0	0	0	68	72	0	58	0	0	72	0	72	66	63	351	0	0	0
380	438	434	65	360	379	487	4	429	204	97	314	529	410	263	0	123	123	287	438	60	64	164	432	129	179	191	524	44	390	384	524	460	64	0	664	691	739	638	80	714	366	0	203	159	142	431	428	417	122	335	274	438	119	336	25	279	107	287	314	434	438	107	424	254	174	438	123	438	432	429	717	0	281	123
177	235	231	0	157	176	284	0	226	1	0	111	326	207	60	0	0	0	84	235	0	0	0	229	0	0	0	321	0	187	181	321	257	0	0	461	488	536	435	0	511	163	0	0	0	0	228	225	214	0	132	71	235	0	133	0	76	0	84	111	231	235	0	221	51	0	235	0	235	229	226	514	0	78	0
221	279	275	0	201	220	328	0	270	45	0	155	370	251	104	0	0	0	128	279	0	0	5	273	0	20	32	365	0	231	225	365	301	0	0	505	532	580	479	0	555	207	0	44	0	0	272	269	258	0	176	115	279	0	177	0	120	0	128	155	275	279	0	265	95	15	279	0	279	273	270	558	0	122	0
238	296	292	0	218	237	345	0	287	62	0	172	387	268	121	0	0	0	145	296	0	0	22	290	0	37	49	382	0	248	242	382	318	0	0	522	549	597	496	0	572	224	0	61	17	0	289	286	275	0	193	132	296	0	194	0	137	0	145	172	292	296	0	282	112	32	296	0	296	290	287	575	0	139	0
0	7	3	0	0	0	56	0	0	0	0	0	98	0	0	0	0	0	0	7	0	0	0	1	0	0	0	93	0	0	0	93	29	0	0	233	260	308	207	0	283	0	0	0	0	0	0	0	0	0	0	0	7	0	0	0	0	0	0	0	3	7	0	0	0	0	7	0	7	1	0	286	0	0	0
0	10	6	0	0	0	59	0	1	0	0	0	101	0	0	0	0	0	0	10	0	0	0	4	0	0	0	96	0	0	0	96	32	0	0	236	263	311	210	0	286	0	0	0	0	0	3	0	0	0	0	0	10	0	0	0	0	0	0	0	6	10	0	0	0	0	10	0	10	4	1	289	0	0	0
0	21	17	0	0	0	70	0	12	0	0	0	112	0	0	0	0	0	0	21	0	0	0	15	0	0	0	107	0	0	0	107	43	0	0	247	274	322	221	0	297	0	0	0	0	0	14	11	0	0	0	0	21	0	0	0	0	0	0	0	17	21	0	7	0	0	21	0	21	15	12	300	0	0	0
258	316	312	0	238	257	365	0	307	82	0	192	407	288	141	0	1	1	165	316	0	0	42	310	7	57	69	402	0	268	262	402	338	0	0	542	569	617	516	0	592	244	0	81	37	20	309	306	295	0	213	152	316	0	214	0	157	0	165	192	312	316	0	302	132	52	316	1	316	310	307	595	0	159	1
45	103	99	0	25	44	152	0	94	0	0	0	194	75	0	0	0	0	0	103	0	0	0	97	0	0	0	189	0	55	49	189	125	0	0	329	356	404	303	0	379	31	0	0	0	0	96	93	82	0	0	0	103	0	1	0	0	0	0	0	99	103	0	89	0	0	103	0	103	97	94	382	0	0	0
106	164	160	0	86	105	213	0	155	0	0	40	255	136	0	0	0	0	13	164	0	0	0	158	0	0	0	250	0	116	110	250	186	0	0	390	417	465	364	0	440	92	0	0	0	0	157	154	143	0	61	0	164	0	62	0	5	0	13	40	160	164	0	150	0	0	164	0	164	158	155	443	0	7	0
0	0	0	0	0	0	49	0	0	0	0	0	91	0	0	0	0	0	0	0	0	0	0	0	0	0	0	86	0	0	0	86	22	0	0	226	253	301	200	0	276	0	0	0	0	0	0	0	0	0	0	0	0	0	0	0	0	0	0	0	0	0	0	0	0	0	0	0	0	0	0	279	0	0	0
261	319	315	0	241	260	368	0	310	85	0	195	410	291	144	0	4	4	168	319	0	0	45	313	10	60	72	405	0	271	265	405	341	0	0	545	572	620	519	0	595	247	0	84	40	23	312	309	298	3	216	155	319	0	217	0	160	0	168	195	315	319	0	305	135	55	319	4	319	313	310	598	0	162	4
44	102	98	0	24	43	151	0	93	0	0	0	193	74	0	0	0	0	0	102	0	0	0	96	0	0	0	188	0	54	48	188	124	0	0	328	355	403	302	0	378	30	0	0	0	0	95	92	81	0	0	0	102	0	0	0	0	0	0	0	98	102	0	88	0	0	102	0	102	96	93	381	0	0	0
355	413	409	40	335	354	462	0	404	179	72	289	504	385	238	0	98	98	262	413	35	39	139	407	104	154	166	499	19	365	359	499	435	39	0	639	666	714	613	55	689	341	0	178	134	117	406	403	392	97	310	249	413	94	311	0	254	82	262	289	409	413	82	399	229	149	413	98	413	407	404	692	0	256	98
101	159	155	0	81	100	208	0	150	0	0	35	250	131	0	0	0	0	8	159	0	0	0	153	0	0	0	245	0	111	105	245	181	0	0	385	412	460	359	0	435	87	0	0	0	0	152	149	138	0	56	0	159	0	57	0	0	0	8	35	155	159	0	145	0	0	159	0	159	153	150	438	0	2	0
273	331	327	0	253	272	380	0	322	97	0	207	422	303	156	0	16	16	180	331	0	0	57	325	22	72	84	417	0	283	277	417	353	0	0	557	584	632	531	0	607	259	0	96	52	35	324	321	310	15	228	167	331	12	229	0	172	0	180	207	327	331	0	317	147	67	331	16	331	325	322	610	0	174	16
93	151	147	0	73	92	200	0	142	0	0	27	242	123	0	0	0	0	0	151	0	0	0	145	0	0	0	237	0	103	97	237	173	0	0	377	404	452	351	0	427	79	0	0	0	0	144	141	130	0	48	0	151	0	49	0	0	0	0	27	147	151	0	137	0	0	151	0	151	145	142	430	0	0	0
66	124	120	0	46	65	173	0	115	0	0	0	215	96	0	0	0	0	0	124	0	0	0	118	0	0	0	210	0	76	70	210	146	0	0	350	377	425	324	0	400	52	0	0	0	0	117	114	103	0	21	0	124	0	22	0	0	0	0	0	120	124	0	110	0	0	124	0	124	118	115	403	0	0	0
0	4	0	0	0	0	53	0	0	0	0	0	95	0	0	0	0	0	0	4	0	0	0	0	0	0	0	90	0	0	0	90	26	0	0	230	257	305	204	0	280	0	0	0	0	0	0	0	0	0	0	0	4	0	0	0	0	0	0	0	0	4	0	0	0	0	4	0	4	0	0	283	0	0	0
0	0	0	0	0	0	49	0	0	0	0	0	91	0	0	0	0	0	0	0	0	0	0	0	0	0	0	86	0	0	0	86	22	0	0	226	253	301	200	0	276	0	0	0	0	0	0	0	0	0	0	0	0	0	0	0	0	0	0	0	0	0	0	0	0	0	0	0	0	0	0	279	0	0	0
273	331	327	0	253	272	380	0	322	97	0	207	422	303	156	0	16	16	180	331	0	0	57	325	22	72	84	417	0	283	277	417	353	0	0	557	584	632	531	0	607	259	0	96	52	35	324	321	310	15	228	167	331	12	229	0	172	0	180	207	327	331	0	317	147	67	331	16	331	325	322	610	0	174	16
0	14	10	0	0	0	63	0	5	0	0	0	105	0	0	0	0	0	0	14	0	0	0	8	0	0	0	100	0	0	0	100	36	0	0	240	267	315	214	0	290	0	0	0	0	0	7	4	0	0	0	0	14	0	0	0	0	0	0	0	10	14	0	0	0	0	14	0	14	8	5	293	0	0	0
126	184	180	0	106	125	233	0	175	0	0	60	275	156	9	0	0	0	33	184	0	0	0	178	0	0	0	270	0	136	130	270	206	0	0	410	437	485	384	0	460	112	0	0	0	0	177	174	163	0	81	20	184	0	82	0	25	0	33	60	180	184	0	170	0	0	184	0	184	178	175	463	0	27	0
206	264	260	0	186	205	313	0	255	30	0	140	355	236	89	0	0	0	113	264	0	0	0	258	0	5	17	350	0	216	210	350	286	0	0	490	517	565	464	0	540	192	0	29	0	0	257	254	243	0	161	100	264	0	162	0	105	0	113	140	260	264	0	250	80	0	264	0	264	258	255	543	0	107	0
0	0	0	0	0	0	49	0	0	0	0	0	91	0	0	0	0	0	0	0	0	0	0	0	0	0	0	86	0	0	0	86	22	0	0	226	253	301	200	0	276	0	0	0	0	0	0	0	0	0	0	0	0	0	0	0	0	0	0	0	0	0	0	0	0	0	0	0	0	0	0	279	0	0	0
257	315	311	0	237	256	364	0	306	81	0	191	406	287	140	0	0	0	164	315	0	0	41	309	6	56	68	401	0	267	261	401	337	0	0	541	568	616	515	0	591	243	0	80	36	19	308	305	294	0	212	151	315	0	213	0	156	0	164	191	311	315	0	301	131	51	315	0	315	309	306	594	0	158	0
0	0	0	0	0	0	49	0	0	0	0	0	91	0	0	0	0	0	0	0	0	0	0	0	0	0	0	86	0	0	0	86	22	0	0	226	253	301	200	0	276	0	0	0	0	0	0	0	0	0	0	0	0	0	0	0	0	0	0	0	0	0	0	0	0	0	0	0	0	0	0	279	0	0	0
0	6	2	0	0	0	55	0	0	0	0	0	97	0	0	0	0	0	0	6	0	0	0	0	0	0	0	92	0	0	0	92	28	0	0	232	259	307	206	0	282	0	0	0	0	0	0	0	0	0	0	0	6	0	0	0	0	0	0	0	2	6	0	0	0	0	6	0	6	0	0	285	0	0	0
0	9	5	0	0	0	58	0	0	0	0	0	100	0	0	0	0	0	0	9	0	0	0	3	0	0	0	95	0	0	0	95	31	0	0	235	262	310	209	0	285	0	0	0	0	0	2	0	0	0	0	0	9	0	0	0	0	0	0	0	5	9	0	0	0	0	9	0	9	3	0	288	0	0	0
0	0	0	0	0	0	0	0	0	0	0	0	0	0	0	0	0	0	0	0	0	0	0	0	0	0	0	0	0	0	0	0	0	0	0	0	0	22	0	0	0	0	0	0	0	0	0	0	0	0	0	0	0	0	0	0	0	0	0	0	0	0	0	0	0	0	0	0	0	0	0	0	0	0	0
430	488	484	115	410	429	537	54	479	254	147	364	579	460	313	30	173	173	337	488	110	114	214	482	179	229	241	574	94	440	434	574	510	114	45	714	741	789	688	130	764	416	50	253	209	192	481	478	467	172	385	324	488	169	386	75	329	157	337	364	484	488	157	474	304	224	488	173	488	482	479	767	0	331	173
99	157	153	0	79	98	206	0	148	0	0	33	248	129	0	0	0	0	6	157	0	0	0	151	0	0	0	243	0	109	103	243	179	0	0	383	410	458	357	0	433	85	0	0	0	0	150	147	136	0	54	0	157	0	55	0	0	0	6	33	153	157	0	143	0	0	157	0	157	151	148	436	0	0	0
257	315	311	0	237	256	364	0	306	81	0	191	406	287	140	0	0	0	164	315	0	0	41	309	6	56	68	401	0	267	261	401	337	0	0	541	568	616	515	0	591	243	0	80	36	19	308	305	294	0	212	151	315	0	213	0	156	0	164	191	311	315	0	301	131	51	315	0	315	309	306	594	0	158	0

0	0	0	315	20	1	0	376	0	176	283	66	0	0	117	400	257	257	93	0	320	316	216	0	251	201	189	0	336	0	0	0	0	316	385	0	0	0	0	300	0	14	380	177	221	238	0	0	0	258	45	106	0	261	44	355	101	273	93	66	0	0	273	0	126	206	0	257	0	0	0	0	430	99	257
58	0	4	373	78	59	0	434	9	234	341	124	0	28	175	458	315	315	151	0	378	374	274	6	309	259	247	0	394	48	54	0	0	374	443	0	0	0	0	358	0	72	438	235	279	296	7	10	21	316	103	164	0	319	102	413	159	331	151	124	4	0	331	14	184	264	0	315	0	6	9	0	488	157	315
54	0	0	369	74	55	0	430	5	230	337	120	0	24	171	454	311	311	147	0	374	370	270	2	305	255	243	0	390	44	50	0	0	370	439	0	0	0	0	354	0	68	434	231	275	292	3	6	17	312	99	160	0	315	98	409	155	327	147	120	0	0	327	10	180	260	0	311	0	2	5	0	484	153	311
0	0	0	0	0	0	0	61	0	0	0	0	0	0	0	85	0	0	0	0	5	1	0	0	0	0	0	0	21	0	0	0	0	1	70	0	0	0	0	0	0	0	65	0	0	0	0	0	0	0	0	0	0	0	0	40	0	0	0	0	0	0	0	0	0	0	0	0	0	0	0	0	115	0	0
0	0	0	295	0	0	0	356	0	156	263	46	0	0	97	380	237	237	73	0	300	296	196	0	231	181	169	0	316	0	0	0	0	296	365	0	0	0	0	280	0	0	360	157	201	218	0	0	0	238	25	86	0	241	24	335	81	253	73	46	0	0	253	0	106	186	0	237	0	0	0	0	410	79	237
0	0	0	314	19	0	0	375	0	175	282	65	0	0	116	399	256	256	92	0	319	315	215	0	250	200	188	0	335	0	0	0	0	315	384	0	0	0	0	299	0	13	379	176	220	237	0	0	0	257	44	105	0	260	43	354	100	272	92	65	0	0	272	0	125	205	0	256	0	0	0	0	429	98	256
107	49	53	422	127	108	0	483	58	283	390	173	0	77	224	507	364	364	200	49	427	423	323	55	358	308	296	0	443	97	103	0	27	423	492	0	0	0	0	407	0	121	487	284	328	345	56	59	70	365	152	213	49	368	151	462	208	380	200	173	53	49	380	63	233	313	49	364	49	55	58	0	537	206	364
0	0	0	0	0	0	0	0	0	0	0	0	0	0	0	24	0	0	0	0	0	0	0	0	0	0	0	0	0	0	0	0	0	0	9	0	0	0	0	0	0	0	4	0	0	0	0	0	0	0	0	0	0	0	0	0	0	0	0	0	0	0	0	0	0	0	0	0	0	0	0	0	54	0	0
49	0	0	364	69	50	0	425	0	225	332	115	0	19	166	449	306	306	142	0	369	365	265	0	300	250	238	0	385	39	45	0	0	365	434	0	0	0	0	349	0	63	429	226	270	287	0	1	12	307	94	155	0	310	93	404	150	322	142	115	0	0	322	5	175	255	0	306	0	0	0	0	479	148	306
0	0	0	139	0	0	0	200	0	0	107	0	0	0	0	224	81	81	0	0	144	140	40	0	75	25	13	0	160	0	0	0	0	140	209	0	0	0	0	124	0	0	204	1	45	62	0	0	0	82	0	0	0	85	0	179	0	97	0	0	0	0	97	0	0	30	0	81	0	0	0	0	254	0	81
0	0	0	32	0	0	0	93	0	0	0	0	0	0	0	117	0	0	0	0	37	33	0	0	0	0	0	0	53	0	0	0	0	33	102	0	0	0	0	17	0	0	97	0	0	0	0	0	0	0	0	0	0	0	0	72	0	0	0	0	0	0	0	0	0	0	0	0	0	0	0	0	147	0	0
0	0	0	249	0	0	0	310	0	110	217	0	0	0	51	334	191	191	27	0	254	250	150	0	185	135	123	0	270	0	0	0	0	250	319	0	0	0	0	234	0	0	314	111	155	172	0	0	0	192	0	40	0	195	0	289	35	207	27	0	0	0	207	0	60	140	0	191	0	0	0	0	364	33	191
149	91	95	464	169	150	42	525	100	325	432	215	0	119	266	549	406	406	242	91	469	465	365	97	400	350	338	5	485	139	145	5	69	465	534	0	0	0	0	449	0	163	529	326	370	387	98	101	112	407	194	255	91	410	193	504	250	422	242	215	95	91	422	105	275	355	91	406	91	97	100	0	579	248	406
30	0	0	345	50	31	0	406	0	206	313	96	0	0	147	430	287	287	123	0	350	346	246	0	281	231	219	0	366	20	26	0	0	346	415	0	0	0	0	330	0	44	410	207	251	268	0	0	0	288	75	136	0	291	74	385	131	303	123	96	0	0	303	0	156	236	0	287	0	0	0	0	460	129	287
0	0	0	198	0	0	0	259	0	59	166	0	0	0	0	283	140	140	0	0	203	199	99	0	134	84	72	0	219	0	0	0	0	199	268	0	0	0	0	183	0	0	263	60	104	121	0	0	0	141	0	0	0	144	0	238	0	156	0	0	0	0	156	0	9	89	0	140	0	0	0	0	313	0	140
0	0	0	0	0	0	0	0	0	0	0	0	0	0	0	0	0	0	0	0	0	0	0	0	0	0	0	0	0	0	0	0	0	0	0	0	0	0	0	0	0	0	0	0	0	0	0	0	0	0	0	0	0	0	0	0	0	0	0	0	0	0	0	0	0	0	0	0	0	0	0	0	30	0	0
0	0	0	58	0	0	0	119	0	0	26	0	0	0	0	143	0	0	0	0	63	59	0	0	0	0	0	0	79	0	0	0	0	59	128	0	0	0	0	43	0	0	123	0	0	0	0	0	0	1	0	0	0	4	0	98	0	16	0	0	0	0	16	0	0	0	0	0	0	0	0	0	173	0	0
0	0	0	58	0	0	0	119	0	0	26	0	0	0	0	143	0	0	0	0	63	59	0	0	0	0	0	0	79	0	0	0	0	59	128	0	0	0	0	43	0	0	123	0	0	0	0	0	0	1	0	0	0	4	0	98	0	16	0	0	0	0	16	0	0	0	0	0	0	0	0	0	173	0	0
0	0	0	222	0	0	0	283	0	83	190	0	0	0	24	307	164	164	0	0	227	223	123	0	158	108	96	0	243	0	0	0	0	223	292	0	0	0	0	207	0	0	287	84	128	145	0	0	0	165	0	13	0	168	0	262	8	180	0	0	0	0	180	0	33	113	0	164	0	0	0	0	337	6	164
58	0	4	373	78	59	0	434	9	234	341	124	0	28	175	458	315	315	151	0	378	374	274	6	309	259	247	0	394	48	54	0	0	374	443	0	0	0	0	358	0	72	438	235	279	296	7	10	21	316	103	164	0	319	102	413	159	331	151	124	4	0	331	14	184	264	0	315	0	6	9	0	488	157	315
0	0	0	0	0	0	0	56	0	0	0	0	0	0	0	80	0	0	0	0	0	0	0	0	0	0	0	0	16	0	0	0	0	0	65	0	0	0	0	0	0	0	60	0	0	0	0	0	0	0	0	0	0	0	0	35	0	0	0	0	0	0	0	0	0	0	0	0	0	0	0	0	110	0	0
0	0	0	0	0	0	0	60	0	0	0	0	0	0	0	84	0	0	0	0	4	0	0	0	0	0	0	0	20	0	0	0	0	0	69	0	0	0	0	0	0	0	64	0	0	0	0	0	0	0	0	0	0	0	0	39	0	0	0	0	0	0	0	0	0	0	0	0	0	0	0	0	114	0	0
0	0	0	99	0	0	0	160	0	0	67	0	0	0	0	184	41	41	0	0	104	100	0	0	35	0	0	0	120	0	0	0	0	100	169	0	0	0	0	84	0	0	164	0	5	22	0	0	0	42	0	0	0	45	0	139	0	57	0	0	0	0	57	0	0	0	0	41	0	0	0	0	214	0	41
52	0	0	367	72	53	0	428	3	228	335	118	0	22	169	452	309	309	145	0	372	368	268	0	303	253	241	0	388	42	48	0	0	368	437	0	0	0	0	352	0	66	432	229	273	290	1	4	15	310	97	158	0	313	96	407	153	325	145	118	0	0	325	8	178	258	0	309	0	0	3	0	482	151	309
0	0	0	64	0	0	0	125	0	0	32	0	0	0	0	149	6	6	0	0	69	65	0	0	0	0	0	0	85	0	0	0	0	65	134	0	0	0	0	49	0	0	129	0	0	0	0	0	0	7	0	0	0	10	0	104	0	22	0	0	0	0	22	0	0	0	0	6	0	0	0	0	179	0	6
0	0	0	114	0	0	0	175	0	0	82	0	0	0	0	199	56	56	0	0	119	115	15	0	50	0	0	0	135	0	0	0	0	115	184	0	0	0	0	99	0	0	179	0	20	37	0	0	0	57	0	0	0	60	0	154	0	72	0	0	0	0	72	0	0	5	0	56	0	0	0	0	229	0	56
0	0	0	126	0	0	0	187	0	0	94	0	0	0	0	211	68	68	0	0	131	127	27	0	62	12	0	0	147	0	0	0	0	127	196	0	0	0	0	111	0	0	191	0	32	49	0	0	0	69	0	0	0	72	0	166	0	84	0	0	0	0	84	0	0	17	0	68	0	0	0	0	241	0	68
144	86	90	459	164	145	37	520	95	320	427	210	0	114	261	544	401	401	237	86	464	460	360	92	395	345	333	0	480	134	140	0	64	460	529	0	0	0	0	444	0	158	524	321	365	382	93	96	107	402	189	250	86	405	188	499	245	417	237	210	90	86	417	100	270	350	86	401	86	92	95	0	574	243	401
0	0	0	0	0	0	0	40	0	0	0	0	0	0	0	64	0	0	0	0	0	0	0	0	0	0	0	0	0	0	0	0	0	0	49	0	0	0	0	0	0	0	44	0	0	0	0	0	0	0	0	0	0	0	0	19	0	0	0	0	0	0	0	0	0	0	0	0	0	0	0	0	94	0	0
10	0	0	325	30	11	0	386	0	186	293	76	0	0	127	410	267	267	103	0	330	326	226	0	261	211	199	0	346	0	6	0	0	326	395	0	0	0	0	310	0	24	390	187	231	248	0	0	0	268	55	116	0	271	54	365	111	283	103	76	0	0	283	0	136	216	0	267	0	0	0	0	440	109	267
4	0	0	319	24	5	0	380	0	180	287	70	0	0	121	404	261	261	97	0	324	320	220	0	255	205	193	0	340	0	0	0	0	320	389	0	0	0	0	304	0	18	384	181	225	242	0	0	0	262	49	110	0	265	48	359	105	277	97	70	0	0	277	0	130	210	0	261	0	0	0	0	434	103	261
144	86	90	459	164	145	37	520	95	320	427	210	0	114	261	544	401	401	237	86	464	460	360	92	395	345	333	0	480	134	140	0	64	460	529	0	0	0	0	444	0	158	524	321	365	382	93	96	107	402	189	250	86	405	188	499	245	417	237	210	90	86	417	100	270	350	86	401	86	92	95	0	574	243	401
80	22	26	395	100	81	0	456	31	256	363	146	0	50	197	480	337	337	173	22	400	396	296	28	331	281	269	0	416	70	76	0	0	396	465	0	0	0	0	380	0	94	460	257	301	318	29	32	43	338	125	186	22	341	124	435	181	353	173	146	26	22	353	36	206	286	22	337	22	28	31	0	510	179	337
0	0	0	0	0	0	0	60	0	0	0	0	0	0	0	84	0	0	0	0	4	0	0	0	0	0	0	0	20	0	0	0	0	0	69	0	0	0	0	0	0	0	64	0	0	0	0	0	0	0	0	0	0	0	0	39	0	0	0	0	0	0	0	0	0	0	0	0	0	0	0	0	114	0	0
0	0	0	0	0	0	0	0	0	0	0	0	0	0	0	15	0	0	0	0	0	0	0	0	0	0	0	0	0	0	0	0	0	0	0	0	0	0	0	0	0	0	0	0	0	0	0	0	0	0	0	0	0	0	0	0	0	0	0	0	0	0	0	0	0	0	0	0	0	0	0	0	45	0	0
284	226	230	599	304	285	177	660	235	460	567	350	135	254	401	684	541	541	377	226	604	600	500	232	535	485	473	140	620	274	280	140	204	600	669	0	0	0	26	584	0	298	664	461	505	522	233	236	247	542	329	390	226	545	328	639	385	557	377	350	230	226	557	240	410	490	226	541	226	232	235	0	714	383	541
311	253	257	626	331	312	204	687	262	487	594	377	162	281	428	711	568	568	404	253	631	627	527	259	562	512	500	167	647	301	307	167	231	627	696	27	0	0	53	611	0	325	691	488	532	549	260	263	274	569	356	417	253	572	355	666	412	584	404	377	257	253	584	267	437	517	253	568	253	259	262	0	741	410	568
359	301	305	674	379	360	252	735	310	535	642	425	210	329	476	759	616	616	452	301	679	675	575	307	610	560	548	215	695	349	355	215	279	675	744	75	48	0	101	659	25	373	739	536	580	597	308	311	322	617	404	465	301	620	403	714	460	632	452	425	305	301	632	315	485	565	301	616	301	307	310	22	789	458	616
258	200	204	573	278	259	151	634	209	434	541	324	109	228	375	658	515	515	351	200	578	574	474	206	509	459	447	114	594	248	254	114	178	574	643	0	0	0	0	558	0	272	638	435	479	496	207	210	221	516	303	364	200	519	302	613	359	531	351	324	204	200	531	214	384	464	200	515	200	206	209	0	688	357	515
0	0	0	15	0	0	0	76	0	0	0	0	0	0	0	100	0	0	0	0	20	16	0	0	0	0	0	0	36	0	0	0	0	16	85	0	0	0	0	0	0	0	80	0	0	0	0	0	0	0	0	0	0	0	0	55	0	0	0	0	0	0	0	0	0	0	0	0	0	0	0	0	130	0	0
334	276	280	649	354	335	227	710	285	510	617	400	185	304	451	734	591	591	427	276	654	650	550	282	585	535	523	190	670	324	330	190	254	650	719	50	23	0	76	634	0	348	714	511	555	572	283	286	297	592	379	440	276	595	378	689	435	607	427	400	280	276	607	290	460	540	276	591	276	282	285	0	764	433	591
0	0	0	301	6	0	0	362	0	162	269	52	0	0	103	386	243	243	79	0	306	302	202	0	237	187	175	0	322	0	0	0	0	302	371	0	0	0	0	286	0	0	366	163	207	224	0	0	0	244	31	92	0	247	30	341	87	259	79	52	0	0	259	0	112	192	0	243	0	0	0	0	416	85	243
0	0	0	0	0	0	0	0	0	0	0	0	0	0	0	20	0	0	0	0	0	0	0	0	0	0	0	0	0	0	0	0	0	0	5	0	0	0	0	0	0	0	0	0	0	0	0	0	0	0	0	0	0	0	0	0	0	0	0	0	0	0	0	0	0	0	0	0	0	0	0	0	50	0	0
0	0	0	138	0	0	0	199	0	0	106	0	0	0	0	223	80	80	0	0	143	139	39	0	74	24	12	0	159	0	0	0	0	139	208	0	0	0	0	123	0	0	203	0	44	61	0	0	0	81	0	0	0	84	0	178	0	96	0	0	0	0	96	0	0	29	0	80	0	0	0	0	253	0	80
0	0	0	94	0	0	0	155	0	0	62	0	0	0	0	179	36	36	0	0	99	95	0	0	30	0	0	0	115	0	0	0	0	95	164	0	0	0	0	79	0	0	159	0	0	17	0	0	0	37	0	0	0	40	0	134	0	52	0	0	0	0	52	0	0	0	0	36	0	0	0	0	209	0	36
0	0	0	77	0	0	0	138	0	0	45	0	0	0	0	162	19	19	0	0	82	78	0	0	13	0	0	0	98	0	0	0	0	78	147	0	0	0	0	62	0	0	142	0	0	0	0	0	0	20	0	0	0	23	0	117	0	35	0	0	0	0	35	0	0	0	0	19	0	0	0	0	192	0	19
51	0	0	366	71	52	0	427	2	227	334	117	0	21	168	451	308	308	144	0	371	367	267	0	302	252	240	0	387	41	47	0	0	367	436	0	0	0	0	351	0	65	431	228	272	289	0	3	14	309	96	157	0	312	95	406	152	324	144	117	0	0	324	7	177	257	0	308	0	0	2	0	481	150	308
48	0	0	363	68	49	0	424	0	224	331	114	0	18	165	448	305	305	141	0	368	364	264	0	299	249	237	0	384	38	44	0	0	364	433	0	0	0	0	348	0	62	428	225	269	286	0	0	11	306	93	154	0	309	92	403	149	321	141	114	0	0	321	4	174	254	0	305	0	0	0	0	478	147	305
37	0	0	352	57	38	0	413	0	213	320	103	0	7	154	437	294	294	130	0	357	353	253	0	288	238	226	0	373	27	33	0	0	353	422	0	0	0	0	337	0	51	417	214	258	275	0	0	0	295	82	143	0	298	81	392	138	310	130	103	0	0	310	0	163	243	0	294	0	0	0	0	467	136	294
0	0	0	57	0	0	0	118	0	0	25	0	0	0	0	142	0	0	0	0	62	58	0	0	0	0	0	0	78	0	0	0	0	58	127	0	0	0	0	42	0	0	122	0	0	0	0	0	0	0	0	0	0	3	0	97	0	15	0	0	0	0	15	0	0	0	0	0	0	0	0	0	172	0	0
0	0	0	270	0	0	0	331	0	131	238	21	0	0	72	355	212	212	48	0	275	271	171	0	206	156	144	0	291	0	0	0	0	271	340	0	0	0	0	255	0	0	335	132	176	193	0	0	0	213	0	61	0	216	0	310	56	228	48	21	0	0	228	0	81	161	0	212	0	0	0	0	385	54	212
0	0	0	209	0	0	0	270	0	70	177	0	0	0	11	294	151	151	0	0	214	210	110	0	145	95	83	0	230	0	0	0	0	210	279	0	0	0	0	194	0	0	274	71	115	132	0	0	0	152	0	0	0	155	0	249	0	167	0	0	0	0	167	0	20	100	0	151	0	0	0	0	324	0	151
58	0	4	373	78	59	0	434	9	234	341	124	0	28	175	458	315	315	151	0	378	374	274	6	309	259	247	0	394	48	54	0	0	374	443	0	0	0	0	358	0	72	438	235	279	296	7	10	21	316	103	164	0	319	102	413	159	331	151	124	4	0	331	14	184	264	0	315	0	6	9	0	488	157	315
0	0	0	54	0	0	0	115	0	0	22	0	0	0	0	139	0	0	0	0	59	55	0	0	0	0	0	0	75	0	0	0	0	55	124	0	0	0	0	39	0	0	119	0	0	0	0	0	0	0	0	0	0	0	0	94	0	12	0	0	0	0	12	0	0	0	0	0	0	0	0	0	169	0	0
0	0	0	271	0	0	0	332	0	132	239	22	0	0	73	356	213	213	49	0	276	272	172	0	207	157	145	0	292	0	0	0	0	272	341	0	0	0	0	256	0	0	336	133	177	194	0	0	0	214	1	62	0	217	0	311	57	229	49	22	0	0	229	0	82	162	0	213	0	0	0	0	386	55	213
0	0	0	0	0	0	0	21	0	0	0	0	0	0	0	45	0	0	0	0	0	0	0	0	0	0	0	0	0	0	0	0	0	0	30	0	0	0	0	0	0	0	25	0	0	0	0	0	0	0	0	0	0	0	0	0	0	0	0	0	0	0	0	0	0	0	0	0	0	0	0	0	75	0	0
0	0	0	214	0	0	0	275	0	75	182	0	0	0	16	299	156	156	0	0	219	215	115	0	150	100	88	0	235	0	0	0	0	215	284	0	0	0	0	199	0	0	279	76	120	137	0	0	0	157	0	5	0	160	0	254	0	172	0	0	0	0	172	0	25	105	0	156	0	0	0	0	329	0	156
0	0	0	42	0	0	0	103	0	0	10	0	0	0	0	127	0	0	0	0	47	43	0	0	0	0	0	0	63	0	0	0	0	43	112	0	0	0	0	27	0	0	107	0	0	0	0	0	0	0	0	0	0	0	0	82	0	0	0	0	0	0	0	0	0	0	0	0	0	0	0	0	157	0	0
0	0	0	222	0	0	0	283	0	83	190	0	0	0	24	307	164	164	0	0	227	223	123	0	158	108	96	0	243	0	0	0	0	223	292	0	0	0	0	207	0	0	287	84	128	145	0	0	0	165	0	13	0	168	0	262	8	180	0	0	0	0	180	0	33	113	0	164	0	0	0	0	337	6	164
0	0	0	249	0	0	0	310	0	110	217	0	0	0	51	334	191	191	27	0	254	250	150	0	185	135	123	0	270	0	0	0	0	250	319	0	0	0	0	234	0	0	314	111	155	172	0	0	0	192	0	40	0	195	0	289	35	207	27	0	0	0	207	0	60	140	0	191	0	0	0	0	364	33	191
54	0	0	369	74	55	0	430	5	230	337	120	0	24	171	454	311	311	147	0	374	370	270	2	305	255	243	0	390	44	50	0	0	370	439	0	0	0	0	354	0	68	434	231	275	292	3	6	17	312	99	160	0	315	98	409	155	327	147	120	0	0	327	10	180	260	0	311	0	2	5	0	484	153	311
58	0	4	373	78	59	0	434	9	234	341	124	0	28	175	458	315	315	151	0	378	374	274	6	309	259	247	0	394	48	54	0	0	374	443	0	0	0	0	358	0	72	438	235	279	296	7	10	21	316	103	164	0	319	102	413	159	331	151	124	4	0	331	14	184	264	0	315	0	6	9	0	488	157	315
0	0	0	42	0	0	0	103	0	0	10	0	0	0	0	127	0	0	0	0	47	43	0	0	0	0	0	0	63	0	0	0	0	43	112	0	0	0	0	27	0	0	107	0	0	0	0	0	0	0	0	0	0	0	0	82	0	0	0	0	0	0	0	0	0	0	0	0	0	0	0	0	157	0	0
44	0	0	359	64	45	0	420	0	220	327	110	0	14	161	444	301	301	137	0	364	360	260	0	295	245	233	0	380	34	40	0	0	360	429	0	0	0	0	344	0	58	424	221	265	282	0	0	7	302	89	150	0	305	88	399	145	317	137	110	0	0	317	0	170	250	0	301	0	0	0	0	474	143	301
0	0	0	189	0	0	0	250	0	50	157	0	0	0	0	274	131	131	0	0	194	190	90	0	125	75	63	0	210	0	0	0	0	190	259	0	0	0	0	174	0	0	254	51	95	112	0	0	0	132	0	0	0	135	0	229	0	147	0	0	0	0	147	0	0	80	0	131	0	0	0	0	304	0	131
0	0	0	109	0	0	0	170	0	0	77	0	0	0	0	194	51	51	0	0	114	110	10	0	45	0	0	0	130	0	0	0	0	110	179	0	0	0	0	94	0	0	174	0	15	32	0	0	0	52	0	0	0	55	0	149	0	67	0	0	0	0	67	0	0	0	0	51	0	0	0	0	224	0	51
58	0	4	373	78	59	0	434	9	234	341	124	0	28	175	458	315	315	151	0	378	374	274	6	309	259	247	0	394	48	54	0	0	374	443	0	0	0	0	358	0	72	438	235	279	296	7	10	21	316	103	164	0	319	102	413	159	331	151	124	4	0	331	14	184	264	0	315	0	6	9	0	488	157	315
0	0	0	58	0	0	0	119	0	0	26	0	0	0	0	143	0	0	0	0	63	59	0	0	0	0	0	0	79	0	0	0	0	59	128	0	0	0	0	43	0	0	123	0	0	0	0	0	0	1	0	0	0	4	0	98	0	16	0	0	0	0	16	0	0	0	0	0	0	0	0	0	173	0	0
58	0	4	373	78	59	0	434	9	234	341	124	0	28	175	458	315	315	151	0	378	374	274	6	309	259	247	0	394	48	54	0	0	374	443	0	0	0	0	358	0	72	438	235	279	296	7	10	21	316	103	164	0	319	102	413	159	331	151	124	4	0	331	14	184	264	0	315	0	6	9	0	488	157	315
52	0	0	367	72	53	0	428	3	228	335	118	0	22	169	452	309	309	145	0	372	368	268	0	303	253	241	0	388	42	48	0	0	368	437	0	0	0	0	352	0	66	432	229	273	290	1	4	15	310	97	158	0	313	96	407	153	325	145	118	0	0	325	8	178	258	0	309	0	0	3	0	482	151	309
49	0	0	364	69	50	0	425	0	225	332	115	0	19	166	449	306	306	142	0	369	365	265	0	300	250	238	0	385	39	45	0	0	365	434	0	0	0	0	349	0	63	429	226	270	287	0	1	12	307	94	155	0	310	93	404	150	322	142	115	0	0	322	5	175	255	0	306	0	0	0	0	479	148	306
337	279	283	652	357	338	230	713	288	513	620	403	188	307	454	737	594	594	430	279	657	653	553	285	588	538	526	193	673	327	333	193	257	653	722	53	26	0	79	637	3	351	717	514	558	575	286	289	300	595	382	443	279	598	381	692	438	610	430	403	283	279	610	293	463	543	279	594	279	285	288	0	767	436	594
0	0	0	0	0	0	0	0	0	0	0	0	0	0	0	0	0	0	0	0	0	0	0	0	0	0	0	0	0	0	0	0	0	0	0	0	0	0	0	0	0	0	0	0	0	0	0	0	0	0	0	0	0	0	0	0	0	0	0	0	0	0	0	0	0	0	0	0	0	0	0	0	0	0	0
0	0	0	216	0	0	0	277	0	77	184	0	0	0	18	301	158	158	0	0	221	217	117	0	152	102	90	0	237	0	0	0	0	217	286	0	0	0	0	201	0	0	281	78	122	139	0	0	0	159	0	7	0	162	0	256	2	174	0	0	0	0	174	0	27	107	0	158	0	0	0	0	331	0	158
0	0	0	58	0	0	0	119	0	0	26	0	0	0	0	143	0	0	0	0	63	59	0	0	0	0	0	0	79	0	0	0	0	59	128	0	0	0	0	43	0	0	123	0	0	0	0	0	0	1	0	0	0	4	0	98	0	16	0	0	0	0	16	0	0	0	0	0	0	0	0	0	173	0	0

0	0	0	670	0	0	830	0	0	0	0	0	0	0	0	0	0	0	0	0	0	0	0	0	0	0	0	0	0	0	0	0	0	0	0	0	0	0	0	10	0	0	0	0	0	0	0	0	0	0	0	560	0	0	60	0	60	0	0	0	0	830	0	0	0	830	45	0	161	0	0	0	0	0	0
140	0	0	810	50	100	970	0	0	0	0	0	40	0	0	0	0	0	0	30	50	0	0	0	0	100	90	0	0	80	0	10	50	30	100	30	130	0	0	150	0	10	0	50	140	0	140	0	0	100	100	700	0	0	200	0	200	0	0	100	0	970	0	50	30	970	185	100	301	0	0	0	100	0	50
190	50	0	860	100	150	1020	50	40	50	0	0	90	45	0	0	50	50	0	80	100	30	20	50	30	150	140	0	0	130	50	60	100	80	150	80	180	0	0	200	0	60	50	100	190	50	190	40	50	150	150	750	0	50	250	50	250	0	0	150	0	1020	30	100	80	1020	235	150	351	0	0	0	150	50	100
0	0	0	0	0	0	160	0	0	0	0	0	0	0	0	0	0	0	0	0	0	0	0	0	0	0	0	0	0	0	0	0	0	0	0	0	0	0	0	0	0	0	0	0	0	0	0	0	0	0	0	0	0	0	0	0	0	0	0	0	0	160	0	0	0	160	0	0	0	0	0	0	0	0	0
90	0	0	760	0	50	920	0	0	0	0	0	0	0	0	0	0	0	0	0	0	0	0	0	0	50	40	0	0	30	0	0	0	0	50	0	80	0	0	100	0	0	0	0	90	0	90	0	0	50	50	650	0	0	150	0	150	0	0	50	0	920	0	0	0	920	135	50	251	0	0	0	50	0	0
40	0	0	710	0	0	870	0	0	0	0	0	0	0	0	0	0	0	0	0	0	0	0	0	0	0	0	0	0	0	0	0	0	0	0	0	30	0	0	50	0	0	0	0	40	0	40	0	0	0	0	600	0	0	100	0	100	0	0	0	0	870	0	0	0	870	85	0	201	0	0	0	0	0	0
0	0	0	0	0	0	0	0	0	0	0	0	0	0	0	0	0	0	0	0	0	0	0	0	0	0	0	0	0	0	0	0	0	0	0	0	0	0	0	0	0	0	0	0	0	0	0	0	0	0	0	0	0	0	0	0	0	0	0	0	0	0	0	0	0	0	0	0	0	0	0	0	0	0	0
140	0	0	810	50	100	970	0	0	0	0	0	40	0	0	0	0	0	0	30	50	0	0	0	0	100	90	0	0	80	0	10	50	30	100	30	130	0	0	150	0	10	0	50	140	0	140	0	0	100	100	700	0	0	200	0	200	0	0	100	0	970	0	50	30	970	185	100	301	0	0	0	100	0	50
150	10	0	820	60	110	980	10	0	10	0	0	50	5	0	0	10	10	0	40	60	0	0	10	0	110	100	0	0	90	10	20	60	40	110	40	140	0	0	160	0	20	10	60	150	10	150	0	10	110	110	710	0	10	210	10	210	0	0	110	0	980	0	60	40	980	195	110	311	0	0	0	110	10	60
140	0	0	810	50	100	970	0	0	0	0	0	40	0	0	0	0	0	0	30	50	0	0	0	0	100	90	0	0	80	0	10	50	30	100	30	130	0	0	150	0	10	0	50	140	0	140	0	0	100	100	700	0	0	200	0	200	0	0	100	0	970	0	50	30	970	185	100	301	0	0	0	100	0	50
250	110	60	920	160	210	1080	110	100	110	0	20	150	105	0	40	110	110	50	140	160	90	80	110	90	210	200	60	60	190	110	120	160	140	210	140	240	50	0	260	60	120	110	160	250	110	250	100	110	210	210	810	10	110	310	110	310	40	40	210	10	1080	90	160	140	1080	295	210	411	40	10	40	210	110	160
230	90	40	900	140	190	1060	90	80	90	0	0	130	85	0	20	90	90	30	120	140	70	60	90	70	190	180	40	40	170	90	100	140	120	190	120	220	30	0	240	40	100	90	140	230	90	230	80	90	190	190	790	0	90	290	90	290	20	20	190	0	1060	70	140	120	1060	275	190	391	20	0	20	190	90	140
100	0	0	770	10	60	930	0	0	0	0	0	0	0	0	0	0	0	0	0	10	0	0	0	0	60	50	0	0	40	0	0	10	0	60	0	90	0	0	110	0	0	0	10	100	0	100	0	0	60	60	660	0	0	160	0	160	0	0	60	0	930	0	10	0	930	145	60	261	0	0	0	60	0	10
145	5	0	815	55	105	975	5	0	5	0	0	45	0	0	0	5	5	0	35	55	0	0	5	0	105	95	0	0	85	5	15	55	35	105	35	135	0	0	155	0	15	5	55	145	5	145	0	5	105	105	705	0	5	205	5	205	0	0	105	0	975	0	55	35	975	190	105	306	0	0	0	105	5	55
285	145	95	955	195	245	1115	145	135	145	35	55	185	140	0	75	145	145	85	175	195	125	115	145	125	245	235	95	95	225	145	155	195	175	245	175	275	85	0	295	95	155	145	195	285	145	285	135	145	245	245	845	45	145	345	145	345	75	75	245	45	1115	125	195	175	1115	330	245	446	75	45	75	245	145	195
210	70	20	880	120	170	1040	70	60	70	0	0	110	65	0	0	70	70	10	100	120	50	40	70	50	170	160	20	20	150	70	80	120	100	170	100	200	10	0	220	20	80	70	120	210	70	210	60	70	170	170	770	0	70	270	70	270	0	0	170	0	1040	50	120	100	1040	255	170	371	0	0	0	170	70	120
140	0	0	810	50	100	970	0	0	0	0	0	40	0	0	0	0	0	0	30	50	0	0	0	0	100	90	0	0	80	0	10	50	30	100	30	130	0	0	150	0	10	0	50	140	0	140	0	0	100	100	700	0	0	200	0	200	0	0	100	0	970	0	50	30	970	185	100	301	0	0	0	100	0	50
140	0	0	810	50	100	970	0	0	0	0	0	40	0	0	0	0	0	0	30	50	0	0	0	0	100	90	0	0	80	0	10	50	30	100	30	130	0	0	150	0	10	0	50	140	0	140	0	0	100	100	700	0	0	200	0	200	0	0	100	0	970	0	50	30	970	185	100	301	0	0	0	100	0	50
200	60	10	870	110	160	1030	60	50	60	0	0	100	55	0	0	60	60	0	90	110	40	30	60	40	160	150	10	10	140	60	70	110	90	160	90	190	0	0	210	10	70	60	110	200	60	200	50	60	160	160	760	0	60	260	60	260	0	0	160	0	1030	40	110	90	1030	245	160	361	0	0	0	160	60	110
110	0	0	780	20	70	940	0	0	0	0	0	10	0	0	0	0	0	0	0	20	0	0	0	0	70	60	0	0	50	0	0	20	0	70	0	100	0	0	120	0	0	0	20	110	0	110	0	0	70	70	670	0	0	170	0	170	0	0	70	0	940	0	20	0	940	155	70	271	0	0	0	70	0	20
90	0	0	760	0	50	920	0	0	0	0	0	0	0	0	0	0	0	0	0	0	0	0	0	0	50	40	0	0	30	0	0	0	0	50	0	80	0	0	100	0	0	0	0	90	0	90	0	0	50	50	650	0	0	150	0	150	0	0	50	0	920	0	0	0	920	135	50	251	0	0	0	50	0	0
160	20	0	830	70	120	990	20	10	20	0	0	60	15	0	0	20	20	0	50	70	0	0	20	0	120	110	0	0	100	20	30	70	50	120	50	150	0	0	170	0	30	20	70	160	20	160	10	20	120	120	720	0	20	220	20	220	0	0	120	0	990	0	70	50	990	205	120	321	0	0	0	120	20	70
170	30	0	840	80	130	1000	30	20	30	0	0	70	25	0	0	30	30	0	60	80	10	0	30	10	130	120	0	0	110	30	40	80	60	130	60	160	0	0	180	0	40	30	80	170	30	170	20	30	130	130	730	0	30	230	30	230	0	0	130	0	1000	10	80	60	1000	215	130	331	0	0	0	130	30	80
140	0	0	810	50	100	970	0	0	0	0	0	40	0	0	0	0	0	0	30	50	0	0	0	0	100	90	0	0	80	0	10	50	30	100	30	130	0	0	150	0	10	0	50	140	0	140	0	0	100	100	700	0	0	200	0	200	0	0	100	0	970	0	50	30	970	185	100	301	0	0	0	100	0	50
160	20	0	830	70	120	990	20	10	20	0	0	60	15	0	0	20	20	0	50	70	0	0	20	0	120	110	0	0	100	20	30	70	50	120	50	150	0	0	170	0	30	20	70	160	20	160	10	20	120	120	720	0	20	220	20	220	0	0	120	0	990	0	70	50	990	205	120	321	0	0	0	120	20	70
40	0	0	710	0	0	870	0	0	0	0	0	0	0	0	0	0	0	0	0	0	0	0	0	0	0	0	0	0	0	0	0	0	0	0	0	30	0	0	50	0	0	0	0	40	0	40	0	0	0	0	600	0	0	100	0	100	0	0	0	0	870	0	0	0	870	85	0	201	0	0	0	0	0	0
50	0	0	720	0	10	880	0	0	0	0	0	0	0	0	0	0	0	0	0	0	0	0	0	0	10	0	0	0	0	0	0	0	0	10	0	40	0	0	60	0	0	0	0	50	0	50	0	0	10	10	610	0	0	110	0	110	0	0	10	0	880	0	0	0	880	95	10	211	0	0	0	10	0	0
190	50	0	860	100	150	1020	50	40	50	0	0	90	45	0	0	50	50	0	80	100	30	20	50	30	150	140	0	0	130	50	60	100	80	150	80	180	0	0	200	0	60	50	100	190	50	190	40	50	150	150	750	0	50	250	50	250	0	0	150	0	1020	30	100	80	1020	235	150	351	0	0	0	150	50	100
190	50	0	860	100	150	1020	50	40	50	0	0	90	45	0	0	50	50	0	80	100	30	20	50	30	150	140	0	0	130	50	60	100	80	150	80	180	0	0	200	0	60	50	100	190	50	190	40	50	150	150	750	0	50	250	50	250	0	0	150	0	1020	30	100	80	1020	235	150	351	0	0	0	150	50	100
60	0	0	730	0	20	890	0	0	0	0	0	0	0	0	0	0	0	0	0	0	0	0	0	0	20	10	0	0	0	0	0	0	0	20	0	50	0	0	70	0	0	0	0	60	0	60	0	0	20	20	620	0	0	120	0	120	0	0	20	0	890	0	0	0	890	105	20	221	0	0	0	20	0	0
140	0	0	810	50	100	970	0	0	0	0	0	40	0	0	0	0	0	0	30	50	0	0	0	0	100	90	0	0	80	0	10	50	30	100	30	130	0	0	150	0	10	0	50	140	0	140	0	0	100	100	700	0	0	200	0	200	0	0	100	0	970	0	50	30	970	185	100	301	0	0	0	100	0	50
130	0	0	800	40	90	960	0	0	0	0	0	30	0	0	0	0	0	0	20	40	0	0	0	0	90	80	0	0	70	0	0	40	20	90	20	120	0	0	140	0	0	0	40	130	0	130	0	0	90	90	690	0	0	190	0	190	0	0	90	0	960	0	40	20	960	175	90	291	0	0	0	90	0	40
90	0	0	760	0	50	920	0	0	0	0	0	0	0	0	0	0	0	0	0	0	0	0	0	0	50	40	0	0	30	0	0	0	0	50	0	80	0	0	100	0	0	0	0	90	0	90	0	0	50	50	650	0	0	150	0	150	0	0	50	0	920	0	0	0	920	135	50	251	0	0	0	50	0	0
110	0	0	780	20	70	940	0	0	0	0	0	10	0	0	0	0	0	0	0	20	0	0	0	0	70	60	0	0	50	0	0	20	0	70	0	100	0	0	120	0	0	0	20	110	0	110	0	0	70	70	670	0	0	170	0	170	0	0	70	0	940	0	20	0	940	155	70	271	0	0	0	70	0	20
40	0	0	710	0	0	870	0	0	0	0	0	0	0	0	0	0	0	0	0	0	0	0	0	0	0	0	0	0	0	0	0	0	0	0	0	30	0	0	50	0	0	0	0	40	0	40	0	0	0	0	600	0	0	100	0	100	0	0	0	0	870	0	0	0	870	85	0	201	0	0	0	0	0	0
110	0	0	780	20	70	940	0	0	0	0	0	10	0	0	0	0	0	0	0	20	0	0	0	0	70	60	0	0	50	0	0	20	0	70	0	100	0	0	120	0	0	0	20	110	0	110	0	0	70	70	670	0	0	170	0	170	0	0	70	0	940	0	20	0	940	155	70	271	0	0	0	70	0	20
10	0	0	680	0	0	840	0	0	0	0	0	0	0	0	0	0	0	0	0	0	0	0	0	0	0	0	0	0	0	0	0	0	0	0	0	0	0	0	20	0	0	0	0	10	0	10	0	0	0	0	570	0	0	70	0	70	0	0	0	0	840	0	0	0	840	55	0	171	0	0	0	0	0	0
200	60	10	870	110	160	1030	60	50	60	0	0	100	55	0	0	60	60	0	90	110	40	30	60	40	160	150	10	10	140	60	70	110	90	160	90	190	0	0	210	10	70	60	110	200	60	200	50	60	160	160	760	0	60	260	60	260	0	0	160	0	1030	40	110	90	1030	245	160	361	0	0	0	160	60	110
285	145	95	955	195	245	1115	145	135	145	35	55	185	140	0	75	145	145	85	175	195	125	115	145	125	245	235	95	95	225	145	155	195	175	245	175	275	85	0	295	95	155	145	195	285	145	285	135	145	245	245	845	45	145	345	145	345	75	75	245	45	1115	125	195	175	1115	330	245	446	75	45	75	245	145	195
0	0	0	660	0	0	820	0	0	0	0	0	0	0	0	0	0	0	0	0	0	0	0	0	0	0	0	0	0	0	0	0	0	0	0	0	0	0	0	0	0	0	0	0	0	0	0	0	0	0	0	550	0	0	50	0	50	0	0	0	0	820	0	0	0	820	35	0	151	0	0	0	0	0	0
190	50	0	860	100	150	1020	50	40	50	0	0	90	45	0	0	50	50	0	80	100	30	20	50	30	150	140	0	0	130	50	60	100	80	150	80	180	0	0	200	0	60	50	100	190	50	190	40	50	150	150	750	0	50	250	50	250	0	0	150	0	1020	30	100	80	1020	235	150	351	0	0	0	150	50	100
130	0	0	800	40	90	960	0	0	0	0	0	30	0	0	0	0	0	0	20	40	0	0	0	0	90	80	0	0	70	0	0	40	20	90	20	120	0	0	140	0	0	0	40	130	0	130	0	0	90	90	690	0	0	190	0	190	0	0	90	0	960	0	40	20	960	175	90	291	0	0	0	90	0	40
140	0	0	810	50	100	970	0	0	0	0	0	40	0	0	0	0	0	0	30	50	0	0	0	0	100	90	0	0	80	0	10	50	30	100	30	130	0	0	150	0	10	0	50	140	0	140	0	0	100	100	700	0	0	200	0	200	0	0	100	0	970	0	50	30	970	185	100	301	0	0	0	100	0	50
90	0	0	760	0	50	920	0	0	0	0	0	0	0	0	0	0	0	0	0	0	0	0	0	0	50	40	0	0	30	0	0	0	0	50	0	80	0	0	100	0	0	0	0	90	0	90	0	0	50	50	650	0	0	150	0	150	0	0	50	0	920	0	0	0	920	135	50	251	0	0	0	50	0	0
0	0	0	670	0	0	830	0	0	0	0	0	0	0	0	0	0	0	0	0	0	0	0	0	0	0	0	0	0	0	0	0	0	0	0	0	0	0	0	10	0	0	0	0	0	0	0	0	0	0	0	560	0	0	60	0	60	0	0	0	0	830	0	0	0	830	45	0	161	0	0	0	0	0	0
140	0	0	810	50	100	970	0	0	0	0	0	40	0	0	0	0	0	0	30	50	0	0	0	0	100	90	0	0	80	0	10	50	30	100	30	130	0	0	150	0	10	0	50	140	0	140	0	0	100	100	700	0	0	200	0	200	0	0	100	0	970	0	50	30	970	185	100	301	0	0	0	100	0	50
0	0	0	670	0	0	830	0	0	0	0	0	0	0	0	0	0	0	0	0	0	0	0	0	0	0	0	0	0	0	0	0	0	0	0	0	0	0	0	10	0	0	0	0	0	0	0	0	0	0	0	560	0	0	60	0	60	0	0	0	0	830	0	0	0	830	45	0	161	0	0	0	0	0	0
150	10	0	820	60	110	980	10	0	10	0	0	50	5	0	0	10	10	0	40	60	0	0	10	0	110	100	0	0	90	10	20	60	40	110	40	140	0	0	160	0	20	10	60	150	10	150	0	10	110	110	710	0	10	210	10	210	0	0	110	0	980	0	60	40	980	195	110	311	0	0	0	110	10	60
140	0	0	810	50	100	970	0	0	0	0	0	40	0	0	0	0	0	0	30	50	0	0	0	0	100	90	0	0	80	0	10	50	30	100	30	130	0	0	150	0	10	0	50	140	0	140	0	0	100	100	700	0	0	200	0	200	0	0	100	0	970	0	50	30	970	185	100	301	0	0	0	100	0	50
40	0	0	710	0	0	870	0	0	0	0	0	0	0	0	0	0	0	0	0	0	0	0	0	0	0	0	0	0	0	0	0	0	0	0	0	30	0	0	50	0	0	0	0	40	0	40	0	0	0	0	600	0	0	100	0	100	0	0	0	0	870	0	0	0	870	85	0	201	0	0	0	0	0	0
40	0	0	710	0	0	870	0	0	0	0	0	0	0	0	0	0	0	0	0	0	0	0	0	0	0	0	0	0	0	0	0	0	0	0	0	30	0	0	50	0	0	0	0	40	0	40	0	0	0	0	600	0	0	100	0	100	0	0	0	0	870	0	0	0	870	85	0	201	0	0	0	0	0	0
0	0	0	110	0	0	270	0	0	0	0	0	0	0	0	0	0	0	0	0	0	0	0	0	0	0	0	0	0	0	0	0	0	0	0	0	0	0	0	0	0	0	0	0	0	0	0	0	0	0	0	0	0	0	0	0	0	0	0	0	0	270	0	0	0	270	0	0	0	0	0	0	0	0	0
240	100	50	910	150	200	1070	100	90	100	0	10	140	95	0	30	100	100	40	130	150	80	70	100	80	200	190	50	50	180	100	110	150	130	200	130	230	40	0	250	50	110	100	150	240	100	240	90	100	200	200	800	0	100	300	100	300	30	30	200	0	1070	80	150	130	1070	285	200	401	30	0	30	200	100	150
140	0	0	810	50	100	970	0	0	0	0	0	40	0	0	0	0	0	0	30	50	0	0	0	0	100	90	0	0	80	0	10	50	30	100	30	130	0	0	150	0	10	0	50	140	0	140	0	0	100	100	700	0	0	200	0	200	0	0	100	0	970	0	50	30	970	185	100	301	0	0	0	100	0	50
0	0	0	610	0	0	770	0	0	0	0	0	0	0	0	0	0	0	0	0	0	0	0	0	0	0	0	0	0	0	0	0	0	0	0	0	0	0	0	0	0	0	0	0	0	0	0	0	0	0	0	500	0	0	0	0	0	0	0	0	0	770	0	0	0	770	0	0	101	0	0	0	0	0	0
140	0	0	810	50	100	970	0	0	0	0	0	40	0	0	0	0	0	0	30	50	0	0	0	0	100	90	0	0	80	0	10	50	30	100	30	130	0	0	150	0	10	0	50	140	0	140	0	0	100	100	700	0	0	200	0	200	0	0	100	0	970	0	50	30	970	185	100	301	0	0	0	100	0	50
0	0	0	610	0	0	770	0	0	0	0	0	0	0	0	0	0	0	0	0	0	0	0	0	0	0	0	0	0	0	0	0	0	0	0	0	0	0	0	0	0	0	0	0	0	0	0	0	0	0	0	500	0	0	0	0	0	0	0	0	0	770	0	0	0	770	0	0	101	0	0	0	0	0	0
210	70	20	880	120	170	1040	70	60	70	0	0	110	65	0	0	70	70	10	100	120	50	40	70	50	170	160	20	20	150	70	80	120	100	170	100	200	10	0	220	20	80	70	120	210	70	210	60	70	170	170	770	0	70	270	70	270	0	0	170	0	1040	50	120	100	1040	255	170	371	0	0	0	170	70	120
210	70	20	880	120	170	1040	70	60	70	0	0	110	65	0	0	70	70	10	100	120	50	40	70	50	170	160	20	20	150	70	80	120	100	170	100	200	10	0	220	20	80	70	120	210	70	210	60	70	170	170	770	0	70	270	70	270	0	0	170	0	1040	50	120	100	1040	255	170	371	0	0	0	170	70	120
40	0	0	710	0	0	870	0	0	0	0	0	0	0	0	0	0	0	0	0	0	0	0	0	0	0	0	0	0	0	0	0	0	0	0	0	30	0	0	50	0	0	0	0	40	0	40	0	0	0	0	600	0	0	100	0	100	0	0	0	0	870	0	0	0	870	85	0	201	0	0	0	0	0	0
240	100	50	910	150	200	1070	100	90	100	0	10	140	95	0	30	100	100	40	130	150	80	70	100	80	200	190	50	50	180	100	110	150	130	200	130	230	40	0	250	50	110	100	150	240	100	240	90	100	200	200	800	0	100	300	100	300	30	30	200	0	1070	80	150	130	1070	285	200	401	30	0	30	200	100	150
0	0	0	0	0	0	0	0	0	0	0	0	0	0	0	0	0	0	0	0	0	0	0	0	0	0	0	0	0	0	0	0	0	0	0	0	0	0	0	0	0	0	0	0	0	0	0	0	0	0	0	0	0	0	0	0	0	0	0	0	0	0	0	0	0	0	0	0	0	0	0	0	0	0	0
160	20	0	830	70	120	990	20	10	20	0	0	60	15	0	0	20	20	0	50	70	0	0	20	0	120	110	0	0	100	20	30	70	50	120	50	150	0	0	170	0	30	20	70	160	20	160	10	20	120	120	720	0	20	220	20	220	0	0	120	0	990	0	70	50	990	205	120	321	0	0	0	120	20	70
90	0	0	760	0	50	920	0	0	0	0	0	0	0	0	0	0	0	0	0	0	0	0	0	0	50	40	0	0	30	0	0	0	0	50	0	80	0	0	100	0	0	0	0	90	0	90	0	0	50	50	650	0	0	150	0	150	0	0	50	0	920	0	0	0	920	135	50	251	0	0	0	50	0	0
110	0	0	780	20	70	940	0	0	0	0	0	10	0	0	0	0	0	0	0	20	0	0	0	0	70	60	0	0	50	0	0	20	0	70	0	100	0	0	120	0	0	0	20	110	0	110	0	0	70	70	670	0	0	170	0	170	0	0	70	0	940	0	20	0	940	155	70	271	0	0	0	70	0	20
0	0	0	0	0	0	0	0	0	0	0	0	0	0	0	0	0	0	0	0	0	0	0	0	0	0	0	0	0	0	0	0	0	0	0	0	0	0	0	0	0	0	0	0	0	0	0	0	0	0	0	0	0	0	0	0	0	0	0	0	0	0	0	0	0	0	0	0	0	0	0	0	0	0	0
0	0	0	625	0	0	785	0	0	0	0	0	0	0	0	0	0	0	0	0	0	0	0	0	0	0	0	0	0	0	0	0	0	0	0	0	0	0	0	0	0	0	0	0	0	0	0	0	0	0	0	515	0	0	15	0	15	0	0	0	0	785	0	0	0	785	0	0	116	0	0	0	0	0	0
40	0	0	710	0	0	870	0	0	0	0	0	0	0	0	0	0	0	0	0	0	0	0	0	0	0	0	0	0	0	0	0	0	0	0	0	30	0	0	50	0	0	0	0	40	0	40	0	0	0	0	600	0	0	100	0	100	0	0	0	0	870	0	0	0	870	85	0	201	0	0	0	0	0	0
0	0	0	509	0	0	669	0	0	0	0	0	0	0	0	0	0	0	0	0	0	0	0	0	0	0	0	0	0	0	0	0	0	0	0	0	0	0	0	0	0	0	0	0	0	0	0	0	0	0	0	399	0	0	0	0	0	0	0	0	0	669	0	0	0	669	0	0	0	0	0	0	0	0	0
210	70	20	880	120	170	1040	70	60	70	0	0	110	65	0	0	70	70	10	100	120	50	40	70	50	170	160	20	20	150	70	80	120	100	170	100	200	10	0	220	20	80	70	120	210	70	210	60	70	170	170	770	0	70	270	70	270	0	0	170	0	1040	50	120	100	1040	255	170	371	0	0	0	170	70	120
240	100	50	910	150	200	1070	100	90	100	0	10	140	95	0	30	100	100	40	130	150	80	70	100	80	200	190	50	50	180	100	110	150	130	200	130	230	40	0	250	50	110	100	150	240	100	240	90	100	200	200	800	0	100	300	100	300	30	30	200	0	1070	80	150	130	1070	285	200	401	30	0	30	200	100	150
210	70	20	880	120	170	1040	70	60	70	0	0	110	65	0	0	70	70	10	100	120	50	40	70	50	170	160	20	20	150	70	80	120	100	170	100	200	10	0	220	20	80	70	120	210	70	210	60	70	170	170	770	0	70	270	70	270	0	0	170	0	1040	50	120	100	1040	255	170	371	0	0	0	170	70	120
40	0	0	710	0	0	870	0	0	0	0	0	0	0	0	0	0	0	0	0	0	0	0	0	0	0	0	0	0	0	0	0	0	0	0	0	30	0	0	50	0	0	0	0	40	0	40	0	0	0	0	600	0	0	100	0	100	0	0	0	0	870	0	0	0	870	85	0	201	0	0	0	0	0	0
140	0	0	810	50	100	970	0	0	0	0	0	40	0	0	0	0	0	0	30	50	0	0	0	0	100	90	0	0	80	0	10	50	30	100	30	130	0	0	150	0	10	0	50	140	0	140	0	0	100	100	700	0	0	200	0	200	0	0	100	0	970	0	50	30	970	185	100	301	0	0	0	100	0	50
90	0	0	760	0	50	920	0	0	0	0	0	0	0	0	0	0	0	0	0	0	0	0	0	0	50	40	0	0	30	0	0	0	0	50	0	80	0	0	100	0	0	0	0	90	0	90	0	0	50	50	650	0	0	150	0	150	0	0	50	0	920	0	0	0	920	135	50	251	0	0	0	50	0	0

0	140	190	0	90	40	0	140	150	140	250	230	100	145	285	210	140	140	200	110	90	160	170	140	160	40	50	190	190	60	140	130	90	110	40	110	10	200	285	0	190	130	140	90	0	140	0	150	140	40	40	0	240	140	0	140	0	210	210	40	240	0	160	90	110	0	0	40	0	210	240	210	40	140	90
0	0	50	0	0	0	0	0	10	0	110	90	0	5	145	70	0	0	60	0	0	20	30	0	20	0	0	50	50	0	0	0	0	0	0	0	0	60	145	0	50	0	0	0	0	0	0	10	0	0	0	0	100	0	0	0	0	70	70	0	100	0	20	0	0	0	0	0	0	70	100	70	0	0	0
0	0	0	0	0	0	0	0	0	0	60	40	0	0	95	20	0	0	10	0	0	0	0	0	0	0	0	0	0	0	0	0	0	0	0	0	0	10	95	0	0	0	0	0	0	0	0	0	0	0	0	0	50	0	0	0	0	20	20	0	50	0	0	0	0	0	0	0	0	20	50	20	0	0	0
670	810	860	0	760	710	0	810	820	810	920	900	770	815	955	880	810	810	870	780	760	830	840	810	830	710	720	860	860	730	810	800	760	780	710	780	680	870	955	660	860	800	810	760	670	810	670	820	810	710	710	110	910	810	610	810	610	880	880	710	910	0	830	760	780	0	625	710	509	880	910	880	710	810	760
0	50	100	0	0	0	0	50	60	50	160	140	10	55	195	120	50	50	110	20	0	70	80	50	70	0	0	100	100	0	50	40	0	20	0	20	0	110	195	0	100	40	50	0	0	50	0	60	50	0	0	0	150	50	0	50	0	120	120	0	150	0	70	0	20	0	0	0	0	120	150	120	0	50	0
0	100	150	0	50	0	0	100	110	100	210	190	60	105	245	170	100	100	160	70	50	120	130	100	120	0	10	150	150	20	100	90	50	70	0	70	0	160	245	0	150	90	100	50	0	100	0	110	100	0	0	0	200	100	0	100	0	170	170	0	200	0	120	50	70	0	0	0	0	170	200	170	0	100	50
830	970	1020	160	920	870	0	970	980	970	1080	1060	930	975	1115	1040	970	970	1030	940	920	990	1000	970	990	870	880	1020	1020	890	970	960	920	940	870	940	840	1030	1115	820	1020	960	970	920	830	970	830	980	970	870	870	270	1070	970	770	970	770	1040	1040	870	1070	0	990	920	940	0	785	870	669	1040	1070	1040	870	970	920
0	0	50	0	0	0	0	0	10	0	110	90	0	5	145	70	0	0	60	0	0	20	30	0	20	0	0	50	50	0	0	0	0	0	0	0	0	60	145	0	50	0	0	0	0	0	0	10	0	0	0	0	100	0	0	0	0	70	70	0	100	0	20	0	0	0	0	0	0	70	100	70	0	0	0
0	0	40	0	0	0	0	0	0	0	100	80	0	0	135	60	0	0	50	0	0	10	20	0	10	0	0	40	40	0	0	0	0	0	0	0	0	50	135	0	40	0	0	0	0	0	0	0	0	0	0	0	90	0	0	0	0	60	60	0	90	0	10	0	0	0	0	0	0	60	90	60	0	0	0
0	0	50	0	0	0	0	0	10	0	110	90	0	5	145	70	0	0	60	0	0	20	30	0	20	0	0	50	50	0	0	0	0	0	0	0	0	60	145	0	50	0	0	0	0	0	0	10	0	0	0	0	100	0	0	0	0	70	70	0	100	0	20	0	0	0	0	0	0	70	100	70	0	0	0
0	0	0	0	0	0	0	0	0	0	0	0	0	0	35	0	0	0	0	0	0	0	0	0	0	0	0	0	0	0	0	0	0	0	0	0	0	0	35	0	0	0	0	0	0	0	0	0	0	0	0	0	0	0	0	0	0	0	0	0	0	0	0	0	0	0	0	0	0	0	0	0	0	0	0
0	0	0	0	0	0	0	0	0	0	20	0	0	0	55	0	0	0	0	0	0	0	0	0	0	0	0	0	0	0	0	0	0	0	0	0	0	0	55	0	0	0	0	0	0	0	0	0	0	0	0	0	10	0	0	0	0	0	0	0	10	0	0	0	0	0	0	0	0	0	10	0	0	0	0
0	40	90	0	0	0	0	40	50	40	150	130	0	45	185	110	40	40	100	10	0	60	70	40	60	0	0	90	90	0	40	30	0	10	0	10	0	100	185	0	90	30	40	0	0	40	0	50	40	0	0	0	140	40	0	40	0	110	110	0	140	0	60	0	10	0	0	0	0	110	140	110	0	40	0
0	0	45	0	0	0	0	0	5	0	105	85	0	0	140	65	0	0	55	0	0	15	25	0	15	0	0	45	45	0	0	0	0	0	0	0	0	55	140	0	45	0	0	0	0	0	0	5	0	0	0	0	95	0	0	0	0	65	65	0	95	0	15	0	0	0	0	0	0	65	95	65	0	0	0
0	0	0	0	0	0	0	0	0	0	0	0	0	0	0	0	0	0	0	0	0	0	0	0	0	0	0	0	0	0	0	0	0	0	0	0	0	0	0	0	0	0	0	0	0	0	0	0	0	0	0	0	0	0	0	0	0	0	0	0	0	0	0	0	0	0	0	0	0	0	0	0	0	0	0
0	0	0	0	0	0	0	0	0	0	40	20	0	0	75	0	0	0	0	0	0	0	0	0	0	0	0	0	0	0	0	0	0	0	0	0	0	0	75	0	0	0	0	0	0	0	0	0	0	0	0	0	30	0	0	0	0	0	0	0	30	0	0	0	0	0	0	0	0	0	30	0	0	0	0
0	0	50	0	0	0	0	0	10	0	110	90	0	5	145	70	0	0	60	0	0	20	30	0	20	0	0	50	50	0	0	0	0	0	0	0	0	60	145	0	50	0	0	0	0	0	0	10	0	0	0	0	100	0	0	0	0	70	70	0	100	0	20	0	0	0	0	0	0	70	100	70	0	0	0
0	0	50	0	0	0	0	0	10	0	110	90	0	5	145	70	0	0	60	0	0	20	30	0	20	0	0	50	50	0	0	0	0	0	0	0	0	60	145	0	50	0	0	0	0	0	0	10	0	0	0	0	100	0	0	0	0	70	70	0	100	0	20	0	0	0	0	0	0	70	100	70	0	0	0
0	0	0	0	0	0	0	0	0	0	50	30	0	0	85	10	0	0	0	0	0	0	0	0	0	0	0	0	0	0	0	0	0	0	0	0	0	0	85	0	0	0	0	0	0	0	0	0	0	0	0	0	40	0	0	0	0	10	10	0	40	0	0	0	0	0	0	0	0	10	40	10	0	0	0
0	30	80	0	0	0	0	30	40	30	140	120	0	35	175	100	30	30	90	0	0	50	60	30	50	0	0	80	80	0	30	20	0	0	0	0	0	90	175	0	80	20	30	0	0	30	0	40	30	0	0	0	130	30	0	30	0	100	100	0	130	0	50	0	0	0	0	0	0	100	130	100	0	30	0
0	50	100	0	0	0	0	50	60	50	160	140	10	55	195	120	50	50	110	20	0	70	80	50	70	0	0	100	100	0	50	40	0	20	0	20	0	110	195	0	100	40	50	0	0	50	0	60	50	0	0	0	150	50	0	50	0	120	120	0	150	0	70	0	20	0	0	0	0	120	150	120	0	50	0
0	0	30	0	0	0	0	0	0	0	90	70	0	0	125	50	0	0	40	0	0	0	10	0	0	0	0	30	30	0	0	0	0	0	0	0	0	40	125	0	30	0	0	0	0	0	0	0	0	0	0	0	80	0	0	0	0	50	50	0	80	0	0	0	0	0	0	0	0	50	80	50	0	0	0
0	0	20	0	0	0	0	0	0	0	80	60	0	0	115	40	0	0	30	0	0	0	0	0	0	0	0	20	20	0	0	0	0	0	0	0	0	30	115	0	20	0	0	0	0	0	0	0	0	0	0	0	70	0	0	0	0	40	40	0	70	0	0	0	0	0	0	0	0	40	70	40	0	0	0
0	0	50	0	0	0	0	0	10	0	110	90	0	5	145	70	0	0	60	0	0	20	30	0	20	0	0	50	50	0	0	0	0	0	0	0	0	60	145	0	50	0	0	0	0	0	0	10	0	0	0	0	100	0	0	0	0	70	70	0	100	0	20	0	0	0	0	0	0	70	100	70	0	0	0
0	0	30	0	0	0	0	0	0	0	90	70	0	0	125	50	0	0	40	0	0	0	10	0	0	0	0	30	30	0	0	0	0	0	0	0	0	40	125	0	30	0	0	0	0	0	0	0	0	0	0	0	80	0	0	0	0	50	50	0	80	0	0	0	0	0	0	0	0	50	80	50	0	0	0
0	100	150	0	50	0	0	100	110	100	210	190	60	105	245	170	100	100	160	70	50	120	130	100	120	0	10	150	150	20	100	90	50	70	0	70	0	160	245	0	150	90	100	50	0	100	0	110	100	0	0	0	200	100	0	100	0	170	170	0	200	0	120	50	70	0	0	0	0	170	200	170	0	100	50
0	90	140	0	40	0	0	90	100	90	200	180	50	95	235	160	90	90	150	60	40	110	120	90	110	0	0	140	140	10	90	80	40	60	0	60	0	150	235	0	140	80	90	40	0	90	0	100	90	0	0	0	190	90	0	90	0	160	160	0	190	0	110	40	60	0	0	0	0	160	190	160	0	90	40
0	0	0	0	0	0	0	0	0	0	60	40	0	0	95	20	0	0	10	0	0	0	0	0	0	0	0	0	0	0	0	0	0	0	0	0	0	10	95	0	0	0	0	0	0	0	0	0	0	0	0	0	50	0	0	0	0	20	20	0	50	0	0	0	0	0	0	0	0	20	50	20	0	0	0
0	0	0	0	0	0	0	0	0	0	60	40	0	0	95	20	0	0	10	0	0	0	0	0	0	0	0	0	0	0	0	0	0	0	0	0	0	10	95	0	0	0	0	0	0	0	0	0	0	0	0	0	50	0	0	0	0	20	20	0	50	0	0	0	0	0	0	0	0	20	50	20	0	0	0
0	80	130	0	30	0	0	80	90	80	190	170	40	85	225	150	80	80	140	50	30	100	110	80	100	0	0	130	130	0	80	70	30	50	0	50	0	140	225	0	130	70	80	30	0	80	0	90	80	0	0	0	180	80	0	80	0	150	150	0	180	0	100	30	50	0	0	0	0	150	180	150	0	80	30
0	0	50	0	0	0	0	0	10	0	110	90	0	5	145	70	0	0	60	0	0	20	30	0	20	0	0	50	50	0	0	0	0	0	0	0	0	60	145	0	50	0	0	0	0	0	0	10	0	0	0	0	100	0	0	0	0	70	70	0	100	0	20	0	0	0	0	0	0	70	100	70	0	0	0
0	10	60	0	0	0	0	10	20	10	120	100	0	15	155	80	10	10	70	0	0	30	40	10	30	0	0	60	60	0	10	0	0	0	0	0	0	70	155	0	60	0	10	0	0	10	0	20	10	0	0	0	110	10	0	10	0	80	80	0	110	0	30	0	0	0	0	0	0	80	110	80	0	10	0
0	50	100	0	0	0	0	50	60	50	160	140	10	55	195	120	50	50	110	20	0	70	80	50	70	0	0	100	100	0	50	40	0	20	0	20	0	110	195	0	100	40	50	0	0	50	0	60	50	0	0	0	150	50	0	50	0	120	120	0	150	0	70	0	20	0	0	0	0	120	150	120	0	50	0
0	30	80	0	0	0	0	30	40	30	140	120	0	35	175	100	30	30	90	0	0	50	60	30	50	0	0	80	80	0	30	20	0	0	0	0	0	90	175	0	80	20	30	0	0	30	0	40	30	0	0	0	130	30	0	30	0	100	100	0	130	0	50	0	0	0	0	0	0	100	130	100	0	30	0
0	100	150	0	50	0	0	100	110	100	210	190	60	105	245	170	100	100	160	70	50	120	130	100	120	0	10	150	150	20	100	90	50	70	0	70	0	160	245	0	150	90	100	50	0	100	0	110	100	0	0	0	200	100	0	100	0	170	170	0	200	0	120	50	70	0	0	0	0	170	200	170	0	100	50
0	30	80	0	0	0	0	30	40	30	140	120	0	35	175	100	30	30	90	0	0	50	60	30	50	0	0	80	80	0	30	20	0	0	0	0	0	90	175	0	80	20	30	0	0	30	0	40	30	0	0	0	130	30	0	30	0	100	100	0	130	0	50	0	0	0	0	0	0	100	130	100	0	30	0
0	130	180	0	80	30	0	130	140	130	240	220	90	135	275	200	130	130	190	100	80	150	160	130	150	30	40	180	180	50	130	120	80	100	30	100	0	190	275	0	180	120	130	80	0	130	0	140	130	30	30	0	230	130	0	130	0	200	200	30	230	0	150	80	100	0	0	30	0	200	230	200	30	130	80
0	0	0	0	0	0	0	0	0	0	50	30	0	0	85	10	0	0	0	0	0	0	0	0	0	0	0	0	0	0	0	0	0	0	0	0	0	0	85	0	0	0	0	0	0	0	0	0	0	0	0	0	40	0	0	0	0	10	10	0	40	0	0	0	0	0	0	0	0	10	40	10	0	0	0
0	0	0	0	0	0	0	0	0	0	0	0	0	0	0	0	0	0	0	0	0	0	0	0	0	0	0	0	0	0	0	0	0	0	0	0	0	0	0	0	0	0	0	0	0	0	0	0	0	0	0	0	0	0	0	0	0	0	0	0	0	0	0	0	0	0	0	0	0	0	0	0	0	0	0
10	150	200	0	100	50	0	150	160	150	260	240	110	155	295	220	150	150	210	120	100	170	180	150	170	50	60	200	200	70	150	140	100	120	50	120	20	210	295	0	200	140	150	100	10	150	10	160	150	50	50	0	250	150	0	150	0	220	220	50	250	0	170	100	120	0	0	50	0	220	250	220	50	150	100
0	0	0	0	0	0	0	0	0	0	60	40	0	0	95	20	0	0	10	0	0	0	0	0	0	0	0	0	0	0	0	0	0	0	0	0	0	10	95	0	0	0	0	0	0	0	0	0	0	0	0	0	50	0	0	0	0	20	20	0	50	0	0	0	0	0	0	0	0	20	50	20	0	0	0
0	10	60	0	0	0	0	10	20	10	120	100	0	15	155	80	10	10	70	0	0	30	40	10	30	0	0	60	60	0	10	0	0	0	0	0	0	70	155	0	60	0	10	0	0	10	0	20	10	0	0	0	110	10	0	10	0	80	80	0	110	0	30	0	0	0	0	0	0	80	110	80	0	10	0
0	0	50	0	0	0	0	0	10	0	110	90	0	5	145	70	0	0	60	0	0	20	30	0	20	0	0	50	50	0	0	0	0	0	0	0	0	60	145	0	50	0	0	0	0	0	0	10	0	0	0	0	100	0	0	0	0	70	70	0	100	0	20	0	0	0	0	0	0	70	100	70	0	0	0
0	50	100	0	0	0	0	50	60	50	160	140	10	55	195	120	50	50	110	20	0	70	80	50	70	0	0	100	100	0	50	40	0	20	0	20	0	110	195	0	100	40	50	0	0	50	0	60	50	0	0	0	150	50	0	50	0	120	120	0	150	0	70	0	20	0	0	0	0	120	150	120	0	50	0
0	140	190	0	90	40	0	140	150	140	250	230	100	145	285	210	140	140	200	110	90	160	170	140	160	40	50	190	190	60	140	130	90	110	40	110	10	200	285	0	190	130	140	90	0	140	0	150	140	40	40	0	240	140	0	140	0	210	210	40	240	0	160	90	110	0	0	40	0	210	240	210	40	140	90
0	0	50	0	0	0	0	0	10	0	110	90	0	5	145	70	0	0	60	0	0	20	30	0	20	0	0	50	50	0	0	0	0	0	0	0	0	60	145	0	50	0	0	0	0	0	0	10	0	0	0	0	100	0	0	0	0	70	70	0	100	0	20	0	0	0	0	0	0	70	100	70	0	0	0
0	140	190	0	90	40	0	140	150	140	250	230	100	145	285	210	140	140	200	110	90	160	170	140	160	40	50	190	190	60	140	130	90	110	40	110	10	200	285	0	190	130	140	90	0	140	0	150	140	40	40	0	240	140	0	140	0	210	210	40	240	0	160	90	110	0	0	40	0	210	240	210	40	140	90
0	0	40	0	0	0	0	0	0	0	100	80	0	0	135	60	0	0	50	0	0	10	20	0	10	0	0	40	40	0	0	0	0	0	0	0	0	50	135	0	40	0	0	0	0	0	0	0	0	0	0	0	90	0	0	0	0	60	60	0	90	0	10	0	0	0	0	0	0	60	90	60	0	0	0
0	0	50	0	0	0	0	0	10	0	110	90	0	5	145	70	0	0	60	0	0	20	30	0	20	0	0	50	50	0	0	0	0	0	0	0	0	60	145	0	50	0	0	0	0	0	0	10	0	0	0	0	100	0	0	0	0	70	70	0	100	0	20	0	0	0	0	0	0	70	100	70	0	0	0
0	100	150	0	50	0	0	100	110	100	210	190	60	105	245	170	100	100	160	70	50	120	130	100	120	0	10	150	150	20	100	90	50	70	0	70	0	160	245	0	150	90	100	50	0	100	0	110	100	0	0	0	200	100	0	100	0	170	170	0	200	0	120	50	70	0	0	0	0	170	200	170	0	100	50
0	100	150	0	50	0	0	100	110	100	210	190	60	105	245	170	100	100	160	70	50	120	130	100	120	0	10	150	150	20	100	90	50	70	0	70	0	160	245	0	150	90	100	50	0	100	0	110	100	0	0	0	200	100	0	100	0	170	170	0	200	0	120	50	70	0	0	0	0	170	200	170	0	100	50
560	700	750	0	650	600	0	700	710	700	810	790	660	705	845	770	700	700	760	670	650	720	730	700	720	600	610	750	750	620	700	690	650	670	600	670	570	760	845	550	750	690	700	650	560	700	560	710	700	600	600	0	800	700	500	700	500	770	770	600	800	0	720	650	670	0	515	600	399	770	800	770	600	700	650
0	0	0	0	0	0	0	0	0	0	10	0	0	0	45	0	0	0	0	0	0	0	0	0	0	0	0	0	0	0	0	0	0	0	0	0	0	0	45	0	0	0	0	0	0	0	0	0	0	0	0	0	0	0	0	0	0	0	0	0	0	0	0	0	0	0	0	0	0	0	0	0	0	0	0
0	0	50	0	0	0	0	0	10	0	110	90	0	5	145	70	0	0	60	0	0	20	30	0	20	0	0	50	50	0	0	0	0	0	0	0	0	60	145	0	50	0	0	0	0	0	0	10	0	0	0	0	100	0	0	0	0	70	70	0	100	0	20	0	0	0	0	0	0	70	100	70	0	0	0
60	200	250	0	150	100	0	200	210	200	310	290	160	205	345	270	200	200	260	170	150	220	230	200	220	100	110	250	250	120	200	190	150	170	100	170	70	260	345	50	250	190	200	150	60	200	60	210	200	100	100	0	300	200	0	200	0	270	270	100	300	0	220	150	170	0	15	100	0	270	300	270	100	200	150
0	0	50	0	0	0	0	0	10	0	110	90	0	5	145	70	0	0	60	0	0	20	30	0	20	0	0	50	50	0	0	0	0	0	0	0	0	60	145	0	50	0	0	0	0	0	0	10	0	0	0	0	100	0	0	0	0	70	70	0	100	0	20	0	0	0	0	0	0	70	100	70	0	0	0
60	200	250	0	150	100	0	200	210	200	310	290	160	205	345	270	200	200	260	170	150	220	230	200	220	100	110	250	250	120	200	190	150	170	100	170	70	260	345	50	250	190	200	150	60	200	60	210	200	100	100	0	300	200	0	200	0	270	270	100	300	0	220	150	170	0	15	100	0	270	300	270	100	200	150
0	0	0	0	0	0	0	0	0	0	40	20	0	0	75	0	0	0	0	0	0	0	0	0	0	0	0	0	0	0	0	0	0	0	0	0	0	0	75	0	0	0	0	0	0	0	0	0	0	0	0	0	30	0	0	0	0	0	0	0	30	0	0	0	0	0	0	0	0	0	30	0	0	0	0
0	0	0	0	0	0	0	0	0	0	40	20	0	0	75	0	0	0	0	0	0	0	0	0	0	0	0	0	0	0	0	0	0	0	0	0	0	0	75	0	0	0	0	0	0	0	0	0	0	0	0	0	30	0	0	0	0	0	0	0	30	0	0	0	0	0	0	0	0	0	30	0	0	0	0
0	100	150	0	50	0	0	100	110	100	210	190	60	105	245	170	100	100	160	70	50	120	130	100	120	0	10	150	150	20	100	90	50	70	0	70	0	160	245	0	150	90	100	50	0	100	0	110	100	0	0	0	200	100	0	100	0	170	170	0	200	0	120	50	70	0	0	0	0	170	200	170	0	100	50
0	0	0	0	0	0	0	0	0	0	10	0	0	0	45	0	0	0	0	0	0	0	0	0	0	0	0	0	0	0	0	0	0	0	0	0	0	0	45	0	0	0	0	0	0	0	0	0	0	0	0	0	0	0	0	0	0	0	0	0	0	0	0	0	0	0	0	0	0	0	0	0	0	0	0
830	970	1020	160	920	870	0	970	980	970	1080	1060	930	975	1115	1040	970	970	1030	940	920	990	1000	970	990	870	880	1020	1020	890	970	960	920	940	870	940	840	1030	1115	820	1020	960	970	920	830	970	830	980	970	870	870	270	1070	970	770	970	770	1040	1040	870	1070	0	990	920	940	0	785	870	669	1040	1070	1040	870	970	920
0	0	30	0	0	0	0	0	0	0	90	70	0	0	125	50	0	0	40	0	0	0	10	0	0	0	0	30	30	0	0	0	0	0	0	0	0	40	125	0	30	0	0	0	0	0	0	0	0	0	0	0	80	0	0	0	0	50	50	0	80	0	0	0	0	0	0	0	0	50	80	50	0	0	0
0	50	100	0	0	0	0	50	60	50	160	140	10	55	195	120	50	50	110	20	0	70	80	50	70	0	0	100	100	0	50	40	0	20	0	20	0	110	195	0	100	40	50	0	0	50	0	60	50	0	0	0	150	50	0	50	0	120	120	0	150	0	70	0	20	0	0	0	0	120	150	120	0	50	0
0	30	80	0	0	0	0	30	40	30	140	120	0	35	175	100	30	30	90	0	0	50	60	30	50	0	0	80	80	0	30	20	0	0	0	0	0	90	175	0	80	20	30	0	0	30	0	40	30	0	0	0	130	30	0	30	0	100	100	0	130	0	50	0	0	0	0	0	0	100	130	100	0	30	0
830	970	1020	160	920	870	0	970	980	970	1080	1060	930	975	1115	1040	970	970	1030	940	920	990	1000	970	990	870	880	1020	1020	890	970	960	920	940	870	940	840	1030	1115	820	1020	960	970	920	830	970	830	980	970	870	870	270	1070	970	770	970	770	1040	1040	870	1070	0	990	920	940	0	785	870	669	1040	1070	1040	870	970	920
45	185	235	0	135	85	0	185	195	185	295	275	145	190	330	255	185	185	245	155	135	205	215	185	205	85	95	235	235	105	185	175	135	155	85	155	55	245	330	35	235	175	185	135	45	185	45	195	185	85	85	0	285	185	0	185	0	255	255	85	285	0	205	135	155	0	0	85	0	255	285	255	85	185	135
0	100	150	0	50	0	0	100	110	100	210	190	60	105	245	170	100	100	160	70	50	120	130	100	120	0	10	150	150	20	100	90	50	70	0	70	0	160	245	0	150	90	100	50	0	100	0	110	100	0	0	0	200	100	0	100	0	170	170	0	200	0	120	50	70	0	0	0	0	170	200	170	0	100	50
161	301	351	0	251	201	0	301	311	301	411	391	261	306	446	371	301	301	361	271	251	321	331	301	321	201	211	351	351	221	301	291	251	271	201	271	171	361	446	151	351	291	301	251	161	301	161	311	301	201	201	0	401	301	101	301	101	371	371	201	401	0	321	251	271	0	116	201	0	371	401	371	201	301	251
0	0	0	0	0	0	0	0	0	0	40	20	0	0	75	0	0	0	0	0	0	0	0	0	0	0	0	0	0	0	0	0	0	0	0	0	0	0	75	0	0	0	0	0	0	0	0	0	0	0	0	0	30	0	0	0	0	0	0	0	30	0	0	0	0	0	0	0	0	0	30	0	0	0	0
0	0	0	0	0	0	0	0	0	0	10	0	0	0	45	0	0	0	0	0	0	0	0	0	0	0	0	0	0	0	0	0	0	0	0	0	0	0	45	0	0	0	0	0	0	0	0	0	0	0	0	0	0	0	0	0	0	0	0	0	0	0	0	0	0	0	0	0	0	0	0	0	0	0	0
0	0	0	0	0	0	0	0	0	0	40	20	0	0	75	0	0	0	0	0	0	0	0	0	0	0	0	0	0	0	0	0	0	0	0	0	0	0	75	0	0	0	0	0	0	0	0	0	0	0	0	0	30	0	0	0	0	0	0	0	30	0	0	0	0	0	0	0	0	0	30	0	0	0	0
0	100	150	0	50	0	0	100	110	100	210	190	60	105	245	170	100	100	160	70	50	120	130	100	120	0	10	150	150	20	100	90	50	70	0	70	0	160	245	0	150	90	100	50	0	100	0	110	100	0	0	0	200	100	0	100	0	170	170	0	200	0	120	50	70	0	0	0	0	170	200	170	0	100	50
0	0	50	0	0	0	0	0	10	0	110	90	0	5	145	70	0	0	60	0	0	20	30	0	20	0	0	50	50	0	0	0	0	0	0	0	0	60	145	0	50	0	0	0	0	0	0	10	0	0	0	0	100	0	0	0	0	70	70	0	100	0	20	0	0	0	0	0	0	70	100	70	0	0	0
0	50	100	0	0	0	0	50	60	50	160	140	10	55	195	120	50	50	110	20	0	70	80	50	70	0	0	100	100	0	50	40	0	20	0	20	0	110	195	0	100	40	50	0	0	50	0	60	50	0	0	0	150	50	0	50	0	120	120	0	150	0	70	0	20	0	0	0	0	120	150	120	0	50	0