1773 1418 1793 1682 1792 1733 1779 1813 1721 1782 1646 1796 1696 1806 1788 1798 1778 1675 1792 1668 1705 1728 1782 1275 1781 1788 1799 1783 1466 1802 1784 1701 1801 1760 1819 1794 1702 1759 1807 1745 1739 1808 1798 1796 1755 1804 1811 1802 1700 1473 1720 1785 1806 1791 1796 1818 1807 1761 1817 1745 1673 1643 1626 1775 1784 1767 1748 1759 1719 1693 1796 1635 1744 1656 1742

85

45 71 44 52 44 48 45 42 49 45 55 44 51 43 44 43 45 52 44 53 50 49 45 82 45 44 43 45 68 43 44 51 43 46 42 44 51 46 43 47 48 43 43 44 47 43 42 43 51 67 49 44 43 44 44 42 43 46 42 47 53 55 56 45 44 46 47 46 49 51 44 55 47 54 48

14 42 31 13

33061

0	95	0	0	0	0	0	0	65	0	0	0	0	0	0	0	0	205	0	195	162	0	0	0	0	0	0	0	5	0	0	134	0	0	0	0	0	0	0	29	0	0	0	0	0	0	0	0	0	0	70	0	0	0	0	0	0	0	0	0	110	220	0	0	0	0	0	0	0	81	0	205	0	0	0
0	0	0	0	0	0	0	0	0	0	0	0	0	0	0	0	0	110	0	100	67	0	0	0	0	0	0	0	0	0	0	39	0	0	0	0	0	0	0	0	0	0	0	0	0	0	0	0	0	0	0	0	0	0	0	0	0	0	0	0	15	125	0	0	0	0	0	0	0	0	0	110	0	0	0
150	245	0	0	61	0	0	0	215	0	0	0	0	0	0	25	0	355	0	345	312	0	60	62	0	0	51	0	155	51	0	284	30	69	0	0	0	121	0	179	0	15	0	0	0	0	0	0	57	0	220	0	0	0	45	0	0	91	0	0	260	370	0	60	0	0	0	0	59	231	0	355	145	0	0
510	605	360	0	421	55	115	301	575	356	0	275	0	260	125	385	105	715	298	705	672	179	420	422	115	167	411	139	515	411	165	644	390	429	243	125	226	481	155	539	0	375	265	139	79	160	301	168	417	175	580	167	152	245	405	255	165	451	255	251	620	730	182	420	105	96	54	63	419	591	155	715	505	0	92
89	184	0	0	0	0	0	0	154	0	0	0	0	0	0	0	0	294	0	284	251	0	0	1	0	0	0	0	94	0	0	223	0	8	0	0	0	60	0	118	0	0	0	0	0	0	0	0	0	0	159	0	0	0	0	0	0	30	0	0	199	309	0	0	0	0	0	0	0	170	0	294	84	0	0
455	550	305	0	366	0	60	246	520	301	0	220	0	205	70	330	50	660	243	650	617	124	365	367	60	112	356	84	460	356	110	589	335	374	188	70	171	426	100	484	0	320	210	84	24	105	246	113	362	120	525	112	97	190	350	200	110	396	200	196	565	675	127	365	50	41	0	8	364	536	100	660	450	0	37
395	490	245	0	306	0	0	186	460	241	0	160	0	145	10	270	0	600	183	590	557	64	305	307	0	52	296	24	400	296	50	529	275	314	128	10	111	366	40	424	0	260	150	24	0	45	186	53	302	60	465	52	37	130	290	140	50	336	140	136	505	615	67	305	0	0	0	0	304	476	40	600	390	0	0
209	304	59	0	120	0	0	0	274	55	0	0	0	0	0	84	0	414	0	404	371	0	119	121	0	0	110	0	214	110	0	343	89	128	0	0	0	180	0	238	0	74	0	0	0	0	0	0	116	0	279	0	0	0	104	0	0	150	0	0	319	429	0	119	0	0	0	0	118	290	0	414	204	0	0
0	30	0	0	0	0	0	0	0	0	0	0	0	0	0	0	0	140	0	130	97	0	0	0	0	0	0	0	0	0	0	69	0	0	0	0	0	0	0	0	0	0	0	0	0	0	0	0	0	0	5	0	0	0	0	0	0	0	0	0	45	155	0	0	0	0	0	0	0	16	0	140	0	0	0
154	249	4	0	65	0	0	0	219	0	0	0	0	0	0	29	0	359	0	349	316	0	64	66	0	0	55	0	159	55	0	288	34	73	0	0	0	125	0	183	0	19	0	0	0	0	0	0	61	0	224	0	0	0	49	0	0	95	0	0	264	374	0	64	0	0	0	0	63	235	0	359	149	0	0
611	706	461	101	522	156	216	402	676	457	0	376	96	361	226	486	206	816	399	806	773	280	521	523	216	268	512	240	616	512	266	745	491	530	344	226	327	582	256	640	96	476	366	240	180	261	402	269	518	276	681	268	253	346	506	356	266	552	356	352	721	831	283	521	206	197	155	164	520	692	256	816	606	0	193
235	330	85	0	146	0	0	26	300	81	0	0	0	0	0	110	0	440	23	430	397	0	145	147	0	0	136	0	240	136	0	369	115	154	0	0	0	206	0	264	0	100	0	0	0	0	26	0	142	0	305	0	0	0	130	0	0	176	0	0	345	455	0	145	0	0	0	0	144	316	0	440	230	0	0
515	610	365	5	426	60	120	306	580	361	0	280	0	265	130	390	110	720	303	710	677	184	425	427	120	172	416	144	520	416	170	649	395	434	248	130	231	486	160	544	0	380	270	144	84	165	306	173	422	180	585	172	157	250	410	260	170	456	260	256	625	735	187	425	110	101	59	68	424	596	160	720	510	0	97
250	345	100	0	161	0	0	41	315	96	0	15	0	0	0	125	0	455	38	445	412	0	160	162	0	0	151	0	255	151	0	384	130	169	0	0	0	221	0	279	0	115	5	0	0	0	41	0	157	0	320	0	0	0	145	0	0	191	0	0	360	470	0	160	0	0	0	0	159	331	0	455	245	0	0
385	480	235	0	296	0	0	176	450	231	0	150	0	135	0	260	0	590	173	580	547	54	295	297	0	42	286	14	390	286	40	519	265	304	118	0	101	356	30	414	0	250	140	14	0	35	176	43	292	50	455	42	27	120	280	130	40	326	130	126	495	605	57	295	0	0	0	0	294	466	30	590	380	0	0
125	220	0	0	36	0	0	0	190	0	0	0	0	0	0	0	0	330	0	320	287	0	35	37	0	0	26	0	130	26	0	259	5	44	0	0	0	96	0	154	0	0	0	0	0	0	0	0	32	0	195	0	0	0	20	0	0	66	0	0	235	345	0	35	0	0	0	0	34	206	0	330	120	0	0
405	500	255	0	316	0	10	196	470	251	0	170	0	155	20	280	0	610	193	600	567	74	315	317	10	62	306	34	410	306	60	539	285	324	138	20	121	376	50	434	0	270	160	34	0	55	196	63	312	70	475	62	47	140	300	150	60	346	150	146	515	625	77	315	0	0	0	0	314	486	50	610	400	0	0
0	0	0	0	0	0	0	0	0	0	0	0	0	0	0	0	0	0	0	0	0	0	0	0	0	0	0	0	0	0	0	0	0	0	0	0	0	0	0	0	0	0	0	0	0	0	0	0	0	0	0	0	0	0	0	0	0	0	0	0	0	15	0	0	0	0	0	0	0	0	0	0	0	0	0
212	307	62	0	123	0	0	3	277	58	0	0	0	0	0	87	0	417	0	407	374	0	122	124	0	0	113	0	217	113	0	346	92	131	0	0	0	183	0	241	0	77	0	0	0	0	3	0	119	0	282	0	0	0	107	0	0	153	0	0	322	432	0	122	0	0	0	0	121	293	0	417	207	0	0
0	0	0	0	0	0	0	0	0	0	0	0	0	0	0	0	0	10	0	0	0	0	0	0	0	0	0	0	0	0	0	0	0	0	0	0	0	0	0	0	0	0	0	0	0	0	0	0	0	0	0	0	0	0	0	0	0	0	0	0	0	25	0	0	0	0	0	0	0	0	0	10	0	0	0
0	0	0	0	0	0	0	0	0	0	0	0	0	0	0	0	0	43	0	33	0	0	0	0	0	0	0	0	0	0	0	0	0	0	0	0	0	0	0	0	0	0	0	0	0	0	0	0	0	0	0	0	0	0	0	0	0	0	0	0	0	58	0	0	0	0	0	0	0	0	0	43	0	0	0
331	426	181	0	242	0	0	122	396	177	0	96	0	81	0	206	0	536	119	526	493	0	241	243	0	0	232	0	336	232	0	465	211	250	64	0	47	302	0	360	0	196	86	0	0	0	122	0	238	0	401	0	0	66	226	76	0	272	76	72	441	551	3	241	0	0	0	0	240	412	0	536	326	0	0
90	185	0	0	1	0	0	0	155	0	0	0	0	0	0	0	0	295	0	285	252	0	0	2	0	0	0	0	95	0	0	224	0	9	0	0	0	61	0	119	0	0	0	0	0	0	0	0	0	0	160	0	0	0	0	0	0	31	0	0	200	310	0	0	0	0	0	0	0	171	0	295	85	0	0
88	183	0	0	0	0	0	0	153	0	0	0	0	0	0	0	0	293	0	283	250	0	0	0	0	0	0	0	93	0	0	222	0	7	0	0	0	59	0	117	0	0	0	0	0	0	0	0	0	0	158	0	0	0	0	0	0	29	0	0	198	308	0	0	0	0	0	0	0	169	0	293	83	0	0
395	490	245	0	306	0	0	186	460	241	0	160	0	145	10	270	0	600	183	590	557	64	305	307	0	52	296	24	400	296	50	529	275	314	128	10	111	366	40	424	0	260	150	24	0	45	186	53	302	60	465	52	37	130	290	140	50	336	140	136	505	615	67	305	0	0	0	0	304	476	40	600	390	0	0
343	438	193	0	254	0	0	134	408	189	0	108	0	93	0	218	0	548	131	538	505	12	253	255	0	0	244	0	348	244	0	477	223	262	76	0	59	314	0	372	0	208	98	0	0	0	134	1	250	8	413	0	0	78	238	88	0	284	88	84	453	563	15	253	0	0	0	0	252	424	0	548	338	0	0
99	194	0	0	10	0	0	0	164	0	0	0	0	0	0	0	0	304	0	294	261	0	9	11	0	0	0	0	104	0	0	233	0	18	0	0	0	70	0	128	0	0	0	0	0	0	0	0	6	0	169	0	0	0	0	0	0	40	0	0	209	319	0	9	0	0	0	0	8	180	0	304	94	0	0
371	466	221	0	282	0	0	162	436	217	0	136	0	121	0	246	0	576	159	566	533	40	281	283	0	28	272	0	376	272	26	505	251	290	104	0	87	342	16	400	0	236	126	0	0	21	162	29	278	36	441	28	13	106	266	116	26	312	116	112	481	591	43	281	0	0	0	0	280	452	16	576	366	0	0
0	90	0	0	0	0	0	0	60	0	0	0	0	0	0	0	0	200	0	190	157	0	0	0	0	0	0	0	0	0	0	129	0	0	0	0	0	0	0	24	0	0	0	0	0	0	0	0	0	0	65	0	0	0	0	0	0	0	0	0	105	215	0	0	0	0	0	0	0	76	0	200	0	0	0
99	194	0	0	10	0	0	0	164	0	0	0	0	0	0	0	0	304	0	294	261	0	9	11	0	0	0	0	104	0	0	233	0	18	0	0	0	70	0	128	0	0	0	0	0	0	0	0	6	0	169	0	0	0	0	0	0	40	0	0	209	319	0	9	0	0	0	0	8	180	0	304	94	0	0
345	440	195	0	256	0	0	136	410	191	0	110	0	95	0	220	0	550	133	540	507	14	255	257	0	2	246	0	350	246	0	479	225	264	78	0	61	316	0	374	0	210	100	0	0	0	136	3	252	10	415	2	0	80	240	90	0	286	90	86	455	565	17	255	0	0	0	0	254	426	0	550	340	0	0
0	0	0	0	0	0	0	0	0	0	0	0	0	0	0	0	0	71	0	61	28	0	0	0	0	0	0	0	0	0	0	0	0	0	0	0	0	0	0	0	0	0	0	0	0	0	0	0	0	0	0	0	0	0	0	0	0	0	0	0	0	86	0	0	0	0	0	0	0	0	0	71	0	0	0
120	215	0	0	31	0	0	0	185	0	0	0	0	0	0	0	0	325	0	315	282	0	30	32	0	0	21	0	125	21	0	254	0	39	0	0	0	91	0	149	0	0	0	0	0	0	0	0	27	0	190	0	0	0	15	0	0	61	0	0	230	340	0	30	0	0	0	0	29	201	0	325	115	0	0
81	176	0	0	0	0	0	0	146	0	0	0	0	0	0	0	0	286	0	276	243	0	0	0	0	0	0	0	86	0	0	215	0	0	0	0	0	52	0	110	0	0	0	0	0	0	0	0	0	0	151	0	0	0	0	0	0	22	0	0	191	301	0	0	0	0	0	0	0	162	0	286	76	0	0
267	362	117	0	178	0	0	58	332	113	0	32	0	17	0	142	0	472	55	462	429	0	177	179	0	0	168	0	272	168	0	401	147	186	0	0	0	238	0	296	0	132	22	0	0	0	58	0	174	0	337	0	0	2	162	12	0	208	12	8	377	487	0	177	0	0	0	0	176	348	0	472	262	0	0
385	480	235	0	296	0	0	176	450	231	0	150	0	135	0	260	0	590	173	580	547	54	295	297	0	42	286	14	390	286	40	519	265	304	118	0	101	356	30	414	0	250	140	14	0	35	176	43	292	50	455	42	27	120	280	130	40	326	130	126	495	605	57	295	0	0	0	0	294	466	30	590	380	0	0
284	379	134	0	195	0	0	75	349	130	0	49	0	34	0	159	0	489	72	479	446	0	194	196	0	0	185	0	289	185	0	418	164	203	17	0	0	255	0	313	0	149	39	0	0	0	75	0	191	0	354	0	0	19	179	29	0	225	29	25	394	504	0	194	0	0	0	0	193	365	0	489	279	0	0
29	124	0	0	0	0	0	0	94	0	0	0	0	0	0	0	0	234	0	224	191	0	0	0	0	0	0	0	34	0	0	163	0	0	0	0	0	0	0	58	0	0	0	0	0	0	0	0	0	0	99	0	0	0	0	0	0	0	0	0	139	249	0	0	0	0	0	0	0	110	0	234	24	0	0
355	450	205	0	266	0	0	146	420	201	0	120	0	105	0	230	0	560	143	550	517	24	265	267	0	12	256	0	360	256	10	489	235	274	88	0	71	326	0	384	0	220	110	0	0	5	146	13	262	20	425	12	0	90	250	100	10	296	100	96	465	575	27	265	0	0	0	0	264	436	0	560	350	0	0
0	66	0	0	0	0	0	0	36	0	0	0	0	0	0	0	0	176	0	166	133	0	0	0	0	0	0	0	0	0	0	105	0	0	0	0	0	0	0	0	0	0	0	0	0	0	0	0	0	0	41	0	0	0	0	0	0	0	0	0	81	191	0	0	0	0	0	0	0	52	0	176	0	0	0
515	610	365	5	426	60	120	306	580	361	0	280	0	265	130	390	110	720	303	710	677	184	425	427	120	172	416	144	520	416	170	649	395	434	248	130	231	486	160	544	0	380	270	144	84	165	306	173	422	180	585	172	157	250	410	260	170	456	260	256	625	735	187	425	110	101	59	68	424	596	160	720	510	0	97
135	230	0	0	46	0	0	0	200	0	0	0	0	0	0	10	0	340	0	330	297	0	45	47	0	0	36	0	140	36	0	269	15	54	0	0	0	106	0	164	0	0	0	0	0	0	0	0	42	0	205	0	0	0	30	0	0	76	0	0	245	355	0	45	0	0	0	0	44	216	0	340	130	0	0
245	340	95	0	156	0	0	36	310	91	0	10	0	0	0	120	0	450	33	440	407	0	155	157	0	0	146	0	250	146	0	379	125	164	0	0	0	216	0	274	0	110	0	0	0	0	36	0	152	0	315	0	0	0	140	0	0	186	0	0	355	465	0	155	0	0	0	0	154	326	0	450	240	0	0
371	466	221	0	282	0	0	162	436	217	0	136	0	121	0	246	0	576	159	566	533	40	281	283	0	28	272	0	376	272	26	505	251	290	104	0	87	342	16	400	0	236	126	0	0	21	162	29	278	36	441	28	13	106	266	116	26	312	116	112	481	591	43	281	0	0	0	0	280	452	16	576	366	0	0
431	526	281	0	342	0	36	222	496	277	0	196	0	181	46	306	26	636	219	626	593	100	341	343	36	88	332	60	436	332	86	565	311	350	164	46	147	402	76	460	0	296	186	60	0	81	222	89	338	96	501	88	73	166	326	176	86	372	176	172	541	651	103	341	26	17	0	0	340	512	76	636	426	0	13
350	445	200	0	261	0	0	141	415	196	0	115	0	100	0	225	0	555	138	545	512	19	260	262	0	7	251	0	355	251	5	484	230	269	83	0	66	321	0	379	0	215	105	0	0	0	141	8	257	15	420	7	0	85	245	95	5	291	95	91	460	570	22	260	0	0	0	0	259	431	0	555	345	0	0
209	304	59	0	120	0	0	0	274	55	0	0	0	0	0	84	0	414	0	404	371	0	119	121	0	0	110	0	214	110	0	343	89	128	0	0	0	180	0	238	0	74	0	0	0	0	0	0	116	0	279	0	0	0	104	0	0	150	0	0	319	429	0	119	0	0	0	0	118	290	0	414	204	0	0
342	437	192	0	253	0	0	133	407	188	0	107	0	92	0	217	0	547	130	537	504	11	252	254	0	0	243	0	347	243	0	476	222	261	75	0	58	313	0	371	0	207	97	0	0	0	133	0	249	7	412	0	0	77	237	87	0	283	87	83	452	562	14	252	0	0	0	0	251	423	0	547	337	0	0
93	188	0	0	4	0	0	0	158	0	0	0	0	0	0	0	0	298	0	288	255	0	3	5	0	0	0	0	98	0	0	227	0	12	0	0	0	64	0	122	0	0	0	0	0	0	0	0	0	0	163	0	0	0	0	0	0	34	0	0	203	313	0	3	0	0	0	0	2	174	0	298	88	0	0
335	430	185	0	246	0	0	126	400	181	0	100	0	85	0	210	0	540	123	530	497	4	245	247	0	0	236	0	340	236	0	469	215	254	68	0	51	306	0	364	0	200	90	0	0	0	126	0	242	0	405	0	0	70	230	80	0	276	80	76	445	555	7	245	0	0	0	0	244	416	0	540	330	0	0
0	25	0	0	0	0	0	0	0	0	0	0	0	0	0	0	0	135	0	125	92	0	0	0	0	0	0	0	0	0	0	64	0	0	0	0	0	0	0	0	0	0	0	0	0	0	0	0	0	0	0	0	0	0	0	0	0	0	0	0	40	150	0	0	0	0	0	0	0	11	0	135	0	0	0
343	438	193	0	254	0	0	134	408	189	0	108	0	93	0	218	0	548	131	538	505	12	253	255	0	0	244	0	348	244	0	477	223	262	76	0	59	314	0	372	0	208	98	0	0	0	134	1	250	8	413	0	0	78	238	88	0	284	88	84	453	563	15	253	0	0	0	0	252	424	0	548	338	0	0
358	453	208	0	269	0	0	149	423	204	0	123	0	108	0	233	0	563	146	553	520	27	268	270	0	15	259	0	363	259	13	492	238	277	91	0	74	329	3	387	0	223	113	0	0	8	149	16	265	23	428	15	0	93	253	103	13	299	103	99	468	578	30	268	0	0	0	0	267	439	3	563	353	0	0
265	360	115	0	176	0	0	56	330	111	0	30	0	15	0	140	0	470	53	460	427	0	175	177	0	0	166	0	270	166	0	399	145	184	0	0	0	236	0	294	0	130	20	0	0	0	56	0	172	0	335	0	0	0	160	10	0	206	10	6	375	485	0	175	0	0	0	0	174	346	0	470	260	0	0
105	200	0	0	16	0	0	0	170	0	0	0	0	0	0	0	0	310	0	300	267	0	15	17	0	0	6	0	110	6	0	239	0	24	0	0	0	76	0	134	0	0	0	0	0	0	0	0	12	0	175	0	0	0	0	0	0	46	0	0	215	325	0	15	0	0	0	0	14	186	0	310	100	0	0
255	350	105	0	166	0	0	46	320	101	0	20	0	5	0	130	0	460	43	450	417	0	165	167	0	0	156	0	260	156	0	389	135	174	0	0	0	226	0	284	0	120	10	0	0	0	46	0	162	0	325	0	0	0	150	0	0	196	0	0	365	475	0	165	0	0	0	0	164	336	0	460	250	0	0
345	440	195	0	256	0	0	136	410	191	0	110	0	95	0	220	0	550	133	540	507	14	255	257	0	2	246	0	350	246	0	479	225	264	78	0	61	316	0	374	0	210	100	0	0	0	136	3	252	10	415	2	0	80	240	90	0	286	90	86	455	565	17	255	0	0	0	0	254	426	0	550	340	0	0
59	154	0	0	0	0	0	0	124	0	0	0	0	0	0	0	0	264	0	254	221	0	0	0	0	0	0	0	64	0	0	193	0	0	0	0	0	30	0	88	0	0	0	0	0	0	0	0	0	0	129	0	0	0	0	0	0	0	0	0	169	279	0	0	0	0	0	0	0	140	0	264	54	0	0
255	350	105	0	166	0	0	46	320	101	0	20	0	5	0	130	0	460	43	450	417	0	165	167	0	0	156	0	260	156	0	389	135	174	0	0	0	226	0	284	0	120	10	0	0	0	46	0	162	0	325	0	0	0	150	0	0	196	0	0	365	475	0	165	0	0	0	0	164	336	0	460	250	0	0
259	354	109	0	170	0	0	50	324	105	0	24	0	9	0	134	0	464	47	454	421	0	169	171	0	0	160	0	264	160	0	393	139	178	0	0	0	230	0	288	0	124	14	0	0	0	50	0	166	0	329	0	0	0	154	4	0	200	4	0	369	479	0	169	0	0	0	0	168	340	0	464	254	0	0
0	0	0	0	0	0	0	0	0	0	0	0	0	0	0	0	0	95	0	85	52	0	0	0	0	0	0	0	0	0	0	24	0	0	0	0	0	0	0	0	0	0	0	0	0	0	0	0	0	0	0	0	0	0	0	0	0	0	0	0	0	110	0	0	0	0	0	0	0	0	0	95	0	0	0
0	0	0	0	0	0	0	0	0	0	0	0	0	0	0	0	0	0	0	0	0	0	0	0	0	0	0	0	0	0	0	0	0	0	0	0	0	0	0	0	0	0	0	0	0	0	0	0	0	0	0	0	0	0	0	0	0	0	0	0	0	0	0	0	0	0	0	0	0	0	0	0	0	0	0
328	423	178	0	239	0	0	119	393	174	0	93	0	78	0	203	0	533	116	523	490	0	238	240	0	0	229	0	333	229	0	462	208	247	61	0	44	299	0	357	0	193	83	0	0	0	119	0	235	0	398	0	0	63	223	73	0	269	73	69	438	548	0	238	0	0	0	0	237	409	0	533	323	0	0
90	185	0	0	1	0	0	0	155	0	0	0	0	0	0	0	0	295	0	285	252	0	0	2	0	0	0	0	95	0	0	224	0	9	0	0	0	61	0	119	0	0	0	0	0	0	0	0	0	0	160	0	0	0	0	0	0	31	0	0	200	310	0	0	0	0	0	0	0	171	0	295	85	0	0
405	500	255	0	316	0	10	196	470	251	0	170	0	155	20	280	0	610	193	600	567	74	315	317	10	62	306	34	410	306	60	539	285	324	138	20	121	376	50	434	0	270	160	34	0	55	196	63	312	70	475	62	47	140	300	150	60	346	150	146	515	625	77	315	0	0	0	0	314	486	50	610	400	0	0
414	509	264	0	325	0	19	205	479	260	0	179	0	164	29	289	9	619	202	609	576	83	324	326	19	71	315	43	419	315	69	548	294	333	147	29	130	385	59	443	0	279	169	43	0	64	205	72	321	79	484	71	56	149	309	159	69	355	159	155	524	634	86	324	9	0	0	0	323	495	59	619	409	0	0
456	551	306	0	367	1	61	247	521	302	0	221	0	206	71	331	51	661	244	651	618	125	366	368	61	113	357	85	461	357	111	590	336	375	189	71	172	427	101	485	0	321	211	85	25	106	247	114	363	121	526	113	98	191	351	201	111	397	201	197	566	676	128	366	51	42	0	9	365	537	101	661	451	0	38
447	542	297	0	358	0	52	238	512	293	0	212	0	197	62	322	42	652	235	642	609	116	357	359	52	104	348	76	452	348	102	581	327	366	180	62	163	418	92	476	0	312	202	76	16	97	238	105	354	112	517	104	89	182	342	192	102	388	192	188	557	667	119	357	42	33	0	0	356	528	92	652	442	0	29
91	186	0	0	2	0	0	0	156	0	0	0	0	0	0	0	0	296	0	286	253	0	1	3	0	0	0	0	96	0	0	225	0	10	0	0	0	62	0	120	0	0	0	0	0	0	0	0	0	0	161	0	0	0	0	0	0	32	0	0	201	311	0	1	0	0	0	0	0	172	0	296	86	0	0
0	14	0	0	0	0	0	0	0	0	0	0	0	0	0	0	0	124	0	114	81	0	0	0	0	0	0	0	0	0	0	53	0	0	0	0	0	0	0	0	0	0	0	0	0	0	0	0	0	0	0	0	0	0	0	0	0	0	0	0	29	139	0	0	0	0	0	0	0	0	0	124	0	0	0
355	450	205	0	266	0	0	146	420	201	0	120	0	105	0	230	0	560	143	550	517	24	265	267	0	12	256	0	360	256	10	489	235	274	88	0	71	326	0	384	0	220	110	0	0	5	146	13	262	20	425	12	0	90	250	100	10	296	100	96	465	575	27	265	0	0	0	0	264	436	0	560	350	0	0
0	0	0	0	0	0	0	0	0	0	0	0	0	0	0	0	0	0	0	0	0	0	0	0	0	0	0	0	0	0	0	0	0	0	0	0	0	0	0	0	0	0	0	0	0	0	0	0	0	0	0	0	0	0	0	0	0	0	0	0	0	15	0	0	0	0	0	0	0	0	0	0	0	0	0
5	100	0	0	0	0	0	0	70	0	0	0	0	0	0	0	0	210	0	200	167	0	0	0	0	0	0	0	10	0	0	139	0	0	0	0	0	0	0	34	0	0	0	0	0	0	0	0	0	0	75	0	0	0	0	0	0	0	0	0	115	225	0	0	0	0	0	0	0	86	0	210	0	0	0
637	732	487	127	548	182	242	428	702	483	26	402	122	387	252	512	232	842	425	832	799	306	547	549	242	294	538	266	642	538	292	771	517	556	370	252	353	608	282	666	122	502	392	266	206	287	428	295	544	302	707	294	279	372	532	382	292	578	382	378	747	857	309	547	232	223	181	190	546	718	282	842	632	0	219
418	513	268	0	329	0	23	209	483	264	0	183	0	168	33	293	13	623	206	613	580	87	328	330	23	75	319	47	423	319	73	552	298	337	151	33	134	389	63	447	0	283	173	47	0	68	209	76	325	83	488	75	60	153	313	163	73	359	163	159	528	638	90	328	13	4	0	0	327	499	63	623	413	0	0

0	0	150	510	89	455	395	209	0	154	611	235	515	250	385	125	405	0	212	0	0	331	90	88	395	343	99	371	0	99	345	0	120	81	267	385	284	29	355	0	515	135	245	371	431	350	209	342	93	335	0	343	358	265	105	255	345	59	255	259	0	0	328	90	405	414	456	447	91	0	355	0	5	637	418
95	0	245	605	184	550	490	304	30	249	706	330	610	345	480	220	500	0	307	0	0	426	185	183	490	438	194	466	90	194	440	0	215	176	362	480	379	124	450	66	610	230	340	466	526	445	304	437	188	430	25	438	453	360	200	350	440	154	350	354	0	0	423	185	500	509	551	542	186	14	450	0	100	732	513
0	0	0	360	0	305	245	59	0	4	461	85	365	100	235	0	255	0	62	0	0	181	0	0	245	193	0	221	0	0	195	0	0	0	117	235	134	0	205	0	365	0	95	221	281	200	59	192	0	185	0	193	208	115	0	105	195	0	105	109	0	0	178	0	255	264	306	297	0	0	205	0	0	487	268
0	0	0	0	0	0	0	0	0	0	101	0	5	0	0	0	0	0	0	0	0	0	0	0	0	0	0	0	0	0	0	0	0	0	0	0	0	0	0	0	5	0	0	0	0	0	0	0	0	0	0	0	0	0	0	0	0	0	0	0	0	0	0	0	0	0	0	0	0	0	0	0	0	127	0
0	0	61	421	0	366	306	120	0	65	522	146	426	161	296	36	316	0	123	0	0	242	1	0	306	254	10	282	0	10	256	0	31	0	178	296	195	0	266	0	426	46	156	282	342	261	120	253	4	246	0	254	269	176	16	166	256	0	166	170	0	0	239	1	316	325	367	358	2	0	266	0	0	548	329
0	0	0	55	0	0	0	0	0	0	156	0	60	0	0	0	0	0	0	0	0	0	0	0	0	0	0	0	0	0	0	0	0	0	0	0	0	0	0	0	60	0	0	0	0	0	0	0	0	0	0	0	0	0	0	0	0	0	0	0	0	0	0	0	0	0	1	0	0	0	0	0	0	182	0
0	0	0	115	0	60	0	0	0	0	216	0	120	0	0	0	10	0	0	0	0	0	0	0	0	0	0	0	0	0	0	0	0	0	0	0	0	0	0	0	120	0	0	0	36	0	0	0	0	0	0	0	0	0	0	0	0	0	0	0	0	0	0	0	10	19	61	52	0	0	0	0	0	242	23
0	0	0	301	0	246	186	0	0	0	402	26	306	41	176	0	196	0	3	0	0	122	0	0	186	134	0	162	0	0	136	0	0	0	58	176	75	0	146	0	306	0	36	162	222	141	0	133	0	126	0	134	149	56	0	46	136	0	46	50	0	0	119	0	196	205	247	238	0	0	146	0	0	428	209
65	0	215	575	154	520	460	274	0	219	676	300	580	315	450	190	470	0	277	0	0	396	155	153	460	408	164	436	60	164	410	0	185	146	332	450	349	94	420	36	580	200	310	436	496	415	274	407	158	400	0	408	423	330	170	320	410	124	320	324	0	0	393	155	470	479	521	512	156	0	420	0	70	702	483
0	0	0	356	0	301	241	55	0	0	457	81	361	96	231	0	251	0	58	0	0	177	0	0	241	189	0	217	0	0	191	0	0	0	113	231	130	0	201	0	361	0	91	217	277	196	55	188	0	181	0	189	204	111	0	101	191	0	101	105	0	0	174	0	251	260	302	293	0	0	201	0	0	483	264
0	0	0	0	0	0	0	0	0	0	0	0	0	0	0	0	0	0	0	0	0	0	0	0	0	0	0	0	0	0	0	0	0	0	0	0	0	0	0	0	0	0	0	0	0	0	0	0	0	0	0	0	0	0	0	0	0	0	0	0	0	0	0	0	0	0	0	0	0	0	0	0	0	26	0
0	0	0	275	0	220	160	0	0	0	376	0	280	15	150	0	170	0	0	0	0	96	0	0	160	108	0	136	0	0	110	0	0	0	32	150	49	0	120	0	280	0	10	136	196	115	0	107	0	100	0	108	123	30	0	20	110	0	20	24	0	0	93	0	170	179	221	212	0	0	120	0	0	402	183
0	0	0	0	0	0	0	0	0	0	96	0	0	0	0	0	0	0	0	0	0	0	0	0	0	0	0	0	0	0	0	0	0	0	0	0	0	0	0	0	0	0	0	0	0	0	0	0	0	0	0	0	0	0	0	0	0	0	0	0	0	0	0	0	0	0	0	0	0	0	0	0	0	122	0
0	0	0	260	0	205	145	0	0	0	361	0	265	0	135	0	155	0	0	0	0	81	0	0	145	93	0	121	0	0	95	0	0	0	17	135	34	0	105	0	265	0	0	121	181	100	0	92	0	85	0	93	108	15	0	5	95	0	5	9	0	0	78	0	155	164	206	197	0	0	105	0	0	387	168
0	0	0	125	0	70	10	0	0	0	226	0	130	0	0	0	20	0	0	0	0	0	0	0	10	0	0	0	0	0	0	0	0	0	0	0	0	0	0	0	130	0	0	0	46	0	0	0	0	0	0	0	0	0	0	0	0	0	0	0	0	0	0	0	20	29	71	62	0	0	0	0	0	252	33
0	0	25	385	0	330	270	84	0	29	486	110	390	125	260	0	280	0	87	0	0	206	0	0	270	218	0	246	0	0	220	0	0	0	142	260	159	0	230	0	390	10	120	246	306	225	84	217	0	210	0	218	233	140	0	130	220	0	130	134	0	0	203	0	280	289	331	322	0	0	230	0	0	512	293
0	0	0	105	0	50	0	0	0	0	206	0	110	0	0	0	0	0	0	0	0	0	0	0	0	0	0	0	0	0	0	0	0	0	0	0	0	0	0	0	110	0	0	0	26	0	0	0	0	0	0	0	0	0	0	0	0	0	0	0	0	0	0	0	0	9	51	42	0	0	0	0	0	232	13
205	110	355	715	294	660	600	414	140	359	816	440	720	455	590	330	610	0	417	10	43	536	295	293	600	548	304	576	200	304	550	71	325	286	472	590	489	234	560	176	720	340	450	576	636	555	414	547	298	540	135	548	563	470	310	460	550	264	460	464	95	0	533	295	610	619	661	652	296	124	560	0	210	842	623
0	0	0	298	0	243	183	0	0	0	399	23	303	38	173	0	193	0	0	0	0	119	0	0	183	131	0	159	0	0	133	0	0	0	55	173	72	0	143	0	303	0	33	159	219	138	0	130	0	123	0	131	146	53	0	43	133	0	43	47	0	0	116	0	193	202	244	235	0	0	143	0	0	425	206
195	100	345	705	284	650	590	404	130	349	806	430	710	445	580	320	600	0	407	0	33	526	285	283	590	538	294	566	190	294	540	61	315	276	462	580	479	224	550	166	710	330	440	566	626	545	404	537	288	530	125	538	553	460	300	450	540	254	450	454	85	0	523	285	600	609	651	642	286	114	550	0	200	832	613
162	67	312	672	251	617	557	371	97	316	773	397	677	412	547	287	567	0	374	0	0	493	252	250	557	505	261	533	157	261	507	28	282	243	429	547	446	191	517	133	677	297	407	533	593	512	371	504	255	497	92	505	520	427	267	417	507	221	417	421	52	0	490	252	567	576	618	609	253	81	517	0	167	799	580
0	0	0	179	0	124	64	0	0	0	280	0	184	0	54	0	74	0	0	0	0	0	0	0	64	12	0	40	0	0	14	0	0	0	0	54	0	0	24	0	184	0	0	40	100	19	0	11	0	4	0	12	27	0	0	0	14	0	0	0	0	0	0	0	74	83	125	116	0	0	24	0	0	306	87
0	0	60	420	0	365	305	119	0	64	521	145	425	160	295	35	315	0	122	0	0	241	0	0	305	253	9	281	0	9	255	0	30	0	177	295	194	0	265	0	425	45	155	281	341	260	119	252	3	245	0	253	268	175	15	165	255	0	165	169	0	0	238	0	315	324	366	357	1	0	265	0	0	547	328
0	0	62	422	1	367	307	121	0	66	523	147	427	162	297	37	317	0	124	0	0	243	2	0	307	255	11	283	0	11	257	0	32	0	179	297	196	0	267	0	427	47	157	283	343	262	121	254	5	247	0	255	270	177	17	167	257	0	167	171	0	0	240	2	317	326	368	359	3	0	267	0	0	549	330
0	0	0	115	0	60	0	0	0	0	216	0	120	0	0	0	10	0	0	0	0	0	0	0	0	0	0	0	0	0	0	0	0	0	0	0	0	0	0	0	120	0	0	0	36	0	0	0	0	0	0	0	0	0	0	0	0	0	0	0	0	0	0	0	10	19	61	52	0	0	0	0	0	242	23
0	0	0	167	0	112	52	0	0	0	268	0	172	0	42	0	62	0	0	0	0	0	0	0	52	0	0	28	0	0	2	0	0	0	0	42	0	0	12	0	172	0	0	28	88	7	0	0	0	0	0	0	15	0	0	0	2	0	0	0	0	0	0	0	62	71	113	104	0	0	12	0	0	294	75
0	0	51	411	0	356	296	110	0	55	512	136	416	151	286	26	306	0	113	0	0	232	0	0	296	244	0	272	0	0	246	0	21	0	168	286	185	0	256	0	416	36	146	272	332	251	110	243	0	236	0	244	259	166	6	156	246	0	156	160	0	0	229	0	306	315	357	348	0	0	256	0	0	538	319
0	0	0	139	0	84	24	0	0	0	240	0	144	0	14	0	34	0	0	0	0	0	0	0	24	0	0	0	0	0	0	0	0	0	0	14	0	0	0	0	144	0	0	0	60	0	0	0	0	0	0	0	0	0	0	0	0	0	0	0	0	0	0	0	34	43	85	76	0	0	0	0	0	266	47
5	0	155	515	94	460	400	214	0	159	616	240	520	255	390	130	410	0	217	0	0	336	95	93	400	348	104	376	0	104	350	0	125	86	272	390	289	34	360	0	520	140	250	376	436	355	214	347	98	340	0	348	363	270	110	260	350	64	260	264	0	0	333	95	410	419	461	452	96	0	360	0	10	642	423
0	0	51	411	0	356	296	110	0	55	512	136	416	151	286	26	306	0	113	0	0	232	0	0	296	244	0	272	0	0	246	0	21	0	168	286	185	0	256	0	416	36	146	272	332	251	110	243	0	236	0	244	259	166	6	156	246	0	156	160	0	0	229	0	306	315	357	348	0	0	256	0	0	538	319
0	0	0	165	0	110	50	0	0	0	266	0	170	0	40	0	60	0	0	0	0	0	0	0	50	0	0	26	0	0	0	0	0	0	0	40	0	0	10	0	170	0	0	26	86	5	0	0	0	0	0	0	13	0	0	0	0	0	0	0	0	0	0	0	60	69	111	102	0	0	10	0	0	292	73
134	39	284	644	223	589	529	343	69	288	745	369	649	384	519	259	539	0	346	0	0	465	224	222	529	477	233	505	129	233	479	0	254	215	401	519	418	163	489	105	649	269	379	505	565	484	343	476	227	469	64	477	492	399	239	389	479	193	389	393	24	0	462	224	539	548	590	581	225	53	489	0	139	771	552
0	0	30	390	0	335	275	89	0	34	491	115	395	130	265	5	285	0	92	0	0	211	0	0	275	223	0	251	0	0	225	0	0	0	147	265	164	0	235	0	395	15	125	251	311	230	89	222	0	215	0	223	238	145	0	135	225	0	135	139	0	0	208	0	285	294	336	327	0	0	235	0	0	517	298
0	0	69	429	8	374	314	128	0	73	530	154	434	169	304	44	324	0	131	0	0	250	9	7	314	262	18	290	0	18	264	0	39	0	186	304	203	0	274	0	434	54	164	290	350	269	128	261	12	254	0	262	277	184	24	174	264	0	174	178	0	0	247	9	324	333	375	366	10	0	274	0	0	556	337
0	0	0	243	0	188	128	0	0	0	344	0	248	0	118	0	138	0	0	0	0	64	0	0	128	76	0	104	0	0	78	0	0	0	0	118	17	0	88	0	248	0	0	104	164	83	0	75	0	68	0	76	91	0	0	0	78	0	0	0	0	0	61	0	138	147	189	180	0	0	88	0	0	370	151
0	0	0	125	0	70	10	0	0	0	226	0	130	0	0	0	20	0	0	0	0	0	0	0	10	0	0	0	0	0	0	0	0	0	0	0	0	0	0	0	130	0	0	0	46	0	0	0	0	0	0	0	0	0	0	0	0	0	0	0	0	0	0	0	20	29	71	62	0	0	0	0	0	252	33
0	0	0	226	0	171	111	0	0	0	327	0	231	0	101	0	121	0	0	0	0	47	0	0	111	59	0	87	0	0	61	0	0	0	0	101	0	0	71	0	231	0	0	87	147	66	0	58	0	51	0	59	74	0	0	0	61	0	0	0	0	0	44	0	121	130	172	163	0	0	71	0	0	353	134
0	0	121	481	60	426	366	180	0	125	582	206	486	221	356	96	376	0	183	0	0	302	61	59	366	314	70	342	0	70	316	0	91	52	238	356	255	0	326	0	486	106	216	342	402	321	180	313	64	306	0	314	329	236	76	226	316	30	226	230	0	0	299	61	376	385	427	418	62	0	326	0	0	608	389
0	0	0	155	0	100	40	0	0	0	256	0	160	0	30	0	50	0	0	0	0	0	0	0	40	0	0	16	0	0	0	0	0	0	0	30	0	0	0	0	160	0	0	16	76	0	0	0	0	0	0	0	3	0	0	0	0	0	0	0	0	0	0	0	50	59	101	92	0	0	0	0	0	282	63
29	0	179	539	118	484	424	238	0	183	640	264	544	279	414	154	434	0	241	0	0	360	119	117	424	372	128	400	24	128	374	0	149	110	296	414	313	58	384	0	544	164	274	400	460	379	238	371	122	364	0	372	387	294	134	284	374	88	284	288	0	0	357	119	434	443	485	476	120	0	384	0	34	666	447
0	0	0	0	0	0	0	0	0	0	96	0	0	0	0	0	0	0	0	0	0	0	0	0	0	0	0	0	0	0	0	0	0	0	0	0	0	0	0	0	0	0	0	0	0	0	0	0	0	0	0	0	0	0	0	0	0	0	0	0	0	0	0	0	0	0	0	0	0	0	0	0	0	122	0
0	0	15	375	0	320	260	74	0	19	476	100	380	115	250	0	270	0	77	0	0	196	0	0	260	208	0	236	0	0	210	0	0	0	132	250	149	0	220	0	380	0	110	236	296	215	74	207	0	200	0	208	223	130	0	120	210	0	120	124	0	0	193	0	270	279	321	312	0	0	220	0	0	502	283
0	0	0	265	0	210	150	0	0	0	366	0	270	5	140	0	160	0	0	0	0	86	0	0	150	98	0	126	0	0	100	0	0	0	22	140	39	0	110	0	270	0	0	126	186	105	0	97	0	90	0	98	113	20	0	10	100	0	10	14	0	0	83	0	160	169	211	202	0	0	110	0	0	392	173
0	0	0	139	0	84	24	0	0	0	240	0	144	0	14	0	34	0	0	0	0	0	0	0	24	0	0	0	0	0	0	0	0	0	0	14	0	0	0	0	144	0	0	0	60	0	0	0	0	0	0	0	0	0	0	0	0	0	0	0	0	0	0	0	34	43	85	76	0	0	0	0	0	266	47
0	0	0	79	0	24	0	0	0	0	180	0	84	0	0	0	0	0	0	0	0	0	0	0	0	0	0	0	0	0	0	0	0	0	0	0	0	0	0	0	84	0	0	0	0	0	0	0	0	0	0	0	0	0	0	0	0	0	0	0	0	0	0	0	0	0	25	16	0	0	0	0	0	206	0
0	0	0	160	0	105	45	0	0	0	261	0	165	0	35	0	55	0	0	0	0	0	0	0	45	0	0	21	0	0	0	0	0	0	0	35	0	0	5	0	165	0	0	21	81	0	0	0	0	0	0	0	8	0	0	0	0	0	0	0	0	0	0	0	55	64	106	97	0	0	5	0	0	287	68
0	0	0	301	0	246	186	0	0	0	402	26	306	41	176	0	196	0	3	0	0	122	0	0	186	134	0	162	0	0	136	0	0	0	58	176	75	0	146	0	306	0	36	162	222	141	0	133	0	126	0	134	149	56	0	46	136	0	46	50	0	0	119	0	196	205	247	238	0	0	146	0	0	428	209
0	0	0	168	0	113	53	0	0	0	269	0	173	0	43	0	63	0	0	0	0	0	0	0	53	1	0	29	0	0	3	0	0	0	0	43	0	0	13	0	173	0	0	29	89	8	0	0	0	0	0	1	16	0	0	0	3	0	0	0	0	0	0	0	63	72	114	105	0	0	13	0	0	295	76
0	0	57	417	0	362	302	116	0	61	518	142	422	157	292	32	312	0	119	0	0	238	0	0	302	250	6	278	0	6	252	0	27	0	174	292	191	0	262	0	422	42	152	278	338	257	116	249	0	242	0	250	265	172	12	162	252	0	162	166	0	0	235	0	312	321	363	354	0	0	262	0	0	544	325
0	0	0	175	0	120	60	0	0	0	276	0	180	0	50	0	70	0	0	0	0	0	0	0	60	8	0	36	0	0	10	0	0	0	0	50	0	0	20	0	180	0	0	36	96	15	0	7	0	0	0	8	23	0	0	0	10	0	0	0	0	0	0	0	70	79	121	112	0	0	20	0	0	302	83
70	0	220	580	159	525	465	279	5	224	681	305	585	320	455	195	475	0	282	0	0	401	160	158	465	413	169	441	65	169	415	0	190	151	337	455	354	99	425	41	585	205	315	441	501	420	279	412	163	405	0	413	428	335	175	325	415	129	325	329	0	0	398	160	475	484	526	517	161	0	425	0	75	707	488
0	0	0	167	0	112	52	0	0	0	268	0	172	0	42	0	62	0	0	0	0	0	0	0	52	0	0	28	0	0	2	0	0	0	0	42	0	0	12	0	172	0	0	28	88	7	0	0	0	0	0	0	15	0	0	0	2	0	0	0	0	0	0	0	62	71	113	104	0	0	12	0	0	294	75
0	0	0	152	0	97	37	0	0	0	253	0	157	0	27	0	47	0	0	0	0	0	0	0	37	0	0	13	0	0	0	0	0	0	0	27	0	0	0	0	157	0	0	13	73	0	0	0	0	0	0	0	0	0	0	0	0	0	0	0	0	0	0	0	47	56	98	89	0	0	0	0	0	279	60
0	0	0	245	0	190	130	0	0	0	346	0	250	0	120	0	140	0	0	0	0	66	0	0	130	78	0	106	0	0	80	0	0	0	2	120	19	0	90	0	250	0	0	106	166	85	0	77	0	70	0	78	93	0	0	0	80	0	0	0	0	0	63	0	140	149	191	182	0	0	90	0	0	372	153
0	0	45	405	0	350	290	104	0	49	506	130	410	145	280	20	300	0	107	0	0	226	0	0	290	238	0	266	0	0	240	0	15	0	162	280	179	0	250	0	410	30	140	266	326	245	104	237	0	230	0	238	253	160	0	150	240	0	150	154	0	0	223	0	300	309	351	342	0	0	250	0	0	532	313
0	0	0	255	0	200	140	0	0	0	356	0	260	0	130	0	150	0	0	0	0	76	0	0	140	88	0	116	0	0	90	0	0	0	12	130	29	0	100	0	260	0	0	116	176	95	0	87	0	80	0	88	103	10	0	0	90	0	0	4	0	0	73	0	150	159	201	192	0	0	100	0	0	382	163
0	0	0	165	0	110	50	0	0	0	266	0	170	0	40	0	60	0	0	0	0	0	0	0	50	0	0	26	0	0	0	0	0	0	0	40	0	0	10	0	170	0	0	26	86	5	0	0	0	0	0	0	13	0	0	0	0	0	0	0	0	0	0	0	60	69	111	102	0	0	10	0	0	292	73
0	0	91	451	30	396	336	150	0	95	552	176	456	191	326	66	346	0	153	0	0	272	31	29	336	284	40	312	0	40	286	0	61	22	208	326	225	0	296	0	456	76	186	312	372	291	150	283	34	276	0	284	299	206	46	196	286	0	196	200	0	0	269	31	346	355	397	388	32	0	296	0	0	578	359
0	0	0	255	0	200	140	0	0	0	356	0	260	0	130	0	150	0	0	0	0	76	0	0	140	88	0	116	0	0	90	0	0	0	12	130	29	0	100	0	260	0	0	116	176	95	0	87	0	80	0	88	103	10	0	0	90	0	0	4	0	0	73	0	150	159	201	192	0	0	100	0	0	382	163
0	0	0	251	0	196	136	0	0	0	352	0	256	0	126	0	146	0	0	0	0	72	0	0	136	84	0	112	0	0	86	0	0	0	8	126	25	0	96	0	256	0	0	112	172	91	0	83	0	76	0	84	99	6	0	0	86	0	0	0	0	0	69	0	146	155	197	188	0	0	96	0	0	378	159
110	15	260	620	199	565	505	319	45	264	721	345	625	360	495	235	515	0	322	0	0	441	200	198	505	453	209	481	105	209	455	0	230	191	377	495	394	139	465	81	625	245	355	481	541	460	319	452	203	445	40	453	468	375	215	365	455	169	365	369	0	0	438	200	515	524	566	557	201	29	465	0	115	747	528
220	125	370	730	309	675	615	429	155	374	831	455	735	470	605	345	625	15	432	25	58	551	310	308	615	563	319	591	215	319	565	86	340	301	487	605	504	249	575	191	735	355	465	591	651	570	429	562	313	555	150	563	578	485	325	475	565	279	475	479	110	0	548	310	625	634	676	667	311	139	575	15	225	857	638
0	0	0	182	0	127	67	0	0	0	283	0	187	0	57	0	77	0	0	0	0	3	0	0	67	15	0	43	0	0	17	0	0	0	0	57	0	0	27	0	187	0	0	43	103	22	0	14	0	7	0	15	30	0	0	0	17	0	0	0	0	0	0	0	77	86	128	119	0	0	27	0	0	309	90
0	0	60	420	0	365	305	119	0	64	521	145	425	160	295	35	315	0	122	0	0	241	0	0	305	253	9	281	0	9	255	0	30	0	177	295	194	0	265	0	425	45	155	281	341	260	119	252	3	245	0	253	268	175	15	165	255	0	165	169	0	0	238	0	315	324	366	357	1	0	265	0	0	547	328
0	0	0	105	0	50	0	0	0	0	206	0	110	0	0	0	0	0	0	0	0	0	0	0	0	0	0	0	0	0	0	0	0	0	0	0	0	0	0	0	110	0	0	0	26	0	0	0	0	0	0	0	0	0	0	0	0	0	0	0	0	0	0	0	0	9	51	42	0	0	0	0	0	232	13
0	0	0	96	0	41	0	0	0	0	197	0	101	0	0	0	0	0	0	0	0	0	0	0	0	0	0	0	0	0	0	0	0	0	0	0	0	0	0	0	101	0	0	0	17	0	0	0	0	0	0	0	0	0	0	0	0	0	0	0	0	0	0	0	0	0	42	33	0	0	0	0	0	223	4
0	0	0	54	0	0	0	0	0	0	155	0	59	0	0	0	0	0	0	0	0	0	0	0	0	0	0	0	0	0	0	0	0	0	0	0	0	0	0	0	59	0	0	0	0	0	0	0	0	0	0	0	0	0	0	0	0	0	0	0	0	0	0	0	0	0	0	0	0	0	0	0	0	181	0
0	0	0	63	0	8	0	0	0	0	164	0	68	0	0	0	0	0	0	0	0	0	0	0	0	0	0	0	0	0	0	0	0	0	0	0	0	0	0	0	68	0	0	0	0	0	0	0	0	0	0	0	0	0	0	0	0	0	0	0	0	0	0	0	0	0	9	0	0	0	0	0	0	190	0
0	0	59	419	0	364	304	118	0	63	520	144	424	159	294	34	314	0	121	0	0	240	0	0	304	252	8	280	0	8	254	0	29	0	176	294	193	0	264	0	424	44	154	280	340	259	118	251	2	244	0	252	267	174	14	164	254	0	164	168	0	0	237	0	314	323	365	356	0	0	264	0	0	546	327
81	0	231	591	170	536	476	290	16	235	692	316	596	331	466	206	486	0	293	0	0	412	171	169	476	424	180	452	76	180	426	0	201	162	348	466	365	110	436	52	596	216	326	452	512	431	290	423	174	416	11	424	439	346	186	336	426	140	336	340	0	0	409	171	486	495	537	528	172	0	436	0	86	718	499
0	0	0	155	0	100	40	0	0	0	256	0	160	0	30	0	50	0	0	0	0	0	0	0	40	0	0	16	0	0	0	0	0	0	0	30	0	0	0	0	160	0	0	16	76	0	0	0	0	0	0	0	3	0	0	0	0	0	0	0	0	0	0	0	50	59	101	92	0	0	0	0	0	282	63
205	110	355	715	294	660	600	414	140	359	816	440	720	455	590	330	610	0	417	10	43	536	295	293	600	548	304	576	200	304	550	71	325	286	472	590	489	234	560	176	720	340	450	576	636	555	414	547	298	540	135	548	563	470	310	460	550	264	460	464	95	0	533	295	610	619	661	652	296	124	560	0	210	842	623
0	0	145	505	84	450	390	204	0	149	606	230	510	245	380	120	400	0	207	0	0	326	85	83	390	338	94	366	0	94	340	0	115	76	262	380	279	24	350	0	510	130	240	366	426	345	204	337	88	330	0	338	353	260	100	250	340	54	250	254	0	0	323	85	400	409	451	442	86	0	350	0	0	632	413
0	0	0	0	0	0	0	0	0	0	0	0	0	0	0	0	0	0	0	0	0	0	0	0	0	0	0	0	0	0	0	0	0	0	0	0	0	0	0	0	0	0	0	0	0	0	0	0	0	0	0	0	0	0	0	0	0	0	0	0	0	0	0	0	0	0	0	0	0	0	0	0	0	0	0
0	0	0	92	0	37	0	0	0	0	193	0	97	0	0	0	0	0	0	0	0	0	0	0	0	0	0	0	0	0	0	0	0	0	0	0	0	0	0	0	97	0	0	0	13	0	0	0	0	0	0	0	0	0	0	0	0	0	0	0	0	0	0	0	0	0	38	29	0	0	0	0	0	219	0

0	695	0	80	0	0	0	0	100	100	0	0	60	0	0	0	0	30	0	80	0	210	100	1130	50	0	50	100	695	0	130	0	40	150	0	0	300	0	10	0	0	0	0	40	140	0	50	0	297	810	0	130	10	0	20	0	0	0	0	0	130	50	485	0	100	0	0	120	260	0	80	0	0	0	200
0	0	0	0	0	0	0	0	0	0	0	0	0	0	0	0	0	0	0	0	0	0	0	435	0	0	0	0	0	0	0	0	0	0	0	0	0	0	0	0	0	0	0	0	0	0	0	0	0	115	0	0	0	0	0	0	0	0	0	0	0	0	0	0	0	0	0	0	0	0	0	0	0	0	0
70	765	0	150	0	20	20	60	170	170	0	0	130	0	70	20	20	100	0	150	70	280	170	1200	120	0	120	170	765	65	200	20	110	220	70	70	370	0	80	20	70	70	0	110	210	50	120	20	367	880	10	200	80	0	90	70	70	0	70	0	200	120	555	0	170	0	0	190	330	70	150	41	20	0	270
0	615	0	0	0	0	0	0	20	20	0	0	0	0	0	0	0	0	0	0	0	130	20	1050	0	0	0	20	615	0	50	0	0	70	0	0	220	0	0	0	0	0	0	0	60	0	0	0	217	730	0	50	0	0	0	0	0	0	0	0	50	0	405	0	20	0	0	40	180	0	0	0	0	0	120
80	775	10	160	0	30	30	70	180	180	0	0	140	0	80	30	30	110	0	160	80	290	180	1210	130	0	130	180	775	75	210	30	120	230	80	80	380	0	90	30	80	80	0	120	220	60	130	30	377	890	20	210	90	0	100	80	80	0	80	0	210	130	565	0	180	0	0	200	340	80	160	51	30	0	280
50	745	0	130	0	0	0	40	150	150	0	0	110	0	50	0	0	80	0	130	50	260	150	1180	100	0	100	150	745	45	180	0	90	200	50	50	350	0	60	0	50	50	0	90	190	30	100	0	347	860	0	180	60	0	70	50	50	0	50	0	180	100	535	0	150	0	0	170	310	50	130	21	0	0	250
50	745	0	130	0	0	0	40	150	150	0	0	110	0	50	0	0	80	0	130	50	260	150	1180	100	0	100	150	745	45	180	0	90	200	50	50	350	0	60	0	50	50	0	90	190	30	100	0	347	860	0	180	60	0	70	50	50	0	50	0	180	100	535	0	150	0	0	170	310	50	130	21	0	0	250
10	705	0	90	0	0	0	0	110	110	0	0	70	0	10	0	0	40	0	90	10	220	110	1140	60	0	60	110	705	5	140	0	50	160	10	10	310	0	20	0	10	10	0	50	150	0	60	0	307	820	0	140	20	0	30	10	10	0	10	0	140	60	495	0	110	0	0	130	270	10	90	0	0	0	210
0	595	0	0	0	0	0	0	0	0	0	0	0	0	0	0	0	0	0	0	0	110	0	1030	0	0	0	0	595	0	30	0	0	50	0	0	200	0	0	0	0	0	0	0	40	0	0	0	197	710	0	30	0	0	0	0	0	0	0	0	30	0	385	0	0	0	0	20	160	0	0	0	0	0	100
0	595	0	0	0	0	0	0	0	0	0	0	0	0	0	0	0	0	0	0	0	110	0	1030	0	0	0	0	595	0	30	0	0	50	0	0	200	0	0	0	0	0	0	0	40	0	0	0	197	710	0	30	0	0	0	0	0	0	0	0	30	0	385	0	0	0	0	20	160	0	0	0	0	0	100
90	785	20	170	10	40	40	80	190	190	0	0	150	10	90	40	40	120	0	170	90	300	190	1220	140	0	140	190	785	85	220	40	130	240	90	90	390	0	100	40	90	90	0	130	230	70	140	40	387	900	30	220	100	0	110	90	90	0	90	0	220	140	575	0	190	0	0	210	350	90	170	61	40	10	290
100	795	30	180	20	50	50	90	200	200	10	0	160	20	100	50	50	130	0	180	100	310	200	1230	150	0	150	200	795	95	230	50	140	250	100	100	400	0	110	50	100	100	0	140	240	80	150	50	397	910	40	230	110	0	120	100	100	10	100	0	230	150	585	0	200	0	0	220	360	100	180	71	50	20	300
0	635	0	20	0	0	0	0	40	40	0	0	0	0	0	0	0	0	0	20	0	150	40	1070	0	0	0	40	635	0	70	0	0	90	0	0	240	0	0	0	0	0	0	0	80	0	0	0	237	750	0	70	0	0	0	0	0	0	0	0	70	0	425	0	40	0	0	60	200	0	20	0	0	0	140
80	775	10	160	0	30	30	70	180	180	0	0	140	0	80	30	30	110	0	160	80	290	180	1210	130	0	130	180	775	75	210	30	120	230	80	80	380	0	90	30	80	80	0	120	220	60	130	30	377	890	20	210	90	0	100	80	80	0	80	0	210	130	565	0	180	0	0	200	340	80	160	51	30	0	280
0	695	0	80	0	0	0	0	100	100	0	0	60	0	0	0	0	30	0	80	0	210	100	1130	50	0	50	100	695	0	130	0	40	150	0	0	300	0	10	0	0	0	0	40	140	0	50	0	297	810	0	130	10	0	20	0	0	0	0	0	130	50	485	0	100	0	0	120	260	0	80	0	0	0	200
50	745	0	130	0	0	0	40	150	150	0	0	110	0	50	0	0	80	0	130	50	260	150	1180	100	0	100	150	745	45	180	0	90	200	50	50	350	0	60	0	50	50	0	90	190	30	100	0	347	860	0	180	60	0	70	50	50	0	50	0	180	100	535	0	150	0	0	170	310	50	130	21	0	0	250
50	745	0	130	0	0	0	40	150	150	0	0	110	0	50	0	0	80	0	130	50	260	150	1180	100	0	100	150	745	45	180	0	90	200	50	50	350	0	60	0	50	50	0	90	190	30	100	0	347	860	0	180	60	0	70	50	50	0	50	0	180	100	535	0	150	0	0	170	310	50	130	21	0	0	250
0	665	0	50	0	0	0	0	70	70	0	0	30	0	0	0	0	0	0	50	0	180	70	1100	20	0	20	70	665	0	100	0	10	120	0	0	270	0	0	0	0	0	0	10	110	0	20	0	267	780	0	100	0	0	0	0	0	0	0	0	100	20	455	0	70	0	0	90	230	0	50	0	0	0	170
100	795	30	180	20	50	50	90	200	200	10	0	160	20	100	50	50	130	0	180	100	310	200	1230	150	0	150	200	795	95	230	50	140	250	100	100	400	0	110	50	100	100	0	140	240	80	150	50	397	910	40	230	110	0	120	100	100	10	100	0	230	150	585	0	200	0	0	220	360	100	180	71	50	20	300
0	615	0	0	0	0	0	0	20	20	0	0	0	0	0	0	0	0	0	0	0	130	20	1050	0	0	0	20	615	0	50	0	0	70	0	0	220	0	0	0	0	0	0	0	60	0	0	0	217	730	0	50	0	0	0	0	0	0	0	0	50	0	405	0	20	0	0	40	180	0	0	0	0	0	120
0	695	0	80	0	0	0	0	100	100	0	0	60	0	0	0	0	30	0	80	0	210	100	1130	50	0	50	100	695	0	130	0	40	150	0	0	300	0	10	0	0	0	0	40	140	0	50	0	297	810	0	130	10	0	20	0	0	0	0	0	130	50	485	0	100	0	0	120	260	0	80	0	0	0	200
0	485	0	0	0	0	0	0	0	0	0	0	0	0	0	0	0	0	0	0	0	0	0	920	0	0	0	0	485	0	0	0	0	0	0	0	90	0	0	0	0	0	0	0	0	0	0	0	87	600	0	0	0	0	0	0	0	0	0	0	0	0	275	0	0	0	0	0	50	0	0	0	0	0	0
0	595	0	0	0	0	0	0	0	0	0	0	0	0	0	0	0	0	0	0	0	110	0	1030	0	0	0	0	595	0	30	0	0	50	0	0	200	0	0	0	0	0	0	0	40	0	0	0	197	710	0	30	0	0	0	0	0	0	0	0	30	0	385	0	0	0	0	20	160	0	0	0	0	0	100
0	0	0	0	0	0	0	0	0	0	0	0	0	0	0	0	0	0	0	0	0	0	0	0	0	0	0	0	0	0	0	0	0	0	0	0	0	0	0	0	0	0	0	0	0	0	0	0	0	0	0	0	0	0	0	0	0	0	0	0	0	0	0	0	0	0	0	0	0	0	0	0	0	0	0
0	645	0	30	0	0	0	0	50	50	0	0	10	0	0	0	0	0	0	30	0	160	50	1080	0	0	0	50	645	0	80	0	0	100	0	0	250	0	0	0	0	0	0	0	90	0	0	0	247	760	0	80	0	0	0	0	0	0	0	0	80	0	435	0	50	0	0	70	210	0	30	0	0	0	150
100	795	30	180	20	50	50	90	200	200	10	0	160	20	100	50	50	130	0	180	100	310	200	1230	150	0	150	200	795	95	230	50	140	250	100	100	400	0	110	50	100	100	0	140	240	80	150	50	397	910	40	230	110	0	120	100	100	10	100	0	230	150	585	0	200	0	0	220	360	100	180	71	50	20	300
0	645	0	30	0	0	0	0	50	50	0	0	10	0	0	0	0	0	0	30	0	160	50	1080	0	0	0	50	645	0	80	0	0	100	0	0	250	0	0	0	0	0	0	0	90	0	0	0	247	760	0	80	0	0	0	0	0	0	0	0	80	0	435	0	50	0	0	70	210	0	30	0	0	0	150
0	595	0	0	0	0	0	0	0	0	0	0	0	0	0	0	0	0	0	0	0	110	0	1030	0	0	0	0	595	0	30	0	0	50	0	0	200	0	0	0	0	0	0	0	40	0	0	0	197	710	0	30	0	0	0	0	0	0	0	0	30	0	385	0	0	0	0	20	160	0	0	0	0	0	100
0	0	0	0	0	0	0	0	0	0	0	0	0	0	0	0	0	0	0	0	0	0	0	435	0	0	0	0	0	0	0	0	0	0	0	0	0	0	0	0	0	0	0	0	0	0	0	0	0	115	0	0	0	0	0	0	0	0	0	0	0	0	0	0	0	0	0	0	0	0	0	0	0	0	0
5	700	0	85	0	0	0	0	105	105	0	0	65	0	5	0	0	35	0	85	5	215	105	1135	55	0	55	105	700	0	135	0	45	155	5	5	305	0	15	0	5	5	0	45	145	0	55	0	302	815	0	135	15	0	25	5	5	0	5	0	135	55	490	0	105	0	0	125	265	5	85	0	0	0	205
0	565	0	0	0	0	0	0	0	0	0	0	0	0	0	0	0	0	0	0	0	80	0	1000	0	0	0	0	565	0	0	0	0	20	0	0	170	0	0	0	0	0	0	0	10	0	0	0	167	680	0	0	0	0	0	0	0	0	0	0	0	0	355	0	0	0	0	0	130	0	0	0	0	0	70
50	745	0	130	0	0	0	40	150	150	0	0	110	0	50	0	0	80	0	130	50	260	150	1180	100	0	100	150	745	45	180	0	90	200	50	50	350	0	60	0	50	50	0	90	190	30	100	0	347	860	0	180	60	0	70	50	50	0	50	0	180	100	535	0	150	0	0	170	310	50	130	21	0	0	250
0	655	0	40	0	0	0	0	60	60	0	0	20	0	0	0	0	0	0	40	0	170	60	1090	10	0	10	60	655	0	90	0	0	110	0	0	260	0	0	0	0	0	0	0	100	0	10	0	257	770	0	90	0	0	0	0	0	0	0	0	90	10	445	0	60	0	0	80	220	0	40	0	0	0	160
0	545	0	0	0	0	0	0	0	0	0	0	0	0	0	0	0	0	0	0	0	60	0	980	0	0	0	0	545	0	0	0	0	0	0	0	150	0	0	0	0	0	0	0	0	0	0	0	147	660	0	0	0	0	0	0	0	0	0	0	0	0	335	0	0	0	0	0	110	0	0	0	0	0	50
0	695	0	80	0	0	0	0	100	100	0	0	60	0	0	0	0	30	0	80	0	210	100	1130	50	0	50	100	695	0	130	0	40	150	0	0	300	0	10	0	0	0	0	40	140	0	50	0	297	810	0	130	10	0	20	0	0	0	0	0	130	50	485	0	100	0	0	120	260	0	80	0	0	0	200
0	695	0	80	0	0	0	0	100	100	0	0	60	0	0	0	0	30	0	80	0	210	100	1130	50	0	50	100	695	0	130	0	40	150	0	0	300	0	10	0	0	0	0	40	140	0	50	0	297	810	0	130	10	0	20	0	0	0	0	0	130	50	485	0	100	0	0	120	260	0	80	0	0	0	200
0	395	0	0	0	0	0	0	0	0	0	0	0	0	0	0	0	0	0	0	0	0	0	830	0	0	0	0	395	0	0	0	0	0	0	0	0	0	0	0	0	0	0	0	0	0	0	0	0	510	0	0	0	0	0	0	0	0	0	0	0	0	185	0	0	0	0	0	0	0	0	0	0	0	0
100	795	30	180	20	50	50	90	200	200	10	0	160	20	100	50	50	130	0	180	100	310	200	1230	150	0	150	200	795	95	230	50	140	250	100	100	400	0	110	50	100	100	0	140	240	80	150	50	397	910	40	230	110	0	120	100	100	10	100	0	230	150	585	0	200	0	0	220	360	100	180	71	50	20	300
0	685	0	70	0	0	0	0	90	90	0	0	50	0	0	0	0	20	0	70	0	200	90	1120	40	0	40	90	685	0	120	0	30	140	0	0	290	0	0	0	0	0	0	30	130	0	40	0	287	800	0	120	0	0	10	0	0	0	0	0	120	40	475	0	90	0	0	110	250	0	70	0	0	0	190
50	745	0	130	0	0	0	40	150	150	0	0	110	0	50	0	0	80	0	130	50	260	150	1180	100	0	100	150	745	45	180	0	90	200	50	50	350	0	60	0	50	50	0	90	190	30	100	0	347	860	0	180	60	0	70	50	50	0	50	0	180	100	535	0	150	0	0	170	310	50	130	21	0	0	250
0	695	0	80	0	0	0	0	100	100	0	0	60	0	0	0	0	30	0	80	0	210	100	1130	50	0	50	100	695	0	130	0	40	150	0	0	300	0	10	0	0	0	0	40	140	0	50	0	297	810	0	130	10	0	20	0	0	0	0	0	130	50	485	0	100	0	0	120	260	0	80	0	0	0	200
0	695	0	80	0	0	0	0	100	100	0	0	60	0	0	0	0	30	0	80	0	210	100	1130	50	0	50	100	695	0	130	0	40	150	0	0	300	0	10	0	0	0	0	40	140	0	50	0	297	810	0	130	10	0	20	0	0	0	0	0	130	50	485	0	100	0	0	120	260	0	80	0	0	0	200
100	795	30	180	20	50	50	90	200	200	10	0	160	20	100	50	50	130	0	180	100	310	200	1230	150	0	150	200	795	95	230	50	140	250	100	100	400	0	110	50	100	100	0	140	240	80	150	50	397	910	40	230	110	0	120	100	100	10	100	0	230	150	585	0	200	0	0	220	360	100	180	71	50	20	300
0	655	0	40	0	0	0	0	60	60	0	0	20	0	0	0	0	0	0	40	0	170	60	1090	10	0	10	60	655	0	90	0	0	110	0	0	260	0	0	0	0	0	0	0	100	0	10	0	257	770	0	90	0	0	0	0	0	0	0	0	90	10	445	0	60	0	0	80	220	0	40	0	0	0	160
0	555	0	0	0	0	0	0	0	0	0	0	0	0	0	0	0	0	0	0	0	70	0	990	0	0	0	0	555	0	0	0	0	10	0	0	160	0	0	0	0	0	0	0	0	0	0	0	157	670	0	0	0	0	0	0	0	0	0	0	0	0	345	0	0	0	0	0	120	0	0	0	0	0	60
20	715	0	100	0	0	0	10	120	120	0	0	80	0	20	0	0	50	0	100	20	230	120	1150	70	0	70	120	715	15	150	0	60	170	20	20	320	0	30	0	20	20	0	60	160	0	70	0	317	830	0	150	30	0	40	20	20	0	20	0	150	70	505	0	120	0	0	140	280	20	100	0	0	0	220
0	645	0	30	0	0	0	0	50	50	0	0	10	0	0	0	0	0	0	30	0	160	50	1080	0	0	0	50	645	0	80	0	0	100	0	0	250	0	0	0	0	0	0	0	90	0	0	0	247	760	0	80	0	0	0	0	0	0	0	0	80	0	435	0	50	0	0	70	210	0	30	0	0	0	150
50	745	0	130	0	0	0	40	150	150	0	0	110	0	50	0	0	80	0	130	50	260	150	1180	100	0	100	150	745	45	180	0	90	200	50	50	350	0	60	0	50	50	0	90	190	30	100	0	347	860	0	180	60	0	70	50	50	0	50	0	180	100	535	0	150	0	0	170	310	50	130	21	0	0	250
0	398	0	0	0	0	0	0	0	0	0	0	0	0	0	0	0	0	0	0	0	0	0	833	0	0	0	0	398	0	0	0	0	0	0	0	3	0	0	0	0	0	0	0	0	0	0	0	0	513	0	0	0	0	0	0	0	0	0	0	0	0	188	0	0	0	0	0	0	0	0	0	0	0	0
0	0	0	0	0	0	0	0	0	0	0	0	0	0	0	0	0	0	0	0	0	0	0	320	0	0	0	0	0	0	0	0	0	0	0	0	0	0	0	0	0	0	0	0	0	0	0	0	0	0	0	0	0	0	0	0	0	0	0	0	0	0	0	0	0	0	0	0	0	0	0	0	0	0	0
60	755	0	140	0	10	10	50	160	160	0	0	120	0	60	10	10	90	0	140	60	270	160	1190	110	0	110	160	755	55	190	10	100	210	60	60	360	0	70	10	60	60	0	100	200	40	110	10	357	870	0	190	70	0	80	60	60	0	60	0	190	110	545	0	160	0	0	180	320	60	140	31	10	0	260
0	565	0	0	0	0	0	0	0	0	0	0	0	0	0	0	0	0	0	0	0	80	0	1000	0	0	0	0	565	0	0	0	0	20	0	0	170	0	0	0	0	0	0	0	10	0	0	0	167	680	0	0	0	0	0	0	0	0	0	0	0	0	355	0	0	0	0	0	130	0	0	0	0	0	70
0	685	0	70	0	0	0	0	90	90	0	0	50	0	0	0	0	20	0	70	0	200	90	1120	40	0	40	90	685	0	120	0	30	140	0	0	290	0	0	0	0	0	0	30	130	0	40	0	287	800	0	120	0	0	10	0	0	0	0	0	120	40	475	0	90	0	0	110	250	0	70	0	0	0	190
100	795	30	180	20	50	50	90	200	200	10	0	160	20	100	50	50	130	0	180	100	310	200	1230	150	0	150	200	795	95	230	50	140	250	100	100	400	0	110	50	100	100	0	140	240	80	150	50	397	910	40	230	110	0	120	100	100	10	100	0	230	150	585	0	200	0	0	220	360	100	180	71	50	20	300
0	675	0	60	0	0	0	0	80	80	0	0	40	0	0	0	0	10	0	60	0	190	80	1110	30	0	30	80	675	0	110	0	20	130	0	0	280	0	0	0	0	0	0	20	120	0	30	0	277	790	0	110	0	0	0	0	0	0	0	0	110	30	465	0	80	0	0	100	240	0	60	0	0	0	180
0	695	0	80	0	0	0	0	100	100	0	0	60	0	0	0	0	30	0	80	0	210	100	1130	50	0	50	100	695	0	130	0	40	150	0	0	300	0	10	0	0	0	0	40	140	0	50	0	297	810	0	130	10	0	20	0	0	0	0	0	130	50	485	0	100	0	0	120	260	0	80	0	0	0	200
0	695	0	80	0	0	0	0	100	100	0	0	60	0	0	0	0	30	0	80	0	210	100	1130	50	0	50	100	695	0	130	0	40	150	0	0	300	0	10	0	0	0	0	40	140	0	50	0	297	810	0	130	10	0	20	0	0	0	0	0	130	50	485	0	100	0	0	120	260	0	80	0	0	0	200
90	785	20	170	10	40	40	80	190	190	0	0	150	10	90	40	40	120	0	170	90	300	190	1220	140	0	140	190	785	85	220	40	130	240	90	90	390	0	100	40	90	90	0	130	230	70	140	40	387	900	30	220	100	0	110	90	90	0	90	0	220	140	575	0	190	0	0	210	350	90	170	61	40	10	290
0	695	0	80	0	0	0	0	100	100	0	0	60	0	0	0	0	30	0	80	0	210	100	1130	50	0	50	100	695	0	130	0	40	150	0	0	300	0	10	0	0	0	0	40	140	0	50	0	297	810	0	130	10	0	20	0	0	0	0	0	130	50	485	0	100	0	0	120	260	0	80	0	0	0	200
145	840	75	225	65	95	95	135	245	245	55	45	205	65	145	95	95	175	45	225	145	355	245	1275	195	45	195	245	840	140	275	95	185	295	145	145	445	45	155	95	145	145	45	185	285	125	195	95	442	955	85	275	155	45	165	145	145	55	145	0	275	195	630	45	245	45	45	265	405	145	225	116	95	65	345
0	565	0	0	0	0	0	0	0	0	0	0	0	0	0	0	0	0	0	0	0	80	0	1000	0	0	0	0	565	0	0	0	0	20	0	0	170	0	0	0	0	0	0	0	10	0	0	0	167	680	0	0	0	0	0	0	0	0	0	0	0	0	355	0	0	0	0	0	130	0	0	0	0	0	70
0	645	0	30	0	0	0	0	50	50	0	0	10	0	0	0	0	0	0	30	0	160	50	1080	0	0	0	50	645	0	80	0	0	100	0	0	250	0	0	0	0	0	0	0	90	0	0	0	247	760	0	80	0	0	0	0	0	0	0	0	80	0	435	0	50	0	0	70	210	0	30	0	0	0	150
0	210	0	0	0	0	0	0	0	0	0	0	0	0	0	0	0	0	0	0	0	0	0	645	0	0	0	0	210	0	0	0	0	0	0	0	0	0	0	0	0	0	0	0	0	0	0	0	0	325	0	0	0	0	0	0	0	0	0	0	0	0	0	0	0	0	0	0	0	0	0	0	0	0	0
100	795	30	180	20	50	50	90	200	200	10	0	160	20	100	50	50	130	0	180	100	310	200	1230	150	0	150	200	795	95	230	50	140	250	100	100	400	0	110	50	100	100	0	140	240	80	150	50	397	910	40	230	110	0	120	100	100	10	100	0	230	150	585	0	200	0	0	220	360	100	180	71	50	20	300
0	595	0	0	0	0	0	0	0	0	0	0	0	0	0	0	0	0	0	0	0	110	0	1030	0	0	0	0	595	0	30	0	0	50	0	0	200	0	0	0	0	0	0	0	40	0	0	0	197	710	0	30	0	0	0	0	0	0	0	0	30	0	385	0	0	0	0	20	160	0	0	0	0	0	100
100	795	30	180	20	50	50	90	200	200	10	0	160	20	100	50	50	130	0	180	100	310	200	1230	150	0	150	200	795	95	230	50	140	250	100	100	400	0	110	50	100	100	0	140	240	80	150	50	397	910	40	230	110	0	120	100	100	10	100	0	230	150	585	0	200	0	0	220	360	100	180	71	50	20	300
100	795	30	180	20	50	50	90	200	200	10	0	160	20	100	50	50	130	0	180	100	310	200	1230	150	0	150	200	795	95	230	50	140	250	100	100	400	0	110	50	100	100	0	140	240	80	150	50	397	910	40	230	110	0	120	100	100	10	100	0	230	150	585	0	200	0	0	220	360	100	180	71	50	20	300
0	575	0	0	0	0	0	0	0	0	0	0	0	0	0	0	0	0	0	0	0	90	0	1010	0	0	0	0	575	0	10	0	0	30	0	0	180	0	0	0	0	0	0	0	20	0	0	0	177	690	0	10	0	0	0	0	0	0	0	0	10	0	365	0	0	0	0	0	140	0	0	0	0	0	80
0	435	0	0	0	0	0	0	0	0	0	0	0	0	0	0	0	0	0	0	0	0	0	870	0	0	0	0	435	0	0	0	0	0	0	0	40	0	0	0	0	0	0	0	0	0	0	0	37	550	0	0	0	0	0	0	0	0	0	0	0	0	225	0	0	0	0	0	0	0	0	0	0	0	0
0	695	0	80	0	0	0	0	100	100	0	0	60	0	0	0	0	30	0	80	0	210	100	1130	50	0	50	100	695	0	130	0	40	150	0	0	300	0	10	0	0	0	0	40	140	0	50	0	297	810	0	130	10	0	20	0	0	0	0	0	130	50	485	0	100	0	0	120	260	0	80	0	0	0	200
0	615	0	0	0	0	0	0	20	20	0	0	0	0	0	0	0	0	0	0	0	130	20	1050	0	0	0	20	615	0	50	0	0	70	0	0	220	0	0	0	0	0	0	0	60	0	0	0	217	730	0	50	0	0	0	0	0	0	0	0	50	0	405	0	20	0	0	40	180	0	0	0	0	0	120
29	724	0	109	0	0	0	19	129	129	0	0	89	0	29	0	0	59	0	109	29	239	129	1159	79	0	79	129	724	24	159	0	69	179	29	29	329	0	39	0	29	29	0	69	169	9	79	0	326	839	0	159	39	0	49	29	29	0	29	0	159	79	514	0	129	0	0	149	289	29	109	0	0	0	229
50	745	0	130	0	0	0	40	150	150	0	0	110	0	50	0	0	80	0	130	50	260	150	1180	100	0	100	150	745	45	180	0	90	200	50	50	350	0	60	0	50	50	0	90	190	30	100	0	347	860	0	180	60	0	70	50	50	0	50	0	180	100	535	0	150	0	0	170	310	50	130	21	0	0	250
80	775	10	160	0	30	30	70	180	180	0	0	140	0	80	30	30	110	0	160	80	290	180	1210	130	0	130	180	775	75	210	30	120	230	80	80	380	0	90	30	80	80	0	120	220	60	130	30	377	890	20	210	90	0	100	80	80	0	80	0	210	130	565	0	180	0	0	200	340	80	160	51	30	0	280
0	495	0	0	0	0	0	0	0	0	0	0	0	0	0	0	0	0	0	0	0	10	0	930	0	0	0	0	495	0	0	0	0	0	0	0	100	0	0	0	0	0	0	0	0	0	0	0	97	610	0	0	0	0	0	0	0	0	0	0	0	0	285	0	0	0	0	0	60	0	0	0	0	0	0

0	0	70	0	80	50	50	10	0	0	90	100	0	80	0	50	50	0	100	0	0	0	0	0	0	100	0	0	0	5	0	50	0	0	0	0	0	100	0	50	0	0	100	0	0	20	0	50	0	0	60	0	0	100	0	0	0	90	0	145	0	0	0	100	0	100	100	0	0	0	0	29	50	80	0
695	0	765	615	775	745	745	705	595	595	785	795	635	775	695	745	745	665	795	615	695	485	595	0	645	795	645	595	0	700	565	745	655	545	695	695	395	795	685	745	695	695	795	655	555	715	645	745	398	0	755	565	685	795	675	695	695	785	695	840	565	645	210	795	595	795	795	575	435	695	615	724	745	775	495
0	0	0	0	10	0	0	0	0	0	20	30	0	10	0	0	0	0	30	0	0	0	0	0	0	30	0	0	0	0	0	0	0	0	0	0	0	30	0	0	0	0	30	0	0	0	0	0	0	0	0	0	0	30	0	0	0	20	0	75	0	0	0	30	0	30	30	0	0	0	0	0	0	10	0
80	0	150	0	160	130	130	90	0	0	170	180	20	160	80	130	130	50	180	0	80	0	0	0	30	180	30	0	0	85	0	130	40	0	80	80	0	180	70	130	80	80	180	40	0	100	30	130	0	0	140	0	70	180	60	80	80	170	80	225	0	30	0	180	0	180	180	0	0	80	0	109	130	160	0
0	0	0	0	0	0	0	0	0	0	10	20	0	0	0	0	0	0	20	0	0	0	0	0	0	20	0	0	0	0	0	0	0	0	0	0	0	20	0	0	0	0	20	0	0	0	0	0	0	0	0	0	0	20	0	0	0	10	0	65	0	0	0	20	0	20	20	0	0	0	0	0	0	0	0
0	0	20	0	30	0	0	0	0	0	40	50	0	30	0	0	0	0	50	0	0	0	0	0	0	50	0	0	0	0	0	0	0	0	0	0	0	50	0	0	0	0	50	0	0	0	0	0	0	0	10	0	0	50	0	0	0	40	0	95	0	0	0	50	0	50	50	0	0	0	0	0	0	30	0
0	0	20	0	30	0	0	0	0	0	40	50	0	30	0	0	0	0	50	0	0	0	0	0	0	50	0	0	0	0	0	0	0	0	0	0	0	50	0	0	0	0	50	0	0	0	0	0	0	0	10	0	0	50	0	0	0	40	0	95	0	0	0	50	0	50	50	0	0	0	0	0	0	30	0
0	0	60	0	70	40	40	0	0	0	80	90	0	70	0	40	40	0	90	0	0	0	0	0	0	90	0	0	0	0	0	40	0	0	0	0	0	90	0	40	0	0	90	0	0	10	0	40	0	0	50	0	0	90	0	0	0	80	0	135	0	0	0	90	0	90	90	0	0	0	0	19	40	70	0
100	0	170	20	180	150	150	110	0	0	190	200	40	180	100	150	150	70	200	20	100	0	0	0	50	200	50	0	0	105	0	150	60	0	100	100	0	200	90	150	100	100	200	60	0	120	50	150	0	0	160	0	90	200	80	100	100	190	100	245	0	50	0	200	0	200	200	0	0	100	20	129	150	180	0
100	0	170	20	180	150	150	110	0	0	190	200	40	180	100	150	150	70	200	20	100	0	0	0	50	200	50	0	0	105	0	150	60	0	100	100	0	200	90	150	100	100	200	60	0	120	50	150	0	0	160	0	90	200	80	100	100	190	100	245	0	50	0	200	0	200	200	0	0	100	20	129	150	180	0
0	0	0	0	0	0	0	0	0	0	0	10	0	0	0	0	0	0	10	0	0	0	0	0	0	10	0	0	0	0	0	0	0	0	0	0	0	10	0	0	0	0	10	0	0	0	0	0	0	0	0	0	0	10	0	0	0	0	0	55	0	0	0	10	0	10	10	0	0	0	0	0	0	0	0
0	0	0	0	0	0	0	0	0	0	0	0	0	0	0	0	0	0	0	0	0	0	0	0	0	0	0	0	0	0	0	0	0	0	0	0	0	0	0	0	0	0	0	0	0	0	0	0	0	0	0	0	0	0	0	0	0	0	0	45	0	0	0	0	0	0	0	0	0	0	0	0	0	0	0
60	0	130	0	140	110	110	70	0	0	150	160	0	140	60	110	110	30	160	0	60	0	0	0	10	160	10	0	0	65	0	110	20	0	60	60	0	160	50	110	60	60	160	20	0	80	10	110	0	0	120	0	50	160	40	60	60	150	60	205	0	10	0	160	0	160	160	0	0	60	0	89	110	140	0
0	0	0	0	0	0	0	0	0	0	10	20	0	0	0	0	0	0	20	0	0	0	0	0	0	20	0	0	0	0	0	0	0	0	0	0	0	20	0	0	0	0	20	0	0	0	0	0	0	0	0	0	0	20	0	0	0	10	0	65	0	0	0	20	0	20	20	0	0	0	0	0	0	0	0
0	0	70	0	80	50	50	10	0	0	90	100	0	80	0	50	50	0	100	0	0	0	0	0	0	100	0	0	0	5	0	50	0	0	0	0	0	100	0	50	0	0	100	0	0	20	0	50	0	0	60	0	0	100	0	0	0	90	0	145	0	0	0	100	0	100	100	0	0	0	0	29	50	80	0
0	0	20	0	30	0	0	0	0	0	40	50	0	30	0	0	0	0	50	0	0	0	0	0	0	50	0	0	0	0	0	0	0	0	0	0	0	50	0	0	0	0	50	0	0	0	0	0	0	0	10	0	0	50	0	0	0	40	0	95	0	0	0	50	0	50	50	0	0	0	0	0	0	30	0
0	0	20	0	30	0	0	0	0	0	40	50	0	30	0	0	0	0	50	0	0	0	0	0	0	50	0	0	0	0	0	0	0	0	0	0	0	50	0	0	0	0	50	0	0	0	0	0	0	0	10	0	0	50	0	0	0	40	0	95	0	0	0	50	0	50	50	0	0	0	0	0	0	30	0
30	0	100	0	110	80	80	40	0	0	120	130	0	110	30	80	80	0	130	0	30	0	0	0	0	130	0	0	0	35	0	80	0	0	30	30	0	130	20	80	30	30	130	0	0	50	0	80	0	0	90	0	20	130	10	30	30	120	30	175	0	0	0	130	0	130	130	0	0	30	0	59	80	110	0
0	0	0	0	0	0	0	0	0	0	0	0	0	0	0	0	0	0	0	0	0	0	0	0	0	0	0	0	0	0	0	0	0	0	0	0	0	0	0	0	0	0	0	0	0	0	0	0	0	0	0	0	0	0	0	0	0	0	0	45	0	0	0	0	0	0	0	0	0	0	0	0	0	0	0
80	0	150	0	160	130	130	90	0	0	170	180	20	160	80	130	130	50	180	0	80	0	0	0	30	180	30	0	0	85	0	130	40	0	80	80	0	180	70	130	80	80	180	40	0	100	30	130	0	0	140	0	70	180	60	80	80	170	80	225	0	30	0	180	0	180	180	0	0	80	0	109	130	160	0
0	0	70	0	80	50	50	10	0	0	90	100	0	80	0	50	50	0	100	0	0	0	0	0	0	100	0	0	0	5	0	50	0	0	0	0	0	100	0	50	0	0	100	0	0	20	0	50	0	0	60	0	0	100	0	0	0	90	0	145	0	0	0	100	0	100	100	0	0	0	0	29	50	80	0
210	0	280	130	290	260	260	220	110	110	300	310	150	290	210	260	260	180	310	130	210	0	110	0	160	310	160	110	0	215	80	260	170	60	210	210	0	310	200	260	210	210	310	170	70	230	160	260	0	0	270	80	200	310	190	210	210	300	210	355	80	160	0	310	110	310	310	90	0	210	130	239	260	290	10
100	0	170	20	180	150	150	110	0	0	190	200	40	180	100	150	150	70	200	20	100	0	0	0	50	200	50	0	0	105	0	150	60	0	100	100	0	200	90	150	100	100	200	60	0	120	50	150	0	0	160	0	90	200	80	100	100	190	100	245	0	50	0	200	0	200	200	0	0	100	20	129	150	180	0
1130	435	1200	1050	1210	1180	1180	1140	1030	1030	1220	1230	1070	1210	1130	1180	1180	1100	1230	1050	1130	920	1030	0	1080	1230	1080	1030	435	1135	1000	1180	1090	980	1130	1130	830	1230	1120	1180	1130	1130	1230	1090	990	1150	1080	1180	833	320	1190	1000	1120	1230	1110	1130	1130	1220	1130	1275	1000	1080	645	1230	1030	1230	1230	1010	870	1130	1050	1159	1180	1210	930
50	0	120	0	130	100	100	60	0	0	140	150	0	130	50	100	100	20	150	0	50	0	0	0	0	150	0	0	0	55	0	100	10	0	50	50	0	150	40	100	50	50	150	10	0	70	0	100	0	0	110	0	40	150	30	50	50	140	50	195	0	0	0	150	0	150	150	0	0	50	0	79	100	130	0
0	0	0	0	0	0	0	0	0	0	0	0	0	0	0	0	0	0	0	0	0	0	0	0	0	0	0	0	0	0	0	0	0	0	0	0	0	0	0	0	0	0	0	0	0	0	0	0	0	0	0	0	0	0	0	0	0	0	0	45	0	0	0	0	0	0	0	0	0	0	0	0	0	0	0
50	0	120	0	130	100	100	60	0	0	140	150	0	130	50	100	100	20	150	0	50	0	0	0	0	150	0	0	0	55	0	100	10	0	50	50	0	150	40	100	50	50	150	10	0	70	0	100	0	0	110	0	40	150	30	50	50	140	50	195	0	0	0	150	0	150	150	0	0	50	0	79	100	130	0
100	0	170	20	180	150	150	110	0	0	190	200	40	180	100	150	150	70	200	20	100	0	0	0	50	200	50	0	0	105	0	150	60	0	100	100	0	200	90	150	100	100	200	60	0	120	50	150	0	0	160	0	90	200	80	100	100	190	100	245	0	50	0	200	0	200	200	0	0	100	20	129	150	180	0
695	0	765	615	775	745	745	705	595	595	785	795	635	775	695	745	745	665	795	615	695	485	595	0	645	795	645	595	0	700	565	745	655	545	695	695	395	795	685	745	695	695	795	655	555	715	645	745	398	0	755	565	685	795	675	695	695	785	695	840	565	645	210	795	595	795	795	575	435	695	615	724	745	775	495
0	0	65	0	75	45	45	5	0	0	85	95	0	75	0	45	45	0	95	0	0	0	0	0	0	95	0	0	0	0	0	45	0	0	0	0	0	95	0	45	0	0	95	0	0	15	0	45	0	0	55	0	0	95	0	0	0	85	0	140	0	0	0	95	0	95	95	0	0	0	0	24	45	75	0
130	0	200	50	210	180	180	140	30	30	220	230	70	210	130	180	180	100	230	50	130	0	30	0	80	230	80	30	0	135	0	180	90	0	130	130	0	230	120	180	130	130	230	90	0	150	80	180	0	0	190	0	120	230	110	130	130	220	130	275	0	80	0	230	30	230	230	10	0	130	50	159	180	210	0
0	0	20	0	30	0	0	0	0	0	40	50	0	30	0	0	0	0	50	0	0	0	0	0	0	50	0	0	0	0	0	0	0	0	0	0	0	50	0	0	0	0	50	0	0	0	0	0	0	0	10	0	0	50	0	0	0	40	0	95	0	0	0	50	0	50	50	0	0	0	0	0	0	30	0
40	0	110	0	120	90	90	50	0	0	130	140	0	120	40	90	90	10	140	0	40	0	0	0	0	140	0	0	0	45	0	90	0	0	40	40	0	140	30	90	40	40	140	0	0	60	0	90	0	0	100	0	30	140	20	40	40	130	40	185	0	0	0	140	0	140	140	0	0	40	0	69	90	120	0
150	0	220	70	230	200	200	160	50	50	240	250	90	230	150	200	200	120	250	70	150	0	50	0	100	250	100	50	0	155	20	200	110	0	150	150	0	250	140	200	150	150	250	110	10	170	100	200	0	0	210	20	140	250	130	150	150	240	150	295	20	100	0	250	50	250	250	30	0	150	70	179	200	230	0
0	0	70	0	80	50	50	10	0	0	90	100	0	80	0	50	50	0	100	0	0	0	0	0	0	100	0	0	0	5	0	50	0	0	0	0	0	100	0	50	0	0	100	0	0	20	0	50	0	0	60	0	0	100	0	0	0	90	0	145	0	0	0	100	0	100	100	0	0	0	0	29	50	80	0
0	0	70	0	80	50	50	10	0	0	90	100	0	80	0	50	50	0	100	0	0	0	0	0	0	100	0	0	0	5	0	50	0	0	0	0	0	100	0	50	0	0	100	0	0	20	0	50	0	0	60	0	0	100	0	0	0	90	0	145	0	0	0	100	0	100	100	0	0	0	0	29	50	80	0
300	0	370	220	380	350	350	310	200	200	390	400	240	380	300	350	350	270	400	220	300	90	200	0	250	400	250	200	0	305	170	350	260	150	300	300	0	400	290	350	300	300	400	260	160	320	250	350	3	0	360	170	290	400	280	300	300	390	300	445	170	250	0	400	200	400	400	180	40	300	220	329	350	380	100
0	0	0	0	0	0	0	0	0	0	0	0	0	0	0	0	0	0	0	0	0	0	0	0	0	0	0	0	0	0	0	0	0	0	0	0	0	0	0	0	0	0	0	0	0	0	0	0	0	0	0	0	0	0	0	0	0	0	0	45	0	0	0	0	0	0	0	0	0	0	0	0	0	0	0
10	0	80	0	90	60	60	20	0	0	100	110	0	90	10	60	60	0	110	0	10	0	0	0	0	110	0	0	0	15	0	60	0	0	10	10	0	110	0	60	10	10	110	0	0	30	0	60	0	0	70	0	0	110	0	10	10	100	10	155	0	0	0	110	0	110	110	0	0	10	0	39	60	90	0
0	0	20	0	30	0	0	0	0	0	40	50	0	30	0	0	0	0	50	0	0	0	0	0	0	50	0	0	0	0	0	0	0	0	0	0	0	50	0	0	0	0	50	0	0	0	0	0	0	0	10	0	0	50	0	0	0	40	0	95	0	0	0	50	0	50	50	0	0	0	0	0	0	30	0
0	0	70	0	80	50	50	10	0	0	90	100	0	80	0	50	50	0	100	0	0	0	0	0	0	100	0	0	0	5	0	50	0	0	0	0	0	100	0	50	0	0	100	0	0	20	0	50	0	0	60	0	0	100	0	0	0	90	0	145	0	0	0	100	0	100	100	0	0	0	0	29	50	80	0
0	0	70	0	80	50	50	10	0	0	90	100	0	80	0	50	50	0	100	0	0	0	0	0	0	100	0	0	0	5	0	50	0	0	0	0	0	100	0	50	0	0	100	0	0	20	0	50	0	0	60	0	0	100	0	0	0	90	0	145	0	0	0	100	0	100	100	0	0	0	0	29	50	80	0
0	0	0	0	0	0	0	0	0	0	0	0	0	0	0	0	0	0	0	0	0	0	0	0	0	0	0	0	0	0	0	0	0	0	0	0	0	0	0	0	0	0	0	0	0	0	0	0	0	0	0	0	0	0	0	0	0	0	0	45	0	0	0	0	0	0	0	0	0	0	0	0	0	0	0
40	0	110	0	120	90	90	50	0	0	130	140	0	120	40	90	90	10	140	0	40	0	0	0	0	140	0	0	0	45	0	90	0	0	40	40	0	140	30	90	40	40	140	0	0	60	0	90	0	0	100	0	30	140	20	40	40	130	40	185	0	0	0	140	0	140	140	0	0	40	0	69	90	120	0
140	0	210	60	220	190	190	150	40	40	230	240	80	220	140	190	190	110	240	60	140	0	40	0	90	240	90	40	0	145	10	190	100	0	140	140	0	240	130	190	140	140	240	100	0	160	90	190	0	0	200	10	130	240	120	140	140	230	140	285	10	90	0	240	40	240	240	20	0	140	60	169	190	220	0
0	0	50	0	60	30	30	0	0	0	70	80	0	60	0	30	30	0	80	0	0	0	0	0	0	80	0	0	0	0	0	30	0	0	0	0	0	80	0	30	0	0	80	0	0	0	0	30	0	0	40	0	0	80	0	0	0	70	0	125	0	0	0	80	0	80	80	0	0	0	0	9	30	60	0
50	0	120	0	130	100	100	60	0	0	140	150	0	130	50	100	100	20	150	0	50	0	0	0	0	150	0	0	0	55	0	100	10	0	50	50	0	150	40	100	50	50	150	10	0	70	0	100	0	0	110	0	40	150	30	50	50	140	50	195	0	0	0	150	0	150	150	0	0	50	0	79	100	130	0
0	0	20	0	30	0	0	0	0	0	40	50	0	30	0	0	0	0	50	0	0	0	0	0	0	50	0	0	0	0	0	0	0	0	0	0	0	50	0	0	0	0	50	0	0	0	0	0	0	0	10	0	0	50	0	0	0	40	0	95	0	0	0	50	0	50	50	0	0	0	0	0	0	30	0
297	0	367	217	377	347	347	307	197	197	387	397	237	377	297	347	347	267	397	217	297	87	197	0	247	397	247	197	0	302	167	347	257	147	297	297	0	397	287	347	297	297	397	257	157	317	247	347	0	0	357	167	287	397	277	297	297	387	297	442	167	247	0	397	197	397	397	177	37	297	217	326	347	377	97
810	115	880	730	890	860	860	820	710	710	900	910	750	890	810	860	860	780	910	730	810	600	710	0	760	910	760	710	115	815	680	860	770	660	810	810	510	910	800	860	810	810	910	770	670	830	760	860	513	0	870	680	800	910	790	810	810	900	810	955	680	760	325	910	710	910	910	690	550	810	730	839	860	890	610
0	0	10	0	20	0	0	0	0	0	30	40	0	20	0	0	0	0	40	0	0	0	0	0	0	40	0	0	0	0	0	0	0	0	0	0	0	40	0	0	0	0	40	0	0	0	0	0	0	0	0	0	0	40	0	0	0	30	0	85	0	0	0	40	0	40	40	0	0	0	0	0	0	20	0
130	0	200	50	210	180	180	140	30	30	220	230	70	210	130	180	180	100	230	50	130	0	30	0	80	230	80	30	0	135	0	180	90	0	130	130	0	230	120	180	130	130	230	90	0	150	80	180	0	0	190	0	120	230	110	130	130	220	130	275	0	80	0	230	30	230	230	10	0	130	50	159	180	210	0
10	0	80	0	90	60	60	20	0	0	100	110	0	90	10	60	60	0	110	0	10	0	0	0	0	110	0	0	0	15	0	60	0	0	10	10	0	110	0	60	10	10	110	0	0	30	0	60	0	0	70	0	0	110	0	10	10	100	10	155	0	0	0	110	0	110	110	0	0	10	0	39	60	90	0
0	0	0	0	0	0	0	0	0	0	0	0	0	0	0	0	0	0	0	0	0	0	0	0	0	0	0	0	0	0	0	0	0	0	0	0	0	0	0	0	0	0	0	0	0	0	0	0	0	0	0	0	0	0	0	0	0	0	0	45	0	0	0	0	0	0	0	0	0	0	0	0	0	0	0
20	0	90	0	100	70	70	30	0	0	110	120	0	100	20	70	70	0	120	0	20	0	0	0	0	120	0	0	0	25	0	70	0	0	20	20	0	120	10	70	20	20	120	0	0	40	0	70	0	0	80	0	10	120	0	20	20	110	20	165	0	0	0	120	0	120	120	0	0	20	0	49	70	100	0
0	0	70	0	80	50	50	10	0	0	90	100	0	80	0	50	50	0	100	0	0	0	0	0	0	100	0	0	0	5	0	50	0	0	0	0	0	100	0	50	0	0	100	0	0	20	0	50	0	0	60	0	0	100	0	0	0	90	0	145	0	0	0	100	0	100	100	0	0	0	0	29	50	80	0
0	0	70	0	80	50	50	10	0	0	90	100	0	80	0	50	50	0	100	0	0	0	0	0	0	100	0	0	0	5	0	50	0	0	0	0	0	100	0	50	0	0	100	0	0	20	0	50	0	0	60	0	0	100	0	0	0	90	0	145	0	0	0	100	0	100	100	0	0	0	0	29	50	80	0
0	0	0	0	0	0	0	0	0	0	0	10	0	0	0	0	0	0	10	0	0	0	0	0	0	10	0	0	0	0	0	0	0	0	0	0	0	10	0	0	0	0	10	0	0	0	0	0	0	0	0	0	0	10	0	0	0	0	0	55	0	0	0	10	0	10	10	0	0	0	0	0	0	0	0
0	0	70	0	80	50	50	10	0	0	90	100	0	80	0	50	50	0	100	0	0	0	0	0	0	100	0	0	0	5	0	50	0	0	0	0	0	100	0	50	0	0	100	0	0	20	0	50	0	0	60	0	0	100	0	0	0	90	0	145	0	0	0	100	0	100	100	0	0	0	0	29	50	80	0
0	0	0	0	0	0	0	0	0	0	0	0	0	0	0	0	0	0	0	0	0	0	0	0	0	0	0	0	0	0	0	0	0	0	0	0	0	0	0	0	0	0	0	0	0	0	0	0	0	0	0	0	0	0	0	0	0	0	0	0	0	0	0	0	0	0	0	0	0	0	0	0	0	0	0
130	0	200	50	210	180	180	140	30	30	220	230	70	210	130	180	180	100	230	50	130	0	30	0	80	230	80	30	0	135	0	180	90	0	130	130	0	230	120	180	130	130	230	90	0	150	80	180	0	0	190	0	120	230	110	130	130	220	130	275	0	80	0	230	30	230	230	10	0	130	50	159	180	210	0
50	0	120	0	130	100	100	60	0	0	140	150	0	130	50	100	100	20	150	0	50	0	0	0	0	150	0	0	0	55	0	100	10	0	50	50	0	150	40	100	50	50	150	10	0	70	0	100	0	0	110	0	40	150	30	50	50	140	50	195	0	0	0	150	0	150	150	0	0	50	0	79	100	130	0
485	0	555	405	565	535	535	495	385	385	575	585	425	565	485	535	535	455	585	405	485	275	385	0	435	585	435	385	0	490	355	535	445	335	485	485	185	585	475	535	485	485	585	445	345	505	435	535	188	0	545	355	475	585	465	485	485	575	485	630	355	435	0	585	385	585	585	365	225	485	405	514	535	565	285
0	0	0	0	0	0	0	0	0	0	0	0	0	0	0	0	0	0	0	0	0	0	0	0	0	0	0	0	0	0	0	0	0	0	0	0	0	0	0	0	0	0	0	0	0	0	0	0	0	0	0	0	0	0	0	0	0	0	0	45	0	0	0	0	0	0	0	0	0	0	0	0	0	0	0
100	0	170	20	180	150	150	110	0	0	190	200	40	180	100	150	150	70	200	20	100	0	0	0	50	200	50	0	0	105	0	150	60	0	100	100	0	200	90	150	100	100	200	60	0	120	50	150	0	0	160	0	90	200	80	100	100	190	100	245	0	50	0	200	0	200	200	0	0	100	20	129	150	180	0
0	0	0	0	0	0	0	0	0	0	0	0	0	0	0	0	0	0	0	0	0	0	0	0	0	0	0	0	0	0	0	0	0	0	0	0	0	0	0	0	0	0	0	0	0	0	0	0	0	0	0	0	0	0	0	0	0	0	0	45	0	0	0	0	0	0	0	0	0	0	0	0	0	0	0
0	0	0	0	0	0	0	0	0	0	0	0	0	0	0	0	0	0	0	0	0	0	0	0	0	0	0	0	0	0	0	0	0	0	0	0	0	0	0	0	0	0	0	0	0	0	0	0	0	0	0	0	0	0	0	0	0	0	0	45	0	0	0	0	0	0	0	0	0	0	0	0	0	0	0
120	0	190	40	200	170	170	130	20	20	210	220	60	200	120	170	170	90	220	40	120	0	20	0	70	220	70	20	0	125	0	170	80	0	120	120	0	220	110	170	120	120	220	80	0	140	70	170	0	0	180	0	110	220	100	120	120	210	120	265	0	70	0	220	20	220	220	0	0	120	40	149	170	200	0
260	0	330	180	340	310	310	270	160	160	350	360	200	340	260	310	310	230	360	180	260	50	160	0	210	360	210	160	0	265	130	310	220	110	260	260	0	360	250	310	260	260	360	220	120	280	210	310	0	0	320	130	250	360	240	260	260	350	260	405	130	210	0	360	160	360	360	140	0	260	180	289	310	340	60
0	0	70	0	80	50	50	10	0	0	90	100	0	80	0	50	50	0	100	0	0	0	0	0	0	100	0	0	0	5	0	50	0	0	0	0	0	100	0	50	0	0	100	0	0	20	0	50	0	0	60	0	0	100	0	0	0	90	0	145	0	0	0	100	0	100	100	0	0	0	0	29	50	80	0
80	0	150	0	160	130	130	90	0	0	170	180	20	160	80	130	130	50	180	0	80	0	0	0	30	180	30	0	0	85	0	130	40	0	80	80	0	180	70	130	80	80	180	40	0	100	30	130	0	0	140	0	70	180	60	80	80	170	80	225	0	30	0	180	0	180	180	0	0	80	0	109	130	160	0
0	0	41	0	51	21	21	0	0	0	61	71	0	51	0	21	21	0	71	0	0	0	0	0	0	71	0	0	0	0	0	21	0	0	0	0	0	71	0	21	0	0	71	0	0	0	0	21	0	0	31	0	0	71	0	0	0	61	0	116	0	0	0	71	0	71	71	0	0	0	0	0	21	51	0
0	0	20	0	30	0	0	0	0	0	40	50	0	30	0	0	0	0	50	0	0	0	0	0	0	50	0	0	0	0	0	0	0	0	0	0	0	50	0	0	0	0	50	0	0	0	0	0	0	0	10	0	0	50	0	0	0	40	0	95	0	0	0	50	0	50	50	0	0	0	0	0	0	30	0
0	0	0	0	0	0	0	0	0	0	10	20	0	0	0	0	0	0	20	0	0	0	0	0	0	20	0	0	0	0	0	0	0	0	0	0	0	20	0	0	0	0	20	0	0	0	0	0	0	0	0	0	0	20	0	0	0	10	0	65	0	0	0	20	0	20	20	0	0	0	0	0	0	0	0
200	0	270	120	280	250	250	210	100	100	290	300	140	280	200	250	250	170	300	120	200	0	100	0	150	300	150	100	0	205	70	250	160	50	200	200	0	300	190	250	200	200	300	160	60	220	150	250	0	0	260	70	190	300	180	200	200	290	200	345	70	150	0	300	100	300	300	80	0	200	120	229	250	280	0