1796 1846 1853 1819 1844 1768 1799 1813 1731 1839 1854 1802 1852 1852 1860 1853 1520 1835 1768 1801 1863 1852 1749 1831 1837 1840 1782 1866 1848 1862 1848 1851 1852 1859 1840 1839 1628 1861 1829 1850 1816 1746 1466 1807 1835 1840 1848 1848 1814 1533 1854 1836 1787 1832 1828 1865 1849 1852 1851 1842 1837 1673 1857 1851 1836 1840 1858 1851 1796 1759 1834 1856 1860 1560 1846

85

57 52 52 55 52 60 57 55 63 53 51 56 52 52 51 52 84 53 60 56 51 52 62 54 53 53 58 50 52 51 52 52 52 51 53 53 73 51 54 52 55 62 89 56 53 53 52 52 55 82 51 53 58 54 54 50 52 52 52 53 53 69 51 52 53 53 51 52 57 61 53 51 51 80 52

14 42 31 13

34304

0	435	116	460	110	0	541	505	0	64	320	0	224	205	267	386	110	43	641	124	335	128	650	431	50	460	617	321	374	220	375	110	334	320	130	50	385	370	370	216	0	457	0	0	474	110	196	374	30	343	112	89	0	80	445	310	144	221	370	65	367	635	305	286	75	457	353	374	0	616	410	379	223	0	311
0	0	0	25	0	0	106	70	0	0	0	0	0	0	0	0	0	0	206	0	0	0	215	0	0	25	182	0	0	0	0	0	0	0	0	0	0	0	0	0	0	22	0	0	39	0	0	0	0	0	0	0	0	0	10	0	0	0	0	0	0	200	0	0	0	22	0	0	0	181	0	0	0	0	0
0	319	0	344	0	0	425	389	0	0	204	0	108	89	151	270	0	0	525	8	219	12	534	315	0	344	501	205	258	104	259	0	218	204	14	0	269	254	254	100	0	341	0	0	358	0	80	258	0	227	0	0	0	0	329	194	28	105	254	0	251	519	189	170	0	341	237	258	0	500	294	263	107	0	195
0	0	0	0	0	0	81	45	0	0	0	0	0	0	0	0	0	0	181	0	0	0	190	0	0	0	157	0	0	0	0	0	0	0	0	0	0	0	0	0	0	0	0	0	14	0	0	0	0	0	0	0	0	0	0	0	0	0	0	0	0	175	0	0	0	0	0	0	0	156	0	0	0	0	0
0	325	6	350	0	0	431	395	0	0	210	0	114	95	157	276	0	0	531	14	225	18	540	321	0	350	507	211	264	110	265	0	224	210	20	0	275	260	260	106	0	347	0	0	364	0	86	264	0	233	2	0	0	0	335	200	34	111	260	0	257	525	195	176	0	347	243	264	0	506	300	269	113	0	201
60	495	176	520	170	0	601	565	0	124	380	0	284	265	327	446	170	103	701	184	395	188	710	491	110	520	677	381	434	280	435	170	394	380	190	110	445	430	430	276	55	517	0	5	534	170	256	434	90	403	172	149	0	140	505	370	204	281	430	125	427	695	365	346	135	517	413	434	45	676	470	439	283	0	371
0	0	0	0	0	0	0	0	0	0	0	0	0	0	0	0	0	0	100	0	0	0	109	0	0	0	76	0	0	0	0	0	0	0	0	0	0	0	0	0	0	0	0	0	0	0	0	0	0	0	0	0	0	0	0	0	0	0	0	0	0	94	0	0	0	0	0	0	0	75	0	0	0	0	0
0	0	0	0	0	0	36	0	0	0	0	0	0	0	0	0	0	0	136	0	0	0	145	0	0	0	112	0	0	0	0	0	0	0	0	0	0	0	0	0	0	0	0	0	0	0	0	0	0	0	0	0	0	0	0	0	0	0	0	0	0	130	0	0	0	0	0	0	0	111	0	0	0	0	0
182	617	298	642	292	122	723	687	0	246	502	122	406	387	449	568	292	225	823	306	517	310	832	613	232	642	799	503	556	402	557	292	516	502	312	232	567	552	552	398	177	639	0	127	656	292	378	556	212	525	294	271	100	262	627	492	326	403	552	247	549	817	487	468	257	639	535	556	167	798	592	561	405	48	493
0	371	52	396	46	0	477	441	0	0	256	0	160	141	203	322	46	0	577	60	271	64	586	367	0	396	553	257	310	156	311	46	270	256	66	0	321	306	306	152	0	393	0	0	410	46	132	310	0	279	48	25	0	16	381	246	80	157	306	1	303	571	241	222	11	393	289	310	0	552	346	315	159	0	247
0	115	0	140	0	0	221	185	0	0	0	0	0	0	0	66	0	0	321	0	15	0	330	111	0	140	297	1	54	0	55	0	14	0	0	0	65	50	50	0	0	137	0	0	154	0	0	54	0	23	0	0	0	0	125	0	0	0	50	0	47	315	0	0	0	137	33	54	0	296	90	59	0	0	0
60	495	176	520	170	0	601	565	0	124	380	0	284	265	327	446	170	103	701	184	395	188	710	491	110	520	677	381	434	280	435	170	394	380	190	110	445	430	430	276	55	517	0	5	534	170	256	434	90	403	172	149	0	140	505	370	204	281	430	125	427	695	365	346	135	517	413	434	45	676	470	439	283	0	371
0	211	0	236	0	0	317	281	0	0	96	0	0	0	43	162	0	0	417	0	111	0	426	207	0	236	393	97	150	0	151	0	110	96	0	0	161	146	146	0	0	233	0	0	250	0	0	150	0	119	0	0	0	0	221	86	0	0	146	0	143	411	81	62	0	233	129	150	0	392	186	155	0	0	87
0	230	0	255	0	0	336	300	0	0	115	0	19	0	62	181	0	0	436	0	130	0	445	226	0	255	412	116	169	15	170	0	129	115	0	0	180	165	165	11	0	252	0	0	269	0	0	169	0	138	0	0	0	0	240	105	0	16	165	0	162	430	100	81	0	252	148	169	0	411	205	174	18	0	106
0	168	0	193	0	0	274	238	0	0	53	0	0	0	0	119	0	0	374	0	68	0	383	164	0	193	350	54	107	0	108	0	67	53	0	0	118	103	103	0	0	190	0	0	207	0	0	107	0	76	0	0	0	0	178	43	0	0	103	0	100	368	38	19	0	190	86	107	0	349	143	112	0	0	44
0	49	0	74	0	0	155	119	0	0	0	0	0	0	0	0	0	0	255	0	0	0	264	45	0	74	231	0	0	0	0	0	0	0	0	0	0	0	0	0	0	71	0	0	88	0	0	0	0	0	0	0	0	0	59	0	0	0	0	0	0	249	0	0	0	71	0	0	0	230	24	0	0	0	0
0	325	6	350	0	0	431	395	0	0	210	0	114	95	157	276	0	0	531	14	225	18	540	321	0	350	507	211	264	110	265	0	224	210	20	0	275	260	260	106	0	347	0	0	364	0	86	264	0	233	2	0	0	0	335	200	34	111	260	0	257	525	195	176	0	347	243	264	0	506	300	269	113	0	201
0	392	73	417	67	0	498	462	0	21	277	0	181	162	224	343	67	0	598	81	292	85	607	388	7	417	574	278	331	177	332	67	291	277	87	7	342	327	327	173	0	414	0	0	431	67	153	331	0	300	69	46	0	37	402	267	101	178	327	22	324	592	262	243	32	414	310	331	0	573	367	336	180	0	268
0	0	0	0	0	0	0	0	0	0	0	0	0	0	0	0	0	0	0	0	0	0	9	0	0	0	0	0	0	0	0	0	0	0	0	0	0	0	0	0	0	0	0	0	0	0	0	0	0	0	0	0	0	0	0	0	0	0	0	0	0	0	0	0	0	0	0	0	0	0	0	0	0	0	0
0	311	0	336	0	0	417	381	0	0	196	0	100	81	143	262	0	0	517	0	211	4	526	307	0	336	493	197	250	96	251	0	210	196	6	0	261	246	246	92	0	333	0	0	350	0	72	250	0	219	0	0	0	0	321	186	20	97	246	0	243	511	181	162	0	333	229	250	0	492	286	255	99	0	187
0	100	0	125	0	0	206	170	0	0	0	0	0	0	0	51	0	0	306	0	0	0	315	96	0	125	282	0	39	0	40	0	0	0	0	0	50	35	35	0	0	122	0	0	139	0	0	39	0	8	0	0	0	0	110	0	0	0	35	0	32	300	0	0	0	122	18	39	0	281	75	44	0	0	0
0	307	0	332	0	0	413	377	0	0	192	0	96	77	139	258	0	0	513	0	207	0	522	303	0	332	489	193	246	92	247	0	206	192	2	0	257	242	242	88	0	329	0	0	346	0	68	246	0	215	0	0	0	0	317	182	16	93	242	0	239	507	177	158	0	329	225	246	0	488	282	251	95	0	183
0	0	0	0	0	0	0	0	0	0	0	0	0	0	0	0	0	0	0	0	0	0	0	0	0	0	0	0	0	0	0	0	0	0	0	0	0	0	0	0	0	0	0	0	0	0	0	0	0	0	0	0	0	0	0	0	0	0	0	0	0	0	0	0	0	0	0	0	0	0	0	0	0	0	0
0	4	0	29	0	0	110	74	0	0	0	0	0	0	0	0	0	0	210	0	0	0	219	0	0	29	186	0	0	0	0	0	0	0	0	0	0	0	0	0	0	26	0	0	43	0	0	0	0	0	0	0	0	0	14	0	0	0	0	0	0	204	0	0	0	26	0	0	0	185	0	0	0	0	0
0	385	66	410	60	0	491	455	0	14	270	0	174	155	217	336	60	0	591	74	285	78	600	381	0	410	567	271	324	170	325	60	284	270	80	0	335	320	320	166	0	407	0	0	424	60	146	324	0	293	62	39	0	30	395	260	94	171	320	15	317	585	255	236	25	407	303	324	0	566	360	329	173	0	261
0	0	0	0	0	0	81	45	0	0	0	0	0	0	0	0	0	0	181	0	0	0	190	0	0	0	157	0	0	0	0	0	0	0	0	0	0	0	0	0	0	0	0	0	14	0	0	0	0	0	0	0	0	0	0	0	0	0	0	0	0	175	0	0	0	0	0	0	0	156	0	0	0	0	0
0	0	0	0	0	0	0	0	0	0	0	0	0	0	0	0	0	0	24	0	0	0	33	0	0	0	0	0	0	0	0	0	0	0	0	0	0	0	0	0	0	0	0	0	0	0	0	0	0	0	0	0	0	0	0	0	0	0	0	0	0	18	0	0	0	0	0	0	0	0	0	0	0	0	0
0	114	0	139	0	0	220	184	0	0	0	0	0	0	0	65	0	0	320	0	14	0	329	110	0	139	296	0	53	0	54	0	13	0	0	0	64	49	49	0	0	136	0	0	153	0	0	53	0	22	0	0	0	0	124	0	0	0	49	0	46	314	0	0	0	136	32	53	0	295	89	58	0	0	0
0	61	0	86	0	0	167	131	0	0	0	0	0	0	0	12	0	0	267	0	0	0	276	57	0	86	243	0	0	0	1	0	0	0	0	0	11	0	0	0	0	83	0	0	100	0	0	0	0	0	0	0	0	0	71	0	0	0	0	0	0	261	0	0	0	83	0	0	0	242	36	5	0	0	0
0	215	0	240	0	0	321	285	0	0	100	0	4	0	47	166	0	0	421	0	115	0	430	211	0	240	397	101	154	0	155	0	114	100	0	0	165	150	150	0	0	237	0	0	254	0	0	154	0	123	0	0	0	0	225	90	0	1	150	0	147	415	85	66	0	237	133	154	0	396	190	159	3	0	91
0	60	0	85	0	0	166	130	0	0	0	0	0	0	0	11	0	0	266	0	0	0	275	56	0	85	242	0	0	0	0	0	0	0	0	0	10	0	0	0	0	82	0	0	99	0	0	0	0	0	0	0	0	0	70	0	0	0	0	0	0	260	0	0	0	82	0	0	0	241	35	4	0	0	0
0	325	6	350	0	0	431	395	0	0	210	0	114	95	157	276	0	0	531	14	225	18	540	321	0	350	507	211	264	110	265	0	224	210	20	0	275	260	260	106	0	347	0	0	364	0	86	264	0	233	2	0	0	0	335	200	34	111	260	0	257	525	195	176	0	347	243	264	0	506	300	269	113	0	201
0	101	0	126	0	0	207	171	0	0	0	0	0	0	0	52	0	0	307	0	1	0	316	97	0	126	283	0	40	0	41	0	0	0	0	0	51	36	36	0	0	123	0	0	140	0	0	40	0	9	0	0	0	0	111	0	0	0	36	0	33	301	0	0	0	123	19	40	0	282	76	45	0	0	0
0	115	0	140	0	0	221	185	0	0	0	0	0	0	0	66	0	0	321	0	15	0	330	111	0	140	297	1	54	0	55	0	14	0	0	0	65	50	50	0	0	137	0	0	154	0	0	54	0	23	0	0	0	0	125	0	0	0	50	0	47	315	0	0	0	137	33	54	0	296	90	59	0	0	0
0	305	0	330	0	0	411	375	0	0	190	0	94	75	137	256	0	0	511	0	205	0	520	301	0	330	487	191	244	90	245	0	204	190	0	0	255	240	240	86	0	327	0	0	344	0	66	244	0	213	0	0	0	0	315	180	14	91	240	0	237	505	175	156	0	327	223	244	0	486	280	249	93	0	181
0	385	66	410	60	0	491	455	0	14	270	0	174	155	217	336	60	0	591	74	285	78	600	381	0	410	567	271	324	170	325	60	284	270	80	0	335	320	320	166	0	407	0	0	424	60	146	324	0	293	62	39	0	30	395	260	94	171	320	15	317	585	255	236	25	407	303	324	0	566	360	329	173	0	261
0	50	0	75	0	0	156	120	0	0	0	0	0	0	0	1	0	0	256	0	0	0	265	46	0	75	232	0	0	0	0	0	0	0	0	0	0	0	0	0	0	72	0	0	89	0	0	0	0	0	0	0	0	0	60	0	0	0	0	0	0	250	0	0	0	72	0	0	0	231	25	0	0	0	0
0	65	0	90	0	0	171	135	0	0	0	0	0	0	0	16	0	0	271	0	0	0	280	61	0	90	247	0	4	0	5	0	0	0	0	0	15	0	0	0	0	87	0	0	104	0	0	4	0	0	0	0	0	0	75	0	0	0	0	0	0	265	0	0	0	87	0	4	0	246	40	9	0	0	0
0	65	0	90	0	0	171	135	0	0	0	0	0	0	0	16	0	0	271	0	0	0	280	61	0	90	247	0	4	0	5	0	0	0	0	0	15	0	0	0	0	87	0	0	104	0	0	4	0	0	0	0	0	0	75	0	0	0	0	0	0	265	0	0	0	87	0	4	0	246	40	9	0	0	0
0	219	0	244	0	0	325	289	0	0	104	0	8	0	51	170	0	0	425	0	119	0	434	215	0	244	401	105	158	4	159	0	118	104	0	0	169	154	154	0	0	241	0	0	258	0	0	158	0	127	0	0	0	0	229	94	0	5	154	0	151	419	89	70	0	241	137	158	0	400	194	163	7	0	95
5	440	121	465	115	0	546	510	0	69	325	0	229	210	272	391	115	48	646	129	340	133	655	436	55	465	622	326	379	225	380	115	339	325	135	55	390	375	375	221	0	462	0	0	479	115	201	379	35	348	117	94	0	85	450	315	149	226	375	70	372	640	310	291	80	462	358	379	0	621	415	384	228	0	316
0	0	0	3	0	0	84	48	0	0	0	0	0	0	0	0	0	0	184	0	0	0	193	0	0	3	160	0	0	0	0	0	0	0	0	0	0	0	0	0	0	0	0	0	17	0	0	0	0	0	0	0	0	0	0	0	0	0	0	0	0	178	0	0	0	0	0	0	0	159	0	0	0	0	0
182	617	298	642	292	122	723	687	0	246	502	122	406	387	449	568	292	225	823	306	517	310	832	613	232	642	799	503	556	402	557	292	516	502	312	232	567	552	552	398	177	639	0	127	656	292	378	556	212	525	294	271	100	262	627	492	326	403	552	247	549	817	487	468	257	639	535	556	167	798	592	561	405	48	493
55	490	171	515	165	0	596	560	0	119	375	0	279	260	322	441	165	98	696	179	390	183	705	486	105	515	672	376	429	275	430	165	389	375	185	105	440	425	425	271	50	512	0	0	529	165	251	429	85	398	167	144	0	135	500	365	199	276	425	120	422	690	360	341	130	512	408	429	40	671	465	434	278	0	366
0	0	0	0	0	0	67	31	0	0	0	0	0	0	0	0	0	0	167	0	0	0	176	0	0	0	143	0	0	0	0	0	0	0	0	0	0	0	0	0	0	0	0	0	0	0	0	0	0	0	0	0	0	0	0	0	0	0	0	0	0	161	0	0	0	0	0	0	0	142	0	0	0	0	0
0	325	6	350	0	0	431	395	0	0	210	0	114	95	157	276	0	0	531	14	225	18	540	321	0	350	507	211	264	110	265	0	224	210	20	0	275	260	260	106	0	347	0	0	364	0	86	264	0	233	2	0	0	0	335	200	34	111	260	0	257	525	195	176	0	347	243	264	0	506	300	269	113	0	201
0	239	0	264	0	0	345	309	0	0	124	0	28	9	71	190	0	0	445	0	139	0	454	235	0	264	421	125	178	24	179	0	138	124	0	0	189	174	174	20	0	261	0	0	278	0	0	178	0	147	0	0	0	0	249	114	0	25	174	0	171	439	109	90	0	261	157	178	0	420	214	183	27	0	115
0	61	0	86	0	0	167	131	0	0	0	0	0	0	0	12	0	0	267	0	0	0	276	57	0	86	243	0	0	0	1	0	0	0	0	0	11	0	0	0	0	83	0	0	100	0	0	0	0	0	0	0	0	0	71	0	0	0	0	0	0	261	0	0	0	83	0	0	0	242	36	5	0	0	0
0	405	86	430	80	0	511	475	0	34	290	0	194	175	237	356	80	13	611	94	305	98	620	401	20	430	587	291	344	190	345	80	304	290	100	20	355	340	340	186	0	427	0	0	444	80	166	344	0	313	82	59	0	50	415	280	114	191	340	35	337	605	275	256	45	427	323	344	0	586	380	349	193	0	281
0	92	0	117	0	0	198	162	0	0	0	0	0	0	0	43	0	0	298	0	0	0	307	88	0	117	274	0	31	0	32	0	0	0	0	0	42	27	27	0	0	114	0	0	131	0	0	31	0	0	0	0	0	0	102	0	0	0	27	0	24	292	0	0	0	114	10	31	0	273	67	36	0	0	0
0	323	4	348	0	0	429	393	0	0	208	0	112	93	155	274	0	0	529	12	223	16	538	319	0	348	505	209	262	108	263	0	222	208	18	0	273	258	258	104	0	345	0	0	362	0	84	262	0	231	0	0	0	0	333	198	32	109	258	0	255	523	193	174	0	345	241	262	0	504	298	267	111	0	199
0	346	27	371	21	0	452	416	0	0	231	0	135	116	178	297	21	0	552	35	246	39	561	342	0	371	528	232	285	131	286	21	245	231	41	0	296	281	281	127	0	368	0	0	385	21	107	285	0	254	23	0	0	0	356	221	55	132	281	0	278	546	216	197	0	368	264	285	0	527	321	290	134	0	222
82	517	198	542	192	22	623	587	0	146	402	22	306	287	349	468	192	125	723	206	417	210	732	513	132	542	699	403	456	302	457	192	416	402	212	132	467	452	452	298	77	539	0	27	556	192	278	456	112	425	194	171	0	162	527	392	226	303	452	147	449	717	387	368	157	539	435	456	67	698	492	461	305	0	393
0	355	36	380	30	0	461	425	0	0	240	0	144	125	187	306	30	0	561	44	255	48	570	351	0	380	537	241	294	140	295	30	254	240	50	0	305	290	290	136	0	377	0	0	394	30	116	294	0	263	32	9	0	0	365	230	64	141	290	0	287	555	225	206	0	377	273	294	0	536	330	299	143	0	231
0	0	0	15	0	0	96	60	0	0	0	0	0	0	0	0	0	0	196	0	0	0	205	0	0	15	172	0	0	0	0	0	0	0	0	0	0	0	0	0	0	12	0	0	29	0	0	0	0	0	0	0	0	0	0	0	0	0	0	0	0	190	0	0	0	12	0	0	0	171	0	0	0	0	0
0	125	0	150	0	0	231	195	0	0	10	0	0	0	0	76	0	0	331	0	25	0	340	121	0	150	307	11	64	0	65	0	24	10	0	0	75	60	60	0	0	147	0	0	164	0	0	64	0	33	0	0	0	0	135	0	0	0	60	0	57	325	0	0	0	147	43	64	0	306	100	69	0	0	1
0	291	0	316	0	0	397	361	0	0	176	0	80	61	123	242	0	0	497	0	191	0	506	287	0	316	473	177	230	76	231	0	190	176	0	0	241	226	226	72	0	313	0	0	330	0	52	230	0	199	0	0	0	0	301	166	0	77	226	0	223	491	161	142	0	313	209	230	0	472	266	235	79	0	167
0	214	0	239	0	0	320	284	0	0	99	0	3	0	46	165	0	0	420	0	114	0	429	210	0	239	396	100	153	0	154	0	113	99	0	0	164	149	149	0	0	236	0	0	253	0	0	153	0	122	0	0	0	0	224	89	0	0	149	0	146	414	84	65	0	236	132	153	0	395	189	158	2	0	90
0	65	0	90	0	0	171	135	0	0	0	0	0	0	0	16	0	0	271	0	0	0	280	61	0	90	247	0	4	0	5	0	0	0	0	0	15	0	0	0	0	87	0	0	104	0	0	4	0	0	0	0	0	0	75	0	0	0	0	0	0	265	0	0	0	87	0	4	0	246	40	9	0	0	0
0	370	51	395	45	0	476	440	0	0	255	0	159	140	202	321	45	0	576	59	270	63	585	366	0	395	552	256	309	155	310	45	269	255	65	0	320	305	305	151	0	392	0	0	409	45	131	309	0	278	47	24	0	15	380	245	79	156	305	0	302	570	240	221	10	392	288	309	0	551	345	314	158	0	246
0	68	0	93	0	0	174	138	0	0	0	0	0	0	0	19	0	0	274	0	0	0	283	64	0	93	250	0	7	0	8	0	0	0	0	0	18	3	3	0	0	90	0	0	107	0	0	7	0	0	0	0	0	0	78	0	0	0	3	0	0	268	0	0	0	90	0	7	0	249	43	12	0	0	0
0	0	0	0	0	0	0	0	0	0	0	0	0	0	0	0	0	0	6	0	0	0	15	0	0	0	0	0	0	0	0	0	0	0	0	0	0	0	0	0	0	0	0	0	0	0	0	0	0	0	0	0	0	0	0	0	0	0	0	0	0	0	0	0	0	0	0	0	0	0	0	0	0	0	0
0	130	0	155	0	0	236	200	0	0	15	0	0	0	0	81	0	0	336	0	30	0	345	126	0	155	312	16	69	0	70	0	29	15	0	0	80	65	65	0	0	152	0	0	169	0	0	69	0	38	0	0	0	0	140	5	0	0	65	0	62	330	0	0	0	152	48	69	0	311	105	74	0	0	6
0	149	0	174	0	0	255	219	0	0	34	0	0	0	0	100	0	0	355	0	49	0	364	145	0	174	331	35	88	0	89	0	48	34	0	0	99	84	84	0	0	171	0	0	188	0	0	88	0	57	0	0	0	0	159	24	0	0	84	0	81	349	19	0	0	171	67	88	0	330	124	93	0	0	25
0	360	41	385	35	0	466	430	0	0	245	0	149	130	192	311	35	0	566	49	260	53	575	356	0	385	542	246	299	145	300	35	259	245	55	0	310	295	295	141	0	382	0	0	399	35	121	299	0	268	37	14	0	5	370	235	69	146	295	0	292	560	230	211	0	382	278	299	0	541	335	304	148	0	236
0	0	0	3	0	0	84	48	0	0	0	0	0	0	0	0	0	0	184	0	0	0	193	0	0	3	160	0	0	0	0	0	0	0	0	0	0	0	0	0	0	0	0	0	17	0	0	0	0	0	0	0	0	0	0	0	0	0	0	0	0	178	0	0	0	0	0	0	0	159	0	0	0	0	0
0	82	0	107	0	0	188	152	0	0	0	0	0	0	0	33	0	0	288	0	0	0	297	78	0	107	264	0	21	0	22	0	0	0	0	0	32	17	17	0	0	104	0	0	121	0	0	21	0	0	0	0	0	0	92	0	0	0	17	0	14	282	0	0	0	104	0	21	0	263	57	26	0	0	0
0	61	0	86	0	0	167	131	0	0	0	0	0	0	0	12	0	0	267	0	0	0	276	57	0	86	243	0	0	0	1	0	0	0	0	0	11	0	0	0	0	83	0	0	100	0	0	0	0	0	0	0	0	0	71	0	0	0	0	0	0	261	0	0	0	83	0	0	0	242	36	5	0	0	0
15	450	131	475	125	0	556	520	0	79	335	0	239	220	282	401	125	58	656	139	350	143	665	446	65	475	632	336	389	235	390	125	349	335	145	65	400	385	385	231	10	472	0	0	489	125	211	389	45	358	127	104	0	95	460	325	159	236	385	80	382	650	320	301	90	472	368	389	0	631	425	394	238	0	326
0	0	0	0	0	0	0	0	0	0	0	0	0	0	0	0	0	0	25	0	0	0	34	0	0	0	1	0	0	0	0	0	0	0	0	0	0	0	0	0	0	0	0	0	0	0	0	0	0	0	0	0	0	0	0	0	0	0	0	0	0	19	0	0	0	0	0	0	0	0	0	0	0	0	0
0	25	0	50	0	0	131	95	0	0	0	0	0	0	0	0	0	0	231	0	0	0	240	21	0	50	207	0	0	0	0	0	0	0	0	0	0	0	0	0	0	47	0	0	64	0	0	0	0	0	0	0	0	0	35	0	0	0	0	0	0	225	0	0	0	47	0	0	0	206	0	0	0	0	0
0	56	0	81	0	0	162	126	0	0	0	0	0	0	0	7	0	0	262	0	0	0	271	52	0	81	238	0	0	0	0	0	0	0	0	0	6	0	0	0	0	78	0	0	95	0	0	0	0	0	0	0	0	0	66	0	0	0	0	0	0	256	0	0	0	78	0	0	0	237	31	0	0	0	0
0	212	0	237	0	0	318	282	0	0	97	0	1	0	44	163	0	0	418	0	112	0	427	208	0	237	394	98	151	0	152	0	111	97	0	0	162	147	147	0	0	234	0	0	251	0	0	151	0	120	0	0	0	0	222	87	0	0	147	0	144	412	82	63	0	234	130	151	0	393	187	156	0	0	88
134	569	250	594	244	74	675	639	0	198	454	74	358	339	401	520	244	177	775	258	469	262	784	565	184	594	751	455	508	354	509	244	468	454	264	184	519	504	504	350	129	591	0	79	608	244	330	508	164	477	246	223	52	214	579	444	278	355	504	199	501	769	439	420	209	591	487	508	119	750	544	513	357	0	445
0	124	0	149	0	0	230	194	0	0	9	0	0	0	0	75	0	0	330	0	24	0	339	120	0	149	306	10	63	0	64	0	23	9	0	0	74	59	59	0	0	146	0	0	163	0	0	63	0	32	0	0	0	0	134	0	0	0	59	0	56	324	0	0	0	146	42	63	0	305	99	68	0	0	0

0	0	0	0	0	60	0	0	182	0	0	60	0	0	0	0	0	0	0	0	0	0	0	0	0	0	0	0	0	0	0	0	0	0	0	0	0	0	0	0	5	0	182	55	0	0	0	0	0	0	0	0	82	0	0	0	0	0	0	0	0	0	0	0	0	0	0	0	15	0	0	0	0	134	0
435	0	319	0	325	495	0	0	617	371	115	495	211	230	168	49	325	392	0	311	100	307	0	4	385	0	0	114	61	215	60	325	101	115	305	385	50	65	65	219	440	0	617	490	0	325	239	61	405	92	323	346	517	355	0	125	291	214	65	370	68	0	130	149	360	0	82	61	450	0	25	56	212	569	124
116	0	0	0	6	176	0	0	298	52	0	176	0	0	0	0	6	73	0	0	0	0	0	0	66	0	0	0	0	0	0	6	0	0	0	66	0	0	0	0	121	0	298	171	0	6	0	0	86	0	4	27	198	36	0	0	0	0	0	51	0	0	0	0	41	0	0	0	131	0	0	0	0	250	0
460	25	344	0	350	520	0	0	642	396	140	520	236	255	193	74	350	417	0	336	125	332	0	29	410	0	0	139	86	240	85	350	126	140	330	410	75	90	90	244	465	3	642	515	0	350	264	86	430	117	348	371	542	380	15	150	316	239	90	395	93	0	155	174	385	3	107	86	475	0	50	81	237	594	149
110	0	0	0	0	170	0	0	292	46	0	170	0	0	0	0	0	67	0	0	0	0	0	0	60	0	0	0	0	0	0	0	0	0	0	60	0	0	0	0	115	0	292	165	0	0	0	0	80	0	0	21	192	30	0	0	0	0	0	45	0	0	0	0	35	0	0	0	125	0	0	0	0	244	0
0	0	0	0	0	0	0	0	122	0	0	0	0	0	0	0	0	0	0	0	0	0	0	0	0	0	0	0	0	0	0	0	0	0	0	0	0	0	0	0	0	0	122	0	0	0	0	0	0	0	0	0	22	0	0	0	0	0	0	0	0	0	0	0	0	0	0	0	0	0	0	0	0	74	0
541	106	425	81	431	601	0	36	723	477	221	601	317	336	274	155	431	498	0	417	206	413	0	110	491	81	0	220	167	321	166	431	207	221	411	491	156	171	171	325	546	84	723	596	67	431	345	167	511	198	429	452	623	461	96	231	397	320	171	476	174	0	236	255	466	84	188	167	556	0	131	162	318	675	230
505	70	389	45	395	565	0	0	687	441	185	565	281	300	238	119	395	462	0	381	170	377	0	74	455	45	0	184	131	285	130	395	171	185	375	455	120	135	135	289	510	48	687	560	31	395	309	131	475	162	393	416	587	425	60	195	361	284	135	440	138	0	200	219	430	48	152	131	520	0	95	126	282	639	194
0	0	0	0	0	0	0	0	0	0	0	0	0	0	0	0	0	0	0	0	0	0	0	0	0	0	0	0	0	0	0	0	0	0	0	0	0	0	0	0	0	0	0	0	0	0	0	0	0	0	0	0	0	0	0	0	0	0	0	0	0	0	0	0	0	0	0	0	0	0	0	0	0	0	0
64	0	0	0	0	124	0	0	246	0	0	124	0	0	0	0	0	21	0	0	0	0	0	0	14	0	0	0	0	0	0	0	0	0	0	14	0	0	0	0	69	0	246	119	0	0	0	0	34	0	0	0	146	0	0	0	0	0	0	0	0	0	0	0	0	0	0	0	79	0	0	0	0	198	0
320	0	204	0	210	380	0	0	502	256	0	380	96	115	53	0	210	277	0	196	0	192	0	0	270	0	0	0	0	100	0	210	0	0	190	270	0	0	0	104	325	0	502	375	0	210	124	0	290	0	208	231	402	240	0	10	176	99	0	255	0	0	15	34	245	0	0	0	335	0	0	0	97	454	9
0	0	0	0	0	0	0	0	122	0	0	0	0	0	0	0	0	0	0	0	0	0	0	0	0	0	0	0	0	0	0	0	0	0	0	0	0	0	0	0	0	0	122	0	0	0	0	0	0	0	0	0	22	0	0	0	0	0	0	0	0	0	0	0	0	0	0	0	0	0	0	0	0	74	0
224	0	108	0	114	284	0	0	406	160	0	284	0	19	0	0	114	181	0	100	0	96	0	0	174	0	0	0	0	4	0	114	0	0	94	174	0	0	0	8	229	0	406	279	0	114	28	0	194	0	112	135	306	144	0	0	80	3	0	159	0	0	0	0	149	0	0	0	239	0	0	0	1	358	0
205	0	89	0	95	265	0	0	387	141	0	265	0	0	0	0	95	162	0	81	0	77	0	0	155	0	0	0	0	0	0	95	0	0	75	155	0	0	0	0	210	0	387	260	0	95	9	0	175	0	93	116	287	125	0	0	61	0	0	140	0	0	0	0	130	0	0	0	220	0	0	0	0	339	0
267	0	151	0	157	327	0	0	449	203	0	327	43	62	0	0	157	224	0	143	0	139	0	0	217	0	0	0	0	47	0	157	0	0	137	217	0	0	0	51	272	0	449	322	0	157	71	0	237	0	155	178	349	187	0	0	123	46	0	202	0	0	0	0	192	0	0	0	282	0	0	0	44	401	0
386	0	270	0	276	446	0	0	568	322	66	446	162	181	119	0	276	343	0	262	51	258	0	0	336	0	0	65	12	166	11	276	52	66	256	336	1	16	16	170	391	0	568	441	0	276	190	12	356	43	274	297	468	306	0	76	242	165	16	321	19	0	81	100	311	0	33	12	401	0	0	7	163	520	75
110	0	0	0	0	170	0	0	292	46	0	170	0	0	0	0	0	67	0	0	0	0	0	0	60	0	0	0	0	0	0	0	0	0	0	60	0	0	0	0	115	0	292	165	0	0	0	0	80	0	0	21	192	30	0	0	0	0	0	45	0	0	0	0	35	0	0	0	125	0	0	0	0	244	0
43	0	0	0	0	103	0	0	225	0	0	103	0	0	0	0	0	0	0	0	0	0	0	0	0	0	0	0	0	0	0	0	0	0	0	0	0	0	0	0	48	0	225	98	0	0	0	0	13	0	0	0	125	0	0	0	0	0	0	0	0	0	0	0	0	0	0	0	58	0	0	0	0	177	0
641	206	525	181	531	701	100	136	823	577	321	701	417	436	374	255	531	598	0	517	306	513	0	210	591	181	24	320	267	421	266	531	307	321	511	591	256	271	271	425	646	184	823	696	167	531	445	267	611	298	529	552	723	561	196	331	497	420	271	576	274	6	336	355	566	184	288	267	656	25	231	262	418	775	330
124	0	8	0	14	184	0	0	306	60	0	184	0	0	0	0	14	81	0	0	0	0	0	0	74	0	0	0	0	0	0	14	0	0	0	74	0	0	0	0	129	0	306	179	0	14	0	0	94	0	12	35	206	44	0	0	0	0	0	59	0	0	0	0	49	0	0	0	139	0	0	0	0	258	0
335	0	219	0	225	395	0	0	517	271	15	395	111	130	68	0	225	292	0	211	0	207	0	0	285	0	0	14	0	115	0	225	1	15	205	285	0	0	0	119	340	0	517	390	0	225	139	0	305	0	223	246	417	255	0	25	191	114	0	270	0	0	30	49	260	0	0	0	350	0	0	0	112	469	24
128	0	12	0	18	188	0	0	310	64	0	188	0	0	0	0	18	85	0	4	0	0	0	0	78	0	0	0	0	0	0	18	0	0	0	78	0	0	0	0	133	0	310	183	0	18	0	0	98	0	16	39	210	48	0	0	0	0	0	63	0	0	0	0	53	0	0	0	143	0	0	0	0	262	0
650	215	534	190	540	710	109	145	832	586	330	710	426	445	383	264	540	607	9	526	315	522	0	219	600	190	33	329	276	430	275	540	316	330	520	600	265	280	280	434	655	193	832	705	176	540	454	276	620	307	538	561	732	570	205	340	506	429	280	585	283	15	345	364	575	193	297	276	665	34	240	271	427	784	339
431	0	315	0	321	491	0	0	613	367	111	491	207	226	164	45	321	388	0	307	96	303	0	0	381	0	0	110	57	211	56	321	97	111	301	381	46	61	61	215	436	0	613	486	0	321	235	57	401	88	319	342	513	351	0	121	287	210	61	366	64	0	126	145	356	0	78	57	446	0	21	52	208	565	120
50	0	0	0	0	110	0	0	232	0	0	110	0	0	0	0	0	7	0	0	0	0	0	0	0	0	0	0	0	0	0	0	0	0	0	0	0	0	0	0	55	0	232	105	0	0	0	0	20	0	0	0	132	0	0	0	0	0	0	0	0	0	0	0	0	0	0	0	65	0	0	0	0	184	0
460	25	344	0	350	520	0	0	642	396	140	520	236	255	193	74	350	417	0	336	125	332	0	29	410	0	0	139	86	240	85	350	126	140	330	410	75	90	90	244	465	3	642	515	0	350	264	86	430	117	348	371	542	380	15	150	316	239	90	395	93	0	155	174	385	3	107	86	475	0	50	81	237	594	149
617	182	501	157	507	677	76	112	799	553	297	677	393	412	350	231	507	574	0	493	282	489	0	186	567	157	0	296	243	397	242	507	283	297	487	567	232	247	247	401	622	160	799	672	143	507	421	243	587	274	505	528	699	537	172	307	473	396	247	552	250	0	312	331	542	160	264	243	632	1	207	238	394	751	306
321	0	205	0	211	381	0	0	503	257	1	381	97	116	54	0	211	278	0	197	0	193	0	0	271	0	0	0	0	101	0	211	0	1	191	271	0	0	0	105	326	0	503	376	0	211	125	0	291	0	209	232	403	241	0	11	177	100	0	256	0	0	16	35	246	0	0	0	336	0	0	0	98	455	10
374	0	258	0	264	434	0	0	556	310	54	434	150	169	107	0	264	331	0	250	39	246	0	0	324	0	0	53	0	154	0	264	40	54	244	324	0	4	4	158	379	0	556	429	0	264	178	0	344	31	262	285	456	294	0	64	230	153	4	309	7	0	69	88	299	0	21	0	389	0	0	0	151	508	63
220	0	104	0	110	280	0	0	402	156	0	280	0	15	0	0	110	177	0	96	0	92	0	0	170	0	0	0	0	0	0	110	0	0	90	170	0	0	0	4	225	0	402	275	0	110	24	0	190	0	108	131	302	140	0	0	76	0	0	155	0	0	0	0	145	0	0	0	235	0	0	0	0	354	0
375	0	259	0	265	435	0	0	557	311	55	435	151	170	108	0	265	332	0	251	40	247	0	0	325	0	0	54	1	155	0	265	41	55	245	325	0	5	5	159	380	0	557	430	0	265	179	1	345	32	263	286	457	295	0	65	231	154	5	310	8	0	70	89	300	0	22	1	390	0	0	0	152	509	64
110	0	0	0	0	170	0	0	292	46	0	170	0	0	0	0	0	67	0	0	0	0	0	0	60	0	0	0	0	0	0	0	0	0	0	60	0	0	0	0	115	0	292	165	0	0	0	0	80	0	0	21	192	30	0	0	0	0	0	45	0	0	0	0	35	0	0	0	125	0	0	0	0	244	0
334	0	218	0	224	394	0	0	516	270	14	394	110	129	67	0	224	291	0	210	0	206	0	0	284	0	0	13	0	114	0	224	0	14	204	284	0	0	0	118	339	0	516	389	0	224	138	0	304	0	222	245	416	254	0	24	190	113	0	269	0	0	29	48	259	0	0	0	349	0	0	0	111	468	23
320	0	204	0	210	380	0	0	502	256	0	380	96	115	53	0	210	277	0	196	0	192	0	0	270	0	0	0	0	100	0	210	0	0	190	270	0	0	0	104	325	0	502	375	0	210	124	0	290	0	208	231	402	240	0	10	176	99	0	255	0	0	15	34	245	0	0	0	335	0	0	0	97	454	9
130	0	14	0	20	190	0	0	312	66	0	190	0	0	0	0	20	87	0	6	0	2	0	0	80	0	0	0	0	0	0	20	0	0	0	80	0	0	0	0	135	0	312	185	0	20	0	0	100	0	18	41	212	50	0	0	0	0	0	65	0	0	0	0	55	0	0	0	145	0	0	0	0	264	0
50	0	0	0	0	110	0	0	232	0	0	110	0	0	0	0	0	7	0	0	0	0	0	0	0	0	0	0	0	0	0	0	0	0	0	0	0	0	0	0	55	0	232	105	0	0	0	0	20	0	0	0	132	0	0	0	0	0	0	0	0	0	0	0	0	0	0	0	65	0	0	0	0	184	0
385	0	269	0	275	445	0	0	567	321	65	445	161	180	118	0	275	342	0	261	50	257	0	0	335	0	0	64	11	165	10	275	51	65	255	335	0	15	15	169	390	0	567	440	0	275	189	11	355	42	273	296	467	305	0	75	241	164	15	320	18	0	80	99	310	0	32	11	400	0	0	6	162	519	74
370	0	254	0	260	430	0	0	552	306	50	430	146	165	103	0	260	327	0	246	35	242	0	0	320	0	0	49	0	150	0	260	36	50	240	320	0	0	0	154	375	0	552	425	0	260	174	0	340	27	258	281	452	290	0	60	226	149	0	305	3	0	65	84	295	0	17	0	385	0	0	0	147	504	59
370	0	254	0	260	430	0	0	552	306	50	430	146	165	103	0	260	327	0	246	35	242	0	0	320	0	0	49	0	150	0	260	36	50	240	320	0	0	0	154	375	0	552	425	0	260	174	0	340	27	258	281	452	290	0	60	226	149	0	305	3	0	65	84	295	0	17	0	385	0	0	0	147	504	59
216	0	100	0	106	276	0	0	398	152	0	276	0	11	0	0	106	173	0	92	0	88	0	0	166	0	0	0	0	0	0	106	0	0	86	166	0	0	0	0	221	0	398	271	0	106	20	0	186	0	104	127	298	136	0	0	72	0	0	151	0	0	0	0	141	0	0	0	231	0	0	0	0	350	0
0	0	0	0	0	55	0	0	177	0	0	55	0	0	0	0	0	0	0	0	0	0	0	0	0	0	0	0	0	0	0	0	0	0	0	0	0	0	0	0	0	0	177	50	0	0	0	0	0	0	0	0	77	0	0	0	0	0	0	0	0	0	0	0	0	0	0	0	10	0	0	0	0	129	0
457	22	341	0	347	517	0	0	639	393	137	517	233	252	190	71	347	414	0	333	122	329	0	26	407	0	0	136	83	237	82	347	123	137	327	407	72	87	87	241	462	0	639	512	0	347	261	83	427	114	345	368	539	377	12	147	313	236	87	392	90	0	152	171	382	0	104	83	472	0	47	78	234	591	146
0	0	0	0	0	0	0	0	0	0	0	0	0	0	0	0	0	0	0	0	0	0	0	0	0	0	0	0	0	0	0	0	0	0	0	0	0	0	0	0	0	0	0	0	0	0	0	0	0	0	0	0	0	0	0	0	0	0	0	0	0	0	0	0	0	0	0	0	0	0	0	0	0	0	0
0	0	0	0	0	5	0	0	127	0	0	5	0	0	0	0	0	0	0	0	0	0	0	0	0	0	0	0	0	0	0	0	0	0	0	0	0	0	0	0	0	0	127	0	0	0	0	0	0	0	0	0	27	0	0	0	0	0	0	0	0	0	0	0	0	0	0	0	0	0	0	0	0	79	0
474	39	358	14	364	534	0	0	656	410	154	534	250	269	207	88	364	431	0	350	139	346	0	43	424	14	0	153	100	254	99	364	140	154	344	424	89	104	104	258	479	17	656	529	0	364	278	100	444	131	362	385	556	394	29	164	330	253	104	409	107	0	169	188	399	17	121	100	489	0	64	95	251	608	163
110	0	0	0	0	170	0	0	292	46	0	170	0	0	0	0	0	67	0	0	0	0	0	0	60	0	0	0	0	0	0	0	0	0	0	60	0	0	0	0	115	0	292	165	0	0	0	0	80	0	0	21	192	30	0	0	0	0	0	45	0	0	0	0	35	0	0	0	125	0	0	0	0	244	0
196	0	80	0	86	256	0	0	378	132	0	256	0	0	0	0	86	153	0	72	0	68	0	0	146	0	0	0	0	0	0	86	0	0	66	146	0	0	0	0	201	0	378	251	0	86	0	0	166	0	84	107	278	116	0	0	52	0	0	131	0	0	0	0	121	0	0	0	211	0	0	0	0	330	0
374	0	258	0	264	434	0	0	556	310	54	434	150	169	107	0	264	331	0	250	39	246	0	0	324	0	0	53	0	154	0	264	40	54	244	324	0	4	4	158	379	0	556	429	0	264	178	0	344	31	262	285	456	294	0	64	230	153	4	309	7	0	69	88	299	0	21	0	389	0	0	0	151	508	63
30	0	0	0	0	90	0	0	212	0	0	90	0	0	0	0	0	0	0	0	0	0	0	0	0	0	0	0	0	0	0	0	0	0	0	0	0	0	0	0	35	0	212	85	0	0	0	0	0	0	0	0	112	0	0	0	0	0	0	0	0	0	0	0	0	0	0	0	45	0	0	0	0	164	0
343	0	227	0	233	403	0	0	525	279	23	403	119	138	76	0	233	300	0	219	8	215	0	0	293	0	0	22	0	123	0	233	9	23	213	293	0	0	0	127	348	0	525	398	0	233	147	0	313	0	231	254	425	263	0	33	199	122	0	278	0	0	38	57	268	0	0	0	358	0	0	0	120	477	32
112	0	0	0	2	172	0	0	294	48	0	172	0	0	0	0	2	69	0	0	0	0	0	0	62	0	0	0	0	0	0	2	0	0	0	62	0	0	0	0	117	0	294	167	0	2	0	0	82	0	0	23	194	32	0	0	0	0	0	47	0	0	0	0	37	0	0	0	127	0	0	0	0	246	0
89	0	0	0	0	149	0	0	271	25	0	149	0	0	0	0	0	46	0	0	0	0	0	0	39	0	0	0	0	0	0	0	0	0	0	39	0	0	0	0	94	0	271	144	0	0	0	0	59	0	0	0	171	9	0	0	0	0	0	24	0	0	0	0	14	0	0	0	104	0	0	0	0	223	0
0	0	0	0	0	0	0	0	100	0	0	0	0	0	0	0	0	0	0	0	0	0	0	0	0	0	0	0	0	0	0	0	0	0	0	0	0	0	0	0	0	0	100	0	0	0	0	0	0	0	0	0	0	0	0	0	0	0	0	0	0	0	0	0	0	0	0	0	0	0	0	0	0	52	0
80	0	0	0	0	140	0	0	262	16	0	140	0	0	0	0	0	37	0	0	0	0	0	0	30	0	0	0	0	0	0	0	0	0	0	30	0	0	0	0	85	0	262	135	0	0	0	0	50	0	0	0	162	0	0	0	0	0	0	15	0	0	0	0	5	0	0	0	95	0	0	0	0	214	0
445	10	329	0	335	505	0	0	627	381	125	505	221	240	178	59	335	402	0	321	110	317	0	14	395	0	0	124	71	225	70	335	111	125	315	395	60	75	75	229	450	0	627	500	0	335	249	71	415	102	333	356	527	365	0	135	301	224	75	380	78	0	140	159	370	0	92	71	460	0	35	66	222	579	134
310	0	194	0	200	370	0	0	492	246	0	370	86	105	43	0	200	267	0	186	0	182	0	0	260	0	0	0	0	90	0	200	0	0	180	260	0	0	0	94	315	0	492	365	0	200	114	0	280	0	198	221	392	230	0	0	166	89	0	245	0	0	5	24	235	0	0	0	325	0	0	0	87	444	0
144	0	28	0	34	204	0	0	326	80	0	204	0	0	0	0	34	101	0	20	0	16	0	0	94	0	0	0	0	0	0	34	0	0	14	94	0	0	0	0	149	0	326	199	0	34	0	0	114	0	32	55	226	64	0	0	0	0	0	79	0	0	0	0	69	0	0	0	159	0	0	0	0	278	0
221	0	105	0	111	281	0	0	403	157	0	281	0	16	0	0	111	178	0	97	0	93	0	0	171	0	0	0	0	1	0	111	0	0	91	171	0	0	0	5	226	0	403	276	0	111	25	0	191	0	109	132	303	141	0	0	77	0	0	156	0	0	0	0	146	0	0	0	236	0	0	0	0	355	0
370	0	254	0	260	430	0	0	552	306	50	430	146	165	103	0	260	327	0	246	35	242	0	0	320	0	0	49	0	150	0	260	36	50	240	320	0	0	0	154	375	0	552	425	0	260	174	0	340	27	258	281	452	290	0	60	226	149	0	305	3	0	65	84	295	0	17	0	385	0	0	0	147	504	59
65	0	0	0	0	125	0	0	247	1	0	125	0	0	0	0	0	22	0	0	0	0	0	0	15	0	0	0	0	0	0	0	0	0	0	15	0	0	0	0	70	0	247	120	0	0	0	0	35	0	0	0	147	0	0	0	0	0	0	0	0	0	0	0	0	0	0	0	80	0	0	0	0	199	0
367	0	251	0	257	427	0	0	549	303	47	427	143	162	100	0	257	324	0	243	32	239	0	0	317	0	0	46	0	147	0	257	33	47	237	317	0	0	0	151	372	0	549	422	0	257	171	0	337	24	255	278	449	287	0	57	223	146	0	302	0	0	62	81	292	0	14	0	382	0	0	0	144	501	56
635	200	519	175	525	695	94	130	817	571	315	695	411	430	368	249	525	592	0	511	300	507	0	204	585	175	18	314	261	415	260	525	301	315	505	585	250	265	265	419	640	178	817	690	161	525	439	261	605	292	523	546	717	555	190	325	491	414	265	570	268	0	330	349	560	178	282	261	650	19	225	256	412	769	324
305	0	189	0	195	365	0	0	487	241	0	365	81	100	38	0	195	262	0	181	0	177	0	0	255	0	0	0	0	85	0	195	0	0	175	255	0	0	0	89	310	0	487	360	0	195	109	0	275	0	193	216	387	225	0	0	161	84	0	240	0	0	0	19	230	0	0	0	320	0	0	0	82	439	0
286	0	170	0	176	346	0	0	468	222	0	346	62	81	19	0	176	243	0	162	0	158	0	0	236	0	0	0	0	66	0	176	0	0	156	236	0	0	0	70	291	0	468	341	0	176	90	0	256	0	174	197	368	206	0	0	142	65	0	221	0	0	0	0	211	0	0	0	301	0	0	0	63	420	0
75	0	0	0	0	135	0	0	257	11	0	135	0	0	0	0	0	32	0	0	0	0	0	0	25	0	0	0	0	0	0	0	0	0	0	25	0	0	0	0	80	0	257	130	0	0	0	0	45	0	0	0	157	0	0	0	0	0	0	10	0	0	0	0	0	0	0	0	90	0	0	0	0	209	0
457	22	341	0	347	517	0	0	639	393	137	517	233	252	190	71	347	414	0	333	122	329	0	26	407	0	0	136	83	237	82	347	123	137	327	407	72	87	87	241	462	0	639	512	0	347	261	83	427	114	345	368	539	377	12	147	313	236	87	392	90	0	152	171	382	0	104	83	472	0	47	78	234	591	146
353	0	237	0	243	413	0	0	535	289	33	413	129	148	86	0	243	310	0	229	18	225	0	0	303	0	0	32	0	133	0	243	19	33	223	303	0	0	0	137	358	0	535	408	0	243	157	0	323	10	241	264	435	273	0	43	209	132	0	288	0	0	48	67	278	0	0	0	368	0	0	0	130	487	42
374	0	258	0	264	434	0	0	556	310	54	434	150	169	107	0	264	331	0	250	39	246	0	0	324	0	0	53	0	154	0	264	40	54	244	324	0	4	4	158	379	0	556	429	0	264	178	0	344	31	262	285	456	294	0	64	230	153	4	309	7	0	69	88	299	0	21	0	389	0	0	0	151	508	63
0	0	0	0	0	45	0	0	167	0	0	45	0	0	0	0	0	0	0	0	0	0	0	0	0	0	0	0	0	0	0	0	0	0	0	0	0	0	0	0	0	0	167	40	0	0	0	0	0	0	0	0	67	0	0	0	0	0	0	0	0	0	0	0	0	0	0	0	0	0	0	0	0	119	0
616	181	500	156	506	676	75	111	798	552	296	676	392	411	349	230	506	573	0	492	281	488	0	185	566	156	0	295	242	396	241	506	282	296	486	566	231	246	246	400	621	159	798	671	142	506	420	242	586	273	504	527	698	536	171	306	472	395	246	551	249	0	311	330	541	159	263	242	631	0	206	237	393	750	305
410	0	294	0	300	470	0	0	592	346	90	470	186	205	143	24	300	367	0	286	75	282	0	0	360	0	0	89	36	190	35	300	76	90	280	360	25	40	40	194	415	0	592	465	0	300	214	36	380	67	298	321	492	330	0	100	266	189	40	345	43	0	105	124	335	0	57	36	425	0	0	31	187	544	99
379	0	263	0	269	439	0	0	561	315	59	439	155	174	112	0	269	336	0	255	44	251	0	0	329	0	0	58	5	159	4	269	45	59	249	329	0	9	9	163	384	0	561	434	0	269	183	5	349	36	267	290	461	299	0	69	235	158	9	314	12	0	74	93	304	0	26	5	394	0	0	0	156	513	68
223	0	107	0	113	283	0	0	405	159	0	283	0	18	0	0	113	180	0	99	0	95	0	0	173	0	0	0	0	3	0	113	0	0	93	173	0	0	0	7	228	0	405	278	0	113	27	0	193	0	111	134	305	143	0	0	79	2	0	158	0	0	0	0	148	0	0	0	238	0	0	0	0	357	0
0	0	0	0	0	0	0	0	48	0	0	0	0	0	0	0	0	0	0	0	0	0	0	0	0	0	0	0	0	0	0	0	0	0	0	0	0	0	0	0	0	0	48	0	0	0	0	0	0	0	0	0	0	0	0	0	0	0	0	0	0	0	0	0	0	0	0	0	0	0	0	0	0	0	0
311	0	195	0	201	371	0	0	493	247	0	371	87	106	44	0	201	268	0	187	0	183	0	0	261	0	0	0	0	91	0	201	0	0	181	261	0	0	0	95	316	0	493	366	0	201	115	0	281	0	199	222	393	231	0	1	167	90	0	246	0	0	6	25	236	0	0	0	326	0	0	0	88	445	0

0	100	150	0	40	220	30	170	50	120	20	120	220	50	115	150	1090	120	60	320	120	120	220	220	120	120	120	110	200	70	20	70	20	170	220	120	819	100	260	220	70	420	1000	120	120	20	20	210	30	1090	150	30	180	20	40	140	70	220	70	140	240	420	90	180	60	120	100	180	10	40	40	100	120	820	50
0	0	50	0	0	120	0	70	0	20	0	20	120	0	15	50	990	20	0	220	20	20	120	120	20	20	20	10	100	0	0	0	0	70	120	20	719	0	160	120	0	320	900	20	20	0	0	110	0	990	50	0	80	0	0	40	0	120	0	40	140	320	0	80	0	20	0	80	0	0	0	0	20	720	0
0	0	0	0	0	70	0	20	0	0	0	0	70	0	0	0	940	0	0	170	0	0	70	70	0	0	0	0	50	0	0	0	0	20	70	0	669	0	110	70	0	270	850	0	0	0	0	60	0	940	0	0	30	0	0	0	0	70	0	0	90	270	0	30	0	0	0	30	0	0	0	0	0	670	0
5	105	155	0	45	225	35	175	55	125	25	125	225	55	120	155	1095	125	65	325	125	125	225	225	125	125	125	115	205	75	25	75	25	175	225	125	824	105	265	225	75	425	1005	125	125	25	25	215	35	1095	155	35	185	25	45	145	75	225	75	145	245	425	95	185	65	125	105	185	15	45	45	105	125	825	55
0	60	110	0	0	180	0	130	10	80	0	80	180	10	75	110	1050	80	20	280	80	80	180	180	80	80	80	70	160	30	0	30	0	130	180	80	779	60	220	180	30	380	960	80	80	0	0	170	0	1050	110	0	140	0	0	100	30	180	30	100	200	380	50	140	20	80	60	140	0	0	0	60	80	780	10
0	0	0	0	0	0	0	0	0	0	0	0	0	0	0	0	870	0	0	100	0	0	0	0	0	0	0	0	0	0	0	0	0	0	0	0	599	0	40	0	0	200	780	0	0	0	0	0	0	870	0	0	0	0	0	0	0	0	0	0	20	200	0	0	0	0	0	0	0	0	0	0	0	600	0
0	70	120	0	10	190	0	140	20	90	0	90	190	20	85	120	1060	90	30	290	90	90	190	190	90	90	90	80	170	40	0	40	0	140	190	90	789	70	230	190	40	390	970	90	90	0	0	180	0	1060	120	0	150	0	10	110	40	190	40	110	210	390	60	150	30	90	70	150	0	10	10	70	90	790	20
0	0	0	0	0	50	0	0	0	0	0	0	50	0	0	0	920	0	0	150	0	0	50	50	0	0	0	0	30	0	0	0	0	0	50	0	649	0	90	50	0	250	830	0	0	0	0	40	0	920	0	0	10	0	0	0	0	50	0	0	70	250	0	10	0	0	0	10	0	0	0	0	0	650	0
0	50	100	0	0	170	0	120	0	70	0	70	170	0	65	100	1040	70	10	270	70	70	170	170	70	70	70	60	150	20	0	20	0	120	170	70	769	50	210	170	20	370	950	70	70	0	0	160	0	1040	100	0	130	0	0	90	20	170	20	90	190	370	40	130	10	70	50	130	0	0	0	50	70	770	0
0	0	30	0	0	100	0	50	0	0	0	0	100	0	0	30	970	0	0	200	0	0	100	100	0	0	0	0	80	0	0	0	0	50	100	0	699	0	140	100	0	300	880	0	0	0	0	90	0	970	30	0	60	0	0	20	0	100	0	20	120	300	0	60	0	0	0	60	0	0	0	0	0	700	0
0	80	130	0	20	200	10	150	30	100	0	100	200	30	95	130	1070	100	40	300	100	100	200	200	100	100	100	90	180	50	0	50	0	150	200	100	799	80	240	200	50	400	980	100	100	0	0	190	10	1070	130	10	160	0	20	120	50	200	50	120	220	400	70	160	40	100	80	160	0	20	20	80	100	800	30
0	0	30	0	0	100	0	50	0	0	0	0	100	0	0	30	970	0	0	200	0	0	100	100	0	0	0	0	80	0	0	0	0	50	100	0	699	0	140	100	0	300	880	0	0	0	0	90	0	970	30	0	60	0	0	20	0	100	0	20	120	300	0	60	0	0	0	60	0	0	0	0	0	700	0
0	0	0	0	0	0	0	0	0	0	0	0	0	0	0	0	870	0	0	100	0	0	0	0	0	0	0	0	0	0	0	0	0	0	0	0	599	0	40	0	0	200	780	0	0	0	0	0	0	870	0	0	0	0	0	0	0	0	0	0	20	200	0	0	0	0	0	0	0	0	0	0	0	600	0
0	50	100	0	0	170	0	120	0	70	0	70	170	0	65	100	1040	70	10	270	70	70	170	170	70	70	70	60	150	20	0	20	0	120	170	70	769	50	210	170	20	370	950	70	70	0	0	160	0	1040	100	0	130	0	0	90	20	170	20	90	190	370	40	130	10	70	50	130	0	0	0	50	70	770	0
0	0	35	0	0	105	0	55	0	5	0	5	105	0	0	35	975	5	0	205	5	5	105	105	5	5	5	0	85	0	0	0	0	55	105	5	704	0	145	105	0	305	885	5	5	0	0	95	0	975	35	0	65	0	0	25	0	105	0	25	125	305	0	65	0	5	0	65	0	0	0	0	5	705	0
0	0	0	0	0	70	0	20	0	0	0	0	70	0	0	0	940	0	0	170	0	0	70	70	0	0	0	0	50	0	0	0	0	20	70	0	669	0	110	70	0	270	850	0	0	0	0	60	0	940	0	0	30	0	0	0	0	70	0	0	90	270	0	30	0	0	0	30	0	0	0	0	0	670	0
0	0	0	0	0	0	0	0	0	0	0	0	0	0	0	0	0	0	0	0	0	0	0	0	0	0	0	0	0	0	0	0	0	0	0	0	0	0	0	0	0	0	0	0	0	0	0	0	0	0	0	0	0	0	0	0	0	0	0	0	0	0	0	0	0	0	0	0	0	0	0	0	0	0	0
0	0	30	0	0	100	0	50	0	0	0	0	100	0	0	30	970	0	0	200	0	0	100	100	0	0	0	0	80	0	0	0	0	50	100	0	699	0	140	100	0	300	880	0	0	0	0	90	0	970	30	0	60	0	0	20	0	100	0	20	120	300	0	60	0	0	0	60	0	0	0	0	0	700	0
0	40	90	0	0	160	0	110	0	60	0	60	160	0	55	90	1030	60	0	260	60	60	160	160	60	60	60	50	140	10	0	10	0	110	160	60	759	40	200	160	10	360	940	60	60	0	0	150	0	1030	90	0	120	0	0	80	10	160	10	80	180	360	30	120	0	60	40	120	0	0	0	40	60	760	0
0	0	0	0	0	0	0	0	0	0	0	0	0	0	0	0	770	0	0	0	0	0	0	0	0	0	0	0	0	0	0	0	0	0	0	0	499	0	0	0	0	100	680	0	0	0	0	0	0	770	0	0	0	0	0	0	0	0	0	0	0	100	0	0	0	0	0	0	0	0	0	0	0	500	0
0	0	30	0	0	100	0	50	0	0	0	0	100	0	0	30	970	0	0	200	0	0	100	100	0	0	0	0	80	0	0	0	0	50	100	0	699	0	140	100	0	300	880	0	0	0	0	90	0	970	30	0	60	0	0	20	0	100	0	20	120	300	0	60	0	0	0	60	0	0	0	0	0	700	0
0	0	30	0	0	100	0	50	0	0	0	0	100	0	0	30	970	0	0	200	0	0	100	100	0	0	0	0	80	0	0	0	0	50	100	0	699	0	140	100	0	300	880	0	0	0	0	90	0	970	30	0	60	0	0	20	0	100	0	20	120	300	0	60	0	0	0	60	0	0	0	0	0	700	0
0	0	0	0	0	0	0	0	0	0	0	0	0	0	0	0	870	0	0	100	0	0	0	0	0	0	0	0	0	0	0	0	0	0	0	0	599	0	40	0	0	200	780	0	0	0	0	0	0	870	0	0	0	0	0	0	0	0	0	0	20	200	0	0	0	0	0	0	0	0	0	0	0	600	0
0	0	0	0	0	0	0	0	0	0	0	0	0	0	0	0	870	0	0	100	0	0	0	0	0	0	0	0	0	0	0	0	0	0	0	0	599	0	40	0	0	200	780	0	0	0	0	0	0	870	0	0	0	0	0	0	0	0	0	0	20	200	0	0	0	0	0	0	0	0	0	0	0	600	0
0	0	30	0	0	100	0	50	0	0	0	0	100	0	0	30	970	0	0	200	0	0	100	100	0	0	0	0	80	0	0	0	0	50	100	0	699	0	140	100	0	300	880	0	0	0	0	90	0	970	30	0	60	0	0	20	0	100	0	20	120	300	0	60	0	0	0	60	0	0	0	0	0	700	0
0	0	30	0	0	100	0	50	0	0	0	0	100	0	0	30	970	0	0	200	0	0	100	100	0	0	0	0	80	0	0	0	0	50	100	0	699	0	140	100	0	300	880	0	0	0	0	90	0	970	30	0	60	0	0	20	0	100	0	20	120	300	0	60	0	0	0	60	0	0	0	0	0	700	0
0	0	30	0	0	100	0	50	0	0	0	0	100	0	0	30	970	0	0	200	0	0	100	100	0	0	0	0	80	0	0	0	0	50	100	0	699	0	140	100	0	300	880	0	0	0	0	90	0	970	30	0	60	0	0	20	0	100	0	20	120	300	0	60	0	0	0	60	0	0	0	0	0	700	0
0	0	40	0	0	110	0	60	0	10	0	10	110	0	5	40	980	10	0	210	10	10	110	110	10	10	10	0	90	0	0	0	0	60	110	10	709	0	150	110	0	310	890	10	10	0	0	100	0	980	40	0	70	0	0	30	0	110	0	30	130	310	0	70	0	10	0	70	0	0	0	0	10	710	0
0	0	0	0	0	20	0	0	0	0	0	0	20	0	0	0	890	0	0	120	0	0	20	20	0	0	0	0	0	0	0	0	0	0	20	0	619	0	60	20	0	220	800	0	0	0	0	10	0	890	0	0	0	0	0	0	0	20	0	0	40	220	0	0	0	0	0	0	0	0	0	0	0	620	0
0	30	80	0	0	150	0	100	0	50	0	50	150	0	45	80	1020	50	0	250	50	50	150	150	50	50	50	40	130	0	0	0	0	100	150	50	749	30	190	150	0	350	930	50	50	0	0	140	0	1020	80	0	110	0	0	70	0	150	0	70	170	350	20	110	0	50	30	110	0	0	0	30	50	750	0
0	80	130	0	20	200	10	150	30	100	0	100	200	30	95	130	1070	100	40	300	100	100	200	200	100	100	100	90	180	50	0	50	0	150	200	100	799	80	240	200	50	400	980	100	100	0	0	190	10	1070	130	10	160	0	20	120	50	200	50	120	220	400	70	160	40	100	80	160	0	20	20	80	100	800	30
0	30	80	0	0	150	0	100	0	50	0	50	150	0	45	80	1020	50	0	250	50	50	150	150	50	50	50	40	130	0	0	0	0	100	150	50	749	30	190	150	0	350	930	50	50	0	0	140	0	1020	80	0	110	0	0	70	0	150	0	70	170	350	20	110	0	50	30	110	0	0	0	30	50	750	0
0	80	130	0	20	200	10	150	30	100	0	100	200	30	95	130	1070	100	40	300	100	100	200	200	100	100	100	90	180	50	0	50	0	150	200	100	799	80	240	200	50	400	980	100	100	0	0	190	10	1070	130	10	160	0	20	120	50	200	50	120	220	400	70	160	40	100	80	160	0	20	20	80	100	800	30
0	0	0	0	0	50	0	0	0	0	0	0	50	0	0	0	920	0	0	150	0	0	50	50	0	0	0	0	30	0	0	0	0	0	50	0	649	0	90	50	0	250	830	0	0	0	0	40	0	920	0	0	10	0	0	0	0	50	0	0	70	250	0	10	0	0	0	10	0	0	0	0	0	650	0
0	0	0	0	0	0	0	0	0	0	0	0	0	0	0	0	870	0	0	100	0	0	0	0	0	0	0	0	0	0	0	0	0	0	0	0	599	0	40	0	0	200	780	0	0	0	0	0	0	870	0	0	0	0	0	0	0	0	0	0	20	200	0	0	0	0	0	0	0	0	0	0	0	600	0
0	0	30	0	0	100	0	50	0	0	0	0	100	0	0	30	970	0	0	200	0	0	100	100	0	0	0	0	80	0	0	0	0	50	100	0	699	0	140	100	0	300	880	0	0	0	0	90	0	970	30	0	60	0	0	20	0	100	0	20	120	300	0	60	0	0	0	60	0	0	0	0	0	700	0
0	0	0	0	0	0	0	0	0	0	0	0	0	0	0	0	271	0	0	0	0	0	0	0	0	0	0	0	0	0	0	0	0	0	0	0	0	0	0	0	0	0	181	0	0	0	0	0	0	271	0	0	0	0	0	0	0	0	0	0	0	0	0	0	0	0	0	0	0	0	0	0	0	1	0
0	0	50	0	0	120	0	70	0	20	0	20	120	0	15	50	990	20	0	220	20	20	120	120	20	20	20	10	100	0	0	0	0	70	120	20	719	0	160	120	0	320	900	20	20	0	0	110	0	990	50	0	80	0	0	40	0	120	0	40	140	320	0	80	0	20	0	80	0	0	0	0	20	720	0
0	0	0	0	0	0	0	0	0	0	0	0	0	0	0	0	830	0	0	60	0	0	0	0	0	0	0	0	0	0	0	0	0	0	0	0	559	0	0	0	0	160	740	0	0	0	0	0	0	830	0	0	0	0	0	0	0	0	0	0	0	160	0	0	0	0	0	0	0	0	0	0	0	560	0
0	0	0	0	0	0	0	0	0	0	0	0	0	0	0	0	870	0	0	100	0	0	0	0	0	0	0	0	0	0	0	0	0	0	0	0	599	0	40	0	0	200	780	0	0	0	0	0	0	870	0	0	0	0	0	0	0	0	0	0	20	200	0	0	0	0	0	0	0	0	0	0	0	600	0
0	30	80	0	0	150	0	100	0	50	0	50	150	0	45	80	1020	50	0	250	50	50	150	150	50	50	50	40	130	0	0	0	0	100	150	50	749	30	190	150	0	350	930	50	50	0	0	140	0	1020	80	0	110	0	0	70	0	150	0	70	170	350	20	110	0	50	30	110	0	0	0	30	50	750	0
0	0	0	0	0	0	0	0	0	0	0	0	0	0	0	0	670	0	0	0	0	0	0	0	0	0	0	0	0	0	0	0	0	0	0	0	399	0	0	0	0	0	580	0	0	0	0	0	0	670	0	0	0	0	0	0	0	0	0	0	0	0	0	0	0	0	0	0	0	0	0	0	0	400	0
0	0	0	0	0	0	0	0	0	0	0	0	0	0	0	0	90	0	0	0	0	0	0	0	0	0	0	0	0	0	0	0	0	0	0	0	0	0	0	0	0	0	0	0	0	0	0	0	0	90	0	0	0	0	0	0	0	0	0	0	0	0	0	0	0	0	0	0	0	0	0	0	0	0	0
0	0	30	0	0	100	0	50	0	0	0	0	100	0	0	30	970	0	0	200	0	0	100	100	0	0	0	0	80	0	0	0	0	50	100	0	699	0	140	100	0	300	880	0	0	0	0	90	0	970	30	0	60	0	0	20	0	100	0	20	120	300	0	60	0	0	0	60	0	0	0	0	0	700	0
0	0	30	0	0	100	0	50	0	0	0	0	100	0	0	30	970	0	0	200	0	0	100	100	0	0	0	0	80	0	0	0	0	50	100	0	699	0	140	100	0	300	880	0	0	0	0	90	0	970	30	0	60	0	0	20	0	100	0	20	120	300	0	60	0	0	0	60	0	0	0	0	0	700	0
0	80	130	0	20	200	10	150	30	100	0	100	200	30	95	130	1070	100	40	300	100	100	200	200	100	100	100	90	180	50	0	50	0	150	200	100	799	80	240	200	50	400	980	100	100	0	0	190	10	1070	130	10	160	0	20	120	50	200	50	120	220	400	70	160	40	100	80	160	0	20	20	80	100	800	30
0	80	130	0	20	200	10	150	30	100	0	100	200	30	95	130	1070	100	40	300	100	100	200	200	100	100	100	90	180	50	0	50	0	150	200	100	799	80	240	200	50	400	980	100	100	0	0	190	10	1070	130	10	160	0	20	120	50	200	50	120	220	400	70	160	40	100	80	160	0	20	20	80	100	800	30
0	0	0	0	0	10	0	0	0	0	0	0	10	0	0	0	880	0	0	110	0	0	10	10	0	0	0	0	0	0	0	0	0	0	10	0	609	0	50	10	0	210	790	0	0	0	0	0	0	880	0	0	0	0	0	0	0	10	0	0	30	210	0	0	0	0	0	0	0	0	0	0	0	610	0
0	70	120	0	10	190	0	140	20	90	0	90	190	20	85	120	1060	90	30	290	90	90	190	190	90	90	90	80	170	40	0	40	0	140	190	90	789	70	230	190	40	390	970	90	90	0	0	180	0	1060	120	0	150	0	10	110	40	190	40	110	210	390	60	150	30	90	70	150	0	10	10	70	90	790	20
0	0	0	0	0	0	0	0	0	0	0	0	0	0	0	0	0	0	0	0	0	0	0	0	0	0	0	0	0	0	0	0	0	0	0	0	0	0	0	0	0	0	0	0	0	0	0	0	0	0	0	0	0	0	0	0	0	0	0	0	0	0	0	0	0	0	0	0	0	0	0	0	0	0	0
0	0	0	0	0	70	0	20	0	0	0	0	70	0	0	0	940	0	0	170	0	0	70	70	0	0	0	0	50	0	0	0	0	20	70	0	669	0	110	70	0	270	850	0	0	0	0	60	0	940	0	0	30	0	0	0	0	70	0	0	90	270	0	30	0	0	0	30	0	0	0	0	0	670	0
0	70	120	0	10	190	0	140	20	90	0	90	190	20	85	120	1060	90	30	290	90	90	190	190	90	90	90	80	170	40	0	40	0	140	190	90	789	70	230	190	40	390	970	90	90	0	0	180	0	1060	120	0	150	0	10	110	40	190	40	110	210	390	60	150	30	90	70	150	0	10	10	70	90	790	20
0	0	0	0	0	40	0	0	0	0	0	0	40	0	0	0	910	0	0	140	0	0	40	40	0	0	0	0	20	0	0	0	0	0	40	0	639	0	80	40	0	240	820	0	0	0	0	30	0	910	0	0	0	0	0	0	0	40	0	0	60	240	0	0	0	0	0	0	0	0	0	0	0	640	0
0	80	130	0	20	200	10	150	30	100	0	100	200	30	95	130	1070	100	40	300	100	100	200	200	100	100	100	90	180	50	0	50	0	150	200	100	799	80	240	200	50	400	980	100	100	0	0	190	10	1070	130	10	160	0	20	120	50	200	50	120	220	400	70	160	40	100	80	160	0	20	20	80	100	800	30
0	60	110	0	0	180	0	130	10	80	0	80	180	10	75	110	1050	80	20	280	80	80	180	180	80	80	80	70	160	30	0	30	0	130	180	80	779	60	220	180	30	380	960	80	80	0	0	170	0	1050	110	0	140	0	0	100	30	180	30	100	200	380	50	140	20	80	60	140	0	0	0	60	80	780	10
0	0	10	0	0	80	0	30	0	0	0	0	80	0	0	10	950	0	0	180	0	0	80	80	0	0	0	0	60	0	0	0	0	30	80	0	679	0	120	80	0	280	860	0	0	0	0	70	0	950	10	0	40	0	0	0	0	80	0	0	100	280	0	40	0	0	0	40	0	0	0	0	0	680	0
0	30	80	0	0	150	0	100	0	50	0	50	150	0	45	80	1020	50	0	250	50	50	150	150	50	50	50	40	130	0	0	0	0	100	150	50	749	30	190	150	0	350	930	50	50	0	0	140	0	1020	80	0	110	0	0	70	0	150	0	70	170	350	20	110	0	50	30	110	0	0	0	30	50	750	0
0	0	0	0	0	0	0	0	0	0	0	0	0	0	0	0	870	0	0	100	0	0	0	0	0	0	0	0	0	0	0	0	0	0	0	0	599	0	40	0	0	200	780	0	0	0	0	0	0	870	0	0	0	0	0	0	0	0	0	0	20	200	0	0	0	0	0	0	0	0	0	0	0	600	0
0	30	80	0	0	150	0	100	0	50	0	50	150	0	45	80	1020	50	0	250	50	50	150	150	50	50	50	40	130	0	0	0	0	100	150	50	749	30	190	150	0	350	930	50	50	0	0	140	0	1020	80	0	110	0	0	70	0	150	0	70	170	350	20	110	0	50	30	110	0	0	0	30	50	750	0
0	0	10	0	0	80	0	30	0	0	0	0	80	0	0	10	950	0	0	180	0	0	80	80	0	0	0	0	60	0	0	0	0	30	80	0	679	0	120	80	0	280	860	0	0	0	0	70	0	950	10	0	40	0	0	0	0	80	0	0	100	280	0	40	0	0	0	40	0	0	0	0	0	680	0
0	0	0	0	0	0	0	0	0	0	0	0	0	0	0	0	850	0	0	80	0	0	0	0	0	0	0	0	0	0	0	0	0	0	0	0	579	0	20	0	0	180	760	0	0	0	0	0	0	850	0	0	0	0	0	0	0	0	0	0	0	180	0	0	0	0	0	0	0	0	0	0	0	580	0
0	0	0	0	0	0	0	0	0	0	0	0	0	0	0	0	670	0	0	0	0	0	0	0	0	0	0	0	0	0	0	0	0	0	0	0	399	0	0	0	0	0	580	0	0	0	0	0	0	670	0	0	0	0	0	0	0	0	0	0	0	0	0	0	0	0	0	0	0	0	0	0	0	400	0
0	10	60	0	0	130	0	80	0	30	0	30	130	0	25	60	1000	30	0	230	30	30	130	130	30	30	30	20	110	0	0	0	0	80	130	30	729	10	170	130	0	330	910	30	30	0	0	120	0	1000	60	0	90	0	0	50	0	130	0	50	150	330	0	90	0	30	10	90	0	0	0	10	30	730	0
0	0	0	0	0	40	0	0	0	0	0	0	40	0	0	0	910	0	0	140	0	0	40	40	0	0	0	0	20	0	0	0	0	0	40	0	639	0	80	40	0	240	820	0	0	0	0	30	0	910	0	0	0	0	0	0	0	40	0	0	60	240	0	0	0	0	0	0	0	0	0	0	0	640	0
0	40	90	0	0	160	0	110	0	60	0	60	160	0	55	90	1030	60	0	260	60	60	160	160	60	60	60	50	140	10	0	10	0	110	160	60	759	40	200	160	10	360	940	60	60	0	0	150	0	1030	90	0	120	0	0	80	10	160	10	80	180	360	30	120	0	60	40	120	0	0	0	40	60	760	0
0	0	30	0	0	100	0	50	0	0	0	0	100	0	0	30	970	0	0	200	0	0	100	100	0	0	0	0	80	0	0	0	0	50	100	0	699	0	140	100	0	300	880	0	0	0	0	90	0	970	30	0	60	0	0	20	0	100	0	20	120	300	0	60	0	0	0	60	0	0	0	0	0	700	0
0	0	50	0	0	120	0	70	0	20	0	20	120	0	15	50	990	20	0	220	20	20	120	120	20	20	20	10	100	0	0	0	0	70	120	20	719	0	160	120	0	320	900	20	20	0	0	110	0	990	50	0	80	0	0	40	0	120	0	40	140	320	0	80	0	20	0	80	0	0	0	0	20	720	0
0	0	0	0	0	40	0	0	0	0	0	0	40	0	0	0	910	0	0	140	0	0	40	40	0	0	0	0	20	0	0	0	0	0	40	0	639	0	80	40	0	240	820	0	0	0	0	30	0	910	0	0	0	0	0	0	0	40	0	0	60	240	0	0	0	0	0	0	0	0	0	0	0	640	0
0	90	140	0	30	210	20	160	40	110	10	110	210	40	105	140	1080	110	50	310	110	110	210	210	110	110	110	100	190	60	10	60	10	160	210	110	809	90	250	210	60	410	990	110	110	10	10	200	20	1080	140	20	170	10	30	130	60	210	60	130	230	410	80	170	50	110	90	170	0	30	30	90	110	810	40
0	60	110	0	0	180	0	130	10	80	0	80	180	10	75	110	1050	80	20	280	80	80	180	180	80	80	80	70	160	30	0	30	0	130	180	80	779	60	220	180	30	380	960	80	80	0	0	170	0	1050	110	0	140	0	0	100	30	180	30	100	200	380	50	140	20	80	60	140	0	0	0	60	80	780	10
0	60	110	0	0	180	0	130	10	80	0	80	180	10	75	110	1050	80	20	280	80	80	180	180	80	80	80	70	160	30	0	30	0	130	180	80	779	60	220	180	30	380	960	80	80	0	0	170	0	1050	110	0	140	0	0	100	30	180	30	100	200	380	50	140	20	80	60	140	0	0	0	60	80	780	10
0	0	50	0	0	120	0	70	0	20	0	20	120	0	15	50	990	20	0	220	20	20	120	120	20	20	20	10	100	0	0	0	0	70	120	20	719	0	160	120	0	320	900	20	20	0	0	110	0	990	50	0	80	0	0	40	0	120	0	40	140	320	0	80	0	20	0	80	0	0	0	0	20	720	0
0	0	30	0	0	100	0	50	0	0	0	0	100	0	0	30	970	0	0	200	0	0	100	100	0	0	0	0	80	0	0	0	0	50	100	0	699	0	140	100	0	300	880	0	0	0	0	90	0	970	30	0	60	0	0	20	0	100	0	20	120	300	0	60	0	0	0	60	0	0	0	0	0	700	0
0	0	0	0	0	0	0	0	0	0	0	0	0	0	0	0	270	0	0	0	0	0	0	0	0	0	0	0	0	0	0	0	0	0	0	0	0	0	0	0	0	0	180	0	0	0	0	0	0	270	0	0	0	0	0	0	0	0	0	0	0	0	0	0	0	0	0	0	0	0	0	0	0	0	0
0	50	100	0	0	170	0	120	0	70	0	70	170	0	65	100	1040	70	10	270	70	70	170	170	70	70	70	60	150	20	0	20	0	120	170	70	769	50	210	170	20	370	950	70	70	0	0	160	0	1040	100	0	130	0	0	90	20	170	20	90	190	370	40	130	10	70	50	130	0	0	0	50	70	770	0

0	0	0	5	0	0	0	0	0	0	0	0	0	0	0	0	0	0	0	0	0	0	0	0	0	0	0	0	0	0	0	0	0	0	0	0	0	0	0	0	0	0	0	0	0	0	0	0	0	0	0	0	0	0	0	0	0	0	0	0	0	0	0	0	0	0	0	0	0	0	0	0	0	0	0
100	0	0	105	60	0	70	0	50	0	80	0	0	50	0	0	0	0	40	0	0	0	0	0	0	0	0	0	0	30	80	30	80	0	0	0	0	0	0	0	30	0	0	0	0	80	80	0	70	0	0	70	0	80	60	0	30	0	30	0	0	0	10	0	40	0	0	0	90	60	60	0	0	0	50
150	50	0	155	110	0	120	0	100	30	130	30	0	100	35	0	0	30	90	0	30	30	0	0	30	30	30	40	0	80	130	80	130	0	0	30	0	50	0	0	80	0	0	30	30	130	130	0	120	0	0	120	0	130	110	10	80	0	80	10	0	0	60	0	90	30	50	0	140	110	110	50	30	0	100
0	0	0	0	0	0	0	0	0	0	0	0	0	0	0	0	0	0	0	0	0	0	0	0	0	0	0	0	0	0	0	0	0	0	0	0	0	0	0	0	0	0	0	0	0	0	0	0	0	0	0	0	0	0	0	0	0	0	0	0	0	0	0	0	0	0	0	0	0	0	0	0	0	0	0
40	0	0	45	0	0	10	0	0	0	20	0	0	0	0	0	0	0	0	0	0	0	0	0	0	0	0	0	0	0	20	0	20	0	0	0	0	0	0	0	0	0	0	0	0	20	20	0	10	0	0	10	0	20	0	0	0	0	0	0	0	0	0	0	0	0	0	0	30	0	0	0	0	0	0
220	120	70	225	180	0	190	50	170	100	200	100	0	170	105	70	0	100	160	0	100	100	0	0	100	100	100	110	20	150	200	150	200	50	0	100	0	120	0	0	150	0	0	100	100	200	200	10	190	0	70	190	40	200	180	80	150	0	150	80	0	0	130	40	160	100	120	40	210	180	180	120	100	0	170
30	0	0	35	0	0	0	0	0	0	10	0	0	0	0	0	0	0	0	0	0	0	0	0	0	0	0	0	0	0	10	0	10	0	0	0	0	0	0	0	0	0	0	0	0	10	10	0	0	0	0	0	0	10	0	0	0	0	0	0	0	0	0	0	0	0	0	0	20	0	0	0	0	0	0
170	70	20	175	130	0	140	0	120	50	150	50	0	120	55	20	0	50	110	0	50	50	0	0	50	50	50	60	0	100	150	100	150	0	0	50	0	70	0	0	100	0	0	50	50	150	150	0	140	0	20	140	0	150	130	30	100	0	100	30	0	0	80	0	110	50	70	0	160	130	130	70	50	0	120
50	0	0	55	10	0	20	0	0	0	30	0	0	0	0	0	0	0	0	0	0	0	0	0	0	0	0	0	0	0	30	0	30	0	0	0	0	0	0	0	0	0	0	0	0	30	30	0	20	0	0	20	0	30	10	0	0	0	0	0	0	0	0	0	0	0	0	0	40	10	10	0	0	0	0
120	20	0	125	80	0	90	0	70	0	100	0	0	70	5	0	0	0	60	0	0	0	0	0	0	0	0	10	0	50	100	50	100	0	0	0	0	20	0	0	50	0	0	0	0	100	100	0	90	0	0	90	0	100	80	0	50	0	50	0	0	0	30	0	60	0	20	0	110	80	80	20	0	0	70
20	0	0	25	0	0	0	0	0	0	0	0	0	0	0	0	0	0	0	0	0	0	0	0	0	0	0	0	0	0	0	0	0	0	0	0	0	0	0	0	0	0	0	0	0	0	0	0	0	0	0	0	0	0	0	0	0	0	0	0	0	0	0	0	0	0	0	0	10	0	0	0	0	0	0
120	20	0	125	80	0	90	0	70	0	100	0	0	70	5	0	0	0	60	0	0	0	0	0	0	0	0	10	0	50	100	50	100	0	0	0	0	20	0	0	50	0	0	0	0	100	100	0	90	0	0	90	0	100	80	0	50	0	50	0	0	0	30	0	60	0	20	0	110	80	80	20	0	0	70
220	120	70	225	180	0	190	50	170	100	200	100	0	170	105	70	0	100	160	0	100	100	0	0	100	100	100	110	20	150	200	150	200	50	0	100	0	120	0	0	150	0	0	100	100	200	200	10	190	0	70	190	40	200	180	80	150	0	150	80	0	0	130	40	160	100	120	40	210	180	180	120	100	0	170
50	0	0	55	10	0	20	0	0	0	30	0	0	0	0	0	0	0	0	0	0	0	0	0	0	0	0	0	0	0	30	0	30	0	0	0	0	0	0	0	0	0	0	0	0	30	30	0	20	0	0	20	0	30	10	0	0	0	0	0	0	0	0	0	0	0	0	0	40	10	10	0	0	0	0
115	15	0	120	75	0	85	0	65	0	95	0	0	65	0	0	0	0	55	0	0	0	0	0	0	0	0	5	0	45	95	45	95	0	0	0	0	15	0	0	45	0	0	0	0	95	95	0	85	0	0	85	0	95	75	0	45	0	45	0	0	0	25	0	55	0	15	0	105	75	75	15	0	0	65
150	50	0	155	110	0	120	0	100	30	130	30	0	100	35	0	0	30	90	0	30	30	0	0	30	30	30	40	0	80	130	80	130	0	0	30	0	50	0	0	80	0	0	30	30	130	130	0	120	0	0	120	0	130	110	10	80	0	80	10	0	0	60	0	90	30	50	0	140	110	110	50	30	0	100
1090	990	940	1095	1050	870	1060	920	1040	970	1070	970	870	1040	975	940	0	970	1030	770	970	970	870	870	970	970	970	980	890	1020	1070	1020	1070	920	870	970	271	990	830	870	1020	670	90	970	970	1070	1070	880	1060	0	940	1060	910	1070	1050	950	1020	870	1020	950	850	670	1000	910	1030	970	990	910	1080	1050	1050	990	970	270	1040
120	20	0	125	80	0	90	0	70	0	100	0	0	70	5	0	0	0	60	0	0	0	0	0	0	0	0	10	0	50	100	50	100	0	0	0	0	20	0	0	50	0	0	0	0	100	100	0	90	0	0	90	0	100	80	0	50	0	50	0	0	0	30	0	60	0	20	0	110	80	80	20	0	0	70
60	0	0	65	20	0	30	0	10	0	40	0	0	10	0	0	0	0	0	0	0	0	0	0	0	0	0	0	0	0	40	0	40	0	0	0	0	0	0	0	0	0	0	0	0	40	40	0	30	0	0	30	0	40	20	0	0	0	0	0	0	0	0	0	0	0	0	0	50	20	20	0	0	0	10
320	220	170	325	280	100	290	150	270	200	300	200	100	270	205	170	0	200	260	0	200	200	100	100	200	200	200	210	120	250	300	250	300	150	100	200	0	220	60	100	250	0	0	200	200	300	300	110	290	0	170	290	140	300	280	180	250	100	250	180	80	0	230	140	260	200	220	140	310	280	280	220	200	0	270
120	20	0	125	80	0	90	0	70	0	100	0	0	70	5	0	0	0	60	0	0	0	0	0	0	0	0	10	0	50	100	50	100	0	0	0	0	20	0	0	50	0	0	0	0	100	100	0	90	0	0	90	0	100	80	0	50	0	50	0	0	0	30	0	60	0	20	0	110	80	80	20	0	0	70
120	20	0	125	80	0	90	0	70	0	100	0	0	70	5	0	0	0	60	0	0	0	0	0	0	0	0	10	0	50	100	50	100	0	0	0	0	20	0	0	50	0	0	0	0	100	100	0	90	0	0	90	0	100	80	0	50	0	50	0	0	0	30	0	60	0	20	0	110	80	80	20	0	0	70
220	120	70	225	180	0	190	50	170	100	200	100	0	170	105	70	0	100	160	0	100	100	0	0	100	100	100	110	20	150	200	150	200	50	0	100	0	120	0	0	150	0	0	100	100	200	200	10	190	0	70	190	40	200	180	80	150	0	150	80	0	0	130	40	160	100	120	40	210	180	180	120	100	0	170
220	120	70	225	180	0	190	50	170	100	200	100	0	170	105	70	0	100	160	0	100	100	0	0	100	100	100	110	20	150	200	150	200	50	0	100	0	120	0	0	150	0	0	100	100	200	200	10	190	0	70	190	40	200	180	80	150	0	150	80	0	0	130	40	160	100	120	40	210	180	180	120	100	0	170
120	20	0	125	80	0	90	0	70	0	100	0	0	70	5	0	0	0	60	0	0	0	0	0	0	0	0	10	0	50	100	50	100	0	0	0	0	20	0	0	50	0	0	0	0	100	100	0	90	0	0	90	0	100	80	0	50	0	50	0	0	0	30	0	60	0	20	0	110	80	80	20	0	0	70
120	20	0	125	80	0	90	0	70	0	100	0	0	70	5	0	0	0	60	0	0	0	0	0	0	0	0	10	0	50	100	50	100	0	0	0	0	20	0	0	50	0	0	0	0	100	100	0	90	0	0	90	0	100	80	0	50	0	50	0	0	0	30	0	60	0	20	0	110	80	80	20	0	0	70
120	20	0	125	80	0	90	0	70	0	100	0	0	70	5	0	0	0	60	0	0	0	0	0	0	0	0	10	0	50	100	50	100	0	0	0	0	20	0	0	50	0	0	0	0	100	100	0	90	0	0	90	0	100	80	0	50	0	50	0	0	0	30	0	60	0	20	0	110	80	80	20	0	0	70
110	10	0	115	70	0	80	0	60	0	90	0	0	60	0	0	0	0	50	0	0	0	0	0	0	0	0	0	0	40	90	40	90	0	0	0	0	10	0	0	40	0	0	0	0	90	90	0	80	0	0	80	0	90	70	0	40	0	40	0	0	0	20	0	50	0	10	0	100	70	70	10	0	0	60
200	100	50	205	160	0	170	30	150	80	180	80	0	150	85	50	0	80	140	0	80	80	0	0	80	80	80	90	0	130	180	130	180	30	0	80	0	100	0	0	130	0	0	80	80	180	180	0	170	0	50	170	20	180	160	60	130	0	130	60	0	0	110	20	140	80	100	20	190	160	160	100	80	0	150
70	0	0	75	30	0	40	0	20	0	50	0	0	20	0	0	0	0	10	0	0	0	0	0	0	0	0	0	0	0	50	0	50	0	0	0	0	0	0	0	0	0	0	0	0	50	50	0	40	0	0	40	0	50	30	0	0	0	0	0	0	0	0	0	10	0	0	0	60	30	30	0	0	0	20
20	0	0	25	0	0	0	0	0	0	0	0	0	0	0	0	0	0	0	0	0	0	0	0	0	0	0	0	0	0	0	0	0	0	0	0	0	0	0	0	0	0	0	0	0	0	0	0	0	0	0	0	0	0	0	0	0	0	0	0	0	0	0	0	0	0	0	0	10	0	0	0	0	0	0
70	0	0	75	30	0	40	0	20	0	50	0	0	20	0	0	0	0	10	0	0	0	0	0	0	0	0	0	0	0	50	0	50	0	0	0	0	0	0	0	0	0	0	0	0	50	50	0	40	0	0	40	0	50	30	0	0	0	0	0	0	0	0	0	10	0	0	0	60	30	30	0	0	0	20
20	0	0	25	0	0	0	0	0	0	0	0	0	0	0	0	0	0	0	0	0	0	0	0	0	0	0	0	0	0	0	0	0	0	0	0	0	0	0	0	0	0	0	0	0	0	0	0	0	0	0	0	0	0	0	0	0	0	0	0	0	0	0	0	0	0	0	0	10	0	0	0	0	0	0
170	70	20	175	130	0	140	0	120	50	150	50	0	120	55	20	0	50	110	0	50	50	0	0	50	50	50	60	0	100	150	100	150	0	0	50	0	70	0	0	100	0	0	50	50	150	150	0	140	0	20	140	0	150	130	30	100	0	100	30	0	0	80	0	110	50	70	0	160	130	130	70	50	0	120
220	120	70	225	180	0	190	50	170	100	200	100	0	170	105	70	0	100	160	0	100	100	0	0	100	100	100	110	20	150	200	150	200	50	0	100	0	120	0	0	150	0	0	100	100	200	200	10	190	0	70	190	40	200	180	80	150	0	150	80	0	0	130	40	160	100	120	40	210	180	180	120	100	0	170
120	20	0	125	80	0	90	0	70	0	100	0	0	70	5	0	0	0	60	0	0	0	0	0	0	0	0	10	0	50	100	50	100	0	0	0	0	20	0	0	50	0	0	0	0	100	100	0	90	0	0	90	0	100	80	0	50	0	50	0	0	0	30	0	60	0	20	0	110	80	80	20	0	0	70
819	719	669	824	779	599	789	649	769	699	799	699	599	769	704	669	0	699	759	499	699	699	599	599	699	699	699	709	619	749	799	749	799	649	599	699	0	719	559	599	749	399	0	699	699	799	799	609	789	0	669	789	639	799	779	679	749	599	749	679	579	399	729	639	759	699	719	639	809	779	779	719	699	0	769
100	0	0	105	60	0	70	0	50	0	80	0	0	50	0	0	0	0	40	0	0	0	0	0	0	0	0	0	0	30	80	30	80	0	0	0	0	0	0	0	30	0	0	0	0	80	80	0	70	0	0	70	0	80	60	0	30	0	30	0	0	0	10	0	40	0	0	0	90	60	60	0	0	0	50
260	160	110	265	220	40	230	90	210	140	240	140	40	210	145	110	0	140	200	0	140	140	40	40	140	140	140	150	60	190	240	190	240	90	40	140	0	160	0	40	190	0	0	140	140	240	240	50	230	0	110	230	80	240	220	120	190	40	190	120	20	0	170	80	200	140	160	80	250	220	220	160	140	0	210
220	120	70	225	180	0	190	50	170	100	200	100	0	170	105	70	0	100	160	0	100	100	0	0	100	100	100	110	20	150	200	150	200	50	0	100	0	120	0	0	150	0	0	100	100	200	200	10	190	0	70	190	40	200	180	80	150	0	150	80	0	0	130	40	160	100	120	40	210	180	180	120	100	0	170
70	0	0	75	30	0	40	0	20	0	50	0	0	20	0	0	0	0	10	0	0	0	0	0	0	0	0	0	0	0	50	0	50	0	0	0	0	0	0	0	0	0	0	0	0	50	50	0	40	0	0	40	0	50	30	0	0	0	0	0	0	0	0	0	10	0	0	0	60	30	30	0	0	0	20
420	320	270	425	380	200	390	250	370	300	400	300	200	370	305	270	0	300	360	100	300	300	200	200	300	300	300	310	220	350	400	350	400	250	200	300	0	320	160	200	350	0	0	300	300	400	400	210	390	0	270	390	240	400	380	280	350	200	350	280	180	0	330	240	360	300	320	240	410	380	380	320	300	0	370
1000	900	850	1005	960	780	970	830	950	880	980	880	780	950	885	850	0	880	940	680	880	880	780	780	880	880	880	890	800	930	980	930	980	830	780	880	181	900	740	780	930	580	0	880	880	980	980	790	970	0	850	970	820	980	960	860	930	780	930	860	760	580	910	820	940	880	900	820	990	960	960	900	880	180	950
120	20	0	125	80	0	90	0	70	0	100	0	0	70	5	0	0	0	60	0	0	0	0	0	0	0	0	10	0	50	100	50	100	0	0	0	0	20	0	0	50	0	0	0	0	100	100	0	90	0	0	90	0	100	80	0	50	0	50	0	0	0	30	0	60	0	20	0	110	80	80	20	0	0	70
120	20	0	125	80	0	90	0	70	0	100	0	0	70	5	0	0	0	60	0	0	0	0	0	0	0	0	10	0	50	100	50	100	0	0	0	0	20	0	0	50	0	0	0	0	100	100	0	90	0	0	90	0	100	80	0	50	0	50	0	0	0	30	0	60	0	20	0	110	80	80	20	0	0	70
20	0	0	25	0	0	0	0	0	0	0	0	0	0	0	0	0	0	0	0	0	0	0	0	0	0	0	0	0	0	0	0	0	0	0	0	0	0	0	0	0	0	0	0	0	0	0	0	0	0	0	0	0	0	0	0	0	0	0	0	0	0	0	0	0	0	0	0	10	0	0	0	0	0	0
20	0	0	25	0	0	0	0	0	0	0	0	0	0	0	0	0	0	0	0	0	0	0	0	0	0	0	0	0	0	0	0	0	0	0	0	0	0	0	0	0	0	0	0	0	0	0	0	0	0	0	0	0	0	0	0	0	0	0	0	0	0	0	0	0	0	0	0	10	0	0	0	0	0	0
210	110	60	215	170	0	180	40	160	90	190	90	0	160	95	60	0	90	150	0	90	90	0	0	90	90	90	100	10	140	190	140	190	40	0	90	0	110	0	0	140	0	0	90	90	190	190	0	180	0	60	180	30	190	170	70	140	0	140	70	0	0	120	30	150	90	110	30	200	170	170	110	90	0	160
30	0	0	35	0	0	0	0	0	0	10	0	0	0	0	0	0	0	0	0	0	0	0	0	0	0	0	0	0	0	10	0	10	0	0	0	0	0	0	0	0	0	0	0	0	10	10	0	0	0	0	0	0	10	0	0	0	0	0	0	0	0	0	0	0	0	0	0	20	0	0	0	0	0	0
1090	990	940	1095	1050	870	1060	920	1040	970	1070	970	870	1040	975	940	0	970	1030	770	970	970	870	870	970	970	970	980	890	1020	1070	1020	1070	920	870	970	271	990	830	870	1020	670	90	970	970	1070	1070	880	1060	0	940	1060	910	1070	1050	950	1020	870	1020	950	850	670	1000	910	1030	970	990	910	1080	1050	1050	990	970	270	1040
150	50	0	155	110	0	120	0	100	30	130	30	0	100	35	0	0	30	90	0	30	30	0	0	30	30	30	40	0	80	130	80	130	0	0	30	0	50	0	0	80	0	0	30	30	130	130	0	120	0	0	120	0	130	110	10	80	0	80	10	0	0	60	0	90	30	50	0	140	110	110	50	30	0	100
30	0	0	35	0	0	0	0	0	0	10	0	0	0	0	0	0	0	0	0	0	0	0	0	0	0	0	0	0	0	10	0	10	0	0	0	0	0	0	0	0	0	0	0	0	10	10	0	0	0	0	0	0	10	0	0	0	0	0	0	0	0	0	0	0	0	0	0	20	0	0	0	0	0	0
180	80	30	185	140	0	150	10	130	60	160	60	0	130	65	30	0	60	120	0	60	60	0	0	60	60	60	70	0	110	160	110	160	10	0	60	0	80	0	0	110	0	0	60	60	160	160	0	150	0	30	150	0	160	140	40	110	0	110	40	0	0	90	0	120	60	80	0	170	140	140	80	60	0	130
20	0	0	25	0	0	0	0	0	0	0	0	0	0	0	0	0	0	0	0	0	0	0	0	0	0	0	0	0	0	0	0	0	0	0	0	0	0	0	0	0	0	0	0	0	0	0	0	0	0	0	0	0	0	0	0	0	0	0	0	0	0	0	0	0	0	0	0	10	0	0	0	0	0	0
40	0	0	45	0	0	10	0	0	0	20	0	0	0	0	0	0	0	0	0	0	0	0	0	0	0	0	0	0	0	20	0	20	0	0	0	0	0	0	0	0	0	0	0	0	20	20	0	10	0	0	10	0	20	0	0	0	0	0	0	0	0	0	0	0	0	0	0	30	0	0	0	0	0	0
140	40	0	145	100	0	110	0	90	20	120	20	0	90	25	0	0	20	80	0	20	20	0	0	20	20	20	30	0	70	120	70	120	0	0	20	0	40	0	0	70	0	0	20	20	120	120	0	110	0	0	110	0	120	100	0	70	0	70	0	0	0	50	0	80	20	40	0	130	100	100	40	20	0	90
70	0	0	75	30	0	40	0	20	0	50	0	0	20	0	0	0	0	10	0	0	0	0	0	0	0	0	0	0	0	50	0	50	0	0	0	0	0	0	0	0	0	0	0	0	50	50	0	40	0	0	40	0	50	30	0	0	0	0	0	0	0	0	0	10	0	0	0	60	30	30	0	0	0	20
220	120	70	225	180	0	190	50	170	100	200	100	0	170	105	70	0	100	160	0	100	100	0	0	100	100	100	110	20	150	200	150	200	50	0	100	0	120	0	0	150	0	0	100	100	200	200	10	190	0	70	190	40	200	180	80	150	0	150	80	0	0	130	40	160	100	120	40	210	180	180	120	100	0	170
70	0	0	75	30	0	40	0	20	0	50	0	0	20	0	0	0	0	10	0	0	0	0	0	0	0	0	0	0	0	50	0	50	0	0	0	0	0	0	0	0	0	0	0	0	50	50	0	40	0	0	40	0	50	30	0	0	0	0	0	0	0	0	0	10	0	0	0	60	30	30	0	0	0	20
140	40	0	145	100	0	110	0	90	20	120	20	0	90	25	0	0	20	80	0	20	20	0	0	20	20	20	30	0	70	120	70	120	0	0	20	0	40	0	0	70	0	0	20	20	120	120	0	110	0	0	110	0	120	100	0	70	0	70	0	0	0	50	0	80	20	40	0	130	100	100	40	20	0	90
240	140	90	245	200	20	210	70	190	120	220	120	20	190	125	90	0	120	180	0	120	120	20	20	120	120	120	130	40	170	220	170	220	70	20	120	0	140	0	20	170	0	0	120	120	220	220	30	210	0	90	210	60	220	200	100	170	20	170	100	0	0	150	60	180	120	140	60	230	200	200	140	120	0	190
420	320	270	425	380	200	390	250	370	300	400	300	200	370	305	270	0	300	360	100	300	300	200	200	300	300	300	310	220	350	400	350	400	250	200	300	0	320	160	200	350	0	0	300	300	400	400	210	390	0	270	390	240	400	380	280	350	200	350	280	180	0	330	240	360	300	320	240	410	380	380	320	300	0	370
90	0	0	95	50	0	60	0	40	0	70	0	0	40	0	0	0	0	30	0	0	0	0	0	0	0	0	0	0	20	70	20	70	0	0	0	0	0	0	0	20	0	0	0	0	70	70	0	60	0	0	60	0	70	50	0	20	0	20	0	0	0	0	0	30	0	0	0	80	50	50	0	0	0	40
180	80	30	185	140	0	150	10	130	60	160	60	0	130	65	30	0	60	120	0	60	60	0	0	60	60	60	70	0	110	160	110	160	10	0	60	0	80	0	0	110	0	0	60	60	160	160	0	150	0	30	150	0	160	140	40	110	0	110	40	0	0	90	0	120	60	80	0	170	140	140	80	60	0	130
60	0	0	65	20	0	30	0	10	0	40	0	0	10	0	0	0	0	0	0	0	0	0	0	0	0	0	0	0	0	40	0	40	0	0	0	0	0	0	0	0	0	0	0	0	40	40	0	30	0	0	30	0	40	20	0	0	0	0	0	0	0	0	0	0	0	0	0	50	20	20	0	0	0	10
120	20	0	125	80	0	90	0	70	0	100	0	0	70	5	0	0	0	60	0	0	0	0	0	0	0	0	10	0	50	100	50	100	0	0	0	0	20	0	0	50	0	0	0	0	100	100	0	90	0	0	90	0	100	80	0	50	0	50	0	0	0	30	0	60	0	20	0	110	80	80	20	0	0	70
100	0	0	105	60	0	70	0	50	0	80	0	0	50	0	0	0	0	40	0	0	0	0	0	0	0	0	0	0	30	80	30	80	0	0	0	0	0	0	0	30	0	0	0	0	80	80	0	70	0	0	70	0	80	60	0	30	0	30	0	0	0	10	0	40	0	0	0	90	60	60	0	0	0	50
180	80	30	185	140	0	150	10	130	60	160	60	0	130	65	30	0	60	120	0	60	60	0	0	60	60	60	70	0	110	160	110	160	10	0	60	0	80	0	0	110	0	0	60	60	160	160	0	150	0	30	150	0	160	140	40	110	0	110	40	0	0	90	0	120	60	80	0	170	140	140	80	60	0	130
10	0	0	15	0	0	0	0	0	0	0	0	0	0	0	0	0	0	0	0	0	0	0	0	0	0	0	0	0	0	0	0	0	0	0	0	0	0	0	0	0	0	0	0	0	0	0	0	0	0	0	0	0	0	0	0	0	0	0	0	0	0	0	0	0	0	0	0	0	0	0	0	0	0	0
40	0	0	45	0	0	10	0	0	0	20	0	0	0	0	0	0	0	0	0	0	0	0	0	0	0	0	0	0	0	20	0	20	0	0	0	0	0	0	0	0	0	0	0	0	20	20	0	10	0	0	10	0	20	0	0	0	0	0	0	0	0	0	0	0	0	0	0	30	0	0	0	0	0	0
40	0	0	45	0	0	10	0	0	0	20	0	0	0	0	0	0	0	0	0	0	0	0	0	0	0	0	0	0	0	20	0	20	0	0	0	0	0	0	0	0	0	0	0	0	20	20	0	10	0	0	10	0	20	0	0	0	0	0	0	0	0	0	0	0	0	0	0	30	0	0	0	0	0	0
100	0	0	105	60	0	70	0	50	0	80	0	0	50	0	0	0	0	40	0	0	0	0	0	0	0	0	0	0	30	80	30	80	0	0	0	0	0	0	0	30	0	0	0	0	80	80	0	70	0	0	70	0	80	60	0	30	0	30	0	0	0	10	0	40	0	0	0	90	60	60	0	0	0	50
120	20	0	125	80	0	90	0	70	0	100	0	0	70	5	0	0	0	60	0	0	0	0	0	0	0	0	10	0	50	100	50	100	0	0	0	0	20	0	0	50	0	0	0	0	100	100	0	90	0	0	90	0	100	80	0	50	0	50	0	0	0	30	0	60	0	20	0	110	80	80	20	0	0	70
820	720	670	825	780	600	790	650	770	700	800	700	600	770	705	670	0	700	760	500	700	700	600	600	700	700	700	710	620	750	800	750	800	650	600	700	1	720	560	600	750	400	0	700	700	800	800	610	790	0	670	790	640	800	780	680	750	600	750	680	580	400	730	640	760	700	720	640	810	780	780	720	700	0	770
50	0	0	55	10	0	20	0	0	0	30	0	0	0	0	0	0	0	0	0	0	0	0	0	0	0	0	0	0	0	30	0	30	0	0	0	0	0	0	0	0	0	0	0	0	30	30	0	20	0	0	20	0	30	10	0	0	0	0	0	0	0	0	0	0	0	0	0	40	10	10	0	0	0	0