1795 1796 1789 1771 1831 1766 1762 1578 1834 1825 1836 1696 1841 1843 1271 1813 1833 1785 1803 1694 1782 1837 1767 1819 1810 1824 1823 1766 1766 1836 1742 1820 1791 1831 1800 1801 1824 1446 1843 1812 1838 1813 1737 1677 1527 1823 1769 1836 1828 1832 1821 1844 1793 1777 1735 1778 1783 1793 1785 1753 1644 1805 1826 1834 1654 1832 1811 1765 1829 1571 1749 1806 1536 1816 1825

85

61 61 62 64 57 64 64 83 57 58 57 71 56 56 115 59 57 62 60 71 62 57 64 59 60 58 58 64 64 57 66 58 61 57 60 60 58 97 56 59 57 59 67 73 89 58 64 57 58 57 58 56 61 63 67 63 62 61 62 65 77 60 58 57 75 57 59 64 58 84 66 60 88 59 58

14 42 31 13

33468

0	13	77	607	179	207	610	327	347	283	357	0	331	322	307	297	342	571	32	0	11	331	0	396	69	167	217	607	592	292	522	101	507	324	515	7	367	516	331	27	324	315	0	0	531	144	0	322	257	177	331	324	0	402	0	573	545	0	322	0	95	7	324	323	0	331	57	557	357	27	607	27	0	388	187
0	0	64	594	166	194	597	314	334	270	344	0	318	309	294	284	329	558	19	0	0	318	0	383	56	154	204	594	579	279	509	88	494	311	502	0	354	503	318	14	311	302	0	0	518	131	0	309	244	164	318	311	0	389	0	560	532	0	309	0	82	0	311	310	0	318	44	544	344	14	594	14	0	375	174
0	0	0	530	102	130	533	250	270	206	280	0	254	245	230	220	265	494	0	0	0	254	0	319	0	90	140	530	515	215	445	24	430	247	438	0	290	439	254	0	247	238	0	0	454	67	0	245	180	100	254	247	0	325	0	496	468	0	245	0	18	0	247	246	0	254	0	480	280	0	530	0	0	311	110
0	0	0	0	0	0	3	0	0	0	0	0	0	0	0	0	0	0	0	0	0	0	0	0	0	0	0	0	0	0	0	0	0	0	0	0	0	0	0	0	0	0	0	0	0	0	0	0	0	0	0	0	0	0	0	0	0	0	0	0	0	0	0	0	0	0	0	0	0	0	0	0	0	0	0
0	0	0	428	0	28	431	148	168	104	178	0	152	143	128	118	163	392	0	0	0	152	0	217	0	0	38	428	413	113	343	0	328	145	336	0	188	337	152	0	145	136	0	0	352	0	0	143	78	0	152	145	0	223	0	394	366	0	143	0	0	0	145	144	0	152	0	378	178	0	428	0	0	209	8
0	0	0	400	0	0	403	120	140	76	150	0	124	115	100	90	135	364	0	0	0	124	0	189	0	0	10	400	385	85	315	0	300	117	308	0	160	309	124	0	117	108	0	0	324	0	0	115	50	0	124	117	0	195	0	366	338	0	115	0	0	0	117	116	0	124	0	350	150	0	400	0	0	181	0
0	0	0	0	0	0	0	0	0	0	0	0	0	0	0	0	0	0	0	0	0	0	0	0	0	0	0	0	0	0	0	0	0	0	0	0	0	0	0	0	0	0	0	0	0	0	0	0	0	0	0	0	0	0	0	0	0	0	0	0	0	0	0	0	0	0	0	0	0	0	0	0	0	0	0
0	0	0	280	0	0	283	0	20	0	30	0	4	0	0	0	15	244	0	0	0	4	0	69	0	0	0	280	265	0	195	0	180	0	188	0	40	189	4	0	0	0	0	0	204	0	0	0	0	0	4	0	0	75	0	246	218	0	0	0	0	0	0	0	0	4	0	230	30	0	280	0	0	61	0
0	0	0	260	0	0	263	0	0	0	10	0	0	0	0	0	0	224	0	0	0	0	0	49	0	0	0	260	245	0	175	0	160	0	168	0	20	169	0	0	0	0	0	0	184	0	0	0	0	0	0	0	0	55	0	226	198	0	0	0	0	0	0	0	0	0	0	210	10	0	260	0	0	41	0
0	0	0	324	0	0	327	44	64	0	74	0	48	39	24	14	59	288	0	0	0	48	0	113	0	0	0	324	309	9	239	0	224	41	232	0	84	233	48	0	41	32	0	0	248	0	0	39	0	0	48	41	0	119	0	290	262	0	39	0	0	0	41	40	0	48	0	274	74	0	324	0	0	105	0
0	0	0	250	0	0	253	0	0	0	0	0	0	0	0	0	0	214	0	0	0	0	0	39	0	0	0	250	235	0	165	0	150	0	158	0	10	159	0	0	0	0	0	0	174	0	0	0	0	0	0	0	0	45	0	216	188	0	0	0	0	0	0	0	0	0	0	200	0	0	250	0	0	31	0
279	292	356	886	458	486	889	606	626	562	636	0	610	601	586	576	621	850	311	0	290	610	176	675	348	446	496	886	871	571	801	380	786	603	794	286	646	795	610	306	603	594	64	252	810	423	172	601	536	456	610	603	236	681	54	852	824	251	601	122	374	286	603	602	80	610	336	836	636	306	886	306	252	667	466
0	0	0	276	0	0	279	0	16	0	26	0	0	0	0	0	11	240	0	0	0	0	0	65	0	0	0	276	261	0	191	0	176	0	184	0	36	185	0	0	0	0	0	0	200	0	0	0	0	0	0	0	0	71	0	242	214	0	0	0	0	0	0	0	0	0	0	226	26	0	276	0	0	57	0
0	0	0	285	0	0	288	5	25	0	35	0	9	0	0	0	20	249	0	0	0	9	0	74	0	0	0	285	270	0	200	0	185	2	193	0	45	194	9	0	2	0	0	0	209	0	0	0	0	0	9	2	0	80	0	251	223	0	0	0	0	0	2	1	0	9	0	235	35	0	285	0	0	66	0
0	0	0	300	0	0	303	20	40	0	50	0	24	15	0	0	35	264	0	0	0	24	0	89	0	0	0	300	285	0	215	0	200	17	208	0	60	209	24	0	17	8	0	0	224	0	0	15	0	0	24	17	0	95	0	266	238	0	15	0	0	0	17	16	0	24	0	250	50	0	300	0	0	81	0
0	0	0	310	0	0	313	30	50	0	60	0	34	25	10	0	45	274	0	0	0	34	0	99	0	0	0	310	295	0	225	0	210	27	218	0	70	219	34	0	27	18	0	0	234	0	0	25	0	0	34	27	0	105	0	276	248	0	25	0	0	0	27	26	0	34	0	260	60	0	310	0	0	91	0
0	0	0	265	0	0	268	0	5	0	15	0	0	0	0	0	0	229	0	0	0	0	0	54	0	0	0	265	250	0	180	0	165	0	173	0	25	174	0	0	0	0	0	0	189	0	0	0	0	0	0	0	0	60	0	231	203	0	0	0	0	0	0	0	0	0	0	215	15	0	265	0	0	46	0
0	0	0	36	0	0	39	0	0	0	0	0	0	0	0	0	0	0	0	0	0	0	0	0	0	0	0	36	21	0	0	0	0	0	0	0	0	0	0	0	0	0	0	0	0	0	0	0	0	0	0	0	0	0	0	2	0	0	0	0	0	0	0	0	0	0	0	0	0	0	36	0	0	0	0
0	0	45	575	147	175	578	295	315	251	325	0	299	290	275	265	310	539	0	0	0	299	0	364	37	135	185	575	560	260	490	69	475	292	483	0	335	484	299	0	292	283	0	0	499	112	0	290	225	145	299	292	0	370	0	541	513	0	290	0	63	0	292	291	0	299	25	525	325	0	575	0	0	356	155
283	296	360	890	462	490	893	610	630	566	640	4	614	605	590	580	625	854	315	0	294	614	180	679	352	450	500	890	875	575	805	384	790	607	798	290	650	799	614	310	607	598	68	256	814	427	176	605	540	460	614	607	240	685	58	856	828	255	605	126	378	290	607	606	84	614	340	840	640	310	890	310	256	671	470
0	2	66	596	168	196	599	316	336	272	346	0	320	311	296	286	331	560	21	0	0	320	0	385	58	156	206	596	581	281	511	90	496	313	504	0	356	505	320	16	313	304	0	0	520	133	0	311	246	166	320	313	0	391	0	562	534	0	311	0	84	0	313	312	0	320	46	546	346	16	596	16	0	377	176
0	0	0	276	0	0	279	0	16	0	26	0	0	0	0	0	11	240	0	0	0	0	0	65	0	0	0	276	261	0	191	0	176	0	184	0	36	185	0	0	0	0	0	0	200	0	0	0	0	0	0	0	0	71	0	242	214	0	0	0	0	0	0	0	0	0	0	226	26	0	276	0	0	57	0
103	116	180	710	282	310	713	430	450	386	460	0	434	425	410	400	445	674	135	0	114	434	0	499	172	270	320	710	695	395	625	204	610	427	618	110	470	619	434	130	427	418	0	76	634	247	0	425	360	280	434	427	60	505	0	676	648	75	425	0	198	110	427	426	0	434	160	660	460	130	710	130	76	491	290
0	0	0	211	0	0	214	0	0	0	0	0	0	0	0	0	0	175	0	0	0	0	0	0	0	0	0	211	196	0	126	0	111	0	119	0	0	120	0	0	0	0	0	0	135	0	0	0	0	0	0	0	0	6	0	177	149	0	0	0	0	0	0	0	0	0	0	161	0	0	211	0	0	0	0
0	0	8	538	110	138	541	258	278	214	288	0	262	253	238	228	273	502	0	0	0	262	0	327	0	98	148	538	523	223	453	32	438	255	446	0	298	447	262	0	255	246	0	0	462	75	0	253	188	108	262	255	0	333	0	504	476	0	253	0	26	0	255	254	0	262	0	488	288	0	538	0	0	319	118
0	0	0	440	12	40	443	160	180	116	190	0	164	155	140	130	175	404	0	0	0	164	0	229	0	0	50	440	425	125	355	0	340	157	348	0	200	349	164	0	157	148	0	0	364	0	0	155	90	10	164	157	0	235	0	406	378	0	155	0	0	0	157	156	0	164	0	390	190	0	440	0	0	221	20
0	0	0	390	0	0	393	110	130	66	140	0	114	105	90	80	125	354	0	0	0	114	0	179	0	0	0	390	375	75	305	0	290	107	298	0	150	299	114	0	107	98	0	0	314	0	0	105	40	0	114	107	0	185	0	356	328	0	105	0	0	0	107	106	0	114	0	340	140	0	390	0	0	171	0
0	0	0	0	0	0	3	0	0	0	0	0	0	0	0	0	0	0	0	0	0	0	0	0	0	0	0	0	0	0	0	0	0	0	0	0	0	0	0	0	0	0	0	0	0	0	0	0	0	0	0	0	0	0	0	0	0	0	0	0	0	0	0	0	0	0	0	0	0	0	0	0	0	0	0
0	0	0	15	0	0	18	0	0	0	0	0	0	0	0	0	0	0	0	0	0	0	0	0	0	0	0	15	0	0	0	0	0	0	0	0	0	0	0	0	0	0	0	0	0	0	0	0	0	0	0	0	0	0	0	0	0	0	0	0	0	0	0	0	0	0	0	0	0	0	15	0	0	0	0
0	0	0	315	0	0	318	35	55	0	65	0	39	30	15	5	50	279	0	0	0	39	0	104	0	0	0	315	300	0	230	0	215	32	223	0	75	224	39	0	32	23	0	0	239	0	0	30	0	0	39	32	0	110	0	281	253	0	30	0	0	0	32	31	0	39	0	265	65	0	315	0	0	96	0
0	0	0	85	0	0	88	0	0	0	0	0	0	0	0	0	0	49	0	0	0	0	0	0	0	0	0	85	70	0	0	0	0	0	0	0	0	0	0	0	0	0	0	0	9	0	0	0	0	0	0	0	0	0	0	51	23	0	0	0	0	0	0	0	0	0	0	35	0	0	85	0	0	0	0
0	0	0	506	78	106	509	226	246	182	256	0	230	221	206	196	241	470	0	0	0	230	0	295	0	66	116	506	491	191	421	0	406	223	414	0	266	415	230	0	223	214	0	0	430	43	0	221	156	76	230	223	0	301	0	472	444	0	221	0	0	0	223	222	0	230	0	456	256	0	506	0	0	287	86
0	0	0	100	0	0	103	0	0	0	0	0	0	0	0	0	0	64	0	0	0	0	0	0	0	0	0	100	85	0	15	0	0	0	8	0	0	9	0	0	0	0	0	0	24	0	0	0	0	0	0	0	0	0	0	66	38	0	0	0	0	0	0	0	0	0	0	50	0	0	100	0	0	0	0
0	0	0	283	0	0	286	3	23	0	33	0	7	0	0	0	18	247	0	0	0	7	0	72	0	0	0	283	268	0	198	0	183	0	191	0	43	192	7	0	0	0	0	0	207	0	0	0	0	0	7	0	0	78	0	249	221	0	0	0	0	0	0	0	0	7	0	233	33	0	283	0	0	64	0
0	0	0	92	0	0	95	0	0	0	0	0	0	0	0	0	0	56	0	0	0	0	0	0	0	0	0	92	77	0	7	0	0	0	0	0	0	1	0	0	0	0	0	0	16	0	0	0	0	0	0	0	0	0	0	58	30	0	0	0	0	0	0	0	0	0	0	42	0	0	92	0	0	0	0
0	6	70	600	172	200	603	320	340	276	350	0	324	315	300	290	335	564	25	0	4	324	0	389	62	160	210	600	585	285	515	94	500	317	508	0	360	509	324	20	317	308	0	0	524	137	0	315	250	170	324	317	0	395	0	566	538	0	315	0	88	0	317	316	0	324	50	550	350	20	600	20	0	381	180
0	0	0	240	0	0	243	0	0	0	0	0	0	0	0	0	0	204	0	0	0	0	0	29	0	0	0	240	225	0	155	0	140	0	148	0	0	149	0	0	0	0	0	0	164	0	0	0	0	0	0	0	0	35	0	206	178	0	0	0	0	0	0	0	0	0	0	190	0	0	240	0	0	21	0
0	0	0	91	0	0	94	0	0	0	0	0	0	0	0	0	0	55	0	0	0	0	0	0	0	0	0	91	76	0	6	0	0	0	0	0	0	0	0	0	0	0	0	0	15	0	0	0	0	0	0	0	0	0	0	57	29	0	0	0	0	0	0	0	0	0	0	41	0	0	91	0	0	0	0
0	0	0	276	0	0	279	0	16	0	26	0	0	0	0	0	11	240	0	0	0	0	0	65	0	0	0	276	261	0	191	0	176	0	184	0	36	185	0	0	0	0	0	0	200	0	0	0	0	0	0	0	0	71	0	242	214	0	0	0	0	0	0	0	0	0	0	226	26	0	276	0	0	57	0
0	0	50	580	152	180	583	300	320	256	330	0	304	295	280	270	315	544	5	0	0	304	0	369	42	140	190	580	565	265	495	74	480	297	488	0	340	489	304	0	297	288	0	0	504	117	0	295	230	150	304	297	0	375	0	546	518	0	295	0	68	0	297	296	0	304	30	530	330	0	580	0	0	361	160
0	0	0	283	0	0	286	3	23	0	33	0	7	0	0	0	18	247	0	0	0	7	0	72	0	0	0	283	268	0	198	0	183	0	191	0	43	192	7	0	0	0	0	0	207	0	0	0	0	0	7	0	0	78	0	249	221	0	0	0	0	0	0	0	0	7	0	233	33	0	283	0	0	64	0
0	0	0	292	0	0	295	12	32	0	42	0	16	7	0	0	27	256	0	0	0	16	0	81	0	0	0	292	277	0	207	0	192	9	200	0	52	201	16	0	9	0	0	0	216	0	0	7	0	0	16	9	0	87	0	258	230	0	7	0	0	0	9	8	0	16	0	242	42	0	292	0	0	73	0
215	228	292	822	394	422	825	542	562	498	572	0	546	537	522	512	557	786	247	0	226	546	112	611	284	382	432	822	807	507	737	316	722	539	730	222	582	731	546	242	539	530	0	188	746	359	108	537	472	392	546	539	172	617	0	788	760	187	537	58	310	222	539	538	16	546	272	772	572	242	822	242	188	603	402
27	40	104	634	206	234	637	354	374	310	384	0	358	349	334	324	369	598	59	0	38	358	0	423	96	194	244	634	619	319	549	128	534	351	542	34	394	543	358	54	351	342	0	0	558	171	0	349	284	204	358	351	0	429	0	600	572	0	349	0	122	34	351	350	0	358	84	584	384	54	634	54	0	415	214
0	0	0	76	0	0	79	0	0	0	0	0	0	0	0	0	0	40	0	0	0	0	0	0	0	0	0	76	61	0	0	0	0	0	0	0	0	0	0	0	0	0	0	0	0	0	0	0	0	0	0	0	0	0	0	42	14	0	0	0	0	0	0	0	0	0	0	26	0	0	76	0	0	0	0
0	0	0	463	35	63	466	183	203	139	213	0	187	178	163	153	198	427	0	0	0	187	0	252	0	23	73	463	448	148	378	0	363	180	371	0	223	372	187	0	180	171	0	0	387	0	0	178	113	33	187	180	0	258	0	429	401	0	178	0	0	0	180	179	0	187	0	413	213	0	463	0	0	244	43
107	120	184	714	286	314	717	434	454	390	464	0	438	429	414	404	449	678	139	0	118	438	4	503	176	274	324	714	699	399	629	208	614	431	622	114	474	623	438	134	431	422	0	80	638	251	0	429	364	284	438	431	64	509	0	680	652	79	429	0	202	114	431	430	0	438	164	664	464	134	714	134	80	495	294
0	0	0	285	0	0	288	5	25	0	35	0	9	0	0	0	20	249	0	0	0	9	0	74	0	0	0	285	270	0	200	0	185	2	193	0	45	194	9	0	2	0	0	0	209	0	0	0	0	0	9	2	0	80	0	251	223	0	0	0	0	0	2	1	0	9	0	235	35	0	285	0	0	66	0
0	0	0	350	0	0	353	70	90	26	100	0	74	65	50	40	85	314	0	0	0	74	0	139	0	0	0	350	335	35	265	0	250	67	258	0	110	259	74	0	67	58	0	0	274	0	0	65	0	0	74	67	0	145	0	316	288	0	65	0	0	0	67	66	0	74	0	300	100	0	350	0	0	131	0
0	0	0	430	2	30	433	150	170	106	180	0	154	145	130	120	165	394	0	0	0	154	0	219	0	0	40	430	415	115	345	0	330	147	338	0	190	339	154	0	147	138	0	0	354	0	0	145	80	0	154	147	0	225	0	396	368	0	145	0	0	0	147	146	0	154	0	380	180	0	430	0	0	211	10
0	0	0	276	0	0	279	0	16	0	26	0	0	0	0	0	11	240	0	0	0	0	0	65	0	0	0	276	261	0	191	0	176	0	184	0	36	185	0	0	0	0	0	0	200	0	0	0	0	0	0	0	0	71	0	242	214	0	0	0	0	0	0	0	0	0	0	226	26	0	276	0	0	57	0
0	0	0	283	0	0	286	3	23	0	33	0	7	0	0	0	18	247	0	0	0	7	0	72	0	0	0	283	268	0	198	0	183	0	191	0	43	192	7	0	0	0	0	0	207	0	0	0	0	0	7	0	0	78	0	249	221	0	0	0	0	0	0	0	0	7	0	233	33	0	283	0	0	64	0
43	56	120	650	222	250	653	370	390	326	400	0	374	365	350	340	385	614	75	0	54	374	0	439	112	210	260	650	635	335	565	144	550	367	558	50	410	559	374	70	367	358	0	16	574	187	0	365	300	220	374	367	0	445	0	616	588	15	365	0	138	50	367	366	0	374	100	600	400	70	650	70	16	431	230
0	0	0	205	0	0	208	0	0	0	0	0	0	0	0	0	0	169	0	0	0	0	0	0	0	0	0	205	190	0	120	0	105	0	113	0	0	114	0	0	0	0	0	0	129	0	0	0	0	0	0	0	0	0	0	171	143	0	0	0	0	0	0	0	0	0	0	155	0	0	205	0	0	0	0
225	238	302	832	404	432	835	552	572	508	582	0	556	547	532	522	567	796	257	0	236	556	122	621	294	392	442	832	817	517	747	326	732	549	740	232	592	741	556	252	549	540	10	198	756	369	118	547	482	402	556	549	182	627	0	798	770	197	547	68	320	232	549	548	26	556	282	782	582	252	832	252	198	613	412
0	0	0	34	0	0	37	0	0	0	0	0	0	0	0	0	0	0	0	0	0	0	0	0	0	0	0	34	19	0	0	0	0	0	0	0	0	0	0	0	0	0	0	0	0	0	0	0	0	0	0	0	0	0	0	0	0	0	0	0	0	0	0	0	0	0	0	0	0	0	34	0	0	0	0
0	0	0	62	0	0	65	0	0	0	0	0	0	0	0	0	0	26	0	0	0	0	0	0	0	0	0	62	47	0	0	0	0	0	0	0	0	0	0	0	0	0	0	0	0	0	0	0	0	0	0	0	0	0	0	28	0	0	0	0	0	0	0	0	0	0	0	12	0	0	62	0	0	0	0
28	41	105	635	207	235	638	355	375	311	385	0	359	350	335	325	370	599	60	0	39	359	0	424	97	195	245	635	620	320	550	129	535	352	543	35	395	544	359	55	352	343	0	1	559	172	0	350	285	205	359	352	0	430	0	601	573	0	350	0	123	35	352	351	0	359	85	585	385	55	635	55	1	416	215
0	0	0	285	0	0	288	5	25	0	35	0	9	0	0	0	20	249	0	0	0	9	0	74	0	0	0	285	270	0	200	0	185	2	193	0	45	194	9	0	2	0	0	0	209	0	0	0	0	0	9	2	0	80	0	251	223	0	0	0	0	0	2	1	0	9	0	235	35	0	285	0	0	66	0
157	170	234	764	336	364	767	484	504	440	514	0	488	479	464	454	499	728	189	0	168	488	54	553	226	324	374	764	749	449	679	258	664	481	672	164	524	673	488	184	481	472	0	130	688	301	50	479	414	334	488	481	114	559	0	730	702	129	479	0	252	164	481	480	0	488	214	714	514	184	764	184	130	545	344
0	0	0	512	84	112	515	232	252	188	262	0	236	227	212	202	247	476	0	0	0	236	0	301	0	72	122	512	497	197	427	6	412	229	420	0	272	421	236	0	229	220	0	0	436	49	0	227	162	82	236	229	0	307	0	478	450	0	227	0	0	0	229	228	0	236	0	462	262	0	512	0	0	293	92
0	6	70	600	172	200	603	320	340	276	350	0	324	315	300	290	335	564	25	0	4	324	0	389	62	160	210	600	585	285	515	94	500	317	508	0	360	509	324	20	317	308	0	0	524	137	0	315	250	170	324	317	0	395	0	566	538	0	315	0	88	0	317	316	0	324	50	550	350	20	600	20	0	381	180
0	0	0	283	0	0	286	3	23	0	33	0	7	0	0	0	18	247	0	0	0	7	0	72	0	0	0	283	268	0	198	0	183	0	191	0	43	192	7	0	0	0	0	0	207	0	0	0	0	0	7	0	0	78	0	249	221	0	0	0	0	0	0	0	0	7	0	233	33	0	283	0	0	64	0
0	0	0	284	0	0	287	4	24	0	34	0	8	0	0	0	19	248	0	0	0	8	0	73	0	0	0	284	269	0	199	0	184	1	192	0	44	193	8	0	1	0	0	0	208	0	0	0	0	0	8	1	0	79	0	250	222	0	0	0	0	0	1	0	0	8	0	234	34	0	284	0	0	65	0
199	212	276	806	378	406	809	526	546	482	556	0	530	521	506	496	541	770	231	0	210	530	96	595	268	366	416	806	791	491	721	300	706	523	714	206	566	715	530	226	523	514	0	172	730	343	92	521	456	376	530	523	156	601	0	772	744	171	521	42	294	206	523	522	0	530	256	756	556	226	806	226	172	587	386
0	0	0	276	0	0	279	0	16	0	26	0	0	0	0	0	11	240	0	0	0	0	0	65	0	0	0	276	261	0	191	0	176	0	184	0	36	185	0	0	0	0	0	0	200	0	0	0	0	0	0	0	0	71	0	242	214	0	0	0	0	0	0	0	0	0	0	226	26	0	276	0	0	57	0
0	0	20	550	122	150	553	270	290	226	300	0	274	265	250	240	285	514	0	0	0	274	0	339	12	110	160	550	535	235	465	44	450	267	458	0	310	459	274	0	267	258	0	0	474	87	0	265	200	120	274	267	0	345	0	516	488	0	265	0	38	0	267	266	0	274	0	500	300	0	550	0	0	331	130
0	0	0	50	0	0	53	0	0	0	0	0	0	0	0	0	0	14	0	0	0	0	0	0	0	0	0	50	35	0	0	0	0	0	0	0	0	0	0	0	0	0	0	0	0	0	0	0	0	0	0	0	0	0	0	16	0	0	0	0	0	0	0	0	0	0	0	0	0	0	50	0	0	0	0
0	0	0	250	0	0	253	0	0	0	0	0	0	0	0	0	0	214	0	0	0	0	0	39	0	0	0	250	235	0	165	0	150	0	158	0	10	159	0	0	0	0	0	0	174	0	0	0	0	0	0	0	0	45	0	216	188	0	0	0	0	0	0	0	0	0	0	200	0	0	250	0	0	31	0
0	0	50	580	152	180	583	300	320	256	330	0	304	295	280	270	315	544	5	0	0	304	0	369	42	140	190	580	565	265	495	74	480	297	488	0	340	489	304	0	297	288	0	0	504	117	0	295	230	150	304	297	0	375	0	546	518	0	295	0	68	0	297	296	0	304	30	530	330	0	580	0	0	361	160
0	0	0	0	0	0	3	0	0	0	0	0	0	0	0	0	0	0	0	0	0	0	0	0	0	0	0	0	0	0	0	0	0	0	0	0	0	0	0	0	0	0	0	0	0	0	0	0	0	0	0	0	0	0	0	0	0	0	0	0	0	0	0	0	0	0	0	0	0	0	0	0	0	0	0
0	0	50	580	152	180	583	300	320	256	330	0	304	295	280	270	315	544	5	0	0	304	0	369	42	140	190	580	565	265	495	74	480	297	488	0	340	489	304	0	297	288	0	0	504	117	0	295	230	150	304	297	0	375	0	546	518	0	295	0	68	0	297	296	0	304	30	530	330	0	580	0	0	361	160
27	40	104	634	206	234	637	354	374	310	384	0	358	349	334	324	369	598	59	0	38	358	0	423	96	194	244	634	619	319	549	128	534	351	542	34	394	543	358	54	351	342	0	0	558	171	0	349	284	204	358	351	0	429	0	600	572	0	349	0	122	34	351	350	0	358	84	584	384	54	634	54	0	415	214
0	0	0	219	0	0	222	0	0	0	0	0	0	0	0	0	0	183	0	0	0	0	0	8	0	0	0	219	204	0	134	0	119	0	127	0	0	128	0	0	0	0	0	0	143	0	0	0	0	0	0	0	0	14	0	185	157	0	0	0	0	0	0	0	0	0	0	169	0	0	219	0	0	0	0
0	0	0	420	0	20	423	140	160	96	170	0	144	135	120	110	155	384	0	0	0	144	0	209	0	0	30	420	405	105	335	0	320	137	328	0	180	329	144	0	137	128	0	0	344	0	0	135	70	0	144	137	0	215	0	386	358	0	135	0	0	0	137	136	0	144	0	370	170	0	420	0	0	201	0

0	0	0	0	0	0	0	0	0	0	0	279	0	0	0	0	0	0	0	283	0	0	103	0	0	0	0	0	0	0	0	0	0	0	0	0	0	0	0	0	0	0	215	27	0	0	107	0	0	0	0	0	43	0	225	0	0	28	0	157	0	0	0	0	199	0	0	0	0	0	0	0	27	0	0
13	0	0	0	0	0	0	0	0	0	0	292	0	0	0	0	0	0	0	296	2	0	116	0	0	0	0	0	0	0	0	0	0	0	0	6	0	0	0	0	0	0	228	40	0	0	120	0	0	0	0	0	56	0	238	0	0	41	0	170	0	6	0	0	212	0	0	0	0	0	0	0	40	0	0
77	64	0	0	0	0	0	0	0	0	0	356	0	0	0	0	0	0	45	360	66	0	180	0	8	0	0	0	0	0	0	0	0	0	0	70	0	0	0	50	0	0	292	104	0	0	184	0	0	0	0	0	120	0	302	0	0	105	0	234	0	70	0	0	276	0	20	0	0	50	0	50	104	0	0
607	594	530	0	428	400	0	280	260	324	250	886	276	285	300	310	265	36	575	890	596	276	710	211	538	440	390	0	15	315	85	506	100	283	92	600	240	91	276	580	283	292	822	634	76	463	714	285	350	430	276	283	650	205	832	34	62	635	285	764	512	600	283	284	806	276	550	50	250	580	0	580	634	219	420
179	166	102	0	0	0	0	0	0	0	0	458	0	0	0	0	0	0	147	462	168	0	282	0	110	12	0	0	0	0	0	78	0	0	0	172	0	0	0	152	0	0	394	206	0	35	286	0	0	2	0	0	222	0	404	0	0	207	0	336	84	172	0	0	378	0	122	0	0	152	0	152	206	0	0
207	194	130	0	28	0	0	0	0	0	0	486	0	0	0	0	0	0	175	490	196	0	310	0	138	40	0	0	0	0	0	106	0	0	0	200	0	0	0	180	0	0	422	234	0	63	314	0	0	30	0	0	250	0	432	0	0	235	0	364	112	200	0	0	406	0	150	0	0	180	0	180	234	0	20
610	597	533	3	431	403	0	283	263	327	253	889	279	288	303	313	268	39	578	893	599	279	713	214	541	443	393	3	18	318	88	509	103	286	95	603	243	94	279	583	286	295	825	637	79	466	717	288	353	433	279	286	653	208	835	37	65	638	288	767	515	603	286	287	809	279	553	53	253	583	3	583	637	222	423
327	314	250	0	148	120	0	0	0	44	0	606	0	5	20	30	0	0	295	610	316	0	430	0	258	160	110	0	0	35	0	226	0	3	0	320	0	0	0	300	3	12	542	354	0	183	434	5	70	150	0	3	370	0	552	0	0	355	5	484	232	320	3	4	526	0	270	0	0	300	0	300	354	0	140
347	334	270	0	168	140	0	20	0	64	0	626	16	25	40	50	5	0	315	630	336	16	450	0	278	180	130	0	0	55	0	246	0	23	0	340	0	0	16	320	23	32	562	374	0	203	454	25	90	170	16	23	390	0	572	0	0	375	25	504	252	340	23	24	546	16	290	0	0	320	0	320	374	0	160
283	270	206	0	104	76	0	0	0	0	0	562	0	0	0	0	0	0	251	566	272	0	386	0	214	116	66	0	0	0	0	182	0	0	0	276	0	0	0	256	0	0	498	310	0	139	390	0	26	106	0	0	326	0	508	0	0	311	0	440	188	276	0	0	482	0	226	0	0	256	0	256	310	0	96
357	344	280	0	178	150	0	30	10	74	0	636	26	35	50	60	15	0	325	640	346	26	460	0	288	190	140	0	0	65	0	256	0	33	0	350	0	0	26	330	33	42	572	384	0	213	464	35	100	180	26	33	400	0	582	0	0	385	35	514	262	350	33	34	556	26	300	0	0	330	0	330	384	0	170
0	0	0	0	0	0	0	0	0	0	0	0	0	0	0	0	0	0	0	4	0	0	0	0	0	0	0	0	0	0	0	0	0	0	0	0	0	0	0	0	0	0	0	0	0	0	0	0	0	0	0	0	0	0	0	0	0	0	0	0	0	0	0	0	0	0	0	0	0	0	0	0	0	0	0
331	318	254	0	152	124	0	4	0	48	0	610	0	9	24	34	0	0	299	614	320	0	434	0	262	164	114	0	0	39	0	230	0	7	0	324	0	0	0	304	7	16	546	358	0	187	438	9	74	154	0	7	374	0	556	0	0	359	9	488	236	324	7	8	530	0	274	0	0	304	0	304	358	0	144
322	309	245	0	143	115	0	0	0	39	0	601	0	0	15	25	0	0	290	605	311	0	425	0	253	155	105	0	0	30	0	221	0	0	0	315	0	0	0	295	0	7	537	349	0	178	429	0	65	145	0	0	365	0	547	0	0	350	0	479	227	315	0	0	521	0	265	0	0	295	0	295	349	0	135
307	294	230	0	128	100	0	0	0	24	0	586	0	0	0	10	0	0	275	590	296	0	410	0	238	140	90	0	0	15	0	206	0	0	0	300	0	0	0	280	0	0	522	334	0	163	414	0	50	130	0	0	350	0	532	0	0	335	0	464	212	300	0	0	506	0	250	0	0	280	0	280	334	0	120
297	284	220	0	118	90	0	0	0	14	0	576	0	0	0	0	0	0	265	580	286	0	400	0	228	130	80	0	0	5	0	196	0	0	0	290	0	0	0	270	0	0	512	324	0	153	404	0	40	120	0	0	340	0	522	0	0	325	0	454	202	290	0	0	496	0	240	0	0	270	0	270	324	0	110
342	329	265	0	163	135	0	15	0	59	0	621	11	20	35	45	0	0	310	625	331	11	445	0	273	175	125	0	0	50	0	241	0	18	0	335	0	0	11	315	18	27	557	369	0	198	449	20	85	165	11	18	385	0	567	0	0	370	20	499	247	335	18	19	541	11	285	0	0	315	0	315	369	0	155
571	558	494	0	392	364	0	244	224	288	214	850	240	249	264	274	229	0	539	854	560	240	674	175	502	404	354	0	0	279	49	470	64	247	56	564	204	55	240	544	247	256	786	598	40	427	678	249	314	394	240	247	614	169	796	0	26	599	249	728	476	564	247	248	770	240	514	14	214	544	0	544	598	183	384
32	19	0	0	0	0	0	0	0	0	0	311	0	0	0	0	0	0	0	315	21	0	135	0	0	0	0	0	0	0	0	0	0	0	0	25	0	0	0	5	0	0	247	59	0	0	139	0	0	0	0	0	75	0	257	0	0	60	0	189	0	25	0	0	231	0	0	0	0	5	0	5	59	0	0
0	0	0	0	0	0	0	0	0	0	0	0	0	0	0	0	0	0	0	0	0	0	0	0	0	0	0	0	0	0	0	0	0	0	0	0	0	0	0	0	0	0	0	0	0	0	0	0	0	0	0	0	0	0	0	0	0	0	0	0	0	0	0	0	0	0	0	0	0	0	0	0	0	0	0
11	0	0	0	0	0	0	0	0	0	0	290	0	0	0	0	0	0	0	294	0	0	114	0	0	0	0	0	0	0	0	0	0	0	0	4	0	0	0	0	0	0	226	38	0	0	118	0	0	0	0	0	54	0	236	0	0	39	0	168	0	4	0	0	210	0	0	0	0	0	0	0	38	0	0
331	318	254	0	152	124	0	4	0	48	0	610	0	9	24	34	0	0	299	614	320	0	434	0	262	164	114	0	0	39	0	230	0	7	0	324	0	0	0	304	7	16	546	358	0	187	438	9	74	154	0	7	374	0	556	0	0	359	9	488	236	324	7	8	530	0	274	0	0	304	0	304	358	0	144
0	0	0	0	0	0	0	0	0	0	0	176	0	0	0	0	0	0	0	180	0	0	0	0	0	0	0	0	0	0	0	0	0	0	0	0	0	0	0	0	0	0	112	0	0	0	4	0	0	0	0	0	0	0	122	0	0	0	0	54	0	0	0	0	96	0	0	0	0	0	0	0	0	0	0
396	383	319	0	217	189	0	69	49	113	39	675	65	74	89	99	54	0	364	679	385	65	499	0	327	229	179	0	0	104	0	295	0	72	0	389	29	0	65	369	72	81	611	423	0	252	503	74	139	219	65	72	439	0	621	0	0	424	74	553	301	389	72	73	595	65	339	0	39	369	0	369	423	8	209
69	56	0	0	0	0	0	0	0	0	0	348	0	0	0	0	0	0	37	352	58	0	172	0	0	0	0	0	0	0	0	0	0	0	0	62	0	0	0	42	0	0	284	96	0	0	176	0	0	0	0	0	112	0	294	0	0	97	0	226	0	62	0	0	268	0	12	0	0	42	0	42	96	0	0
167	154	90	0	0	0	0	0	0	0	0	446	0	0	0	0	0	0	135	450	156	0	270	0	98	0	0	0	0	0	0	66	0	0	0	160	0	0	0	140	0	0	382	194	0	23	274	0	0	0	0	0	210	0	392	0	0	195	0	324	72	160	0	0	366	0	110	0	0	140	0	140	194	0	0
217	204	140	0	38	10	0	0	0	0	0	496	0	0	0	0	0	0	185	500	206	0	320	0	148	50	0	0	0	0	0	116	0	0	0	210	0	0	0	190	0	0	432	244	0	73	324	0	0	40	0	0	260	0	442	0	0	245	0	374	122	210	0	0	416	0	160	0	0	190	0	190	244	0	30
607	594	530	0	428	400	0	280	260	324	250	886	276	285	300	310	265	36	575	890	596	276	710	211	538	440	390	0	15	315	85	506	100	283	92	600	240	91	276	580	283	292	822	634	76	463	714	285	350	430	276	283	650	205	832	34	62	635	285	764	512	600	283	284	806	276	550	50	250	580	0	580	634	219	420
592	579	515	0	413	385	0	265	245	309	235	871	261	270	285	295	250	21	560	875	581	261	695	196	523	425	375	0	0	300	70	491	85	268	77	585	225	76	261	565	268	277	807	619	61	448	699	270	335	415	261	268	635	190	817	19	47	620	270	749	497	585	268	269	791	261	535	35	235	565	0	565	619	204	405
292	279	215	0	113	85	0	0	0	9	0	571	0	0	0	0	0	0	260	575	281	0	395	0	223	125	75	0	0	0	0	191	0	0	0	285	0	0	0	265	0	0	507	319	0	148	399	0	35	115	0	0	335	0	517	0	0	320	0	449	197	285	0	0	491	0	235	0	0	265	0	265	319	0	105
522	509	445	0	343	315	0	195	175	239	165	801	191	200	215	225	180	0	490	805	511	191	625	126	453	355	305	0	0	230	0	421	15	198	7	515	155	6	191	495	198	207	737	549	0	378	629	200	265	345	191	198	565	120	747	0	0	550	200	679	427	515	198	199	721	191	465	0	165	495	0	495	549	134	335
101	88	24	0	0	0	0	0	0	0	0	380	0	0	0	0	0	0	69	384	90	0	204	0	32	0	0	0	0	0	0	0	0	0	0	94	0	0	0	74	0	0	316	128	0	0	208	0	0	0	0	0	144	0	326	0	0	129	0	258	6	94	0	0	300	0	44	0	0	74	0	74	128	0	0
507	494	430	0	328	300	0	180	160	224	150	786	176	185	200	210	165	0	475	790	496	176	610	111	438	340	290	0	0	215	0	406	0	183	0	500	140	0	176	480	183	192	722	534	0	363	614	185	250	330	176	183	550	105	732	0	0	535	185	664	412	500	183	184	706	176	450	0	150	480	0	480	534	119	320
324	311	247	0	145	117	0	0	0	41	0	603	0	2	17	27	0	0	292	607	313	0	427	0	255	157	107	0	0	32	0	223	0	0	0	317	0	0	0	297	0	9	539	351	0	180	431	2	67	147	0	0	367	0	549	0	0	352	2	481	229	317	0	1	523	0	267	0	0	297	0	297	351	0	137
515	502	438	0	336	308	0	188	168	232	158	794	184	193	208	218	173	0	483	798	504	184	618	119	446	348	298	0	0	223	0	414	8	191	0	508	148	0	184	488	191	200	730	542	0	371	622	193	258	338	184	191	558	113	740	0	0	543	193	672	420	508	191	192	714	184	458	0	158	488	0	488	542	127	328
7	0	0	0	0	0	0	0	0	0	0	286	0	0	0	0	0	0	0	290	0	0	110	0	0	0	0	0	0	0	0	0	0	0	0	0	0	0	0	0	0	0	222	34	0	0	114	0	0	0	0	0	50	0	232	0	0	35	0	164	0	0	0	0	206	0	0	0	0	0	0	0	34	0	0
367	354	290	0	188	160	0	40	20	84	10	646	36	45	60	70	25	0	335	650	356	36	470	0	298	200	150	0	0	75	0	266	0	43	0	360	0	0	36	340	43	52	582	394	0	223	474	45	110	190	36	43	410	0	592	0	0	395	45	524	272	360	43	44	566	36	310	0	10	340	0	340	394	0	180
516	503	439	0	337	309	0	189	169	233	159	795	185	194	209	219	174	0	484	799	505	185	619	120	447	349	299	0	0	224	0	415	9	192	1	509	149	0	185	489	192	201	731	543	0	372	623	194	259	339	185	192	559	114	741	0	0	544	194	673	421	509	192	193	715	185	459	0	159	489	0	489	543	128	329
331	318	254	0	152	124	0	4	0	48	0	610	0	9	24	34	0	0	299	614	320	0	434	0	262	164	114	0	0	39	0	230	0	7	0	324	0	0	0	304	7	16	546	358	0	187	438	9	74	154	0	7	374	0	556	0	0	359	9	488	236	324	7	8	530	0	274	0	0	304	0	304	358	0	144
27	14	0	0	0	0	0	0	0	0	0	306	0	0	0	0	0	0	0	310	16	0	130	0	0	0	0	0	0	0	0	0	0	0	0	20	0	0	0	0	0	0	242	54	0	0	134	0	0	0	0	0	70	0	252	0	0	55	0	184	0	20	0	0	226	0	0	0	0	0	0	0	54	0	0
324	311	247	0	145	117	0	0	0	41	0	603	0	2	17	27	0	0	292	607	313	0	427	0	255	157	107	0	0	32	0	223	0	0	0	317	0	0	0	297	0	9	539	351	0	180	431	2	67	147	0	0	367	0	549	0	0	352	2	481	229	317	0	1	523	0	267	0	0	297	0	297	351	0	137
315	302	238	0	136	108	0	0	0	32	0	594	0	0	8	18	0	0	283	598	304	0	418	0	246	148	98	0	0	23	0	214	0	0	0	308	0	0	0	288	0	0	530	342	0	171	422	0	58	138	0	0	358	0	540	0	0	343	0	472	220	308	0	0	514	0	258	0	0	288	0	288	342	0	128
0	0	0	0	0	0	0	0	0	0	0	64	0	0	0	0	0	0	0	68	0	0	0	0	0	0	0	0	0	0	0	0	0	0	0	0	0	0	0	0	0	0	0	0	0	0	0	0	0	0	0	0	0	0	10	0	0	0	0	0	0	0	0	0	0	0	0	0	0	0	0	0	0	0	0
0	0	0	0	0	0	0	0	0	0	0	252	0	0	0	0	0	0	0	256	0	0	76	0	0	0	0	0	0	0	0	0	0	0	0	0	0	0	0	0	0	0	188	0	0	0	80	0	0	0	0	0	16	0	198	0	0	1	0	130	0	0	0	0	172	0	0	0	0	0	0	0	0	0	0
531	518	454	0	352	324	0	204	184	248	174	810	200	209	224	234	189	0	499	814	520	200	634	135	462	364	314	0	0	239	9	430	24	207	16	524	164	15	200	504	207	216	746	558	0	387	638	209	274	354	200	207	574	129	756	0	0	559	209	688	436	524	207	208	730	200	474	0	174	504	0	504	558	143	344
144	131	67	0	0	0	0	0	0	0	0	423	0	0	0	0	0	0	112	427	133	0	247	0	75	0	0	0	0	0	0	43	0	0	0	137	0	0	0	117	0	0	359	171	0	0	251	0	0	0	0	0	187	0	369	0	0	172	0	301	49	137	0	0	343	0	87	0	0	117	0	117	171	0	0
0	0	0	0	0	0	0	0	0	0	0	172	0	0	0	0	0	0	0	176	0	0	0	0	0	0	0	0	0	0	0	0	0	0	0	0	0	0	0	0	0	0	108	0	0	0	0	0	0	0	0	0	0	0	118	0	0	0	0	50	0	0	0	0	92	0	0	0	0	0	0	0	0	0	0
322	309	245	0	143	115	0	0	0	39	0	601	0	0	15	25	0	0	290	605	311	0	425	0	253	155	105	0	0	30	0	221	0	0	0	315	0	0	0	295	0	7	537	349	0	178	429	0	65	145	0	0	365	0	547	0	0	350	0	479	227	315	0	0	521	0	265	0	0	295	0	295	349	0	135
257	244	180	0	78	50	0	0	0	0	0	536	0	0	0	0	0	0	225	540	246	0	360	0	188	90	40	0	0	0	0	156	0	0	0	250	0	0	0	230	0	0	472	284	0	113	364	0	0	80	0	0	300	0	482	0	0	285	0	414	162	250	0	0	456	0	200	0	0	230	0	230	284	0	70
177	164	100	0	0	0	0	0	0	0	0	456	0	0	0	0	0	0	145	460	166	0	280	0	108	10	0	0	0	0	0	76	0	0	0	170	0	0	0	150	0	0	392	204	0	33	284	0	0	0	0	0	220	0	402	0	0	205	0	334	82	170	0	0	376	0	120	0	0	150	0	150	204	0	0
331	318	254	0	152	124	0	4	0	48	0	610	0	9	24	34	0	0	299	614	320	0	434	0	262	164	114	0	0	39	0	230	0	7	0	324	0	0	0	304	7	16	546	358	0	187	438	9	74	154	0	7	374	0	556	0	0	359	9	488	236	324	7	8	530	0	274	0	0	304	0	304	358	0	144
324	311	247	0	145	117	0	0	0	41	0	603	0	2	17	27	0	0	292	607	313	0	427	0	255	157	107	0	0	32	0	223	0	0	0	317	0	0	0	297	0	9	539	351	0	180	431	2	67	147	0	0	367	0	549	0	0	352	2	481	229	317	0	1	523	0	267	0	0	297	0	297	351	0	137
0	0	0	0	0	0	0	0	0	0	0	236	0	0	0	0	0	0	0	240	0	0	60	0	0	0	0	0	0	0	0	0	0	0	0	0	0	0	0	0	0	0	172	0	0	0	64	0	0	0	0	0	0	0	182	0	0	0	0	114	0	0	0	0	156	0	0	0	0	0	0	0	0	0	0
402	389	325	0	223	195	0	75	55	119	45	681	71	80	95	105	60	0	370	685	391	71	505	6	333	235	185	0	0	110	0	301	0	78	0	395	35	0	71	375	78	87	617	429	0	258	509	80	145	225	71	78	445	0	627	0	0	430	80	559	307	395	78	79	601	71	345	0	45	375	0	375	429	14	215
0	0	0	0	0	0	0	0	0	0	0	54	0	0	0	0	0	0	0	58	0	0	0	0	0	0	0	0	0	0	0	0	0	0	0	0	0	0	0	0	0	0	0	0	0	0	0	0	0	0	0	0	0	0	0	0	0	0	0	0	0	0	0	0	0	0	0	0	0	0	0	0	0	0	0
573	560	496	0	394	366	0	246	226	290	216	852	242	251	266	276	231	2	541	856	562	242	676	177	504	406	356	0	0	281	51	472	66	249	58	566	206	57	242	546	249	258	788	600	42	429	680	251	316	396	242	249	616	171	798	0	28	601	251	730	478	566	249	250	772	242	516	16	216	546	0	546	600	185	386
545	532	468	0	366	338	0	218	198	262	188	824	214	223	238	248	203	0	513	828	534	214	648	149	476	378	328	0	0	253	23	444	38	221	30	538	178	29	214	518	221	230	760	572	14	401	652	223	288	368	214	221	588	143	770	0	0	573	223	702	450	538	221	222	744	214	488	0	188	518	0	518	572	157	358
0	0	0	0	0	0	0	0	0	0	0	251	0	0	0	0	0	0	0	255	0	0	75	0	0	0	0	0	0	0	0	0	0	0	0	0	0	0	0	0	0	0	187	0	0	0	79	0	0	0	0	0	15	0	197	0	0	0	0	129	0	0	0	0	171	0	0	0	0	0	0	0	0	0	0
322	309	245	0	143	115	0	0	0	39	0	601	0	0	15	25	0	0	290	605	311	0	425	0	253	155	105	0	0	30	0	221	0	0	0	315	0	0	0	295	0	7	537	349	0	178	429	0	65	145	0	0	365	0	547	0	0	350	0	479	227	315	0	0	521	0	265	0	0	295	0	295	349	0	135
0	0	0	0	0	0	0	0	0	0	0	122	0	0	0	0	0	0	0	126	0	0	0	0	0	0	0	0	0	0	0	0	0	0	0	0	0	0	0	0	0	0	58	0	0	0	0	0	0	0	0	0	0	0	68	0	0	0	0	0	0	0	0	0	42	0	0	0	0	0	0	0	0	0	0
95	82	18	0	0	0	0	0	0	0	0	374	0	0	0	0	0	0	63	378	84	0	198	0	26	0	0	0	0	0	0	0	0	0	0	88	0	0	0	68	0	0	310	122	0	0	202	0	0	0	0	0	138	0	320	0	0	123	0	252	0	88	0	0	294	0	38	0	0	68	0	68	122	0	0
7	0	0	0	0	0	0	0	0	0	0	286	0	0	0	0	0	0	0	290	0	0	110	0	0	0	0	0	0	0	0	0	0	0	0	0	0	0	0	0	0	0	222	34	0	0	114	0	0	0	0	0	50	0	232	0	0	35	0	164	0	0	0	0	206	0	0	0	0	0	0	0	34	0	0
324	311	247	0	145	117	0	0	0	41	0	603	0	2	17	27	0	0	292	607	313	0	427	0	255	157	107	0	0	32	0	223	0	0	0	317	0	0	0	297	0	9	539	351	0	180	431	2	67	147	0	0	367	0	549	0	0	352	2	481	229	317	0	1	523	0	267	0	0	297	0	297	351	0	137
323	310	246	0	144	116	0	0	0	40	0	602	0	1	16	26	0	0	291	606	312	0	426	0	254	156	106	0	0	31	0	222	0	0	0	316	0	0	0	296	0	8	538	350	0	179	430	1	66	146	0	0	366	0	548	0	0	351	1	480	228	316	0	0	522	0	266	0	0	296	0	296	350	0	136
0	0	0	0	0	0	0	0	0	0	0	80	0	0	0	0	0	0	0	84	0	0	0	0	0	0	0	0	0	0	0	0	0	0	0	0	0	0	0	0	0	0	16	0	0	0	0	0	0	0	0	0	0	0	26	0	0	0	0	0	0	0	0	0	0	0	0	0	0	0	0	0	0	0	0
331	318	254	0	152	124	0	4	0	48	0	610	0	9	24	34	0	0	299	614	320	0	434	0	262	164	114	0	0	39	0	230	0	7	0	324	0	0	0	304	7	16	546	358	0	187	438	9	74	154	0	7	374	0	556	0	0	359	9	488	236	324	7	8	530	0	274	0	0	304	0	304	358	0	144
57	44	0	0	0	0	0	0	0	0	0	336	0	0	0	0	0	0	25	340	46	0	160	0	0	0	0	0	0	0	0	0	0	0	0	50	0	0	0	30	0	0	272	84	0	0	164	0	0	0	0	0	100	0	282	0	0	85	0	214	0	50	0	0	256	0	0	0	0	30	0	30	84	0	0
557	544	480	0	378	350	0	230	210	274	200	836	226	235	250	260	215	0	525	840	546	226	660	161	488	390	340	0	0	265	35	456	50	233	42	550	190	41	226	530	233	242	772	584	26	413	664	235	300	380	226	233	600	155	782	0	12	585	235	714	462	550	233	234	756	226	500	0	200	530	0	530	584	169	370
357	344	280	0	178	150	0	30	10	74	0	636	26	35	50	60	15	0	325	640	346	26	460	0	288	190	140	0	0	65	0	256	0	33	0	350	0	0	26	330	33	42	572	384	0	213	464	35	100	180	26	33	400	0	582	0	0	385	35	514	262	350	33	34	556	26	300	0	0	330	0	330	384	0	170
27	14	0	0	0	0	0	0	0	0	0	306	0	0	0	0	0	0	0	310	16	0	130	0	0	0	0	0	0	0	0	0	0	0	0	20	0	0	0	0	0	0	242	54	0	0	134	0	0	0	0	0	70	0	252	0	0	55	0	184	0	20	0	0	226	0	0	0	0	0	0	0	54	0	0
607	594	530	0	428	400	0	280	260	324	250	886	276	285	300	310	265	36	575	890	596	276	710	211	538	440	390	0	15	315	85	506	100	283	92	600	240	91	276	580	283	292	822	634	76	463	714	285	350	430	276	283	650	205	832	34	62	635	285	764	512	600	283	284	806	276	550	50	250	580	0	580	634	219	420
27	14	0	0	0	0	0	0	0	0	0	306	0	0	0	0	0	0	0	310	16	0	130	0	0	0	0	0	0	0	0	0	0	0	0	20	0	0	0	0	0	0	242	54	0	0	134	0	0	0	0	0	70	0	252	0	0	55	0	184	0	20	0	0	226	0	0	0	0	0	0	0	54	0	0
0	0	0	0	0	0	0	0	0	0	0	252	0	0	0	0	0	0	0	256	0	0	76	0	0	0	0	0	0	0	0	0	0	0	0	0	0	0	0	0	0	0	188	0	0	0	80	0	0	0	0	0	16	0	198	0	0	1	0	130	0	0	0	0	172	0	0	0	0	0	0	0	0	0	0
388	375	311	0	209	181	0	61	41	105	31	667	57	66	81	91	46	0	356	671	377	57	491	0	319	221	171	0	0	96	0	287	0	64	0	381	21	0	57	361	64	73	603	415	0	244	495	66	131	211	57	64	431	0	613	0	0	416	66	545	293	381	64	65	587	57	331	0	31	361	0	361	415	0	201
187	174	110	0	8	0	0	0	0	0	0	466	0	0	0	0	0	0	155	470	176	0	290	0	118	20	0	0	0	0	0	86	0	0	0	180	0	0	0	160	0	0	402	214	0	43	294	0	0	10	0	0	230	0	412	0	0	215	0	344	92	180	0	0	386	0	130	0	0	160	0	160	214	0	0

0	20	120	30	20	285	200	785	130	180	100	100	100	100	1800	250	20	110	0	0	250	20	40	0	0	180	200	10	200	80	300	40	0	200	100	0	0	1230	100	50	30	0	100	585	1000	10	130	20	200	30	240	110	80	280	100	100	100	180	380	130	800	150	0	150	495	10	10	20	100	1000	240	200	1070	0	120
0	0	100	10	0	265	180	765	110	160	80	80	80	80	1780	230	0	90	0	0	230	0	20	0	0	160	180	0	180	60	280	20	0	180	80	0	0	1210	80	30	10	0	80	565	980	0	110	0	180	10	220	90	60	260	80	80	80	160	360	110	780	130	0	130	475	0	0	0	80	980	220	180	1050	0	100
0	0	0	0	0	165	80	665	10	60	0	0	0	0	1680	130	0	0	0	0	130	0	0	0	0	60	80	0	80	0	180	0	0	80	0	0	0	1110	0	0	0	0	0	465	880	0	10	0	80	0	120	0	0	160	0	0	0	60	260	10	680	30	0	30	375	0	0	0	0	880	120	80	950	0	0
0	0	90	0	0	255	170	755	100	150	70	70	70	70	1770	220	0	80	0	0	220	0	10	0	0	150	170	0	170	50	270	10	0	170	70	0	0	1200	70	20	0	0	70	555	970	0	100	0	170	0	210	80	50	250	70	70	70	150	350	100	770	120	0	120	465	0	0	0	70	970	210	170	1040	0	90
0	0	100	10	0	265	180	765	110	160	80	80	80	80	1780	230	0	90	0	0	230	0	20	0	0	160	180	0	180	60	280	20	0	180	80	0	0	1210	80	30	10	0	80	565	980	0	110	0	180	10	220	90	60	260	80	80	80	160	360	110	780	130	0	130	475	0	0	0	80	980	220	180	1050	0	100
0	0	0	0	0	0	0	500	0	0	0	0	0	0	1515	0	0	0	0	0	0	0	0	0	0	0	0	0	0	0	15	0	0	0	0	0	0	945	0	0	0	0	0	300	715	0	0	0	0	0	0	0	0	0	0	0	0	0	95	0	515	0	0	0	210	0	0	0	0	715	0	0	785	0	0
0	0	0	0	0	85	0	585	0	0	0	0	0	0	1600	50	0	0	0	0	50	0	0	0	0	0	0	0	0	0	100	0	0	0	0	0	0	1030	0	0	0	0	0	385	800	0	0	0	0	0	40	0	0	80	0	0	0	0	180	0	600	0	0	0	295	0	0	0	0	800	40	0	870	0	0
0	0	0	0	0	0	0	0	0	0	0	0	0	0	1015	0	0	0	0	0	0	0	0	0	0	0	0	0	0	0	0	0	0	0	0	0	0	445	0	0	0	0	0	0	215	0	0	0	0	0	0	0	0	0	0	0	0	0	0	0	15	0	0	0	0	0	0	0	0	215	0	0	285	0	0
0	0	0	0	0	155	70	655	0	50	0	0	0	0	1670	120	0	0	0	0	120	0	0	0	0	50	70	0	70	0	170	0	0	70	0	0	0	1100	0	0	0	0	0	455	870	0	0	0	70	0	110	0	0	150	0	0	0	50	250	0	670	20	0	20	365	0	0	0	0	870	110	70	940	0	0
0	0	0	0	0	105	20	605	0	0	0	0	0	0	1620	70	0	0	0	0	70	0	0	0	0	0	20	0	20	0	120	0	0	20	0	0	0	1050	0	0	0	0	0	405	820	0	0	0	20	0	60	0	0	100	0	0	0	0	200	0	620	0	0	0	315	0	0	0	0	820	60	20	890	0	0
0	0	20	0	0	185	100	685	30	80	0	0	0	0	1700	150	0	10	0	0	150	0	0	0	0	80	100	0	100	0	200	0	0	100	0	0	0	1130	0	0	0	0	0	485	900	0	30	0	100	0	140	10	0	180	0	0	0	80	280	30	700	50	0	50	395	0	0	0	0	900	140	100	970	0	20
0	0	20	0	0	185	100	685	30	80	0	0	0	0	1700	150	0	10	0	0	150	0	0	0	0	80	100	0	100	0	200	0	0	100	0	0	0	1130	0	0	0	0	0	485	900	0	30	0	100	0	140	10	0	180	0	0	0	80	280	30	700	50	0	50	395	0	0	0	0	900	140	100	970	0	20
0	0	20	0	0	185	100	685	30	80	0	0	0	0	1700	150	0	10	0	0	150	0	0	0	0	80	100	0	100	0	200	0	0	100	0	0	0	1130	0	0	0	0	0	485	900	0	30	0	100	0	140	10	0	180	0	0	0	80	280	30	700	50	0	50	395	0	0	0	0	900	140	100	970	0	20
0	0	20	0	0	185	100	685	30	80	0	0	0	0	1700	150	0	10	0	0	150	0	0	0	0	80	100	0	100	0	200	0	0	100	0	0	0	1130	0	0	0	0	0	485	900	0	30	0	100	0	140	10	0	180	0	0	0	80	280	30	700	50	0	50	395	0	0	0	0	900	140	100	970	0	20
0	0	0	0	0	0	0	0	0	0	0	0	0	0	0	0	0	0	0	0	0	0	0	0	0	0	0	0	0	0	0	0	0	0	0	0	0	0	0	0	0	0	0	0	0	0	0	0	0	0	0	0	0	0	0	0	0	0	0	0	0	0	0	0	0	0	0	0	0	0	0	0	0	0	0
0	0	0	0	0	35	0	535	0	0	0	0	0	0	1550	0	0	0	0	0	0	0	0	0	0	0	0	0	0	0	50	0	0	0	0	0	0	980	0	0	0	0	0	335	750	0	0	0	0	0	0	0	0	30	0	0	0	0	130	0	550	0	0	0	245	0	0	0	0	750	0	0	820	0	0
0	0	100	10	0	265	180	765	110	160	80	80	80	80	1780	230	0	90	0	0	230	0	20	0	0	160	180	0	180	60	280	20	0	180	80	0	0	1210	80	30	10	0	80	565	980	0	110	0	180	10	220	90	60	260	80	80	80	160	360	110	780	130	0	130	475	0	0	0	80	980	220	180	1050	0	100
0	0	10	0	0	175	90	675	20	70	0	0	0	0	1690	140	0	0	0	0	140	0	0	0	0	70	90	0	90	0	190	0	0	90	0	0	0	1120	0	0	0	0	0	475	890	0	20	0	90	0	130	0	0	170	0	0	0	70	270	20	690	40	0	40	385	0	0	0	0	890	130	90	960	0	10
0	20	120	30	20	285	200	785	130	180	100	100	100	100	1800	250	20	110	0	0	250	20	40	0	0	180	200	10	200	80	300	40	0	200	100	0	0	1230	100	50	30	0	100	585	1000	10	130	20	200	30	240	110	80	280	100	100	100	180	380	130	800	150	0	150	495	10	10	20	100	1000	240	200	1070	0	120
0	20	120	30	20	285	200	785	130	180	100	100	100	100	1800	250	20	110	0	0	250	20	40	0	0	180	200	10	200	80	300	40	0	200	100	0	0	1230	100	50	30	0	100	585	1000	10	130	20	200	30	240	110	80	280	100	100	100	180	380	130	800	150	0	150	495	10	10	20	100	1000	240	200	1070	0	120
0	0	0	0	0	35	0	535	0	0	0	0	0	0	1550	0	0	0	0	0	0	0	0	0	0	0	0	0	0	0	50	0	0	0	0	0	0	980	0	0	0	0	0	335	750	0	0	0	0	0	0	0	0	30	0	0	0	0	130	0	550	0	0	0	245	0	0	0	0	750	0	0	820	0	0
0	0	100	10	0	265	180	765	110	160	80	80	80	80	1780	230	0	90	0	0	230	0	20	0	0	160	180	0	180	60	280	20	0	180	80	0	0	1210	80	30	10	0	80	565	980	0	110	0	180	10	220	90	60	260	80	80	80	160	360	110	780	130	0	130	475	0	0	0	80	980	220	180	1050	0	100
0	0	80	0	0	245	160	745	90	140	60	60	60	60	1760	210	0	70	0	0	210	0	0	0	0	140	160	0	160	40	260	0	0	160	60	0	0	1190	60	10	0	0	60	545	960	0	90	0	160	0	200	70	40	240	60	60	60	140	340	90	760	110	0	110	455	0	0	0	60	960	200	160	1030	0	80
0	20	120	30	20	285	200	785	130	180	100	100	100	100	1800	250	20	110	0	0	250	20	40	0	0	180	200	10	200	80	300	40	0	200	100	0	0	1230	100	50	30	0	100	585	1000	10	130	20	200	30	240	110	80	280	100	100	100	180	380	130	800	150	0	150	495	10	10	20	100	1000	240	200	1070	0	120
0	20	120	30	20	285	200	785	130	180	100	100	100	100	1800	250	20	110	0	0	250	20	40	0	0	180	200	10	200	80	300	40	0	200	100	0	0	1230	100	50	30	0	100	585	1000	10	130	20	200	30	240	110	80	280	100	100	100	180	380	130	800	150	0	150	495	10	10	20	100	1000	240	200	1070	0	120
0	0	0	0	0	105	20	605	0	0	0	0	0	0	1620	70	0	0	0	0	70	0	0	0	0	0	20	0	20	0	120	0	0	20	0	0	0	1050	0	0	0	0	0	405	820	0	0	0	20	0	60	0	0	100	0	0	0	0	200	0	620	0	0	0	315	0	0	0	0	820	60	20	890	0	0
0	0	0	0	0	85	0	585	0	0	0	0	0	0	1600	50	0	0	0	0	50	0	0	0	0	0	0	0	0	0	100	0	0	0	0	0	0	1030	0	0	0	0	0	385	800	0	0	0	0	0	40	0	0	80	0	0	0	0	180	0	600	0	0	0	295	0	0	0	0	800	40	0	870	0	0
0	10	110	20	10	275	190	775	120	170	90	90	90	90	1790	240	10	100	0	0	240	10	30	0	0	170	190	0	190	70	290	30	0	190	90	0	0	1220	90	40	20	0	90	575	990	0	120	10	190	20	230	100	70	270	90	90	90	170	370	120	790	140	0	140	485	0	0	10	90	990	230	190	1060	0	110
0	0	0	0	0	85	0	585	0	0	0	0	0	0	1600	50	0	0	0	0	50	0	0	0	0	0	0	0	0	0	100	0	0	0	0	0	0	1030	0	0	0	0	0	385	800	0	0	0	0	0	40	0	0	80	0	0	0	0	180	0	600	0	0	0	295	0	0	0	0	800	40	0	870	0	0
0	0	40	0	0	205	120	705	50	100	20	20	20	20	1720	170	0	30	0	0	170	0	0	0	0	100	120	0	120	0	220	0	0	120	20	0	0	1150	20	0	0	0	20	505	920	0	50	0	120	0	160	30	0	200	20	20	20	100	300	50	720	70	0	70	415	0	0	0	20	920	160	120	990	0	40
0	0	0	0	0	0	0	485	0	0	0	0	0	0	1500	0	0	0	0	0	0	0	0	0	0	0	0	0	0	0	0	0	0	0	0	0	0	930	0	0	0	0	0	285	700	0	0	0	0	0	0	0	0	0	0	0	0	0	80	0	500	0	0	0	195	0	0	0	0	700	0	0	770	0	0
0	0	80	0	0	245	160	745	90	140	60	60	60	60	1760	210	0	70	0	0	210	0	0	0	0	140	160	0	160	40	260	0	0	160	60	0	0	1190	60	10	0	0	60	545	960	0	90	0	160	0	200	70	40	240	60	60	60	140	340	90	760	110	0	110	455	0	0	0	60	960	200	160	1030	0	80
0	20	120	30	20	285	200	785	130	180	100	100	100	100	1800	250	20	110	0	0	250	20	40	0	0	180	200	10	200	80	300	40	0	200	100	0	0	1230	100	50	30	0	100	585	1000	10	130	20	200	30	240	110	80	280	100	100	100	180	380	130	800	150	0	150	495	10	10	20	100	1000	240	200	1070	0	120
0	0	0	0	0	85	0	585	0	0	0	0	0	0	1600	50	0	0	0	0	50	0	0	0	0	0	0	0	0	0	100	0	0	0	0	0	0	1030	0	0	0	0	0	385	800	0	0	0	0	0	40	0	0	80	0	0	0	0	180	0	600	0	0	0	295	0	0	0	0	800	40	0	870	0	0
0	0	20	0	0	185	100	685	30	80	0	0	0	0	1700	150	0	10	0	0	150	0	0	0	0	80	100	0	100	0	200	0	0	100	0	0	0	1130	0	0	0	0	0	485	900	0	30	0	100	0	140	10	0	180	0	0	0	80	280	30	700	50	0	50	395	0	0	0	0	900	140	100	970	0	20
0	20	120	30	20	285	200	785	130	180	100	100	100	100	1800	250	20	110	0	0	250	20	40	0	0	180	200	10	200	80	300	40	0	200	100	0	0	1230	100	50	30	0	100	585	1000	10	130	20	200	30	240	110	80	280	100	100	100	180	380	130	800	150	0	150	495	10	10	20	100	1000	240	200	1070	0	120
0	20	120	30	20	285	200	785	130	180	100	100	100	100	1800	250	20	110	0	0	250	20	40	0	0	180	200	10	200	80	300	40	0	200	100	0	0	1230	100	50	30	0	100	585	1000	10	130	20	200	30	240	110	80	280	100	100	100	180	380	130	800	150	0	150	495	10	10	20	100	1000	240	200	1070	0	120
0	0	0	0	0	0	0	0	0	0	0	0	0	0	570	0	0	0	0	0	0	0	0	0	0	0	0	0	0	0	0	0	0	0	0	0	0	0	0	0	0	0	0	0	0	0	0	0	0	0	0	0	0	0	0	0	0	0	0	0	0	0	0	0	0	0	0	0	0	0	0	0	0	0	0
0	0	20	0	0	185	100	685	30	80	0	0	0	0	1700	150	0	10	0	0	150	0	0	0	0	80	100	0	100	0	200	0	0	100	0	0	0	1130	0	0	0	0	0	485	900	0	30	0	100	0	140	10	0	180	0	0	0	80	280	30	700	50	0	50	395	0	0	0	0	900	140	100	970	0	20
0	0	70	0	0	235	150	735	80	130	50	50	50	50	1750	200	0	60	0	0	200	0	0	0	0	130	150	0	150	30	250	0	0	150	50	0	0	1180	50	0	0	0	50	535	950	0	80	0	150	0	190	60	30	230	50	50	50	130	330	80	750	100	0	100	445	0	0	0	50	950	190	150	1020	0	70
0	0	90	0	0	255	170	755	100	150	70	70	70	70	1770	220	0	80	0	0	220	0	10	0	0	150	170	0	170	50	270	10	0	170	70	0	0	1200	70	20	0	0	70	555	970	0	100	0	170	0	210	80	50	250	70	70	70	150	350	100	770	120	0	120	465	0	0	0	70	970	210	170	1040	0	90
45	65	165	75	65	330	245	830	175	225	145	145	145	145	1845	295	65	155	45	45	295	65	85	45	45	225	245	55	245	125	345	85	45	245	145	45	45	1275	145	95	75	0	145	630	1045	55	175	65	245	75	285	155	125	325	145	145	145	225	425	175	845	195	45	195	540	55	55	65	145	1045	285	245	1115	45	165
0	0	20	0	0	185	100	685	30	80	0	0	0	0	1700	150	0	10	0	0	150	0	0	0	0	80	100	0	100	0	200	0	0	100	0	0	0	1130	0	0	0	0	0	485	900	0	30	0	100	0	140	10	0	180	0	0	0	80	280	30	700	50	0	50	395	0	0	0	0	900	140	100	970	0	20
0	0	0	0	0	0	0	200	0	0	0	0	0	0	1215	0	0	0	0	0	0	0	0	0	0	0	0	0	0	0	0	0	0	0	0	0	0	645	0	0	0	0	0	0	415	0	0	0	0	0	0	0	0	0	0	0	0	0	0	0	215	0	0	0	0	0	0	0	0	415	0	0	485	0	0
0	0	0	0	0	0	0	0	0	0	0	0	0	0	800	0	0	0	0	0	0	0	0	0	0	0	0	0	0	0	0	0	0	0	0	0	0	230	0	0	0	0	0	0	0	0	0	0	0	0	0	0	0	0	0	0	0	0	0	0	0	0	0	0	0	0	0	0	0	0	0	0	70	0	0
0	10	110	20	10	275	190	775	120	170	90	90	90	90	1790	240	10	100	0	0	240	10	30	0	0	170	190	0	190	70	290	30	0	190	90	0	0	1220	90	40	20	0	90	575	990	0	120	10	190	20	230	100	70	270	90	90	90	170	370	120	790	140	0	140	485	0	0	10	90	990	230	190	1060	0	110
0	0	0	0	0	155	70	655	0	50	0	0	0	0	1670	120	0	0	0	0	120	0	0	0	0	50	70	0	70	0	170	0	0	70	0	0	0	1100	0	0	0	0	0	455	870	0	0	0	70	0	110	0	0	150	0	0	0	50	250	0	670	20	0	20	365	0	0	0	0	870	110	70	940	0	0
0	0	100	10	0	265	180	765	110	160	80	80	80	80	1780	230	0	90	0	0	230	0	20	0	0	160	180	0	180	60	280	20	0	180	80	0	0	1210	80	30	10	0	80	565	980	0	110	0	180	10	220	90	60	260	80	80	80	160	360	110	780	130	0	130	475	0	0	0	80	980	220	180	1050	0	100
0	0	0	0	0	85	0	585	0	0	0	0	0	0	1600	50	0	0	0	0	50	0	0	0	0	0	0	0	0	0	100	0	0	0	0	0	0	1030	0	0	0	0	0	385	800	0	0	0	0	0	40	0	0	80	0	0	0	0	180	0	600	0	0	0	295	0	0	0	0	800	40	0	870	0	0
0	0	90	0	0	255	170	755	100	150	70	70	70	70	1770	220	0	80	0	0	220	0	10	0	0	150	170	0	170	50	270	10	0	170	70	0	0	1200	70	20	0	0	70	555	970	0	100	0	170	0	210	80	50	250	70	70	70	150	350	100	770	120	0	120	465	0	0	0	70	970	210	170	1040	0	90
0	0	0	0	0	45	0	545	0	0	0	0	0	0	1560	10	0	0	0	0	10	0	0	0	0	0	0	0	0	0	60	0	0	0	0	0	0	990	0	0	0	0	0	345	760	0	0	0	0	0	0	0	0	40	0	0	0	0	140	0	560	0	0	0	255	0	0	0	0	760	0	0	830	0	0
0	0	10	0	0	175	90	675	20	70	0	0	0	0	1690	140	0	0	0	0	140	0	0	0	0	70	90	0	90	0	190	0	0	90	0	0	0	1120	0	0	0	0	0	475	890	0	20	0	90	0	130	0	0	170	0	0	0	70	270	20	690	40	0	40	385	0	0	0	0	890	130	90	960	0	10
0	0	40	0	0	205	120	705	50	100	20	20	20	20	1720	170	0	30	0	0	170	0	0	0	0	100	120	0	120	0	220	0	0	120	20	0	0	1150	20	0	0	0	20	505	920	0	50	0	120	0	160	30	0	200	20	20	20	100	300	50	720	70	0	70	415	0	0	0	20	920	160	120	990	0	40
0	0	0	0	0	5	0	505	0	0	0	0	0	0	1520	0	0	0	0	0	0	0	0	0	0	0	0	0	0	0	20	0	0	0	0	0	0	950	0	0	0	0	0	305	720	0	0	0	0	0	0	0	0	0	0	0	0	0	100	0	520	0	0	0	215	0	0	0	0	720	0	0	790	0	0
0	0	20	0	0	185	100	685	30	80	0	0	0	0	1700	150	0	10	0	0	150	0	0	0	0	80	100	0	100	0	200	0	0	100	0	0	0	1130	0	0	0	0	0	485	900	0	30	0	100	0	140	10	0	180	0	0	0	80	280	30	700	50	0	50	395	0	0	0	0	900	140	100	970	0	20
0	0	20	0	0	185	100	685	30	80	0	0	0	0	1700	150	0	10	0	0	150	0	0	0	0	80	100	0	100	0	200	0	0	100	0	0	0	1130	0	0	0	0	0	485	900	0	30	0	100	0	140	10	0	180	0	0	0	80	280	30	700	50	0	50	395	0	0	0	0	900	140	100	970	0	20
0	0	20	0	0	185	100	685	30	80	0	0	0	0	1700	150	0	10	0	0	150	0	0	0	0	80	100	0	100	0	200	0	0	100	0	0	0	1130	0	0	0	0	0	485	900	0	30	0	100	0	140	10	0	180	0	0	0	80	280	30	700	50	0	50	395	0	0	0	0	900	140	100	970	0	20
0	0	0	0	0	105	20	605	0	0	0	0	0	0	1620	70	0	0	0	0	70	0	0	0	0	0	20	0	20	0	120	0	0	20	0	0	0	1050	0	0	0	0	0	405	820	0	0	0	20	0	60	0	0	100	0	0	0	0	200	0	620	0	0	0	315	0	0	0	0	820	60	20	890	0	0
0	0	0	0	0	0	0	405	0	0	0	0	0	0	1420	0	0	0	0	0	0	0	0	0	0	0	0	0	0	0	0	0	0	0	0	0	0	850	0	0	0	0	0	205	620	0	0	0	0	0	0	0	0	0	0	0	0	0	0	0	420	0	0	0	115	0	0	0	0	620	0	0	690	0	0
0	0	0	0	0	155	70	655	0	50	0	0	0	0	1670	120	0	0	0	0	120	0	0	0	0	50	70	0	70	0	170	0	0	70	0	0	0	1100	0	0	0	0	0	455	870	0	0	0	70	0	110	0	0	150	0	0	0	50	250	0	670	20	0	20	365	0	0	0	0	870	110	70	940	0	0
0	0	0	0	0	0	0	0	0	0	0	0	0	0	1000	0	0	0	0	0	0	0	0	0	0	0	0	0	0	0	0	0	0	0	0	0	0	430	0	0	0	0	0	0	200	0	0	0	0	0	0	0	0	0	0	0	0	0	0	0	0	0	0	0	0	0	0	0	0	200	0	0	270	0	0
0	0	0	0	0	135	50	635	0	30	0	0	0	0	1650	100	0	0	0	0	100	0	0	0	0	30	50	0	50	0	150	0	0	50	0	0	0	1080	0	0	0	0	0	435	850	0	0	0	50	0	90	0	0	130	0	0	0	30	230	0	650	0	0	0	345	0	0	0	0	850	90	50	920	0	0
0	20	120	30	20	285	200	785	130	180	100	100	100	100	1800	250	20	110	0	0	250	20	40	0	0	180	200	10	200	80	300	40	0	200	100	0	0	1230	100	50	30	0	100	585	1000	10	130	20	200	30	240	110	80	280	100	100	100	180	380	130	800	150	0	150	495	10	10	20	100	1000	240	200	1070	0	120
0	0	0	0	0	135	50	635	0	30	0	0	0	0	1650	100	0	0	0	0	100	0	0	0	0	30	50	0	50	0	150	0	0	50	0	0	0	1080	0	0	0	0	0	435	850	0	0	0	50	0	90	0	0	130	0	0	0	30	230	0	650	0	0	0	345	0	0	0	0	850	90	50	920	0	0
0	0	0	0	0	0	0	290	0	0	0	0	0	0	1305	0	0	0	0	0	0	0	0	0	0	0	0	0	0	0	0	0	0	0	0	0	0	735	0	0	0	0	0	90	505	0	0	0	0	0	0	0	0	0	0	0	0	0	0	0	305	0	0	0	0	0	0	0	0	505	0	0	575	0	0
0	10	110	20	10	275	190	775	120	170	90	90	90	90	1790	240	10	100	0	0	240	10	30	0	0	170	190	0	190	70	290	30	0	190	90	0	0	1220	90	40	20	0	90	575	990	0	120	10	190	20	230	100	70	270	90	90	90	170	370	120	790	140	0	140	485	0	0	10	90	990	230	190	1060	0	110
0	10	110	20	10	275	190	775	120	170	90	90	90	90	1790	240	10	100	0	0	240	10	30	0	0	170	190	0	190	70	290	30	0	190	90	0	0	1220	90	40	20	0	90	575	990	0	120	10	190	20	230	100	70	270	90	90	90	170	370	120	790	140	0	140	485	0	0	10	90	990	230	190	1060	0	110
0	0	100	10	0	265	180	765	110	160	80	80	80	80	1780	230	0	90	0	0	230	0	20	0	0	160	180	0	180	60	280	20	0	180	80	0	0	1210	80	30	10	0	80	565	980	0	110	0	180	10	220	90	60	260	80	80	80	160	360	110	780	130	0	130	475	0	0	0	80	980	220	180	1050	0	100
0	0	20	0	0	185	100	685	30	80	0	0	0	0	1700	150	0	10	0	0	150	0	0	0	0	80	100	0	100	0	200	0	0	100	0	0	0	1130	0	0	0	0	0	485	900	0	30	0	100	0	140	10	0	180	0	0	0	80	280	30	700	50	0	50	395	0	0	0	0	900	140	100	970	0	20
0	0	0	0	0	0	0	0	0	0	0	0	0	0	800	0	0	0	0	0	0	0	0	0	0	0	0	0	0	0	0	0	0	0	0	0	0	230	0	0	0	0	0	0	0	0	0	0	0	0	0	0	0	0	0	0	0	0	0	0	0	0	0	0	0	0	0	0	0	0	0	0	70	0	0
0	0	0	0	0	45	0	545	0	0	0	0	0	0	1560	10	0	0	0	0	10	0	0	0	0	0	0	0	0	0	60	0	0	0	0	0	0	990	0	0	0	0	0	345	760	0	0	0	0	0	0	0	0	40	0	0	0	0	140	0	560	0	0	0	255	0	0	0	0	760	0	0	830	0	0
0	0	0	0	0	85	0	585	0	0	0	0	0	0	1600	50	0	0	0	0	50	0	0	0	0	0	0	0	0	0	100	0	0	0	0	0	0	1030	0	0	0	0	0	385	800	0	0	0	0	0	40	0	0	80	0	0	0	0	180	0	600	0	0	0	295	0	0	0	0	800	40	0	870	0	0
0	0	0	0	0	0	0	0	0	0	0	0	0	0	730	0	0	0	0	0	0	0	0	0	0	0	0	0	0	0	0	0	0	0	0	0	0	160	0	0	0	0	0	0	0	0	0	0	0	0	0	0	0	0	0	0	0	0	0	0	0	0	0	0	0	0	0	0	0	0	0	0	0	0	0
0	20	120	30	20	285	200	785	130	180	100	100	100	100	1800	250	20	110	0	0	250	20	40	0	0	180	200	10	200	80	300	40	0	200	100	0	0	1230	100	50	30	0	100	585	1000	10	130	20	200	30	240	110	80	280	100	100	100	180	380	130	800	150	0	150	495	10	10	20	100	1000	240	200	1070	0	120
0	0	0	0	0	165	80	665	10	60	0	0	0	0	1680	130	0	0	0	0	130	0	0	0	0	60	80	0	80	0	180	0	0	80	0	0	0	1110	0	0	0	0	0	465	880	0	10	0	80	0	120	0	0	160	0	0	0	60	260	10	680	30	0	30	375	0	0	0	0	880	120	80	950	0	0

0	0	0	0	0	0	0	0	0	0	0	0	0	0	0	0	0	0	0	0	0	0	0	0	0	0	0	0	0	0	0	0	0	0	0	0	0	0	0	0	0	45	0	0	0	0	0	0	0	0	0	0	0	0	0	0	0	0	0	0	0	0	0	0	0	0	0	0	0	0	0	0	0	0	0
20	0	0	0	0	0	0	0	0	0	0	0	0	0	0	0	0	0	20	20	0	0	0	20	20	0	0	10	0	0	0	0	20	0	0	20	20	0	0	0	0	65	0	0	0	10	0	0	0	0	0	0	0	0	0	0	0	0	0	0	0	0	20	0	0	10	10	0	0	0	0	0	0	20	0
120	100	0	90	100	0	0	0	0	0	20	20	20	20	0	0	100	10	120	120	0	100	80	120	120	0	0	110	0	40	0	80	120	0	20	120	120	0	20	70	90	165	20	0	0	110	0	100	0	90	0	10	40	0	20	20	20	0	0	0	0	0	120	0	0	110	110	100	20	0	0	0	0	120	0
30	10	0	0	10	0	0	0	0	0	0	0	0	0	0	0	10	0	30	30	0	10	0	30	30	0	0	20	0	0	0	0	30	0	0	30	30	0	0	0	0	75	0	0	0	20	0	10	0	0	0	0	0	0	0	0	0	0	0	0	0	0	30	0	0	20	20	10	0	0	0	0	0	30	0
20	0	0	0	0	0	0	0	0	0	0	0	0	0	0	0	0	0	20	20	0	0	0	20	20	0	0	10	0	0	0	0	20	0	0	20	20	0	0	0	0	65	0	0	0	10	0	0	0	0	0	0	0	0	0	0	0	0	0	0	0	0	20	0	0	10	10	0	0	0	0	0	0	20	0
285	265	165	255	265	0	85	0	155	105	185	185	185	185	0	35	265	175	285	285	35	265	245	285	285	105	85	275	85	205	0	245	285	85	185	285	285	0	185	235	255	330	185	0	0	275	155	265	85	255	45	175	205	5	185	185	185	105	0	155	0	135	285	135	0	275	275	265	185	0	45	85	0	285	165
200	180	80	170	180	0	0	0	70	20	100	100	100	100	0	0	180	90	200	200	0	180	160	200	200	20	0	190	0	120	0	160	200	0	100	200	200	0	100	150	170	245	100	0	0	190	70	180	0	170	0	90	120	0	100	100	100	20	0	70	0	50	200	50	0	190	190	180	100	0	0	0	0	200	80
785	765	665	755	765	500	585	0	655	605	685	685	685	685	0	535	765	675	785	785	535	765	745	785	785	605	585	775	585	705	485	745	785	585	685	785	785	0	685	735	755	830	685	200	0	775	655	765	585	755	545	675	705	505	685	685	685	605	405	655	0	635	785	635	290	775	775	765	685	0	545	585	0	785	665
130	110	10	100	110	0	0	0	0	0	30	30	30	30	0	0	110	20	130	130	0	110	90	130	130	0	0	120	0	50	0	90	130	0	30	130	130	0	30	80	100	175	30	0	0	120	0	110	0	100	0	20	50	0	30	30	30	0	0	0	0	0	130	0	0	120	120	110	30	0	0	0	0	130	10
180	160	60	150	160	0	0	0	50	0	80	80	80	80	0	0	160	70	180	180	0	160	140	180	180	0	0	170	0	100	0	140	180	0	80	180	180	0	80	130	150	225	80	0	0	170	50	160	0	150	0	70	100	0	80	80	80	0	0	50	0	30	180	30	0	170	170	160	80	0	0	0	0	180	60
100	80	0	70	80	0	0	0	0	0	0	0	0	0	0	0	80	0	100	100	0	80	60	100	100	0	0	90	0	20	0	60	100	0	0	100	100	0	0	50	70	145	0	0	0	90	0	80	0	70	0	0	20	0	0	0	0	0	0	0	0	0	100	0	0	90	90	80	0	0	0	0	0	100	0
100	80	0	70	80	0	0	0	0	0	0	0	0	0	0	0	80	0	100	100	0	80	60	100	100	0	0	90	0	20	0	60	100	0	0	100	100	0	0	50	70	145	0	0	0	90	0	80	0	70	0	0	20	0	0	0	0	0	0	0	0	0	100	0	0	90	90	80	0	0	0	0	0	100	0
100	80	0	70	80	0	0	0	0	0	0	0	0	0	0	0	80	0	100	100	0	80	60	100	100	0	0	90	0	20	0	60	100	0	0	100	100	0	0	50	70	145	0	0	0	90	0	80	0	70	0	0	20	0	0	0	0	0	0	0	0	0	100	0	0	90	90	80	0	0	0	0	0	100	0
100	80	0	70	80	0	0	0	0	0	0	0	0	0	0	0	80	0	100	100	0	80	60	100	100	0	0	90	0	20	0	60	100	0	0	100	100	0	0	50	70	145	0	0	0	90	0	80	0	70	0	0	20	0	0	0	0	0	0	0	0	0	100	0	0	90	90	80	0	0	0	0	0	100	0
1800	1780	1680	1770	1780	1515	1600	1015	1670	1620	1700	1700	1700	1700	0	1550	1780	1690	1800	1800	1550	1780	1760	1800	1800	1620	1600	1790	1600	1720	1500	1760	1800	1600	1700	1800	1800	570	1700	1750	1770	1845	1700	1215	800	1790	1670	1780	1600	1770	1560	1690	1720	1520	1700	1700	1700	1620	1420	1670	1000	1650	1800	1650	1305	1790	1790	1780	1700	800	1560	1600	730	1800	1680
250	230	130	220	230	0	50	0	120	70	150	150	150	150	0	0	230	140	250	250	0	230	210	250	250	70	50	240	50	170	0	210	250	50	150	250	250	0	150	200	220	295	150	0	0	240	120	230	50	220	10	140	170	0	150	150	150	70	0	120	0	100	250	100	0	240	240	230	150	0	10	50	0	250	130
20	0	0	0	0	0	0	0	0	0	0	0	0	0	0	0	0	0	20	20	0	0	0	20	20	0	0	10	0	0	0	0	20	0	0	20	20	0	0	0	0	65	0	0	0	10	0	0	0	0	0	0	0	0	0	0	0	0	0	0	0	0	20	0	0	10	10	0	0	0	0	0	0	20	0
110	90	0	80	90	0	0	0	0	0	10	10	10	10	0	0	90	0	110	110	0	90	70	110	110	0	0	100	0	30	0	70	110	0	10	110	110	0	10	60	80	155	10	0	0	100	0	90	0	80	0	0	30	0	10	10	10	0	0	0	0	0	110	0	0	100	100	90	10	0	0	0	0	110	0
0	0	0	0	0	0	0	0	0	0	0	0	0	0	0	0	0	0	0	0	0	0	0	0	0	0	0	0	0	0	0	0	0	0	0	0	0	0	0	0	0	45	0	0	0	0	0	0	0	0	0	0	0	0	0	0	0	0	0	0	0	0	0	0	0	0	0	0	0	0	0	0	0	0	0
0	0	0	0	0	0	0	0	0	0	0	0	0	0	0	0	0	0	0	0	0	0	0	0	0	0	0	0	0	0	0	0	0	0	0	0	0	0	0	0	0	45	0	0	0	0	0	0	0	0	0	0	0	0	0	0	0	0	0	0	0	0	0	0	0	0	0	0	0	0	0	0	0	0	0
250	230	130	220	230	0	50	0	120	70	150	150	150	150	0	0	230	140	250	250	0	230	210	250	250	70	50	240	50	170	0	210	250	50	150	250	250	0	150	200	220	295	150	0	0	240	120	230	50	220	10	140	170	0	150	150	150	70	0	120	0	100	250	100	0	240	240	230	150	0	10	50	0	250	130
20	0	0	0	0	0	0	0	0	0	0	0	0	0	0	0	0	0	20	20	0	0	0	20	20	0	0	10	0	0	0	0	20	0	0	20	20	0	0	0	0	65	0	0	0	10	0	0	0	0	0	0	0	0	0	0	0	0	0	0	0	0	20	0	0	10	10	0	0	0	0	0	0	20	0
40	20	0	10	20	0	0	0	0	0	0	0	0	0	0	0	20	0	40	40	0	20	0	40	40	0	0	30	0	0	0	0	40	0	0	40	40	0	0	0	10	85	0	0	0	30	0	20	0	10	0	0	0	0	0	0	0	0	0	0	0	0	40	0	0	30	30	20	0	0	0	0	0	40	0
0	0	0	0	0	0	0	0	0	0	0	0	0	0	0	0	0	0	0	0	0	0	0	0	0	0	0	0	0	0	0	0	0	0	0	0	0	0	0	0	0	45	0	0	0	0	0	0	0	0	0	0	0	0	0	0	0	0	0	0	0	0	0	0	0	0	0	0	0	0	0	0	0	0	0
0	0	0	0	0	0	0	0	0	0	0	0	0	0	0	0	0	0	0	0	0	0	0	0	0	0	0	0	0	0	0	0	0	0	0	0	0	0	0	0	0	45	0	0	0	0	0	0	0	0	0	0	0	0	0	0	0	0	0	0	0	0	0	0	0	0	0	0	0	0	0	0	0	0	0
180	160	60	150	160	0	0	0	50	0	80	80	80	80	0	0	160	70	180	180	0	160	140	180	180	0	0	170	0	100	0	140	180	0	80	180	180	0	80	130	150	225	80	0	0	170	50	160	0	150	0	70	100	0	80	80	80	0	0	50	0	30	180	30	0	170	170	160	80	0	0	0	0	180	60
200	180	80	170	180	0	0	0	70	20	100	100	100	100	0	0	180	90	200	200	0	180	160	200	200	20	0	190	0	120	0	160	200	0	100	200	200	0	100	150	170	245	100	0	0	190	70	180	0	170	0	90	120	0	100	100	100	20	0	70	0	50	200	50	0	190	190	180	100	0	0	0	0	200	80
10	0	0	0	0	0	0	0	0	0	0	0	0	0	0	0	0	0	10	10	0	0	0	10	10	0	0	0	0	0	0	0	10	0	0	10	10	0	0	0	0	55	0	0	0	0	0	0	0	0	0	0	0	0	0	0	0	0	0	0	0	0	10	0	0	0	0	0	0	0	0	0	0	10	0
200	180	80	170	180	0	0	0	70	20	100	100	100	100	0	0	180	90	200	200	0	180	160	200	200	20	0	190	0	120	0	160	200	0	100	200	200	0	100	150	170	245	100	0	0	190	70	180	0	170	0	90	120	0	100	100	100	20	0	70	0	50	200	50	0	190	190	180	100	0	0	0	0	200	80
80	60	0	50	60	0	0	0	0	0	0	0	0	0	0	0	60	0	80	80	0	60	40	80	80	0	0	70	0	0	0	40	80	0	0	80	80	0	0	30	50	125	0	0	0	70	0	60	0	50	0	0	0	0	0	0	0	0	0	0	0	0	80	0	0	70	70	60	0	0	0	0	0	80	0
300	280	180	270	280	15	100	0	170	120	200	200	200	200	0	50	280	190	300	300	50	280	260	300	300	120	100	290	100	220	0	260	300	100	200	300	300	0	200	250	270	345	200	0	0	290	170	280	100	270	60	190	220	20	200	200	200	120	0	170	0	150	300	150	0	290	290	280	200	0	60	100	0	300	180
40	20	0	10	20	0	0	0	0	0	0	0	0	0	0	0	20	0	40	40	0	20	0	40	40	0	0	30	0	0	0	0	40	0	0	40	40	0	0	0	10	85	0	0	0	30	0	20	0	10	0	0	0	0	0	0	0	0	0	0	0	0	40	0	0	30	30	20	0	0	0	0	0	40	0
0	0	0	0	0	0	0	0	0	0	0	0	0	0	0	0	0	0	0	0	0	0	0	0	0	0	0	0	0	0	0	0	0	0	0	0	0	0	0	0	0	45	0	0	0	0	0	0	0	0	0	0	0	0	0	0	0	0	0	0	0	0	0	0	0	0	0	0	0	0	0	0	0	0	0
200	180	80	170	180	0	0	0	70	20	100	100	100	100	0	0	180	90	200	200	0	180	160	200	200	20	0	190	0	120	0	160	200	0	100	200	200	0	100	150	170	245	100	0	0	190	70	180	0	170	0	90	120	0	100	100	100	20	0	70	0	50	200	50	0	190	190	180	100	0	0	0	0	200	80
100	80	0	70	80	0	0	0	0	0	0	0	0	0	0	0	80	0	100	100	0	80	60	100	100	0	0	90	0	20	0	60	100	0	0	100	100	0	0	50	70	145	0	0	0	90	0	80	0	70	0	0	20	0	0	0	0	0	0	0	0	0	100	0	0	90	90	80	0	0	0	0	0	100	0
0	0	0	0	0	0	0	0	0	0	0	0	0	0	0	0	0	0	0	0	0	0	0	0	0	0	0	0	0	0	0	0	0	0	0	0	0	0	0	0	0	45	0	0	0	0	0	0	0	0	0	0	0	0	0	0	0	0	0	0	0	0	0	0	0	0	0	0	0	0	0	0	0	0	0
0	0	0	0	0	0	0	0	0	0	0	0	0	0	0	0	0	0	0	0	0	0	0	0	0	0	0	0	0	0	0	0	0	0	0	0	0	0	0	0	0	45	0	0	0	0	0	0	0	0	0	0	0	0	0	0	0	0	0	0	0	0	0	0	0	0	0	0	0	0	0	0	0	0	0
1230	1210	1110	1200	1210	945	1030	445	1100	1050	1130	1130	1130	1130	0	980	1210	1120	1230	1230	980	1210	1190	1230	1230	1050	1030	1220	1030	1150	930	1190	1230	1030	1130	1230	1230	0	1130	1180	1200	1275	1130	645	230	1220	1100	1210	1030	1200	990	1120	1150	950	1130	1130	1130	1050	850	1100	430	1080	1230	1080	735	1220	1220	1210	1130	230	990	1030	160	1230	1110
100	80	0	70	80	0	0	0	0	0	0	0	0	0	0	0	80	0	100	100	0	80	60	100	100	0	0	90	0	20	0	60	100	0	0	100	100	0	0	50	70	145	0	0	0	90	0	80	0	70	0	0	20	0	0	0	0	0	0	0	0	0	100	0	0	90	90	80	0	0	0	0	0	100	0
50	30	0	20	30	0	0	0	0	0	0	0	0	0	0	0	30	0	50	50	0	30	10	50	50	0	0	40	0	0	0	10	50	0	0	50	50	0	0	0	20	95	0	0	0	40	0	30	0	20	0	0	0	0	0	0	0	0	0	0	0	0	50	0	0	40	40	30	0	0	0	0	0	50	0
30	10	0	0	10	0	0	0	0	0	0	0	0	0	0	0	10	0	30	30	0	10	0	30	30	0	0	20	0	0	0	0	30	0	0	30	30	0	0	0	0	75	0	0	0	20	0	10	0	0	0	0	0	0	0	0	0	0	0	0	0	0	30	0	0	20	20	10	0	0	0	0	0	30	0
0	0	0	0	0	0	0	0	0	0	0	0	0	0	0	0	0	0	0	0	0	0	0	0	0	0	0	0	0	0	0	0	0	0	0	0	0	0	0	0	0	0	0	0	0	0	0	0	0	0	0	0	0	0	0	0	0	0	0	0	0	0	0	0	0	0	0	0	0	0	0	0	0	0	0
100	80	0	70	80	0	0	0	0	0	0	0	0	0	0	0	80	0	100	100	0	80	60	100	100	0	0	90	0	20	0	60	100	0	0	100	100	0	0	50	70	145	0	0	0	90	0	80	0	70	0	0	20	0	0	0	0	0	0	0	0	0	100	0	0	90	90	80	0	0	0	0	0	100	0
585	565	465	555	565	300	385	0	455	405	485	485	485	485	0	335	565	475	585	585	335	565	545	585	585	405	385	575	385	505	285	545	585	385	485	585	585	0	485	535	555	630	485	0	0	575	455	565	385	555	345	475	505	305	485	485	485	405	205	455	0	435	585	435	90	575	575	565	485	0	345	385	0	585	465
1000	980	880	970	980	715	800	215	870	820	900	900	900	900	0	750	980	890	1000	1000	750	980	960	1000	1000	820	800	990	800	920	700	960	1000	800	900	1000	1000	0	900	950	970	1045	900	415	0	990	870	980	800	970	760	890	920	720	900	900	900	820	620	870	200	850	1000	850	505	990	990	980	900	0	760	800	0	1000	880
10	0	0	0	0	0	0	0	0	0	0	0	0	0	0	0	0	0	10	10	0	0	0	10	10	0	0	0	0	0	0	0	10	0	0	10	10	0	0	0	0	55	0	0	0	0	0	0	0	0	0	0	0	0	0	0	0	0	0	0	0	0	10	0	0	0	0	0	0	0	0	0	0	10	0
130	110	10	100	110	0	0	0	0	0	30	30	30	30	0	0	110	20	130	130	0	110	90	130	130	0	0	120	0	50	0	90	130	0	30	130	130	0	30	80	100	175	30	0	0	120	0	110	0	100	0	20	50	0	30	30	30	0	0	0	0	0	130	0	0	120	120	110	30	0	0	0	0	130	10
20	0	0	0	0	0	0	0	0	0	0	0	0	0	0	0	0	0	20	20	0	0	0	20	20	0	0	10	0	0	0	0	20	0	0	20	20	0	0	0	0	65	0	0	0	10	0	0	0	0	0	0	0	0	0	0	0	0	0	0	0	0	20	0	0	10	10	0	0	0	0	0	0	20	0
200	180	80	170	180	0	0	0	70	20	100	100	100	100	0	0	180	90	200	200	0	180	160	200	200	20	0	190	0	120	0	160	200	0	100	200	200	0	100	150	170	245	100	0	0	190	70	180	0	170	0	90	120	0	100	100	100	20	0	70	0	50	200	50	0	190	190	180	100	0	0	0	0	200	80
30	10	0	0	10	0	0	0	0	0	0	0	0	0	0	0	10	0	30	30	0	10	0	30	30	0	0	20	0	0	0	0	30	0	0	30	30	0	0	0	0	75	0	0	0	20	0	10	0	0	0	0	0	0	0	0	0	0	0	0	0	0	30	0	0	20	20	10	0	0	0	0	0	30	0
240	220	120	210	220	0	40	0	110	60	140	140	140	140	0	0	220	130	240	240	0	220	200	240	240	60	40	230	40	160	0	200	240	40	140	240	240	0	140	190	210	285	140	0	0	230	110	220	40	210	0	130	160	0	140	140	140	60	0	110	0	90	240	90	0	230	230	220	140	0	0	40	0	240	120
110	90	0	80	90	0	0	0	0	0	10	10	10	10	0	0	90	0	110	110	0	90	70	110	110	0	0	100	0	30	0	70	110	0	10	110	110	0	10	60	80	155	10	0	0	100	0	90	0	80	0	0	30	0	10	10	10	0	0	0	0	0	110	0	0	100	100	90	10	0	0	0	0	110	0
80	60	0	50	60	0	0	0	0	0	0	0	0	0	0	0	60	0	80	80	0	60	40	80	80	0	0	70	0	0	0	40	80	0	0	80	80	0	0	30	50	125	0	0	0	70	0	60	0	50	0	0	0	0	0	0	0	0	0	0	0	0	80	0	0	70	70	60	0	0	0	0	0	80	0
280	260	160	250	260	0	80	0	150	100	180	180	180	180	0	30	260	170	280	280	30	260	240	280	280	100	80	270	80	200	0	240	280	80	180	280	280	0	180	230	250	325	180	0	0	270	150	260	80	250	40	170	200	0	180	180	180	100	0	150	0	130	280	130	0	270	270	260	180	0	40	80	0	280	160
100	80	0	70	80	0	0	0	0	0	0	0	0	0	0	0	80	0	100	100	0	80	60	100	100	0	0	90	0	20	0	60	100	0	0	100	100	0	0	50	70	145	0	0	0	90	0	80	0	70	0	0	20	0	0	0	0	0	0	0	0	0	100	0	0	90	90	80	0	0	0	0	0	100	0
100	80	0	70	80	0	0	0	0	0	0	0	0	0	0	0	80	0	100	100	0	80	60	100	100	0	0	90	0	20	0	60	100	0	0	100	100	0	0	50	70	145	0	0	0	90	0	80	0	70	0	0	20	0	0	0	0	0	0	0	0	0	100	0	0	90	90	80	0	0	0	0	0	100	0
100	80	0	70	80	0	0	0	0	0	0	0	0	0	0	0	80	0	100	100	0	80	60	100	100	0	0	90	0	20	0	60	100	0	0	100	100	0	0	50	70	145	0	0	0	90	0	80	0	70	0	0	20	0	0	0	0	0	0	0	0	0	100	0	0	90	90	80	0	0	0	0	0	100	0
180	160	60	150	160	0	0	0	50	0	80	80	80	80	0	0	160	70	180	180	0	160	140	180	180	0	0	170	0	100	0	140	180	0	80	180	180	0	80	130	150	225	80	0	0	170	50	160	0	150	0	70	100	0	80	80	80	0	0	50	0	30	180	30	0	170	170	160	80	0	0	0	0	180	60
380	360	260	350	360	95	180	0	250	200	280	280	280	280	0	130	360	270	380	380	130	360	340	380	380	200	180	370	180	300	80	340	380	180	280	380	380	0	280	330	350	425	280	0	0	370	250	360	180	350	140	270	300	100	280	280	280	200	0	250	0	230	380	230	0	370	370	360	280	0	140	180	0	380	260
130	110	10	100	110	0	0	0	0	0	30	30	30	30	0	0	110	20	130	130	0	110	90	130	130	0	0	120	0	50	0	90	130	0	30	130	130	0	30	80	100	175	30	0	0	120	0	110	0	100	0	20	50	0	30	30	30	0	0	0	0	0	130	0	0	120	120	110	30	0	0	0	0	130	10
800	780	680	770	780	515	600	15	670	620	700	700	700	700	0	550	780	690	800	800	550	780	760	800	800	620	600	790	600	720	500	760	800	600	700	800	800	0	700	750	770	845	700	215	0	790	670	780	600	770	560	690	720	520	700	700	700	620	420	670	0	650	800	650	305	790	790	780	700	0	560	600	0	800	680
150	130	30	120	130	0	0	0	20	0	50	50	50	50	0	0	130	40	150	150	0	130	110	150	150	0	0	140	0	70	0	110	150	0	50	150	150	0	50	100	120	195	50	0	0	140	20	130	0	120	0	40	70	0	50	50	50	0	0	20	0	0	150	0	0	140	140	130	50	0	0	0	0	150	30
0	0	0	0	0	0	0	0	0	0	0	0	0	0	0	0	0	0	0	0	0	0	0	0	0	0	0	0	0	0	0	0	0	0	0	0	0	0	0	0	0	45	0	0	0	0	0	0	0	0	0	0	0	0	0	0	0	0	0	0	0	0	0	0	0	0	0	0	0	0	0	0	0	0	0
150	130	30	120	130	0	0	0	20	0	50	50	50	50	0	0	130	40	150	150	0	130	110	150	150	0	0	140	0	70	0	110	150	0	50	150	150	0	50	100	120	195	50	0	0	140	20	130	0	120	0	40	70	0	50	50	50	0	0	20	0	0	150	0	0	140	140	130	50	0	0	0	0	150	30
495	475	375	465	475	210	295	0	365	315	395	395	395	395	0	245	475	385	495	495	245	475	455	495	495	315	295	485	295	415	195	455	495	295	395	495	495	0	395	445	465	540	395	0	0	485	365	475	295	465	255	385	415	215	395	395	395	315	115	365	0	345	495	345	0	485	485	475	395	0	255	295	0	495	375
10	0	0	0	0	0	0	0	0	0	0	0	0	0	0	0	0	0	10	10	0	0	0	10	10	0	0	0	0	0	0	0	10	0	0	10	10	0	0	0	0	55	0	0	0	0	0	0	0	0	0	0	0	0	0	0	0	0	0	0	0	0	10	0	0	0	0	0	0	0	0	0	0	10	0
10	0	0	0	0	0	0	0	0	0	0	0	0	0	0	0	0	0	10	10	0	0	0	10	10	0	0	0	0	0	0	0	10	0	0	10	10	0	0	0	0	55	0	0	0	0	0	0	0	0	0	0	0	0	0	0	0	0	0	0	0	0	10	0	0	0	0	0	0	0	0	0	0	10	0
20	0	0	0	0	0	0	0	0	0	0	0	0	0	0	0	0	0	20	20	0	0	0	20	20	0	0	10	0	0	0	0	20	0	0	20	20	0	0	0	0	65	0	0	0	10	0	0	0	0	0	0	0	0	0	0	0	0	0	0	0	0	20	0	0	10	10	0	0	0	0	0	0	20	0
100	80	0	70	80	0	0	0	0	0	0	0	0	0	0	0	80	0	100	100	0	80	60	100	100	0	0	90	0	20	0	60	100	0	0	100	100	0	0	50	70	145	0	0	0	90	0	80	0	70	0	0	20	0	0	0	0	0	0	0	0	0	100	0	0	90	90	80	0	0	0	0	0	100	0
1000	980	880	970	980	715	800	215	870	820	900	900	900	900	0	750	980	890	1000	1000	750	980	960	1000	1000	820	800	990	800	920	700	960	1000	800	900	1000	1000	0	900	950	970	1045	900	415	0	990	870	980	800	970	760	890	920	720	900	900	900	820	620	870	200	850	1000	850	505	990	990	980	900	0	760	800	0	1000	880
240	220	120	210	220	0	40	0	110	60	140	140	140	140	0	0	220	130	240	240	0	220	200	240	240	60	40	230	40	160	0	200	240	40	140	240	240	0	140	190	210	285	140	0	0	230	110	220	40	210	0	130	160	0	140	140	140	60	0	110	0	90	240	90	0	230	230	220	140	0	0	40	0	240	120
200	180	80	170	180	0	0	0	70	20	100	100	100	100	0	0	180	90	200	200	0	180	160	200	200	20	0	190	0	120	0	160	200	0	100	200	200	0	100	150	170	245	100	0	0	190	70	180	0	170	0	90	120	0	100	100	100	20	0	70	0	50	200	50	0	190	190	180	100	0	0	0	0	200	80
1070	1050	950	1040	1050	785	870	285	940	890	970	970	970	970	0	820	1050	960	1070	1070	820	1050	1030	1070	1070	890	870	1060	870	990	770	1030	1070	870	970	1070	1070	0	970	1020	1040	1115	970	485	70	1060	940	1050	870	1040	830	960	990	790	970	970	970	890	690	940	270	920	1070	920	575	1060	1060	1050	970	70	830	870	0	1070	950
0	0	0	0	0	0	0	0	0	0	0	0	0	0	0	0	0	0	0	0	0	0	0	0	0	0	0	0	0	0	0	0	0	0	0	0	0	0	0	0	0	45	0	0	0	0	0	0	0	0	0	0	0	0	0	0	0	0	0	0	0	0	0	0	0	0	0	0	0	0	0	0	0	0	0
120	100	0	90	100	0	0	0	0	0	20	20	20	20	0	0	100	10	120	120	0	100	80	120	120	0	0	110	0	40	0	80	120	0	20	120	120	0	20	70	90	165	20	0	0	110	0	100	0	90	0	10	40	0	20	20	20	0	0	0	0	0	120	0	0	110	110	100	20	0	0	0	0	120	0