1802 1832 1812 1796 1815 1593 1798 1854 1785 1765 1852 1789 1427 1854 1839 1861 1859 1784 1853 1865 1829 1811 1838 1841 1852 1829 1797 1857 1850 1849 1862 1866 1860 1867 1853 1850 1833 1790 1847 1842 1865 1852 1845 1837 1772 1795 1835 1863 1838 1845 1848 1844 1856 1812 1856 1836 1862 1508 1814 1806 1777 1600 1845 1847 1854 1852 1796 1840 1796 1846 1447 1853 1841 1845 1778

85

61 58 60 61 59 82 61 55 62 64 55 62 99 55 57 55 55 62 55 54 58 60 57 57 55 58 61 55 56 56 54 54 55 54 55 56 57 62 56 56 54 55 56 57 64 61 57 54 57 56 56 56 55 60 55 57 54 91 59 60 63 82 56 56 55 55 61 57 61 56 97 55 57 56 63

14 42 31 13

33970

0	0	0	0	0	0	0	0	46	0	0	0	0	0	0	0	0	0	0	0	0	0	0	0	0	0	11	0	0	0	0	0	0	0	0	0	0	0	0	0	0	0	0	0	0	7	0	0	0	0	0	0	0	0	0	0	0	0	0	0	28	0	0	0	0	0	0	0	0	0	0	0	0	0	0
530	0	391	171	486	168	523	55	576	0	129	522	0	96	11	161	311	0	297	129	261	491	307	38	55	432	541	69	308	250	151	106	64	198	16	305	0	0	51	186	130	306	51	366	0	537	0	55	308	55	73	324	51	11	243	243	51	308	401	432	558	151	221	275	6	6	502	71	491	146	306	267	308	291	0
139	0	0	0	95	0	132	0	185	0	0	131	0	0	0	0	0	0	0	0	0	100	0	0	0	41	150	0	0	0	0	0	0	0	0	0	0	0	0	0	0	0	0	0	0	146	0	0	0	0	0	0	0	0	0	0	0	0	10	41	167	0	0	0	0	0	111	0	100	0	0	0	0	0	0
359	0	220	0	315	0	352	0	405	0	0	351	0	0	0	0	140	0	126	0	90	320	136	0	0	261	370	0	137	79	0	0	0	27	0	134	0	0	0	15	0	135	0	195	0	366	0	0	137	0	0	153	0	0	72	72	0	137	230	261	387	0	50	104	0	0	331	0	320	0	135	96	137	120	0
44	0	0	0	0	0	37	0	90	0	0	36	0	0	0	0	0	0	0	0	0	5	0	0	0	0	55	0	0	0	0	0	0	0	0	0	0	0	0	0	0	0	0	0	0	51	0	0	0	0	0	0	0	0	0	0	0	0	0	0	72	0	0	0	0	0	16	0	5	0	0	0	0	0	0
362	0	223	3	318	0	355	0	408	0	0	354	0	0	0	0	143	0	129	0	93	323	139	0	0	264	373	0	140	82	0	0	0	30	0	137	0	0	0	18	0	138	0	198	0	369	0	0	140	0	0	156	0	0	75	75	0	140	233	264	390	0	53	107	0	0	334	0	323	0	138	99	140	123	0
7	0	0	0	0	0	0	0	53	0	0	0	0	0	0	0	0	0	0	0	0	0	0	0	0	0	18	0	0	0	0	0	0	0	0	0	0	0	0	0	0	0	0	0	0	14	0	0	0	0	0	0	0	0	0	0	0	0	0	0	35	0	0	0	0	0	0	0	0	0	0	0	0	0	0
475	0	336	116	431	113	468	0	521	0	74	467	0	41	0	106	256	0	242	74	206	436	252	0	0	377	486	14	253	195	96	51	9	143	0	250	0	0	0	131	75	251	0	311	0	482	0	0	253	0	18	269	0	0	188	188	0	253	346	377	503	96	166	220	0	0	447	16	436	91	251	212	253	236	0
0	0	0	0	0	0	0	0	0	0	0	0	0	0	0	0	0	0	0	0	0	0	0	0	0	0	0	0	0	0	0	0	0	0	0	0	0	0	0	0	0	0	0	0	0	0	0	0	0	0	0	0	0	0	0	0	0	0	0	0	0	0	0	0	0	0	0	0	0	0	0	0	0	0	0
612	82	473	253	568	250	605	137	658	0	211	604	0	178	93	243	393	0	379	211	343	573	389	120	137	514	623	151	390	332	233	188	146	280	98	387	48	0	133	268	212	388	133	448	0	619	53	137	390	137	155	406	133	93	325	325	133	390	483	514	640	233	303	357	88	88	584	153	573	228	388	349	390	373	0
401	0	262	42	357	39	394	0	447	0	0	393	0	0	0	32	182	0	168	0	132	362	178	0	0	303	412	0	179	121	22	0	0	69	0	176	0	0	0	57	1	177	0	237	0	408	0	0	179	0	0	195	0	0	114	114	0	179	272	303	429	22	92	146	0	0	373	0	362	17	177	138	179	162	0
8	0	0	0	0	0	1	0	54	0	0	0	0	0	0	0	0	0	0	0	0	0	0	0	0	0	19	0	0	0	0	0	0	0	0	0	0	0	0	0	0	0	0	0	0	15	0	0	0	0	0	0	0	0	0	0	0	0	0	0	36	0	0	0	0	0	0	0	0	0	0	0	0	0	0
829	299	690	470	785	467	822	354	875	217	428	821	0	395	310	460	610	210	596	428	560	790	606	337	354	731	840	368	607	549	450	405	363	497	315	604	265	203	350	485	429	605	350	665	106	836	270	354	607	354	372	623	350	310	542	542	350	607	700	731	857	450	520	574	305	305	801	370	790	445	605	566	607	590	126
434	0	295	75	390	72	427	0	480	0	33	426	0	0	0	65	215	0	201	33	165	395	211	0	0	336	445	0	212	154	55	10	0	102	0	209	0	0	0	90	34	210	0	270	0	441	0	0	212	0	0	228	0	0	147	147	0	212	305	336	462	55	125	179	0	0	406	0	395	50	210	171	212	195	0
519	0	380	160	475	157	512	44	565	0	118	511	0	85	0	150	300	0	286	118	250	480	296	27	44	421	530	58	297	239	140	95	53	187	5	294	0	0	40	175	119	295	40	355	0	526	0	44	297	44	62	313	40	0	232	232	40	297	390	421	547	140	210	264	0	0	491	60	480	135	295	256	297	280	0
369	0	230	10	325	7	362	0	415	0	0	361	0	0	0	0	150	0	136	0	100	330	146	0	0	271	380	0	147	89	0	0	0	37	0	144	0	0	0	25	0	145	0	205	0	376	0	0	147	0	0	163	0	0	82	82	0	147	240	271	397	0	60	114	0	0	341	0	330	0	145	106	147	130	0
219	0	80	0	175	0	212	0	265	0	0	211	0	0	0	0	0	0	0	0	0	180	0	0	0	121	230	0	0	0	0	0	0	0	0	0	0	0	0	0	0	0	0	55	0	226	0	0	0	0	0	13	0	0	0	0	0	0	90	121	247	0	0	0	0	0	191	0	180	0	0	0	0	0	0
619	89	480	260	575	257	612	144	665	7	218	611	0	185	100	250	400	0	386	218	350	580	396	127	144	521	630	158	397	339	240	195	153	287	105	394	55	0	140	275	219	395	140	455	0	626	60	144	397	144	162	413	140	100	332	332	140	397	490	521	647	240	310	364	95	95	591	160	580	235	395	356	397	380	0
233	0	94	0	189	0	226	0	279	0	0	225	0	0	0	0	14	0	0	0	0	194	10	0	0	135	244	0	11	0	0	0	0	0	0	8	0	0	0	0	0	9	0	69	0	240	0	0	11	0	0	27	0	0	0	0	0	11	104	135	261	0	0	0	0	0	205	0	194	0	9	0	11	0	0
401	0	262	42	357	39	394	0	447	0	0	393	0	0	0	32	182	0	168	0	132	362	178	0	0	303	412	0	179	121	22	0	0	69	0	176	0	0	0	57	1	177	0	237	0	408	0	0	179	0	0	195	0	0	114	114	0	179	272	303	429	22	92	146	0	0	373	0	362	17	177	138	179	162	0
269	0	130	0	225	0	262	0	315	0	0	261	0	0	0	0	50	0	36	0	0	230	46	0	0	171	280	0	47	0	0	0	0	0	0	44	0	0	0	0	0	45	0	105	0	276	0	0	47	0	0	63	0	0	0	0	0	47	140	171	297	0	0	14	0	0	241	0	230	0	45	6	47	30	0
39	0	0	0	0	0	32	0	85	0	0	31	0	0	0	0	0	0	0	0	0	0	0	0	0	0	50	0	0	0	0	0	0	0	0	0	0	0	0	0	0	0	0	0	0	46	0	0	0	0	0	0	0	0	0	0	0	0	0	0	67	0	0	0	0	0	11	0	0	0	0	0	0	0	0
223	0	84	0	179	0	216	0	269	0	0	215	0	0	0	0	4	0	0	0	0	184	0	0	0	125	234	0	1	0	0	0	0	0	0	0	0	0	0	0	0	0	0	59	0	230	0	0	1	0	0	17	0	0	0	0	0	1	94	125	251	0	0	0	0	0	195	0	184	0	0	0	1	0	0
492	0	353	133	448	130	485	17	538	0	91	484	0	58	0	123	273	0	259	91	223	453	269	0	17	394	503	31	270	212	113	68	26	160	0	267	0	0	13	148	92	268	13	328	0	499	0	17	270	17	35	286	13	0	205	205	13	270	363	394	520	113	183	237	0	0	464	33	453	108	268	229	270	253	0
475	0	336	116	431	113	468	0	521	0	74	467	0	41	0	106	256	0	242	74	206	436	252	0	0	377	486	14	253	195	96	51	9	143	0	250	0	0	0	131	75	251	0	311	0	482	0	0	253	0	18	269	0	0	188	188	0	253	346	377	503	96	166	220	0	0	447	16	436	91	251	212	253	236	0
98	0	0	0	54	0	91	0	144	0	0	90	0	0	0	0	0	0	0	0	0	59	0	0	0	0	109	0	0	0	0	0	0	0	0	0	0	0	0	0	0	0	0	0	0	105	0	0	0	0	0	0	0	0	0	0	0	0	0	0	126	0	0	0	0	0	70	0	59	0	0	0	0	0	0
0	0	0	0	0	0	0	0	35	0	0	0	0	0	0	0	0	0	0	0	0	0	0	0	0	0	0	0	0	0	0	0	0	0	0	0	0	0	0	0	0	0	0	0	0	0	0	0	0	0	0	0	0	0	0	0	0	0	0	0	17	0	0	0	0	0	0	0	0	0	0	0	0	0	0
461	0	322	102	417	99	454	0	507	0	60	453	0	27	0	92	242	0	228	60	192	422	238	0	0	363	472	0	239	181	82	37	0	129	0	236	0	0	0	117	61	237	0	297	0	468	0	0	239	0	4	255	0	0	174	174	0	239	332	363	489	82	152	206	0	0	433	2	422	77	237	198	239	222	0
222	0	83	0	178	0	215	0	268	0	0	214	0	0	0	0	3	0	0	0	0	183	0	0	0	124	233	0	0	0	0	0	0	0	0	0	0	0	0	0	0	0	0	58	0	229	0	0	0	0	0	16	0	0	0	0	0	0	93	124	250	0	0	0	0	0	194	0	183	0	0	0	0	0	0
280	0	141	0	236	0	273	0	326	0	0	272	0	0	0	0	61	0	47	0	11	241	57	0	0	182	291	0	58	0	0	0	0	0	0	55	0	0	0	0	0	56	0	116	0	287	0	0	58	0	0	74	0	0	0	0	0	58	151	182	308	0	0	25	0	0	252	0	241	0	56	17	58	41	0
379	0	240	20	335	17	372	0	425	0	0	371	0	0	0	10	160	0	146	0	110	340	156	0	0	281	390	0	157	99	0	0	0	47	0	154	0	0	0	35	0	155	0	215	0	386	0	0	157	0	0	173	0	0	92	92	0	157	250	281	407	0	70	124	0	0	351	0	340	0	155	116	157	140	0
424	0	285	65	380	62	417	0	470	0	23	416	0	0	0	55	205	0	191	23	155	385	201	0	0	326	435	0	202	144	45	0	0	92	0	199	0	0	0	80	24	200	0	260	0	431	0	0	202	0	0	218	0	0	137	137	0	202	295	326	452	45	115	169	0	0	396	0	385	40	200	161	202	185	0
466	0	327	107	422	104	459	0	512	0	65	458	0	32	0	97	247	0	233	65	197	427	243	0	0	368	477	5	244	186	87	42	0	134	0	241	0	0	0	122	66	242	0	302	0	473	0	0	244	0	9	260	0	0	179	179	0	244	337	368	494	87	157	211	0	0	438	7	427	82	242	203	244	227	0
332	0	193	0	288	0	325	0	378	0	0	324	0	0	0	0	113	0	99	0	63	293	109	0	0	234	343	0	110	52	0	0	0	0	0	107	0	0	0	0	0	108	0	168	0	339	0	0	110	0	0	126	0	0	45	45	0	110	203	234	360	0	23	77	0	0	304	0	293	0	108	69	110	93	0
514	0	375	155	470	152	507	39	560	0	113	506	0	80	0	145	295	0	281	113	245	475	291	22	39	416	525	53	292	234	135	90	48	182	0	289	0	0	35	170	114	290	35	350	0	521	0	39	292	39	57	308	35	0	227	227	35	292	385	416	542	135	205	259	0	0	486	55	475	130	290	251	292	275	0
225	0	86	0	181	0	218	0	271	0	0	217	0	0	0	0	6	0	0	0	0	186	2	0	0	127	236	0	3	0	0	0	0	0	0	0	0	0	0	0	0	1	0	61	0	232	0	0	3	0	0	19	0	0	0	0	0	3	96	127	253	0	0	0	0	0	197	0	186	0	1	0	3	0	0
564	34	425	205	520	202	557	89	610	0	163	556	0	130	45	195	345	0	331	163	295	525	341	72	89	466	575	103	342	284	185	140	98	232	50	339	0	0	85	220	164	340	85	400	0	571	5	89	342	89	107	358	85	45	277	277	85	342	435	466	592	185	255	309	40	40	536	105	525	180	340	301	342	325	0
626	96	487	267	582	264	619	151	672	14	225	618	0	192	107	257	407	7	393	225	357	587	403	134	151	528	637	165	404	346	247	202	160	294	112	401	62	0	147	282	226	402	147	462	0	633	67	151	404	151	169	420	147	107	339	339	147	404	497	528	654	247	317	371	102	102	598	167	587	242	402	363	404	387	0
479	0	340	120	435	117	472	4	525	0	78	471	0	45	0	110	260	0	246	78	210	440	256	0	4	381	490	18	257	199	100	55	13	147	0	254	0	0	0	135	79	255	0	315	0	486	0	4	257	4	22	273	0	0	192	192	0	257	350	381	507	100	170	224	0	0	451	20	440	95	255	216	257	240	0
344	0	205	0	300	0	337	0	390	0	0	336	0	0	0	0	125	0	111	0	75	305	121	0	0	246	355	0	122	64	0	0	0	12	0	119	0	0	0	0	0	120	0	180	0	351	0	0	122	0	0	138	0	0	57	57	0	122	215	246	372	0	35	89	0	0	316	0	305	0	120	81	122	105	0
400	0	261	41	356	38	393	0	446	0	0	392	0	0	0	31	181	0	167	0	131	361	177	0	0	302	411	0	178	120	21	0	0	68	0	175	0	0	0	56	0	176	0	236	0	407	0	0	178	0	0	194	0	0	113	113	0	178	271	302	428	21	91	145	0	0	372	0	361	16	176	137	178	161	0
224	0	85	0	180	0	217	0	270	0	0	216	0	0	0	0	5	0	0	0	0	185	1	0	0	126	235	0	2	0	0	0	0	0	0	0	0	0	0	0	0	0	0	60	0	231	0	0	2	0	0	18	0	0	0	0	0	2	95	126	252	0	0	0	0	0	196	0	185	0	0	0	2	0	0
479	0	340	120	435	117	472	4	525	0	78	471	0	45	0	110	260	0	246	78	210	440	256	0	4	381	490	18	257	199	100	55	13	147	0	254	0	0	0	135	79	255	0	315	0	486	0	4	257	4	22	273	0	0	192	192	0	257	350	381	507	100	170	224	0	0	451	20	440	95	255	216	257	240	0
164	0	25	0	120	0	157	0	210	0	0	156	0	0	0	0	0	0	0	0	0	125	0	0	0	66	175	0	0	0	0	0	0	0	0	0	0	0	0	0	0	0	0	0	0	171	0	0	0	0	0	0	0	0	0	0	0	0	35	66	192	0	0	0	0	0	136	0	125	0	0	0	0	0	0
723	193	584	364	679	361	716	248	769	111	322	715	0	289	204	354	504	104	490	322	454	684	500	231	248	625	734	262	501	443	344	299	257	391	209	498	159	97	244	379	323	499	244	559	0	730	164	248	501	248	266	517	244	204	436	436	244	501	594	625	751	344	414	468	199	199	695	264	684	339	499	460	501	484	20
0	0	0	0	0	0	0	0	39	0	0	0	0	0	0	0	0	0	0	0	0	0	0	0	0	0	4	0	0	0	0	0	0	0	0	0	0	0	0	0	0	0	0	0	0	0	0	0	0	0	0	0	0	0	0	0	0	0	0	0	21	0	0	0	0	0	0	0	0	0	0	0	0	0	0
559	29	420	200	515	197	552	84	605	0	158	551	0	125	40	190	340	0	326	158	290	520	336	67	84	461	570	98	337	279	180	135	93	227	45	334	0	0	80	215	159	335	80	395	0	566	0	84	337	84	102	353	80	40	272	272	80	337	430	461	587	180	250	304	35	35	531	100	520	175	335	296	337	320	0
475	0	336	116	431	113	468	0	521	0	74	467	0	41	0	106	256	0	242	74	206	436	252	0	0	377	486	14	253	195	96	51	9	143	0	250	0	0	0	131	75	251	0	311	0	482	0	0	253	0	18	269	0	0	188	188	0	253	346	377	503	96	166	220	0	0	447	16	436	91	251	212	253	236	0
222	0	83	0	178	0	215	0	268	0	0	214	0	0	0	0	3	0	0	0	0	183	0	0	0	124	233	0	0	0	0	0	0	0	0	0	0	0	0	0	0	0	0	58	0	229	0	0	0	0	0	16	0	0	0	0	0	0	93	124	250	0	0	0	0	0	194	0	183	0	0	0	0	0	0
475	0	336	116	431	113	468	0	521	0	74	467	0	41	0	106	256	0	242	74	206	436	252	0	0	377	486	14	253	195	96	51	9	143	0	250	0	0	0	131	75	251	0	311	0	482	0	0	253	0	18	269	0	0	188	188	0	253	346	377	503	96	166	220	0	0	447	16	436	91	251	212	253	236	0
457	0	318	98	413	95	450	0	503	0	56	449	0	23	0	88	238	0	224	56	188	418	234	0	0	359	468	0	235	177	78	33	0	125	0	232	0	0	0	113	57	233	0	293	0	464	0	0	235	0	0	251	0	0	170	170	0	235	328	359	485	78	148	202	0	0	429	0	418	73	233	194	235	218	0
206	0	67	0	162	0	199	0	252	0	0	198	0	0	0	0	0	0	0	0	0	167	0	0	0	108	217	0	0	0	0	0	0	0	0	0	0	0	0	0	0	0	0	42	0	213	0	0	0	0	0	0	0	0	0	0	0	0	77	108	234	0	0	0	0	0	178	0	167	0	0	0	0	0	0
479	0	340	120	435	117	472	4	525	0	78	471	0	45	0	110	260	0	246	78	210	440	256	0	4	381	490	18	257	199	100	55	13	147	0	254	0	0	0	135	79	255	0	315	0	486	0	4	257	4	22	273	0	0	192	192	0	257	350	381	507	100	170	224	0	0	451	20	440	95	255	216	257	240	0
519	0	380	160	475	157	512	44	565	0	118	511	0	85	0	150	300	0	286	118	250	480	296	27	44	421	530	58	297	239	140	95	53	187	5	294	0	0	40	175	119	295	40	355	0	526	0	44	297	44	62	313	40	0	232	232	40	297	390	421	547	140	210	264	0	0	491	60	480	135	295	256	297	280	0
287	0	148	0	243	0	280	0	333	0	0	279	0	0	0	0	68	0	54	0	18	248	64	0	0	189	298	0	65	7	0	0	0	0	0	62	0	0	0	0	0	63	0	123	0	294	0	0	65	0	0	81	0	0	0	0	0	65	158	189	315	0	0	32	0	0	259	0	248	0	63	24	65	48	0
287	0	148	0	243	0	280	0	333	0	0	279	0	0	0	0	68	0	54	0	18	248	64	0	0	189	298	0	65	7	0	0	0	0	0	62	0	0	0	0	0	63	0	123	0	294	0	0	65	0	0	81	0	0	0	0	0	65	158	189	315	0	0	32	0	0	259	0	248	0	63	24	65	48	0
479	0	340	120	435	117	472	4	525	0	78	471	0	45	0	110	260	0	246	78	210	440	256	0	4	381	490	18	257	199	100	55	13	147	0	254	0	0	0	135	79	255	0	315	0	486	0	4	257	4	22	273	0	0	192	192	0	257	350	381	507	100	170	224	0	0	451	20	440	95	255	216	257	240	0
222	0	83	0	178	0	215	0	268	0	0	214	0	0	0	0	3	0	0	0	0	183	0	0	0	124	233	0	0	0	0	0	0	0	0	0	0	0	0	0	0	0	0	58	0	229	0	0	0	0	0	16	0	0	0	0	0	0	93	124	250	0	0	0	0	0	194	0	183	0	0	0	0	0	0
129	0	0	0	85	0	122	0	175	0	0	121	0	0	0	0	0	0	0	0	0	90	0	0	0	31	140	0	0	0	0	0	0	0	0	0	0	0	0	0	0	0	0	0	0	136	0	0	0	0	0	0	0	0	0	0	0	0	0	31	157	0	0	0	0	0	101	0	90	0	0	0	0	0	0
98	0	0	0	54	0	91	0	144	0	0	90	0	0	0	0	0	0	0	0	0	59	0	0	0	0	109	0	0	0	0	0	0	0	0	0	0	0	0	0	0	0	0	0	0	105	0	0	0	0	0	0	0	0	0	0	0	0	0	0	126	0	0	0	0	0	70	0	59	0	0	0	0	0	0
0	0	0	0	0	0	0	0	18	0	0	0	0	0	0	0	0	0	0	0	0	0	0	0	0	0	0	0	0	0	0	0	0	0	0	0	0	0	0	0	0	0	0	0	0	0	0	0	0	0	0	0	0	0	0	0	0	0	0	0	0	0	0	0	0	0	0	0	0	0	0	0	0	0	0
379	0	240	20	335	17	372	0	425	0	0	371	0	0	0	10	160	0	146	0	110	340	156	0	0	281	390	0	157	99	0	0	0	47	0	154	0	0	0	35	0	155	0	215	0	386	0	0	157	0	0	173	0	0	92	92	0	157	250	281	407	0	70	124	0	0	351	0	340	0	155	116	157	140	0
309	0	170	0	265	0	302	0	355	0	0	301	0	0	0	0	90	0	76	0	40	270	86	0	0	211	320	0	87	29	0	0	0	0	0	84	0	0	0	0	0	85	0	145	0	316	0	0	87	0	0	103	0	0	22	22	0	87	180	211	337	0	0	54	0	0	281	0	270	0	85	46	87	70	0
255	0	116	0	211	0	248	0	301	0	0	247	0	0	0	0	36	0	22	0	0	216	32	0	0	157	266	0	33	0	0	0	0	0	0	30	0	0	0	0	0	31	0	91	0	262	0	0	33	0	0	49	0	0	0	0	0	33	126	157	283	0	0	0	0	0	227	0	216	0	31	0	33	16	0
524	0	385	165	480	162	517	49	570	0	123	516	0	90	5	155	305	0	291	123	255	485	301	32	49	426	535	63	302	244	145	100	58	192	10	299	0	0	45	180	124	300	45	360	0	531	0	49	302	49	67	318	45	5	237	237	45	302	395	426	552	145	215	269	0	0	496	65	485	140	300	261	302	285	0
524	0	385	165	480	162	517	49	570	0	123	516	0	90	5	155	305	0	291	123	255	485	301	32	49	426	535	63	302	244	145	100	58	192	10	299	0	0	45	180	124	300	45	360	0	531	0	49	302	49	67	318	45	5	237	237	45	302	395	426	552	145	215	269	0	0	496	65	485	140	300	261	302	285	0
28	0	0	0	0	0	21	0	74	0	0	20	0	0	0	0	0	0	0	0	0	0	0	0	0	0	39	0	0	0	0	0	0	0	0	0	0	0	0	0	0	0	0	0	0	35	0	0	0	0	0	0	0	0	0	0	0	0	0	0	56	0	0	0	0	0	0	0	0	0	0	0	0	0	0
459	0	320	100	415	97	452	0	505	0	58	451	0	25	0	90	240	0	226	58	190	420	236	0	0	361	470	0	237	179	80	35	0	127	0	234	0	0	0	115	59	235	0	295	0	466	0	0	237	0	2	253	0	0	172	172	0	237	330	361	487	80	150	204	0	0	431	0	420	75	235	196	237	220	0
39	0	0	0	0	0	32	0	85	0	0	31	0	0	0	0	0	0	0	0	0	0	0	0	0	0	50	0	0	0	0	0	0	0	0	0	0	0	0	0	0	0	0	0	0	46	0	0	0	0	0	0	0	0	0	0	0	0	0	0	67	0	0	0	0	0	11	0	0	0	0	0	0	0	0
384	0	245	25	340	22	377	0	430	0	0	376	0	0	0	15	165	0	151	0	115	345	161	0	0	286	395	0	162	104	5	0	0	52	0	159	0	0	0	40	0	160	0	220	0	391	0	0	162	0	0	178	0	0	97	97	0	162	255	286	412	5	75	129	0	0	356	0	345	0	160	121	162	145	0
224	0	85	0	180	0	217	0	270	0	0	216	0	0	0	0	5	0	0	0	0	185	1	0	0	126	235	0	2	0	0	0	0	0	0	0	0	0	0	0	0	0	0	60	0	231	0	0	2	0	0	18	0	0	0	0	0	2	95	126	252	0	0	0	0	0	196	0	185	0	0	0	2	0	0
263	0	124	0	219	0	256	0	309	0	0	255	0	0	0	0	44	0	30	0	0	224	40	0	0	165	274	0	41	0	0	0	0	0	0	38	0	0	0	0	0	39	0	99	0	270	0	0	41	0	0	57	0	0	0	0	0	41	134	165	291	0	0	8	0	0	235	0	224	0	39	0	41	24	0
222	0	83	0	178	0	215	0	268	0	0	214	0	0	0	0	3	0	0	0	0	183	0	0	0	124	233	0	0	0	0	0	0	0	0	0	0	0	0	0	0	0	0	58	0	229	0	0	0	0	0	16	0	0	0	0	0	0	93	124	250	0	0	0	0	0	194	0	183	0	0	0	0	0	0
239	0	100	0	195	0	232	0	285	0	0	231	0	0	0	0	20	0	6	0	0	200	16	0	0	141	250	0	17	0	0	0	0	0	0	14	0	0	0	0	0	15	0	75	0	246	0	0	17	0	0	33	0	0	0	0	0	17	110	141	267	0	0	0	0	0	211	0	200	0	15	0	17	0	0
703	173	564	344	659	341	696	228	749	91	302	695	0	269	184	334	484	84	470	302	434	664	480	211	228	605	714	242	481	423	324	279	237	371	189	478	139	77	224	359	303	479	224	539	0	710	144	228	481	228	246	497	224	184	416	416	224	481	574	605	731	324	394	448	179	179	675	244	664	319	479	440	481	464	0

0	530	139	359	44	362	7	475	0	612	401	8	829	434	519	369	219	619	233	401	269	39	223	492	475	98	0	461	222	280	379	424	466	332	514	225	564	626	479	344	400	224	479	164	723	0	559	475	222	475	457	206	479	519	287	287	479	222	129	98	0	379	309	255	524	524	28	459	39	384	224	263	222	239	703
0	0	0	0	0	0	0	0	0	82	0	0	299	0	0	0	0	89	0	0	0	0	0	0	0	0	0	0	0	0	0	0	0	0	0	0	34	96	0	0	0	0	0	0	193	0	29	0	0	0	0	0	0	0	0	0	0	0	0	0	0	0	0	0	0	0	0	0	0	0	0	0	0	0	173
0	391	0	220	0	223	0	336	0	473	262	0	690	295	380	230	80	480	94	262	130	0	84	353	336	0	0	322	83	141	240	285	327	193	375	86	425	487	340	205	261	85	340	25	584	0	420	336	83	336	318	67	340	380	148	148	340	83	0	0	0	240	170	116	385	385	0	320	0	245	85	124	83	100	564
0	171	0	0	0	3	0	116	0	253	42	0	470	75	160	10	0	260	0	42	0	0	0	133	116	0	0	102	0	0	20	65	107	0	155	0	205	267	120	0	41	0	120	0	364	0	200	116	0	116	98	0	120	160	0	0	120	0	0	0	0	20	0	0	165	165	0	100	0	25	0	0	0	0	344
0	486	95	315	0	318	0	431	0	568	357	0	785	390	475	325	175	575	189	357	225	0	179	448	431	54	0	417	178	236	335	380	422	288	470	181	520	582	435	300	356	180	435	120	679	0	515	431	178	431	413	162	435	475	243	243	435	178	85	54	0	335	265	211	480	480	0	415	0	340	180	219	178	195	659
0	168	0	0	0	0	0	113	0	250	39	0	467	72	157	7	0	257	0	39	0	0	0	130	113	0	0	99	0	0	17	62	104	0	152	0	202	264	117	0	38	0	117	0	361	0	197	113	0	113	95	0	117	157	0	0	117	0	0	0	0	17	0	0	162	162	0	97	0	22	0	0	0	0	341
0	523	132	352	37	355	0	468	0	605	394	1	822	427	512	362	212	612	226	394	262	32	216	485	468	91	0	454	215	273	372	417	459	325	507	218	557	619	472	337	393	217	472	157	716	0	552	468	215	468	450	199	472	512	280	280	472	215	122	91	0	372	302	248	517	517	21	452	32	377	217	256	215	232	696
0	55	0	0	0	0	0	0	0	137	0	0	354	0	44	0	0	144	0	0	0	0	0	17	0	0	0	0	0	0	0	0	0	0	39	0	89	151	4	0	0	0	4	0	248	0	84	0	0	0	0	0	4	44	0	0	4	0	0	0	0	0	0	0	49	49	0	0	0	0	0	0	0	0	228
46	576	185	405	90	408	53	521	0	658	447	54	875	480	565	415	265	665	279	447	315	85	269	538	521	144	35	507	268	326	425	470	512	378	560	271	610	672	525	390	446	270	525	210	769	39	605	521	268	521	503	252	525	565	333	333	525	268	175	144	18	425	355	301	570	570	74	505	85	430	270	309	268	285	749
0	0	0	0	0	0	0	0	0	0	0	0	217	0	0	0	0	7	0	0	0	0	0	0	0	0	0	0	0	0	0	0	0	0	0	0	0	14	0	0	0	0	0	0	111	0	0	0	0	0	0	0	0	0	0	0	0	0	0	0	0	0	0	0	0	0	0	0	0	0	0	0	0	0	91
0	129	0	0	0	0	0	74	0	211	0	0	428	33	118	0	0	218	0	0	0	0	0	91	74	0	0	60	0	0	0	23	65	0	113	0	163	225	78	0	0	0	78	0	322	0	158	74	0	74	56	0	78	118	0	0	78	0	0	0	0	0	0	0	123	123	0	58	0	0	0	0	0	0	302
0	522	131	351	36	354	0	467	0	604	393	0	821	426	511	361	211	611	225	393	261	31	215	484	467	90	0	453	214	272	371	416	458	324	506	217	556	618	471	336	392	216	471	156	715	0	551	467	214	467	449	198	471	511	279	279	471	214	121	90	0	371	301	247	516	516	20	451	31	376	216	255	214	231	695
0	0	0	0	0	0	0	0	0	0	0	0	0	0	0	0	0	0	0	0	0	0	0	0	0	0	0	0	0	0	0	0	0	0	0	0	0	0	0	0	0	0	0	0	0	0	0	0	0	0	0	0	0	0	0	0	0	0	0	0	0	0	0	0	0	0	0	0	0	0	0	0	0	0	0
0	96	0	0	0	0	0	41	0	178	0	0	395	0	85	0	0	185	0	0	0	0	0	58	41	0	0	27	0	0	0	0	32	0	80	0	130	192	45	0	0	0	45	0	289	0	125	41	0	41	23	0	45	85	0	0	45	0	0	0	0	0	0	0	90	90	0	25	0	0	0	0	0	0	269
0	11	0	0	0	0	0	0	0	93	0	0	310	0	0	0	0	100	0	0	0	0	0	0	0	0	0	0	0	0	0	0	0	0	0	0	45	107	0	0	0	0	0	0	204	0	40	0	0	0	0	0	0	0	0	0	0	0	0	0	0	0	0	0	5	5	0	0	0	0	0	0	0	0	184
0	161	0	0	0	0	0	106	0	243	32	0	460	65	150	0	0	250	0	32	0	0	0	123	106	0	0	92	0	0	10	55	97	0	145	0	195	257	110	0	31	0	110	0	354	0	190	106	0	106	88	0	110	150	0	0	110	0	0	0	0	10	0	0	155	155	0	90	0	15	0	0	0	0	334
0	311	0	140	0	143	0	256	0	393	182	0	610	215	300	150	0	400	14	182	50	0	4	273	256	0	0	242	3	61	160	205	247	113	295	6	345	407	260	125	181	5	260	0	504	0	340	256	3	256	238	0	260	300	68	68	260	3	0	0	0	160	90	36	305	305	0	240	0	165	5	44	3	20	484
0	0	0	0	0	0	0	0	0	0	0	0	210	0	0	0	0	0	0	0	0	0	0	0	0	0	0	0	0	0	0	0	0	0	0	0	0	7	0	0	0	0	0	0	104	0	0	0	0	0	0	0	0	0	0	0	0	0	0	0	0	0	0	0	0	0	0	0	0	0	0	0	0	0	84
0	297	0	126	0	129	0	242	0	379	168	0	596	201	286	136	0	386	0	168	36	0	0	259	242	0	0	228	0	47	146	191	233	99	281	0	331	393	246	111	167	0	246	0	490	0	326	242	0	242	224	0	246	286	54	54	246	0	0	0	0	146	76	22	291	291	0	226	0	151	0	30	0	6	470
0	129	0	0	0	0	0	74	0	211	0	0	428	33	118	0	0	218	0	0	0	0	0	91	74	0	0	60	0	0	0	23	65	0	113	0	163	225	78	0	0	0	78	0	322	0	158	74	0	74	56	0	78	118	0	0	78	0	0	0	0	0	0	0	123	123	0	58	0	0	0	0	0	0	302
0	261	0	90	0	93	0	206	0	343	132	0	560	165	250	100	0	350	0	132	0	0	0	223	206	0	0	192	0	11	110	155	197	63	245	0	295	357	210	75	131	0	210	0	454	0	290	206	0	206	188	0	210	250	18	18	210	0	0	0	0	110	40	0	255	255	0	190	0	115	0	0	0	0	434
0	491	100	320	5	323	0	436	0	573	362	0	790	395	480	330	180	580	194	362	230	0	184	453	436	59	0	422	183	241	340	385	427	293	475	186	525	587	440	305	361	185	440	125	684	0	520	436	183	436	418	167	440	480	248	248	440	183	90	59	0	340	270	216	485	485	0	420	0	345	185	224	183	200	664
0	307	0	136	0	139	0	252	0	389	178	0	606	211	296	146	0	396	10	178	46	0	0	269	252	0	0	238	0	57	156	201	243	109	291	2	341	403	256	121	177	1	256	0	500	0	336	252	0	252	234	0	256	296	64	64	256	0	0	0	0	156	86	32	301	301	0	236	0	161	1	40	0	16	480
0	38	0	0	0	0	0	0	0	120	0	0	337	0	27	0	0	127	0	0	0	0	0	0	0	0	0	0	0	0	0	0	0	0	22	0	72	134	0	0	0	0	0	0	231	0	67	0	0	0	0	0	0	27	0	0	0	0	0	0	0	0	0	0	32	32	0	0	0	0	0	0	0	0	211
0	55	0	0	0	0	0	0	0	137	0	0	354	0	44	0	0	144	0	0	0	0	0	17	0	0	0	0	0	0	0	0	0	0	39	0	89	151	4	0	0	0	4	0	248	0	84	0	0	0	0	0	4	44	0	0	4	0	0	0	0	0	0	0	49	49	0	0	0	0	0	0	0	0	228
0	432	41	261	0	264	0	377	0	514	303	0	731	336	421	271	121	521	135	303	171	0	125	394	377	0	0	363	124	182	281	326	368	234	416	127	466	528	381	246	302	126	381	66	625	0	461	377	124	377	359	108	381	421	189	189	381	124	31	0	0	281	211	157	426	426	0	361	0	286	126	165	124	141	605
11	541	150	370	55	373	18	486	0	623	412	19	840	445	530	380	230	630	244	412	280	50	234	503	486	109	0	472	233	291	390	435	477	343	525	236	575	637	490	355	411	235	490	175	734	4	570	486	233	486	468	217	490	530	298	298	490	233	140	109	0	390	320	266	535	535	39	470	50	395	235	274	233	250	714
0	69	0	0	0	0	0	14	0	151	0	0	368	0	58	0	0	158	0	0	0	0	0	31	14	0	0	0	0	0	0	0	5	0	53	0	103	165	18	0	0	0	18	0	262	0	98	14	0	14	0	0	18	58	0	0	18	0	0	0	0	0	0	0	63	63	0	0	0	0	0	0	0	0	242
0	308	0	137	0	140	0	253	0	390	179	0	607	212	297	147	0	397	11	179	47	0	1	270	253	0	0	239	0	58	157	202	244	110	292	3	342	404	257	122	178	2	257	0	501	0	337	253	0	253	235	0	257	297	65	65	257	0	0	0	0	157	87	33	302	302	0	237	0	162	2	41	0	17	481
0	250	0	79	0	82	0	195	0	332	121	0	549	154	239	89	0	339	0	121	0	0	0	212	195	0	0	181	0	0	99	144	186	52	234	0	284	346	199	64	120	0	199	0	443	0	279	195	0	195	177	0	199	239	7	7	199	0	0	0	0	99	29	0	244	244	0	179	0	104	0	0	0	0	423
0	151	0	0	0	0	0	96	0	233	22	0	450	55	140	0	0	240	0	22	0	0	0	113	96	0	0	82	0	0	0	45	87	0	135	0	185	247	100	0	21	0	100	0	344	0	180	96	0	96	78	0	100	140	0	0	100	0	0	0	0	0	0	0	145	145	0	80	0	5	0	0	0	0	324
0	106	0	0	0	0	0	51	0	188	0	0	405	10	95	0	0	195	0	0	0	0	0	68	51	0	0	37	0	0	0	0	42	0	90	0	140	202	55	0	0	0	55	0	299	0	135	51	0	51	33	0	55	95	0	0	55	0	0	0	0	0	0	0	100	100	0	35	0	0	0	0	0	0	279
0	64	0	0	0	0	0	9	0	146	0	0	363	0	53	0	0	153	0	0	0	0	0	26	9	0	0	0	0	0	0	0	0	0	48	0	98	160	13	0	0	0	13	0	257	0	93	9	0	9	0	0	13	53	0	0	13	0	0	0	0	0	0	0	58	58	0	0	0	0	0	0	0	0	237
0	198	0	27	0	30	0	143	0	280	69	0	497	102	187	37	0	287	0	69	0	0	0	160	143	0	0	129	0	0	47	92	134	0	182	0	232	294	147	12	68	0	147	0	391	0	227	143	0	143	125	0	147	187	0	0	147	0	0	0	0	47	0	0	192	192	0	127	0	52	0	0	0	0	371
0	16	0	0	0	0	0	0	0	98	0	0	315	0	5	0	0	105	0	0	0	0	0	0	0	0	0	0	0	0	0	0	0	0	0	0	50	112	0	0	0	0	0	0	209	0	45	0	0	0	0	0	0	5	0	0	0	0	0	0	0	0	0	0	10	10	0	0	0	0	0	0	0	0	189
0	305	0	134	0	137	0	250	0	387	176	0	604	209	294	144	0	394	8	176	44	0	0	267	250	0	0	236	0	55	154	199	241	107	289	0	339	401	254	119	175	0	254	0	498	0	334	250	0	250	232	0	254	294	62	62	254	0	0	0	0	154	84	30	299	299	0	234	0	159	0	38	0	14	478
0	0	0	0	0	0	0	0	0	48	0	0	265	0	0	0	0	55	0	0	0	0	0	0	0	0	0	0	0	0	0	0	0	0	0	0	0	62	0	0	0	0	0	0	159	0	0	0	0	0	0	0	0	0	0	0	0	0	0	0	0	0	0	0	0	0	0	0	0	0	0	0	0	0	139
0	0	0	0	0	0	0	0	0	0	0	0	203	0	0	0	0	0	0	0	0	0	0	0	0	0	0	0	0	0	0	0	0	0	0	0	0	0	0	0	0	0	0	0	97	0	0	0	0	0	0	0	0	0	0	0	0	0	0	0	0	0	0	0	0	0	0	0	0	0	0	0	0	0	77
0	51	0	0	0	0	0	0	0	133	0	0	350	0	40	0	0	140	0	0	0	0	0	13	0	0	0	0	0	0	0	0	0	0	35	0	85	147	0	0	0	0	0	0	244	0	80	0	0	0	0	0	0	40	0	0	0	0	0	0	0	0	0	0	45	45	0	0	0	0	0	0	0	0	224
0	186	0	15	0	18	0	131	0	268	57	0	485	90	175	25	0	275	0	57	0	0	0	148	131	0	0	117	0	0	35	80	122	0	170	0	220	282	135	0	56	0	135	0	379	0	215	131	0	131	113	0	135	175	0	0	135	0	0	0	0	35	0	0	180	180	0	115	0	40	0	0	0	0	359
0	130	0	0	0	0	0	75	0	212	1	0	429	34	119	0	0	219	0	1	0	0	0	92	75	0	0	61	0	0	0	24	66	0	114	0	164	226	79	0	0	0	79	0	323	0	159	75	0	75	57	0	79	119	0	0	79	0	0	0	0	0	0	0	124	124	0	59	0	0	0	0	0	0	303
0	306	0	135	0	138	0	251	0	388	177	0	605	210	295	145	0	395	9	177	45	0	0	268	251	0	0	237	0	56	155	200	242	108	290	1	340	402	255	120	176	0	255	0	499	0	335	251	0	251	233	0	255	295	63	63	255	0	0	0	0	155	85	31	300	300	0	235	0	160	0	39	0	15	479
0	51	0	0	0	0	0	0	0	133	0	0	350	0	40	0	0	140	0	0	0	0	0	13	0	0	0	0	0	0	0	0	0	0	35	0	85	147	0	0	0	0	0	0	244	0	80	0	0	0	0	0	0	40	0	0	0	0	0	0	0	0	0	0	45	45	0	0	0	0	0	0	0	0	224
0	366	0	195	0	198	0	311	0	448	237	0	665	270	355	205	55	455	69	237	105	0	59	328	311	0	0	297	58	116	215	260	302	168	350	61	400	462	315	180	236	60	315	0	559	0	395	311	58	311	293	42	315	355	123	123	315	58	0	0	0	215	145	91	360	360	0	295	0	220	60	99	58	75	539
0	0	0	0	0	0	0	0	0	0	0	0	106	0	0	0	0	0	0	0	0	0	0	0	0	0	0	0	0	0	0	0	0	0	0	0	0	0	0	0	0	0	0	0	0	0	0	0	0	0	0	0	0	0	0	0	0	0	0	0	0	0	0	0	0	0	0	0	0	0	0	0	0	0	0
7	537	146	366	51	369	14	482	0	619	408	15	836	441	526	376	226	626	240	408	276	46	230	499	482	105	0	468	229	287	386	431	473	339	521	232	571	633	486	351	407	231	486	171	730	0	566	482	229	482	464	213	486	526	294	294	486	229	136	105	0	386	316	262	531	531	35	466	46	391	231	270	229	246	710
0	0	0	0	0	0	0	0	0	53	0	0	270	0	0	0	0	60	0	0	0	0	0	0	0	0	0	0	0	0	0	0	0	0	0	0	5	67	0	0	0	0	0	0	164	0	0	0	0	0	0	0	0	0	0	0	0	0	0	0	0	0	0	0	0	0	0	0	0	0	0	0	0	0	144
0	55	0	0	0	0	0	0	0	137	0	0	354	0	44	0	0	144	0	0	0	0	0	17	0	0	0	0	0	0	0	0	0	0	39	0	89	151	4	0	0	0	4	0	248	0	84	0	0	0	0	0	4	44	0	0	4	0	0	0	0	0	0	0	49	49	0	0	0	0	0	0	0	0	228
0	308	0	137	0	140	0	253	0	390	179	0	607	212	297	147	0	397	11	179	47	0	1	270	253	0	0	239	0	58	157	202	244	110	292	3	342	404	257	122	178	2	257	0	501	0	337	253	0	253	235	0	257	297	65	65	257	0	0	0	0	157	87	33	302	302	0	237	0	162	2	41	0	17	481
0	55	0	0	0	0	0	0	0	137	0	0	354	0	44	0	0	144	0	0	0	0	0	17	0	0	0	0	0	0	0	0	0	0	39	0	89	151	4	0	0	0	4	0	248	0	84	0	0	0	0	0	4	44	0	0	4	0	0	0	0	0	0	0	49	49	0	0	0	0	0	0	0	0	228
0	73	0	0	0	0	0	18	0	155	0	0	372	0	62	0	0	162	0	0	0	0	0	35	18	0	0	4	0	0	0	0	9	0	57	0	107	169	22	0	0	0	22	0	266	0	102	18	0	18	0	0	22	62	0	0	22	0	0	0	0	0	0	0	67	67	0	2	0	0	0	0	0	0	246
0	324	0	153	0	156	0	269	0	406	195	0	623	228	313	163	13	413	27	195	63	0	17	286	269	0	0	255	16	74	173	218	260	126	308	19	358	420	273	138	194	18	273	0	517	0	353	269	16	269	251	0	273	313	81	81	273	16	0	0	0	173	103	49	318	318	0	253	0	178	18	57	16	33	497
0	51	0	0	0	0	0	0	0	133	0	0	350	0	40	0	0	140	0	0	0	0	0	13	0	0	0	0	0	0	0	0	0	0	35	0	85	147	0	0	0	0	0	0	244	0	80	0	0	0	0	0	0	40	0	0	0	0	0	0	0	0	0	0	45	45	0	0	0	0	0	0	0	0	224
0	11	0	0	0	0	0	0	0	93	0	0	310	0	0	0	0	100	0	0	0	0	0	0	0	0	0	0	0	0	0	0	0	0	0	0	45	107	0	0	0	0	0	0	204	0	40	0	0	0	0	0	0	0	0	0	0	0	0	0	0	0	0	0	5	5	0	0	0	0	0	0	0	0	184
0	243	0	72	0	75	0	188	0	325	114	0	542	147	232	82	0	332	0	114	0	0	0	205	188	0	0	174	0	0	92	137	179	45	227	0	277	339	192	57	113	0	192	0	436	0	272	188	0	188	170	0	192	232	0	0	192	0	0	0	0	92	22	0	237	237	0	172	0	97	0	0	0	0	416
0	243	0	72	0	75	0	188	0	325	114	0	542	147	232	82	0	332	0	114	0	0	0	205	188	0	0	174	0	0	92	137	179	45	227	0	277	339	192	57	113	0	192	0	436	0	272	188	0	188	170	0	192	232	0	0	192	0	0	0	0	92	22	0	237	237	0	172	0	97	0	0	0	0	416
0	51	0	0	0	0	0	0	0	133	0	0	350	0	40	0	0	140	0	0	0	0	0	13	0	0	0	0	0	0	0	0	0	0	35	0	85	147	0	0	0	0	0	0	244	0	80	0	0	0	0	0	0	40	0	0	0	0	0	0	0	0	0	0	45	45	0	0	0	0	0	0	0	0	224
0	308	0	137	0	140	0	253	0	390	179	0	607	212	297	147	0	397	11	179	47	0	1	270	253	0	0	239	0	58	157	202	244	110	292	3	342	404	257	122	178	2	257	0	501	0	337	253	0	253	235	0	257	297	65	65	257	0	0	0	0	157	87	33	302	302	0	237	0	162	2	41	0	17	481
0	401	10	230	0	233	0	346	0	483	272	0	700	305	390	240	90	490	104	272	140	0	94	363	346	0	0	332	93	151	250	295	337	203	385	96	435	497	350	215	271	95	350	35	594	0	430	346	93	346	328	77	350	390	158	158	350	93	0	0	0	250	180	126	395	395	0	330	0	255	95	134	93	110	574
0	432	41	261	0	264	0	377	0	514	303	0	731	336	421	271	121	521	135	303	171	0	125	394	377	0	0	363	124	182	281	326	368	234	416	127	466	528	381	246	302	126	381	66	625	0	461	377	124	377	359	108	381	421	189	189	381	124	31	0	0	281	211	157	426	426	0	361	0	286	126	165	124	141	605
28	558	167	387	72	390	35	503	0	640	429	36	857	462	547	397	247	647	261	429	297	67	251	520	503	126	17	489	250	308	407	452	494	360	542	253	592	654	507	372	428	252	507	192	751	21	587	503	250	503	485	234	507	547	315	315	507	250	157	126	0	407	337	283	552	552	56	487	67	412	252	291	250	267	731
0	151	0	0	0	0	0	96	0	233	22	0	450	55	140	0	0	240	0	22	0	0	0	113	96	0	0	82	0	0	0	45	87	0	135	0	185	247	100	0	21	0	100	0	344	0	180	96	0	96	78	0	100	140	0	0	100	0	0	0	0	0	0	0	145	145	0	80	0	5	0	0	0	0	324
0	221	0	50	0	53	0	166	0	303	92	0	520	125	210	60	0	310	0	92	0	0	0	183	166	0	0	152	0	0	70	115	157	23	205	0	255	317	170	35	91	0	170	0	414	0	250	166	0	166	148	0	170	210	0	0	170	0	0	0	0	70	0	0	215	215	0	150	0	75	0	0	0	0	394
0	275	0	104	0	107	0	220	0	357	146	0	574	179	264	114	0	364	0	146	14	0	0	237	220	0	0	206	0	25	124	169	211	77	259	0	309	371	224	89	145	0	224	0	468	0	304	220	0	220	202	0	224	264	32	32	224	0	0	0	0	124	54	0	269	269	0	204	0	129	0	8	0	0	448
0	6	0	0	0	0	0	0	0	88	0	0	305	0	0	0	0	95	0	0	0	0	0	0	0	0	0	0	0	0	0	0	0	0	0	0	40	102	0	0	0	0	0	0	199	0	35	0	0	0	0	0	0	0	0	0	0	0	0	0	0	0	0	0	0	0	0	0	0	0	0	0	0	0	179
0	6	0	0	0	0	0	0	0	88	0	0	305	0	0	0	0	95	0	0	0	0	0	0	0	0	0	0	0	0	0	0	0	0	0	0	40	102	0	0	0	0	0	0	199	0	35	0	0	0	0	0	0	0	0	0	0	0	0	0	0	0	0	0	0	0	0	0	0	0	0	0	0	0	179
0	502	111	331	16	334	0	447	0	584	373	0	801	406	491	341	191	591	205	373	241	11	195	464	447	70	0	433	194	252	351	396	438	304	486	197	536	598	451	316	372	196	451	136	695	0	531	447	194	447	429	178	451	491	259	259	451	194	101	70	0	351	281	227	496	496	0	431	11	356	196	235	194	211	675
0	71	0	0	0	0	0	16	0	153	0	0	370	0	60	0	0	160	0	0	0	0	0	33	16	0	0	2	0	0	0	0	7	0	55	0	105	167	20	0	0	0	20	0	264	0	100	16	0	16	0	0	20	60	0	0	20	0	0	0	0	0	0	0	65	65	0	0	0	0	0	0	0	0	244
0	491	100	320	5	323	0	436	0	573	362	0	790	395	480	330	180	580	194	362	230	0	184	453	436	59	0	422	183	241	340	385	427	293	475	186	525	587	440	305	361	185	440	125	684	0	520	436	183	436	418	167	440	480	248	248	440	183	90	59	0	340	270	216	485	485	0	420	0	345	185	224	183	200	664
0	146	0	0	0	0	0	91	0	228	17	0	445	50	135	0	0	235	0	17	0	0	0	108	91	0	0	77	0	0	0	40	82	0	130	0	180	242	95	0	16	0	95	0	339	0	175	91	0	91	73	0	95	135	0	0	95	0	0	0	0	0	0	0	140	140	0	75	0	0	0	0	0	0	319
0	306	0	135	0	138	0	251	0	388	177	0	605	210	295	145	0	395	9	177	45	0	0	268	251	0	0	237	0	56	155	200	242	108	290	1	340	402	255	120	176	0	255	0	499	0	335	251	0	251	233	0	255	295	63	63	255	0	0	0	0	155	85	31	300	300	0	235	0	160	0	39	0	15	479
0	267	0	96	0	99	0	212	0	349	138	0	566	171	256	106	0	356	0	138	6	0	0	229	212	0	0	198	0	17	116	161	203	69	251	0	301	363	216	81	137	0	216	0	460	0	296	212	0	212	194	0	216	256	24	24	216	0	0	0	0	116	46	0	261	261	0	196	0	121	0	0	0	0	440
0	308	0	137	0	140	0	253	0	390	179	0	607	212	297	147	0	397	11	179	47	0	1	270	253	0	0	239	0	58	157	202	244	110	292	3	342	404	257	122	178	2	257	0	501	0	337	253	0	253	235	0	257	297	65	65	257	0	0	0	0	157	87	33	302	302	0	237	0	162	2	41	0	17	481
0	291	0	120	0	123	0	236	0	373	162	0	590	195	280	130	0	380	0	162	30	0	0	253	236	0	0	222	0	41	140	185	227	93	275	0	325	387	240	105	161	0	240	0	484	0	320	236	0	236	218	0	240	280	48	48	240	0	0	0	0	140	70	16	285	285	0	220	0	145	0	24	0	0	464
0	0	0	0	0	0	0	0	0	0	0	0	126	0	0	0	0	0	0	0	0	0	0	0	0	0	0	0	0	0	0	0	0	0	0	0	0	0	0	0	0	0	0	0	20	0	0	0	0	0	0	0	0	0	0	0	0	0	0	0	0	0	0	0	0	0	0	0	0	0	0	0	0	0	0

0	120	220	270	100	950	0	100	50	270	0	0	1040	20	0	70	70	0	0	90	220	120	220	150	0	70	100	120	0	170	50	70	60	70	100	0	70	0	160	210	100	0	170	120	130	20	70	70	220	0	170	20	120	280	100	0	70	1200	20	0	120	970	0	0	70	100	70	0	0	0	1370	100	200	0	170
0	0	100	150	0	830	0	0	0	150	0	0	920	0	0	0	0	0	0	0	100	0	100	30	0	0	0	0	0	50	0	0	0	0	0	0	0	0	40	90	0	0	50	0	10	0	0	0	100	0	50	0	0	160	0	0	0	1080	0	0	0	850	0	0	0	0	0	0	0	0	1250	0	80	0	50
0	0	0	50	0	730	0	0	0	50	0	0	820	0	0	0	0	0	0	0	0	0	0	0	0	0	0	0	0	0	0	0	0	0	0	0	0	0	0	0	0	0	0	0	0	0	0	0	0	0	0	0	0	60	0	0	0	980	0	0	0	750	0	0	0	0	0	0	0	0	1150	0	0	0	0
0	0	0	0	0	680	0	0	0	0	0	0	770	0	0	0	0	0	0	0	0	0	0	0	0	0	0	0	0	0	0	0	0	0	0	0	0	0	0	0	0	0	0	0	0	0	0	0	0	0	0	0	0	10	0	0	0	930	0	0	0	700	0	0	0	0	0	0	0	0	1100	0	0	0	0
0	20	120	170	0	850	0	0	0	170	0	0	940	0	0	0	0	0	0	0	120	20	120	50	0	0	0	20	0	70	0	0	0	0	0	0	0	0	60	110	0	0	70	20	30	0	0	0	120	0	70	0	20	180	0	0	0	1100	0	0	20	870	0	0	0	0	0	0	0	0	1270	0	100	0	70
0	0	0	0	0	0	0	0	0	0	0	0	90	0	0	0	0	0	0	0	0	0	0	0	0	0	0	0	0	0	0	0	0	0	0	0	0	0	0	0	0	0	0	0	0	0	0	0	0	0	0	0	0	0	0	0	0	250	0	0	0	20	0	0	0	0	0	0	0	0	420	0	0	0	0
30	150	250	300	130	980	0	130	80	300	10	0	1070	50	30	100	100	0	20	120	250	150	250	180	30	100	130	150	0	200	80	100	90	100	130	0	100	0	190	240	130	20	200	150	160	50	100	100	250	0	200	50	150	310	130	0	100	1230	50	20	150	1000	0	0	100	130	100	0	0	0	1400	130	230	0	200
0	20	120	170	0	850	0	0	0	170	0	0	940	0	0	0	0	0	0	0	120	20	120	50	0	0	0	20	0	70	0	0	0	0	0	0	0	0	60	110	0	0	70	20	30	0	0	0	120	0	70	0	20	180	0	0	0	1100	0	0	20	870	0	0	0	0	0	0	0	0	1270	0	100	0	70
0	70	170	220	50	900	0	50	0	220	0	0	990	0	0	20	20	0	0	40	170	70	170	100	0	20	50	70	0	120	0	20	10	20	50	0	20	0	110	160	50	0	120	70	80	0	20	20	170	0	120	0	70	230	50	0	20	1150	0	0	70	920	0	0	20	50	20	0	0	0	1320	50	150	0	120
0	0	0	0	0	680	0	0	0	0	0	0	770	0	0	0	0	0	0	0	0	0	0	0	0	0	0	0	0	0	0	0	0	0	0	0	0	0	0	0	0	0	0	0	0	0	0	0	0	0	0	0	0	10	0	0	0	930	0	0	0	700	0	0	0	0	0	0	0	0	1100	0	0	0	0
20	140	240	290	120	970	0	120	70	290	0	0	1060	40	20	90	90	0	10	110	240	140	240	170	20	90	120	140	0	190	70	90	80	90	120	0	90	0	180	230	120	10	190	140	150	40	90	90	240	0	190	40	140	300	120	0	90	1220	40	10	140	990	0	0	90	120	90	0	0	0	1390	120	220	0	190
55	175	275	325	155	1005	25	155	105	325	35	0	1095	75	55	125	125	15	45	145	275	175	275	205	55	125	155	175	25	225	105	125	115	125	155	25	125	25	215	265	155	45	225	175	185	75	125	125	275	25	225	75	175	335	155	5	125	1255	75	45	175	1025	25	25	125	155	125	25	25	25	1425	155	255	25	225
0	0	0	0	0	0	0	0	0	0	0	0	0	0	0	0	0	0	0	0	0	0	0	0	0	0	0	0	0	0	0	0	0	0	0	0	0	0	0	0	0	0	0	0	0	0	0	0	0	0	0	0	0	0	0	0	0	160	0	0	0	0	0	0	0	0	0	0	0	0	330	0	0	0	0
0	100	200	250	80	930	0	80	30	250	0	0	1020	0	0	50	50	0	0	70	200	100	200	130	0	50	80	100	0	150	30	50	40	50	80	0	50	0	140	190	80	0	150	100	110	0	50	50	200	0	150	0	100	260	80	0	50	1180	0	0	100	950	0	0	50	80	50	0	0	0	1350	80	180	0	150
0	120	220	270	100	950	0	100	50	270	0	0	1040	20	0	70	70	0	0	90	220	120	220	150	0	70	100	120	0	170	50	70	60	70	100	0	70	0	160	210	100	0	170	120	130	20	70	70	220	0	170	20	120	280	100	0	70	1200	20	0	120	970	0	0	70	100	70	0	0	0	1370	100	200	0	170
0	50	150	200	30	880	0	30	0	200	0	0	970	0	0	0	0	0	0	20	150	50	150	80	0	0	30	50	0	100	0	0	0	0	30	0	0	0	90	140	30	0	100	50	60	0	0	0	150	0	100	0	50	210	30	0	0	1130	0	0	50	900	0	0	0	30	0	0	0	0	1300	30	130	0	100
0	50	150	200	30	880	0	30	0	200	0	0	970	0	0	0	0	0	0	20	150	50	150	80	0	0	30	50	0	100	0	0	0	0	30	0	0	0	90	140	30	0	100	50	60	0	0	0	150	0	100	0	50	210	30	0	0	1130	0	0	50	900	0	0	0	30	0	0	0	0	1300	30	130	0	100
40	160	260	310	140	990	10	140	90	310	20	0	1080	60	40	110	110	0	30	130	260	160	260	190	40	110	140	160	10	210	90	110	100	110	140	10	110	10	200	250	140	30	210	160	170	60	110	110	260	10	210	60	160	320	140	0	110	1240	60	30	160	1010	10	10	110	140	110	10	10	10	1410	140	240	10	210
10	130	230	280	110	960	0	110	60	280	0	0	1050	30	10	80	80	0	0	100	230	130	230	160	10	80	110	130	0	180	60	80	70	80	110	0	80	0	170	220	110	0	180	130	140	30	80	80	230	0	180	30	130	290	110	0	80	1210	30	0	130	980	0	0	80	110	80	0	0	0	1380	110	210	0	180
0	30	130	180	10	860	0	10	0	180	0	0	950	0	0	0	0	0	0	0	130	30	130	60	0	0	10	30	0	80	0	0	0	0	10	0	0	0	70	120	10	0	80	30	40	0	0	0	130	0	80	0	30	190	10	0	0	1110	0	0	30	880	0	0	0	10	0	0	0	0	1280	10	110	0	80
0	0	0	50	0	730	0	0	0	50	0	0	820	0	0	0	0	0	0	0	0	0	0	0	0	0	0	0	0	0	0	0	0	0	0	0	0	0	0	0	0	0	0	0	0	0	0	0	0	0	0	0	0	60	0	0	0	980	0	0	0	750	0	0	0	0	0	0	0	0	1150	0	0	0	0
0	0	100	150	0	830	0	0	0	150	0	0	920	0	0	0	0	0	0	0	100	0	100	30	0	0	0	0	0	50	0	0	0	0	0	0	0	0	40	90	0	0	50	0	10	0	0	0	100	0	50	0	0	160	0	0	0	1080	0	0	0	850	0	0	0	0	0	0	0	0	1250	0	80	0	50
0	0	0	50	0	730	0	0	0	50	0	0	820	0	0	0	0	0	0	0	0	0	0	0	0	0	0	0	0	0	0	0	0	0	0	0	0	0	0	0	0	0	0	0	0	0	0	0	0	0	0	0	0	60	0	0	0	980	0	0	0	750	0	0	0	0	0	0	0	0	1150	0	0	0	0
0	0	70	120	0	800	0	0	0	120	0	0	890	0	0	0	0	0	0	0	70	0	70	0	0	0	0	0	0	20	0	0	0	0	0	0	0	0	10	60	0	0	20	0	0	0	0	0	70	0	20	0	0	130	0	0	0	1050	0	0	0	820	0	0	0	0	0	0	0	0	1220	0	50	0	20
0	120	220	270	100	950	0	100	50	270	0	0	1040	20	0	70	70	0	0	90	220	120	220	150	0	70	100	120	0	170	50	70	60	70	100	0	70	0	160	210	100	0	170	120	130	20	70	70	220	0	170	20	120	280	100	0	70	1200	20	0	120	970	0	0	70	100	70	0	0	0	1370	100	200	0	170
0	50	150	200	30	880	0	30	0	200	0	0	970	0	0	0	0	0	0	20	150	50	150	80	0	0	30	50	0	100	0	0	0	0	30	0	0	0	90	140	30	0	100	50	60	0	0	0	150	0	100	0	50	210	30	0	0	1130	0	0	50	900	0	0	0	30	0	0	0	0	1300	30	130	0	100
0	20	120	170	0	850	0	0	0	170	0	0	940	0	0	0	0	0	0	0	120	20	120	50	0	0	0	20	0	70	0	0	0	0	0	0	0	0	60	110	0	0	70	20	30	0	0	0	120	0	70	0	20	180	0	0	0	1100	0	0	20	870	0	0	0	0	0	0	0	0	1270	0	100	0	70
0	0	100	150	0	830	0	0	0	150	0	0	920	0	0	0	0	0	0	0	100	0	100	30	0	0	0	0	0	50	0	0	0	0	0	0	0	0	40	90	0	0	50	0	10	0	0	0	100	0	50	0	0	160	0	0	0	1080	0	0	0	850	0	0	0	0	0	0	0	0	1250	0	80	0	50
30	150	250	300	130	980	0	130	80	300	10	0	1070	50	30	100	100	0	20	120	250	150	250	180	30	100	130	150	0	200	80	100	90	100	130	0	100	0	190	240	130	20	200	150	160	50	100	100	250	0	200	50	150	310	130	0	100	1230	50	20	150	1000	0	0	100	130	100	0	0	0	1400	130	230	0	200
0	0	50	100	0	780	0	0	0	100	0	0	870	0	0	0	0	0	0	0	50	0	50	0	0	0	0	0	0	0	0	0	0	0	0	0	0	0	0	40	0	0	0	0	0	0	0	0	50	0	0	0	0	110	0	0	0	1030	0	0	0	800	0	0	0	0	0	0	0	0	1200	0	30	0	0
0	70	170	220	50	900	0	50	0	220	0	0	990	0	0	20	20	0	0	40	170	70	170	100	0	20	50	70	0	120	0	20	10	20	50	0	20	0	110	160	50	0	120	70	80	0	20	20	170	0	120	0	70	230	50	0	20	1150	0	0	70	920	0	0	20	50	20	0	0	0	1320	50	150	0	120
0	50	150	200	30	880	0	30	0	200	0	0	970	0	0	0	0	0	0	20	150	50	150	80	0	0	30	50	0	100	0	0	0	0	30	0	0	0	90	140	30	0	100	50	60	0	0	0	150	0	100	0	50	210	30	0	0	1130	0	0	50	900	0	0	0	30	0	0	0	0	1300	30	130	0	100
0	60	160	210	40	890	0	40	0	210	0	0	980	0	0	10	10	0	0	30	160	60	160	90	0	10	40	60	0	110	0	10	0	10	40	0	10	0	100	150	40	0	110	60	70	0	10	10	160	0	110	0	60	220	40	0	10	1140	0	0	60	910	0	0	10	40	10	0	0	0	1310	40	140	0	110
0	50	150	200	30	880	0	30	0	200	0	0	970	0	0	0	0	0	0	20	150	50	150	80	0	0	30	50	0	100	0	0	0	0	30	0	0	0	90	140	30	0	100	50	60	0	0	0	150	0	100	0	50	210	30	0	0	1130	0	0	50	900	0	0	0	30	0	0	0	0	1300	30	130	0	100
0	20	120	170	0	850	0	0	0	170	0	0	940	0	0	0	0	0	0	0	120	20	120	50	0	0	0	20	0	70	0	0	0	0	0	0	0	0	60	110	0	0	70	20	30	0	0	0	120	0	70	0	20	180	0	0	0	1100	0	0	20	870	0	0	0	0	0	0	0	0	1270	0	100	0	70
30	150	250	300	130	980	0	130	80	300	10	0	1070	50	30	100	100	0	20	120	250	150	250	180	30	100	130	150	0	200	80	100	90	100	130	0	100	0	190	240	130	20	200	150	160	50	100	100	250	0	200	50	150	310	130	0	100	1230	50	20	150	1000	0	0	100	130	100	0	0	0	1400	130	230	0	200
0	50	150	200	30	880	0	30	0	200	0	0	970	0	0	0	0	0	0	20	150	50	150	80	0	0	30	50	0	100	0	0	0	0	30	0	0	0	90	140	30	0	100	50	60	0	0	0	150	0	100	0	50	210	30	0	0	1130	0	0	50	900	0	0	0	30	0	0	0	0	1300	30	130	0	100
30	150	250	300	130	980	0	130	80	300	10	0	1070	50	30	100	100	0	20	120	250	150	250	180	30	100	130	150	0	200	80	100	90	100	130	0	100	0	190	240	130	20	200	150	160	50	100	100	250	0	200	50	150	310	130	0	100	1230	50	20	150	1000	0	0	100	130	100	0	0	0	1400	130	230	0	200
0	0	60	110	0	790	0	0	0	110	0	0	880	0	0	0	0	0	0	0	60	0	60	0	0	0	0	0	0	10	0	0	0	0	0	0	0	0	0	50	0	0	10	0	0	0	0	0	60	0	10	0	0	120	0	0	0	1040	0	0	0	810	0	0	0	0	0	0	0	0	1210	0	40	0	10
0	0	10	60	0	740	0	0	0	60	0	0	830	0	0	0	0	0	0	0	10	0	10	0	0	0	0	0	0	0	0	0	0	0	0	0	0	0	0	0	0	0	0	0	0	0	0	0	10	0	0	0	0	70	0	0	0	990	0	0	0	760	0	0	0	0	0	0	0	0	1160	0	0	0	0
0	20	120	170	0	850	0	0	0	170	0	0	940	0	0	0	0	0	0	0	120	20	120	50	0	0	0	20	0	70	0	0	0	0	0	0	0	0	60	110	0	0	70	20	30	0	0	0	120	0	70	0	20	180	0	0	0	1100	0	0	20	870	0	0	0	0	0	0	0	0	1270	0	100	0	70
10	130	230	280	110	960	0	110	60	280	0	0	1050	30	10	80	80	0	0	100	230	130	230	160	10	80	110	130	0	180	60	80	70	80	110	0	80	0	170	220	110	0	180	130	140	30	80	80	230	0	180	30	130	290	110	0	80	1210	30	0	130	980	0	0	80	110	80	0	0	0	1380	110	210	0	180
0	0	50	100	0	780	0	0	0	100	0	0	870	0	0	0	0	0	0	0	50	0	50	0	0	0	0	0	0	0	0	0	0	0	0	0	0	0	0	40	0	0	0	0	0	0	0	0	50	0	0	0	0	110	0	0	0	1030	0	0	0	800	0	0	0	0	0	0	0	0	1200	0	30	0	0
0	0	100	150	0	830	0	0	0	150	0	0	920	0	0	0	0	0	0	0	100	0	100	30	0	0	0	0	0	50	0	0	0	0	0	0	0	0	40	90	0	0	50	0	10	0	0	0	100	0	50	0	0	160	0	0	0	1080	0	0	0	850	0	0	0	0	0	0	0	0	1250	0	80	0	50
0	0	90	140	0	820	0	0	0	140	0	0	910	0	0	0	0	0	0	0	90	0	90	20	0	0	0	0	0	40	0	0	0	0	0	0	0	0	30	80	0	0	40	0	0	0	0	0	90	0	40	0	0	150	0	0	0	1070	0	0	0	840	0	0	0	0	0	0	0	0	1240	0	70	0	40
0	100	200	250	80	930	0	80	30	250	0	0	1020	0	0	50	50	0	0	70	200	100	200	130	0	50	80	100	0	150	30	50	40	50	80	0	50	0	140	190	80	0	150	100	110	0	50	50	200	0	150	0	100	260	80	0	50	1180	0	0	100	950	0	0	50	80	50	0	0	0	1350	80	180	0	150
0	50	150	200	30	880	0	30	0	200	0	0	970	0	0	0	0	0	0	20	150	50	150	80	0	0	30	50	0	100	0	0	0	0	30	0	0	0	90	140	30	0	100	50	60	0	0	0	150	0	100	0	50	210	30	0	0	1130	0	0	50	900	0	0	0	30	0	0	0	0	1300	30	130	0	100
0	50	150	200	30	880	0	30	0	200	0	0	970	0	0	0	0	0	0	20	150	50	150	80	0	0	30	50	0	100	0	0	0	0	30	0	0	0	90	140	30	0	100	50	60	0	0	0	150	0	100	0	50	210	30	0	0	1130	0	0	50	900	0	0	0	30	0	0	0	0	1300	30	130	0	100
0	0	0	50	0	730	0	0	0	50	0	0	820	0	0	0	0	0	0	0	0	0	0	0	0	0	0	0	0	0	0	0	0	0	0	0	0	0	0	0	0	0	0	0	0	0	0	0	0	0	0	0	0	60	0	0	0	980	0	0	0	750	0	0	0	0	0	0	0	0	1150	0	0	0	0
30	150	250	300	130	980	0	130	80	300	10	0	1070	50	30	100	100	0	20	120	250	150	250	180	30	100	130	150	0	200	80	100	90	100	130	0	100	0	190	240	130	20	200	150	160	50	100	100	250	0	200	50	150	310	130	0	100	1230	50	20	150	1000	0	0	100	130	100	0	0	0	1400	130	230	0	200
0	0	50	100	0	780	0	0	0	100	0	0	870	0	0	0	0	0	0	0	50	0	50	0	0	0	0	0	0	0	0	0	0	0	0	0	0	0	0	40	0	0	0	0	0	0	0	0	50	0	0	0	0	110	0	0	0	1030	0	0	0	800	0	0	0	0	0	0	0	0	1200	0	30	0	0
0	100	200	250	80	930	0	80	30	250	0	0	1020	0	0	50	50	0	0	70	200	100	200	130	0	50	80	100	0	150	30	50	40	50	80	0	50	0	140	190	80	0	150	100	110	0	50	50	200	0	150	0	100	260	80	0	50	1180	0	0	100	950	0	0	50	80	50	0	0	0	1350	80	180	0	150
0	0	100	150	0	830	0	0	0	150	0	0	920	0	0	0	0	0	0	0	100	0	100	30	0	0	0	0	0	50	0	0	0	0	0	0	0	0	40	90	0	0	50	0	10	0	0	0	100	0	50	0	0	160	0	0	0	1080	0	0	0	850	0	0	0	0	0	0	0	0	1250	0	80	0	50
0	0	0	0	0	670	0	0	0	0	0	0	760	0	0	0	0	0	0	0	0	0	0	0	0	0	0	0	0	0	0	0	0	0	0	0	0	0	0	0	0	0	0	0	0	0	0	0	0	0	0	0	0	0	0	0	0	920	0	0	0	690	0	0	0	0	0	0	0	0	1090	0	0	0	0
0	20	120	170	0	850	0	0	0	170	0	0	940	0	0	0	0	0	0	0	120	20	120	50	0	0	0	20	0	70	0	0	0	0	0	0	0	0	60	110	0	0	70	20	30	0	0	0	120	0	70	0	20	180	0	0	0	1100	0	0	20	870	0	0	0	0	0	0	0	0	1270	0	100	0	70
50	170	270	320	150	1000	20	150	100	320	30	0	1090	70	50	120	120	10	40	140	270	170	270	200	50	120	150	170	20	220	100	120	110	120	150	20	120	20	210	260	150	40	220	170	180	70	120	120	270	20	220	70	170	330	150	0	120	1250	70	40	170	1020	20	20	120	150	120	20	20	20	1420	150	250	20	220
0	50	150	200	30	880	0	30	0	200	0	0	970	0	0	0	0	0	0	20	150	50	150	80	0	0	30	50	0	100	0	0	0	0	30	0	0	0	90	140	30	0	100	50	60	0	0	0	150	0	100	0	50	210	30	0	0	1130	0	0	50	900	0	0	0	30	0	0	0	0	1300	30	130	0	100
0	0	0	0	0	0	0	0	0	0	0	0	0	0	0	0	0	0	0	0	0	0	0	0	0	0	0	0	0	0	0	0	0	0	0	0	0	0	0	0	0	0	0	0	0	0	0	0	0	0	0	0	0	0	0	0	0	0	0	0	0	0	0	0	0	0	0	0	0	0	170	0	0	0	0
0	100	200	250	80	930	0	80	30	250	0	0	1020	0	0	50	50	0	0	70	200	100	200	130	0	50	80	100	0	150	30	50	40	50	80	0	50	0	140	190	80	0	150	100	110	0	50	50	200	0	150	0	100	260	80	0	50	1180	0	0	100	950	0	0	50	80	50	0	0	0	1350	80	180	0	150
10	130	230	280	110	960	0	110	60	280	0	0	1050	30	10	80	80	0	0	100	230	130	230	160	10	80	110	130	0	180	60	80	70	80	110	0	80	0	170	220	110	0	180	130	140	30	80	80	230	0	180	30	130	290	110	0	80	1210	30	0	130	980	0	0	80	110	80	0	0	0	1380	110	210	0	180
0	0	100	150	0	830	0	0	0	150	0	0	920	0	0	0	0	0	0	0	100	0	100	30	0	0	0	0	0	50	0	0	0	0	0	0	0	0	40	90	0	0	50	0	10	0	0	0	100	0	50	0	0	160	0	0	0	1080	0	0	0	850	0	0	0	0	0	0	0	0	1250	0	80	0	50
0	0	0	0	0	0	0	0	0	0	0	0	70	0	0	0	0	0	0	0	0	0	0	0	0	0	0	0	0	0	0	0	0	0	0	0	0	0	0	0	0	0	0	0	0	0	0	0	0	0	0	0	0	0	0	0	0	230	0	0	0	0	0	0	0	0	0	0	0	0	400	0	0	0	0
30	150	250	300	130	980	0	130	80	300	10	0	1070	50	30	100	100	0	20	120	250	150	250	180	30	100	130	150	0	200	80	100	90	100	130	0	100	0	190	240	130	20	200	150	160	50	100	100	250	0	200	50	150	310	130	0	100	1230	50	20	150	1000	0	0	100	130	100	0	0	0	1400	130	230	0	200
30	150	250	300	130	980	0	130	80	300	10	0	1070	50	30	100	100	0	20	120	250	150	250	180	30	100	130	150	0	200	80	100	90	100	130	0	100	0	190	240	130	20	200	150	160	50	100	100	250	0	200	50	150	310	130	0	100	1230	50	20	150	1000	0	0	100	130	100	0	0	0	1400	130	230	0	200
0	50	150	200	30	880	0	30	0	200	0	0	970	0	0	0	0	0	0	20	150	50	150	80	0	0	30	50	0	100	0	0	0	0	30	0	0	0	90	140	30	0	100	50	60	0	0	0	150	0	100	0	50	210	30	0	0	1130	0	0	50	900	0	0	0	30	0	0	0	0	1300	30	130	0	100
0	20	120	170	0	850	0	0	0	170	0	0	940	0	0	0	0	0	0	0	120	20	120	50	0	0	0	20	0	70	0	0	0	0	0	0	0	0	60	110	0	0	70	20	30	0	0	0	120	0	70	0	20	180	0	0	0	1100	0	0	20	870	0	0	0	0	0	0	0	0	1270	0	100	0	70
0	50	150	200	30	880	0	30	0	200	0	0	970	0	0	0	0	0	0	20	150	50	150	80	0	0	30	50	0	100	0	0	0	0	30	0	0	0	90	140	30	0	100	50	60	0	0	0	150	0	100	0	50	210	30	0	0	1130	0	0	50	900	0	0	0	30	0	0	0	0	1300	30	130	0	100
30	150	250	300	130	980	0	130	80	300	10	0	1070	50	30	100	100	0	20	120	250	150	250	180	30	100	130	150	0	200	80	100	90	100	130	0	100	0	190	240	130	20	200	150	160	50	100	100	250	0	200	50	150	310	130	0	100	1230	50	20	150	1000	0	0	100	130	100	0	0	0	1400	130	230	0	200
30	150	250	300	130	980	0	130	80	300	10	0	1070	50	30	100	100	0	20	120	250	150	250	180	30	100	130	150	0	200	80	100	90	100	130	0	100	0	190	240	130	20	200	150	160	50	100	100	250	0	200	50	150	310	130	0	100	1230	50	20	150	1000	0	0	100	130	100	0	0	0	1400	130	230	0	200
30	150	250	300	130	980	0	130	80	300	10	0	1070	50	30	100	100	0	20	120	250	150	250	180	30	100	130	150	0	200	80	100	90	100	130	0	100	0	190	240	130	20	200	150	160	50	100	100	250	0	200	50	150	310	130	0	100	1230	50	20	150	1000	0	0	100	130	100	0	0	0	1400	130	230	0	200
0	0	0	0	0	0	0	0	0	0	0	0	0	0	0	0	0	0	0	0	0	0	0	0	0	0	0	0	0	0	0	0	0	0	0	0	0	0	0	0	0	0	0	0	0	0	0	0	0	0	0	0	0	0	0	0	0	0	0	0	0	0	0	0	0	0	0	0	0	0	0	0	0	0	0
0	20	120	170	0	850	0	0	0	170	0	0	940	0	0	0	0	0	0	0	120	20	120	50	0	0	0	20	0	70	0	0	0	0	0	0	0	0	60	110	0	0	70	20	30	0	0	0	120	0	70	0	20	180	0	0	0	1100	0	0	20	870	0	0	0	0	0	0	0	0	1270	0	100	0	70
0	0	20	70	0	750	0	0	0	70	0	0	840	0	0	0	0	0	0	0	20	0	20	0	0	0	0	0	0	0	0	0	0	0	0	0	0	0	0	10	0	0	0	0	0	0	0	0	20	0	0	0	0	80	0	0	0	1000	0	0	0	770	0	0	0	0	0	0	0	0	1170	0	0	0	0
30	150	250	300	130	980	0	130	80	300	10	0	1070	50	30	100	100	0	20	120	250	150	250	180	30	100	130	150	0	200	80	100	90	100	130	0	100	0	190	240	130	20	200	150	160	50	100	100	250	0	200	50	150	310	130	0	100	1230	50	20	150	1000	0	0	100	130	100	0	0	0	1400	130	230	0	200
0	0	50	100	0	780	0	0	0	100	0	0	870	0	0	0	0	0	0	0	50	0	50	0	0	0	0	0	0	0	0	0	0	0	0	0	0	0	0	40	0	0	0	0	0	0	0	0	50	0	0	0	0	110	0	0	0	1030	0	0	0	800	0	0	0	0	0	0	0	0	1200	0	30	0	0

0	0	0	0	0	0	30	0	0	0	20	55	0	0	0	0	0	40	10	0	0	0	0	0	0	0	0	0	30	0	0	0	0	0	0	30	0	30	0	0	0	10	0	0	0	0	0	0	0	30	0	0	0	0	0	50	0	0	0	10	0	0	30	30	0	0	0	30	30	30	0	0	0	30	0
120	0	0	0	20	0	150	20	70	0	140	175	0	100	120	50	50	160	130	30	0	0	0	0	120	50	20	0	150	0	70	50	60	50	20	150	50	150	0	0	20	130	0	0	0	100	50	50	0	150	0	100	0	0	20	170	50	0	100	130	0	0	150	150	50	20	50	150	150	150	0	20	0	150	0
220	100	0	0	120	0	250	120	170	0	240	275	0	200	220	150	150	260	230	130	0	100	0	70	220	150	120	100	250	50	170	150	160	150	120	250	150	250	60	10	120	230	50	100	90	200	150	150	0	250	50	200	100	0	120	270	150	0	200	230	100	0	250	250	150	120	150	250	250	250	0	120	20	250	50
270	150	50	0	170	0	300	170	220	0	290	325	0	250	270	200	200	310	280	180	50	150	50	120	270	200	170	150	300	100	220	200	210	200	170	300	200	300	110	60	170	280	100	150	140	250	200	200	50	300	100	250	150	0	170	320	200	0	250	280	150	0	300	300	200	170	200	300	300	300	0	170	70	300	100
100	0	0	0	0	0	130	0	50	0	120	155	0	80	100	30	30	140	110	10	0	0	0	0	100	30	0	0	130	0	50	30	40	30	0	130	30	130	0	0	0	110	0	0	0	80	30	30	0	130	0	80	0	0	0	150	30	0	80	110	0	0	130	130	30	0	30	130	130	130	0	0	0	130	0
950	830	730	680	850	0	980	850	900	680	970	1005	0	930	950	880	880	990	960	860	730	830	730	800	950	880	850	830	980	780	900	880	890	880	850	980	880	980	790	740	850	960	780	830	820	930	880	880	730	980	780	930	830	670	850	1000	880	0	930	960	830	0	980	980	880	850	880	980	980	980	0	850	750	980	780
0	0	0	0	0	0	0	0	0	0	0	25	0	0	0	0	0	10	0	0	0	0	0	0	0	0	0	0	0	0	0	0	0	0	0	0	0	0	0	0	0	0	0	0	0	0	0	0	0	0	0	0	0	0	0	20	0	0	0	0	0	0	0	0	0	0	0	0	0	0	0	0	0	0	0
100	0	0	0	0	0	130	0	50	0	120	155	0	80	100	30	30	140	110	10	0	0	0	0	100	30	0	0	130	0	50	30	40	30	0	130	30	130	0	0	0	110	0	0	0	80	30	30	0	130	0	80	0	0	0	150	30	0	80	110	0	0	130	130	30	0	30	130	130	130	0	0	0	130	0
50	0	0	0	0	0	80	0	0	0	70	105	0	30	50	0	0	90	60	0	0	0	0	0	50	0	0	0	80	0	0	0	0	0	0	80	0	80	0	0	0	60	0	0	0	30	0	0	0	80	0	30	0	0	0	100	0	0	30	60	0	0	80	80	0	0	0	80	80	80	0	0	0	80	0
270	150	50	0	170	0	300	170	220	0	290	325	0	250	270	200	200	310	280	180	50	150	50	120	270	200	170	150	300	100	220	200	210	200	170	300	200	300	110	60	170	280	100	150	140	250	200	200	50	300	100	250	150	0	170	320	200	0	250	280	150	0	300	300	200	170	200	300	300	300	0	170	70	300	100
0	0	0	0	0	0	10	0	0	0	0	35	0	0	0	0	0	20	0	0	0	0	0	0	0	0	0	0	10	0	0	0	0	0	0	10	0	10	0	0	0	0	0	0	0	0	0	0	0	10	0	0	0	0	0	30	0	0	0	0	0	0	10	10	0	0	0	10	10	10	0	0	0	10	0
0	0	0	0	0	0	0	0	0	0	0	0	0	0	0	0	0	0	0	0	0	0	0	0	0	0	0	0	0	0	0	0	0	0	0	0	0	0	0	0	0	0	0	0	0	0	0	0	0	0	0	0	0	0	0	0	0	0	0	0	0	0	0	0	0	0	0	0	0	0	0	0	0	0	0
1040	920	820	770	940	90	1070	940	990	770	1060	1095	0	1020	1040	970	970	1080	1050	950	820	920	820	890	1040	970	940	920	1070	870	990	970	980	970	940	1070	970	1070	880	830	940	1050	870	920	910	1020	970	970	820	1070	870	1020	920	760	940	1090	970	0	1020	1050	920	70	1070	1070	970	940	970	1070	1070	1070	0	940	840	1070	870
20	0	0	0	0	0	50	0	0	0	40	75	0	0	20	0	0	60	30	0	0	0	0	0	20	0	0	0	50	0	0	0	0	0	0	50	0	50	0	0	0	30	0	0	0	0	0	0	0	50	0	0	0	0	0	70	0	0	0	30	0	0	50	50	0	0	0	50	50	50	0	0	0	50	0
0	0	0	0	0	0	30	0	0	0	20	55	0	0	0	0	0	40	10	0	0	0	0	0	0	0	0	0	30	0	0	0	0	0	0	30	0	30	0	0	0	10	0	0	0	0	0	0	0	30	0	0	0	0	0	50	0	0	0	10	0	0	30	30	0	0	0	30	30	30	0	0	0	30	0
70	0	0	0	0	0	100	0	20	0	90	125	0	50	70	0	0	110	80	0	0	0	0	0	70	0	0	0	100	0	20	0	10	0	0	100	0	100	0	0	0	80	0	0	0	50	0	0	0	100	0	50	0	0	0	120	0	0	50	80	0	0	100	100	0	0	0	100	100	100	0	0	0	100	0
70	0	0	0	0	0	100	0	20	0	90	125	0	50	70	0	0	110	80	0	0	0	0	0	70	0	0	0	100	0	20	0	10	0	0	100	0	100	0	0	0	80	0	0	0	50	0	0	0	100	0	50	0	0	0	120	0	0	50	80	0	0	100	100	0	0	0	100	100	100	0	0	0	100	0
0	0	0	0	0	0	0	0	0	0	0	15	0	0	0	0	0	0	0	0	0	0	0	0	0	0	0	0	0	0	0	0	0	0	0	0	0	0	0	0	0	0	0	0	0	0	0	0	0	0	0	0	0	0	0	10	0	0	0	0	0	0	0	0	0	0	0	0	0	0	0	0	0	0	0
0	0	0	0	0	0	20	0	0	0	10	45	0	0	0	0	0	30	0	0	0	0	0	0	0	0	0	0	20	0	0	0	0	0	0	20	0	20	0	0	0	0	0	0	0	0	0	0	0	20	0	0	0	0	0	40	0	0	0	0	0	0	20	20	0	0	0	20	20	20	0	0	0	20	0
90	0	0	0	0	0	120	0	40	0	110	145	0	70	90	20	20	130	100	0	0	0	0	0	90	20	0	0	120	0	40	20	30	20	0	120	20	120	0	0	0	100	0	0	0	70	20	20	0	120	0	70	0	0	0	140	20	0	70	100	0	0	120	120	20	0	20	120	120	120	0	0	0	120	0
220	100	0	0	120	0	250	120	170	0	240	275	0	200	220	150	150	260	230	130	0	100	0	70	220	150	120	100	250	50	170	150	160	150	120	250	150	250	60	10	120	230	50	100	90	200	150	150	0	250	50	200	100	0	120	270	150	0	200	230	100	0	250	250	150	120	150	250	250	250	0	120	20	250	50
120	0	0	0	20	0	150	20	70	0	140	175	0	100	120	50	50	160	130	30	0	0	0	0	120	50	20	0	150	0	70	50	60	50	20	150	50	150	0	0	20	130	0	0	0	100	50	50	0	150	0	100	0	0	20	170	50	0	100	130	0	0	150	150	50	20	50	150	150	150	0	20	0	150	0
220	100	0	0	120	0	250	120	170	0	240	275	0	200	220	150	150	260	230	130	0	100	0	70	220	150	120	100	250	50	170	150	160	150	120	250	150	250	60	10	120	230	50	100	90	200	150	150	0	250	50	200	100	0	120	270	150	0	200	230	100	0	250	250	150	120	150	250	250	250	0	120	20	250	50
150	30	0	0	50	0	180	50	100	0	170	205	0	130	150	80	80	190	160	60	0	30	0	0	150	80	50	30	180	0	100	80	90	80	50	180	80	180	0	0	50	160	0	30	20	130	80	80	0	180	0	130	30	0	50	200	80	0	130	160	30	0	180	180	80	50	80	180	180	180	0	50	0	180	0
0	0	0	0	0	0	30	0	0	0	20	55	0	0	0	0	0	40	10	0	0	0	0	0	0	0	0	0	30	0	0	0	0	0	0	30	0	30	0	0	0	10	0	0	0	0	0	0	0	30	0	0	0	0	0	50	0	0	0	10	0	0	30	30	0	0	0	30	30	30	0	0	0	30	0
70	0	0	0	0	0	100	0	20	0	90	125	0	50	70	0	0	110	80	0	0	0	0	0	70	0	0	0	100	0	20	0	10	0	0	100	0	100	0	0	0	80	0	0	0	50	0	0	0	100	0	50	0	0	0	120	0	0	50	80	0	0	100	100	0	0	0	100	100	100	0	0	0	100	0
100	0	0	0	0	0	130	0	50	0	120	155	0	80	100	30	30	140	110	10	0	0	0	0	100	30	0	0	130	0	50	30	40	30	0	130	30	130	0	0	0	110	0	0	0	80	30	30	0	130	0	80	0	0	0	150	30	0	80	110	0	0	130	130	30	0	30	130	130	130	0	0	0	130	0
120	0	0	0	20	0	150	20	70	0	140	175	0	100	120	50	50	160	130	30	0	0	0	0	120	50	20	0	150	0	70	50	60	50	20	150	50	150	0	0	20	130	0	0	0	100	50	50	0	150	0	100	0	0	20	170	50	0	100	130	0	0	150	150	50	20	50	150	150	150	0	20	0	150	0
0	0	0	0	0	0	0	0	0	0	0	25	0	0	0	0	0	10	0	0	0	0	0	0	0	0	0	0	0	0	0	0	0	0	0	0	0	0	0	0	0	0	0	0	0	0	0	0	0	0	0	0	0	0	0	20	0	0	0	0	0	0	0	0	0	0	0	0	0	0	0	0	0	0	0
170	50	0	0	70	0	200	70	120	0	190	225	0	150	170	100	100	210	180	80	0	50	0	20	170	100	70	50	200	0	120	100	110	100	70	200	100	200	10	0	70	180	0	50	40	150	100	100	0	200	0	150	50	0	70	220	100	0	150	180	50	0	200	200	100	70	100	200	200	200	0	70	0	200	0
50	0	0	0	0	0	80	0	0	0	70	105	0	30	50	0	0	90	60	0	0	0	0	0	50	0	0	0	80	0	0	0	0	0	0	80	0	80	0	0	0	60	0	0	0	30	0	0	0	80	0	30	0	0	0	100	0	0	30	60	0	0	80	80	0	0	0	80	80	80	0	0	0	80	0
70	0	0	0	0	0	100	0	20	0	90	125	0	50	70	0	0	110	80	0	0	0	0	0	70	0	0	0	100	0	20	0	10	0	0	100	0	100	0	0	0	80	0	0	0	50	0	0	0	100	0	50	0	0	0	120	0	0	50	80	0	0	100	100	0	0	0	100	100	100	0	0	0	100	0
60	0	0	0	0	0	90	0	10	0	80	115	0	40	60	0	0	100	70	0	0	0	0	0	60	0	0	0	90	0	10	0	0	0	0	90	0	90	0	0	0	70	0	0	0	40	0	0	0	90	0	40	0	0	0	110	0	0	40	70	0	0	90	90	0	0	0	90	90	90	0	0	0	90	0
70	0	0	0	0	0	100	0	20	0	90	125	0	50	70	0	0	110	80	0	0	0	0	0	70	0	0	0	100	0	20	0	10	0	0	100	0	100	0	0	0	80	0	0	0	50	0	0	0	100	0	50	0	0	0	120	0	0	50	80	0	0	100	100	0	0	0	100	100	100	0	0	0	100	0
100	0	0	0	0	0	130	0	50	0	120	155	0	80	100	30	30	140	110	10	0	0	0	0	100	30	0	0	130	0	50	30	40	30	0	130	30	130	0	0	0	110	0	0	0	80	30	30	0	130	0	80	0	0	0	150	30	0	80	110	0	0	130	130	30	0	30	130	130	130	0	0	0	130	0
0	0	0	0	0	0	0	0	0	0	0	25	0	0	0	0	0	10	0	0	0	0	0	0	0	0	0	0	0	0	0	0	0	0	0	0	0	0	0	0	0	0	0	0	0	0	0	0	0	0	0	0	0	0	0	20	0	0	0	0	0	0	0	0	0	0	0	0	0	0	0	0	0	0	0
70	0	0	0	0	0	100	0	20	0	90	125	0	50	70	0	0	110	80	0	0	0	0	0	70	0	0	0	100	0	20	0	10	0	0	100	0	100	0	0	0	80	0	0	0	50	0	0	0	100	0	50	0	0	0	120	0	0	50	80	0	0	100	100	0	0	0	100	100	100	0	0	0	100	0
0	0	0	0	0	0	0	0	0	0	0	25	0	0	0	0	0	10	0	0	0	0	0	0	0	0	0	0	0	0	0	0	0	0	0	0	0	0	0	0	0	0	0	0	0	0	0	0	0	0	0	0	0	0	0	20	0	0	0	0	0	0	0	0	0	0	0	0	0	0	0	0	0	0	0
160	40	0	0	60	0	190	60	110	0	180	215	0	140	160	90	90	200	170	70	0	40	0	10	160	90	60	40	190	0	110	90	100	90	60	190	90	190	0	0	60	170	0	40	30	140	90	90	0	190	0	140	40	0	60	210	90	0	140	170	40	0	190	190	90	60	90	190	190	190	0	60	0	190	0
210	90	0	0	110	0	240	110	160	0	230	265	0	190	210	140	140	250	220	120	0	90	0	60	210	140	110	90	240	40	160	140	150	140	110	240	140	240	50	0	110	220	40	90	80	190	140	140	0	240	40	190	90	0	110	260	140	0	190	220	90	0	240	240	140	110	140	240	240	240	0	110	10	240	40
100	0	0	0	0	0	130	0	50	0	120	155	0	80	100	30	30	140	110	10	0	0	0	0	100	30	0	0	130	0	50	30	40	30	0	130	30	130	0	0	0	110	0	0	0	80	30	30	0	130	0	80	0	0	0	150	30	0	80	110	0	0	130	130	30	0	30	130	130	130	0	0	0	130	0
0	0	0	0	0	0	20	0	0	0	10	45	0	0	0	0	0	30	0	0	0	0	0	0	0	0	0	0	20	0	0	0	0	0	0	20	0	20	0	0	0	0	0	0	0	0	0	0	0	20	0	0	0	0	0	40	0	0	0	0	0	0	20	20	0	0	0	20	20	20	0	0	0	20	0
170	50	0	0	70	0	200	70	120	0	190	225	0	150	170	100	100	210	180	80	0	50	0	20	170	100	70	50	200	0	120	100	110	100	70	200	100	200	10	0	70	180	0	50	40	150	100	100	0	200	0	150	50	0	70	220	100	0	150	180	50	0	200	200	100	70	100	200	200	200	0	70	0	200	0
120	0	0	0	20	0	150	20	70	0	140	175	0	100	120	50	50	160	130	30	0	0	0	0	120	50	20	0	150	0	70	50	60	50	20	150	50	150	0	0	20	130	0	0	0	100	50	50	0	150	0	100	0	0	20	170	50	0	100	130	0	0	150	150	50	20	50	150	150	150	0	20	0	150	0
130	10	0	0	30	0	160	30	80	0	150	185	0	110	130	60	60	170	140	40	0	10	0	0	130	60	30	10	160	0	80	60	70	60	30	160	60	160	0	0	30	140	0	10	0	110	60	60	0	160	0	110	10	0	30	180	60	0	110	140	10	0	160	160	60	30	60	160	160	160	0	30	0	160	0
20	0	0	0	0	0	50	0	0	0	40	75	0	0	20	0	0	60	30	0	0	0	0	0	20	0	0	0	50	0	0	0	0	0	0	50	0	50	0	0	0	30	0	0	0	0	0	0	0	50	0	0	0	0	0	70	0	0	0	30	0	0	50	50	0	0	0	50	50	50	0	0	0	50	0
70	0	0	0	0	0	100	0	20	0	90	125	0	50	70	0	0	110	80	0	0	0	0	0	70	0	0	0	100	0	20	0	10	0	0	100	0	100	0	0	0	80	0	0	0	50	0	0	0	100	0	50	0	0	0	120	0	0	50	80	0	0	100	100	0	0	0	100	100	100	0	0	0	100	0
70	0	0	0	0	0	100	0	20	0	90	125	0	50	70	0	0	110	80	0	0	0	0	0	70	0	0	0	100	0	20	0	10	0	0	100	0	100	0	0	0	80	0	0	0	50	0	0	0	100	0	50	0	0	0	120	0	0	50	80	0	0	100	100	0	0	0	100	100	100	0	0	0	100	0
220	100	0	0	120	0	250	120	170	0	240	275	0	200	220	150	150	260	230	130	0	100	0	70	220	150	120	100	250	50	170	150	160	150	120	250	150	250	60	10	120	230	50	100	90	200	150	150	0	250	50	200	100	0	120	270	150	0	200	230	100	0	250	250	150	120	150	250	250	250	0	120	20	250	50
0	0	0	0	0	0	0	0	0	0	0	25	0	0	0	0	0	10	0	0	0	0	0	0	0	0	0	0	0	0	0	0	0	0	0	0	0	0	0	0	0	0	0	0	0	0	0	0	0	0	0	0	0	0	0	20	0	0	0	0	0	0	0	0	0	0	0	0	0	0	0	0	0	0	0
170	50	0	0	70	0	200	70	120	0	190	225	0	150	170	100	100	210	180	80	0	50	0	20	170	100	70	50	200	0	120	100	110	100	70	200	100	200	10	0	70	180	0	50	40	150	100	100	0	200	0	150	50	0	70	220	100	0	150	180	50	0	200	200	100	70	100	200	200	200	0	70	0	200	0
20	0	0	0	0	0	50	0	0	0	40	75	0	0	20	0	0	60	30	0	0	0	0	0	20	0	0	0	50	0	0	0	0	0	0	50	0	50	0	0	0	30	0	0	0	0	0	0	0	50	0	0	0	0	0	70	0	0	0	30	0	0	50	50	0	0	0	50	50	50	0	0	0	50	0
120	0	0	0	20	0	150	20	70	0	140	175	0	100	120	50	50	160	130	30	0	0	0	0	120	50	20	0	150	0	70	50	60	50	20	150	50	150	0	0	20	130	0	0	0	100	50	50	0	150	0	100	0	0	20	170	50	0	100	130	0	0	150	150	50	20	50	150	150	150	0	20	0	150	0
280	160	60	10	180	0	310	180	230	10	300	335	0	260	280	210	210	320	290	190	60	160	60	130	280	210	180	160	310	110	230	210	220	210	180	310	210	310	120	70	180	290	110	160	150	260	210	210	60	310	110	260	160	0	180	330	210	0	260	290	160	0	310	310	210	180	210	310	310	310	0	180	80	310	110
100	0	0	0	0	0	130	0	50	0	120	155	0	80	100	30	30	140	110	10	0	0	0	0	100	30	0	0	130	0	50	30	40	30	0	130	30	130	0	0	0	110	0	0	0	80	30	30	0	130	0	80	0	0	0	150	30	0	80	110	0	0	130	130	30	0	30	130	130	130	0	0	0	130	0
0	0	0	0	0	0	0	0	0	0	0	5	0	0	0	0	0	0	0	0	0	0	0	0	0	0	0	0	0	0	0	0	0	0	0	0	0	0	0	0	0	0	0	0	0	0	0	0	0	0	0	0	0	0	0	0	0	0	0	0	0	0	0	0	0	0	0	0	0	0	0	0	0	0	0
70	0	0	0	0	0	100	0	20	0	90	125	0	50	70	0	0	110	80	0	0	0	0	0	70	0	0	0	100	0	20	0	10	0	0	100	0	100	0	0	0	80	0	0	0	50	0	0	0	100	0	50	0	0	0	120	0	0	50	80	0	0	100	100	0	0	0	100	100	100	0	0	0	100	0
1200	1080	980	930	1100	250	1230	1100	1150	930	1220	1255	160	1180	1200	1130	1130	1240	1210	1110	980	1080	980	1050	1200	1130	1100	1080	1230	1030	1150	1130	1140	1130	1100	1230	1130	1230	1040	990	1100	1210	1030	1080	1070	1180	1130	1130	980	1230	1030	1180	1080	920	1100	1250	1130	0	1180	1210	1080	230	1230	1230	1130	1100	1130	1230	1230	1230	0	1100	1000	1230	1030
20	0	0	0	0	0	50	0	0	0	40	75	0	0	20	0	0	60	30	0	0	0	0	0	20	0	0	0	50	0	0	0	0	0	0	50	0	50	0	0	0	30	0	0	0	0	0	0	0	50	0	0	0	0	0	70	0	0	0	30	0	0	50	50	0	0	0	50	50	50	0	0	0	50	0
0	0	0	0	0	0	20	0	0	0	10	45	0	0	0	0	0	30	0	0	0	0	0	0	0	0	0	0	20	0	0	0	0	0	0	20	0	20	0	0	0	0	0	0	0	0	0	0	0	20	0	0	0	0	0	40	0	0	0	0	0	0	20	20	0	0	0	20	20	20	0	0	0	20	0
120	0	0	0	20	0	150	20	70	0	140	175	0	100	120	50	50	160	130	30	0	0	0	0	120	50	20	0	150	0	70	50	60	50	20	150	50	150	0	0	20	130	0	0	0	100	50	50	0	150	0	100	0	0	20	170	50	0	100	130	0	0	150	150	50	20	50	150	150	150	0	20	0	150	0
970	850	750	700	870	20	1000	870	920	700	990	1025	0	950	970	900	900	1010	980	880	750	850	750	820	970	900	870	850	1000	800	920	900	910	900	870	1000	900	1000	810	760	870	980	800	850	840	950	900	900	750	1000	800	950	850	690	870	1020	900	0	950	980	850	0	1000	1000	900	870	900	1000	1000	1000	0	870	770	1000	800
0	0	0	0	0	0	0	0	0	0	0	25	0	0	0	0	0	10	0	0	0	0	0	0	0	0	0	0	0	0	0	0	0	0	0	0	0	0	0	0	0	0	0	0	0	0	0	0	0	0	0	0	0	0	0	20	0	0	0	0	0	0	0	0	0	0	0	0	0	0	0	0	0	0	0
0	0	0	0	0	0	0	0	0	0	0	25	0	0	0	0	0	10	0	0	0	0	0	0	0	0	0	0	0	0	0	0	0	0	0	0	0	0	0	0	0	0	0	0	0	0	0	0	0	0	0	0	0	0	0	20	0	0	0	0	0	0	0	0	0	0	0	0	0	0	0	0	0	0	0
70	0	0	0	0	0	100	0	20	0	90	125	0	50	70	0	0	110	80	0	0	0	0	0	70	0	0	0	100	0	20	0	10	0	0	100	0	100	0	0	0	80	0	0	0	50	0	0	0	100	0	50	0	0	0	120	0	0	50	80	0	0	100	100	0	0	0	100	100	100	0	0	0	100	0
100	0	0	0	0	0	130	0	50	0	120	155	0	80	100	30	30	140	110	10	0	0	0	0	100	30	0	0	130	0	50	30	40	30	0	130	30	130	0	0	0	110	0	0	0	80	30	30	0	130	0	80	0	0	0	150	30	0	80	110	0	0	130	130	30	0	30	130	130	130	0	0	0	130	0
70	0	0	0	0	0	100	0	20	0	90	125	0	50	70	0	0	110	80	0	0	0	0	0	70	0	0	0	100	0	20	0	10	0	0	100	0	100	0	0	0	80	0	0	0	50	0	0	0	100	0	50	0	0	0	120	0	0	50	80	0	0	100	100	0	0	0	100	100	100	0	0	0	100	0
0	0	0	0	0	0	0	0	0	0	0	25	0	0	0	0	0	10	0	0	0	0	0	0	0	0	0	0	0	0	0	0	0	0	0	0	0	0	0	0	0	0	0	0	0	0	0	0	0	0	0	0	0	0	0	20	0	0	0	0	0	0	0	0	0	0	0	0	0	0	0	0	0	0	0
0	0	0	0	0	0	0	0	0	0	0	25	0	0	0	0	0	10	0	0	0	0	0	0	0	0	0	0	0	0	0	0	0	0	0	0	0	0	0	0	0	0	0	0	0	0	0	0	0	0	0	0	0	0	0	20	0	0	0	0	0	0	0	0	0	0	0	0	0	0	0	0	0	0	0
0	0	0	0	0	0	0	0	0	0	0	25	0	0	0	0	0	10	0	0	0	0	0	0	0	0	0	0	0	0	0	0	0	0	0	0	0	0	0	0	0	0	0	0	0	0	0	0	0	0	0	0	0	0	0	20	0	0	0	0	0	0	0	0	0	0	0	0	0	0	0	0	0	0	0
1370	1250	1150	1100	1270	420	1400	1270	1320	1100	1390	1425	330	1350	1370	1300	1300	1410	1380	1280	1150	1250	1150	1220	1370	1300	1270	1250	1400	1200	1320	1300	1310	1300	1270	1400	1300	1400	1210	1160	1270	1380	1200	1250	1240	1350	1300	1300	1150	1400	1200	1350	1250	1090	1270	1420	1300	170	1350	1380	1250	400	1400	1400	1300	1270	1300	1400	1400	1400	0	1270	1170	1400	1200
100	0	0	0	0	0	130	0	50	0	120	155	0	80	100	30	30	140	110	10	0	0	0	0	100	30	0	0	130	0	50	30	40	30	0	130	30	130	0	0	0	110	0	0	0	80	30	30	0	130	0	80	0	0	0	150	30	0	80	110	0	0	130	130	30	0	30	130	130	130	0	0	0	130	0
200	80	0	0	100	0	230	100	150	0	220	255	0	180	200	130	130	240	210	110	0	80	0	50	200	130	100	80	230	30	150	130	140	130	100	230	130	230	40	0	100	210	30	80	70	180	130	130	0	230	30	180	80	0	100	250	130	0	180	210	80	0	230	230	130	100	130	230	230	230	0	100	0	230	30
0	0	0	0	0	0	0	0	0	0	0	25	0	0	0	0	0	10	0	0	0	0	0	0	0	0	0	0	0	0	0	0	0	0	0	0	0	0	0	0	0	0	0	0	0	0	0	0	0	0	0	0	0	0	0	20	0	0	0	0	0	0	0	0	0	0	0	0	0	0	0	0	0	0	0
170	50	0	0	70	0	200	70	120	0	190	225	0	150	170	100	100	210	180	80	0	50	0	20	170	100	70	50	200	0	120	100	110	100	70	200	100	200	10	0	70	180	0	50	40	150	100	100	0	200	0	150	50	0	70	220	100	0	150	180	50	0	200	200	100	70	100	200	200	200	0	70	0	200	0