1719 1852 1847 1854 1833 1846 1843 1836 1731 1857 1806 1857 1795 1840 1853 1840 1758 1800 1747 1834 1845 1799 1858 1834 1659 1791 1852 1791 1555 1754 1837 1853 1836 1820 1847 1854 1836 1736 1798 1834 1846 1848 1858 1853 1718 1775 1826 1792 1841 1838 1831 1820 1830 1473 1755 1647 1836 1712 1793 1835 1842 1840 1810 1839 1808 1857 1841 1819 1710 1831 1852 1320 1848 1714 1726

85

59 47 47 47 49 47 48 48 58 47 51 47 52 48 47 48 55 51 56 49 48 52 46 49 64 52 47 52 73 56 48 47 48 50 47 47 48 57 52 49 47 47 46 47 59 54 49 52 48 48 49 50 49 80 55 65 48 59 52 48 48 48 51 48 51 47 48 50 59 49 47 93 47 59 58

14 42 31 13

34514

0	0	0	0	0	0	0	0	0	0	0	0	0	0	0	0	0	0	0	0	0	0	0	0	0	0	0	0	0	0	0	0	0	0	0	0	0	27	0	0	0	0	0	0	0	0	0	0	0	0	0	0	0	0	0	0	0	53	0	0	0	0	0	0	0	0	0	0	31	0	0	50	0	0	0
460	0	130	7	234	0	75	235	0	0	0	75	0	198	94	203	443	0	165	216	100	0	0	0	212	367	0	363	0	0	30	15	234	224	0	15	0	487	53	226	0	110	90	0	450	0	0	0	0	148	0	0	0	0	0	433	200	513	0	186	170	0	123	0	80	0	0	234	491	216	0	510	0	460	446
330	0	0	0	104	0	0	105	0	0	0	0	0	68	0	73	313	0	35	86	0	0	0	0	82	237	0	233	0	0	0	0	104	94	0	0	0	357	0	96	0	0	0	0	320	0	0	0	0	18	0	0	0	0	0	303	70	383	0	56	40	0	0	0	0	0	0	104	361	86	0	380	0	330	316
453	0	123	0	227	0	68	228	0	0	0	68	0	191	87	196	436	0	158	209	93	0	0	0	205	360	0	356	0	0	23	8	227	217	0	8	0	480	46	219	0	103	83	0	443	0	0	0	0	141	0	0	0	0	0	426	193	506	0	179	163	0	116	0	73	0	0	227	484	209	0	503	0	453	439
226	0	0	0	0	0	0	1	0	0	0	0	0	0	0	0	209	0	0	0	0	0	0	0	0	133	0	129	0	0	0	0	0	0	0	0	0	253	0	0	0	0	0	0	216	0	0	0	0	0	0	0	0	0	0	199	0	279	0	0	0	0	0	0	0	0	0	0	257	0	0	276	0	226	212
514	54	184	61	288	0	129	289	0	54	0	129	0	252	148	257	497	0	219	270	154	0	34	0	266	421	28	417	0	24	84	69	288	278	0	69	0	541	107	280	0	164	144	29	504	0	0	0	0	202	0	0	0	0	0	487	254	567	0	240	224	0	177	0	134	24	0	288	545	270	29	564	14	514	500
385	0	55	0	159	0	0	160	0	0	0	0	0	123	19	128	368	0	90	141	25	0	0	0	137	292	0	288	0	0	0	0	159	149	0	0	0	412	0	151	0	35	15	0	375	0	0	0	0	73	0	0	0	0	0	358	125	438	0	111	95	0	48	0	5	0	0	159	416	141	0	435	0	385	371
225	0	0	0	0	0	0	0	0	0	0	0	0	0	0	0	208	0	0	0	0	0	0	0	0	132	0	128	0	0	0	0	0	0	0	0	0	252	0	0	0	0	0	0	215	0	0	0	0	0	0	0	0	0	0	198	0	278	0	0	0	0	0	0	0	0	0	0	256	0	0	275	0	225	211
570	110	240	117	344	56	185	345	0	110	0	185	0	308	204	313	553	0	275	326	210	35	90	11	322	477	84	473	0	80	140	125	344	334	35	125	0	597	163	336	53	220	200	85	560	0	11	35	25	258	0	0	20	48	0	543	310	623	0	296	280	25	233	20	190	80	20	344	601	326	85	620	70	570	556
460	0	130	7	234	0	75	235	0	0	0	75	0	198	94	203	443	0	165	216	100	0	0	0	212	367	0	363	0	0	30	15	234	224	0	15	0	487	53	226	0	110	90	0	450	0	0	0	0	148	0	0	0	0	0	433	200	513	0	186	170	0	123	0	80	0	0	234	491	216	0	510	0	460	446
592	132	262	139	366	78	207	367	22	132	0	207	0	330	226	335	575	12	297	348	232	57	112	33	344	499	106	495	0	102	162	147	366	356	57	147	22	619	185	358	75	242	222	107	582	7	33	57	47	280	8	22	42	70	0	565	332	645	0	318	302	47	255	42	212	102	42	366	623	348	107	642	92	592	578
385	0	55	0	159	0	0	160	0	0	0	0	0	123	19	128	368	0	90	141	25	0	0	0	137	292	0	288	0	0	0	0	159	149	0	0	0	412	0	151	0	35	15	0	375	0	0	0	0	73	0	0	0	0	0	358	125	438	0	111	95	0	48	0	5	0	0	159	416	141	0	435	0	385	371
632	172	302	179	406	118	247	407	62	172	40	247	0	370	266	375	615	52	337	388	272	97	152	73	384	539	146	535	0	142	202	187	406	396	97	187	62	659	225	398	115	282	262	147	622	47	73	97	87	320	48	62	82	110	0	605	372	685	0	358	342	87	295	82	252	142	82	406	663	388	147	682	132	632	618
262	0	0	0	36	0	0	37	0	0	0	0	0	0	0	5	245	0	0	18	0	0	0	0	14	169	0	165	0	0	0	0	36	26	0	0	0	289	0	28	0	0	0	0	252	0	0	0	0	0	0	0	0	0	0	235	2	315	0	0	0	0	0	0	0	0	0	36	293	18	0	312	0	262	248
366	0	36	0	140	0	0	141	0	0	0	0	0	104	0	109	349	0	71	122	6	0	0	0	118	273	0	269	0	0	0	0	140	130	0	0	0	393	0	132	0	16	0	0	356	0	0	0	0	54	0	0	0	0	0	339	106	419	0	92	76	0	29	0	0	0	0	140	397	122	0	416	0	366	352
257	0	0	0	31	0	0	32	0	0	0	0	0	0	0	0	240	0	0	13	0	0	0	0	9	164	0	160	0	0	0	0	31	21	0	0	0	284	0	23	0	0	0	0	247	0	0	0	0	0	0	0	0	0	0	230	0	310	0	0	0	0	0	0	0	0	0	31	288	13	0	307	0	257	243
17	0	0	0	0	0	0	0	0	0	0	0	0	0	0	0	0	0	0	0	0	0	0	0	0	0	0	0	0	0	0	0	0	0	0	0	0	44	0	0	0	0	0	0	7	0	0	0	0	0	0	0	0	0	0	0	0	70	0	0	0	0	0	0	0	0	0	0	48	0	0	67	0	17	3
580	120	250	127	354	66	195	355	10	120	0	195	0	318	214	323	563	0	285	336	220	45	100	21	332	487	94	483	0	90	150	135	354	344	45	135	10	607	173	346	63	230	210	95	570	0	21	45	35	268	0	10	30	58	0	553	320	633	0	306	290	35	243	30	200	90	30	354	611	336	95	630	80	580	566
295	0	0	0	69	0	0	70	0	0	0	0	0	33	0	38	278	0	0	51	0	0	0	0	47	202	0	198	0	0	0	0	69	59	0	0	0	322	0	61	0	0	0	0	285	0	0	0	0	0	0	0	0	0	0	268	35	348	0	21	5	0	0	0	0	0	0	69	326	51	0	345	0	295	281
244	0	0	0	18	0	0	19	0	0	0	0	0	0	0	0	227	0	0	0	0	0	0	0	0	151	0	147	0	0	0	0	18	8	0	0	0	271	0	10	0	0	0	0	234	0	0	0	0	0	0	0	0	0	0	217	0	297	0	0	0	0	0	0	0	0	0	18	275	0	0	294	0	244	230
360	0	30	0	134	0	0	135	0	0	0	0	0	98	0	103	343	0	65	116	0	0	0	0	112	267	0	263	0	0	0	0	134	124	0	0	0	387	0	126	0	10	0	0	350	0	0	0	0	48	0	0	0	0	0	333	100	413	0	86	70	0	23	0	0	0	0	134	391	116	0	410	0	360	346
535	75	205	82	309	21	150	310	0	75	0	150	0	273	169	278	518	0	240	291	175	0	55	0	287	442	49	438	0	45	105	90	309	299	0	90	0	562	128	301	18	185	165	50	525	0	0	0	0	223	0	0	0	13	0	508	275	588	0	261	245	0	198	0	155	45	0	309	566	291	50	585	35	535	521
480	20	150	27	254	0	95	255	0	20	0	95	0	218	114	223	463	0	185	236	120	0	0	0	232	387	0	383	0	0	50	35	254	244	0	35	0	507	73	246	0	130	110	0	470	0	0	0	0	168	0	0	0	0	0	453	220	533	0	206	190	0	143	0	100	0	0	254	511	236	0	530	0	480	466
559	99	229	106	333	45	174	334	0	99	0	174	0	297	193	302	542	0	264	315	199	24	79	0	311	466	73	462	0	69	129	114	333	323	24	114	0	586	152	325	42	209	189	74	549	0	0	24	14	247	0	0	9	37	0	532	299	612	0	285	269	14	222	9	179	69	9	333	590	315	74	609	59	559	545
248	0	0	0	22	0	0	23	0	0	0	0	0	0	0	0	231	0	0	4	0	0	0	0	0	155	0	151	0	0	0	0	22	12	0	0	0	275	0	14	0	0	0	0	238	0	0	0	0	0	0	0	0	0	0	221	0	301	0	0	0	0	0	0	0	0	0	22	279	4	0	298	0	248	234
93	0	0	0	0	0	0	0	0	0	0	0	0	0	0	0	76	0	0	0	0	0	0	0	0	0	0	0	0	0	0	0	0	0	0	0	0	120	0	0	0	0	0	0	83	0	0	0	0	0	0	0	0	0	0	66	0	146	0	0	0	0	0	0	0	0	0	0	124	0	0	143	0	93	79
486	26	156	33	260	0	101	261	0	26	0	101	0	224	120	229	469	0	191	242	126	0	6	0	238	393	0	389	0	0	56	41	260	250	0	41	0	513	79	252	0	136	116	1	476	0	0	0	0	174	0	0	0	0	0	459	226	539	0	212	196	0	149	0	106	0	0	260	517	242	1	536	0	486	472
97	0	0	0	0	0	0	0	0	0	0	0	0	0	0	0	80	0	0	0	0	0	0	0	0	4	0	0	0	0	0	0	0	0	0	0	0	124	0	0	0	0	0	0	87	0	0	0	0	0	0	0	0	0	0	70	0	150	0	0	0	0	0	0	0	0	0	0	128	0	0	147	0	97	83
810	350	480	357	584	296	425	585	240	350	218	425	178	548	444	553	793	230	515	566	450	275	330	251	562	717	324	713	0	320	380	365	584	574	275	365	240	837	403	576	293	460	440	325	800	225	251	275	265	498	226	240	260	288	96	783	550	863	178	536	520	265	473	260	430	320	260	584	841	566	325	860	310	810	796
490	30	160	37	264	0	105	265	0	30	0	105	0	228	124	233	473	0	195	246	130	0	10	0	242	397	4	393	0	0	60	45	264	254	0	45	0	517	83	256	0	140	120	5	480	0	0	0	0	178	0	0	0	0	0	463	230	543	0	216	200	0	153	0	110	0	0	264	521	246	5	540	0	490	476
430	0	100	0	204	0	45	205	0	0	0	45	0	168	64	173	413	0	135	186	70	0	0	0	182	337	0	333	0	0	0	0	204	194	0	0	0	457	23	196	0	80	60	0	420	0	0	0	0	118	0	0	0	0	0	403	170	483	0	156	140	0	93	0	50	0	0	204	461	186	0	480	0	430	416
445	0	115	0	219	0	60	220	0	0	0	60	0	183	79	188	428	0	150	201	85	0	0	0	197	352	0	348	0	0	15	0	219	209	0	0	0	472	38	211	0	95	75	0	435	0	0	0	0	133	0	0	0	0	0	418	185	498	0	171	155	0	108	0	65	0	0	219	476	201	0	495	0	445	431
226	0	0	0	0	0	0	1	0	0	0	0	0	0	0	0	209	0	0	0	0	0	0	0	0	133	0	129	0	0	0	0	0	0	0	0	0	253	0	0	0	0	0	0	216	0	0	0	0	0	0	0	0	0	0	199	0	279	0	0	0	0	0	0	0	0	0	0	257	0	0	276	0	226	212
236	0	0	0	10	0	0	11	0	0	0	0	0	0	0	0	219	0	0	0	0	0	0	0	0	143	0	139	0	0	0	0	10	0	0	0	0	263	0	2	0	0	0	0	226	0	0	0	0	0	0	0	0	0	0	209	0	289	0	0	0	0	0	0	0	0	0	10	267	0	0	286	0	236	222
535	75	205	82	309	21	150	310	0	75	0	150	0	273	169	278	518	0	240	291	175	0	55	0	287	442	49	438	0	45	105	90	309	299	0	90	0	562	128	301	18	185	165	50	525	0	0	0	0	223	0	0	0	13	0	508	275	588	0	261	245	0	198	0	155	45	0	309	566	291	50	585	35	535	521
445	0	115	0	219	0	60	220	0	0	0	60	0	183	79	188	428	0	150	201	85	0	0	0	197	352	0	348	0	0	15	0	219	209	0	0	0	472	38	211	0	95	75	0	435	0	0	0	0	133	0	0	0	0	0	418	185	498	0	171	155	0	108	0	65	0	0	219	476	201	0	495	0	445	431
570	110	240	117	344	56	185	345	0	110	0	185	0	308	204	313	553	0	275	326	210	35	90	11	322	477	84	473	0	80	140	125	344	334	35	125	0	597	163	336	53	220	200	85	560	0	11	35	25	258	0	0	20	48	0	543	310	623	0	296	280	25	233	20	190	80	20	344	601	326	85	620	70	570	556
0	0	0	0	0	0	0	0	0	0	0	0	0	0	0	0	0	0	0	0	0	0	0	0	0	0	0	0	0	0	0	0	0	0	0	0	0	0	0	0	0	0	0	0	0	0	0	0	0	0	0	0	0	0	0	0	0	26	0	0	0	0	0	0	0	0	0	0	4	0	0	23	0	0	0
407	0	77	0	181	0	22	182	0	0	0	22	0	145	41	150	390	0	112	163	47	0	0	0	159	314	0	310	0	0	0	0	181	171	0	0	0	434	0	173	0	57	37	0	397	0	0	0	0	95	0	0	0	0	0	380	147	460	0	133	117	0	70	0	27	0	0	181	438	163	0	457	0	407	393
234	0	0	0	8	0	0	9	0	0	0	0	0	0	0	0	217	0	0	0	0	0	0	0	0	141	0	137	0	0	0	0	8	0	0	0	0	261	0	0	0	0	0	0	224	0	0	0	0	0	0	0	0	0	0	207	0	287	0	0	0	0	0	0	0	0	0	8	265	0	0	284	0	234	220
517	57	187	64	291	3	132	292	0	57	0	132	0	255	151	260	500	0	222	273	157	0	37	0	269	424	31	420	0	27	87	72	291	281	0	72	0	544	110	283	0	167	147	32	507	0	0	0	0	205	0	0	0	0	0	490	257	570	0	243	227	0	180	0	137	27	0	291	548	273	32	567	17	517	503
350	0	20	0	124	0	0	125	0	0	0	0	0	88	0	93	333	0	55	106	0	0	0	0	102	257	0	253	0	0	0	0	124	114	0	0	0	377	0	116	0	0	0	0	340	0	0	0	0	38	0	0	0	0	0	323	90	403	0	76	60	0	13	0	0	0	0	124	381	106	0	400	0	350	336
370	0	40	0	144	0	0	145	0	0	0	0	0	108	4	113	353	0	75	126	10	0	0	0	122	277	0	273	0	0	0	0	144	134	0	0	0	397	0	136	0	20	0	0	360	0	0	0	0	58	0	0	0	0	0	343	110	423	0	96	80	0	33	0	0	0	0	144	401	126	0	420	0	370	356
485	25	155	32	259	0	100	260	0	25	0	100	0	223	119	228	468	0	190	241	125	0	5	0	237	392	0	388	0	0	55	40	259	249	0	40	0	512	78	251	0	135	115	0	475	0	0	0	0	173	0	0	0	0	0	458	225	538	0	211	195	0	148	0	105	0	0	259	516	241	0	535	0	485	471
10	0	0	0	0	0	0	0	0	0	0	0	0	0	0	0	0	0	0	0	0	0	0	0	0	0	0	0	0	0	0	0	0	0	0	0	0	37	0	0	0	0	0	0	0	0	0	0	0	0	0	0	0	0	0	0	0	63	0	0	0	0	0	0	0	0	0	0	41	0	0	60	0	10	0
585	125	255	132	359	71	200	360	15	125	0	200	0	323	219	328	568	5	290	341	225	50	105	26	337	492	99	488	0	95	155	140	359	349	50	140	15	612	178	351	68	235	215	100	575	0	26	50	40	273	1	15	35	63	0	558	325	638	0	311	295	40	248	35	205	95	35	359	616	341	100	635	85	585	571
559	99	229	106	333	45	174	334	0	99	0	174	0	297	193	302	542	0	264	315	199	24	79	0	311	466	73	462	0	69	129	114	333	323	24	114	0	586	152	325	42	209	189	74	549	0	0	24	14	247	0	0	9	37	0	532	299	612	0	285	269	14	222	9	179	69	9	333	590	315	74	609	59	559	545
535	75	205	82	309	21	150	310	0	75	0	150	0	273	169	278	518	0	240	291	175	0	55	0	287	442	49	438	0	45	105	90	309	299	0	90	0	562	128	301	18	185	165	50	525	0	0	0	0	223	0	0	0	13	0	508	275	588	0	261	245	0	198	0	155	45	0	309	566	291	50	585	35	535	521
545	85	215	92	319	31	160	320	0	85	0	160	0	283	179	288	528	0	250	301	185	10	65	0	297	452	59	448	0	55	115	100	319	309	10	100	0	572	138	311	28	195	175	60	535	0	0	10	0	233	0	0	0	23	0	518	285	598	0	271	255	0	208	0	165	55	0	319	576	301	60	595	45	545	531
312	0	0	0	86	0	0	87	0	0	0	0	0	50	0	55	295	0	17	68	0	0	0	0	64	219	0	215	0	0	0	0	86	76	0	0	0	339	0	78	0	0	0	0	302	0	0	0	0	0	0	0	0	0	0	285	52	365	0	38	22	0	0	0	0	0	0	86	343	68	0	362	0	312	298
584	124	254	131	358	70	199	359	14	124	0	199	0	322	218	327	567	4	289	340	224	49	104	25	336	491	98	487	0	94	154	139	358	348	49	139	14	611	177	350	67	234	214	99	574	0	25	49	39	272	0	14	34	62	0	557	324	637	0	310	294	39	247	34	204	94	34	358	615	340	99	634	84	584	570
570	110	240	117	344	56	185	345	0	110	0	185	0	308	204	313	553	0	275	326	210	35	90	11	322	477	84	473	0	80	140	125	344	334	35	125	0	597	163	336	53	220	200	85	560	0	11	35	25	258	0	0	20	48	0	543	310	623	0	296	280	25	233	20	190	80	20	344	601	326	85	620	70	570	556
550	90	220	97	324	36	165	325	0	90	0	165	0	288	184	293	533	0	255	306	190	15	70	0	302	457	64	453	0	60	120	105	324	314	15	105	0	577	143	316	33	200	180	65	540	0	0	15	5	238	0	0	0	28	0	523	290	603	0	276	260	5	213	0	170	60	0	324	581	306	65	600	50	550	536
522	62	192	69	296	8	137	297	0	62	0	137	0	260	156	265	505	0	227	278	162	0	42	0	274	429	36	425	0	32	92	77	296	286	0	77	0	549	115	288	5	172	152	37	512	0	0	0	0	210	0	0	0	0	0	495	262	575	0	248	232	0	185	0	142	32	0	296	553	278	37	572	22	522	508
714	254	384	261	488	200	329	489	144	254	122	329	82	452	348	457	697	134	419	470	354	179	234	155	466	621	228	617	0	224	284	269	488	478	179	269	144	741	307	480	197	364	344	229	704	129	155	179	169	402	130	144	164	192	0	687	454	767	82	440	424	169	377	164	334	224	164	488	745	470	229	764	214	714	700
27	0	0	0	0	0	0	0	0	0	0	0	0	0	0	0	10	0	0	0	0	0	0	0	0	0	0	0	0	0	0	0	0	0	0	0	0	54	0	0	0	0	0	0	17	0	0	0	0	0	0	0	0	0	0	0	0	80	0	0	0	0	0	0	0	0	0	0	58	0	0	77	0	27	13
260	0	0	0	34	0	0	35	0	0	0	0	0	0	0	3	243	0	0	16	0	0	0	0	12	167	0	163	0	0	0	0	34	24	0	0	0	287	0	26	0	0	0	0	250	0	0	0	0	0	0	0	0	0	0	233	0	313	0	0	0	0	0	0	0	0	0	34	291	16	0	310	0	260	246
0	0	0	0	0	0	0	0	0	0	0	0	0	0	0	0	0	0	0	0	0	0	0	0	0	0	0	0	0	0	0	0	0	0	0	0	0	0	0	0	0	0	0	0	0	0	0	0	0	0	0	0	0	0	0	0	0	0	0	0	0	0	0	0	0	0	0	0	0	0	0	0	0	0	0
632	172	302	179	406	118	247	407	62	172	40	247	0	370	266	375	615	52	337	388	272	97	152	73	384	539	146	535	0	142	202	187	406	396	97	187	62	659	225	398	115	282	262	147	622	47	73	97	87	320	48	62	82	110	0	605	372	685	0	358	342	87	295	82	252	142	82	406	663	388	147	682	132	632	618
274	0	0	0	48	0	0	49	0	0	0	0	0	12	0	17	257	0	0	30	0	0	0	0	26	181	0	177	0	0	0	0	48	38	0	0	0	301	0	40	0	0	0	0	264	0	0	0	0	0	0	0	0	0	0	247	14	327	0	0	0	0	0	0	0	0	0	48	305	30	0	324	0	274	260
290	0	0	0	64	0	0	65	0	0	0	0	0	28	0	33	273	0	0	46	0	0	0	0	42	197	0	193	0	0	0	0	64	54	0	0	0	317	0	56	0	0	0	0	280	0	0	0	0	0	0	0	0	0	0	263	30	343	0	16	0	0	0	0	0	0	0	64	321	46	0	340	0	290	276
545	85	215	92	319	31	160	320	0	85	0	160	0	283	179	288	528	0	250	301	185	10	65	0	297	452	59	448	0	55	115	100	319	309	10	100	0	572	138	311	28	195	175	60	535	0	0	10	0	233	0	0	0	23	0	518	285	598	0	271	255	0	208	0	165	55	0	319	576	301	60	595	45	545	531
337	0	7	0	111	0	0	112	0	0	0	0	0	75	0	80	320	0	42	93	0	0	0	0	89	244	0	240	0	0	0	0	111	101	0	0	0	364	0	103	0	0	0	0	327	0	0	0	0	25	0	0	0	0	0	310	77	390	0	63	47	0	0	0	0	0	0	111	368	93	0	387	0	337	323
550	90	220	97	324	36	165	325	0	90	0	165	0	288	184	293	533	0	255	306	190	15	70	0	302	457	64	453	0	60	120	105	324	314	15	105	0	577	143	316	33	200	180	65	540	0	0	15	5	238	0	0	0	28	0	523	290	603	0	276	260	5	213	0	170	60	0	324	581	306	65	600	50	550	536
380	0	50	0	154	0	0	155	0	0	0	0	0	118	14	123	363	0	85	136	20	0	0	0	132	287	0	283	0	0	0	0	154	144	0	0	0	407	0	146	0	30	10	0	370	0	0	0	0	68	0	0	0	0	0	353	120	433	0	106	90	0	43	0	0	0	0	154	411	136	0	430	0	380	366
490	30	160	37	264	0	105	265	0	30	0	105	0	228	124	233	473	0	195	246	130	0	10	0	242	397	4	393	0	0	60	45	264	254	0	45	0	517	83	256	0	140	120	5	480	0	0	0	0	178	0	0	0	0	0	463	230	543	0	216	200	0	153	0	110	0	0	264	521	246	5	540	0	490	476
550	90	220	97	324	36	165	325	0	90	0	165	0	288	184	293	533	0	255	306	190	15	70	0	302	457	64	453	0	60	120	105	324	314	15	105	0	577	143	316	33	200	180	65	540	0	0	15	5	238	0	0	0	28	0	523	290	603	0	276	260	5	213	0	170	60	0	324	581	306	65	600	50	550	536
226	0	0	0	0	0	0	1	0	0	0	0	0	0	0	0	209	0	0	0	0	0	0	0	0	133	0	129	0	0	0	0	0	0	0	0	0	253	0	0	0	0	0	0	216	0	0	0	0	0	0	0	0	0	0	199	0	279	0	0	0	0	0	0	0	0	0	0	257	0	0	276	0	226	212
0	0	0	0	0	0	0	0	0	0	0	0	0	0	0	0	0	0	0	0	0	0	0	0	0	0	0	0	0	0	0	0	0	0	0	0	0	0	0	0	0	0	0	0	0	0	0	0	0	0	0	0	0	0	0	0	0	22	0	0	0	0	0	0	0	0	0	0	0	0	0	19	0	0	0
244	0	0	0	18	0	0	19	0	0	0	0	0	0	0	0	227	0	0	0	0	0	0	0	0	151	0	147	0	0	0	0	18	8	0	0	0	271	0	10	0	0	0	0	234	0	0	0	0	0	0	0	0	0	0	217	0	297	0	0	0	0	0	0	0	0	0	18	275	0	0	294	0	244	230
485	25	155	32	259	0	100	260	0	25	0	100	0	223	119	228	468	0	190	241	125	0	5	0	237	392	0	388	0	0	55	40	259	249	0	40	0	512	78	251	0	135	115	0	475	0	0	0	0	173	0	0	0	0	0	458	225	538	0	211	195	0	148	0	105	0	0	259	516	241	0	535	0	485	471
0	0	0	0	0	0	0	0	0	0	0	0	0	0	0	0	0	0	0	0	0	0	0	0	0	0	0	0	0	0	0	0	0	0	0	0	0	0	0	0	0	0	0	0	0	0	0	0	0	0	0	0	0	0	0	0	0	3	0	0	0	0	0	0	0	0	0	0	0	0	0	0	0	0	0
500	40	170	47	274	0	115	275	0	40	0	115	0	238	134	243	483	0	205	256	140	0	20	0	252	407	14	403	0	10	70	55	274	264	0	55	0	527	93	266	0	150	130	15	490	0	0	0	0	188	0	0	0	0	0	473	240	553	0	226	210	0	163	0	120	10	0	274	531	256	15	550	0	500	486
0	0	0	0	0	0	0	0	0	0	0	0	0	0	0	0	0	0	0	0	0	0	0	0	0	0	0	0	0	0	0	0	0	0	0	0	0	27	0	0	0	0	0	0	0	0	0	0	0	0	0	0	0	0	0	0	0	53	0	0	0	0	0	0	0	0	0	0	31	0	0	50	0	0	0
14	0	0	0	0	0	0	0	0	0	0	0	0	0	0	0	0	0	0	0	0	0	0	0	0	0	0	0	0	0	0	0	0	0	0	0	0	41	0	0	0	0	0	0	4	0	0	0	0	0	0	0	0	0	0	0	0	67	0	0	0	0	0	0	0	0	0	0	45	0	0	64	0	14	0

0	460	330	453	226	514	385	225	570	460	592	385	632	262	366	257	17	580	295	244	360	535	480	559	248	93	486	97	810	490	430	445	226	236	535	445	570	0	407	234	517	350	370	485	10	585	559	535	545	312	584	570	550	522	714	27	260	0	632	274	290	545	337	550	380	490	550	226	0	244	485	0	500	0	14
0	0	0	0	0	54	0	0	110	0	132	0	172	0	0	0	0	120	0	0	0	75	20	99	0	0	26	0	350	30	0	0	0	0	75	0	110	0	0	0	57	0	0	25	0	125	99	75	85	0	124	110	90	62	254	0	0	0	172	0	0	85	0	90	0	30	90	0	0	0	25	0	40	0	0
0	130	0	123	0	184	55	0	240	130	262	55	302	0	36	0	0	250	0	0	30	205	150	229	0	0	156	0	480	160	100	115	0	0	205	115	240	0	77	0	187	20	40	155	0	255	229	205	215	0	254	240	220	192	384	0	0	0	302	0	0	215	7	220	50	160	220	0	0	0	155	0	170	0	0
0	7	0	0	0	61	0	0	117	7	139	0	179	0	0	0	0	127	0	0	0	82	27	106	0	0	33	0	357	37	0	0	0	0	82	0	117	0	0	0	64	0	0	32	0	132	106	82	92	0	131	117	97	69	261	0	0	0	179	0	0	92	0	97	0	37	97	0	0	0	32	0	47	0	0
0	234	104	227	0	288	159	0	344	234	366	159	406	36	140	31	0	354	69	18	134	309	254	333	22	0	260	0	584	264	204	219	0	10	309	219	344	0	181	8	291	124	144	259	0	359	333	309	319	86	358	344	324	296	488	0	34	0	406	48	64	319	111	324	154	264	324	0	0	18	259	0	274	0	0
0	0	0	0	0	0	0	0	56	0	78	0	118	0	0	0	0	66	0	0	0	21	0	45	0	0	0	0	296	0	0	0	0	0	21	0	56	0	0	0	3	0	0	0	0	71	45	21	31	0	70	56	36	8	200	0	0	0	118	0	0	31	0	36	0	0	36	0	0	0	0	0	0	0	0
0	75	0	68	0	129	0	0	185	75	207	0	247	0	0	0	0	195	0	0	0	150	95	174	0	0	101	0	425	105	45	60	0	0	150	60	185	0	22	0	132	0	0	100	0	200	174	150	160	0	199	185	165	137	329	0	0	0	247	0	0	160	0	165	0	105	165	0	0	0	100	0	115	0	0
0	235	105	228	1	289	160	0	345	235	367	160	407	37	141	32	0	355	70	19	135	310	255	334	23	0	261	0	585	265	205	220	1	11	310	220	345	0	182	9	292	125	145	260	0	360	334	310	320	87	359	345	325	297	489	0	35	0	407	49	65	320	112	325	155	265	325	1	0	19	260	0	275	0	0
0	0	0	0	0	0	0	0	0	0	22	0	62	0	0	0	0	10	0	0	0	0	0	0	0	0	0	0	240	0	0	0	0	0	0	0	0	0	0	0	0	0	0	0	0	15	0	0	0	0	14	0	0	0	144	0	0	0	62	0	0	0	0	0	0	0	0	0	0	0	0	0	0	0	0
0	0	0	0	0	54	0	0	110	0	132	0	172	0	0	0	0	120	0	0	0	75	20	99	0	0	26	0	350	30	0	0	0	0	75	0	110	0	0	0	57	0	0	25	0	125	99	75	85	0	124	110	90	62	254	0	0	0	172	0	0	85	0	90	0	30	90	0	0	0	25	0	40	0	0
0	0	0	0	0	0	0	0	0	0	0	0	40	0	0	0	0	0	0	0	0	0	0	0	0	0	0	0	218	0	0	0	0	0	0	0	0	0	0	0	0	0	0	0	0	0	0	0	0	0	0	0	0	0	122	0	0	0	40	0	0	0	0	0	0	0	0	0	0	0	0	0	0	0	0
0	75	0	68	0	129	0	0	185	75	207	0	247	0	0	0	0	195	0	0	0	150	95	174	0	0	101	0	425	105	45	60	0	0	150	60	185	0	22	0	132	0	0	100	0	200	174	150	160	0	199	185	165	137	329	0	0	0	247	0	0	160	0	165	0	105	165	0	0	0	100	0	115	0	0
0	0	0	0	0	0	0	0	0	0	0	0	0	0	0	0	0	0	0	0	0	0	0	0	0	0	0	0	178	0	0	0	0	0	0	0	0	0	0	0	0	0	0	0	0	0	0	0	0	0	0	0	0	0	82	0	0	0	0	0	0	0	0	0	0	0	0	0	0	0	0	0	0	0	0
0	198	68	191	0	252	123	0	308	198	330	123	370	0	104	0	0	318	33	0	98	273	218	297	0	0	224	0	548	228	168	183	0	0	273	183	308	0	145	0	255	88	108	223	0	323	297	273	283	50	322	308	288	260	452	0	0	0	370	12	28	283	75	288	118	228	288	0	0	0	223	0	238	0	0
0	94	0	87	0	148	19	0	204	94	226	19	266	0	0	0	0	214	0	0	0	169	114	193	0	0	120	0	444	124	64	79	0	0	169	79	204	0	41	0	151	0	4	119	0	219	193	169	179	0	218	204	184	156	348	0	0	0	266	0	0	179	0	184	14	124	184	0	0	0	119	0	134	0	0
0	203	73	196	0	257	128	0	313	203	335	128	375	5	109	0	0	323	38	0	103	278	223	302	0	0	229	0	553	233	173	188	0	0	278	188	313	0	150	0	260	93	113	228	0	328	302	278	288	55	327	313	293	265	457	0	3	0	375	17	33	288	80	293	123	233	293	0	0	0	228	0	243	0	0
0	443	313	436	209	497	368	208	553	443	575	368	615	245	349	240	0	563	278	227	343	518	463	542	231	76	469	80	793	473	413	428	209	219	518	428	553	0	390	217	500	333	353	468	0	568	542	518	528	295	567	553	533	505	697	10	243	0	615	257	273	528	320	533	363	473	533	209	0	227	468	0	483	0	0
0	0	0	0	0	0	0	0	0	0	12	0	52	0	0	0	0	0	0	0	0	0	0	0	0	0	0	0	230	0	0	0	0	0	0	0	0	0	0	0	0	0	0	0	0	5	0	0	0	0	4	0	0	0	134	0	0	0	52	0	0	0	0	0	0	0	0	0	0	0	0	0	0	0	0
0	165	35	158	0	219	90	0	275	165	297	90	337	0	71	0	0	285	0	0	65	240	185	264	0	0	191	0	515	195	135	150	0	0	240	150	275	0	112	0	222	55	75	190	0	290	264	240	250	17	289	275	255	227	419	0	0	0	337	0	0	250	42	255	85	195	255	0	0	0	190	0	205	0	0
0	216	86	209	0	270	141	0	326	216	348	141	388	18	122	13	0	336	51	0	116	291	236	315	4	0	242	0	566	246	186	201	0	0	291	201	326	0	163	0	273	106	126	241	0	341	315	291	301	68	340	326	306	278	470	0	16	0	388	30	46	301	93	306	136	246	306	0	0	0	241	0	256	0	0
0	100	0	93	0	154	25	0	210	100	232	25	272	0	6	0	0	220	0	0	0	175	120	199	0	0	126	0	450	130	70	85	0	0	175	85	210	0	47	0	157	0	10	125	0	225	199	175	185	0	224	210	190	162	354	0	0	0	272	0	0	185	0	190	20	130	190	0	0	0	125	0	140	0	0
0	0	0	0	0	0	0	0	35	0	57	0	97	0	0	0	0	45	0	0	0	0	0	24	0	0	0	0	275	0	0	0	0	0	0	0	35	0	0	0	0	0	0	0	0	50	24	0	10	0	49	35	15	0	179	0	0	0	97	0	0	10	0	15	0	0	15	0	0	0	0	0	0	0	0
0	0	0	0	0	34	0	0	90	0	112	0	152	0	0	0	0	100	0	0	0	55	0	79	0	0	6	0	330	10	0	0	0	0	55	0	90	0	0	0	37	0	0	5	0	105	79	55	65	0	104	90	70	42	234	0	0	0	152	0	0	65	0	70	0	10	70	0	0	0	5	0	20	0	0
0	0	0	0	0	0	0	0	11	0	33	0	73	0	0	0	0	21	0	0	0	0	0	0	0	0	0	0	251	0	0	0	0	0	0	0	11	0	0	0	0	0	0	0	0	26	0	0	0	0	25	11	0	0	155	0	0	0	73	0	0	0	0	0	0	0	0	0	0	0	0	0	0	0	0
0	212	82	205	0	266	137	0	322	212	344	137	384	14	118	9	0	332	47	0	112	287	232	311	0	0	238	0	562	242	182	197	0	0	287	197	322	0	159	0	269	102	122	237	0	337	311	287	297	64	336	322	302	274	466	0	12	0	384	26	42	297	89	302	132	242	302	0	0	0	237	0	252	0	0
0	367	237	360	133	421	292	132	477	367	499	292	539	169	273	164	0	487	202	151	267	442	387	466	155	0	393	4	717	397	337	352	133	143	442	352	477	0	314	141	424	257	277	392	0	492	466	442	452	219	491	477	457	429	621	0	167	0	539	181	197	452	244	457	287	397	457	133	0	151	392	0	407	0	0
0	0	0	0	0	28	0	0	84	0	106	0	146	0	0	0	0	94	0	0	0	49	0	73	0	0	0	0	324	4	0	0	0	0	49	0	84	0	0	0	31	0	0	0	0	99	73	49	59	0	98	84	64	36	228	0	0	0	146	0	0	59	0	64	0	4	64	0	0	0	0	0	14	0	0
0	363	233	356	129	417	288	128	473	363	495	288	535	165	269	160	0	483	198	147	263	438	383	462	151	0	389	0	713	393	333	348	129	139	438	348	473	0	310	137	420	253	273	388	0	488	462	438	448	215	487	473	453	425	617	0	163	0	535	177	193	448	240	453	283	393	453	129	0	147	388	0	403	0	0
0	0	0	0	0	0	0	0	0	0	0	0	0	0	0	0	0	0	0	0	0	0	0	0	0	0	0	0	0	0	0	0	0	0	0	0	0	0	0	0	0	0	0	0	0	0	0	0	0	0	0	0	0	0	0	0	0	0	0	0	0	0	0	0	0	0	0	0	0	0	0	0	0	0	0
0	0	0	0	0	24	0	0	80	0	102	0	142	0	0	0	0	90	0	0	0	45	0	69	0	0	0	0	320	0	0	0	0	0	45	0	80	0	0	0	27	0	0	0	0	95	69	45	55	0	94	80	60	32	224	0	0	0	142	0	0	55	0	60	0	0	60	0	0	0	0	0	10	0	0
0	30	0	23	0	84	0	0	140	30	162	0	202	0	0	0	0	150	0	0	0	105	50	129	0	0	56	0	380	60	0	15	0	0	105	15	140	0	0	0	87	0	0	55	0	155	129	105	115	0	154	140	120	92	284	0	0	0	202	0	0	115	0	120	0	60	120	0	0	0	55	0	70	0	0
0	15	0	8	0	69	0	0	125	15	147	0	187	0	0	0	0	135	0	0	0	90	35	114	0	0	41	0	365	45	0	0	0	0	90	0	125	0	0	0	72	0	0	40	0	140	114	90	100	0	139	125	105	77	269	0	0	0	187	0	0	100	0	105	0	45	105	0	0	0	40	0	55	0	0
0	234	104	227	0	288	159	0	344	234	366	159	406	36	140	31	0	354	69	18	134	309	254	333	22	0	260	0	584	264	204	219	0	10	309	219	344	0	181	8	291	124	144	259	0	359	333	309	319	86	358	344	324	296	488	0	34	0	406	48	64	319	111	324	154	264	324	0	0	18	259	0	274	0	0
0	224	94	217	0	278	149	0	334	224	356	149	396	26	130	21	0	344	59	8	124	299	244	323	12	0	250	0	574	254	194	209	0	0	299	209	334	0	171	0	281	114	134	249	0	349	323	299	309	76	348	334	314	286	478	0	24	0	396	38	54	309	101	314	144	254	314	0	0	8	249	0	264	0	0
0	0	0	0	0	0	0	0	35	0	57	0	97	0	0	0	0	45	0	0	0	0	0	24	0	0	0	0	275	0	0	0	0	0	0	0	35	0	0	0	0	0	0	0	0	50	24	0	10	0	49	35	15	0	179	0	0	0	97	0	0	10	0	15	0	0	15	0	0	0	0	0	0	0	0
0	15	0	8	0	69	0	0	125	15	147	0	187	0	0	0	0	135	0	0	0	90	35	114	0	0	41	0	365	45	0	0	0	0	90	0	125	0	0	0	72	0	0	40	0	140	114	90	100	0	139	125	105	77	269	0	0	0	187	0	0	100	0	105	0	45	105	0	0	0	40	0	55	0	0
0	0	0	0	0	0	0	0	0	0	22	0	62	0	0	0	0	10	0	0	0	0	0	0	0	0	0	0	240	0	0	0	0	0	0	0	0	0	0	0	0	0	0	0	0	15	0	0	0	0	14	0	0	0	144	0	0	0	62	0	0	0	0	0	0	0	0	0	0	0	0	0	0	0	0
27	487	357	480	253	541	412	252	597	487	619	412	659	289	393	284	44	607	322	271	387	562	507	586	275	120	513	124	837	517	457	472	253	263	562	472	597	0	434	261	544	377	397	512	37	612	586	562	572	339	611	597	577	549	741	54	287	0	659	301	317	572	364	577	407	517	577	253	0	271	512	0	527	27	41
0	53	0	46	0	107	0	0	163	53	185	0	225	0	0	0	0	173	0	0	0	128	73	152	0	0	79	0	403	83	23	38	0	0	128	38	163	0	0	0	110	0	0	78	0	178	152	128	138	0	177	163	143	115	307	0	0	0	225	0	0	138	0	143	0	83	143	0	0	0	78	0	93	0	0
0	226	96	219	0	280	151	0	336	226	358	151	398	28	132	23	0	346	61	10	126	301	246	325	14	0	252	0	576	256	196	211	0	2	301	211	336	0	173	0	283	116	136	251	0	351	325	301	311	78	350	336	316	288	480	0	26	0	398	40	56	311	103	316	146	256	316	0	0	10	251	0	266	0	0
0	0	0	0	0	0	0	0	53	0	75	0	115	0	0	0	0	63	0	0	0	18	0	42	0	0	0	0	293	0	0	0	0	0	18	0	53	0	0	0	0	0	0	0	0	68	42	18	28	0	67	53	33	5	197	0	0	0	115	0	0	28	0	33	0	0	33	0	0	0	0	0	0	0	0
0	110	0	103	0	164	35	0	220	110	242	35	282	0	16	0	0	230	0	0	10	185	130	209	0	0	136	0	460	140	80	95	0	0	185	95	220	0	57	0	167	0	20	135	0	235	209	185	195	0	234	220	200	172	364	0	0	0	282	0	0	195	0	200	30	140	200	0	0	0	135	0	150	0	0
0	90	0	83	0	144	15	0	200	90	222	15	262	0	0	0	0	210	0	0	0	165	110	189	0	0	116	0	440	120	60	75	0	0	165	75	200	0	37	0	147	0	0	115	0	215	189	165	175	0	214	200	180	152	344	0	0	0	262	0	0	175	0	180	10	120	180	0	0	0	115	0	130	0	0
0	0	0	0	0	29	0	0	85	0	107	0	147	0	0	0	0	95	0	0	0	50	0	74	0	0	1	0	325	5	0	0	0	0	50	0	85	0	0	0	32	0	0	0	0	100	74	50	60	0	99	85	65	37	229	0	0	0	147	0	0	60	0	65	0	5	65	0	0	0	0	0	15	0	0
0	450	320	443	216	504	375	215	560	450	582	375	622	252	356	247	7	570	285	234	350	525	470	549	238	83	476	87	800	480	420	435	216	226	525	435	560	0	397	224	507	340	360	475	0	575	549	525	535	302	574	560	540	512	704	17	250	0	622	264	280	535	327	540	370	480	540	216	0	234	475	0	490	0	4
0	0	0	0	0	0	0	0	0	0	7	0	47	0	0	0	0	0	0	0	0	0	0	0	0	0	0	0	225	0	0	0	0	0	0	0	0	0	0	0	0	0	0	0	0	0	0	0	0	0	0	0	0	0	129	0	0	0	47	0	0	0	0	0	0	0	0	0	0	0	0	0	0	0	0
0	0	0	0	0	0	0	0	11	0	33	0	73	0	0	0	0	21	0	0	0	0	0	0	0	0	0	0	251	0	0	0	0	0	0	0	11	0	0	0	0	0	0	0	0	26	0	0	0	0	25	11	0	0	155	0	0	0	73	0	0	0	0	0	0	0	0	0	0	0	0	0	0	0	0
0	0	0	0	0	0	0	0	35	0	57	0	97	0	0	0	0	45	0	0	0	0	0	24	0	0	0	0	275	0	0	0	0	0	0	0	35	0	0	0	0	0	0	0	0	50	24	0	10	0	49	35	15	0	179	0	0	0	97	0	0	10	0	15	0	0	15	0	0	0	0	0	0	0	0
0	0	0	0	0	0	0	0	25	0	47	0	87	0	0	0	0	35	0	0	0	0	0	14	0	0	0	0	265	0	0	0	0	0	0	0	25	0	0	0	0	0	0	0	0	40	14	0	0	0	39	25	5	0	169	0	0	0	87	0	0	0	0	5	0	0	5	0	0	0	0	0	0	0	0
0	148	18	141	0	202	73	0	258	148	280	73	320	0	54	0	0	268	0	0	48	223	168	247	0	0	174	0	498	178	118	133	0	0	223	133	258	0	95	0	205	38	58	173	0	273	247	223	233	0	272	258	238	210	402	0	0	0	320	0	0	233	25	238	68	178	238	0	0	0	173	0	188	0	0
0	0	0	0	0	0	0	0	0	0	8	0	48	0	0	0	0	0	0	0	0	0	0	0	0	0	0	0	226	0	0	0	0	0	0	0	0	0	0	0	0	0	0	0	0	1	0	0	0	0	0	0	0	0	130	0	0	0	48	0	0	0	0	0	0	0	0	0	0	0	0	0	0	0	0
0	0	0	0	0	0	0	0	0	0	22	0	62	0	0	0	0	10	0	0	0	0	0	0	0	0	0	0	240	0	0	0	0	0	0	0	0	0	0	0	0	0	0	0	0	15	0	0	0	0	14	0	0	0	144	0	0	0	62	0	0	0	0	0	0	0	0	0	0	0	0	0	0	0	0
0	0	0	0	0	0	0	0	20	0	42	0	82	0	0	0	0	30	0	0	0	0	0	9	0	0	0	0	260	0	0	0	0	0	0	0	20	0	0	0	0	0	0	0	0	35	9	0	0	0	34	20	0	0	164	0	0	0	82	0	0	0	0	0	0	0	0	0	0	0	0	0	0	0	0
0	0	0	0	0	0	0	0	48	0	70	0	110	0	0	0	0	58	0	0	0	13	0	37	0	0	0	0	288	0	0	0	0	0	13	0	48	0	0	0	0	0	0	0	0	63	37	13	23	0	62	48	28	0	192	0	0	0	110	0	0	23	0	28	0	0	28	0	0	0	0	0	0	0	0
0	0	0	0	0	0	0	0	0	0	0	0	0	0	0	0	0	0	0	0	0	0	0	0	0	0	0	0	96	0	0	0	0	0	0	0	0	0	0	0	0	0	0	0	0	0	0	0	0	0	0	0	0	0	0	0	0	0	0	0	0	0	0	0	0	0	0	0	0	0	0	0	0	0	0
0	433	303	426	199	487	358	198	543	433	565	358	605	235	339	230	0	553	268	217	333	508	453	532	221	66	459	70	783	463	403	418	199	209	508	418	543	0	380	207	490	323	343	458	0	558	532	508	518	285	557	543	523	495	687	0	233	0	605	247	263	518	310	523	353	463	523	199	0	217	458	0	473	0	0
0	200	70	193	0	254	125	0	310	200	332	125	372	2	106	0	0	320	35	0	100	275	220	299	0	0	226	0	550	230	170	185	0	0	275	185	310	0	147	0	257	90	110	225	0	325	299	275	285	52	324	310	290	262	454	0	0	0	372	14	30	285	77	290	120	230	290	0	0	0	225	0	240	0	0
53	513	383	506	279	567	438	278	623	513	645	438	685	315	419	310	70	633	348	297	413	588	533	612	301	146	539	150	863	543	483	498	279	289	588	498	623	26	460	287	570	403	423	538	63	638	612	588	598	365	637	623	603	575	767	80	313	0	685	327	343	598	390	603	433	543	603	279	22	297	538	3	553	53	67
0	0	0	0	0	0	0	0	0	0	0	0	0	0	0	0	0	0	0	0	0	0	0	0	0	0	0	0	178	0	0	0	0	0	0	0	0	0	0	0	0	0	0	0	0	0	0	0	0	0	0	0	0	0	82	0	0	0	0	0	0	0	0	0	0	0	0	0	0	0	0	0	0	0	0
0	186	56	179	0	240	111	0	296	186	318	111	358	0	92	0	0	306	21	0	86	261	206	285	0	0	212	0	536	216	156	171	0	0	261	171	296	0	133	0	243	76	96	211	0	311	285	261	271	38	310	296	276	248	440	0	0	0	358	0	16	271	63	276	106	216	276	0	0	0	211	0	226	0	0
0	170	40	163	0	224	95	0	280	170	302	95	342	0	76	0	0	290	5	0	70	245	190	269	0	0	196	0	520	200	140	155	0	0	245	155	280	0	117	0	227	60	80	195	0	295	269	245	255	22	294	280	260	232	424	0	0	0	342	0	0	255	47	260	90	200	260	0	0	0	195	0	210	0	0
0	0	0	0	0	0	0	0	25	0	47	0	87	0	0	0	0	35	0	0	0	0	0	14	0	0	0	0	265	0	0	0	0	0	0	0	25	0	0	0	0	0	0	0	0	40	14	0	0	0	39	25	5	0	169	0	0	0	87	0	0	0	0	5	0	0	5	0	0	0	0	0	0	0	0
0	123	0	116	0	177	48	0	233	123	255	48	295	0	29	0	0	243	0	0	23	198	143	222	0	0	149	0	473	153	93	108	0	0	198	108	233	0	70	0	180	13	33	148	0	248	222	198	208	0	247	233	213	185	377	0	0	0	295	0	0	208	0	213	43	153	213	0	0	0	148	0	163	0	0
0	0	0	0	0	0	0	0	20	0	42	0	82	0	0	0	0	30	0	0	0	0	0	9	0	0	0	0	260	0	0	0	0	0	0	0	20	0	0	0	0	0	0	0	0	35	9	0	0	0	34	20	0	0	164	0	0	0	82	0	0	0	0	0	0	0	0	0	0	0	0	0	0	0	0
0	80	0	73	0	134	5	0	190	80	212	5	252	0	0	0	0	200	0	0	0	155	100	179	0	0	106	0	430	110	50	65	0	0	155	65	190	0	27	0	137	0	0	105	0	205	179	155	165	0	204	190	170	142	334	0	0	0	252	0	0	165	0	170	0	110	170	0	0	0	105	0	120	0	0
0	0	0	0	0	24	0	0	80	0	102	0	142	0	0	0	0	90	0	0	0	45	0	69	0	0	0	0	320	0	0	0	0	0	45	0	80	0	0	0	27	0	0	0	0	95	69	45	55	0	94	80	60	32	224	0	0	0	142	0	0	55	0	60	0	0	60	0	0	0	0	0	10	0	0
0	0	0	0	0	0	0	0	20	0	42	0	82	0	0	0	0	30	0	0	0	0	0	9	0	0	0	0	260	0	0	0	0	0	0	0	20	0	0	0	0	0	0	0	0	35	9	0	0	0	34	20	0	0	164	0	0	0	82	0	0	0	0	0	0	0	0	0	0	0	0	0	0	0	0
0	234	104	227	0	288	159	0	344	234	366	159	406	36	140	31	0	354	69	18	134	309	254	333	22	0	260	0	584	264	204	219	0	10	309	219	344	0	181	8	291	124	144	259	0	359	333	309	319	86	358	344	324	296	488	0	34	0	406	48	64	319	111	324	154	264	324	0	0	18	259	0	274	0	0
31	491	361	484	257	545	416	256	601	491	623	416	663	293	397	288	48	611	326	275	391	566	511	590	279	124	517	128	841	521	461	476	257	267	566	476	601	4	438	265	548	381	401	516	41	616	590	566	576	343	615	601	581	553	745	58	291	0	663	305	321	576	368	581	411	521	581	257	0	275	516	0	531	31	45
0	216	86	209	0	270	141	0	326	216	348	141	388	18	122	13	0	336	51	0	116	291	236	315	4	0	242	0	566	246	186	201	0	0	291	201	326	0	163	0	273	106	126	241	0	341	315	291	301	68	340	326	306	278	470	0	16	0	388	30	46	301	93	306	136	246	306	0	0	0	241	0	256	0	0
0	0	0	0	0	29	0	0	85	0	107	0	147	0	0	0	0	95	0	0	0	50	0	74	0	0	1	0	325	5	0	0	0	0	50	0	85	0	0	0	32	0	0	0	0	100	74	50	60	0	99	85	65	37	229	0	0	0	147	0	0	60	0	65	0	5	65	0	0	0	0	0	15	0	0
50	510	380	503	276	564	435	275	620	510	642	435	682	312	416	307	67	630	345	294	410	585	530	609	298	143	536	147	860	540	480	495	276	286	585	495	620	23	457	284	567	400	420	535	60	635	609	585	595	362	634	620	600	572	764	77	310	0	682	324	340	595	387	600	430	540	600	276	19	294	535	0	550	50	64
0	0	0	0	0	14	0	0	70	0	92	0	132	0	0	0	0	80	0	0	0	35	0	59	0	0	0	0	310	0	0	0	0	0	35	0	70	0	0	0	17	0	0	0	0	85	59	35	45	0	84	70	50	22	214	0	0	0	132	0	0	45	0	50	0	0	50	0	0	0	0	0	0	0	0
0	460	330	453	226	514	385	225	570	460	592	385	632	262	366	257	17	580	295	244	360	535	480	559	248	93	486	97	810	490	430	445	226	236	535	445	570	0	407	234	517	350	370	485	10	585	559	535	545	312	584	570	550	522	714	27	260	0	632	274	290	545	337	550	380	490	550	226	0	244	485	0	500	0	14
0	446	316	439	212	500	371	211	556	446	578	371	618	248	352	243	3	566	281	230	346	521	466	545	234	79	472	83	796	476	416	431	212	222	521	431	556	0	393	220	503	336	356	471	0	571	545	521	531	298	570	556	536	508	700	13	246	0	618	260	276	531	323	536	366	476	536	212	0	230	471	0	486	0	0

0	0	0	0	0	0	0	0	180	0	0	0	0	0	0	0	0	0	180	0	0	50	0	0	385	0	0	0	385	200	0	0	0	0	0	0	0	0	100	0	0	0	0	0	40	100	0	100	0	0	0	0	0	870	0	200	0	0	0	0	0	0	30	0	0	0	0	0	0	0	0	870	0	0	0
170	0	70	70	0	20	0	70	350	70	120	70	80	20	0	50	0	170	350	0	0	220	70	0	555	70	0	0	555	370	120	20	70	120	70	0	70	70	270	10	20	0	70	0	210	270	120	270	50	0	70	130	0	1040	0	370	10	0	0	0	50	0	200	0	0	70	60	0	170	0	50	1040	0	0	120
100	0	0	0	0	0	0	0	280	0	50	0	10	0	0	0	0	100	280	0	0	150	0	0	485	0	0	0	485	300	50	0	0	50	0	0	0	0	200	0	0	0	0	0	140	200	50	200	0	0	0	60	0	970	0	300	0	0	0	0	0	0	130	0	0	0	0	0	100	0	0	970	0	0	50
100	0	0	0	0	0	0	0	280	0	50	0	10	0	0	0	0	100	280	0	0	150	0	0	485	0	0	0	485	300	50	0	0	50	0	0	0	0	200	0	0	0	0	0	140	200	50	200	0	0	0	60	0	970	0	300	0	0	0	0	0	0	130	0	0	0	0	0	100	0	0	970	0	0	50
180	10	80	80	0	30	0	80	360	80	130	80	90	30	10	60	0	180	360	0	0	230	80	10	565	80	0	10	565	380	130	30	80	130	80	10	80	80	280	20	30	0	80	5	220	280	130	280	60	10	80	140	0	1050	0	380	20	0	0	10	60	10	210	10	0	80	70	0	180	5	60	1050	10	0	130
150	0	50	50	0	0	0	50	330	50	100	50	60	0	0	30	0	150	330	0	0	200	50	0	535	50	0	0	535	350	100	0	50	100	50	0	50	50	250	0	0	0	50	0	190	250	100	250	30	0	50	110	0	1020	0	350	0	0	0	0	30	0	180	0	0	50	40	0	150	0	30	1020	0	0	100
200	30	100	100	20	50	0	100	380	100	150	100	110	50	30	80	0	200	380	10	0	250	100	30	585	100	20	30	585	400	150	50	100	150	100	30	100	100	300	40	50	20	100	25	240	300	150	300	80	30	100	160	0	1070	0	400	40	0	0	30	80	30	230	30	0	100	90	0	200	25	80	1070	30	0	150
100	0	0	0	0	0	0	0	280	0	50	0	10	0	0	0	0	100	280	0	0	150	0	0	485	0	0	0	485	300	50	0	0	50	0	0	0	0	200	0	0	0	0	0	140	200	50	200	0	0	0	60	0	970	0	300	0	0	0	0	0	0	130	0	0	0	0	0	100	0	0	970	0	0	50
0	0	0	0	0	0	0	0	0	0	0	0	0	0	0	0	0	0	0	0	0	0	0	0	205	0	0	0	205	20	0	0	0	0	0	0	0	0	0	0	0	0	0	0	0	0	0	0	0	0	0	0	0	690	0	20	0	0	0	0	0	0	0	0	0	0	0	0	0	0	0	690	0	0	0
100	0	0	0	0	0	0	0	280	0	50	0	10	0	0	0	0	100	280	0	0	150	0	0	485	0	0	0	485	300	50	0	0	50	0	0	0	0	200	0	0	0	0	0	140	200	50	200	0	0	0	60	0	970	0	300	0	0	0	0	0	0	130	0	0	0	0	0	100	0	0	970	0	0	50
50	0	0	0	0	0	0	0	230	0	0	0	0	0	0	0	0	50	230	0	0	100	0	0	435	0	0	0	435	250	0	0	0	0	0	0	0	0	150	0	0	0	0	0	90	150	0	150	0	0	0	10	0	920	0	250	0	0	0	0	0	0	80	0	0	0	0	0	50	0	0	920	0	0	0
100	0	0	0	0	0	0	0	280	0	50	0	10	0	0	0	0	100	280	0	0	150	0	0	485	0	0	0	485	300	50	0	0	50	0	0	0	0	200	0	0	0	0	0	140	200	50	200	0	0	0	60	0	970	0	300	0	0	0	0	0	0	130	0	0	0	0	0	100	0	0	970	0	0	50
90	0	0	0	0	0	0	0	270	0	40	0	0	0	0	0	0	90	270	0	0	140	0	0	475	0	0	0	475	290	40	0	0	40	0	0	0	0	190	0	0	0	0	0	130	190	40	190	0	0	0	50	0	960	0	290	0	0	0	0	0	0	120	0	0	0	0	0	90	0	0	960	0	0	40
150	0	50	50	0	0	0	50	330	50	100	50	60	0	0	30	0	150	330	0	0	200	50	0	535	50	0	0	535	350	100	0	50	100	50	0	50	50	250	0	0	0	50	0	190	250	100	250	30	0	50	110	0	1020	0	350	0	0	0	0	30	0	180	0	0	50	40	0	150	0	30	1020	0	0	100
170	0	70	70	0	20	0	70	350	70	120	70	80	20	0	50	0	170	350	0	0	220	70	0	555	70	0	0	555	370	120	20	70	120	70	0	70	70	270	10	20	0	70	0	210	270	120	270	50	0	70	130	0	1040	0	370	10	0	0	0	50	0	200	0	0	70	60	0	170	0	50	1040	0	0	120
120	0	20	20	0	0	0	20	300	20	70	20	30	0	0	0	0	120	300	0	0	170	20	0	505	20	0	0	505	320	70	0	20	70	20	0	20	20	220	0	0	0	20	0	160	220	70	220	0	0	20	80	0	990	0	320	0	0	0	0	0	0	150	0	0	20	10	0	120	0	0	990	0	0	70
200	30	100	100	20	50	0	100	380	100	150	100	110	50	30	80	0	200	380	10	0	250	100	30	585	100	20	30	585	400	150	50	100	150	100	30	100	100	300	40	50	20	100	25	240	300	150	300	80	30	100	160	0	1070	0	400	40	0	0	30	80	30	230	30	0	100	90	0	200	25	80	1070	30	0	150
0	0	0	0	0	0	0	0	180	0	0	0	0	0	0	0	0	0	180	0	0	50	0	0	385	0	0	0	385	200	0	0	0	0	0	0	0	0	100	0	0	0	0	0	40	100	0	100	0	0	0	0	0	870	0	200	0	0	0	0	0	0	30	0	0	0	0	0	0	0	0	870	0	0	0
0	0	0	0	0	0	0	0	0	0	0	0	0	0	0	0	0	0	0	0	0	0	0	0	205	0	0	0	205	20	0	0	0	0	0	0	0	0	0	0	0	0	0	0	0	0	0	0	0	0	0	0	0	690	0	20	0	0	0	0	0	0	0	0	0	0	0	0	0	0	0	690	0	0	0
190	20	90	90	10	40	0	90	370	90	140	90	100	40	20	70	0	190	370	0	0	240	90	20	575	90	10	20	575	390	140	40	90	140	90	20	90	90	290	30	40	10	90	15	230	290	140	290	70	20	90	150	0	1060	0	390	30	0	0	20	70	20	220	20	0	90	80	0	190	15	70	1060	20	0	140
200	30	100	100	20	50	0	100	380	100	150	100	110	50	30	80	0	200	380	10	0	250	100	30	585	100	20	30	585	400	150	50	100	150	100	30	100	100	300	40	50	20	100	25	240	300	150	300	80	30	100	160	0	1070	0	400	40	0	0	30	80	30	230	30	0	100	90	0	200	25	80	1070	30	0	150
0	0	0	0	0	0	0	0	130	0	0	0	0	0	0	0	0	0	130	0	0	0	0	0	335	0	0	0	335	150	0	0	0	0	0	0	0	0	50	0	0	0	0	0	0	50	0	50	0	0	0	0	0	820	0	150	0	0	0	0	0	0	0	0	0	0	0	0	0	0	0	820	0	0	0
100	0	0	0	0	0	0	0	280	0	50	0	10	0	0	0	0	100	280	0	0	150	0	0	485	0	0	0	485	300	50	0	0	50	0	0	0	0	200	0	0	0	0	0	140	200	50	200	0	0	0	60	0	970	0	300	0	0	0	0	0	0	130	0	0	0	0	0	100	0	0	970	0	0	50
170	0	70	70	0	20	0	70	350	70	120	70	80	20	0	50	0	170	350	0	0	220	70	0	555	70	0	0	555	370	120	20	70	120	70	0	70	70	270	10	20	0	70	0	210	270	120	270	50	0	70	130	0	1040	0	370	10	0	0	0	50	0	200	0	0	70	60	0	170	0	50	1040	0	0	120
0	0	0	0	0	0	0	0	0	0	0	0	0	0	0	0	0	0	0	0	0	0	0	0	0	0	0	0	0	0	0	0	0	0	0	0	0	0	0	0	0	0	0	0	0	0	0	0	0	0	0	0	0	485	0	0	0	0	0	0	0	0	0	0	0	0	0	0	0	0	0	485	0	0	0
100	0	0	0	0	0	0	0	280	0	50	0	10	0	0	0	0	100	280	0	0	150	0	0	485	0	0	0	485	300	50	0	0	50	0	0	0	0	200	0	0	0	0	0	140	200	50	200	0	0	0	60	0	970	0	300	0	0	0	0	0	0	130	0	0	0	0	0	100	0	0	970	0	0	50
180	10	80	80	0	30	0	80	360	80	130	80	90	30	10	60	0	180	360	0	0	230	80	10	565	80	0	10	565	380	130	30	80	130	80	10	80	80	280	20	30	0	80	5	220	280	130	280	60	10	80	140	0	1050	0	380	20	0	0	10	60	10	210	10	0	80	70	0	180	5	60	1050	10	0	130
170	0	70	70	0	20	0	70	350	70	120	70	80	20	0	50	0	170	350	0	0	220	70	0	555	70	0	0	555	370	120	20	70	120	70	0	70	70	270	10	20	0	70	0	210	270	120	270	50	0	70	130	0	1040	0	370	10	0	0	0	50	0	200	0	0	70	60	0	170	0	50	1040	0	0	120
0	0	0	0	0	0	0	0	0	0	0	0	0	0	0	0	0	0	0	0	0	0	0	0	0	0	0	0	0	0	0	0	0	0	0	0	0	0	0	0	0	0	0	0	0	0	0	0	0	0	0	0	0	485	0	0	0	0	0	0	0	0	0	0	0	0	0	0	0	0	0	485	0	0	0
0	0	0	0	0	0	0	0	0	0	0	0	0	0	0	0	0	0	0	0	0	0	0	0	185	0	0	0	185	0	0	0	0	0	0	0	0	0	0	0	0	0	0	0	0	0	0	0	0	0	0	0	0	670	0	0	0	0	0	0	0	0	0	0	0	0	0	0	0	0	0	670	0	0	0
50	0	0	0	0	0	0	0	230	0	0	0	0	0	0	0	0	50	230	0	0	100	0	0	435	0	0	0	435	250	0	0	0	0	0	0	0	0	150	0	0	0	0	0	90	150	0	150	0	0	0	10	0	920	0	250	0	0	0	0	0	0	80	0	0	0	0	0	50	0	0	920	0	0	0
150	0	50	50	0	0	0	50	330	50	100	50	60	0	0	30	0	150	330	0	0	200	50	0	535	50	0	0	535	350	100	0	50	100	50	0	50	50	250	0	0	0	50	0	190	250	100	250	30	0	50	110	0	1020	0	350	0	0	0	0	30	0	180	0	0	50	40	0	150	0	30	1020	0	0	100
100	0	0	0	0	0	0	0	280	0	50	0	10	0	0	0	0	100	280	0	0	150	0	0	485	0	0	0	485	300	50	0	0	50	0	0	0	0	200	0	0	0	0	0	140	200	50	200	0	0	0	60	0	970	0	300	0	0	0	0	0	0	130	0	0	0	0	0	100	0	0	970	0	0	50
50	0	0	0	0	0	0	0	230	0	0	0	0	0	0	0	0	50	230	0	0	100	0	0	435	0	0	0	435	250	0	0	0	0	0	0	0	0	150	0	0	0	0	0	90	150	0	150	0	0	0	10	0	920	0	250	0	0	0	0	0	0	80	0	0	0	0	0	50	0	0	920	0	0	0
100	0	0	0	0	0	0	0	280	0	50	0	10	0	0	0	0	100	280	0	0	150	0	0	485	0	0	0	485	300	50	0	0	50	0	0	0	0	200	0	0	0	0	0	140	200	50	200	0	0	0	60	0	970	0	300	0	0	0	0	0	0	130	0	0	0	0	0	100	0	0	970	0	0	50
170	0	70	70	0	20	0	70	350	70	120	70	80	20	0	50	0	170	350	0	0	220	70	0	555	70	0	0	555	370	120	20	70	120	70	0	70	70	270	10	20	0	70	0	210	270	120	270	50	0	70	130	0	1040	0	370	10	0	0	0	50	0	200	0	0	70	60	0	170	0	50	1040	0	0	120
100	0	0	0	0	0	0	0	280	0	50	0	10	0	0	0	0	100	280	0	0	150	0	0	485	0	0	0	485	300	50	0	0	50	0	0	0	0	200	0	0	0	0	0	140	200	50	200	0	0	0	60	0	970	0	300	0	0	0	0	0	0	130	0	0	0	0	0	100	0	0	970	0	0	50
100	0	0	0	0	0	0	0	280	0	50	0	10	0	0	0	0	100	280	0	0	150	0	0	485	0	0	0	485	300	50	0	0	50	0	0	0	0	200	0	0	0	0	0	140	200	50	200	0	0	0	60	0	970	0	300	0	0	0	0	0	0	130	0	0	0	0	0	100	0	0	970	0	0	50
0	0	0	0	0	0	0	0	80	0	0	0	0	0	0	0	0	0	80	0	0	0	0	0	285	0	0	0	285	100	0	0	0	0	0	0	0	0	0	0	0	0	0	0	0	0	0	0	0	0	0	0	0	770	0	100	0	0	0	0	0	0	0	0	0	0	0	0	0	0	0	770	0	0	0
160	0	60	60	0	10	0	60	340	60	110	60	70	10	0	40	0	160	340	0	0	210	60	0	545	60	0	0	545	360	110	10	60	110	60	0	60	60	260	0	10	0	60	0	200	260	110	260	40	0	60	120	0	1030	0	360	0	0	0	0	40	0	190	0	0	60	50	0	160	0	40	1030	0	0	110
150	0	50	50	0	0	0	50	330	50	100	50	60	0	0	30	0	150	330	0	0	200	50	0	535	50	0	0	535	350	100	0	50	100	50	0	50	50	250	0	0	0	50	0	190	250	100	250	30	0	50	110	0	1020	0	350	0	0	0	0	30	0	180	0	0	50	40	0	150	0	30	1020	0	0	100
180	10	80	80	0	30	0	80	360	80	130	80	90	30	10	60	0	180	360	0	0	230	80	10	565	80	0	10	565	380	130	30	80	130	80	10	80	80	280	20	30	0	80	5	220	280	130	280	60	10	80	140	0	1050	0	380	20	0	0	10	60	10	210	10	0	80	70	0	180	5	60	1050	10	0	130
100	0	0	0	0	0	0	0	280	0	50	0	10	0	0	0	0	100	280	0	0	150	0	0	485	0	0	0	485	300	50	0	0	50	0	0	0	0	200	0	0	0	0	0	140	200	50	200	0	0	0	60	0	970	0	300	0	0	0	0	0	0	130	0	0	0	0	0	100	0	0	970	0	0	50
175	5	75	75	0	25	0	75	355	75	125	75	85	25	5	55	0	175	355	0	0	225	75	5	560	75	0	5	560	375	125	25	75	125	75	5	75	75	275	15	25	0	75	0	215	275	125	275	55	5	75	135	0	1045	0	375	15	0	0	5	55	5	205	5	0	75	65	0	175	0	55	1045	5	0	125
0	0	0	0	0	0	0	0	140	0	0	0	0	0	0	0	0	0	140	0	0	10	0	0	345	0	0	0	345	160	0	0	0	0	0	0	0	0	60	0	0	0	0	0	0	60	0	60	0	0	0	0	0	830	0	160	0	0	0	0	0	0	0	0	0	0	0	0	0	0	0	830	0	0	0
0	0	0	0	0	0	0	0	80	0	0	0	0	0	0	0	0	0	80	0	0	0	0	0	285	0	0	0	285	100	0	0	0	0	0	0	0	0	0	0	0	0	0	0	0	0	0	0	0	0	0	0	0	770	0	100	0	0	0	0	0	0	0	0	0	0	0	0	0	0	0	770	0	0	0
50	0	0	0	0	0	0	0	230	0	0	0	0	0	0	0	0	50	230	0	0	100	0	0	435	0	0	0	435	250	0	0	0	0	0	0	0	0	150	0	0	0	0	0	90	150	0	150	0	0	0	10	0	920	0	250	0	0	0	0	0	0	80	0	0	0	0	0	50	0	0	920	0	0	0
0	0	0	0	0	0	0	0	80	0	0	0	0	0	0	0	0	0	80	0	0	0	0	0	285	0	0	0	285	100	0	0	0	0	0	0	0	0	0	0	0	0	0	0	0	0	0	0	0	0	0	0	0	770	0	100	0	0	0	0	0	0	0	0	0	0	0	0	0	0	0	770	0	0	0
120	0	20	20	0	0	0	20	300	20	70	20	30	0	0	0	0	120	300	0	0	170	20	0	505	20	0	0	505	320	70	0	20	70	20	0	20	20	220	0	0	0	20	0	160	220	70	220	0	0	20	80	0	990	0	320	0	0	0	0	0	0	150	0	0	20	10	0	120	0	0	990	0	0	70
170	0	70	70	0	20	0	70	350	70	120	70	80	20	0	50	0	170	350	0	0	220	70	0	555	70	0	0	555	370	120	20	70	120	70	0	70	70	270	10	20	0	70	0	210	270	120	270	50	0	70	130	0	1040	0	370	10	0	0	0	50	0	200	0	0	70	60	0	170	0	50	1040	0	0	120
100	0	0	0	0	0	0	0	280	0	50	0	10	0	0	0	0	100	280	0	0	150	0	0	485	0	0	0	485	300	50	0	0	50	0	0	0	0	200	0	0	0	0	0	140	200	50	200	0	0	0	60	0	970	0	300	0	0	0	0	0	0	130	0	0	0	0	0	100	0	0	970	0	0	50
40	0	0	0	0	0	0	0	220	0	0	0	0	0	0	0	0	40	220	0	0	90	0	0	425	0	0	0	425	240	0	0	0	0	0	0	0	0	140	0	0	0	0	0	80	140	0	140	0	0	0	0	0	910	0	240	0	0	0	0	0	0	70	0	0	0	0	0	40	0	0	910	0	0	0
200	30	100	100	20	50	0	100	380	100	150	100	110	50	30	80	0	200	380	10	0	250	100	30	585	100	20	30	585	400	150	50	100	150	100	30	100	100	300	40	50	20	100	25	240	300	150	300	80	30	100	160	0	1070	0	400	40	0	0	30	80	30	230	30	0	100	90	0	200	25	80	1070	30	0	150
0	0	0	0	0	0	0	0	0	0	0	0	0	0	0	0	0	0	0	0	0	0	0	0	0	0	0	0	0	0	0	0	0	0	0	0	0	0	0	0	0	0	0	0	0	0	0	0	0	0	0	0	0	0	0	0	0	0	0	0	0	0	0	0	0	0	0	0	0	0	0	0	0	0	0
200	30	100	100	20	50	0	100	380	100	150	100	110	50	30	80	0	200	380	10	0	250	100	30	585	100	20	30	585	400	150	50	100	150	100	30	100	100	300	40	50	20	100	25	240	300	150	300	80	30	100	160	0	1070	0	400	40	0	0	30	80	30	230	30	0	100	90	0	200	25	80	1070	30	0	150
0	0	0	0	0	0	0	0	0	0	0	0	0	0	0	0	0	0	0	0	0	0	0	0	185	0	0	0	185	0	0	0	0	0	0	0	0	0	0	0	0	0	0	0	0	0	0	0	0	0	0	0	0	670	0	0	0	0	0	0	0	0	0	0	0	0	0	0	0	0	0	670	0	0	0
160	0	60	60	0	10	0	60	340	60	110	60	70	10	0	40	0	160	340	0	0	210	60	0	545	60	0	0	545	360	110	10	60	110	60	0	60	60	260	0	10	0	60	0	200	260	110	260	40	0	60	120	0	1030	0	360	0	0	0	0	40	0	190	0	0	60	50	0	160	0	40	1030	0	0	110
220	50	120	120	40	70	20	120	400	120	170	120	130	70	50	100	20	220	400	30	20	270	120	50	605	120	40	50	605	420	170	70	120	170	120	50	120	120	320	60	70	40	120	45	260	320	170	320	100	50	120	180	20	1090	20	420	60	0	20	50	100	50	250	50	0	120	110	20	220	45	100	1090	50	0	170
200	30	100	100	20	50	0	100	380	100	150	100	110	50	30	80	0	200	380	10	0	250	100	30	585	100	20	30	585	400	150	50	100	150	100	30	100	100	300	40	50	20	100	25	240	300	150	300	80	30	100	160	0	1070	0	400	40	0	0	30	80	30	230	30	0	100	90	0	200	25	80	1070	30	0	150
170	0	70	70	0	20	0	70	350	70	120	70	80	20	0	50	0	170	350	0	0	220	70	0	555	70	0	0	555	370	120	20	70	120	70	0	70	70	270	10	20	0	70	0	210	270	120	270	50	0	70	130	0	1040	0	370	10	0	0	0	50	0	200	0	0	70	60	0	170	0	50	1040	0	0	120
120	0	20	20	0	0	0	20	300	20	70	20	30	0	0	0	0	120	300	0	0	170	20	0	505	20	0	0	505	320	70	0	20	70	20	0	20	20	220	0	0	0	20	0	160	220	70	220	0	0	20	80	0	990	0	320	0	0	0	0	0	0	150	0	0	20	10	0	120	0	0	990	0	0	70
170	0	70	70	0	20	0	70	350	70	120	70	80	20	0	50	0	170	350	0	0	220	70	0	555	70	0	0	555	370	120	20	70	120	70	0	70	70	270	10	20	0	70	0	210	270	120	270	50	0	70	130	0	1040	0	370	10	0	0	0	50	0	200	0	0	70	60	0	170	0	50	1040	0	0	120
0	0	0	0	0	0	0	0	150	0	0	0	0	0	0	0	0	0	150	0	0	20	0	0	355	0	0	0	355	170	0	0	0	0	0	0	0	0	70	0	0	0	0	0	10	70	0	70	0	0	0	0	0	840	0	170	0	0	0	0	0	0	0	0	0	0	0	0	0	0	0	840	0	0	0
170	0	70	70	0	20	0	70	350	70	120	70	80	20	0	50	0	170	350	0	0	220	70	0	555	70	0	0	555	370	120	20	70	120	70	0	70	70	270	10	20	0	70	0	210	270	120	270	50	0	70	130	0	1040	0	370	10	0	0	0	50	0	200	0	0	70	60	0	170	0	50	1040	0	0	120
245	75	145	145	65	95	45	145	425	145	195	145	155	95	75	125	45	245	425	55	45	295	145	75	630	145	65	75	630	445	195	95	145	195	145	75	145	145	345	85	95	65	145	70	285	345	195	345	125	75	145	205	45	1115	45	445	85	25	45	75	125	75	275	75	0	145	135	45	245	70	125	1115	75	20	195
100	0	0	0	0	0	0	0	280	0	50	0	10	0	0	0	0	100	280	0	0	150	0	0	485	0	0	0	485	300	50	0	0	50	0	0	0	0	200	0	0	0	0	0	140	200	50	200	0	0	0	60	0	970	0	300	0	0	0	0	0	0	130	0	0	0	0	0	100	0	0	970	0	0	50
110	0	10	10	0	0	0	10	290	10	60	10	20	0	0	0	0	110	290	0	0	160	10	0	495	10	0	0	495	310	60	0	10	60	10	0	10	10	210	0	0	0	10	0	150	210	60	210	0	0	10	70	0	980	0	310	0	0	0	0	0	0	140	0	0	10	0	0	110	0	0	980	0	0	60
200	30	100	100	20	50	0	100	380	100	150	100	110	50	30	80	0	200	380	10	0	250	100	30	585	100	20	30	585	400	150	50	100	150	100	30	100	100	300	40	50	20	100	25	240	300	150	300	80	30	100	160	0	1070	0	400	40	0	0	30	80	30	230	30	0	100	90	0	200	25	80	1070	30	0	150
0	0	0	0	0	0	0	0	180	0	0	0	0	0	0	0	0	0	180	0	0	50	0	0	385	0	0	0	385	200	0	0	0	0	0	0	0	0	100	0	0	0	0	0	40	100	0	100	0	0	0	0	0	870	0	200	0	0	0	0	0	0	30	0	0	0	0	0	0	0	0	870	0	0	0
175	5	75	75	0	25	0	75	355	75	125	75	85	25	5	55	0	175	355	0	0	225	75	5	560	75	0	5	560	375	125	25	75	125	75	5	75	75	275	15	25	0	75	0	215	275	125	275	55	5	75	135	0	1045	0	375	15	0	0	5	55	5	205	5	0	75	65	0	175	0	55	1045	5	0	125
120	0	20	20	0	0	0	20	300	20	70	20	30	0	0	0	0	120	300	0	0	170	20	0	505	20	0	0	505	320	70	0	20	70	20	0	20	20	220	0	0	0	20	0	160	220	70	220	0	0	20	80	0	990	0	320	0	0	0	0	0	0	150	0	0	20	10	0	120	0	0	990	0	0	70
0	0	0	0	0	0	0	0	0	0	0	0	0	0	0	0	0	0	0	0	0	0	0	0	0	0	0	0	0	0	0	0	0	0	0	0	0	0	0	0	0	0	0	0	0	0	0	0	0	0	0	0	0	0	0	0	0	0	0	0	0	0	0	0	0	0	0	0	0	0	0	0	0	0	0
170	0	70	70	0	20	0	70	350	70	120	70	80	20	0	50	0	170	350	0	0	220	70	0	555	70	0	0	555	370	120	20	70	120	70	0	70	70	270	10	20	0	70	0	210	270	120	270	50	0	70	130	0	1040	0	370	10	0	0	0	50	0	200	0	0	70	60	0	170	0	50	1040	0	0	120
225	55	125	125	45	75	25	125	405	125	175	125	135	75	55	105	25	225	405	35	25	275	125	55	610	125	45	55	610	425	175	75	125	175	125	55	125	125	325	65	75	45	125	50	265	325	175	325	105	55	125	185	25	1095	25	425	65	5	25	55	105	55	255	55	0	125	115	25	225	50	105	1095	55	0	175
50	0	0	0	0	0	0	0	230	0	0	0	0	0	0	0	0	50	230	0	0	100	0	0	435	0	0	0	435	250	0	0	0	0	0	0	0	0	150	0	0	0	0	0	90	150	0	150	0	0	0	10	0	920	0	250	0	0	0	0	0	0	80	0	0	0	0	0	50	0	0	920	0	0	0

0	170	100	100	180	150	200	100	0	100	50	100	90	150	170	120	200	0	0	190	200	0	100	170	0	100	180	170	0	0	50	150	100	50	100	170	100	100	0	160	150	180	100	175	0	0	50	0	120	170	100	40	200	0	200	0	160	220	200	170	120	170	0	170	245	100	110	200	0	175	120	0	170	225	50
0	0	0	0	10	0	30	0	0	0	0	0	0	0	0	0	30	0	0	20	30	0	0	0	0	0	10	0	0	0	0	0	0	0	0	0	0	0	0	0	0	10	0	5	0	0	0	0	0	0	0	0	30	0	30	0	0	50	30	0	0	0	0	0	75	0	0	30	0	5	0	0	0	55	0
0	70	0	0	80	50	100	0	0	0	0	0	0	50	70	20	100	0	0	90	100	0	0	70	0	0	80	70	0	0	0	50	0	0	0	70	0	0	0	60	50	80	0	75	0	0	0	0	20	70	0	0	100	0	100	0	60	120	100	70	20	70	0	70	145	0	10	100	0	75	20	0	70	125	0
0	70	0	0	80	50	100	0	0	0	0	0	0	50	70	20	100	0	0	90	100	0	0	70	0	0	80	70	0	0	0	50	0	0	0	70	0	0	0	60	50	80	0	75	0	0	0	0	20	70	0	0	100	0	100	0	60	120	100	70	20	70	0	70	145	0	10	100	0	75	20	0	70	125	0
0	0	0	0	0	0	20	0	0	0	0	0	0	0	0	0	20	0	0	10	20	0	0	0	0	0	0	0	0	0	0	0	0	0	0	0	0	0	0	0	0	0	0	0	0	0	0	0	0	0	0	0	20	0	20	0	0	40	20	0	0	0	0	0	65	0	0	20	0	0	0	0	0	45	0
0	20	0	0	30	0	50	0	0	0	0	0	0	0	20	0	50	0	0	40	50	0	0	20	0	0	30	20	0	0	0	0	0	0	0	20	0	0	0	10	0	30	0	25	0	0	0	0	0	20	0	0	50	0	50	0	10	70	50	20	0	20	0	20	95	0	0	50	0	25	0	0	20	75	0
0	0	0	0	0	0	0	0	0	0	0	0	0	0	0	0	0	0	0	0	0	0	0	0	0	0	0	0	0	0	0	0	0	0	0	0	0	0	0	0	0	0	0	0	0	0	0	0	0	0	0	0	0	0	0	0	0	20	0	0	0	0	0	0	45	0	0	0	0	0	0	0	0	25	0
0	70	0	0	80	50	100	0	0	0	0	0	0	50	70	20	100	0	0	90	100	0	0	70	0	0	80	70	0	0	0	50	0	0	0	70	0	0	0	60	50	80	0	75	0	0	0	0	20	70	0	0	100	0	100	0	60	120	100	70	20	70	0	70	145	0	10	100	0	75	20	0	70	125	0
180	350	280	280	360	330	380	280	0	280	230	280	270	330	350	300	380	180	0	370	380	130	280	350	0	280	360	350	0	0	230	330	280	230	280	350	280	280	80	340	330	360	280	355	140	80	230	80	300	350	280	220	380	0	380	0	340	400	380	350	300	350	150	350	425	280	290	380	180	355	300	0	350	405	230
0	70	0	0	80	50	100	0	0	0	0	0	0	50	70	20	100	0	0	90	100	0	0	70	0	0	80	70	0	0	0	50	0	0	0	70	0	0	0	60	50	80	0	75	0	0	0	0	20	70	0	0	100	0	100	0	60	120	100	70	20	70	0	70	145	0	10	100	0	75	20	0	70	125	0
0	120	50	50	130	100	150	50	0	50	0	50	40	100	120	70	150	0	0	140	150	0	50	120	0	50	130	120	0	0	0	100	50	0	50	120	50	50	0	110	100	130	50	125	0	0	0	0	70	120	50	0	150	0	150	0	110	170	150	120	70	120	0	120	195	50	60	150	0	125	70	0	120	175	0
0	70	0	0	80	50	100	0	0	0	0	0	0	50	70	20	100	0	0	90	100	0	0	70	0	0	80	70	0	0	0	50	0	0	0	70	0	0	0	60	50	80	0	75	0	0	0	0	20	70	0	0	100	0	100	0	60	120	100	70	20	70	0	70	145	0	10	100	0	75	20	0	70	125	0
0	80	10	10	90	60	110	10	0	10	0	10	0	60	80	30	110	0	0	100	110	0	10	80	0	10	90	80	0	0	0	60	10	0	10	80	10	10	0	70	60	90	10	85	0	0	0	0	30	80	10	0	110	0	110	0	70	130	110	80	30	80	0	80	155	10	20	110	0	85	30	0	80	135	0
0	20	0	0	30	0	50	0	0	0	0	0	0	0	20	0	50	0	0	40	50	0	0	20	0	0	30	20	0	0	0	0	0	0	0	20	0	0	0	10	0	30	0	25	0	0	0	0	0	20	0	0	50	0	50	0	10	70	50	20	0	20	0	20	95	0	0	50	0	25	0	0	20	75	0
0	0	0	0	10	0	30	0	0	0	0	0	0	0	0	0	30	0	0	20	30	0	0	0	0	0	10	0	0	0	0	0	0	0	0	0	0	0	0	0	0	10	0	5	0	0	0	0	0	0	0	0	30	0	30	0	0	50	30	0	0	0	0	0	75	0	0	30	0	5	0	0	0	55	0
0	50	0	0	60	30	80	0	0	0	0	0	0	30	50	0	80	0	0	70	80	0	0	50	0	0	60	50	0	0	0	30	0	0	0	50	0	0	0	40	30	60	0	55	0	0	0	0	0	50	0	0	80	0	80	0	40	100	80	50	0	50	0	50	125	0	0	80	0	55	0	0	50	105	0
0	0	0	0	0	0	0	0	0	0	0	0	0	0	0	0	0	0	0	0	0	0	0	0	0	0	0	0	0	0	0	0	0	0	0	0	0	0	0	0	0	0	0	0	0	0	0	0	0	0	0	0	0	0	0	0	0	20	0	0	0	0	0	0	45	0	0	0	0	0	0	0	0	25	0
0	170	100	100	180	150	200	100	0	100	50	100	90	150	170	120	200	0	0	190	200	0	100	170	0	100	180	170	0	0	50	150	100	50	100	170	100	100	0	160	150	180	100	175	0	0	50	0	120	170	100	40	200	0	200	0	160	220	200	170	120	170	0	170	245	100	110	200	0	175	120	0	170	225	50
180	350	280	280	360	330	380	280	0	280	230	280	270	330	350	300	380	180	0	370	380	130	280	350	0	280	360	350	0	0	230	330	280	230	280	350	280	280	80	340	330	360	280	355	140	80	230	80	300	350	280	220	380	0	380	0	340	400	380	350	300	350	150	350	425	280	290	380	180	355	300	0	350	405	230
0	0	0	0	0	0	10	0	0	0	0	0	0	0	0	0	10	0	0	0	10	0	0	0	0	0	0	0	0	0	0	0	0	0	0	0	0	0	0	0	0	0	0	0	0	0	0	0	0	0	0	0	10	0	10	0	0	30	10	0	0	0	0	0	55	0	0	10	0	0	0	0	0	35	0
0	0	0	0	0	0	0	0	0	0	0	0	0	0	0	0	0	0	0	0	0	0	0	0	0	0	0	0	0	0	0	0	0	0	0	0	0	0	0	0	0	0	0	0	0	0	0	0	0	0	0	0	0	0	0	0	0	20	0	0	0	0	0	0	45	0	0	0	0	0	0	0	0	25	0
50	220	150	150	230	200	250	150	0	150	100	150	140	200	220	170	250	50	0	240	250	0	150	220	0	150	230	220	0	0	100	200	150	100	150	220	150	150	0	210	200	230	150	225	10	0	100	0	170	220	150	90	250	0	250	0	210	270	250	220	170	220	20	220	295	150	160	250	50	225	170	0	220	275	100
0	70	0	0	80	50	100	0	0	0	0	0	0	50	70	20	100	0	0	90	100	0	0	70	0	0	80	70	0	0	0	50	0	0	0	70	0	0	0	60	50	80	0	75	0	0	0	0	20	70	0	0	100	0	100	0	60	120	100	70	20	70	0	70	145	0	10	100	0	75	20	0	70	125	0
0	0	0	0	10	0	30	0	0	0	0	0	0	0	0	0	30	0	0	20	30	0	0	0	0	0	10	0	0	0	0	0	0	0	0	0	0	0	0	0	0	10	0	5	0	0	0	0	0	0	0	0	30	0	30	0	0	50	30	0	0	0	0	0	75	0	0	30	0	5	0	0	0	55	0
385	555	485	485	565	535	585	485	205	485	435	485	475	535	555	505	585	385	205	575	585	335	485	555	0	485	565	555	0	185	435	535	485	435	485	555	485	485	285	545	535	565	485	560	345	285	435	285	505	555	485	425	585	0	585	185	545	605	585	555	505	555	355	555	630	485	495	585	385	560	505	0	555	610	435
0	70	0	0	80	50	100	0	0	0	0	0	0	50	70	20	100	0	0	90	100	0	0	70	0	0	80	70	0	0	0	50	0	0	0	70	0	0	0	60	50	80	0	75	0	0	0	0	20	70	0	0	100	0	100	0	60	120	100	70	20	70	0	70	145	0	10	100	0	75	20	0	70	125	0
0	0	0	0	0	0	20	0	0	0	0	0	0	0	0	0	20	0	0	10	20	0	0	0	0	0	0	0	0	0	0	0	0	0	0	0	0	0	0	0	0	0	0	0	0	0	0	0	0	0	0	0	20	0	20	0	0	40	20	0	0	0	0	0	65	0	0	20	0	0	0	0	0	45	0
0	0	0	0	10	0	30	0	0	0	0	0	0	0	0	0	30	0	0	20	30	0	0	0	0	0	10	0	0	0	0	0	0	0	0	0	0	0	0	0	0	10	0	5	0	0	0	0	0	0	0	0	30	0	30	0	0	50	30	0	0	0	0	0	75	0	0	30	0	5	0	0	0	55	0
385	555	485	485	565	535	585	485	205	485	435	485	475	535	555	505	585	385	205	575	585	335	485	555	0	485	565	555	0	185	435	535	485	435	485	555	485	485	285	545	535	565	485	560	345	285	435	285	505	555	485	425	585	0	585	185	545	605	585	555	505	555	355	555	630	485	495	585	385	560	505	0	555	610	435
200	370	300	300	380	350	400	300	20	300	250	300	290	350	370	320	400	200	20	390	400	150	300	370	0	300	380	370	0	0	250	350	300	250	300	370	300	300	100	360	350	380	300	375	160	100	250	100	320	370	300	240	400	0	400	0	360	420	400	370	320	370	170	370	445	300	310	400	200	375	320	0	370	425	250
0	120	50	50	130	100	150	50	0	50	0	50	40	100	120	70	150	0	0	140	150	0	50	120	0	50	130	120	0	0	0	100	50	0	50	120	50	50	0	110	100	130	50	125	0	0	0	0	70	120	50	0	150	0	150	0	110	170	150	120	70	120	0	120	195	50	60	150	0	125	70	0	120	175	0
0	20	0	0	30	0	50	0	0	0	0	0	0	0	20	0	50	0	0	40	50	0	0	20	0	0	30	20	0	0	0	0	0	0	0	20	0	0	0	10	0	30	0	25	0	0	0	0	0	20	0	0	50	0	50	0	10	70	50	20	0	20	0	20	95	0	0	50	0	25	0	0	20	75	0
0	70	0	0	80	50	100	0	0	0	0	0	0	50	70	20	100	0	0	90	100	0	0	70	0	0	80	70	0	0	0	50	0	0	0	70	0	0	0	60	50	80	0	75	0	0	0	0	20	70	0	0	100	0	100	0	60	120	100	70	20	70	0	70	145	0	10	100	0	75	20	0	70	125	0
0	120	50	50	130	100	150	50	0	50	0	50	40	100	120	70	150	0	0	140	150	0	50	120	0	50	130	120	0	0	0	100	50	0	50	120	50	50	0	110	100	130	50	125	0	0	0	0	70	120	50	0	150	0	150	0	110	170	150	120	70	120	0	120	195	50	60	150	0	125	70	0	120	175	0
0	70	0	0	80	50	100	0	0	0	0	0	0	50	70	20	100	0	0	90	100	0	0	70	0	0	80	70	0	0	0	50	0	0	0	70	0	0	0	60	50	80	0	75	0	0	0	0	20	70	0	0	100	0	100	0	60	120	100	70	20	70	0	70	145	0	10	100	0	75	20	0	70	125	0
0	0	0	0	10	0	30	0	0	0	0	0	0	0	0	0	30	0	0	20	30	0	0	0	0	0	10	0	0	0	0	0	0	0	0	0	0	0	0	0	0	10	0	5	0	0	0	0	0	0	0	0	30	0	30	0	0	50	30	0	0	0	0	0	75	0	0	30	0	5	0	0	0	55	0
0	70	0	0	80	50	100	0	0	0	0	0	0	50	70	20	100	0	0	90	100	0	0	70	0	0	80	70	0	0	0	50	0	0	0	70	0	0	0	60	50	80	0	75	0	0	0	0	20	70	0	0	100	0	100	0	60	120	100	70	20	70	0	70	145	0	10	100	0	75	20	0	70	125	0
0	70	0	0	80	50	100	0	0	0	0	0	0	50	70	20	100	0	0	90	100	0	0	70	0	0	80	70	0	0	0	50	0	0	0	70	0	0	0	60	50	80	0	75	0	0	0	0	20	70	0	0	100	0	100	0	60	120	100	70	20	70	0	70	145	0	10	100	0	75	20	0	70	125	0
100	270	200	200	280	250	300	200	0	200	150	200	190	250	270	220	300	100	0	290	300	50	200	270	0	200	280	270	0	0	150	250	200	150	200	270	200	200	0	260	250	280	200	275	60	0	150	0	220	270	200	140	300	0	300	0	260	320	300	270	220	270	70	270	345	200	210	300	100	275	220	0	270	325	150
0	10	0	0	20	0	40	0	0	0	0	0	0	0	10	0	40	0	0	30	40	0	0	10	0	0	20	10	0	0	0	0	0	0	0	10	0	0	0	0	0	20	0	15	0	0	0	0	0	10	0	0	40	0	40	0	0	60	40	10	0	10	0	10	85	0	0	40	0	15	0	0	10	65	0
0	20	0	0	30	0	50	0	0	0	0	0	0	0	20	0	50	0	0	40	50	0	0	20	0	0	30	20	0	0	0	0	0	0	0	20	0	0	0	10	0	30	0	25	0	0	0	0	0	20	0	0	50	0	50	0	10	70	50	20	0	20	0	20	95	0	0	50	0	25	0	0	20	75	0
0	0	0	0	0	0	20	0	0	0	0	0	0	0	0	0	20	0	0	10	20	0	0	0	0	0	0	0	0	0	0	0	0	0	0	0	0	0	0	0	0	0	0	0	0	0	0	0	0	0	0	0	20	0	20	0	0	40	20	0	0	0	0	0	65	0	0	20	0	0	0	0	0	45	0
0	70	0	0	80	50	100	0	0	0	0	0	0	50	70	20	100	0	0	90	100	0	0	70	0	0	80	70	0	0	0	50	0	0	0	70	0	0	0	60	50	80	0	75	0	0	0	0	20	70	0	0	100	0	100	0	60	120	100	70	20	70	0	70	145	0	10	100	0	75	20	0	70	125	0
0	0	0	0	5	0	25	0	0	0	0	0	0	0	0	0	25	0	0	15	25	0	0	0	0	0	5	0	0	0	0	0	0	0	0	0	0	0	0	0	0	5	0	0	0	0	0	0	0	0	0	0	25	0	25	0	0	45	25	0	0	0	0	0	70	0	0	25	0	0	0	0	0	50	0
40	210	140	140	220	190	240	140	0	140	90	140	130	190	210	160	240	40	0	230	240	0	140	210	0	140	220	210	0	0	90	190	140	90	140	210	140	140	0	200	190	220	140	215	0	0	90	0	160	210	140	80	240	0	240	0	200	260	240	210	160	210	10	210	285	140	150	240	40	215	160	0	210	265	90
100	270	200	200	280	250	300	200	0	200	150	200	190	250	270	220	300	100	0	290	300	50	200	270	0	200	280	270	0	0	150	250	200	150	200	270	200	200	0	260	250	280	200	275	60	0	150	0	220	270	200	140	300	0	300	0	260	320	300	270	220	270	70	270	345	200	210	300	100	275	220	0	270	325	150
0	120	50	50	130	100	150	50	0	50	0	50	40	100	120	70	150	0	0	140	150	0	50	120	0	50	130	120	0	0	0	100	50	0	50	120	50	50	0	110	100	130	50	125	0	0	0	0	70	120	50	0	150	0	150	0	110	170	150	120	70	120	0	120	195	50	60	150	0	125	70	0	120	175	0
100	270	200	200	280	250	300	200	0	200	150	200	190	250	270	220	300	100	0	290	300	50	200	270	0	200	280	270	0	0	150	250	200	150	200	270	200	200	0	260	250	280	200	275	60	0	150	0	220	270	200	140	300	0	300	0	260	320	300	270	220	270	70	270	345	200	210	300	100	275	220	0	270	325	150
0	50	0	0	60	30	80	0	0	0	0	0	0	30	50	0	80	0	0	70	80	0	0	50	0	0	60	50	0	0	0	30	0	0	0	50	0	0	0	40	30	60	0	55	0	0	0	0	0	50	0	0	80	0	80	0	40	100	80	50	0	50	0	50	125	0	0	80	0	55	0	0	50	105	0
0	0	0	0	10	0	30	0	0	0	0	0	0	0	0	0	30	0	0	20	30	0	0	0	0	0	10	0	0	0	0	0	0	0	0	0	0	0	0	0	0	10	0	5	0	0	0	0	0	0	0	0	30	0	30	0	0	50	30	0	0	0	0	0	75	0	0	30	0	5	0	0	0	55	0
0	70	0	0	80	50	100	0	0	0	0	0	0	50	70	20	100	0	0	90	100	0	0	70	0	0	80	70	0	0	0	50	0	0	0	70	0	0	0	60	50	80	0	75	0	0	0	0	20	70	0	0	100	0	100	0	60	120	100	70	20	70	0	70	145	0	10	100	0	75	20	0	70	125	0
0	130	60	60	140	110	160	60	0	60	10	60	50	110	130	80	160	0	0	150	160	0	60	130	0	60	140	130	0	0	10	110	60	10	60	130	60	60	0	120	110	140	60	135	0	0	10	0	80	130	60	0	160	0	160	0	120	180	160	130	80	130	0	130	205	60	70	160	0	135	80	0	130	185	10
0	0	0	0	0	0	0	0	0	0	0	0	0	0	0	0	0	0	0	0	0	0	0	0	0	0	0	0	0	0	0	0	0	0	0	0	0	0	0	0	0	0	0	0	0	0	0	0	0	0	0	0	0	0	0	0	0	20	0	0	0	0	0	0	45	0	0	0	0	0	0	0	0	25	0
870	1040	970	970	1050	1020	1070	970	690	970	920	970	960	1020	1040	990	1070	870	690	1060	1070	820	970	1040	485	970	1050	1040	485	670	920	1020	970	920	970	1040	970	970	770	1030	1020	1050	970	1045	830	770	920	770	990	1040	970	910	1070	0	1070	670	1030	1090	1070	1040	990	1040	840	1040	1115	970	980	1070	870	1045	990	0	1040	1095	920
0	0	0	0	0	0	0	0	0	0	0	0	0	0	0	0	0	0	0	0	0	0	0	0	0	0	0	0	0	0	0	0	0	0	0	0	0	0	0	0	0	0	0	0	0	0	0	0	0	0	0	0	0	0	0	0	0	20	0	0	0	0	0	0	45	0	0	0	0	0	0	0	0	25	0
200	370	300	300	380	350	400	300	20	300	250	300	290	350	370	320	400	200	20	390	400	150	300	370	0	300	380	370	0	0	250	350	300	250	300	370	300	300	100	360	350	380	300	375	160	100	250	100	320	370	300	240	400	0	400	0	360	420	400	370	320	370	170	370	445	300	310	400	200	375	320	0	370	425	250
0	10	0	0	20	0	40	0	0	0	0	0	0	0	10	0	40	0	0	30	40	0	0	10	0	0	20	10	0	0	0	0	0	0	0	10	0	0	0	0	0	20	0	15	0	0	0	0	0	10	0	0	40	0	40	0	0	60	40	10	0	10	0	10	85	0	0	40	0	15	0	0	10	65	0
0	0	0	0	0	0	0	0	0	0	0	0	0	0	0	0	0	0	0	0	0	0	0	0	0	0	0	0	0	0	0	0	0	0	0	0	0	0	0	0	0	0	0	0	0	0	0	0	0	0	0	0	0	0	0	0	0	0	0	0	0	0	0	0	25	0	0	0	0	0	0	0	0	5	0
0	0	0	0	0	0	0	0	0	0	0	0	0	0	0	0	0	0	0	0	0	0	0	0	0	0	0	0	0	0	0	0	0	0	0	0	0	0	0	0	0	0	0	0	0	0	0	0	0	0	0	0	0	0	0	0	0	20	0	0	0	0	0	0	45	0	0	0	0	0	0	0	0	25	0
0	0	0	0	10	0	30	0	0	0	0	0	0	0	0	0	30	0	0	20	30	0	0	0	0	0	10	0	0	0	0	0	0	0	0	0	0	0	0	0	0	10	0	5	0	0	0	0	0	0	0	0	30	0	30	0	0	50	30	0	0	0	0	0	75	0	0	30	0	5	0	0	0	55	0
0	50	0	0	60	30	80	0	0	0	0	0	0	30	50	0	80	0	0	70	80	0	0	50	0	0	60	50	0	0	0	30	0	0	0	50	0	0	0	40	30	60	0	55	0	0	0	0	0	50	0	0	80	0	80	0	40	100	80	50	0	50	0	50	125	0	0	80	0	55	0	0	50	105	0
0	0	0	0	10	0	30	0	0	0	0	0	0	0	0	0	30	0	0	20	30	0	0	0	0	0	10	0	0	0	0	0	0	0	0	0	0	0	0	0	0	10	0	5	0	0	0	0	0	0	0	0	30	0	30	0	0	50	30	0	0	0	0	0	75	0	0	30	0	5	0	0	0	55	0
30	200	130	130	210	180	230	130	0	130	80	130	120	180	200	150	230	30	0	220	230	0	130	200	0	130	210	200	0	0	80	180	130	80	130	200	130	130	0	190	180	210	130	205	0	0	80	0	150	200	130	70	230	0	230	0	190	250	230	200	150	200	0	200	275	130	140	230	30	205	150	0	200	255	80
0	0	0	0	10	0	30	0	0	0	0	0	0	0	0	0	30	0	0	20	30	0	0	0	0	0	10	0	0	0	0	0	0	0	0	0	0	0	0	0	0	10	0	5	0	0	0	0	0	0	0	0	30	0	30	0	0	50	30	0	0	0	0	0	75	0	0	30	0	5	0	0	0	55	0
0	0	0	0	0	0	0	0	0	0	0	0	0	0	0	0	0	0	0	0	0	0	0	0	0	0	0	0	0	0	0	0	0	0	0	0	0	0	0	0	0	0	0	0	0	0	0	0	0	0	0	0	0	0	0	0	0	0	0	0	0	0	0	0	0	0	0	0	0	0	0	0	0	0	0
0	70	0	0	80	50	100	0	0	0	0	0	0	50	70	20	100	0	0	90	100	0	0	70	0	0	80	70	0	0	0	50	0	0	0	70	0	0	0	60	50	80	0	75	0	0	0	0	20	70	0	0	100	0	100	0	60	120	100	70	20	70	0	70	145	0	10	100	0	75	20	0	70	125	0
0	60	0	0	70	40	90	0	0	0	0	0	0	40	60	10	90	0	0	80	90	0	0	60	0	0	70	60	0	0	0	40	0	0	0	60	0	0	0	50	40	70	0	65	0	0	0	0	10	60	0	0	90	0	90	0	50	110	90	60	10	60	0	60	135	0	0	90	0	65	10	0	60	115	0
0	0	0	0	0	0	0	0	0	0	0	0	0	0	0	0	0	0	0	0	0	0	0	0	0	0	0	0	0	0	0	0	0	0	0	0	0	0	0	0	0	0	0	0	0	0	0	0	0	0	0	0	0	0	0	0	0	20	0	0	0	0	0	0	45	0	0	0	0	0	0	0	0	25	0
0	170	100	100	180	150	200	100	0	100	50	100	90	150	170	120	200	0	0	190	200	0	100	170	0	100	180	170	0	0	50	150	100	50	100	170	100	100	0	160	150	180	100	175	0	0	50	0	120	170	100	40	200	0	200	0	160	220	200	170	120	170	0	170	245	100	110	200	0	175	120	0	170	225	50
0	0	0	0	5	0	25	0	0	0	0	0	0	0	0	0	25	0	0	15	25	0	0	0	0	0	5	0	0	0	0	0	0	0	0	0	0	0	0	0	0	5	0	0	0	0	0	0	0	0	0	0	25	0	25	0	0	45	25	0	0	0	0	0	70	0	0	25	0	0	0	0	0	50	0
0	50	0	0	60	30	80	0	0	0	0	0	0	30	50	0	80	0	0	70	80	0	0	50	0	0	60	50	0	0	0	30	0	0	0	50	0	0	0	40	30	60	0	55	0	0	0	0	0	50	0	0	80	0	80	0	40	100	80	50	0	50	0	50	125	0	0	80	0	55	0	0	50	105	0
870	1040	970	970	1050	1020	1070	970	690	970	920	970	960	1020	1040	990	1070	870	690	1060	1070	820	970	1040	485	970	1050	1040	485	670	920	1020	970	920	970	1040	970	970	770	1030	1020	1050	970	1045	830	770	920	770	990	1040	970	910	1070	0	1070	670	1030	1090	1070	1040	990	1040	840	1040	1115	970	980	1070	870	1045	990	0	1040	1095	920
0	0	0	0	10	0	30	0	0	0	0	0	0	0	0	0	30	0	0	20	30	0	0	0	0	0	10	0	0	0	0	0	0	0	0	0	0	0	0	0	0	10	0	5	0	0	0	0	0	0	0	0	30	0	30	0	0	50	30	0	0	0	0	0	75	0	0	30	0	5	0	0	0	55	0
0	0	0	0	0	0	0	0	0	0	0	0	0	0	0	0	0	0	0	0	0	0	0	0	0	0	0	0	0	0	0	0	0	0	0	0	0	0	0	0	0	0	0	0	0	0	0	0	0	0	0	0	0	0	0	0	0	0	0	0	0	0	0	0	20	0	0	0	0	0	0	0	0	0	0
0	120	50	50	130	100	150	50	0	50	0	50	40	100	120	70	150	0	0	140	150	0	50	120	0	50	130	120	0	0	0	100	50	0	50	120	50	50	0	110	100	130	50	125	0	0	0	0	70	120	50	0	150	0	150	0	110	170	150	120	70	120	0	120	195	50	60	150	0	125	70	0	120	175	0