1690 1712 1752 1242 1802 1794 1839 1834 1805 1851 1711 1791 1802 1751 1821 1820 1813 1841 1846 1770 1736 1799 1756 1752 1770 1836 1830 1843 1646 1810 1850 1785 1838 1829 1813 1849 1737 1827 1763 1796 1852 1803 1796 1760 1785 1789 1848 1664 1849 1472 1816 1804 1741 1747 1830 1822 1845 1720 1824 1834 1812 1704 1787 1773 1849 1838 1753 1817 1650 1824 1809 1828 1751 1780 1767

85

57 55 52 94 48 49 45 45 48 44 55 49 48 52 47 47 47 45 44 51 53 48 52 52 51 45 46 45 61 47 44 49 45 46 47 44 53 46 51 49 44 48 49 51 49 49 44 59 44 75 47 48 53 53 46 46 45 55 46 45 47 56 49 50 44 45 52 47 60 46 47 46 52 50 51

14 42 31 13

33517

0	540	573	146	113	429	259	287	0	288	0	78	237	0	388	38	0	297	225	0	318	173	0	523	519	297	287	184	0	0	297	354	177	254	37	269	332	297	509	435	288	43	95	497	0	233	276	0	287	0	51	76	155	558	293	38	297	573	297	143	340	0	0	456	287	243	218	7	573	180	147	258	269	0	0
0	0	33	0	0	0	0	0	0	0	0	0	0	0	0	0	0	0	0	0	0	0	0	0	0	0	0	0	0	0	0	0	0	0	0	0	0	0	0	0	0	0	0	0	0	0	0	0	0	0	0	0	0	18	0	0	0	33	0	0	0	0	0	0	0	0	0	0	33	0	0	0	0	0	0
0	0	0	0	0	0	0	0	0	0	0	0	0	0	0	0	0	0	0	0	0	0	0	0	0	0	0	0	0	0	0	0	0	0	0	0	0	0	0	0	0	0	0	0	0	0	0	0	0	0	0	0	0	0	0	0	0	0	0	0	0	0	0	0	0	0	0	0	0	0	0	0	0	0	0
0	394	427	0	0	283	113	141	0	142	0	0	91	0	242	0	0	151	79	0	172	27	0	377	373	151	141	38	0	0	151	208	31	108	0	123	186	151	363	289	142	0	0	351	0	87	130	0	141	0	0	0	9	412	147	0	151	427	151	0	194	0	0	310	141	97	72	0	427	34	1	112	123	0	0
0	427	460	33	0	316	146	174	0	175	0	0	124	0	275	0	0	184	112	0	205	60	0	410	406	184	174	71	0	0	184	241	64	141	0	156	219	184	396	322	175	0	0	384	0	120	163	0	174	0	0	0	42	445	180	0	184	460	184	30	227	0	0	343	174	130	105	0	460	67	34	145	156	0	0
0	111	144	0	0	0	0	0	0	0	0	0	0	0	0	0	0	0	0	0	0	0	0	94	90	0	0	0	0	0	0	0	0	0	0	0	0	0	80	6	0	0	0	68	0	0	0	0	0	0	0	0	0	129	0	0	0	144	0	0	0	0	0	27	0	0	0	0	144	0	0	0	0	0	0
0	281	314	0	0	170	0	28	0	29	0	0	0	0	129	0	0	38	0	0	59	0	0	264	260	38	28	0	0	0	38	95	0	0	0	10	73	38	250	176	29	0	0	238	0	0	17	0	28	0	0	0	0	299	34	0	38	314	38	0	81	0	0	197	28	0	0	0	314	0	0	0	10	0	0
0	253	286	0	0	142	0	0	0	1	0	0	0	0	101	0	0	10	0	0	31	0	0	236	232	10	0	0	0	0	10	67	0	0	0	0	45	10	222	148	1	0	0	210	0	0	0	0	0	0	0	0	0	271	6	0	10	286	10	0	53	0	0	169	0	0	0	0	286	0	0	0	0	0	0
7	547	580	153	120	436	266	294	0	295	0	85	244	0	395	45	5	304	232	0	325	180	0	530	526	304	294	191	0	0	304	361	184	261	44	276	339	304	516	442	295	50	102	504	0	240	283	0	294	0	58	83	162	565	300	45	304	580	304	150	347	0	0	463	294	250	225	14	580	187	154	265	276	0	0
0	252	285	0	0	141	0	0	0	0	0	0	0	0	100	0	0	9	0	0	30	0	0	235	231	9	0	0	0	0	9	66	0	0	0	0	44	9	221	147	0	0	0	209	0	0	0	0	0	0	0	0	0	270	5	0	9	285	9	0	52	0	0	168	0	0	0	0	285	0	0	0	0	0	0
47	587	620	193	160	476	306	334	40	335	0	125	284	0	435	85	45	344	272	0	365	220	0	570	566	344	334	231	0	35	344	401	224	301	84	316	379	344	556	482	335	90	142	544	0	280	323	0	334	0	98	123	202	605	340	85	344	620	344	190	387	0	0	503	334	290	265	54	620	227	194	305	316	35	0
0	462	495	68	35	351	181	209	0	210	0	0	159	0	310	0	0	219	147	0	240	95	0	445	441	219	209	106	0	0	219	276	99	176	0	191	254	219	431	357	210	0	17	419	0	155	198	0	209	0	0	0	77	480	215	0	219	495	219	65	262	0	0	378	209	165	140	0	495	102	69	180	191	0	0
0	303	336	0	0	192	22	50	0	51	0	0	0	0	151	0	0	60	0	0	81	0	0	286	282	60	50	0	0	0	60	117	0	17	0	32	95	60	272	198	51	0	0	260	0	0	39	0	50	0	0	0	0	321	56	0	60	336	60	0	103	0	0	219	50	6	0	0	336	0	0	21	32	0	0
78	618	651	224	191	507	337	365	71	366	31	156	315	0	466	116	76	375	303	0	396	251	0	601	597	375	365	262	0	66	375	432	255	332	115	347	410	375	587	513	366	121	173	575	31	311	354	0	365	0	129	154	233	636	371	116	375	651	375	221	418	0	31	534	365	321	296	85	651	258	225	336	347	66	31
0	152	185	0	0	41	0	0	0	0	0	0	0	0	0	0	0	0	0	0	0	0	0	135	131	0	0	0	0	0	0	0	0	0	0	0	0	0	121	47	0	0	0	109	0	0	0	0	0	0	0	0	0	170	0	0	0	185	0	0	0	0	0	68	0	0	0	0	185	0	0	0	0	0	0
0	502	535	108	75	391	221	249	0	250	0	40	199	0	350	0	0	259	187	0	280	135	0	485	481	259	249	146	0	0	259	316	139	216	0	231	294	259	471	397	250	5	57	459	0	195	238	0	249	0	13	38	117	520	255	0	259	535	259	105	302	0	0	418	249	205	180	0	535	142	109	220	231	0	0
2	542	575	148	115	431	261	289	0	290	0	80	239	0	390	40	0	299	227	0	320	175	0	525	521	299	289	186	0	0	299	356	179	256	39	271	334	299	511	437	290	45	97	499	0	235	278	0	289	0	53	78	157	560	295	40	299	575	299	145	342	0	0	458	289	245	220	9	575	182	149	260	271	0	0
0	243	276	0	0	132	0	0	0	0	0	0	0	0	91	0	0	0	0	0	21	0	0	226	222	0	0	0	0	0	0	57	0	0	0	0	35	0	212	138	0	0	0	200	0	0	0	0	0	0	0	0	0	261	0	0	0	276	0	0	43	0	0	159	0	0	0	0	276	0	0	0	0	0	0
0	315	348	0	0	204	34	62	0	63	0	0	12	0	163	0	0	72	0	0	93	0	0	298	294	72	62	0	0	0	72	129	0	29	0	44	107	72	284	210	63	0	0	272	0	8	51	0	62	0	0	0	0	333	68	0	72	348	72	0	115	0	0	231	62	18	0	0	348	0	0	33	44	0	0
91	631	664	237	204	520	350	378	84	379	44	169	328	13	479	129	89	388	316	0	409	264	0	614	610	388	378	275	0	79	388	445	268	345	128	360	423	388	600	526	379	134	186	588	44	324	367	0	378	0	142	167	246	649	384	129	388	664	388	234	431	0	44	547	378	334	309	98	664	271	238	349	360	79	44
0	222	255	0	0	111	0	0	0	0	0	0	0	0	70	0	0	0	0	0	0	0	0	205	201	0	0	0	0	0	0	36	0	0	0	0	14	0	191	117	0	0	0	179	0	0	0	0	0	0	0	0	0	240	0	0	0	255	0	0	22	0	0	138	0	0	0	0	255	0	0	0	0	0	0
0	367	400	0	0	256	86	114	0	115	0	0	64	0	215	0	0	124	52	0	145	0	0	350	346	124	114	11	0	0	124	181	4	81	0	96	159	124	336	262	115	0	0	324	0	60	103	0	114	0	0	0	0	385	120	0	124	400	124	0	167	0	0	283	114	70	45	0	400	7	0	85	96	0	0
141	681	714	287	254	570	400	428	134	429	94	219	378	63	529	179	139	438	366	50	459	314	0	664	660	438	428	325	0	129	438	495	318	395	178	410	473	438	650	576	429	184	236	638	94	374	417	0	428	0	192	217	296	699	434	179	438	714	438	284	481	0	94	597	428	384	359	148	714	321	288	399	410	129	94
0	17	50	0	0	0	0	0	0	0	0	0	0	0	0	0	0	0	0	0	0	0	0	0	0	0	0	0	0	0	0	0	0	0	0	0	0	0	0	0	0	0	0	0	0	0	0	0	0	0	0	0	0	35	0	0	0	50	0	0	0	0	0	0	0	0	0	0	50	0	0	0	0	0	0
0	21	54	0	0	0	0	0	0	0	0	0	0	0	0	0	0	0	0	0	0	0	0	4	0	0	0	0	0	0	0	0	0	0	0	0	0	0	0	0	0	0	0	0	0	0	0	0	0	0	0	0	0	39	0	0	0	54	0	0	0	0	0	0	0	0	0	0	54	0	0	0	0	0	0
0	243	276	0	0	132	0	0	0	0	0	0	0	0	91	0	0	0	0	0	21	0	0	226	222	0	0	0	0	0	0	57	0	0	0	0	35	0	212	138	0	0	0	200	0	0	0	0	0	0	0	0	0	261	0	0	0	276	0	0	43	0	0	159	0	0	0	0	276	0	0	0	0	0	0
0	253	286	0	0	142	0	0	0	1	0	0	0	0	101	0	0	10	0	0	31	0	0	236	232	10	0	0	0	0	10	67	0	0	0	0	45	10	222	148	1	0	0	210	0	0	0	0	0	0	0	0	0	271	6	0	10	286	10	0	53	0	0	169	0	0	0	0	286	0	0	0	0	0	0
0	356	389	0	0	245	75	103	0	104	0	0	53	0	204	0	0	113	41	0	134	0	0	339	335	113	103	0	0	0	113	170	0	70	0	85	148	113	325	251	104	0	0	313	0	49	92	0	103	0	0	0	0	374	109	0	113	389	113	0	156	0	0	272	103	59	34	0	389	0	0	74	85	0	0
313	853	886	459	426	742	572	600	306	601	266	391	550	235	701	351	311	610	538	222	631	486	172	836	832	610	600	497	0	301	610	667	490	567	350	582	645	610	822	748	601	356	408	810	266	546	589	0	600	136	364	389	468	871	606	351	610	886	610	456	653	64	266	769	600	556	531	320	886	493	460	571	582	301	266
12	552	585	158	125	441	271	299	5	300	0	90	249	0	400	50	10	309	237	0	330	185	0	535	531	309	299	196	0	0	309	366	189	266	49	281	344	309	521	447	300	55	107	509	0	245	288	0	299	0	63	88	167	570	305	50	309	585	309	155	352	0	0	468	299	255	230	19	585	192	159	270	281	0	0
0	243	276	0	0	132	0	0	0	0	0	0	0	0	91	0	0	0	0	0	21	0	0	226	222	0	0	0	0	0	0	57	0	0	0	0	35	0	212	138	0	0	0	200	0	0	0	0	0	0	0	0	0	261	0	0	0	276	0	0	43	0	0	159	0	0	0	0	276	0	0	0	0	0	0
0	186	219	0	0	75	0	0	0	0	0	0	0	0	34	0	0	0	0	0	0	0	0	169	165	0	0	0	0	0	0	0	0	0	0	0	0	0	155	81	0	0	0	143	0	0	0	0	0	0	0	0	0	204	0	0	0	219	0	0	0	0	0	102	0	0	0	0	219	0	0	0	0	0	0
0	363	396	0	0	252	82	110	0	111	0	0	60	0	211	0	0	120	48	0	141	0	0	346	342	120	110	7	0	0	120	177	0	77	0	92	155	120	332	258	111	0	0	320	0	56	99	0	110	0	0	0	0	381	116	0	120	396	120	0	163	0	0	279	110	66	41	0	396	3	0	81	92	0	0
0	286	319	0	0	175	5	33	0	34	0	0	0	0	134	0	0	43	0	0	64	0	0	269	265	43	33	0	0	0	43	100	0	0	0	15	78	43	255	181	34	0	0	243	0	0	22	0	33	0	0	0	0	304	39	0	43	319	43	0	86	0	0	202	33	0	0	0	319	0	0	4	15	0	0
0	503	536	109	76	392	222	250	0	251	0	41	200	0	351	1	0	260	188	0	281	136	0	486	482	260	250	147	0	0	260	317	140	217	0	232	295	260	472	398	251	6	58	460	0	196	239	0	250	0	14	39	118	521	256	1	260	536	260	106	303	0	0	419	250	206	181	0	536	143	110	221	232	0	0
0	271	304	0	0	160	0	18	0	19	0	0	0	0	119	0	0	28	0	0	49	0	0	254	250	28	18	0	0	0	28	85	0	0	0	0	63	28	240	166	19	0	0	228	0	0	7	0	18	0	0	0	0	289	24	0	28	304	28	0	71	0	0	187	18	0	0	0	304	0	0	0	0	0	0
0	208	241	0	0	97	0	0	0	0	0	0	0	0	56	0	0	0	0	0	0	0	0	191	187	0	0	0	0	0	0	22	0	0	0	0	0	0	177	103	0	0	0	165	0	0	0	0	0	0	0	0	0	226	0	0	0	241	0	0	8	0	0	124	0	0	0	0	241	0	0	0	0	0	0
0	243	276	0	0	132	0	0	0	0	0	0	0	0	91	0	0	0	0	0	21	0	0	226	222	0	0	0	0	0	0	57	0	0	0	0	35	0	212	138	0	0	0	200	0	0	0	0	0	0	0	0	0	261	0	0	0	276	0	0	43	0	0	159	0	0	0	0	276	0	0	0	0	0	0
0	31	64	0	0	0	0	0	0	0	0	0	0	0	0	0	0	0	0	0	0	0	0	14	10	0	0	0	0	0	0	0	0	0	0	0	0	0	0	0	0	0	0	0	0	0	0	0	0	0	0	0	0	49	0	0	0	64	0	0	0	0	0	0	0	0	0	0	64	0	0	0	0	0	0
0	105	138	0	0	0	0	0	0	0	0	0	0	0	0	0	0	0	0	0	0	0	0	88	84	0	0	0	0	0	0	0	0	0	0	0	0	0	74	0	0	0	0	62	0	0	0	0	0	0	0	0	0	123	0	0	0	138	0	0	0	0	0	21	0	0	0	0	138	0	0	0	0	0	0
0	252	285	0	0	141	0	0	0	0	0	0	0	0	100	0	0	9	0	0	30	0	0	235	231	9	0	0	0	0	9	66	0	0	0	0	44	9	221	147	0	0	0	209	0	0	0	0	0	0	0	0	0	270	5	0	9	285	9	0	52	0	0	168	0	0	0	0	285	0	0	0	0	0	0
0	497	530	103	70	386	216	244	0	245	0	35	194	0	345	0	0	254	182	0	275	130	0	480	476	254	244	141	0	0	254	311	134	211	0	226	289	254	466	392	245	0	52	454	0	190	233	0	244	0	8	33	112	515	250	0	254	530	254	100	297	0	0	413	244	200	175	0	530	137	104	215	226	0	0
0	445	478	51	18	334	164	192	0	193	0	0	142	0	293	0	0	202	130	0	223	78	0	428	424	202	192	89	0	0	202	259	82	159	0	174	237	202	414	340	193	0	0	402	0	138	181	0	192	0	0	0	60	463	198	0	202	478	202	48	245	0	0	361	192	148	123	0	478	85	52	163	174	0	0
0	43	76	0	0	0	0	0	0	0	0	0	0	0	0	0	0	0	0	0	0	0	0	26	22	0	0	0	0	0	0	0	0	0	0	0	0	0	12	0	0	0	0	0	0	0	0	0	0	0	0	0	0	61	0	0	0	76	0	0	0	0	0	0	0	0	0	0	76	0	0	0	0	0	0
47	587	620	193	160	476	306	334	40	335	0	125	284	0	435	85	45	344	272	0	365	220	0	570	566	344	334	231	0	35	344	401	224	301	84	316	379	344	556	482	335	90	142	544	0	280	323	0	334	0	98	123	202	605	340	85	344	620	344	190	387	0	0	503	334	290	265	54	620	227	194	305	316	35	0
0	307	340	0	0	196	26	54	0	55	0	0	4	0	155	0	0	64	0	0	85	0	0	290	286	64	54	0	0	0	64	121	0	21	0	36	99	64	276	202	55	0	0	264	0	0	43	0	54	0	0	0	0	325	60	0	64	340	64	0	107	0	0	223	54	10	0	0	340	0	0	25	36	0	0
0	264	297	0	0	153	0	11	0	12	0	0	0	0	112	0	0	21	0	0	42	0	0	247	243	21	11	0	0	0	21	78	0	0	0	0	56	21	233	159	12	0	0	221	0	0	0	0	11	0	0	0	0	282	17	0	21	297	21	0	64	0	0	180	11	0	0	0	297	0	0	0	0	0	0
313	853	886	459	426	742	572	600	306	601	266	391	550	235	701	351	311	610	538	222	631	486	172	836	832	610	600	497	0	301	610	667	490	567	350	582	645	610	822	748	601	356	408	810	266	546	589	0	600	136	364	389	468	871	606	351	610	886	610	456	653	64	266	769	600	556	531	320	886	493	460	571	582	301	266
0	253	286	0	0	142	0	0	0	1	0	0	0	0	101	0	0	10	0	0	31	0	0	236	232	10	0	0	0	0	10	67	0	0	0	0	45	10	222	148	1	0	0	210	0	0	0	0	0	0	0	0	0	271	6	0	10	286	10	0	53	0	0	169	0	0	0	0	286	0	0	0	0	0	0
177	717	750	323	290	606	436	464	170	465	130	255	414	99	565	215	175	474	402	86	495	350	36	700	696	474	464	361	0	165	474	531	354	431	214	446	509	474	686	612	465	220	272	674	130	410	453	0	464	0	228	253	332	735	470	215	474	750	474	320	517	0	130	633	464	420	395	184	750	357	324	435	446	165	130
0	489	522	95	62	378	208	236	0	237	0	27	186	0	337	0	0	246	174	0	267	122	0	472	468	246	236	133	0	0	246	303	126	203	0	218	281	246	458	384	237	0	44	446	0	182	225	0	236	0	0	25	104	507	242	0	246	522	246	92	289	0	0	405	236	192	167	0	522	129	96	207	218	0	0
0	464	497	70	37	353	183	211	0	212	0	2	161	0	312	0	0	221	149	0	242	97	0	447	443	221	211	108	0	0	221	278	101	178	0	193	256	221	433	359	212	0	19	421	0	157	200	0	211	0	0	0	79	482	217	0	221	497	221	67	264	0	0	380	211	167	142	0	497	104	71	182	193	0	0
0	385	418	0	0	274	104	132	0	133	0	0	82	0	233	0	0	142	70	0	163	18	0	368	364	142	132	29	0	0	142	199	22	99	0	114	177	142	354	280	133	0	0	342	0	78	121	0	132	0	0	0	0	403	138	0	142	418	142	0	185	0	0	301	132	88	63	0	418	25	0	103	114	0	0
0	0	15	0	0	0	0	0	0	0	0	0	0	0	0	0	0	0	0	0	0	0	0	0	0	0	0	0	0	0	0	0	0	0	0	0	0	0	0	0	0	0	0	0	0	0	0	0	0	0	0	0	0	0	0	0	0	15	0	0	0	0	0	0	0	0	0	0	15	0	0	0	0	0	0
0	247	280	0	0	136	0	0	0	0	0	0	0	0	95	0	0	4	0	0	25	0	0	230	226	4	0	0	0	0	4	61	0	0	0	0	39	4	216	142	0	0	0	204	0	0	0	0	0	0	0	0	0	265	0	0	4	280	4	0	47	0	0	163	0	0	0	0	280	0	0	0	0	0	0
0	502	535	108	75	391	221	249	0	250	0	40	199	0	350	0	0	259	187	0	280	135	0	485	481	259	249	146	0	0	259	316	139	216	0	231	294	259	471	397	250	5	57	459	0	195	238	0	249	0	13	38	117	520	255	0	259	535	259	105	302	0	0	418	249	205	180	0	535	142	109	220	231	0	0
0	243	276	0	0	132	0	0	0	0	0	0	0	0	91	0	0	0	0	0	21	0	0	226	222	0	0	0	0	0	0	57	0	0	0	0	35	0	212	138	0	0	0	200	0	0	0	0	0	0	0	0	0	261	0	0	0	276	0	0	43	0	0	159	0	0	0	0	276	0	0	0	0	0	0
0	0	0	0	0	0	0	0	0	0	0	0	0	0	0	0	0	0	0	0	0	0	0	0	0	0	0	0	0	0	0	0	0	0	0	0	0	0	0	0	0	0	0	0	0	0	0	0	0	0	0	0	0	0	0	0	0	0	0	0	0	0	0	0	0	0	0	0	0	0	0	0	0	0	0
0	243	276	0	0	132	0	0	0	0	0	0	0	0	91	0	0	0	0	0	21	0	0	226	222	0	0	0	0	0	0	57	0	0	0	0	35	0	212	138	0	0	0	200	0	0	0	0	0	0	0	0	0	261	0	0	0	276	0	0	43	0	0	159	0	0	0	0	276	0	0	0	0	0	0
0	397	430	3	0	286	116	144	0	145	0	0	94	0	245	0	0	154	82	0	175	30	0	380	376	154	144	41	0	0	154	211	34	111	0	126	189	154	366	292	145	0	0	354	0	90	133	0	144	0	0	0	12	415	150	0	154	430	154	0	197	0	0	313	144	100	75	0	430	37	4	115	126	0	0
0	200	233	0	0	89	0	0	0	0	0	0	0	0	48	0	0	0	0	0	0	0	0	183	179	0	0	0	0	0	0	14	0	0	0	0	0	0	169	95	0	0	0	157	0	0	0	0	0	0	0	0	0	218	0	0	0	233	0	0	0	0	0	116	0	0	0	0	233	0	0	0	0	0	0
249	789	822	395	362	678	508	536	242	537	202	327	486	171	637	287	247	546	474	158	567	422	108	772	768	546	536	433	0	237	546	603	426	503	286	518	581	546	758	684	537	292	344	746	202	482	525	0	536	72	300	325	404	807	542	287	546	822	546	392	589	0	202	705	536	492	467	256	822	429	396	507	518	237	202
47	587	620	193	160	476	306	334	40	335	0	125	284	0	435	85	45	344	272	0	365	220	0	570	566	344	334	231	0	35	344	401	224	301	84	316	379	344	556	482	335	90	142	544	0	280	323	0	334	0	98	123	202	605	340	85	344	620	344	190	387	0	0	503	334	290	265	54	620	227	194	305	316	35	0
0	84	117	0	0	0	0	0	0	0	0	0	0	0	0	0	0	0	0	0	0	0	0	67	63	0	0	0	0	0	0	0	0	0	0	0	0	0	53	0	0	0	0	41	0	0	0	0	0	0	0	0	0	102	0	0	0	117	0	0	0	0	0	0	0	0	0	0	117	0	0	0	0	0	0
0	253	286	0	0	142	0	0	0	1	0	0	0	0	101	0	0	10	0	0	31	0	0	236	232	10	0	0	0	0	10	67	0	0	0	0	45	10	222	148	1	0	0	210	0	0	0	0	0	0	0	0	0	271	6	0	10	286	10	0	53	0	0	169	0	0	0	0	286	0	0	0	0	0	0
0	297	330	0	0	186	16	44	0	45	0	0	0	0	145	0	0	54	0	0	75	0	0	280	276	54	44	0	0	0	54	111	0	11	0	26	89	54	266	192	45	0	0	254	0	0	33	0	44	0	0	0	0	315	50	0	54	330	54	0	97	0	0	213	44	0	0	0	330	0	0	15	26	0	0
0	322	355	0	0	211	41	69	0	70	0	0	19	0	170	0	0	79	7	0	100	0	0	305	301	79	69	0	0	0	79	136	0	36	0	51	114	79	291	217	70	0	0	279	0	15	58	0	69	0	0	0	0	340	75	0	79	355	79	0	122	0	0	238	69	25	0	0	355	0	0	40	51	0	0
0	533	566	139	106	422	252	280	0	281	0	71	230	0	381	31	0	290	218	0	311	166	0	516	512	290	280	177	0	0	290	347	170	247	30	262	325	290	502	428	281	36	88	490	0	226	269	0	280	0	44	69	148	551	286	31	290	566	290	136	333	0	0	449	280	236	211	0	566	173	140	251	262	0	0
0	0	0	0	0	0	0	0	0	0	0	0	0	0	0	0	0	0	0	0	0	0	0	0	0	0	0	0	0	0	0	0	0	0	0	0	0	0	0	0	0	0	0	0	0	0	0	0	0	0	0	0	0	0	0	0	0	0	0	0	0	0	0	0	0	0	0	0	0	0	0	0	0	0	0
0	360	393	0	0	249	79	107	0	108	0	0	57	0	208	0	0	117	45	0	138	0	0	343	339	117	107	4	0	0	117	174	0	74	0	89	152	117	329	255	108	0	0	317	0	53	96	0	107	0	0	0	0	378	113	0	117	393	117	0	160	0	0	276	107	63	38	0	393	0	0	78	89	0	0
0	393	426	0	0	282	112	140	0	141	0	0	90	0	241	0	0	150	78	0	171	26	0	376	372	150	140	37	0	0	150	207	30	107	0	122	185	150	362	288	141	0	0	350	0	86	129	0	140	0	0	0	8	411	146	0	150	426	150	0	193	0	0	309	140	96	71	0	426	33	0	111	122	0	0
0	282	315	0	0	171	1	29	0	30	0	0	0	0	130	0	0	39	0	0	60	0	0	265	261	39	29	0	0	0	39	96	0	0	0	11	74	39	251	177	30	0	0	239	0	0	18	0	29	0	0	0	0	300	35	0	39	315	39	0	82	0	0	198	29	0	0	0	315	0	0	0	11	0	0
0	271	304	0	0	160	0	18	0	19	0	0	0	0	119	0	0	28	0	0	49	0	0	254	250	28	18	0	0	0	28	85	0	0	0	0	63	28	240	166	19	0	0	228	0	0	7	0	18	0	0	0	0	289	24	0	28	304	28	0	71	0	0	187	18	0	0	0	304	0	0	0	0	0	0
12	552	585	158	125	441	271	299	5	300	0	90	249	0	400	50	10	309	237	0	330	185	0	535	531	309	299	196	0	0	309	366	189	266	49	281	344	309	521	447	300	55	107	509	0	245	288	0	299	0	63	88	167	570	305	50	309	585	309	155	352	0	0	468	299	255	230	19	585	192	159	270	281	0	0
47	587	620	193	160	476	306	334	40	335	0	125	284	0	435	85	45	344	272	0	365	220	0	570	566	344	334	231	0	35	344	401	224	301	84	316	379	344	556	482	335	90	142	544	0	280	323	0	334	0	98	123	202	605	340	85	344	620	344	190	387	0	0	503	334	290	265	54	620	227	194	305	316	35	0

0	0	0	0	0	0	0	0	7	0	47	0	0	78	0	0	2	0	0	91	0	0	141	0	0	0	0	0	313	12	0	0	0	0	0	0	0	0	0	0	0	0	0	0	47	0	0	313	0	177	0	0	0	0	0	0	0	0	0	0	0	249	47	0	0	0	0	0	0	0	0	0	0	12	47
540	0	0	394	427	111	281	253	547	252	587	462	303	618	152	502	542	243	315	631	222	367	681	17	21	243	253	356	853	552	243	186	363	286	503	271	208	243	31	105	252	497	445	43	587	307	264	853	253	717	489	464	385	0	247	502	243	0	243	397	200	789	587	84	253	297	322	533	0	360	393	282	271	552	587
573	33	0	427	460	144	314	286	580	285	620	495	336	651	185	535	575	276	348	664	255	400	714	50	54	276	286	389	886	585	276	219	396	319	536	304	241	276	64	138	285	530	478	76	620	340	297	886	286	750	522	497	418	15	280	535	276	0	276	430	233	822	620	117	286	330	355	566	0	393	426	315	304	585	620
146	0	0	0	33	0	0	0	153	0	193	68	0	224	0	108	148	0	0	237	0	0	287	0	0	0	0	0	459	158	0	0	0	0	109	0	0	0	0	0	0	103	51	0	193	0	0	459	0	323	95	70	0	0	0	108	0	0	0	3	0	395	193	0	0	0	0	139	0	0	0	0	0	158	193
113	0	0	0	0	0	0	0	120	0	160	35	0	191	0	75	115	0	0	204	0	0	254	0	0	0	0	0	426	125	0	0	0	0	76	0	0	0	0	0	0	70	18	0	160	0	0	426	0	290	62	37	0	0	0	75	0	0	0	0	0	362	160	0	0	0	0	106	0	0	0	0	0	125	160
429	0	0	283	316	0	170	142	436	141	476	351	192	507	41	391	431	132	204	520	111	256	570	0	0	132	142	245	742	441	132	75	252	175	392	160	97	132	0	0	141	386	334	0	476	196	153	742	142	606	378	353	274	0	136	391	132	0	132	286	89	678	476	0	142	186	211	422	0	249	282	171	160	441	476
259	0	0	113	146	0	0	0	266	0	306	181	22	337	0	221	261	0	34	350	0	86	400	0	0	0	0	75	572	271	0	0	82	5	222	0	0	0	0	0	0	216	164	0	306	26	0	572	0	436	208	183	104	0	0	221	0	0	0	116	0	508	306	0	0	16	41	252	0	79	112	1	0	271	306
287	0	0	141	174	0	28	0	294	0	334	209	50	365	0	249	289	0	62	378	0	114	428	0	0	0	0	103	600	299	0	0	110	33	250	18	0	0	0	0	0	244	192	0	334	54	11	600	0	464	236	211	132	0	0	249	0	0	0	144	0	536	334	0	0	44	69	280	0	107	140	29	18	299	334
0	0	0	0	0	0	0	0	0	0	40	0	0	71	0	0	0	0	0	84	0	0	134	0	0	0	0	0	306	5	0	0	0	0	0	0	0	0	0	0	0	0	0	0	40	0	0	306	0	170	0	0	0	0	0	0	0	0	0	0	0	242	40	0	0	0	0	0	0	0	0	0	0	5	40
288	0	0	142	175	0	29	1	295	0	335	210	51	366	0	250	290	0	63	379	0	115	429	0	0	0	1	104	601	300	0	0	111	34	251	19	0	0	0	0	0	245	193	0	335	55	12	601	1	465	237	212	133	0	0	250	0	0	0	145	0	537	335	0	1	45	70	281	0	108	141	30	19	300	335
0	0	0	0	0	0	0	0	0	0	0	0	0	31	0	0	0	0	0	44	0	0	94	0	0	0	0	0	266	0	0	0	0	0	0	0	0	0	0	0	0	0	0	0	0	0	0	266	0	130	0	0	0	0	0	0	0	0	0	0	0	202	0	0	0	0	0	0	0	0	0	0	0	0	0
78	0	0	0	0	0	0	0	85	0	125	0	0	156	0	40	80	0	0	169	0	0	219	0	0	0	0	0	391	90	0	0	0	0	41	0	0	0	0	0	0	35	0	0	125	0	0	391	0	255	27	2	0	0	0	40	0	0	0	0	0	327	125	0	0	0	0	71	0	0	0	0	0	90	125
237	0	0	91	124	0	0	0	244	0	284	159	0	315	0	199	239	0	12	328	0	64	378	0	0	0	0	53	550	249	0	0	60	0	200	0	0	0	0	0	0	194	142	0	284	4	0	550	0	414	186	161	82	0	0	199	0	0	0	94	0	486	284	0	0	0	19	230	0	57	90	0	0	249	284
0	0	0	0	0	0	0	0	0	0	0	0	0	0	0	0	0	0	0	13	0	0	63	0	0	0	0	0	235	0	0	0	0	0	0	0	0	0	0	0	0	0	0	0	0	0	0	235	0	99	0	0	0	0	0	0	0	0	0	0	0	171	0	0	0	0	0	0	0	0	0	0	0	0	0
388	0	0	242	275	0	129	101	395	100	435	310	151	466	0	350	390	91	163	479	70	215	529	0	0	91	101	204	701	400	91	34	211	134	351	119	56	91	0	0	100	345	293	0	435	155	112	701	101	565	337	312	233	0	95	350	91	0	91	245	48	637	435	0	101	145	170	381	0	208	241	130	119	400	435
38	0	0	0	0	0	0	0	45	0	85	0	0	116	0	0	40	0	0	129	0	0	179	0	0	0	0	0	351	50	0	0	0	0	1	0	0	0	0	0	0	0	0	0	85	0	0	351	0	215	0	0	0	0	0	0	0	0	0	0	0	287	85	0	0	0	0	31	0	0	0	0	0	50	85
0	0	0	0	0	0	0	0	5	0	45	0	0	76	0	0	0	0	0	89	0	0	139	0	0	0	0	0	311	10	0	0	0	0	0	0	0	0	0	0	0	0	0	0	45	0	0	311	0	175	0	0	0	0	0	0	0	0	0	0	0	247	45	0	0	0	0	0	0	0	0	0	0	10	45
297	0	0	151	184	0	38	10	304	9	344	219	60	375	0	259	299	0	72	388	0	124	438	0	0	0	10	113	610	309	0	0	120	43	260	28	0	0	0	0	9	254	202	0	344	64	21	610	10	474	246	221	142	0	4	259	0	0	0	154	0	546	344	0	10	54	79	290	0	117	150	39	28	309	344
225	0	0	79	112	0	0	0	232	0	272	147	0	303	0	187	227	0	0	316	0	52	366	0	0	0	0	41	538	237	0	0	48	0	188	0	0	0	0	0	0	182	130	0	272	0	0	538	0	402	174	149	70	0	0	187	0	0	0	82	0	474	272	0	0	0	7	218	0	45	78	0	0	237	272
0	0	0	0	0	0	0	0	0	0	0	0	0	0	0	0	0	0	0	0	0	0	50	0	0	0	0	0	222	0	0	0	0	0	0	0	0	0	0	0	0	0	0	0	0	0	0	222	0	86	0	0	0	0	0	0	0	0	0	0	0	158	0	0	0	0	0	0	0	0	0	0	0	0	0
318	0	0	172	205	0	59	31	325	30	365	240	81	396	0	280	320	21	93	409	0	145	459	0	0	21	31	134	631	330	21	0	141	64	281	49	0	21	0	0	30	275	223	0	365	85	42	631	31	495	267	242	163	0	25	280	21	0	21	175	0	567	365	0	31	75	100	311	0	138	171	60	49	330	365
173	0	0	27	60	0	0	0	180	0	220	95	0	251	0	135	175	0	0	264	0	0	314	0	0	0	0	0	486	185	0	0	0	0	136	0	0	0	0	0	0	130	78	0	220	0	0	486	0	350	122	97	18	0	0	135	0	0	0	30	0	422	220	0	0	0	0	166	0	0	26	0	0	185	220
0	0	0	0	0	0	0	0	0	0	0	0	0	0	0	0	0	0	0	0	0	0	0	0	0	0	0	0	172	0	0	0	0	0	0	0	0	0	0	0	0	0	0	0	0	0	0	172	0	36	0	0	0	0	0	0	0	0	0	0	0	108	0	0	0	0	0	0	0	0	0	0	0	0	0
523	0	0	377	410	94	264	236	530	235	570	445	286	601	135	485	525	226	298	614	205	350	664	0	4	226	236	339	836	535	226	169	346	269	486	254	191	226	14	88	235	480	428	26	570	290	247	836	236	700	472	447	368	0	230	485	226	0	226	380	183	772	570	67	236	280	305	516	0	343	376	265	254	535	570
519	0	0	373	406	90	260	232	526	231	566	441	282	597	131	481	521	222	294	610	201	346	660	0	0	222	232	335	832	531	222	165	342	265	482	250	187	222	10	84	231	476	424	22	566	286	243	832	232	696	468	443	364	0	226	481	222	0	222	376	179	768	566	63	232	276	301	512	0	339	372	261	250	531	566
297	0	0	151	184	0	38	10	304	9	344	219	60	375	0	259	299	0	72	388	0	124	438	0	0	0	10	113	610	309	0	0	120	43	260	28	0	0	0	0	9	254	202	0	344	64	21	610	10	474	246	221	142	0	4	259	0	0	0	154	0	546	344	0	10	54	79	290	0	117	150	39	28	309	344
287	0	0	141	174	0	28	0	294	0	334	209	50	365	0	249	289	0	62	378	0	114	428	0	0	0	0	103	600	299	0	0	110	33	250	18	0	0	0	0	0	244	192	0	334	54	11	600	0	464	236	211	132	0	0	249	0	0	0	144	0	536	334	0	0	44	69	280	0	107	140	29	18	299	334
184	0	0	38	71	0	0	0	191	0	231	106	0	262	0	146	186	0	0	275	0	11	325	0	0	0	0	0	497	196	0	0	7	0	147	0	0	0	0	0	0	141	89	0	231	0	0	497	0	361	133	108	29	0	0	146	0	0	0	41	0	433	231	0	0	0	0	177	0	4	37	0	0	196	231
0	0	0	0	0	0	0	0	0	0	0	0	0	0	0	0	0	0	0	0	0	0	0	0	0	0	0	0	0	0	0	0	0	0	0	0	0	0	0	0	0	0	0	0	0	0	0	0	0	0	0	0	0	0	0	0	0	0	0	0	0	0	0	0	0	0	0	0	0	0	0	0	0	0	0
0	0	0	0	0	0	0	0	0	0	35	0	0	66	0	0	0	0	0	79	0	0	129	0	0	0	0	0	301	0	0	0	0	0	0	0	0	0	0	0	0	0	0	0	35	0	0	301	0	165	0	0	0	0	0	0	0	0	0	0	0	237	35	0	0	0	0	0	0	0	0	0	0	0	35
297	0	0	151	184	0	38	10	304	9	344	219	60	375	0	259	299	0	72	388	0	124	438	0	0	0	10	113	610	309	0	0	120	43	260	28	0	0	0	0	9	254	202	0	344	64	21	610	10	474	246	221	142	0	4	259	0	0	0	154	0	546	344	0	10	54	79	290	0	117	150	39	28	309	344
354	0	0	208	241	0	95	67	361	66	401	276	117	432	0	316	356	57	129	445	36	181	495	0	0	57	67	170	667	366	57	0	177	100	317	85	22	57	0	0	66	311	259	0	401	121	78	667	67	531	303	278	199	0	61	316	57	0	57	211	14	603	401	0	67	111	136	347	0	174	207	96	85	366	401
177	0	0	31	64	0	0	0	184	0	224	99	0	255	0	139	179	0	0	268	0	4	318	0	0	0	0	0	490	189	0	0	0	0	140	0	0	0	0	0	0	134	82	0	224	0	0	490	0	354	126	101	22	0	0	139	0	0	0	34	0	426	224	0	0	0	0	170	0	0	30	0	0	189	224
254	0	0	108	141	0	0	0	261	0	301	176	17	332	0	216	256	0	29	345	0	81	395	0	0	0	0	70	567	266	0	0	77	0	217	0	0	0	0	0	0	211	159	0	301	21	0	567	0	431	203	178	99	0	0	216	0	0	0	111	0	503	301	0	0	11	36	247	0	74	107	0	0	266	301
37	0	0	0	0	0	0	0	44	0	84	0	0	115	0	0	39	0	0	128	0	0	178	0	0	0	0	0	350	49	0	0	0	0	0	0	0	0	0	0	0	0	0	0	84	0	0	350	0	214	0	0	0	0	0	0	0	0	0	0	0	286	84	0	0	0	0	30	0	0	0	0	0	49	84
269	0	0	123	156	0	10	0	276	0	316	191	32	347	0	231	271	0	44	360	0	96	410	0	0	0	0	85	582	281	0	0	92	15	232	0	0	0	0	0	0	226	174	0	316	36	0	582	0	446	218	193	114	0	0	231	0	0	0	126	0	518	316	0	0	26	51	262	0	89	122	11	0	281	316
332	0	0	186	219	0	73	45	339	44	379	254	95	410	0	294	334	35	107	423	14	159	473	0	0	35	45	148	645	344	35	0	155	78	295	63	0	35	0	0	44	289	237	0	379	99	56	645	45	509	281	256	177	0	39	294	35	0	35	189	0	581	379	0	45	89	114	325	0	152	185	74	63	344	379
297	0	0	151	184	0	38	10	304	9	344	219	60	375	0	259	299	0	72	388	0	124	438	0	0	0	10	113	610	309	0	0	120	43	260	28	0	0	0	0	9	254	202	0	344	64	21	610	10	474	246	221	142	0	4	259	0	0	0	154	0	546	344	0	10	54	79	290	0	117	150	39	28	309	344
509	0	0	363	396	80	250	222	516	221	556	431	272	587	121	471	511	212	284	600	191	336	650	0	0	212	222	325	822	521	212	155	332	255	472	240	177	212	0	74	221	466	414	12	556	276	233	822	222	686	458	433	354	0	216	471	212	0	212	366	169	758	556	53	222	266	291	502	0	329	362	251	240	521	556
435	0	0	289	322	6	176	148	442	147	482	357	198	513	47	397	437	138	210	526	117	262	576	0	0	138	148	251	748	447	138	81	258	181	398	166	103	138	0	0	147	392	340	0	482	202	159	748	148	612	384	359	280	0	142	397	138	0	138	292	95	684	482	0	148	192	217	428	0	255	288	177	166	447	482
288	0	0	142	175	0	29	1	295	0	335	210	51	366	0	250	290	0	63	379	0	115	429	0	0	0	1	104	601	300	0	0	111	34	251	19	0	0	0	0	0	245	193	0	335	55	12	601	1	465	237	212	133	0	0	250	0	0	0	145	0	537	335	0	1	45	70	281	0	108	141	30	19	300	335
43	0	0	0	0	0	0	0	50	0	90	0	0	121	0	5	45	0	0	134	0	0	184	0	0	0	0	0	356	55	0	0	0	0	6	0	0	0	0	0	0	0	0	0	90	0	0	356	0	220	0	0	0	0	0	5	0	0	0	0	0	292	90	0	0	0	0	36	0	0	0	0	0	55	90
95	0	0	0	0	0	0	0	102	0	142	17	0	173	0	57	97	0	0	186	0	0	236	0	0	0	0	0	408	107	0	0	0	0	58	0	0	0	0	0	0	52	0	0	142	0	0	408	0	272	44	19	0	0	0	57	0	0	0	0	0	344	142	0	0	0	0	88	0	0	0	0	0	107	142
497	0	0	351	384	68	238	210	504	209	544	419	260	575	109	459	499	200	272	588	179	324	638	0	0	200	210	313	810	509	200	143	320	243	460	228	165	200	0	62	209	454	402	0	544	264	221	810	210	674	446	421	342	0	204	459	200	0	200	354	157	746	544	41	210	254	279	490	0	317	350	239	228	509	544
0	0	0	0	0	0	0	0	0	0	0	0	0	31	0	0	0	0	0	44	0	0	94	0	0	0	0	0	266	0	0	0	0	0	0	0	0	0	0	0	0	0	0	0	0	0	0	266	0	130	0	0	0	0	0	0	0	0	0	0	0	202	0	0	0	0	0	0	0	0	0	0	0	0	0
233	0	0	87	120	0	0	0	240	0	280	155	0	311	0	195	235	0	8	324	0	60	374	0	0	0	0	49	546	245	0	0	56	0	196	0	0	0	0	0	0	190	138	0	280	0	0	546	0	410	182	157	78	0	0	195	0	0	0	90	0	482	280	0	0	0	15	226	0	53	86	0	0	245	280
276	0	0	130	163	0	17	0	283	0	323	198	39	354	0	238	278	0	51	367	0	103	417	0	0	0	0	92	589	288	0	0	99	22	239	7	0	0	0	0	0	233	181	0	323	43	0	589	0	453	225	200	121	0	0	238	0	0	0	133	0	525	323	0	0	33	58	269	0	96	129	18	7	288	323
0	0	0	0	0	0	0	0	0	0	0	0	0	0	0	0	0	0	0	0	0	0	0	0	0	0	0	0	0	0	0	0	0	0	0	0	0	0	0	0	0	0	0	0	0	0	0	0	0	0	0	0	0	0	0	0	0	0	0	0	0	0	0	0	0	0	0	0	0	0	0	0	0	0	0
287	0	0	141	174	0	28	0	294	0	334	209	50	365	0	249	289	0	62	378	0	114	428	0	0	0	0	103	600	299	0	0	110	33	250	18	0	0	0	0	0	244	192	0	334	54	11	600	0	464	236	211	132	0	0	249	0	0	0	144	0	536	334	0	0	44	69	280	0	107	140	29	18	299	334
0	0	0	0	0	0	0	0	0	0	0	0	0	0	0	0	0	0	0	0	0	0	0	0	0	0	0	0	136	0	0	0	0	0	0	0	0	0	0	0	0	0	0	0	0	0	0	136	0	0	0	0	0	0	0	0	0	0	0	0	0	72	0	0	0	0	0	0	0	0	0	0	0	0	0
51	0	0	0	0	0	0	0	58	0	98	0	0	129	0	13	53	0	0	142	0	0	192	0	0	0	0	0	364	63	0	0	0	0	14	0	0	0	0	0	0	8	0	0	98	0	0	364	0	228	0	0	0	0	0	13	0	0	0	0	0	300	98	0	0	0	0	44	0	0	0	0	0	63	98
76	0	0	0	0	0	0	0	83	0	123	0	0	154	0	38	78	0	0	167	0	0	217	0	0	0	0	0	389	88	0	0	0	0	39	0	0	0	0	0	0	33	0	0	123	0	0	389	0	253	25	0	0	0	0	38	0	0	0	0	0	325	123	0	0	0	0	69	0	0	0	0	0	88	123
155	0	0	9	42	0	0	0	162	0	202	77	0	233	0	117	157	0	0	246	0	0	296	0	0	0	0	0	468	167	0	0	0	0	118	0	0	0	0	0	0	112	60	0	202	0	0	468	0	332	104	79	0	0	0	117	0	0	0	12	0	404	202	0	0	0	0	148	0	0	8	0	0	167	202
558	18	0	412	445	129	299	271	565	270	605	480	321	636	170	520	560	261	333	649	240	385	699	35	39	261	271	374	871	570	261	204	381	304	521	289	226	261	49	123	270	515	463	61	605	325	282	871	271	735	507	482	403	0	265	520	261	0	261	415	218	807	605	102	271	315	340	551	0	378	411	300	289	570	605
293	0	0	147	180	0	34	6	300	5	340	215	56	371	0	255	295	0	68	384	0	120	434	0	0	0	6	109	606	305	0	0	116	39	256	24	0	0	0	0	5	250	198	0	340	60	17	606	6	470	242	217	138	0	0	255	0	0	0	150	0	542	340	0	6	50	75	286	0	113	146	35	24	305	340
38	0	0	0	0	0	0	0	45	0	85	0	0	116	0	0	40	0	0	129	0	0	179	0	0	0	0	0	351	50	0	0	0	0	1	0	0	0	0	0	0	0	0	0	85	0	0	351	0	215	0	0	0	0	0	0	0	0	0	0	0	287	85	0	0	0	0	31	0	0	0	0	0	50	85
297	0	0	151	184	0	38	10	304	9	344	219	60	375	0	259	299	0	72	388	0	124	438	0	0	0	10	113	610	309	0	0	120	43	260	28	0	0	0	0	9	254	202	0	344	64	21	610	10	474	246	221	142	0	4	259	0	0	0	154	0	546	344	0	10	54	79	290	0	117	150	39	28	309	344
573	33	0	427	460	144	314	286	580	285	620	495	336	651	185	535	575	276	348	664	255	400	714	50	54	276	286	389	886	585	276	219	396	319	536	304	241	276	64	138	285	530	478	76	620	340	297	886	286	750	522	497	418	15	280	535	276	0	276	430	233	822	620	117	286	330	355	566	0	393	426	315	304	585	620
297	0	0	151	184	0	38	10	304	9	344	219	60	375	0	259	299	0	72	388	0	124	438	0	0	0	10	113	610	309	0	0	120	43	260	28	0	0	0	0	9	254	202	0	344	64	21	610	10	474	246	221	142	0	4	259	0	0	0	154	0	546	344	0	10	54	79	290	0	117	150	39	28	309	344
143	0	0	0	30	0	0	0	150	0	190	65	0	221	0	105	145	0	0	234	0	0	284	0	0	0	0	0	456	155	0	0	0	0	106	0	0	0	0	0	0	100	48	0	190	0	0	456	0	320	92	67	0	0	0	105	0	0	0	0	0	392	190	0	0	0	0	136	0	0	0	0	0	155	190
340	0	0	194	227	0	81	53	347	52	387	262	103	418	0	302	342	43	115	431	22	167	481	0	0	43	53	156	653	352	43	0	163	86	303	71	8	43	0	0	52	297	245	0	387	107	64	653	53	517	289	264	185	0	47	302	43	0	43	197	0	589	387	0	53	97	122	333	0	160	193	82	71	352	387
0	0	0	0	0	0	0	0	0	0	0	0	0	0	0	0	0	0	0	0	0	0	0	0	0	0	0	0	64	0	0	0	0	0	0	0	0	0	0	0	0	0	0	0	0	0	0	64	0	0	0	0	0	0	0	0	0	0	0	0	0	0	0	0	0	0	0	0	0	0	0	0	0	0	0
0	0	0	0	0	0	0	0	0	0	0	0	0	31	0	0	0	0	0	44	0	0	94	0	0	0	0	0	266	0	0	0	0	0	0	0	0	0	0	0	0	0	0	0	0	0	0	266	0	130	0	0	0	0	0	0	0	0	0	0	0	202	0	0	0	0	0	0	0	0	0	0	0	0	0
456	0	0	310	343	27	197	169	463	168	503	378	219	534	68	418	458	159	231	547	138	283	597	0	0	159	169	272	769	468	159	102	279	202	419	187	124	159	0	21	168	413	361	0	503	223	180	769	169	633	405	380	301	0	163	418	159	0	159	313	116	705	503	0	169	213	238	449	0	276	309	198	187	468	503
287	0	0	141	174	0	28	0	294	0	334	209	50	365	0	249	289	0	62	378	0	114	428	0	0	0	0	103	600	299	0	0	110	33	250	18	0	0	0	0	0	244	192	0	334	54	11	600	0	464	236	211	132	0	0	249	0	0	0	144	0	536	334	0	0	44	69	280	0	107	140	29	18	299	334
243	0	0	97	130	0	0	0	250	0	290	165	6	321	0	205	245	0	18	334	0	70	384	0	0	0	0	59	556	255	0	0	66	0	206	0	0	0	0	0	0	200	148	0	290	10	0	556	0	420	192	167	88	0	0	205	0	0	0	100	0	492	290	0	0	0	25	236	0	63	96	0	0	255	290
218	0	0	72	105	0	0	0	225	0	265	140	0	296	0	180	220	0	0	309	0	45	359	0	0	0	0	34	531	230	0	0	41	0	181	0	0	0	0	0	0	175	123	0	265	0	0	531	0	395	167	142	63	0	0	180	0	0	0	75	0	467	265	0	0	0	0	211	0	38	71	0	0	230	265
7	0	0	0	0	0	0	0	14	0	54	0	0	85	0	0	9	0	0	98	0	0	148	0	0	0	0	0	320	19	0	0	0	0	0	0	0	0	0	0	0	0	0	0	54	0	0	320	0	184	0	0	0	0	0	0	0	0	0	0	0	256	54	0	0	0	0	0	0	0	0	0	0	19	54
573	33	0	427	460	144	314	286	580	285	620	495	336	651	185	535	575	276	348	664	255	400	714	50	54	276	286	389	886	585	276	219	396	319	536	304	241	276	64	138	285	530	478	76	620	340	297	886	286	750	522	497	418	15	280	535	276	0	276	430	233	822	620	117	286	330	355	566	0	393	426	315	304	585	620
180	0	0	34	67	0	0	0	187	0	227	102	0	258	0	142	182	0	0	271	0	7	321	0	0	0	0	0	493	192	0	0	3	0	143	0	0	0	0	0	0	137	85	0	227	0	0	493	0	357	129	104	25	0	0	142	0	0	0	37	0	429	227	0	0	0	0	173	0	0	33	0	0	192	227
147	0	0	1	34	0	0	0	154	0	194	69	0	225	0	109	149	0	0	238	0	0	288	0	0	0	0	0	460	159	0	0	0	0	110	0	0	0	0	0	0	104	52	0	194	0	0	460	0	324	96	71	0	0	0	109	0	0	0	4	0	396	194	0	0	0	0	140	0	0	0	0	0	159	194
258	0	0	112	145	0	0	0	265	0	305	180	21	336	0	220	260	0	33	349	0	85	399	0	0	0	0	74	571	270	0	0	81	4	221	0	0	0	0	0	0	215	163	0	305	25	0	571	0	435	207	182	103	0	0	220	0	0	0	115	0	507	305	0	0	15	40	251	0	78	111	0	0	270	305
269	0	0	123	156	0	10	0	276	0	316	191	32	347	0	231	271	0	44	360	0	96	410	0	0	0	0	85	582	281	0	0	92	15	232	0	0	0	0	0	0	226	174	0	316	36	0	582	0	446	218	193	114	0	0	231	0	0	0	126	0	518	316	0	0	26	51	262	0	89	122	11	0	281	316
0	0	0	0	0	0	0	0	0	0	35	0	0	66	0	0	0	0	0	79	0	0	129	0	0	0	0	0	301	0	0	0	0	0	0	0	0	0	0	0	0	0	0	0	35	0	0	301	0	165	0	0	0	0	0	0	0	0	0	0	0	237	35	0	0	0	0	0	0	0	0	0	0	0	35
0	0	0	0	0	0	0	0	0	0	0	0	0	31	0	0	0	0	0	44	0	0	94	0	0	0	0	0	266	0	0	0	0	0	0	0	0	0	0	0	0	0	0	0	0	0	0	266	0	130	0	0	0	0	0	0	0	0	0	0	0	202	0	0	0	0	0	0	0	0	0	0	0	0	0

0	0	0	750	0	0	0	0	0	0	50	0	0	0	0	0	0	0	0	0	130	0	0	0	0	0	0	0	0	0	0	0	0	0	0	0	147	0	0	0	0	0	0	0	0	50	0	0	0	550	0	0	147	0	0	0	0	0	0	0	0	0	0	0	0	0	150	0	150	0	0	0	150	0	0
20	0	0	770	0	0	0	0	0	0	70	0	0	0	0	0	0	0	0	0	150	10	0	0	0	0	0	0	0	0	0	0	0	0	0	0	167	0	0	0	0	0	0	0	0	70	0	0	0	570	0	0	167	0	0	0	0	0	0	0	0	0	0	0	0	0	170	0	170	0	0	0	170	0	0
160	140	0	910	0	0	0	0	0	20	210	130	0	0	10	10	10	0	40	40	290	150	10	0	20	0	0	10	110	10	10	0	0	0	60	30	307	0	0	0	10	0	140	0	60	210	40	0	40	710	60	100	307	0	0	40	40	110	100	30	0	20	60	0	0	60	310	10	310	90	0	0	310	0	0
0	0	0	0	0	0	0	0	0	0	0	0	0	0	0	0	0	0	0	0	0	0	0	0	0	0	0	0	0	0	0	0	0	0	0	0	0	0	0	0	0	0	0	0	0	0	0	0	0	0	0	0	0	0	0	0	0	0	0	0	0	0	0	0	0	0	0	0	0	0	0	0	0	0	0
250	230	90	1000	0	30	80	10	80	110	300	220	0	0	100	100	100	60	130	130	380	240	100	0	110	40	0	100	200	100	100	0	80	0	150	120	397	0	50	70	100	0	230	0	150	300	130	70	130	800	150	190	397	80	10	130	130	200	190	120	30	110	150	30	90	150	400	100	400	180	0	0	400	0	20
220	200	60	970	0	0	50	0	50	80	270	190	0	0	70	70	70	30	100	100	350	210	70	0	80	10	0	70	170	70	70	0	50	0	120	90	367	0	20	40	70	0	200	0	120	270	100	40	100	770	120	160	367	50	0	100	100	170	160	90	0	80	120	0	60	120	370	70	370	150	0	0	370	0	0
170	150	10	920	0	0	0	0	0	30	220	140	0	0	20	20	20	0	50	50	300	160	20	0	30	0	0	20	120	20	20	0	0	0	70	40	317	0	0	0	20	0	150	0	70	220	50	0	50	720	70	110	317	0	0	50	50	120	110	40	0	30	70	0	10	70	320	20	320	100	0	0	320	0	0
240	220	80	990	0	20	70	0	70	100	290	210	0	0	90	90	90	50	120	120	370	230	90	0	100	30	0	90	190	90	90	0	70	0	140	110	387	0	40	60	90	0	220	0	140	290	120	60	120	790	140	180	387	70	0	120	120	190	180	110	20	100	140	20	80	140	390	90	390	170	0	0	390	0	10
170	150	10	920	0	0	0	0	0	30	220	140	0	0	20	20	20	0	50	50	300	160	20	0	30	0	0	20	120	20	20	0	0	0	70	40	317	0	0	0	20	0	150	0	70	220	50	0	50	720	70	110	317	0	0	50	50	120	110	40	0	30	70	0	10	70	320	20	320	100	0	0	320	0	0
140	120	0	890	0	0	0	0	0	0	190	110	0	0	0	0	0	0	20	20	270	130	0	0	0	0	0	0	90	0	0	0	0	0	40	10	287	0	0	0	0	0	120	0	40	190	20	0	20	690	40	80	287	0	0	20	20	90	80	10	0	0	40	0	0	40	290	0	290	70	0	0	290	0	0
0	0	0	700	0	0	0	0	0	0	0	0	0	0	0	0	0	0	0	0	80	0	0	0	0	0	0	0	0	0	0	0	0	0	0	0	97	0	0	0	0	0	0	0	0	0	0	0	0	500	0	0	97	0	0	0	0	0	0	0	0	0	0	0	0	0	100	0	100	0	0	0	100	0	0
30	10	0	780	0	0	0	0	0	0	80	0	0	0	0	0	0	0	0	0	160	20	0	0	0	0	0	0	0	0	0	0	0	0	0	0	177	0	0	0	0	0	10	0	0	80	0	0	0	580	0	0	177	0	0	0	0	0	0	0	0	0	0	0	0	0	180	0	180	0	0	0	180	0	0
299	279	139	1049	49	79	129	59	129	159	349	269	0	49	149	149	149	109	179	179	429	289	149	49	159	89	49	149	249	149	149	0	129	49	199	169	446	49	99	119	149	49	279	49	199	349	179	119	179	849	199	239	446	129	59	179	179	249	239	169	79	159	199	79	139	199	449	149	449	229	49	49	449	49	69
250	230	90	1000	0	30	80	10	80	110	300	220	0	0	100	100	100	60	130	130	380	240	100	0	110	40	0	100	200	100	100	0	80	0	150	120	397	0	50	70	100	0	230	0	150	300	130	70	130	800	150	190	397	80	10	130	130	200	190	120	30	110	150	30	90	150	400	100	400	180	0	0	400	0	20
150	130	0	900	0	0	0	0	0	10	200	120	0	0	0	0	0	0	30	30	280	140	0	0	10	0	0	0	100	0	0	0	0	0	50	20	297	0	0	0	0	0	130	0	50	200	30	0	30	700	50	90	297	0	0	30	30	100	90	20	0	10	50	0	0	50	300	0	300	80	0	0	300	0	0
150	130	0	900	0	0	0	0	0	10	200	120	0	0	0	0	0	0	30	30	280	140	0	0	10	0	0	0	100	0	0	0	0	0	50	20	297	0	0	0	0	0	130	0	50	200	30	0	30	700	50	90	297	0	0	30	30	100	90	20	0	10	50	0	0	50	300	0	300	80	0	0	300	0	0
150	130	0	900	0	0	0	0	0	10	200	120	0	0	0	0	0	0	30	30	280	140	0	0	10	0	0	0	100	0	0	0	0	0	50	20	297	0	0	0	0	0	130	0	50	200	30	0	30	700	50	90	297	0	0	30	30	100	90	20	0	10	50	0	0	50	300	0	300	80	0	0	300	0	0
190	170	30	940	0	0	20	0	20	50	240	160	0	0	40	40	40	0	70	70	320	180	40	0	50	0	0	40	140	40	40	0	20	0	90	60	337	0	0	10	40	0	170	0	90	240	70	10	70	740	90	130	337	20	0	70	70	140	130	60	0	50	90	0	30	90	340	40	340	120	0	0	340	0	0
120	100	0	870	0	0	0	0	0	0	170	90	0	0	0	0	0	0	0	0	250	110	0	0	0	0	0	0	70	0	0	0	0	0	20	0	267	0	0	0	0	0	100	0	20	170	0	0	0	670	20	60	267	0	0	0	0	70	60	0	0	0	20	0	0	20	270	0	270	50	0	0	270	0	0
120	100	0	870	0	0	0	0	0	0	170	90	0	0	0	0	0	0	0	0	250	110	0	0	0	0	0	0	70	0	0	0	0	0	20	0	267	0	0	0	0	0	100	0	20	170	0	0	0	670	20	60	267	0	0	0	0	70	60	0	0	0	20	0	0	20	270	0	270	50	0	0	270	0	0
0	0	0	620	0	0	0	0	0	0	0	0	0	0	0	0	0	0	0	0	0	0	0	0	0	0	0	0	0	0	0	0	0	0	0	0	17	0	0	0	0	0	0	0	0	0	0	0	0	420	0	0	17	0	0	0	0	0	0	0	0	0	0	0	0	0	20	0	20	0	0	0	20	0	0
10	0	0	760	0	0	0	0	0	0	60	0	0	0	0	0	0	0	0	0	140	0	0	0	0	0	0	0	0	0	0	0	0	0	0	0	157	0	0	0	0	0	0	0	0	60	0	0	0	560	0	0	157	0	0	0	0	0	0	0	0	0	0	0	0	0	160	0	160	0	0	0	160	0	0
150	130	0	900	0	0	0	0	0	10	200	120	0	0	0	0	0	0	30	30	280	140	0	0	10	0	0	0	100	0	0	0	0	0	50	20	297	0	0	0	0	0	130	0	50	200	30	0	30	700	50	90	297	0	0	30	30	100	90	20	0	10	50	0	0	50	300	0	300	80	0	0	300	0	0
250	230	90	1000	0	30	80	10	80	110	300	220	0	0	100	100	100	60	130	130	380	240	100	0	110	40	0	100	200	100	100	0	80	0	150	120	397	0	50	70	100	0	230	0	150	300	130	70	130	800	150	190	397	80	10	130	130	200	190	120	30	110	150	30	90	150	400	100	400	180	0	0	400	0	20
140	120	0	890	0	0	0	0	0	0	190	110	0	0	0	0	0	0	20	20	270	130	0	0	0	0	0	0	90	0	0	0	0	0	40	10	287	0	0	0	0	0	120	0	40	190	20	0	20	690	40	80	287	0	0	20	20	90	80	10	0	0	40	0	0	40	290	0	290	70	0	0	290	0	0
210	190	50	960	0	0	40	0	40	70	260	180	0	0	60	60	60	20	90	90	340	200	60	0	70	0	0	60	160	60	60	0	40	0	110	80	357	0	10	30	60	0	190	0	110	260	90	30	90	760	110	150	357	40	0	90	90	160	150	80	0	70	110	0	50	110	360	60	360	140	0	0	360	0	0
250	230	90	1000	0	30	80	10	80	110	300	220	0	0	100	100	100	60	130	130	380	240	100	0	110	40	0	100	200	100	100	0	80	0	150	120	397	0	50	70	100	0	230	0	150	300	130	70	130	800	150	190	397	80	10	130	130	200	190	120	30	110	150	30	90	150	400	100	400	180	0	0	400	0	20
150	130	0	900	0	0	0	0	0	10	200	120	0	0	0	0	0	0	30	30	280	140	0	0	10	0	0	0	100	0	0	0	0	0	50	20	297	0	0	0	0	0	130	0	50	200	30	0	30	700	50	90	297	0	0	30	30	100	90	20	0	10	50	0	0	50	300	0	300	80	0	0	300	0	0
50	30	0	800	0	0	0	0	0	0	100	20	0	0	0	0	0	0	0	0	180	40	0	0	0	0	0	0	0	0	0	0	0	0	0	0	197	0	0	0	0	0	30	0	0	100	0	0	0	600	0	0	197	0	0	0	0	0	0	0	0	0	0	0	0	0	200	0	200	0	0	0	200	0	0
150	130	0	900	0	0	0	0	0	10	200	120	0	0	0	0	0	0	30	30	280	140	0	0	10	0	0	0	100	0	0	0	0	0	50	20	297	0	0	0	0	0	130	0	50	200	30	0	30	700	50	90	297	0	0	30	30	100	90	20	0	10	50	0	0	50	300	0	300	80	0	0	300	0	0
150	130	0	900	0	0	0	0	0	10	200	120	0	0	0	0	0	0	30	30	280	140	0	0	10	0	0	0	100	0	0	0	0	0	50	20	297	0	0	0	0	0	130	0	50	200	30	0	30	700	50	90	297	0	0	30	30	100	90	20	0	10	50	0	0	50	300	0	300	80	0	0	300	0	0
299	279	139	1049	49	79	129	59	129	159	349	269	0	49	149	149	149	109	179	179	429	289	149	49	159	89	49	149	249	149	149	0	129	49	199	169	446	49	99	119	149	49	279	49	199	349	179	119	179	849	199	239	446	129	59	179	179	249	239	169	79	159	199	79	139	199	449	149	449	229	49	49	449	49	69
170	150	10	920	0	0	0	0	0	30	220	140	0	0	20	20	20	0	50	50	300	160	20	0	30	0	0	20	120	20	20	0	0	0	70	40	317	0	0	0	20	0	150	0	70	220	50	0	50	720	70	110	317	0	0	50	50	120	110	40	0	30	70	0	10	70	320	20	320	100	0	0	320	0	0
250	230	90	1000	0	30	80	10	80	110	300	220	0	0	100	100	100	60	130	130	380	240	100	0	110	40	0	100	200	100	100	0	80	0	150	120	397	0	50	70	100	0	230	0	150	300	130	70	130	800	150	190	397	80	10	130	130	200	190	120	30	110	150	30	90	150	400	100	400	180	0	0	400	0	20
100	80	0	850	0	0	0	0	0	0	150	70	0	0	0	0	0	0	0	0	230	90	0	0	0	0	0	0	50	0	0	0	0	0	0	0	247	0	0	0	0	0	80	0	0	150	0	0	0	650	0	40	247	0	0	0	0	50	40	0	0	0	0	0	0	0	250	0	250	30	0	0	250	0	0
130	110	0	880	0	0	0	0	0	0	180	100	0	0	0	0	0	0	10	10	260	120	0	0	0	0	0	0	80	0	0	0	0	0	30	0	277	0	0	0	0	0	110	0	30	180	10	0	10	680	30	70	277	0	0	10	10	80	70	0	0	0	30	0	0	30	280	0	280	60	0	0	280	0	0
0	0	0	603	0	0	0	0	0	0	0	0	0	0	0	0	0	0	0	0	0	0	0	0	0	0	0	0	0	0	0	0	0	0	0	0	0	0	0	0	0	0	0	0	0	0	0	0	0	403	0	0	0	0	0	0	0	0	0	0	0	0	0	0	0	0	3	0	3	0	0	0	3	0	0
250	230	90	1000	0	30	80	10	80	110	300	220	0	0	100	100	100	60	130	130	380	240	100	0	110	40	0	100	200	100	100	0	80	0	150	120	397	0	50	70	100	0	230	0	150	300	130	70	130	800	150	190	397	80	10	130	130	200	190	120	30	110	150	30	90	150	400	100	400	180	0	0	400	0	20
200	180	40	950	0	0	30	0	30	60	250	170	0	0	50	50	50	10	80	80	330	190	50	0	60	0	0	50	150	50	50	0	30	0	100	70	347	0	0	20	50	0	180	0	100	250	80	20	80	750	100	140	347	30	0	80	80	150	140	70	0	60	100	0	40	100	350	50	350	130	0	0	350	0	0
180	160	20	930	0	0	10	0	10	40	230	150	0	0	30	30	30	0	60	60	310	170	30	0	40	0	0	30	130	30	30	0	10	0	80	50	327	0	0	0	30	0	160	0	80	230	60	0	60	730	80	120	327	10	0	60	60	130	120	50	0	40	80	0	20	80	330	30	330	110	0	0	330	0	0
150	130	0	900	0	0	0	0	0	10	200	120	0	0	0	0	0	0	30	30	280	140	0	0	10	0	0	0	100	0	0	0	0	0	50	20	297	0	0	0	0	0	130	0	50	200	30	0	30	700	50	90	297	0	0	30	30	100	90	20	0	10	50	0	0	50	300	0	300	80	0	0	300	0	0
250	230	90	1000	0	30	80	10	80	110	300	220	0	0	100	100	100	60	130	130	380	240	100	0	110	40	0	100	200	100	100	0	80	0	150	120	397	0	50	70	100	0	230	0	150	300	130	70	130	800	150	190	397	80	10	130	130	200	190	120	30	110	150	30	90	150	400	100	400	180	0	0	400	0	20
20	0	0	770	0	0	0	0	0	0	70	0	0	0	0	0	0	0	0	0	150	10	0	0	0	0	0	0	0	0	0	0	0	0	0	0	167	0	0	0	0	0	0	0	0	70	0	0	0	570	0	0	167	0	0	0	0	0	0	0	0	0	0	0	0	0	170	0	170	0	0	0	170	0	0
250	230	90	1000	0	30	80	10	80	110	300	220	0	0	100	100	100	60	130	130	380	240	100	0	110	40	0	100	200	100	100	0	80	0	150	120	397	0	50	70	100	0	230	0	150	300	130	70	130	800	150	190	397	80	10	130	130	200	190	120	30	110	150	30	90	150	400	100	400	180	0	0	400	0	20
100	80	0	850	0	0	0	0	0	0	150	70	0	0	0	0	0	0	0	0	230	90	0	0	0	0	0	0	50	0	0	0	0	0	0	0	247	0	0	0	0	0	80	0	0	150	0	0	0	650	0	40	247	0	0	0	0	50	40	0	0	0	0	0	0	0	250	0	250	30	0	0	250	0	0
0	0	0	700	0	0	0	0	0	0	0	0	0	0	0	0	0	0	0	0	80	0	0	0	0	0	0	0	0	0	0	0	0	0	0	0	97	0	0	0	0	0	0	0	0	0	0	0	0	500	0	0	97	0	0	0	0	0	0	0	0	0	0	0	0	0	100	0	100	0	0	0	100	0	0
120	100	0	870	0	0	0	0	0	0	170	90	0	0	0	0	0	0	0	0	250	110	0	0	0	0	0	0	70	0	0	0	0	0	20	0	267	0	0	0	0	0	100	0	20	170	0	0	0	670	20	60	267	0	0	0	0	70	60	0	0	0	20	0	0	20	270	0	270	50	0	0	270	0	0
180	160	20	930	0	0	10	0	10	40	230	150	0	0	30	30	30	0	60	60	310	170	30	0	40	0	0	30	130	30	30	0	10	0	80	50	327	0	0	0	30	0	160	0	80	230	60	0	60	730	80	120	327	10	0	60	60	130	120	50	0	40	80	0	20	80	330	30	330	110	0	0	330	0	0
120	100	0	870	0	0	0	0	0	0	170	90	0	0	0	0	0	0	0	0	250	110	0	0	0	0	0	0	70	0	0	0	0	0	20	0	267	0	0	0	0	0	100	0	20	170	0	0	0	670	20	60	267	0	0	0	0	70	60	0	0	0	20	0	0	20	270	0	270	50	0	0	270	0	0
0	0	0	200	0	0	0	0	0	0	0	0	0	0	0	0	0	0	0	0	0	0	0	0	0	0	0	0	0	0	0	0	0	0	0	0	0	0	0	0	0	0	0	0	0	0	0	0	0	0	0	0	0	0	0	0	0	0	0	0	0	0	0	0	0	0	0	0	0	0	0	0	0	0	0
100	80	0	850	0	0	0	0	0	0	150	70	0	0	0	0	0	0	0	0	230	90	0	0	0	0	0	0	50	0	0	0	0	0	0	0	247	0	0	0	0	0	80	0	0	150	0	0	0	650	0	40	247	0	0	0	0	50	40	0	0	0	0	0	0	0	250	0	250	30	0	0	250	0	0
60	40	0	810	0	0	0	0	0	0	110	30	0	0	0	0	0	0	0	0	190	50	0	0	0	0	0	0	10	0	0	0	0	0	0	0	207	0	0	0	0	0	40	0	0	110	0	0	0	610	0	0	207	0	0	0	0	10	0	0	0	0	0	0	0	0	210	0	210	0	0	0	210	0	0
0	0	0	603	0	0	0	0	0	0	0	0	0	0	0	0	0	0	0	0	0	0	0	0	0	0	0	0	0	0	0	0	0	0	0	0	0	0	0	0	0	0	0	0	0	0	0	0	0	403	0	0	0	0	0	0	0	0	0	0	0	0	0	0	0	0	3	0	3	0	0	0	3	0	0
170	150	10	920	0	0	0	0	0	30	220	140	0	0	20	20	20	0	50	50	300	160	20	0	30	0	0	20	120	20	20	0	0	0	70	40	317	0	0	0	20	0	150	0	70	220	50	0	50	720	70	110	317	0	0	50	50	120	110	40	0	30	70	0	10	70	320	20	320	100	0	0	320	0	0
240	220	80	990	0	20	70	0	70	100	290	210	0	0	90	90	90	50	120	120	370	230	90	0	100	30	0	90	190	90	90	0	70	0	140	110	387	0	40	60	90	0	220	0	140	290	120	60	120	790	140	180	387	70	0	120	120	190	180	110	20	100	140	20	80	140	390	90	390	170	0	0	390	0	10
120	100	0	870	0	0	0	0	0	0	170	90	0	0	0	0	0	0	0	0	250	110	0	0	0	0	0	0	70	0	0	0	0	0	20	0	267	0	0	0	0	0	100	0	20	170	0	0	0	670	20	60	267	0	0	0	0	70	60	0	0	0	20	0	0	20	270	0	270	50	0	0	270	0	0
120	100	0	870	0	0	0	0	0	0	170	90	0	0	0	0	0	0	0	0	250	110	0	0	0	0	0	0	70	0	0	0	0	0	20	0	267	0	0	0	0	0	100	0	20	170	0	0	0	670	20	60	267	0	0	0	0	70	60	0	0	0	20	0	0	20	270	0	270	50	0	0	270	0	0
50	30	0	800	0	0	0	0	0	0	100	20	0	0	0	0	0	0	0	0	180	40	0	0	0	0	0	0	0	0	0	0	0	0	0	0	197	0	0	0	0	0	30	0	0	100	0	0	0	600	0	0	197	0	0	0	0	0	0	0	0	0	0	0	0	0	200	0	200	0	0	0	200	0	0
60	40	0	810	0	0	0	0	0	0	110	30	0	0	0	0	0	0	0	0	190	50	0	0	0	0	0	0	10	0	0	0	0	0	0	0	207	0	0	0	0	0	40	0	0	110	0	0	0	610	0	0	207	0	0	0	0	10	0	0	0	0	0	0	0	0	210	0	210	0	0	0	210	0	0
130	110	0	880	0	0	0	0	0	0	180	100	0	0	0	0	0	0	10	10	260	120	0	0	0	0	0	0	80	0	0	0	0	0	30	0	277	0	0	0	0	0	110	0	30	180	10	0	10	680	30	70	277	0	0	10	10	80	70	0	0	0	30	0	0	30	280	0	280	60	0	0	280	0	0
220	200	60	970	0	0	50	0	50	80	270	190	0	0	70	70	70	30	100	100	350	210	70	0	80	10	0	70	170	70	70	0	50	0	120	90	367	0	20	40	70	0	200	0	120	270	100	40	100	770	120	160	367	50	0	100	100	170	160	90	0	80	120	0	60	120	370	70	370	150	0	0	370	0	0
140	120	0	890	0	0	0	0	0	0	190	110	0	0	0	0	0	0	20	20	270	130	0	0	0	0	0	0	90	0	0	0	0	0	40	10	287	0	0	0	0	0	120	0	40	190	20	0	20	690	40	80	287	0	0	20	20	90	80	10	0	0	40	0	0	40	290	0	290	70	0	0	290	0	0
100	80	0	850	0	0	0	0	0	0	150	70	0	0	0	0	0	0	0	0	230	90	0	0	0	0	0	0	50	0	0	0	0	0	0	0	247	0	0	0	0	0	80	0	0	150	0	0	0	650	0	40	247	0	0	0	0	50	40	0	0	0	0	0	0	0	250	0	250	30	0	0	250	0	0
220	200	60	970	0	0	50	0	50	80	270	190	0	0	70	70	70	30	100	100	350	210	70	0	80	10	0	70	170	70	70	0	50	0	120	90	367	0	20	40	70	0	200	0	120	270	100	40	100	770	120	160	367	50	0	100	100	170	160	90	0	80	120	0	60	120	370	70	370	150	0	0	370	0	0
160	140	0	910	0	0	0	0	0	20	210	130	0	0	10	10	10	0	40	40	290	150	10	0	20	0	0	10	110	10	10	0	0	0	60	30	307	0	0	0	10	0	140	0	60	210	40	0	40	710	60	100	307	0	0	40	40	110	100	30	0	20	60	0	0	60	310	10	310	90	0	0	310	0	0
100	80	0	850	0	0	0	0	0	0	150	70	0	0	0	0	0	0	0	0	230	90	0	0	0	0	0	0	50	0	0	0	0	0	0	0	247	0	0	0	0	0	80	0	0	150	0	0	0	650	0	40	247	0	0	0	0	50	40	0	0	0	0	0	0	0	250	0	250	30	0	0	250	0	0
0	0	0	600	0	0	0	0	0	0	0	0	0	0	0	0	0	0	0	0	0	0	0	0	0	0	0	0	0	0	0	0	0	0	0	0	0	0	0	0	0	0	0	0	0	0	0	0	0	400	0	0	0	0	0	0	0	0	0	0	0	0	0	0	0	0	0	0	0	0	0	0	0	0	0
150	130	0	900	0	0	0	0	0	10	200	120	0	0	0	0	0	0	30	30	280	140	0	0	10	0	0	0	100	0	0	0	0	0	50	20	297	0	0	0	0	0	130	0	50	200	30	0	30	700	50	90	297	0	0	30	30	100	90	20	0	10	50	0	0	50	300	0	300	80	0	0	300	0	0
0	0	0	600	0	0	0	0	0	0	0	0	0	0	0	0	0	0	0	0	0	0	0	0	0	0	0	0	0	0	0	0	0	0	0	0	0	0	0	0	0	0	0	0	0	0	0	0	0	400	0	0	0	0	0	0	0	0	0	0	0	0	0	0	0	0	0	0	0	0	0	0	0	0	0
70	50	0	820	0	0	0	0	0	0	120	40	0	0	0	0	0	0	0	0	200	60	0	0	0	0	0	0	20	0	0	0	0	0	0	0	217	0	0	0	0	0	50	0	0	120	0	0	0	620	0	10	217	0	0	0	0	20	10	0	0	0	0	0	0	0	220	0	220	0	0	0	220	0	0
250	230	90	1000	0	30	80	10	80	110	300	220	0	0	100	100	100	60	130	130	380	240	100	0	110	40	0	100	200	100	100	0	80	0	150	120	397	0	50	70	100	0	230	0	150	300	130	70	130	800	150	190	397	80	10	130	130	200	190	120	30	110	150	30	90	150	400	100	400	180	0	0	400	0	20
250	230	90	1000	0	30	80	10	80	110	300	220	0	0	100	100	100	60	130	130	380	240	100	0	110	40	0	100	200	100	100	0	80	0	150	120	397	0	50	70	100	0	230	0	150	300	130	70	130	800	150	190	397	80	10	130	130	200	190	120	30	110	150	30	90	150	400	100	400	180	0	0	400	0	20
0	0	0	600	0	0	0	0	0	0	0	0	0	0	0	0	0	0	0	0	0	0	0	0	0	0	0	0	0	0	0	0	0	0	0	0	0	0	0	0	0	0	0	0	0	0	0	0	0	400	0	0	0	0	0	0	0	0	0	0	0	0	0	0	0	0	0	0	0	0	0	0	0	0	0
250	230	90	1000	0	30	80	10	80	110	300	220	0	0	100	100	100	60	130	130	380	240	100	0	110	40	0	100	200	100	100	0	80	0	150	120	397	0	50	70	100	0	230	0	150	300	130	70	130	800	150	190	397	80	10	130	130	200	190	120	30	110	150	30	90	150	400	100	400	180	0	0	400	0	20
230	210	70	980	0	10	60	0	60	90	280	200	0	0	80	80	80	40	110	110	360	220	80	0	90	20	0	80	180	80	80	0	60	0	130	100	377	0	30	50	80	0	210	0	130	280	110	50	110	780	130	170	377	60	0	110	110	180	170	100	10	90	130	10	70	130	380	80	380	160	0	0	380	0	0

0	20	160	0	250	220	170	240	170	140	0	30	299	250	150	150	150	190	120	120	0	10	150	250	140	210	250	150	50	150	150	299	170	250	100	130	0	250	200	180	150	250	20	250	100	0	120	180	120	0	100	60	0	170	240	120	120	50	60	130	220	140	100	220	160	100	0	150	0	70	250	250	0	250	230
0	0	140	0	230	200	150	220	150	120	0	10	279	230	130	130	130	170	100	100	0	0	130	230	120	190	230	130	30	130	130	279	150	230	80	110	0	230	180	160	130	230	0	230	80	0	100	160	100	0	80	40	0	150	220	100	100	30	40	110	200	120	80	200	140	80	0	130	0	50	230	230	0	230	210
0	0	0	0	90	60	10	80	10	0	0	0	139	90	0	0	0	30	0	0	0	0	0	90	0	50	90	0	0	0	0	139	10	90	0	0	0	90	40	20	0	90	0	90	0	0	0	20	0	0	0	0	0	10	80	0	0	0	0	0	60	0	0	60	0	0	0	0	0	0	90	90	0	90	70
750	770	910	0	1000	970	920	990	920	890	700	780	1049	1000	900	900	900	940	870	870	620	760	900	1000	890	960	1000	900	800	900	900	1049	920	1000	850	880	603	1000	950	930	900	1000	770	1000	850	700	870	930	870	200	850	810	603	920	990	870	870	800	810	880	970	890	850	970	910	850	600	900	600	820	1000	1000	600	1000	980
0	0	0	0	0	0	0	0	0	0	0	0	49	0	0	0	0	0	0	0	0	0	0	0	0	0	0	0	0	0	0	49	0	0	0	0	0	0	0	0	0	0	0	0	0	0	0	0	0	0	0	0	0	0	0	0	0	0	0	0	0	0	0	0	0	0	0	0	0	0	0	0	0	0	0
0	0	0	0	30	0	0	20	0	0	0	0	79	30	0	0	0	0	0	0	0	0	0	30	0	0	30	0	0	0	0	79	0	30	0	0	0	30	0	0	0	30	0	30	0	0	0	0	0	0	0	0	0	0	20	0	0	0	0	0	0	0	0	0	0	0	0	0	0	0	30	30	0	30	10
0	0	0	0	80	50	0	70	0	0	0	0	129	80	0	0	0	20	0	0	0	0	0	80	0	40	80	0	0	0	0	129	0	80	0	0	0	80	30	10	0	80	0	80	0	0	0	10	0	0	0	0	0	0	70	0	0	0	0	0	50	0	0	50	0	0	0	0	0	0	80	80	0	80	60
0	0	0	0	10	0	0	0	0	0	0	0	59	10	0	0	0	0	0	0	0	0	0	10	0	0	10	0	0	0	0	59	0	10	0	0	0	10	0	0	0	10	0	10	0	0	0	0	0	0	0	0	0	0	0	0	0	0	0	0	0	0	0	0	0	0	0	0	0	0	10	10	0	10	0
0	0	0	0	80	50	0	70	0	0	0	0	129	80	0	0	0	20	0	0	0	0	0	80	0	40	80	0	0	0	0	129	0	80	0	0	0	80	30	10	0	80	0	80	0	0	0	10	0	0	0	0	0	0	70	0	0	0	0	0	50	0	0	50	0	0	0	0	0	0	80	80	0	80	60
0	0	20	0	110	80	30	100	30	0	0	0	159	110	10	10	10	50	0	0	0	0	10	110	0	70	110	10	0	10	10	159	30	110	0	0	0	110	60	40	10	110	0	110	0	0	0	40	0	0	0	0	0	30	100	0	0	0	0	0	80	0	0	80	20	0	0	10	0	0	110	110	0	110	90
50	70	210	0	300	270	220	290	220	190	0	80	349	300	200	200	200	240	170	170	0	60	200	300	190	260	300	200	100	200	200	349	220	300	150	180	0	300	250	230	200	300	70	300	150	0	170	230	170	0	150	110	0	220	290	170	170	100	110	180	270	190	150	270	210	150	0	200	0	120	300	300	0	300	280
0	0	130	0	220	190	140	210	140	110	0	0	269	220	120	120	120	160	90	90	0	0	120	220	110	180	220	120	20	120	120	269	140	220	70	100	0	220	170	150	120	220	0	220	70	0	90	150	90	0	70	30	0	140	210	90	90	20	30	100	190	110	70	190	130	70	0	120	0	40	220	220	0	220	200
0	0	0	0	0	0	0	0	0	0	0	0	0	0	0	0	0	0	0	0	0	0	0	0	0	0	0	0	0	0	0	0	0	0	0	0	0	0	0	0	0	0	0	0	0	0	0	0	0	0	0	0	0	0	0	0	0	0	0	0	0	0	0	0	0	0	0	0	0	0	0	0	0	0	0
0	0	0	0	0	0	0	0	0	0	0	0	49	0	0	0	0	0	0	0	0	0	0	0	0	0	0	0	0	0	0	49	0	0	0	0	0	0	0	0	0	0	0	0	0	0	0	0	0	0	0	0	0	0	0	0	0	0	0	0	0	0	0	0	0	0	0	0	0	0	0	0	0	0	0
0	0	10	0	100	70	20	90	20	0	0	0	149	100	0	0	0	40	0	0	0	0	0	100	0	60	100	0	0	0	0	149	20	100	0	0	0	100	50	30	0	100	0	100	0	0	0	30	0	0	0	0	0	20	90	0	0	0	0	0	70	0	0	70	10	0	0	0	0	0	100	100	0	100	80
0	0	10	0	100	70	20	90	20	0	0	0	149	100	0	0	0	40	0	0	0	0	0	100	0	60	100	0	0	0	0	149	20	100	0	0	0	100	50	30	0	100	0	100	0	0	0	30	0	0	0	0	0	20	90	0	0	0	0	0	70	0	0	70	10	0	0	0	0	0	100	100	0	100	80
0	0	10	0	100	70	20	90	20	0	0	0	149	100	0	0	0	40	0	0	0	0	0	100	0	60	100	0	0	0	0	149	20	100	0	0	0	100	50	30	0	100	0	100	0	0	0	30	0	0	0	0	0	20	90	0	0	0	0	0	70	0	0	70	10	0	0	0	0	0	100	100	0	100	80
0	0	0	0	60	30	0	50	0	0	0	0	109	60	0	0	0	0	0	0	0	0	0	60	0	20	60	0	0	0	0	109	0	60	0	0	0	60	10	0	0	60	0	60	0	0	0	0	0	0	0	0	0	0	50	0	0	0	0	0	30	0	0	30	0	0	0	0	0	0	60	60	0	60	40
0	0	40	0	130	100	50	120	50	20	0	0	179	130	30	30	30	70	0	0	0	0	30	130	20	90	130	30	0	30	30	179	50	130	0	10	0	130	80	60	30	130	0	130	0	0	0	60	0	0	0	0	0	50	120	0	0	0	0	10	100	20	0	100	40	0	0	30	0	0	130	130	0	130	110
0	0	40	0	130	100	50	120	50	20	0	0	179	130	30	30	30	70	0	0	0	0	30	130	20	90	130	30	0	30	30	179	50	130	0	10	0	130	80	60	30	130	0	130	0	0	0	60	0	0	0	0	0	50	120	0	0	0	0	10	100	20	0	100	40	0	0	30	0	0	130	130	0	130	110
130	150	290	0	380	350	300	370	300	270	80	160	429	380	280	280	280	320	250	250	0	140	280	380	270	340	380	280	180	280	280	429	300	380	230	260	0	380	330	310	280	380	150	380	230	80	250	310	250	0	230	190	0	300	370	250	250	180	190	260	350	270	230	350	290	230	0	280	0	200	380	380	0	380	360
0	10	150	0	240	210	160	230	160	130	0	20	289	240	140	140	140	180	110	110	0	0	140	240	130	200	240	140	40	140	140	289	160	240	90	120	0	240	190	170	140	240	10	240	90	0	110	170	110	0	90	50	0	160	230	110	110	40	50	120	210	130	90	210	150	90	0	140	0	60	240	240	0	240	220
0	0	10	0	100	70	20	90	20	0	0	0	149	100	0	0	0	40	0	0	0	0	0	100	0	60	100	0	0	0	0	149	20	100	0	0	0	100	50	30	0	100	0	100	0	0	0	30	0	0	0	0	0	20	90	0	0	0	0	0	70	0	0	70	10	0	0	0	0	0	100	100	0	100	80
0	0	0	0	0	0	0	0	0	0	0	0	49	0	0	0	0	0	0	0	0	0	0	0	0	0	0	0	0	0	0	49	0	0	0	0	0	0	0	0	0	0	0	0	0	0	0	0	0	0	0	0	0	0	0	0	0	0	0	0	0	0	0	0	0	0	0	0	0	0	0	0	0	0	0
0	0	20	0	110	80	30	100	30	0	0	0	159	110	10	10	10	50	0	0	0	0	10	110	0	70	110	10	0	10	10	159	30	110	0	0	0	110	60	40	10	110	0	110	0	0	0	40	0	0	0	0	0	30	100	0	0	0	0	0	80	0	0	80	20	0	0	10	0	0	110	110	0	110	90
0	0	0	0	40	10	0	30	0	0	0	0	89	40	0	0	0	0	0	0	0	0	0	40	0	0	40	0	0	0	0	89	0	40	0	0	0	40	0	0	0	40	0	40	0	0	0	0	0	0	0	0	0	0	30	0	0	0	0	0	10	0	0	10	0	0	0	0	0	0	40	40	0	40	20
0	0	0	0	0	0	0	0	0	0	0	0	49	0	0	0	0	0	0	0	0	0	0	0	0	0	0	0	0	0	0	49	0	0	0	0	0	0	0	0	0	0	0	0	0	0	0	0	0	0	0	0	0	0	0	0	0	0	0	0	0	0	0	0	0	0	0	0	0	0	0	0	0	0	0
0	0	10	0	100	70	20	90	20	0	0	0	149	100	0	0	0	40	0	0	0	0	0	100	0	60	100	0	0	0	0	149	20	100	0	0	0	100	50	30	0	100	0	100	0	0	0	30	0	0	0	0	0	20	90	0	0	0	0	0	70	0	0	70	10	0	0	0	0	0	100	100	0	100	80
0	0	110	0	200	170	120	190	120	90	0	0	249	200	100	100	100	140	70	70	0	0	100	200	90	160	200	100	0	100	100	249	120	200	50	80	0	200	150	130	100	200	0	200	50	0	70	130	70	0	50	10	0	120	190	70	70	0	10	80	170	90	50	170	110	50	0	100	0	20	200	200	0	200	180
0	0	10	0	100	70	20	90	20	0	0	0	149	100	0	0	0	40	0	0	0	0	0	100	0	60	100	0	0	0	0	149	20	100	0	0	0	100	50	30	0	100	0	100	0	0	0	30	0	0	0	0	0	20	90	0	0	0	0	0	70	0	0	70	10	0	0	0	0	0	100	100	0	100	80
0	0	10	0	100	70	20	90	20	0	0	0	149	100	0	0	0	40	0	0	0	0	0	100	0	60	100	0	0	0	0	149	20	100	0	0	0	100	50	30	0	100	0	100	0	0	0	30	0	0	0	0	0	20	90	0	0	0	0	0	70	0	0	70	10	0	0	0	0	0	100	100	0	100	80
0	0	0	0	0	0	0	0	0	0	0	0	0	0	0	0	0	0	0	0	0	0	0	0	0	0	0	0	0	0	0	0	0	0	0	0	0	0	0	0	0	0	0	0	0	0	0	0	0	0	0	0	0	0	0	0	0	0	0	0	0	0	0	0	0	0	0	0	0	0	0	0	0	0	0
0	0	0	0	80	50	0	70	0	0	0	0	129	80	0	0	0	20	0	0	0	0	0	80	0	40	80	0	0	0	0	129	0	80	0	0	0	80	30	10	0	80	0	80	0	0	0	10	0	0	0	0	0	0	70	0	0	0	0	0	50	0	0	50	0	0	0	0	0	0	80	80	0	80	60
0	0	0	0	0	0	0	0	0	0	0	0	49	0	0	0	0	0	0	0	0	0	0	0	0	0	0	0	0	0	0	49	0	0	0	0	0	0	0	0	0	0	0	0	0	0	0	0	0	0	0	0	0	0	0	0	0	0	0	0	0	0	0	0	0	0	0	0	0	0	0	0	0	0	0
0	0	60	0	150	120	70	140	70	40	0	0	199	150	50	50	50	90	20	20	0	0	50	150	40	110	150	50	0	50	50	199	70	150	0	30	0	150	100	80	50	150	0	150	0	0	20	80	20	0	0	0	0	70	140	20	20	0	0	30	120	40	0	120	60	0	0	50	0	0	150	150	0	150	130
0	0	30	0	120	90	40	110	40	10	0	0	169	120	20	20	20	60	0	0	0	0	20	120	10	80	120	20	0	20	20	169	40	120	0	0	0	120	70	50	20	120	0	120	0	0	0	50	0	0	0	0	0	40	110	0	0	0	0	0	90	10	0	90	30	0	0	20	0	0	120	120	0	120	100
147	167	307	0	397	367	317	387	317	287	97	177	446	397	297	297	297	337	267	267	17	157	297	397	287	357	397	297	197	297	297	446	317	397	247	277	0	397	347	327	297	397	167	397	247	97	267	327	267	0	247	207	0	317	387	267	267	197	207	277	367	287	247	367	307	247	0	297	0	217	397	397	0	397	377
0	0	0	0	0	0	0	0	0	0	0	0	49	0	0	0	0	0	0	0	0	0	0	0	0	0	0	0	0	0	0	49	0	0	0	0	0	0	0	0	0	0	0	0	0	0	0	0	0	0	0	0	0	0	0	0	0	0	0	0	0	0	0	0	0	0	0	0	0	0	0	0	0	0	0
0	0	0	0	50	20	0	40	0	0	0	0	99	50	0	0	0	0	0	0	0	0	0	50	0	10	50	0	0	0	0	99	0	50	0	0	0	50	0	0	0	50	0	50	0	0	0	0	0	0	0	0	0	0	40	0	0	0	0	0	20	0	0	20	0	0	0	0	0	0	50	50	0	50	30
0	0	0	0	70	40	0	60	0	0	0	0	119	70	0	0	0	10	0	0	0	0	0	70	0	30	70	0	0	0	0	119	0	70	0	0	0	70	20	0	0	70	0	70	0	0	0	0	0	0	0	0	0	0	60	0	0	0	0	0	40	0	0	40	0	0	0	0	0	0	70	70	0	70	50
0	0	10	0	100	70	20	90	20	0	0	0	149	100	0	0	0	40	0	0	0	0	0	100	0	60	100	0	0	0	0	149	20	100	0	0	0	100	50	30	0	100	0	100	0	0	0	30	0	0	0	0	0	20	90	0	0	0	0	0	70	0	0	70	10	0	0	0	0	0	100	100	0	100	80
0	0	0	0	0	0	0	0	0	0	0	0	49	0	0	0	0	0	0	0	0	0	0	0	0	0	0	0	0	0	0	49	0	0	0	0	0	0	0	0	0	0	0	0	0	0	0	0	0	0	0	0	0	0	0	0	0	0	0	0	0	0	0	0	0	0	0	0	0	0	0	0	0	0	0
0	0	140	0	230	200	150	220	150	120	0	10	279	230	130	130	130	170	100	100	0	0	130	230	120	190	230	130	30	130	130	279	150	230	80	110	0	230	180	160	130	230	0	230	80	0	100	160	100	0	80	40	0	150	220	100	100	30	40	110	200	120	80	200	140	80	0	130	0	50	230	230	0	230	210
0	0	0	0	0	0	0	0	0	0	0	0	49	0	0	0	0	0	0	0	0	0	0	0	0	0	0	0	0	0	0	49	0	0	0	0	0	0	0	0	0	0	0	0	0	0	0	0	0	0	0	0	0	0	0	0	0	0	0	0	0	0	0	0	0	0	0	0	0	0	0	0	0	0	0
0	0	60	0	150	120	70	140	70	40	0	0	199	150	50	50	50	90	20	20	0	0	50	150	40	110	150	50	0	50	50	199	70	150	0	30	0	150	100	80	50	150	0	150	0	0	20	80	20	0	0	0	0	70	140	20	20	0	0	30	120	40	0	120	60	0	0	50	0	0	150	150	0	150	130
50	70	210	0	300	270	220	290	220	190	0	80	349	300	200	200	200	240	170	170	0	60	200	300	190	260	300	200	100	200	200	349	220	300	150	180	0	300	250	230	200	300	70	300	150	0	170	230	170	0	150	110	0	220	290	170	170	100	110	180	270	190	150	270	210	150	0	200	0	120	300	300	0	300	280
0	0	40	0	130	100	50	120	50	20	0	0	179	130	30	30	30	70	0	0	0	0	30	130	20	90	130	30	0	30	30	179	50	130	0	10	0	130	80	60	30	130	0	130	0	0	0	60	0	0	0	0	0	50	120	0	0	0	0	10	100	20	0	100	40	0	0	30	0	0	130	130	0	130	110
0	0	0	0	70	40	0	60	0	0	0	0	119	70	0	0	0	10	0	0	0	0	0	70	0	30	70	0	0	0	0	119	0	70	0	0	0	70	20	0	0	70	0	70	0	0	0	0	0	0	0	0	0	0	60	0	0	0	0	0	40	0	0	40	0	0	0	0	0	0	70	70	0	70	50
0	0	40	0	130	100	50	120	50	20	0	0	179	130	30	30	30	70	0	0	0	0	30	130	20	90	130	30	0	30	30	179	50	130	0	10	0	130	80	60	30	130	0	130	0	0	0	60	0	0	0	0	0	50	120	0	0	0	0	10	100	20	0	100	40	0	0	30	0	0	130	130	0	130	110
550	570	710	0	800	770	720	790	720	690	500	580	849	800	700	700	700	740	670	670	420	560	700	800	690	760	800	700	600	700	700	849	720	800	650	680	403	800	750	730	700	800	570	800	650	500	670	730	670	0	650	610	403	720	790	670	670	600	610	680	770	690	650	770	710	650	400	700	400	620	800	800	400	800	780
0	0	60	0	150	120	70	140	70	40	0	0	199	150	50	50	50	90	20	20	0	0	50	150	40	110	150	50	0	50	50	199	70	150	0	30	0	150	100	80	50	150	0	150	0	0	20	80	20	0	0	0	0	70	140	20	20	0	0	30	120	40	0	120	60	0	0	50	0	0	150	150	0	150	130
0	0	100	0	190	160	110	180	110	80	0	0	239	190	90	90	90	130	60	60	0	0	90	190	80	150	190	90	0	90	90	239	110	190	40	70	0	190	140	120	90	190	0	190	40	0	60	120	60	0	40	0	0	110	180	60	60	0	0	70	160	80	40	160	100	40	0	90	0	10	190	190	0	190	170
147	167	307	0	397	367	317	387	317	287	97	177	446	397	297	297	297	337	267	267	17	157	297	397	287	357	397	297	197	297	297	446	317	397	247	277	0	397	347	327	297	397	167	397	247	97	267	327	267	0	247	207	0	317	387	267	267	197	207	277	367	287	247	367	307	247	0	297	0	217	397	397	0	397	377
0	0	0	0	80	50	0	70	0	0	0	0	129	80	0	0	0	20	0	0	0	0	0	80	0	40	80	0	0	0	0	129	0	80	0	0	0	80	30	10	0	80	0	80	0	0	0	10	0	0	0	0	0	0	70	0	0	0	0	0	50	0	0	50	0	0	0	0	0	0	80	80	0	80	60
0	0	0	0	10	0	0	0	0	0	0	0	59	10	0	0	0	0	0	0	0	0	0	10	0	0	10	0	0	0	0	59	0	10	0	0	0	10	0	0	0	10	0	10	0	0	0	0	0	0	0	0	0	0	0	0	0	0	0	0	0	0	0	0	0	0	0	0	0	0	10	10	0	10	0
0	0	40	0	130	100	50	120	50	20	0	0	179	130	30	30	30	70	0	0	0	0	30	130	20	90	130	30	0	30	30	179	50	130	0	10	0	130	80	60	30	130	0	130	0	0	0	60	0	0	0	0	0	50	120	0	0	0	0	10	100	20	0	100	40	0	0	30	0	0	130	130	0	130	110
0	0	40	0	130	100	50	120	50	20	0	0	179	130	30	30	30	70	0	0	0	0	30	130	20	90	130	30	0	30	30	179	50	130	0	10	0	130	80	60	30	130	0	130	0	0	0	60	0	0	0	0	0	50	120	0	0	0	0	10	100	20	0	100	40	0	0	30	0	0	130	130	0	130	110
0	0	110	0	200	170	120	190	120	90	0	0	249	200	100	100	100	140	70	70	0	0	100	200	90	160	200	100	0	100	100	249	120	200	50	80	0	200	150	130	100	200	0	200	50	0	70	130	70	0	50	10	0	120	190	70	70	0	10	80	170	90	50	170	110	50	0	100	0	20	200	200	0	200	180
0	0	100	0	190	160	110	180	110	80	0	0	239	190	90	90	90	130	60	60	0	0	90	190	80	150	190	90	0	90	90	239	110	190	40	70	0	190	140	120	90	190	0	190	40	0	60	120	60	0	40	0	0	110	180	60	60	0	0	70	160	80	40	160	100	40	0	90	0	10	190	190	0	190	170
0	0	30	0	120	90	40	110	40	10	0	0	169	120	20	20	20	60	0	0	0	0	20	120	10	80	120	20	0	20	20	169	40	120	0	0	0	120	70	50	20	120	0	120	0	0	0	50	0	0	0	0	0	40	110	0	0	0	0	0	90	10	0	90	30	0	0	20	0	0	120	120	0	120	100
0	0	0	0	30	0	0	20	0	0	0	0	79	30	0	0	0	0	0	0	0	0	0	30	0	0	30	0	0	0	0	79	0	30	0	0	0	30	0	0	0	30	0	30	0	0	0	0	0	0	0	0	0	0	20	0	0	0	0	0	0	0	0	0	0	0	0	0	0	0	30	30	0	30	10
0	0	20	0	110	80	30	100	30	0	0	0	159	110	10	10	10	50	0	0	0	0	10	110	0	70	110	10	0	10	10	159	30	110	0	0	0	110	60	40	10	110	0	110	0	0	0	40	0	0	0	0	0	30	100	0	0	0	0	0	80	0	0	80	20	0	0	10	0	0	110	110	0	110	90
0	0	60	0	150	120	70	140	70	40	0	0	199	150	50	50	50	90	20	20	0	0	50	150	40	110	150	50	0	50	50	199	70	150	0	30	0	150	100	80	50	150	0	150	0	0	20	80	20	0	0	0	0	70	140	20	20	0	0	30	120	40	0	120	60	0	0	50	0	0	150	150	0	150	130
0	0	0	0	30	0	0	20	0	0	0	0	79	30	0	0	0	0	0	0	0	0	0	30	0	0	30	0	0	0	0	79	0	30	0	0	0	30	0	0	0	30	0	30	0	0	0	0	0	0	0	0	0	0	20	0	0	0	0	0	0	0	0	0	0	0	0	0	0	0	30	30	0	30	10
0	0	0	0	90	60	10	80	10	0	0	0	139	90	0	0	0	30	0	0	0	0	0	90	0	50	90	0	0	0	0	139	10	90	0	0	0	90	40	20	0	90	0	90	0	0	0	20	0	0	0	0	0	10	80	0	0	0	0	0	60	0	0	60	0	0	0	0	0	0	90	90	0	90	70
0	0	60	0	150	120	70	140	70	40	0	0	199	150	50	50	50	90	20	20	0	0	50	150	40	110	150	50	0	50	50	199	70	150	0	30	0	150	100	80	50	150	0	150	0	0	20	80	20	0	0	0	0	70	140	20	20	0	0	30	120	40	0	120	60	0	0	50	0	0	150	150	0	150	130
150	170	310	0	400	370	320	390	320	290	100	180	449	400	300	300	300	340	270	270	20	160	300	400	290	360	400	300	200	300	300	449	320	400	250	280	3	400	350	330	300	400	170	400	250	100	270	330	270	0	250	210	3	320	390	270	270	200	210	280	370	290	250	370	310	250	0	300	0	220	400	400	0	400	380
0	0	10	0	100	70	20	90	20	0	0	0	149	100	0	0	0	40	0	0	0	0	0	100	0	60	100	0	0	0	0	149	20	100	0	0	0	100	50	30	0	100	0	100	0	0	0	30	0	0	0	0	0	20	90	0	0	0	0	0	70	0	0	70	10	0	0	0	0	0	100	100	0	100	80
150	170	310	0	400	370	320	390	320	290	100	180	449	400	300	300	300	340	270	270	20	160	300	400	290	360	400	300	200	300	300	449	320	400	250	280	3	400	350	330	300	400	170	400	250	100	270	330	270	0	250	210	3	320	390	270	270	200	210	280	370	290	250	370	310	250	0	300	0	220	400	400	0	400	380
0	0	90	0	180	150	100	170	100	70	0	0	229	180	80	80	80	120	50	50	0	0	80	180	70	140	180	80	0	80	80	229	100	180	30	60	0	180	130	110	80	180	0	180	30	0	50	110	50	0	30	0	0	100	170	50	50	0	0	60	150	70	30	150	90	30	0	80	0	0	180	180	0	180	160
0	0	0	0	0	0	0	0	0	0	0	0	49	0	0	0	0	0	0	0	0	0	0	0	0	0	0	0	0	0	0	49	0	0	0	0	0	0	0	0	0	0	0	0	0	0	0	0	0	0	0	0	0	0	0	0	0	0	0	0	0	0	0	0	0	0	0	0	0	0	0	0	0	0	0
0	0	0	0	0	0	0	0	0	0	0	0	49	0	0	0	0	0	0	0	0	0	0	0	0	0	0	0	0	0	0	49	0	0	0	0	0	0	0	0	0	0	0	0	0	0	0	0	0	0	0	0	0	0	0	0	0	0	0	0	0	0	0	0	0	0	0	0	0	0	0	0	0	0	0
150	170	310	0	400	370	320	390	320	290	100	180	449	400	300	300	300	340	270	270	20	160	300	400	290	360	400	300	200	300	300	449	320	400	250	280	3	400	350	330	300	400	170	400	250	100	270	330	270	0	250	210	3	320	390	270	270	200	210	280	370	290	250	370	310	250	0	300	0	220	400	400	0	400	380
0	0	0	0	0	0	0	0	0	0	0	0	49	0	0	0	0	0	0	0	0	0	0	0	0	0	0	0	0	0	0	49	0	0	0	0	0	0	0	0	0	0	0	0	0	0	0	0	0	0	0	0	0	0	0	0	0	0	0	0	0	0	0	0	0	0	0	0	0	0	0	0	0	0	0
0	0	0	0	20	0	0	10	0	0	0	0	69	20	0	0	0	0	0	0	0	0	0	20	0	0	20	0	0	0	0	69	0	20	0	0	0	20	0	0	0	20	0	20	0	0	0	0	0	0	0	0	0	0	10	0	0	0	0	0	0	0	0	0	0	0	0	0	0	0	20	20	0	20	0