1806 1802 1742 1487 1812 1496 1831 1831 1791 1728 1813 1805 1819 1490 1779 1723 1786 1813 1798 1820 1834 1786 1830 1834 1794 1768 1811 1773 1812 1810 1775 1832 1482 1821 1725 1820 1818 1787 1763 1810 1821 1497 1791 1736 1624 1804 1812 1791 1830 1819 1827 1834 1753 1714 1818 1776 1823 1804 1789 1818 1518 1814 1792 1815 1827 1814 1808 1790 1822 1817 1764 1794 1549 1743 1816

85

51 52 57 79 51 79 49 49 53 58 51 51 50 79 54 59 53 51 52 50 49 53 49 49 52 55 51 54 51 51 54 49 80 50 58 50 50 53 55 51 50 79 53 58 67 52 51 53 49 50 50 49 56 60 50 54 50 52 53 50 77 51 53 51 50 51 51 53 50 50 55 52 74 57 50

14 42 31 13

33152

0	0	210	0	0	0	0	0	0	239	5	0	0	0	0	210	81	0	0	0	0	95	0	0	0	35	0	0	0	0	0	0	0	0	225	0	0	82	116	0	0	0	0	0	0	0	0	0	0	0	0	0	136	225	0	0	0	0	57	0	0	0	0	0	0	0	0	0	0	0	0	0	0	97	0
330	0	540	275	0	220	269	275	0	569	335	0	15	279	267	540	411	0	15	18	128	425	162	128	25	365	0	279	0	0	0	270	0	35	555	20	270	412	446	305	210	120	0	125	0	0	105	25	115	15	236	125	466	555	268	0	80	0	387	0	301	0	0	0	240	0	227	105	128	279	309	0	236	427	270
0	0	0	0	0	0	0	0	0	29	0	0	0	0	0	0	0	0	0	0	0	0	0	0	0	0	0	0	0	0	0	0	0	0	15	0	0	0	0	0	0	0	0	0	0	0	0	0	0	0	0	0	0	15	0	0	0	0	0	0	0	0	0	0	0	0	0	0	0	0	0	0	0	0	0
55	0	265	0	0	0	0	0	0	294	60	0	0	4	0	265	136	0	0	0	0	150	0	0	0	90	0	4	0	0	0	0	0	0	280	0	0	137	171	30	0	0	0	0	0	0	0	0	0	0	0	0	191	280	0	0	0	0	112	0	26	0	0	0	0	0	0	0	0	4	34	0	0	152	0
380	50	590	325	0	270	319	325	0	619	385	35	65	329	317	590	461	30	65	68	178	475	212	178	75	415	46	329	0	0	0	320	0	85	605	70	320	462	496	355	260	170	0	175	0	0	155	75	165	65	286	175	516	605	318	0	130	0	437	20	351	0	0	5	290	30	277	155	178	329	359	0	286	477	320
110	0	320	55	0	0	49	55	0	349	115	0	0	59	47	320	191	0	0	0	0	205	0	0	0	145	0	59	0	0	0	50	0	0	335	0	50	192	226	85	0	0	0	0	0	0	0	0	0	0	16	0	246	335	48	0	0	0	167	0	81	0	0	0	20	0	7	0	0	59	89	0	16	207	50
61	0	271	6	0	0	0	6	0	300	66	0	0	10	0	271	142	0	0	0	0	156	0	0	0	96	0	10	0	0	0	1	0	0	286	0	1	143	177	36	0	0	0	0	0	0	0	0	0	0	0	0	197	286	0	0	0	0	118	0	32	0	0	0	0	0	0	0	0	10	40	0	0	158	1
55	0	265	0	0	0	0	0	0	294	60	0	0	4	0	265	136	0	0	0	0	150	0	0	0	90	0	4	0	0	0	0	0	0	280	0	0	137	171	30	0	0	0	0	0	0	0	0	0	0	0	0	191	280	0	0	0	0	112	0	26	0	0	0	0	0	0	0	0	4	34	0	0	152	0
425	95	635	370	45	315	364	370	0	664	430	80	110	374	362	635	506	75	110	113	223	520	257	223	120	460	91	374	41	35	0	365	35	130	650	115	365	507	541	400	305	215	0	220	0	30	200	120	210	110	331	220	561	650	363	0	175	39	482	65	396	43	43	50	335	75	322	200	223	374	404	37	331	522	365
0	0	0	0	0	0	0	0	0	0	0	0	0	0	0	0	0	0	0	0	0	0	0	0	0	0	0	0	0	0	0	0	0	0	0	0	0	0	0	0	0	0	0	0	0	0	0	0	0	0	0	0	0	0	0	0	0	0	0	0	0	0	0	0	0	0	0	0	0	0	0	0	0	0	0
0	0	205	0	0	0	0	0	0	234	0	0	0	0	0	205	76	0	0	0	0	90	0	0	0	30	0	0	0	0	0	0	0	0	220	0	0	77	111	0	0	0	0	0	0	0	0	0	0	0	0	0	131	220	0	0	0	0	52	0	0	0	0	0	0	0	0	0	0	0	0	0	0	92	0
345	15	555	290	0	235	284	290	0	584	350	0	30	294	282	555	426	0	30	33	143	440	177	143	40	380	11	294	0	0	0	285	0	50	570	35	285	427	461	320	225	135	0	140	0	0	120	40	130	30	251	140	481	570	283	0	95	0	402	0	316	0	0	0	255	0	242	120	143	294	324	0	251	442	285
315	0	525	260	0	205	254	260	0	554	320	0	0	264	252	525	396	0	0	3	113	410	147	113	10	350	0	264	0	0	0	255	0	20	540	5	255	397	431	290	195	105	0	110	0	0	90	10	100	0	221	110	451	540	253	0	65	0	372	0	286	0	0	0	225	0	212	90	113	264	294	0	221	412	255
51	0	261	0	0	0	0	0	0	290	56	0	0	0	0	261	132	0	0	0	0	146	0	0	0	86	0	0	0	0	0	0	0	0	276	0	0	133	167	26	0	0	0	0	0	0	0	0	0	0	0	0	187	276	0	0	0	0	108	0	22	0	0	0	0	0	0	0	0	0	30	0	0	148	0
63	0	273	8	0	0	2	8	0	302	68	0	0	12	0	273	144	0	0	0	0	158	0	0	0	98	0	12	0	0	0	3	0	0	288	0	3	145	179	38	0	0	0	0	0	0	0	0	0	0	0	0	199	288	1	0	0	0	120	0	34	0	0	0	0	0	0	0	0	12	42	0	0	160	3
0	0	0	0	0	0	0	0	0	29	0	0	0	0	0	0	0	0	0	0	0	0	0	0	0	0	0	0	0	0	0	0	0	0	15	0	0	0	0	0	0	0	0	0	0	0	0	0	0	0	0	0	0	15	0	0	0	0	0	0	0	0	0	0	0	0	0	0	0	0	0	0	0	0	0
0	0	129	0	0	0	0	0	0	158	0	0	0	0	0	129	0	0	0	0	0	14	0	0	0	0	0	0	0	0	0	0	0	0	144	0	0	1	35	0	0	0	0	0	0	0	0	0	0	0	0	0	55	144	0	0	0	0	0	0	0	0	0	0	0	0	0	0	0	0	0	0	0	16	0
350	20	560	295	0	240	289	295	0	589	355	5	35	299	287	560	431	0	35	38	148	445	182	148	45	385	16	299	0	0	0	290	0	55	575	40	290	432	466	325	230	140	0	145	0	0	125	45	135	35	256	145	486	575	288	0	100	0	407	0	321	0	0	0	260	0	247	125	148	299	329	0	256	447	290
315	0	525	260	0	205	254	260	0	554	320	0	0	264	252	525	396	0	0	3	113	410	147	113	10	350	0	264	0	0	0	255	0	20	540	5	255	397	431	290	195	105	0	110	0	0	90	10	100	0	221	110	451	540	253	0	65	0	372	0	286	0	0	0	225	0	212	90	113	264	294	0	221	412	255
312	0	522	257	0	202	251	257	0	551	317	0	0	261	249	522	393	0	0	0	110	407	144	110	7	347	0	261	0	0	0	252	0	17	537	2	252	394	428	287	192	102	0	107	0	0	87	7	97	0	218	107	448	537	250	0	62	0	369	0	283	0	0	0	222	0	209	87	110	261	291	0	218	409	252
202	0	412	147	0	92	141	147	0	441	207	0	0	151	139	412	283	0	0	0	0	297	34	0	0	237	0	151	0	0	0	142	0	0	427	0	142	284	318	177	82	0	0	0	0	0	0	0	0	0	108	0	338	427	140	0	0	0	259	0	173	0	0	0	112	0	99	0	0	151	181	0	108	299	142
0	0	115	0	0	0	0	0	0	144	0	0	0	0	0	115	0	0	0	0	0	0	0	0	0	0	0	0	0	0	0	0	0	0	130	0	0	0	21	0	0	0	0	0	0	0	0	0	0	0	0	0	41	130	0	0	0	0	0	0	0	0	0	0	0	0	0	0	0	0	0	0	0	2	0
168	0	378	113	0	58	107	113	0	407	173	0	0	117	105	378	249	0	0	0	0	263	0	0	0	203	0	117	0	0	0	108	0	0	393	0	108	250	284	143	48	0	0	0	0	0	0	0	0	0	74	0	304	393	106	0	0	0	225	0	139	0	0	0	78	0	65	0	0	117	147	0	74	265	108
202	0	412	147	0	92	141	147	0	441	207	0	0	151	139	412	283	0	0	0	0	297	34	0	0	237	0	151	0	0	0	142	0	0	427	0	142	284	318	177	82	0	0	0	0	0	0	0	0	0	108	0	338	427	140	0	0	0	259	0	173	0	0	0	112	0	99	0	0	151	181	0	108	299	142
305	0	515	250	0	195	244	250	0	544	310	0	0	254	242	515	386	0	0	0	103	400	137	103	0	340	0	254	0	0	0	245	0	10	530	0	245	387	421	280	185	95	0	100	0	0	80	0	90	0	211	100	441	530	243	0	55	0	362	0	276	0	0	0	215	0	202	80	103	254	284	0	211	402	245
0	0	175	0	0	0	0	0	0	204	0	0	0	0	0	175	46	0	0	0	0	60	0	0	0	0	0	0	0	0	0	0	0	0	190	0	0	47	81	0	0	0	0	0	0	0	0	0	0	0	0	0	101	190	0	0	0	0	22	0	0	0	0	0	0	0	0	0	0	0	0	0	0	62	0
334	4	544	279	0	224	273	279	0	573	339	0	19	283	271	544	415	0	19	22	132	429	166	132	29	369	0	283	0	0	0	274	0	39	559	24	274	416	450	309	214	124	0	129	0	0	109	29	119	19	240	129	470	559	272	0	84	0	391	0	305	0	0	0	244	0	231	109	132	283	313	0	240	431	274
51	0	261	0	0	0	0	0	0	290	56	0	0	0	0	261	132	0	0	0	0	146	0	0	0	86	0	0	0	0	0	0	0	0	276	0	0	133	167	26	0	0	0	0	0	0	0	0	0	0	0	0	187	276	0	0	0	0	108	0	22	0	0	0	0	0	0	0	0	0	30	0	0	148	0
384	54	594	329	4	274	323	329	0	623	389	39	69	333	321	594	465	34	69	72	182	479	216	182	79	419	50	333	0	0	0	324	0	89	609	74	324	466	500	359	264	174	0	179	0	0	159	79	169	69	290	179	520	609	322	0	134	0	441	24	355	2	2	9	294	34	281	159	182	333	363	0	290	481	324
390	60	600	335	10	280	329	335	0	629	395	45	75	339	327	600	471	40	75	78	188	485	222	188	85	425	56	339	6	0	0	330	0	95	615	80	330	472	506	365	270	180	0	185	0	0	165	85	175	75	296	185	526	615	328	0	140	4	447	30	361	8	8	15	300	40	287	165	188	339	369	2	296	487	330
459	129	669	404	79	349	398	404	34	698	464	114	144	408	396	669	540	109	144	147	257	554	291	257	154	494	125	408	75	69	0	399	69	164	684	149	399	541	575	434	339	249	33	254	34	64	234	154	244	144	365	254	595	684	397	9	209	73	516	99	430	77	77	84	369	109	356	234	257	408	438	71	365	556	399
60	0	270	5	0	0	0	5	0	299	65	0	0	9	0	270	141	0	0	0	0	155	0	0	0	95	0	9	0	0	0	0	0	0	285	0	0	142	176	35	0	0	0	0	0	0	0	0	0	0	0	0	196	285	0	0	0	0	117	0	31	0	0	0	0	0	0	0	0	9	39	0	0	157	0
390	60	600	335	10	280	329	335	0	629	395	45	75	339	327	600	471	40	75	78	188	485	222	188	85	425	56	339	6	0	0	330	0	95	615	80	330	472	506	365	270	180	0	185	0	0	165	85	175	75	296	185	526	615	328	0	140	4	447	30	361	8	8	15	300	40	287	165	188	339	369	2	296	487	330
295	0	505	240	0	185	234	240	0	534	300	0	0	244	232	505	376	0	0	0	93	390	127	93	0	330	0	244	0	0	0	235	0	0	520	0	235	377	411	270	175	85	0	90	0	0	70	0	80	0	201	90	431	520	233	0	45	0	352	0	266	0	0	0	205	0	192	70	93	244	274	0	201	392	235
0	0	0	0	0	0	0	0	0	14	0	0	0	0	0	0	0	0	0	0	0	0	0	0	0	0	0	0	0	0	0	0	0	0	0	0	0	0	0	0	0	0	0	0	0	0	0	0	0	0	0	0	0	0	0	0	0	0	0	0	0	0	0	0	0	0	0	0	0	0	0	0	0	0	0
310	0	520	255	0	200	249	255	0	549	315	0	0	259	247	520	391	0	0	0	108	405	142	108	5	345	0	259	0	0	0	250	0	15	535	0	250	392	426	285	190	100	0	105	0	0	85	5	95	0	216	105	446	535	248	0	60	0	367	0	281	0	0	0	220	0	207	85	108	259	289	0	216	407	250
60	0	270	5	0	0	0	5	0	299	65	0	0	9	0	270	141	0	0	0	0	155	0	0	0	95	0	9	0	0	0	0	0	0	285	0	0	142	176	35	0	0	0	0	0	0	0	0	0	0	0	0	196	285	0	0	0	0	117	0	31	0	0	0	0	0	0	0	0	9	39	0	0	157	0
0	0	128	0	0	0	0	0	0	157	0	0	0	0	0	128	0	0	0	0	0	13	0	0	0	0	0	0	0	0	0	0	0	0	143	0	0	0	34	0	0	0	0	0	0	0	0	0	0	0	0	0	54	143	0	0	0	0	0	0	0	0	0	0	0	0	0	0	0	0	0	0	0	15	0
0	0	94	0	0	0	0	0	0	123	0	0	0	0	0	94	0	0	0	0	0	0	0	0	0	0	0	0	0	0	0	0	0	0	109	0	0	0	0	0	0	0	0	0	0	0	0	0	0	0	0	0	20	109	0	0	0	0	0	0	0	0	0	0	0	0	0	0	0	0	0	0	0	0	0
25	0	235	0	0	0	0	0	0	264	30	0	0	0	0	235	106	0	0	0	0	120	0	0	0	60	0	0	0	0	0	0	0	0	250	0	0	107	141	0	0	0	0	0	0	0	0	0	0	0	0	0	161	250	0	0	0	0	82	0	0	0	0	0	0	0	0	0	0	0	4	0	0	122	0
120	0	330	65	0	10	59	65	0	359	125	0	0	69	57	330	201	0	0	0	0	215	0	0	0	155	0	69	0	0	0	60	0	0	345	0	60	202	236	95	0	0	0	0	0	0	0	0	0	0	26	0	256	345	58	0	0	0	177	0	91	0	0	0	30	0	17	0	0	69	99	0	26	217	60
210	0	420	155	0	100	149	155	0	449	215	0	0	159	147	420	291	0	0	0	8	305	42	8	0	245	0	159	0	0	0	150	0	0	435	0	150	292	326	185	90	0	0	5	0	0	0	0	0	0	116	5	346	435	148	0	0	0	267	0	181	0	0	0	120	0	107	0	8	159	189	0	116	307	150
426	96	636	371	46	316	365	371	1	665	431	81	111	375	363	636	507	76	111	114	224	521	258	224	121	461	92	375	42	36	0	366	36	131	651	116	366	508	542	401	306	216	0	221	1	31	201	121	211	111	332	221	562	651	364	0	176	40	483	66	397	44	44	51	336	76	323	201	224	375	405	38	332	523	366
205	0	415	150	0	95	144	150	0	444	210	0	0	154	142	415	286	0	0	0	3	300	37	3	0	240	0	154	0	0	0	145	0	0	430	0	145	287	321	180	85	0	0	0	0	0	0	0	0	0	111	0	341	430	143	0	0	0	262	0	176	0	0	0	115	0	102	0	3	154	184	0	111	302	145
425	95	635	370	45	315	364	370	0	664	430	80	110	374	362	635	506	75	110	113	223	520	257	223	120	460	91	374	41	35	0	365	35	130	650	115	365	507	541	400	305	215	0	220	0	30	200	120	210	110	331	220	561	650	363	0	175	39	482	65	396	43	43	50	335	75	322	200	223	374	404	37	331	522	365
395	65	605	340	15	285	334	340	0	634	400	50	80	344	332	605	476	45	80	83	193	490	227	193	90	430	61	344	11	5	0	335	5	100	620	85	335	477	511	370	275	185	0	190	0	0	170	90	180	80	301	190	531	620	333	0	145	9	452	35	366	13	13	20	305	45	292	170	193	344	374	7	301	492	335
225	0	435	170	0	115	164	170	0	464	230	0	0	174	162	435	306	0	0	0	23	320	57	23	0	260	0	174	0	0	0	165	0	0	450	0	165	307	341	200	105	15	0	20	0	0	0	0	10	0	131	20	361	450	163	0	0	0	282	0	196	0	0	0	135	0	122	0	23	174	204	0	131	322	165
305	0	515	250	0	195	244	250	0	544	310	0	0	254	242	515	386	0	0	0	103	400	137	103	0	340	0	254	0	0	0	245	0	10	530	0	245	387	421	280	185	95	0	100	0	0	80	0	90	0	211	100	441	530	243	0	55	0	362	0	276	0	0	0	215	0	202	80	103	254	284	0	211	402	245
215	0	425	160	0	105	154	160	0	454	220	0	0	164	152	425	296	0	0	0	13	310	47	13	0	250	0	164	0	0	0	155	0	0	440	0	155	297	331	190	95	5	0	10	0	0	0	0	0	0	121	10	351	440	153	0	0	0	272	0	186	0	0	0	125	0	112	0	13	164	194	0	121	312	155
315	0	525	260	0	205	254	260	0	554	320	0	0	264	252	525	396	0	0	3	113	410	147	113	10	350	0	264	0	0	0	255	0	20	540	5	255	397	431	290	195	105	0	110	0	0	90	10	100	0	221	110	451	540	253	0	65	0	372	0	286	0	0	0	225	0	212	90	113	264	294	0	221	412	255
94	0	304	39	0	0	33	39	0	333	99	0	0	43	31	304	175	0	0	0	0	189	0	0	0	129	0	43	0	0	0	34	0	0	319	0	34	176	210	69	0	0	0	0	0	0	0	0	0	0	0	0	230	319	32	0	0	0	151	0	65	0	0	0	4	0	0	0	0	43	73	0	0	191	34
205	0	415	150	0	95	144	150	0	444	210	0	0	154	142	415	286	0	0	0	3	300	37	3	0	240	0	154	0	0	0	145	0	0	430	0	145	287	321	180	85	0	0	0	0	0	0	0	0	0	111	0	341	430	143	0	0	0	262	0	176	0	0	0	115	0	102	0	3	154	184	0	111	302	145
0	0	74	0	0	0	0	0	0	103	0	0	0	0	0	74	0	0	0	0	0	0	0	0	0	0	0	0	0	0	0	0	0	0	89	0	0	0	0	0	0	0	0	0	0	0	0	0	0	0	0	0	0	89	0	0	0	0	0	0	0	0	0	0	0	0	0	0	0	0	0	0	0	0	0
0	0	0	0	0	0	0	0	0	14	0	0	0	0	0	0	0	0	0	0	0	0	0	0	0	0	0	0	0	0	0	0	0	0	0	0	0	0	0	0	0	0	0	0	0	0	0	0	0	0	0	0	0	0	0	0	0	0	0	0	0	0	0	0	0	0	0	0	0	0	0	0	0	0	0
62	0	272	7	0	0	1	7	0	301	67	0	0	11	0	272	143	0	0	0	0	157	0	0	0	97	0	11	0	0	0	2	0	0	287	0	2	144	178	37	0	0	0	0	0	0	0	0	0	0	0	0	198	287	0	0	0	0	119	0	33	0	0	0	0	0	0	0	0	11	41	0	0	159	2
450	120	660	395	70	340	389	395	25	689	455	105	135	399	387	660	531	100	135	138	248	545	282	248	145	485	116	399	66	60	0	390	60	155	675	140	390	532	566	425	330	240	24	245	25	55	225	145	235	135	356	245	586	675	388	0	200	64	507	90	421	68	68	75	360	100	347	225	248	399	429	62	356	547	390
250	0	460	195	0	140	189	195	0	489	255	0	0	199	187	460	331	0	0	0	48	345	82	48	0	285	0	199	0	0	0	190	0	0	475	0	190	332	366	225	130	40	0	45	0	0	25	0	35	0	156	45	386	475	188	0	0	0	307	0	221	0	0	0	160	0	147	25	48	199	229	0	156	347	190
386	56	596	331	6	276	325	331	0	625	391	41	71	335	323	596	467	36	71	74	184	481	218	184	81	421	52	335	2	0	0	326	0	91	611	76	326	468	502	361	266	176	0	181	0	0	161	81	171	71	292	181	522	611	324	0	136	0	443	26	357	4	4	11	296	36	283	161	184	335	365	0	292	483	326
0	0	153	0	0	0	0	0	0	182	0	0	0	0	0	153	24	0	0	0	0	38	0	0	0	0	0	0	0	0	0	0	0	0	168	0	0	25	59	0	0	0	0	0	0	0	0	0	0	0	0	0	79	168	0	0	0	0	0	0	0	0	0	0	0	0	0	0	0	0	0	0	0	40	0
360	30	570	305	0	250	299	305	0	599	365	15	45	309	297	570	441	10	45	48	158	455	192	158	55	395	26	309	0	0	0	300	0	65	585	50	300	442	476	335	240	150	0	155	0	0	135	55	145	45	266	155	496	585	298	0	110	0	417	0	331	0	0	0	270	10	257	135	158	309	339	0	266	457	300
29	0	239	0	0	0	0	0	0	268	34	0	0	0	0	239	110	0	0	0	0	124	0	0	0	64	0	0	0	0	0	0	0	0	254	0	0	111	145	4	0	0	0	0	0	0	0	0	0	0	0	0	165	254	0	0	0	0	86	0	0	0	0	0	0	0	0	0	0	0	8	0	0	126	0
382	52	592	327	2	272	321	327	0	621	387	37	67	331	319	592	463	32	67	70	180	477	214	180	77	417	48	331	0	0	0	322	0	87	607	72	322	464	498	357	262	172	0	177	0	0	157	77	167	67	288	177	518	607	320	0	132	0	439	22	353	0	0	7	292	32	279	157	180	331	361	0	288	479	322
382	52	592	327	2	272	321	327	0	621	387	37	67	331	319	592	463	32	67	70	180	477	214	180	77	417	48	331	0	0	0	322	0	87	607	72	322	464	498	357	262	172	0	177	0	0	157	77	167	67	288	177	518	607	320	0	132	0	439	22	353	0	0	7	292	32	279	157	180	331	361	0	288	479	322
375	45	585	320	0	265	314	320	0	614	380	30	60	324	312	585	456	25	60	63	173	470	207	173	70	410	41	324	0	0	0	315	0	80	600	65	315	457	491	350	255	165	0	170	0	0	150	70	160	60	281	170	511	600	313	0	125	0	432	15	346	0	0	0	285	25	272	150	173	324	354	0	281	472	315
90	0	300	35	0	0	29	35	0	329	95	0	0	39	27	300	171	0	0	0	0	185	0	0	0	125	0	39	0	0	0	30	0	0	315	0	30	172	206	65	0	0	0	0	0	0	0	0	0	0	0	0	226	315	28	0	0	0	147	0	61	0	0	0	0	0	0	0	0	39	69	0	0	187	30
350	20	560	295	0	240	289	295	0	589	355	5	35	299	287	560	431	0	35	38	148	445	182	148	45	385	16	299	0	0	0	290	0	55	575	40	290	432	466	325	230	140	0	145	0	0	125	45	135	35	256	145	486	575	288	0	100	0	407	0	321	0	0	0	260	0	247	125	148	299	329	0	256	447	290
103	0	313	48	0	0	42	48	0	342	108	0	0	52	40	313	184	0	0	0	0	198	0	0	0	138	0	52	0	0	0	43	0	0	328	0	43	185	219	78	0	0	0	0	0	0	0	0	0	0	9	0	239	328	41	0	0	0	160	0	74	0	0	0	13	0	0	0	0	52	82	0	9	200	43
225	0	435	170	0	115	164	170	0	464	230	0	0	174	162	435	306	0	0	0	23	320	57	23	0	260	0	174	0	0	0	165	0	0	450	0	165	307	341	200	105	15	0	20	0	0	0	0	10	0	131	20	361	450	163	0	0	0	282	0	196	0	0	0	135	0	122	0	23	174	204	0	131	322	165
202	0	412	147	0	92	141	147	0	441	207	0	0	151	139	412	283	0	0	0	0	297	34	0	0	237	0	151	0	0	0	142	0	0	427	0	142	284	318	177	82	0	0	0	0	0	0	0	0	0	108	0	338	427	140	0	0	0	259	0	173	0	0	0	112	0	99	0	0	151	181	0	108	299	142
51	0	261	0	0	0	0	0	0	290	56	0	0	0	0	261	132	0	0	0	0	146	0	0	0	86	0	0	0	0	0	0	0	0	276	0	0	133	167	26	0	0	0	0	0	0	0	0	0	0	0	0	187	276	0	0	0	0	108	0	22	0	0	0	0	0	0	0	0	0	30	0	0	148	0
21	0	231	0	0	0	0	0	0	260	26	0	0	0	0	231	102	0	0	0	0	116	0	0	0	56	0	0	0	0	0	0	0	0	246	0	0	103	137	0	0	0	0	0	0	0	0	0	0	0	0	0	157	246	0	0	0	0	78	0	0	0	0	0	0	0	0	0	0	0	0	0	0	118	0
388	58	598	333	8	278	327	333	0	627	393	43	73	337	325	598	469	38	73	76	186	483	220	186	83	423	54	337	4	0	0	328	0	93	613	78	328	470	504	363	268	178	0	183	0	0	163	83	173	73	294	183	524	613	326	0	138	2	445	28	359	6	6	13	298	38	285	163	186	337	367	0	294	485	328
94	0	304	39	0	0	33	39	0	333	99	0	0	43	31	304	175	0	0	0	0	189	0	0	0	129	0	43	0	0	0	34	0	0	319	0	34	176	210	69	0	0	0	0	0	0	0	0	0	0	0	0	230	319	32	0	0	0	151	0	65	0	0	0	4	0	0	0	0	43	73	0	0	191	34
0	0	113	0	0	0	0	0	0	142	0	0	0	0	0	113	0	0	0	0	0	0	0	0	0	0	0	0	0	0	0	0	0	0	128	0	0	0	19	0	0	0	0	0	0	0	0	0	0	0	0	0	39	128	0	0	0	0	0	0	0	0	0	0	0	0	0	0	0	0	0	0	0	0	0
60	0	270	5	0	0	0	5	0	299	65	0	0	9	0	270	141	0	0	0	0	155	0	0	0	95	0	9	0	0	0	0	0	0	285	0	0	142	176	35	0	0	0	0	0	0	0	0	0	0	0	0	196	285	0	0	0	0	117	0	31	0	0	0	0	0	0	0	0	9	39	0	0	157	0

0	330	0	55	380	110	61	55	425	0	0	345	315	51	63	0	0	350	315	312	202	0	168	202	305	0	334	51	384	390	459	60	390	295	0	310	60	0	0	25	120	210	426	205	425	395	225	305	215	315	94	205	0	0	62	450	250	386	0	360	29	382	382	375	90	350	103	225	202	51	21	388	94	0	60
0	0	0	0	50	0	0	0	95	0	0	15	0	0	0	0	0	20	0	0	0	0	0	0	0	0	4	0	54	60	129	0	60	0	0	0	0	0	0	0	0	0	96	0	95	65	0	0	0	0	0	0	0	0	0	120	0	56	0	30	0	52	52	45	0	20	0	0	0	0	0	58	0	0	0
210	540	0	265	590	320	271	265	635	0	205	555	525	261	273	0	129	560	525	522	412	115	378	412	515	175	544	261	594	600	669	270	600	505	0	520	270	128	94	235	330	420	636	415	635	605	435	515	425	525	304	415	74	0	272	660	460	596	153	570	239	592	592	585	300	560	313	435	412	261	231	598	304	113	270
0	275	0	0	325	55	6	0	370	0	0	290	260	0	8	0	0	295	260	257	147	0	113	147	250	0	279	0	329	335	404	5	335	240	0	255	5	0	0	0	65	155	371	150	370	340	170	250	160	260	39	150	0	0	7	395	195	331	0	305	0	327	327	320	35	295	48	170	147	0	0	333	39	0	5
0	0	0	0	0	0	0	0	45	0	0	0	0	0	0	0	0	0	0	0	0	0	0	0	0	0	0	0	4	10	79	0	10	0	0	0	0	0	0	0	0	0	46	0	45	15	0	0	0	0	0	0	0	0	0	70	0	6	0	0	0	2	2	0	0	0	0	0	0	0	0	8	0	0	0
0	220	0	0	270	0	0	0	315	0	0	235	205	0	0	0	0	240	205	202	92	0	58	92	195	0	224	0	274	280	349	0	280	185	0	200	0	0	0	0	10	100	316	95	315	285	115	195	105	205	0	95	0	0	0	340	140	276	0	250	0	272	272	265	0	240	0	115	92	0	0	278	0	0	0
0	269	0	0	319	49	0	0	364	0	0	284	254	0	2	0	0	289	254	251	141	0	107	141	244	0	273	0	323	329	398	0	329	234	0	249	0	0	0	0	59	149	365	144	364	334	164	244	154	254	33	144	0	0	1	389	189	325	0	299	0	321	321	314	29	289	42	164	141	0	0	327	33	0	0
0	275	0	0	325	55	6	0	370	0	0	290	260	0	8	0	0	295	260	257	147	0	113	147	250	0	279	0	329	335	404	5	335	240	0	255	5	0	0	0	65	155	371	150	370	340	170	250	160	260	39	150	0	0	7	395	195	331	0	305	0	327	327	320	35	295	48	170	147	0	0	333	39	0	5
0	0	0	0	0	0	0	0	0	0	0	0	0	0	0	0	0	0	0	0	0	0	0	0	0	0	0	0	0	0	34	0	0	0	0	0	0	0	0	0	0	0	1	0	0	0	0	0	0	0	0	0	0	0	0	25	0	0	0	0	0	0	0	0	0	0	0	0	0	0	0	0	0	0	0
239	569	29	294	619	349	300	294	664	0	234	584	554	290	302	29	158	589	554	551	441	144	407	441	544	204	573	290	623	629	698	299	629	534	14	549	299	157	123	264	359	449	665	444	664	634	464	544	454	554	333	444	103	14	301	689	489	625	182	599	268	621	621	614	329	589	342	464	441	290	260	627	333	142	299
5	335	0	60	385	115	66	60	430	0	0	350	320	56	68	0	0	355	320	317	207	0	173	207	310	0	339	56	389	395	464	65	395	300	0	315	65	0	0	30	125	215	431	210	430	400	230	310	220	320	99	210	0	0	67	455	255	391	0	365	34	387	387	380	95	355	108	230	207	56	26	393	99	0	65
0	0	0	0	35	0	0	0	80	0	0	0	0	0	0	0	0	5	0	0	0	0	0	0	0	0	0	0	39	45	114	0	45	0	0	0	0	0	0	0	0	0	81	0	80	50	0	0	0	0	0	0	0	0	0	105	0	41	0	15	0	37	37	30	0	5	0	0	0	0	0	43	0	0	0
0	15	0	0	65	0	0	0	110	0	0	30	0	0	0	0	0	35	0	0	0	0	0	0	0	0	19	0	69	75	144	0	75	0	0	0	0	0	0	0	0	0	111	0	110	80	0	0	0	0	0	0	0	0	0	135	0	71	0	45	0	67	67	60	0	35	0	0	0	0	0	73	0	0	0
0	279	0	4	329	59	10	4	374	0	0	294	264	0	12	0	0	299	264	261	151	0	117	151	254	0	283	0	333	339	408	9	339	244	0	259	9	0	0	0	69	159	375	154	374	344	174	254	164	264	43	154	0	0	11	399	199	335	0	309	0	331	331	324	39	299	52	174	151	0	0	337	43	0	9
0	267	0	0	317	47	0	0	362	0	0	282	252	0	0	0	0	287	252	249	139	0	105	139	242	0	271	0	321	327	396	0	327	232	0	247	0	0	0	0	57	147	363	142	362	332	162	242	152	252	31	142	0	0	0	387	187	323	0	297	0	319	319	312	27	287	40	162	139	0	0	325	31	0	0
210	540	0	265	590	320	271	265	635	0	205	555	525	261	273	0	129	560	525	522	412	115	378	412	515	175	544	261	594	600	669	270	600	505	0	520	270	128	94	235	330	420	636	415	635	605	435	515	425	525	304	415	74	0	272	660	460	596	153	570	239	592	592	585	300	560	313	435	412	261	231	598	304	113	270
81	411	0	136	461	191	142	136	506	0	76	426	396	132	144	0	0	431	396	393	283	0	249	283	386	46	415	132	465	471	540	141	471	376	0	391	141	0	0	106	201	291	507	286	506	476	306	386	296	396	175	286	0	0	143	531	331	467	24	441	110	463	463	456	171	431	184	306	283	132	102	469	175	0	141
0	0	0	0	30	0	0	0	75	0	0	0	0	0	0	0	0	0	0	0	0	0	0	0	0	0	0	0	34	40	109	0	40	0	0	0	0	0	0	0	0	0	76	0	75	45	0	0	0	0	0	0	0	0	0	100	0	36	0	10	0	32	32	25	0	0	0	0	0	0	0	38	0	0	0
0	15	0	0	65	0	0	0	110	0	0	30	0	0	0	0	0	35	0	0	0	0	0	0	0	0	19	0	69	75	144	0	75	0	0	0	0	0	0	0	0	0	111	0	110	80	0	0	0	0	0	0	0	0	0	135	0	71	0	45	0	67	67	60	0	35	0	0	0	0	0	73	0	0	0
0	18	0	0	68	0	0	0	113	0	0	33	3	0	0	0	0	38	3	0	0	0	0	0	0	0	22	0	72	78	147	0	78	0	0	0	0	0	0	0	0	0	114	0	113	83	0	0	0	3	0	0	0	0	0	138	0	74	0	48	0	70	70	63	0	38	0	0	0	0	0	76	0	0	0
0	128	0	0	178	0	0	0	223	0	0	143	113	0	0	0	0	148	113	110	0	0	0	0	103	0	132	0	182	188	257	0	188	93	0	108	0	0	0	0	0	8	224	3	223	193	23	103	13	113	0	3	0	0	0	248	48	184	0	158	0	180	180	173	0	148	0	23	0	0	0	186	0	0	0
95	425	0	150	475	205	156	150	520	0	90	440	410	146	158	0	14	445	410	407	297	0	263	297	400	60	429	146	479	485	554	155	485	390	0	405	155	13	0	120	215	305	521	300	520	490	320	400	310	410	189	300	0	0	157	545	345	481	38	455	124	477	477	470	185	445	198	320	297	146	116	483	189	0	155
0	162	0	0	212	0	0	0	257	0	0	177	147	0	0	0	0	182	147	144	34	0	0	34	137	0	166	0	216	222	291	0	222	127	0	142	0	0	0	0	0	42	258	37	257	227	57	137	47	147	0	37	0	0	0	282	82	218	0	192	0	214	214	207	0	182	0	57	34	0	0	220	0	0	0
0	128	0	0	178	0	0	0	223	0	0	143	113	0	0	0	0	148	113	110	0	0	0	0	103	0	132	0	182	188	257	0	188	93	0	108	0	0	0	0	0	8	224	3	223	193	23	103	13	113	0	3	0	0	0	248	48	184	0	158	0	180	180	173	0	148	0	23	0	0	0	186	0	0	0
0	25	0	0	75	0	0	0	120	0	0	40	10	0	0	0	0	45	10	7	0	0	0	0	0	0	29	0	79	85	154	0	85	0	0	5	0	0	0	0	0	0	121	0	120	90	0	0	0	10	0	0	0	0	0	145	0	81	0	55	0	77	77	70	0	45	0	0	0	0	0	83	0	0	0
35	365	0	90	415	145	96	90	460	0	30	380	350	86	98	0	0	385	350	347	237	0	203	237	340	0	369	86	419	425	494	95	425	330	0	345	95	0	0	60	155	245	461	240	460	430	260	340	250	350	129	240	0	0	97	485	285	421	0	395	64	417	417	410	125	385	138	260	237	86	56	423	129	0	95
0	0	0	0	46	0	0	0	91	0	0	11	0	0	0	0	0	16	0	0	0	0	0	0	0	0	0	0	50	56	125	0	56	0	0	0	0	0	0	0	0	0	92	0	91	61	0	0	0	0	0	0	0	0	0	116	0	52	0	26	0	48	48	41	0	16	0	0	0	0	0	54	0	0	0
0	279	0	4	329	59	10	4	374	0	0	294	264	0	12	0	0	299	264	261	151	0	117	151	254	0	283	0	333	339	408	9	339	244	0	259	9	0	0	0	69	159	375	154	374	344	174	254	164	264	43	154	0	0	11	399	199	335	0	309	0	331	331	324	39	299	52	174	151	0	0	337	43	0	9
0	0	0	0	0	0	0	0	41	0	0	0	0	0	0	0	0	0	0	0	0	0	0	0	0	0	0	0	0	6	75	0	6	0	0	0	0	0	0	0	0	0	42	0	41	11	0	0	0	0	0	0	0	0	0	66	0	2	0	0	0	0	0	0	0	0	0	0	0	0	0	4	0	0	0
0	0	0	0	0	0	0	0	35	0	0	0	0	0	0	0	0	0	0	0	0	0	0	0	0	0	0	0	0	0	69	0	0	0	0	0	0	0	0	0	0	0	36	0	35	5	0	0	0	0	0	0	0	0	0	60	0	0	0	0	0	0	0	0	0	0	0	0	0	0	0	0	0	0	0
0	0	0	0	0	0	0	0	0	0	0	0	0	0	0	0	0	0	0	0	0	0	0	0	0	0	0	0	0	0	0	0	0	0	0	0	0	0	0	0	0	0	0	0	0	0	0	0	0	0	0	0	0	0	0	0	0	0	0	0	0	0	0	0	0	0	0	0	0	0	0	0	0	0	0
0	270	0	0	320	50	1	0	365	0	0	285	255	0	3	0	0	290	255	252	142	0	108	142	245	0	274	0	324	330	399	0	330	235	0	250	0	0	0	0	60	150	366	145	365	335	165	245	155	255	34	145	0	0	2	390	190	326	0	300	0	322	322	315	30	290	43	165	142	0	0	328	34	0	0
0	0	0	0	0	0	0	0	35	0	0	0	0	0	0	0	0	0	0	0	0	0	0	0	0	0	0	0	0	0	69	0	0	0	0	0	0	0	0	0	0	0	36	0	35	5	0	0	0	0	0	0	0	0	0	60	0	0	0	0	0	0	0	0	0	0	0	0	0	0	0	0	0	0	0
0	35	0	0	85	0	0	0	130	0	0	50	20	0	0	0	0	55	20	17	0	0	0	0	10	0	39	0	89	95	164	0	95	0	0	15	0	0	0	0	0	0	131	0	130	100	0	10	0	20	0	0	0	0	0	155	0	91	0	65	0	87	87	80	0	55	0	0	0	0	0	93	0	0	0
225	555	15	280	605	335	286	280	650	0	220	570	540	276	288	15	144	575	540	537	427	130	393	427	530	190	559	276	609	615	684	285	615	520	0	535	285	143	109	250	345	435	651	430	650	620	450	530	440	540	319	430	89	0	287	675	475	611	168	585	254	607	607	600	315	575	328	450	427	276	246	613	319	128	285
0	20	0	0	70	0	0	0	115	0	0	35	5	0	0	0	0	40	5	2	0	0	0	0	0	0	24	0	74	80	149	0	80	0	0	0	0	0	0	0	0	0	116	0	115	85	0	0	0	5	0	0	0	0	0	140	0	76	0	50	0	72	72	65	0	40	0	0	0	0	0	78	0	0	0
0	270	0	0	320	50	1	0	365	0	0	285	255	0	3	0	0	290	255	252	142	0	108	142	245	0	274	0	324	330	399	0	330	235	0	250	0	0	0	0	60	150	366	145	365	335	165	245	155	255	34	145	0	0	2	390	190	326	0	300	0	322	322	315	30	290	43	165	142	0	0	328	34	0	0
82	412	0	137	462	192	143	137	507	0	77	427	397	133	145	0	1	432	397	394	284	0	250	284	387	47	416	133	466	472	541	142	472	377	0	392	142	0	0	107	202	292	508	287	507	477	307	387	297	397	176	287	0	0	144	532	332	468	25	442	111	464	464	457	172	432	185	307	284	133	103	470	176	0	142
116	446	0	171	496	226	177	171	541	0	111	461	431	167	179	0	35	466	431	428	318	21	284	318	421	81	450	167	500	506	575	176	506	411	0	426	176	34	0	141	236	326	542	321	541	511	341	421	331	431	210	321	0	0	178	566	366	502	59	476	145	498	498	491	206	466	219	341	318	167	137	504	210	19	176
0	305	0	30	355	85	36	30	400	0	0	320	290	26	38	0	0	325	290	287	177	0	143	177	280	0	309	26	359	365	434	35	365	270	0	285	35	0	0	0	95	185	401	180	400	370	200	280	190	290	69	180	0	0	37	425	225	361	0	335	4	357	357	350	65	325	78	200	177	26	0	363	69	0	35
0	210	0	0	260	0	0	0	305	0	0	225	195	0	0	0	0	230	195	192	82	0	48	82	185	0	214	0	264	270	339	0	270	175	0	190	0	0	0	0	0	90	306	85	305	275	105	185	95	195	0	85	0	0	0	330	130	266	0	240	0	262	262	255	0	230	0	105	82	0	0	268	0	0	0
0	120	0	0	170	0	0	0	215	0	0	135	105	0	0	0	0	140	105	102	0	0	0	0	95	0	124	0	174	180	249	0	180	85	0	100	0	0	0	0	0	0	216	0	215	185	15	95	5	105	0	0	0	0	0	240	40	176	0	150	0	172	172	165	0	140	0	15	0	0	0	178	0	0	0
0	0	0	0	0	0	0	0	0	0	0	0	0	0	0	0	0	0	0	0	0	0	0	0	0	0	0	0	0	0	33	0	0	0	0	0	0	0	0	0	0	0	0	0	0	0	0	0	0	0	0	0	0	0	0	24	0	0	0	0	0	0	0	0	0	0	0	0	0	0	0	0	0	0	0
0	125	0	0	175	0	0	0	220	0	0	140	110	0	0	0	0	145	110	107	0	0	0	0	100	0	129	0	179	185	254	0	185	90	0	105	0	0	0	0	0	5	221	0	220	190	20	100	10	110	0	0	0	0	0	245	45	181	0	155	0	177	177	170	0	145	0	20	0	0	0	183	0	0	0
0	0	0	0	0	0	0	0	0	0	0	0	0	0	0	0	0	0	0	0	0	0	0	0	0	0	0	0	0	0	34	0	0	0	0	0	0	0	0	0	0	0	1	0	0	0	0	0	0	0	0	0	0	0	0	25	0	0	0	0	0	0	0	0	0	0	0	0	0	0	0	0	0	0	0
0	0	0	0	0	0	0	0	30	0	0	0	0	0	0	0	0	0	0	0	0	0	0	0	0	0	0	0	0	0	64	0	0	0	0	0	0	0	0	0	0	0	31	0	30	0	0	0	0	0	0	0	0	0	0	55	0	0	0	0	0	0	0	0	0	0	0	0	0	0	0	0	0	0	0
0	105	0	0	155	0	0	0	200	0	0	120	90	0	0	0	0	125	90	87	0	0	0	0	80	0	109	0	159	165	234	0	165	70	0	85	0	0	0	0	0	0	201	0	200	170	0	80	0	90	0	0	0	0	0	225	25	161	0	135	0	157	157	150	0	125	0	0	0	0	0	163	0	0	0
0	25	0	0	75	0	0	0	120	0	0	40	10	0	0	0	0	45	10	7	0	0	0	0	0	0	29	0	79	85	154	0	85	0	0	5	0	0	0	0	0	0	121	0	120	90	0	0	0	10	0	0	0	0	0	145	0	81	0	55	0	77	77	70	0	45	0	0	0	0	0	83	0	0	0
0	115	0	0	165	0	0	0	210	0	0	130	100	0	0	0	0	135	100	97	0	0	0	0	90	0	119	0	169	175	244	0	175	80	0	95	0	0	0	0	0	0	211	0	210	180	10	90	0	100	0	0	0	0	0	235	35	171	0	145	0	167	167	160	0	135	0	10	0	0	0	173	0	0	0
0	15	0	0	65	0	0	0	110	0	0	30	0	0	0	0	0	35	0	0	0	0	0	0	0	0	19	0	69	75	144	0	75	0	0	0	0	0	0	0	0	0	111	0	110	80	0	0	0	0	0	0	0	0	0	135	0	71	0	45	0	67	67	60	0	35	0	0	0	0	0	73	0	0	0
0	236	0	0	286	16	0	0	331	0	0	251	221	0	0	0	0	256	221	218	108	0	74	108	211	0	240	0	290	296	365	0	296	201	0	216	0	0	0	0	26	116	332	111	331	301	131	211	121	221	0	111	0	0	0	356	156	292	0	266	0	288	288	281	0	256	9	131	108	0	0	294	0	0	0
0	125	0	0	175	0	0	0	220	0	0	140	110	0	0	0	0	145	110	107	0	0	0	0	100	0	129	0	179	185	254	0	185	90	0	105	0	0	0	0	0	5	221	0	220	190	20	100	10	110	0	0	0	0	0	245	45	181	0	155	0	177	177	170	0	145	0	20	0	0	0	183	0	0	0
136	466	0	191	516	246	197	191	561	0	131	481	451	187	199	0	55	486	451	448	338	41	304	338	441	101	470	187	520	526	595	196	526	431	0	446	196	54	20	161	256	346	562	341	561	531	361	441	351	451	230	341	0	0	198	586	386	522	79	496	165	518	518	511	226	486	239	361	338	187	157	524	230	39	196
225	555	15	280	605	335	286	280	650	0	220	570	540	276	288	15	144	575	540	537	427	130	393	427	530	190	559	276	609	615	684	285	615	520	0	535	285	143	109	250	345	435	651	430	650	620	450	530	440	540	319	430	89	0	287	675	475	611	168	585	254	607	607	600	315	575	328	450	427	276	246	613	319	128	285
0	268	0	0	318	48	0	0	363	0	0	283	253	0	1	0	0	288	253	250	140	0	106	140	243	0	272	0	322	328	397	0	328	233	0	248	0	0	0	0	58	148	364	143	363	333	163	243	153	253	32	143	0	0	0	388	188	324	0	298	0	320	320	313	28	288	41	163	140	0	0	326	32	0	0
0	0	0	0	0	0	0	0	0	0	0	0	0	0	0	0	0	0	0	0	0	0	0	0	0	0	0	0	0	0	9	0	0	0	0	0	0	0	0	0	0	0	0	0	0	0	0	0	0	0	0	0	0	0	0	0	0	0	0	0	0	0	0	0	0	0	0	0	0	0	0	0	0	0	0
0	80	0	0	130	0	0	0	175	0	0	95	65	0	0	0	0	100	65	62	0	0	0	0	55	0	84	0	134	140	209	0	140	45	0	60	0	0	0	0	0	0	176	0	175	145	0	55	0	65	0	0	0	0	0	200	0	136	0	110	0	132	132	125	0	100	0	0	0	0	0	138	0	0	0
0	0	0	0	0	0	0	0	39	0	0	0	0	0	0	0	0	0	0	0	0	0	0	0	0	0	0	0	0	4	73	0	4	0	0	0	0	0	0	0	0	0	40	0	39	9	0	0	0	0	0	0	0	0	0	64	0	0	0	0	0	0	0	0	0	0	0	0	0	0	0	2	0	0	0
57	387	0	112	437	167	118	112	482	0	52	402	372	108	120	0	0	407	372	369	259	0	225	259	362	22	391	108	441	447	516	117	447	352	0	367	117	0	0	82	177	267	483	262	482	452	282	362	272	372	151	262	0	0	119	507	307	443	0	417	86	439	439	432	147	407	160	282	259	108	78	445	151	0	117
0	0	0	0	20	0	0	0	65	0	0	0	0	0	0	0	0	0	0	0	0	0	0	0	0	0	0	0	24	30	99	0	30	0	0	0	0	0	0	0	0	0	66	0	65	35	0	0	0	0	0	0	0	0	0	90	0	26	0	0	0	22	22	15	0	0	0	0	0	0	0	28	0	0	0
0	301	0	26	351	81	32	26	396	0	0	316	286	22	34	0	0	321	286	283	173	0	139	173	276	0	305	22	355	361	430	31	361	266	0	281	31	0	0	0	91	181	397	176	396	366	196	276	186	286	65	176	0	0	33	421	221	357	0	331	0	353	353	346	61	321	74	196	173	22	0	359	65	0	31
0	0	0	0	0	0	0	0	43	0	0	0	0	0	0	0	0	0	0	0	0	0	0	0	0	0	0	0	2	8	77	0	8	0	0	0	0	0	0	0	0	0	44	0	43	13	0	0	0	0	0	0	0	0	0	68	0	4	0	0	0	0	0	0	0	0	0	0	0	0	0	6	0	0	0
0	0	0	0	0	0	0	0	43	0	0	0	0	0	0	0	0	0	0	0	0	0	0	0	0	0	0	0	2	8	77	0	8	0	0	0	0	0	0	0	0	0	44	0	43	13	0	0	0	0	0	0	0	0	0	68	0	4	0	0	0	0	0	0	0	0	0	0	0	0	0	6	0	0	0
0	0	0	0	5	0	0	0	50	0	0	0	0	0	0	0	0	0	0	0	0	0	0	0	0	0	0	0	9	15	84	0	15	0	0	0	0	0	0	0	0	0	51	0	50	20	0	0	0	0	0	0	0	0	0	75	0	11	0	0	0	7	7	0	0	0	0	0	0	0	0	13	0	0	0
0	240	0	0	290	20	0	0	335	0	0	255	225	0	0	0	0	260	225	222	112	0	78	112	215	0	244	0	294	300	369	0	300	205	0	220	0	0	0	0	30	120	336	115	335	305	135	215	125	225	4	115	0	0	0	360	160	296	0	270	0	292	292	285	0	260	13	135	112	0	0	298	4	0	0
0	0	0	0	30	0	0	0	75	0	0	0	0	0	0	0	0	0	0	0	0	0	0	0	0	0	0	0	34	40	109	0	40	0	0	0	0	0	0	0	0	0	76	0	75	45	0	0	0	0	0	0	0	0	0	100	0	36	0	10	0	32	32	25	0	0	0	0	0	0	0	38	0	0	0
0	227	0	0	277	7	0	0	322	0	0	242	212	0	0	0	0	247	212	209	99	0	65	99	202	0	231	0	281	287	356	0	287	192	0	207	0	0	0	0	17	107	323	102	322	292	122	202	112	212	0	102	0	0	0	347	147	283	0	257	0	279	279	272	0	247	0	122	99	0	0	285	0	0	0
0	105	0	0	155	0	0	0	200	0	0	120	90	0	0	0	0	125	90	87	0	0	0	0	80	0	109	0	159	165	234	0	165	70	0	85	0	0	0	0	0	0	201	0	200	170	0	80	0	90	0	0	0	0	0	225	25	161	0	135	0	157	157	150	0	125	0	0	0	0	0	163	0	0	0
0	128	0	0	178	0	0	0	223	0	0	143	113	0	0	0	0	148	113	110	0	0	0	0	103	0	132	0	182	188	257	0	188	93	0	108	0	0	0	0	0	8	224	3	223	193	23	103	13	113	0	3	0	0	0	248	48	184	0	158	0	180	180	173	0	148	0	23	0	0	0	186	0	0	0
0	279	0	4	329	59	10	4	374	0	0	294	264	0	12	0	0	299	264	261	151	0	117	151	254	0	283	0	333	339	408	9	339	244	0	259	9	0	0	0	69	159	375	154	374	344	174	254	164	264	43	154	0	0	11	399	199	335	0	309	0	331	331	324	39	299	52	174	151	0	0	337	43	0	9
0	309	0	34	359	89	40	34	404	0	0	324	294	30	42	0	0	329	294	291	181	0	147	181	284	0	313	30	363	369	438	39	369	274	0	289	39	0	0	4	99	189	405	184	404	374	204	284	194	294	73	184	0	0	41	429	229	365	0	339	8	361	361	354	69	329	82	204	181	30	0	367	73	0	39
0	0	0	0	0	0	0	0	37	0	0	0	0	0	0	0	0	0	0	0	0	0	0	0	0	0	0	0	0	2	71	0	2	0	0	0	0	0	0	0	0	0	38	0	37	7	0	0	0	0	0	0	0	0	0	62	0	0	0	0	0	0	0	0	0	0	0	0	0	0	0	0	0	0	0
0	236	0	0	286	16	0	0	331	0	0	251	221	0	0	0	0	256	221	218	108	0	74	108	211	0	240	0	290	296	365	0	296	201	0	216	0	0	0	0	26	116	332	111	331	301	131	211	121	221	0	111	0	0	0	356	156	292	0	266	0	288	288	281	0	256	9	131	108	0	0	294	0	0	0
97	427	0	152	477	207	158	152	522	0	92	442	412	148	160	0	16	447	412	409	299	2	265	299	402	62	431	148	481	487	556	157	487	392	0	407	157	15	0	122	217	307	523	302	522	492	322	402	312	412	191	302	0	0	159	547	347	483	40	457	126	479	479	472	187	447	200	322	299	148	118	485	191	0	157
0	270	0	0	320	50	1	0	365	0	0	285	255	0	3	0	0	290	255	252	142	0	108	142	245	0	274	0	324	330	399	0	330	235	0	250	0	0	0	0	60	150	366	145	365	335	165	245	155	255	34	145	0	0	2	390	190	326	0	300	0	322	322	315	30	290	43	165	142	0	0	328	34	0	0

0	0	90	1070	80	1000	100	50	100	110	90	30	50	1070	310	200	20	50	180	50	50	100	50	20	230	230	140	320	80	80	50	110	1070	30	20	20	0	80	0	150	0	1070	100	400	600	110	200	248	40	130	30	20	0	200	0	40	30	25	100	100	1000	100	0	100	50	130	200	280	130	30	300	200	960	0	0
0	0	90	1070	80	1000	100	50	100	110	90	30	50	1070	310	200	20	50	180	50	50	100	50	20	230	230	140	320	80	80	50	110	1070	30	20	20	0	80	0	150	0	1070	100	400	600	110	200	248	40	130	30	20	0	200	0	40	30	25	100	100	1000	100	0	100	50	130	200	280	130	30	300	200	960	0	0
0	0	0	980	0	910	10	0	10	20	0	0	0	980	220	110	0	0	90	0	0	10	0	0	140	140	50	230	0	0	0	20	980	0	0	0	0	0	0	60	0	980	10	310	510	20	110	158	0	40	0	0	0	110	0	0	0	0	10	10	910	10	0	10	0	40	110	190	40	0	210	110	870	0	0
0	0	0	0	0	0	0	0	0	0	0	0	0	0	0	0	0	0	0	0	0	0	0	0	0	0	0	0	0	0	0	0	0	0	0	0	0	0	0	0	0	0	0	0	0	0	0	0	0	0	0	0	0	0	0	0	0	0	0	0	0	0	0	0	0	0	0	0	0	0	0	0	0	0	0
0	0	10	990	0	920	20	0	20	30	10	0	0	990	230	120	0	0	100	0	0	20	0	0	150	150	60	240	0	0	0	30	990	0	0	0	0	0	0	70	0	990	20	320	520	30	120	168	0	50	0	0	0	120	0	0	0	0	20	20	920	20	0	20	0	50	120	200	50	0	220	120	880	0	0
0	0	0	70	0	0	0	0	0	0	0	0	0	70	0	0	0	0	0	0	0	0	0	0	0	0	0	0	0	0	0	0	70	0	0	0	0	0	0	0	0	70	0	0	0	0	0	0	0	0	0	0	0	0	0	0	0	0	0	0	0	0	0	0	0	0	0	0	0	0	0	0	0	0	0
0	0	0	970	0	900	0	0	0	10	0	0	0	970	210	100	0	0	80	0	0	0	0	0	130	130	40	220	0	0	0	10	970	0	0	0	0	0	0	50	0	970	0	300	500	10	100	148	0	30	0	0	0	100	0	0	0	0	0	0	900	0	0	0	0	30	100	180	30	0	200	100	860	0	0
0	0	40	1020	30	950	50	0	50	60	40	0	0	1020	260	150	0	0	130	0	0	50	0	0	180	180	90	270	30	30	0	60	1020	0	0	0	0	30	0	100	0	1020	50	350	550	60	150	198	0	80	0	0	0	150	0	0	0	0	50	50	950	50	0	50	0	80	150	230	80	0	250	150	910	0	0
0	0	0	970	0	900	0	0	0	10	0	0	0	970	210	100	0	0	80	0	0	0	0	0	130	130	40	220	0	0	0	10	970	0	0	0	0	0	0	50	0	970	0	300	500	10	100	148	0	30	0	0	0	100	0	0	0	0	0	0	900	0	0	0	0	30	100	180	30	0	200	100	860	0	0
0	0	0	960	0	890	0	0	0	0	0	0	0	960	200	90	0	0	70	0	0	0	0	0	120	120	30	210	0	0	0	0	960	0	0	0	0	0	0	40	0	960	0	290	490	0	90	138	0	20	0	0	0	90	0	0	0	0	0	0	890	0	0	0	0	20	90	170	20	0	190	90	850	0	0
0	0	0	980	0	910	10	0	10	20	0	0	0	980	220	110	0	0	90	0	0	10	0	0	140	140	50	230	0	0	0	20	980	0	0	0	0	0	0	60	0	980	10	310	510	20	110	158	0	40	0	0	0	110	0	0	0	0	10	10	910	10	0	10	0	40	110	190	40	0	210	110	870	0	0
0	0	60	1040	50	970	70	20	70	80	60	0	20	1040	280	170	0	20	150	20	20	70	20	0	200	200	110	290	50	50	20	80	1040	0	0	0	0	50	0	120	0	1040	70	370	570	80	170	218	10	100	0	0	0	170	0	10	0	0	70	70	970	70	0	70	20	100	170	250	100	0	270	170	930	0	0
0	0	40	1020	30	950	50	0	50	60	40	0	0	1020	260	150	0	0	130	0	0	50	0	0	180	180	90	270	30	30	0	60	1020	0	0	0	0	30	0	100	0	1020	50	350	550	60	150	198	0	80	0	0	0	150	0	0	0	0	50	50	950	50	0	50	0	80	150	230	80	0	250	150	910	0	0
0	0	0	0	0	0	0	0	0	0	0	0	0	0	0	0	0	0	0	0	0	0	0	0	0	0	0	0	0	0	0	0	0	0	0	0	0	0	0	0	0	0	0	0	0	0	0	0	0	0	0	0	0	0	0	0	0	0	0	0	0	0	0	0	0	0	0	0	0	0	0	0	0	0	0
0	0	0	760	0	690	0	0	0	0	0	0	0	760	0	0	0	0	0	0	0	0	0	0	0	0	0	10	0	0	0	0	760	0	0	0	0	0	0	0	0	760	0	90	290	0	0	0	0	0	0	0	0	0	0	0	0	0	0	0	690	0	0	0	0	0	0	0	0	0	0	0	650	0	0
0	0	0	870	0	800	0	0	0	0	0	0	0	870	110	0	0	0	0	0	0	0	0	0	30	30	0	120	0	0	0	0	870	0	0	0	0	0	0	0	0	870	0	200	400	0	0	48	0	0	0	0	0	0	0	0	0	0	0	0	800	0	0	0	0	0	0	80	0	0	100	0	760	0	0
0	0	70	1050	60	980	80	30	80	90	70	10	30	1050	290	180	0	30	160	30	30	80	30	0	210	210	120	300	60	60	30	90	1050	10	0	0	0	60	0	130	0	1050	80	380	580	90	180	228	20	110	10	0	0	180	0	20	10	5	80	80	980	80	0	80	30	110	180	260	110	10	280	180	940	0	0
0	0	40	1020	30	950	50	0	50	60	40	0	0	1020	260	150	0	0	130	0	0	50	0	0	180	180	90	270	30	30	0	60	1020	0	0	0	0	30	0	100	0	1020	50	350	550	60	150	198	0	80	0	0	0	150	0	0	0	0	50	50	950	50	0	50	0	80	150	230	80	0	250	150	910	0	0
0	0	0	890	0	820	0	0	0	0	0	0	0	890	130	20	0	0	0	0	0	0	0	0	50	50	0	140	0	0	0	0	890	0	0	0	0	0	0	0	0	890	0	220	420	0	20	68	0	0	0	0	0	20	0	0	0	0	0	0	820	0	0	0	0	0	20	100	0	0	120	20	780	0	0
0	0	40	1020	30	950	50	0	50	60	40	0	0	1020	260	150	0	0	130	0	0	50	0	0	180	180	90	270	30	30	0	60	1020	0	0	0	0	30	0	100	0	1020	50	350	550	60	150	198	0	80	0	0	0	150	0	0	0	0	50	50	950	50	0	50	0	80	150	230	80	0	250	150	910	0	0
0	0	40	1020	30	950	50	0	50	60	40	0	0	1020	260	150	0	0	130	0	0	50	0	0	180	180	90	270	30	30	0	60	1020	0	0	0	0	30	0	100	0	1020	50	350	550	60	150	198	0	80	0	0	0	150	0	0	0	0	50	50	950	50	0	50	0	80	150	230	80	0	250	150	910	0	0
0	0	0	970	0	900	0	0	0	10	0	0	0	970	210	100	0	0	80	0	0	0	0	0	130	130	40	220	0	0	0	10	970	0	0	0	0	0	0	50	0	970	0	300	500	10	100	148	0	30	0	0	0	100	0	0	0	0	0	0	900	0	0	0	0	30	100	180	30	0	200	100	860	0	0
0	0	40	1020	30	950	50	0	50	60	40	0	0	1020	260	150	0	0	130	0	0	50	0	0	180	180	90	270	30	30	0	60	1020	0	0	0	0	30	0	100	0	1020	50	350	550	60	150	198	0	80	0	0	0	150	0	0	0	0	50	50	950	50	0	50	0	80	150	230	80	0	250	150	910	0	0
0	0	70	1050	60	980	80	30	80	90	70	10	30	1050	290	180	0	30	160	30	30	80	30	0	210	210	120	300	60	60	30	90	1050	10	0	0	0	60	0	130	0	1050	80	380	580	90	180	228	20	110	10	0	0	180	0	20	10	5	80	80	980	80	0	80	30	110	180	260	110	10	280	180	940	0	0
0	0	0	840	0	770	0	0	0	0	0	0	0	840	80	0	0	0	0	0	0	0	0	0	0	0	0	90	0	0	0	0	840	0	0	0	0	0	0	0	0	840	0	170	370	0	0	18	0	0	0	0	0	0	0	0	0	0	0	0	770	0	0	0	0	0	0	50	0	0	70	0	730	0	0
0	0	0	840	0	770	0	0	0	0	0	0	0	840	80	0	0	0	0	0	0	0	0	0	0	0	0	90	0	0	0	0	840	0	0	0	0	0	0	0	0	840	0	170	370	0	0	18	0	0	0	0	0	0	0	0	0	0	0	0	770	0	0	0	0	0	0	50	0	0	70	0	730	0	0
0	0	0	930	0	860	0	0	0	0	0	0	0	930	170	60	0	0	40	0	0	0	0	0	90	90	0	180	0	0	0	0	930	0	0	0	0	0	0	10	0	930	0	260	460	0	60	108	0	0	0	0	0	60	0	0	0	0	0	0	860	0	0	0	0	0	60	140	0	0	160	60	820	0	0
0	0	0	750	0	680	0	0	0	0	0	0	0	750	0	0	0	0	0	0	0	0	0	0	0	0	0	0	0	0	0	0	750	0	0	0	0	0	0	0	0	750	0	80	280	0	0	0	0	0	0	0	0	0	0	0	0	0	0	0	680	0	0	0	0	0	0	0	0	0	0	0	640	0	0
0	0	10	990	0	920	20	0	20	30	10	0	0	990	230	120	0	0	100	0	0	20	0	0	150	150	60	240	0	0	0	30	990	0	0	0	0	0	0	70	0	990	20	320	520	30	120	168	0	50	0	0	0	120	0	0	0	0	20	20	920	20	0	20	0	50	120	200	50	0	220	120	880	0	0
0	0	10	990	0	920	20	0	20	30	10	0	0	990	230	120	0	0	100	0	0	20	0	0	150	150	60	240	0	0	0	30	990	0	0	0	0	0	0	70	0	990	20	320	520	30	120	168	0	50	0	0	0	120	0	0	0	0	20	20	920	20	0	20	0	50	120	200	50	0	220	120	880	0	0
0	0	40	1020	30	950	50	0	50	60	40	0	0	1020	260	150	0	0	130	0	0	50	0	0	180	180	90	270	30	30	0	60	1020	0	0	0	0	30	0	100	0	1020	50	350	550	60	150	198	0	80	0	0	0	150	0	0	0	0	50	50	950	50	0	50	0	80	150	230	80	0	250	150	910	0	0
0	0	0	960	0	890	0	0	0	0	0	0	0	960	200	90	0	0	70	0	0	0	0	0	120	120	30	210	0	0	0	0	960	0	0	0	0	0	0	40	0	960	0	290	490	0	90	138	0	20	0	0	0	90	0	0	0	0	0	0	890	0	0	0	0	20	90	170	20	0	190	90	850	0	0
0	0	0	0	0	0	0	0	0	0	0	0	0	0	0	0	0	0	0	0	0	0	0	0	0	0	0	0	0	0	0	0	0	0	0	0	0	0	0	0	0	0	0	0	0	0	0	0	0	0	0	0	0	0	0	0	0	0	0	0	0	0	0	0	0	0	0	0	0	0	0	0	0	0	0
0	0	60	1040	50	970	70	20	70	80	60	0	20	1040	280	170	0	20	150	20	20	70	20	0	200	200	110	290	50	50	20	80	1040	0	0	0	0	50	0	120	0	1040	70	370	570	80	170	218	10	100	0	0	0	170	0	10	0	0	70	70	970	70	0	70	20	100	170	250	100	0	270	170	930	0	0
0	0	70	1050	60	980	80	30	80	90	70	10	30	1050	290	180	0	30	160	30	30	80	30	0	210	210	120	300	60	60	30	90	1050	10	0	0	0	60	0	130	0	1050	80	380	580	90	180	228	20	110	10	0	0	180	0	20	10	5	80	80	980	80	0	80	30	110	180	260	110	10	280	180	940	0	0
0	0	70	1050	60	980	80	30	80	90	70	10	30	1050	290	180	0	30	160	30	30	80	30	0	210	210	120	300	60	60	30	90	1050	10	0	0	0	60	0	130	0	1050	80	380	580	90	180	228	20	110	10	0	0	180	0	20	10	5	80	80	980	80	0	80	30	110	180	260	110	10	280	180	940	0	0
0	0	90	1070	80	1000	100	50	100	110	90	30	50	1070	310	200	20	50	180	50	50	100	50	20	230	230	140	320	80	80	50	110	1070	30	20	20	0	80	0	150	0	1070	100	400	600	110	200	248	40	130	30	20	0	200	0	40	30	25	100	100	1000	100	0	100	50	130	200	280	130	30	300	200	960	0	0
0	0	10	990	0	920	20	0	20	30	10	0	0	990	230	120	0	0	100	0	0	20	0	0	150	150	60	240	0	0	0	30	990	0	0	0	0	0	0	70	0	990	20	320	520	30	120	168	0	50	0	0	0	120	0	0	0	0	20	20	920	20	0	20	0	50	120	200	50	0	220	120	880	0	0
0	0	90	1070	80	1000	100	50	100	110	90	30	50	1070	310	200	20	50	180	50	50	100	50	20	230	230	140	320	80	80	50	110	1070	30	20	20	0	80	0	150	0	1070	100	400	600	110	200	248	40	130	30	20	0	200	0	40	30	25	100	100	1000	100	0	100	50	130	200	280	130	30	300	200	960	0	0
0	0	0	920	0	850	0	0	0	0	0	0	0	920	160	50	0	0	30	0	0	0	0	0	80	80	0	170	0	0	0	0	920	0	0	0	0	0	0	0	0	920	0	250	450	0	50	98	0	0	0	0	0	50	0	0	0	0	0	0	850	0	0	0	0	0	50	130	0	0	150	50	810	0	0
0	0	90	1070	80	1000	100	50	100	110	90	30	50	1070	310	200	20	50	180	50	50	100	50	20	230	230	140	320	80	80	50	110	1070	30	20	20	0	80	0	150	0	1070	100	400	600	110	200	248	40	130	30	20	0	200	0	40	30	25	100	100	1000	100	0	100	50	130	200	280	130	30	300	200	960	0	0
0	0	0	0	0	0	0	0	0	0	0	0	0	0	0	0	0	0	0	0	0	0	0	0	0	0	0	0	0	0	0	0	0	0	0	0	0	0	0	0	0	0	0	0	0	0	0	0	0	0	0	0	0	0	0	0	0	0	0	0	0	0	0	0	0	0	0	0	0	0	0	0	0	0	0
0	0	0	970	0	900	0	0	0	10	0	0	0	970	210	100	0	0	80	0	0	0	0	0	130	130	40	220	0	0	0	10	970	0	0	0	0	0	0	50	0	970	0	300	500	10	100	148	0	30	0	0	0	100	0	0	0	0	0	0	900	0	0	0	0	30	100	180	30	0	200	100	860	0	0
0	0	0	670	0	600	0	0	0	0	0	0	0	670	0	0	0	0	0	0	0	0	0	0	0	0	0	0	0	0	0	0	670	0	0	0	0	0	0	0	0	670	0	0	200	0	0	0	0	0	0	0	0	0	0	0	0	0	0	0	600	0	0	0	0	0	0	0	0	0	0	0	560	0	0
0	0	0	470	0	400	0	0	0	0	0	0	0	470	0	0	0	0	0	0	0	0	0	0	0	0	0	0	0	0	0	0	470	0	0	0	0	0	0	0	0	470	0	0	0	0	0	0	0	0	0	0	0	0	0	0	0	0	0	0	400	0	0	0	0	0	0	0	0	0	0	0	360	0	0
0	0	0	960	0	890	0	0	0	0	0	0	0	960	200	90	0	0	70	0	0	0	0	0	120	120	30	210	0	0	0	0	960	0	0	0	0	0	0	40	0	960	0	290	490	0	90	138	0	20	0	0	0	90	0	0	0	0	0	0	890	0	0	0	0	20	90	170	20	0	190	90	850	0	0
0	0	0	870	0	800	0	0	0	0	0	0	0	870	110	0	0	0	0	0	0	0	0	0	30	30	0	120	0	0	0	0	870	0	0	0	0	0	0	0	0	870	0	200	400	0	0	48	0	0	0	0	0	0	0	0	0	0	0	0	800	0	0	0	0	0	0	80	0	0	100	0	760	0	0
0	0	0	822	0	752	0	0	0	0	0	0	0	822	62	0	0	0	0	0	0	0	0	0	0	0	0	72	0	0	0	0	822	0	0	0	0	0	0	0	0	822	0	152	352	0	0	0	0	0	0	0	0	0	0	0	0	0	0	0	752	0	0	0	0	0	0	32	0	0	52	0	712	0	0
0	0	50	1030	40	960	60	10	60	70	50	0	10	1030	270	160	0	10	140	10	10	60	10	0	190	190	100	280	40	40	10	70	1030	0	0	0	0	40	0	110	0	1030	60	360	560	70	160	208	0	90	0	0	0	160	0	0	0	0	60	60	960	60	0	60	10	90	160	240	90	0	260	160	920	0	0
0	0	0	940	0	870	0	0	0	0	0	0	0	940	180	70	0	0	50	0	0	0	0	0	100	100	10	190	0	0	0	0	940	0	0	0	0	0	0	20	0	940	0	270	470	0	70	118	0	0	0	0	0	70	0	0	0	0	0	0	870	0	0	0	0	0	70	150	0	0	170	70	830	0	0
0	0	60	1040	50	970	70	20	70	80	60	0	20	1040	280	170	0	20	150	20	20	70	20	0	200	200	110	290	50	50	20	80	1040	0	0	0	0	50	0	120	0	1040	70	370	570	80	170	218	10	100	0	0	0	170	0	10	0	0	70	70	970	70	0	70	20	100	170	250	100	0	270	170	930	0	0
0	0	70	1050	60	980	80	30	80	90	70	10	30	1050	290	180	0	30	160	30	30	80	30	0	210	210	120	300	60	60	30	90	1050	10	0	0	0	60	0	130	0	1050	80	380	580	90	180	228	20	110	10	0	0	180	0	20	10	5	80	80	980	80	0	80	30	110	180	260	110	10	280	180	940	0	0
0	0	90	1070	80	1000	100	50	100	110	90	30	50	1070	310	200	20	50	180	50	50	100	50	20	230	230	140	320	80	80	50	110	1070	30	20	20	0	80	0	150	0	1070	100	400	600	110	200	248	40	130	30	20	0	200	0	40	30	25	100	100	1000	100	0	100	50	130	200	280	130	30	300	200	960	0	0
0	0	0	870	0	800	0	0	0	0	0	0	0	870	110	0	0	0	0	0	0	0	0	0	30	30	0	120	0	0	0	0	870	0	0	0	0	0	0	0	0	870	0	200	400	0	0	48	0	0	0	0	0	0	0	0	0	0	0	0	800	0	0	0	0	0	0	80	0	0	100	0	760	0	0
0	0	90	1070	80	1000	100	50	100	110	90	30	50	1070	310	200	20	50	180	50	50	100	50	20	230	230	140	320	80	80	50	110	1070	30	20	20	0	80	0	150	0	1070	100	400	600	110	200	248	40	130	30	20	0	200	0	40	30	25	100	100	1000	100	0	100	50	130	200	280	130	30	300	200	960	0	0
0	0	50	1030	40	960	60	10	60	70	50	0	10	1030	270	160	0	10	140	10	10	60	10	0	190	190	100	280	40	40	10	70	1030	0	0	0	0	40	0	110	0	1030	60	360	560	70	160	208	0	90	0	0	0	160	0	0	0	0	60	60	960	60	0	60	10	90	160	240	90	0	260	160	920	0	0
0	0	60	1040	50	970	70	20	70	80	60	0	20	1040	280	170	0	20	150	20	20	70	20	0	200	200	110	290	50	50	20	80	1040	0	0	0	0	50	0	120	0	1040	70	370	570	80	170	218	10	100	0	0	0	170	0	10	0	0	70	70	970	70	0	70	20	100	170	250	100	0	270	170	930	0	0
0	0	65	1045	55	975	75	25	75	85	65	5	25	1045	285	175	0	25	155	25	25	75	25	0	205	205	115	295	55	55	25	85	1045	5	0	0	0	55	0	125	0	1045	75	375	575	85	175	223	15	105	5	0	0	175	0	15	5	0	75	75	975	75	0	75	25	105	175	255	105	5	275	175	935	0	0
0	0	0	970	0	900	0	0	0	10	0	0	0	970	210	100	0	0	80	0	0	0	0	0	130	130	40	220	0	0	0	10	970	0	0	0	0	0	0	50	0	970	0	300	500	10	100	148	0	30	0	0	0	100	0	0	0	0	0	0	900	0	0	0	0	30	100	180	30	0	200	100	860	0	0
0	0	0	970	0	900	0	0	0	10	0	0	0	970	210	100	0	0	80	0	0	0	0	0	130	130	40	220	0	0	0	10	970	0	0	0	0	0	0	50	0	970	0	300	500	10	100	148	0	30	0	0	0	100	0	0	0	0	0	0	900	0	0	0	0	30	100	180	30	0	200	100	860	0	0
0	0	0	70	0	0	0	0	0	0	0	0	0	70	0	0	0	0	0	0	0	0	0	0	0	0	0	0	0	0	0	0	70	0	0	0	0	0	0	0	0	70	0	0	0	0	0	0	0	0	0	0	0	0	0	0	0	0	0	0	0	0	0	0	0	0	0	0	0	0	0	0	0	0	0
0	0	0	970	0	900	0	0	0	10	0	0	0	970	210	100	0	0	80	0	0	0	0	0	130	130	40	220	0	0	0	10	970	0	0	0	0	0	0	50	0	970	0	300	500	10	100	148	0	30	0	0	0	100	0	0	0	0	0	0	900	0	0	0	0	30	100	180	30	0	200	100	860	0	0
0	0	90	1070	80	1000	100	50	100	110	90	30	50	1070	310	200	20	50	180	50	50	100	50	20	230	230	140	320	80	80	50	110	1070	30	20	20	0	80	0	150	0	1070	100	400	600	110	200	248	40	130	30	20	0	200	0	40	30	25	100	100	1000	100	0	100	50	130	200	280	130	30	300	200	960	0	0
0	0	0	970	0	900	0	0	0	10	0	0	0	970	210	100	0	0	80	0	0	0	0	0	130	130	40	220	0	0	0	10	970	0	0	0	0	0	0	50	0	970	0	300	500	10	100	148	0	30	0	0	0	100	0	0	0	0	0	0	900	0	0	0	0	30	100	180	30	0	200	100	860	0	0
0	0	40	1020	30	950	50	0	50	60	40	0	0	1020	260	150	0	0	130	0	0	50	0	0	180	180	90	270	30	30	0	60	1020	0	0	0	0	30	0	100	0	1020	50	350	550	60	150	198	0	80	0	0	0	150	0	0	0	0	50	50	950	50	0	50	0	80	150	230	80	0	250	150	910	0	0
0	0	0	940	0	870	0	0	0	0	0	0	0	940	180	70	0	0	50	0	0	0	0	0	100	100	10	190	0	0	0	0	940	0	0	0	0	0	0	20	0	940	0	270	470	0	70	118	0	0	0	0	0	70	0	0	0	0	0	0	870	0	0	0	0	0	70	150	0	0	170	70	830	0	0
0	0	0	870	0	800	0	0	0	0	0	0	0	870	110	0	0	0	0	0	0	0	0	0	30	30	0	120	0	0	0	0	870	0	0	0	0	0	0	0	0	870	0	200	400	0	0	48	0	0	0	0	0	0	0	0	0	0	0	0	800	0	0	0	0	0	0	80	0	0	100	0	760	0	0
0	0	0	790	0	720	0	0	0	0	0	0	0	790	30	0	0	0	0	0	0	0	0	0	0	0	0	40	0	0	0	0	790	0	0	0	0	0	0	0	0	790	0	120	320	0	0	0	0	0	0	0	0	0	0	0	0	0	0	0	720	0	0	0	0	0	0	0	0	0	20	0	680	0	0
0	0	0	940	0	870	0	0	0	0	0	0	0	940	180	70	0	0	50	0	0	0	0	0	100	100	10	190	0	0	0	0	940	0	0	0	0	0	0	20	0	940	0	270	470	0	70	118	0	0	0	0	0	70	0	0	0	0	0	0	870	0	0	0	0	0	70	150	0	0	170	70	830	0	0
0	0	60	1040	50	970	70	20	70	80	60	0	20	1040	280	170	0	20	150	20	20	70	20	0	200	200	110	290	50	50	20	80	1040	0	0	0	0	50	0	120	0	1040	70	370	570	80	170	218	10	100	0	0	0	170	0	10	0	0	70	70	970	70	0	70	20	100	170	250	100	0	270	170	930	0	0
0	0	0	770	0	700	0	0	0	0	0	0	0	770	10	0	0	0	0	0	0	0	0	0	0	0	0	20	0	0	0	0	770	0	0	0	0	0	0	0	0	770	0	100	300	0	0	0	0	0	0	0	0	0	0	0	0	0	0	0	700	0	0	0	0	0	0	0	0	0	0	0	660	0	0
0	0	0	870	0	800	0	0	0	0	0	0	0	870	110	0	0	0	0	0	0	0	0	0	30	30	0	120	0	0	0	0	870	0	0	0	0	0	0	0	0	870	0	200	400	0	0	48	0	0	0	0	0	0	0	0	0	0	0	0	800	0	0	0	0	0	0	80	0	0	100	0	760	0	0
0	0	0	110	0	40	0	0	0	0	0	0	0	110	0	0	0	0	0	0	0	0	0	0	0	0	0	0	0	0	0	0	110	0	0	0	0	0	0	0	0	110	0	0	0	0	0	0	0	0	0	0	0	0	0	0	0	0	0	0	40	0	0	0	0	0	0	0	0	0	0	0	0	0	0
40	40	130	1110	120	1040	140	90	140	150	130	70	90	1110	350	240	60	90	220	90	90	140	90	60	270	270	180	360	120	120	90	150	1110	70	60	60	40	120	40	190	40	1110	140	440	640	150	240	288	80	170	70	60	40	240	40	80	70	65	140	140	1040	140	40	140	90	170	240	320	170	70	340	240	1000	0	40
0	0	90	1070	80	1000	100	50	100	110	90	30	50	1070	310	200	20	50	180	50	50	100	50	20	230	230	140	320	80	80	50	110	1070	30	20	20	0	80	0	150	0	1070	100	400	600	110	200	248	40	130	30	20	0	200	0	40	30	25	100	100	1000	100	0	100	50	130	200	280	130	30	300	200	960	0	0

0	0	0	0	0	0	0	0	0	0	0	0	0	0	0	0	0	0	0	0	0	0	0	0	0	0	0	0	0	0	0	0	0	0	0	0	0	0	0	0	0	0	0	0	0	0	0	0	0	0	0	0	0	0	0	0	0	0	0	0	0	0	0	0	0	0	0	0	0	0	0	0	0	40	0
0	0	0	0	0	0	0	0	0	0	0	0	0	0	0	0	0	0	0	0	0	0	0	0	0	0	0	0	0	0	0	0	0	0	0	0	0	0	0	0	0	0	0	0	0	0	0	0	0	0	0	0	0	0	0	0	0	0	0	0	0	0	0	0	0	0	0	0	0	0	0	0	0	40	0
90	90	0	0	10	0	0	40	0	0	0	60	40	0	0	0	70	40	0	40	40	0	40	70	0	0	0	0	10	10	40	0	0	60	70	70	90	10	90	0	90	0	0	0	0	0	0	0	50	0	60	70	90	0	90	50	60	65	0	0	0	0	90	0	40	0	0	0	0	60	0	0	0	130	90
1070	1070	980	0	990	70	970	1020	970	960	980	1040	1020	0	760	870	1050	1020	890	1020	1020	970	1020	1050	840	840	930	750	990	990	1020	960	0	1040	1050	1050	1070	990	1070	920	1070	0	970	670	470	960	870	822	1030	940	1040	1050	1070	870	1070	1030	1040	1045	970	970	70	970	1070	970	1020	940	870	790	940	1040	770	870	110	1110	1070
80	80	0	0	0	0	0	30	0	0	0	50	30	0	0	0	60	30	0	30	30	0	30	60	0	0	0	0	0	0	30	0	0	50	60	60	80	0	80	0	80	0	0	0	0	0	0	0	40	0	50	60	80	0	80	40	50	55	0	0	0	0	80	0	30	0	0	0	0	50	0	0	0	120	80
1000	1000	910	0	920	0	900	950	900	890	910	970	950	0	690	800	980	950	820	950	950	900	950	980	770	770	860	680	920	920	950	890	0	970	980	980	1000	920	1000	850	1000	0	900	600	400	890	800	752	960	870	970	980	1000	800	1000	960	970	975	900	900	0	900	1000	900	950	870	800	720	870	970	700	800	40	1040	1000
100	100	10	0	20	0	0	50	0	0	10	70	50	0	0	0	80	50	0	50	50	0	50	80	0	0	0	0	20	20	50	0	0	70	80	80	100	20	100	0	100	0	0	0	0	0	0	0	60	0	70	80	100	0	100	60	70	75	0	0	0	0	100	0	50	0	0	0	0	70	0	0	0	140	100
50	50	0	0	0	0	0	0	0	0	0	20	0	0	0	0	30	0	0	0	0	0	0	30	0	0	0	0	0	0	0	0	0	20	30	30	50	0	50	0	50	0	0	0	0	0	0	0	10	0	20	30	50	0	50	10	20	25	0	0	0	0	50	0	0	0	0	0	0	20	0	0	0	90	50
100	100	10	0	20	0	0	50	0	0	10	70	50	0	0	0	80	50	0	50	50	0	50	80	0	0	0	0	20	20	50	0	0	70	80	80	100	20	100	0	100	0	0	0	0	0	0	0	60	0	70	80	100	0	100	60	70	75	0	0	0	0	100	0	50	0	0	0	0	70	0	0	0	140	100
110	110	20	0	30	0	10	60	10	0	20	80	60	0	0	0	90	60	0	60	60	10	60	90	0	0	0	0	30	30	60	0	0	80	90	90	110	30	110	0	110	0	10	0	0	0	0	0	70	0	80	90	110	0	110	70	80	85	10	10	0	10	110	10	60	0	0	0	0	80	0	0	0	150	110
90	90	0	0	10	0	0	40	0	0	0	60	40	0	0	0	70	40	0	40	40	0	40	70	0	0	0	0	10	10	40	0	0	60	70	70	90	10	90	0	90	0	0	0	0	0	0	0	50	0	60	70	90	0	90	50	60	65	0	0	0	0	90	0	40	0	0	0	0	60	0	0	0	130	90
30	30	0	0	0	0	0	0	0	0	0	0	0	0	0	0	10	0	0	0	0	0	0	10	0	0	0	0	0	0	0	0	0	0	10	10	30	0	30	0	30	0	0	0	0	0	0	0	0	0	0	10	30	0	30	0	0	5	0	0	0	0	30	0	0	0	0	0	0	0	0	0	0	70	30
50	50	0	0	0	0	0	0	0	0	0	20	0	0	0	0	30	0	0	0	0	0	0	30	0	0	0	0	0	0	0	0	0	20	30	30	50	0	50	0	50	0	0	0	0	0	0	0	10	0	20	30	50	0	50	10	20	25	0	0	0	0	50	0	0	0	0	0	0	20	0	0	0	90	50
1070	1070	980	0	990	70	970	1020	970	960	980	1040	1020	0	760	870	1050	1020	890	1020	1020	970	1020	1050	840	840	930	750	990	990	1020	960	0	1040	1050	1050	1070	990	1070	920	1070	0	970	670	470	960	870	822	1030	940	1040	1050	1070	870	1070	1030	1040	1045	970	970	70	970	1070	970	1020	940	870	790	940	1040	770	870	110	1110	1070
310	310	220	0	230	0	210	260	210	200	220	280	260	0	0	110	290	260	130	260	260	210	260	290	80	80	170	0	230	230	260	200	0	280	290	290	310	230	310	160	310	0	210	0	0	200	110	62	270	180	280	290	310	110	310	270	280	285	210	210	0	210	310	210	260	180	110	30	180	280	10	110	0	350	310
200	200	110	0	120	0	100	150	100	90	110	170	150	0	0	0	180	150	20	150	150	100	150	180	0	0	60	0	120	120	150	90	0	170	180	180	200	120	200	50	200	0	100	0	0	90	0	0	160	70	170	180	200	0	200	160	170	175	100	100	0	100	200	100	150	70	0	0	70	170	0	0	0	240	200
20	20	0	0	0	0	0	0	0	0	0	0	0	0	0	0	0	0	0	0	0	0	0	0	0	0	0	0	0	0	0	0	0	0	0	0	20	0	20	0	20	0	0	0	0	0	0	0	0	0	0	0	20	0	20	0	0	0	0	0	0	0	20	0	0	0	0	0	0	0	0	0	0	60	20
50	50	0	0	0	0	0	0	0	0	0	20	0	0	0	0	30	0	0	0	0	0	0	30	0	0	0	0	0	0	0	0	0	20	30	30	50	0	50	0	50	0	0	0	0	0	0	0	10	0	20	30	50	0	50	10	20	25	0	0	0	0	50	0	0	0	0	0	0	20	0	0	0	90	50
180	180	90	0	100	0	80	130	80	70	90	150	130	0	0	0	160	130	0	130	130	80	130	160	0	0	40	0	100	100	130	70	0	150	160	160	180	100	180	30	180	0	80	0	0	70	0	0	140	50	150	160	180	0	180	140	150	155	80	80	0	80	180	80	130	50	0	0	50	150	0	0	0	220	180
50	50	0	0	0	0	0	0	0	0	0	20	0	0	0	0	30	0	0	0	0	0	0	30	0	0	0	0	0	0	0	0	0	20	30	30	50	0	50	0	50	0	0	0	0	0	0	0	10	0	20	30	50	0	50	10	20	25	0	0	0	0	50	0	0	0	0	0	0	20	0	0	0	90	50
50	50	0	0	0	0	0	0	0	0	0	20	0	0	0	0	30	0	0	0	0	0	0	30	0	0	0	0	0	0	0	0	0	20	30	30	50	0	50	0	50	0	0	0	0	0	0	0	10	0	20	30	50	0	50	10	20	25	0	0	0	0	50	0	0	0	0	0	0	20	0	0	0	90	50
100	100	10	0	20	0	0	50	0	0	10	70	50	0	0	0	80	50	0	50	50	0	50	80	0	0	0	0	20	20	50	0	0	70	80	80	100	20	100	0	100	0	0	0	0	0	0	0	60	0	70	80	100	0	100	60	70	75	0	0	0	0	100	0	50	0	0	0	0	70	0	0	0	140	100
50	50	0	0	0	0	0	0	0	0	0	20	0	0	0	0	30	0	0	0	0	0	0	30	0	0	0	0	0	0	0	0	0	20	30	30	50	0	50	0	50	0	0	0	0	0	0	0	10	0	20	30	50	0	50	10	20	25	0	0	0	0	50	0	0	0	0	0	0	20	0	0	0	90	50
20	20	0	0	0	0	0	0	0	0	0	0	0	0	0	0	0	0	0	0	0	0	0	0	0	0	0	0	0	0	0	0	0	0	0	0	20	0	20	0	20	0	0	0	0	0	0	0	0	0	0	0	20	0	20	0	0	0	0	0	0	0	20	0	0	0	0	0	0	0	0	0	0	60	20
230	230	140	0	150	0	130	180	130	120	140	200	180	0	0	30	210	180	50	180	180	130	180	210	0	0	90	0	150	150	180	120	0	200	210	210	230	150	230	80	230	0	130	0	0	120	30	0	190	100	200	210	230	30	230	190	200	205	130	130	0	130	230	130	180	100	30	0	100	200	0	30	0	270	230
230	230	140	0	150	0	130	180	130	120	140	200	180	0	0	30	210	180	50	180	180	130	180	210	0	0	90	0	150	150	180	120	0	200	210	210	230	150	230	80	230	0	130	0	0	120	30	0	190	100	200	210	230	30	230	190	200	205	130	130	0	130	230	130	180	100	30	0	100	200	0	30	0	270	230
140	140	50	0	60	0	40	90	40	30	50	110	90	0	0	0	120	90	0	90	90	40	90	120	0	0	0	0	60	60	90	30	0	110	120	120	140	60	140	0	140	0	40	0	0	30	0	0	100	10	110	120	140	0	140	100	110	115	40	40	0	40	140	40	90	10	0	0	10	110	0	0	0	180	140
320	320	230	0	240	0	220	270	220	210	230	290	270	0	10	120	300	270	140	270	270	220	270	300	90	90	180	0	240	240	270	210	0	290	300	300	320	240	320	170	320	0	220	0	0	210	120	72	280	190	290	300	320	120	320	280	290	295	220	220	0	220	320	220	270	190	120	40	190	290	20	120	0	360	320
80	80	0	0	0	0	0	30	0	0	0	50	30	0	0	0	60	30	0	30	30	0	30	60	0	0	0	0	0	0	30	0	0	50	60	60	80	0	80	0	80	0	0	0	0	0	0	0	40	0	50	60	80	0	80	40	50	55	0	0	0	0	80	0	30	0	0	0	0	50	0	0	0	120	80
80	80	0	0	0	0	0	30	0	0	0	50	30	0	0	0	60	30	0	30	30	0	30	60	0	0	0	0	0	0	30	0	0	50	60	60	80	0	80	0	80	0	0	0	0	0	0	0	40	0	50	60	80	0	80	40	50	55	0	0	0	0	80	0	30	0	0	0	0	50	0	0	0	120	80
50	50	0	0	0	0	0	0	0	0	0	20	0	0	0	0	30	0	0	0	0	0	0	30	0	0	0	0	0	0	0	0	0	20	30	30	50	0	50	0	50	0	0	0	0	0	0	0	10	0	20	30	50	0	50	10	20	25	0	0	0	0	50	0	0	0	0	0	0	20	0	0	0	90	50
110	110	20	0	30	0	10	60	10	0	20	80	60	0	0	0	90	60	0	60	60	10	60	90	0	0	0	0	30	30	60	0	0	80	90	90	110	30	110	0	110	0	10	0	0	0	0	0	70	0	80	90	110	0	110	70	80	85	10	10	0	10	110	10	60	0	0	0	0	80	0	0	0	150	110
1070	1070	980	0	990	70	970	1020	970	960	980	1040	1020	0	760	870	1050	1020	890	1020	1020	970	1020	1050	840	840	930	750	990	990	1020	960	0	1040	1050	1050	1070	990	1070	920	1070	0	970	670	470	960	870	822	1030	940	1040	1050	1070	870	1070	1030	1040	1045	970	970	70	970	1070	970	1020	940	870	790	940	1040	770	870	110	1110	1070
30	30	0	0	0	0	0	0	0	0	0	0	0	0	0	0	10	0	0	0	0	0	0	10	0	0	0	0	0	0	0	0	0	0	10	10	30	0	30	0	30	0	0	0	0	0	0	0	0	0	0	10	30	0	30	0	0	5	0	0	0	0	30	0	0	0	0	0	0	0	0	0	0	70	30
20	20	0	0	0	0	0	0	0	0	0	0	0	0	0	0	0	0	0	0	0	0	0	0	0	0	0	0	0	0	0	0	0	0	0	0	20	0	20	0	20	0	0	0	0	0	0	0	0	0	0	0	20	0	20	0	0	0	0	0	0	0	20	0	0	0	0	0	0	0	0	0	0	60	20
20	20	0	0	0	0	0	0	0	0	0	0	0	0	0	0	0	0	0	0	0	0	0	0	0	0	0	0	0	0	0	0	0	0	0	0	20	0	20	0	20	0	0	0	0	0	0	0	0	0	0	0	20	0	20	0	0	0	0	0	0	0	20	0	0	0	0	0	0	0	0	0	0	60	20
0	0	0	0	0	0	0	0	0	0	0	0	0	0	0	0	0	0	0	0	0	0	0	0	0	0	0	0	0	0	0	0	0	0	0	0	0	0	0	0	0	0	0	0	0	0	0	0	0	0	0	0	0	0	0	0	0	0	0	0	0	0	0	0	0	0	0	0	0	0	0	0	0	40	0
80	80	0	0	0	0	0	30	0	0	0	50	30	0	0	0	60	30	0	30	30	0	30	60	0	0	0	0	0	0	30	0	0	50	60	60	80	0	80	0	80	0	0	0	0	0	0	0	40	0	50	60	80	0	80	40	50	55	0	0	0	0	80	0	30	0	0	0	0	50	0	0	0	120	80
0	0	0	0	0	0	0	0	0	0	0	0	0	0	0	0	0	0	0	0	0	0	0	0	0	0	0	0	0	0	0	0	0	0	0	0	0	0	0	0	0	0	0	0	0	0	0	0	0	0	0	0	0	0	0	0	0	0	0	0	0	0	0	0	0	0	0	0	0	0	0	0	0	40	0
150	150	60	0	70	0	50	100	50	40	60	120	100	0	0	0	130	100	0	100	100	50	100	130	0	0	10	0	70	70	100	40	0	120	130	130	150	70	150	0	150	0	50	0	0	40	0	0	110	20	120	130	150	0	150	110	120	125	50	50	0	50	150	50	100	20	0	0	20	120	0	0	0	190	150
0	0	0	0	0	0	0	0	0	0	0	0	0	0	0	0	0	0	0	0	0	0	0	0	0	0	0	0	0	0	0	0	0	0	0	0	0	0	0	0	0	0	0	0	0	0	0	0	0	0	0	0	0	0	0	0	0	0	0	0	0	0	0	0	0	0	0	0	0	0	0	0	0	40	0
1070	1070	980	0	990	70	970	1020	970	960	980	1040	1020	0	760	870	1050	1020	890	1020	1020	970	1020	1050	840	840	930	750	990	990	1020	960	0	1040	1050	1050	1070	990	1070	920	1070	0	970	670	470	960	870	822	1030	940	1040	1050	1070	870	1070	1030	1040	1045	970	970	70	970	1070	970	1020	940	870	790	940	1040	770	870	110	1110	1070
100	100	10	0	20	0	0	50	0	0	10	70	50	0	0	0	80	50	0	50	50	0	50	80	0	0	0	0	20	20	50	0	0	70	80	80	100	20	100	0	100	0	0	0	0	0	0	0	60	0	70	80	100	0	100	60	70	75	0	0	0	0	100	0	50	0	0	0	0	70	0	0	0	140	100
400	400	310	0	320	0	300	350	300	290	310	370	350	0	90	200	380	350	220	350	350	300	350	380	170	170	260	80	320	320	350	290	0	370	380	380	400	320	400	250	400	0	300	0	0	290	200	152	360	270	370	380	400	200	400	360	370	375	300	300	0	300	400	300	350	270	200	120	270	370	100	200	0	440	400
600	600	510	0	520	0	500	550	500	490	510	570	550	0	290	400	580	550	420	550	550	500	550	580	370	370	460	280	520	520	550	490	0	570	580	580	600	520	600	450	600	0	500	200	0	490	400	352	560	470	570	580	600	400	600	560	570	575	500	500	0	500	600	500	550	470	400	320	470	570	300	400	0	640	600
110	110	20	0	30	0	10	60	10	0	20	80	60	0	0	0	90	60	0	60	60	10	60	90	0	0	0	0	30	30	60	0	0	80	90	90	110	30	110	0	110	0	10	0	0	0	0	0	70	0	80	90	110	0	110	70	80	85	10	10	0	10	110	10	60	0	0	0	0	80	0	0	0	150	110
200	200	110	0	120	0	100	150	100	90	110	170	150	0	0	0	180	150	20	150	150	100	150	180	0	0	60	0	120	120	150	90	0	170	180	180	200	120	200	50	200	0	100	0	0	90	0	0	160	70	170	180	200	0	200	160	170	175	100	100	0	100	200	100	150	70	0	0	70	170	0	0	0	240	200
248	248	158	0	168	0	148	198	148	138	158	218	198	0	0	48	228	198	68	198	198	148	198	228	18	18	108	0	168	168	198	138	0	218	228	228	248	168	248	98	248	0	148	0	0	138	48	0	208	118	218	228	248	48	248	208	218	223	148	148	0	148	248	148	198	118	48	0	118	218	0	48	0	288	248
40	40	0	0	0	0	0	0	0	0	0	10	0	0	0	0	20	0	0	0	0	0	0	20	0	0	0	0	0	0	0	0	0	10	20	20	40	0	40	0	40	0	0	0	0	0	0	0	0	0	10	20	40	0	40	0	10	15	0	0	0	0	40	0	0	0	0	0	0	10	0	0	0	80	40
130	130	40	0	50	0	30	80	30	20	40	100	80	0	0	0	110	80	0	80	80	30	80	110	0	0	0	0	50	50	80	20	0	100	110	110	130	50	130	0	130	0	30	0	0	20	0	0	90	0	100	110	130	0	130	90	100	105	30	30	0	30	130	30	80	0	0	0	0	100	0	0	0	170	130
30	30	0	0	0	0	0	0	0	0	0	0	0	0	0	0	10	0	0	0	0	0	0	10	0	0	0	0	0	0	0	0	0	0	10	10	30	0	30	0	30	0	0	0	0	0	0	0	0	0	0	10	30	0	30	0	0	5	0	0	0	0	30	0	0	0	0	0	0	0	0	0	0	70	30
20	20	0	0	0	0	0	0	0	0	0	0	0	0	0	0	0	0	0	0	0	0	0	0	0	0	0	0	0	0	0	0	0	0	0	0	20	0	20	0	20	0	0	0	0	0	0	0	0	0	0	0	20	0	20	0	0	0	0	0	0	0	20	0	0	0	0	0	0	0	0	0	0	60	20
0	0	0	0	0	0	0	0	0	0	0	0	0	0	0	0	0	0	0	0	0	0	0	0	0	0	0	0	0	0	0	0	0	0	0	0	0	0	0	0	0	0	0	0	0	0	0	0	0	0	0	0	0	0	0	0	0	0	0	0	0	0	0	0	0	0	0	0	0	0	0	0	0	40	0
200	200	110	0	120	0	100	150	100	90	110	170	150	0	0	0	180	150	20	150	150	100	150	180	0	0	60	0	120	120	150	90	0	170	180	180	200	120	200	50	200	0	100	0	0	90	0	0	160	70	170	180	200	0	200	160	170	175	100	100	0	100	200	100	150	70	0	0	70	170	0	0	0	240	200
0	0	0	0	0	0	0	0	0	0	0	0	0	0	0	0	0	0	0	0	0	0	0	0	0	0	0	0	0	0	0	0	0	0	0	0	0	0	0	0	0	0	0	0	0	0	0	0	0	0	0	0	0	0	0	0	0	0	0	0	0	0	0	0	0	0	0	0	0	0	0	0	0	40	0
40	40	0	0	0	0	0	0	0	0	0	10	0	0	0	0	20	0	0	0	0	0	0	20	0	0	0	0	0	0	0	0	0	10	20	20	40	0	40	0	40	0	0	0	0	0	0	0	0	0	10	20	40	0	40	0	10	15	0	0	0	0	40	0	0	0	0	0	0	10	0	0	0	80	40
30	30	0	0	0	0	0	0	0	0	0	0	0	0	0	0	10	0	0	0	0	0	0	10	0	0	0	0	0	0	0	0	0	0	10	10	30	0	30	0	30	0	0	0	0	0	0	0	0	0	0	10	30	0	30	0	0	5	0	0	0	0	30	0	0	0	0	0	0	0	0	0	0	70	30
25	25	0	0	0	0	0	0	0	0	0	0	0	0	0	0	5	0	0	0	0	0	0	5	0	0	0	0	0	0	0	0	0	0	5	5	25	0	25	0	25	0	0	0	0	0	0	0	0	0	0	5	25	0	25	0	0	0	0	0	0	0	25	0	0	0	0	0	0	0	0	0	0	65	25
100	100	10	0	20	0	0	50	0	0	10	70	50	0	0	0	80	50	0	50	50	0	50	80	0	0	0	0	20	20	50	0	0	70	80	80	100	20	100	0	100	0	0	0	0	0	0	0	60	0	70	80	100	0	100	60	70	75	0	0	0	0	100	0	50	0	0	0	0	70	0	0	0	140	100
100	100	10	0	20	0	0	50	0	0	10	70	50	0	0	0	80	50	0	50	50	0	50	80	0	0	0	0	20	20	50	0	0	70	80	80	100	20	100	0	100	0	0	0	0	0	0	0	60	0	70	80	100	0	100	60	70	75	0	0	0	0	100	0	50	0	0	0	0	70	0	0	0	140	100
1000	1000	910	0	920	0	900	950	900	890	910	970	950	0	690	800	980	950	820	950	950	900	950	980	770	770	860	680	920	920	950	890	0	970	980	980	1000	920	1000	850	1000	0	900	600	400	890	800	752	960	870	970	980	1000	800	1000	960	970	975	900	900	0	900	1000	900	950	870	800	720	870	970	700	800	40	1040	1000
100	100	10	0	20	0	0	50	0	0	10	70	50	0	0	0	80	50	0	50	50	0	50	80	0	0	0	0	20	20	50	0	0	70	80	80	100	20	100	0	100	0	0	0	0	0	0	0	60	0	70	80	100	0	100	60	70	75	0	0	0	0	100	0	50	0	0	0	0	70	0	0	0	140	100
0	0	0	0	0	0	0	0	0	0	0	0	0	0	0	0	0	0	0	0	0	0	0	0	0	0	0	0	0	0	0	0	0	0	0	0	0	0	0	0	0	0	0	0	0	0	0	0	0	0	0	0	0	0	0	0	0	0	0	0	0	0	0	0	0	0	0	0	0	0	0	0	0	40	0
100	100	10	0	20	0	0	50	0	0	10	70	50	0	0	0	80	50	0	50	50	0	50	80	0	0	0	0	20	20	50	0	0	70	80	80	100	20	100	0	100	0	0	0	0	0	0	0	60	0	70	80	100	0	100	60	70	75	0	0	0	0	100	0	50	0	0	0	0	70	0	0	0	140	100
50	50	0	0	0	0	0	0	0	0	0	20	0	0	0	0	30	0	0	0	0	0	0	30	0	0	0	0	0	0	0	0	0	20	30	30	50	0	50	0	50	0	0	0	0	0	0	0	10	0	20	30	50	0	50	10	20	25	0	0	0	0	50	0	0	0	0	0	0	20	0	0	0	90	50
130	130	40	0	50	0	30	80	30	20	40	100	80	0	0	0	110	80	0	80	80	30	80	110	0	0	0	0	50	50	80	20	0	100	110	110	130	50	130	0	130	0	30	0	0	20	0	0	90	0	100	110	130	0	130	90	100	105	30	30	0	30	130	30	80	0	0	0	0	100	0	0	0	170	130
200	200	110	0	120	0	100	150	100	90	110	170	150	0	0	0	180	150	20	150	150	100	150	180	0	0	60	0	120	120	150	90	0	170	180	180	200	120	200	50	200	0	100	0	0	90	0	0	160	70	170	180	200	0	200	160	170	175	100	100	0	100	200	100	150	70	0	0	70	170	0	0	0	240	200
280	280	190	0	200	0	180	230	180	170	190	250	230	0	0	80	260	230	100	230	230	180	230	260	50	50	140	0	200	200	230	170	0	250	260	260	280	200	280	130	280	0	180	0	0	170	80	32	240	150	250	260	280	80	280	240	250	255	180	180	0	180	280	180	230	150	80	0	150	250	0	80	0	320	280
130	130	40	0	50	0	30	80	30	20	40	100	80	0	0	0	110	80	0	80	80	30	80	110	0	0	0	0	50	50	80	20	0	100	110	110	130	50	130	0	130	0	30	0	0	20	0	0	90	0	100	110	130	0	130	90	100	105	30	30	0	30	130	30	80	0	0	0	0	100	0	0	0	170	130
30	30	0	0	0	0	0	0	0	0	0	0	0	0	0	0	10	0	0	0	0	0	0	10	0	0	0	0	0	0	0	0	0	0	10	10	30	0	30	0	30	0	0	0	0	0	0	0	0	0	0	10	30	0	30	0	0	5	0	0	0	0	30	0	0	0	0	0	0	0	0	0	0	70	30
300	300	210	0	220	0	200	250	200	190	210	270	250	0	0	100	280	250	120	250	250	200	250	280	70	70	160	0	220	220	250	190	0	270	280	280	300	220	300	150	300	0	200	0	0	190	100	52	260	170	270	280	300	100	300	260	270	275	200	200	0	200	300	200	250	170	100	20	170	270	0	100	0	340	300
200	200	110	0	120	0	100	150	100	90	110	170	150	0	0	0	180	150	20	150	150	100	150	180	0	0	60	0	120	120	150	90	0	170	180	180	200	120	200	50	200	0	100	0	0	90	0	0	160	70	170	180	200	0	200	160	170	175	100	100	0	100	200	100	150	70	0	0	70	170	0	0	0	240	200
960	960	870	0	880	0	860	910	860	850	870	930	910	0	650	760	940	910	780	910	910	860	910	940	730	730	820	640	880	880	910	850	0	930	940	940	960	880	960	810	960	0	860	560	360	850	760	712	920	830	930	940	960	760	960	920	930	935	860	860	0	860	960	860	910	830	760	680	830	930	660	760	0	1000	960
0	0	0	0	0	0	0	0	0	0	0	0	0	0	0	0	0	0	0	0	0	0	0	0	0	0	0	0	0	0	0	0	0	0	0	0	0	0	0	0	0	0	0	0	0	0	0	0	0	0	0	0	0	0	0	0	0	0	0	0	0	0	0	0	0	0	0	0	0	0	0	0	0	0	0
0	0	0	0	0	0	0	0	0	0	0	0	0	0	0	0	0	0	0	0	0	0	0	0	0	0	0	0	0	0	0	0	0	0	0	0	0	0	0	0	0	0	0	0	0	0	0	0	0	0	0	0	0	0	0	0	0	0	0	0	0	0	0	0	0	0	0	0	0	0	0	0	0	40	0