1679 1314 1797 1766 1764 1795 1799 1746 1800 1706 1349 1771 1683 1649 1500 1663 1769 1773 1795 1729 1794 1603 1794 1791 1771 1733 1803 1770 1754 1728 1792 1779 1749 1680 1638 1795 1689 1787 1784 1767 1694 1801 1700 1759 1802 1379 1746 1755 1776 1795 1740 1764 1657 1801 1769 1234 1794 1728 1716 1758 1785 1799 1786 1777 1713 1614 1785 1644 1776 1543 1795 1772 1770 1774 1794

85

51 77 43 45 45 43 42 46 42 49 75 44 51 53 64 52 45 44 43 48 43 57 43 43 44 47 42 45 46 48 43 44 46 51 54 43 50 43 44 45 50 42 50 45 42 73 46 46 44 43 47 45 53 42 45 83 43 48 48 45 43 42 43 44 49 56 43 54 44 61 43 44 45 44 43

14 42 31 13

32118

0	0	0	0	0	0	0	0	0	0	0	0	17	0	0	131	0	0	0	0	0	0	0	0	0	0	0	0	0	0	0	0	0	0	0	0	0	0	0	0	0	0	0	0	0	5	0	0	0	0	0	0	0	0	0	56	0	0	0	0	0	0	0	0	0	150	0	0	0	150	0	0	0	0	0
40	0	0	0	0	0	0	0	0	0	0	0	57	0	0	171	0	0	0	0	0	0	0	0	0	0	0	0	0	0	0	0	0	0	0	0	0	0	0	0	5	0	0	0	0	45	0	0	0	0	0	0	0	0	0	96	0	0	0	0	0	0	0	0	38	190	0	0	0	190	0	0	0	0	0
255	215	0	0	55	0	105	212	0	0	104	0	272	0	0	386	0	0	20	215	0	0	0	98	121	0	0	0	0	0	119	129	0	0	0	0	0	129	0	118	220	49	0	0	27	260	0	0	0	0	122	0	0	70	0	311	16	0	0	69	130	50	0	0	253	405	0	0	125	405	0	126	70	121	89
455	415	200	0	255	165	305	412	178	0	304	78	472	0	5	586	0	0	220	415	87	0	187	298	321	65	185	95	67	0	319	329	0	0	0	95	0	329	47	318	420	249	0	0	227	460	0	0	0	175	322	5	0	270	75	511	216	7	0	269	330	250	79	193	453	605	163	0	325	605	200	326	270	321	289
200	160	0	0	0	0	50	157	0	0	49	0	217	0	0	331	0	0	0	160	0	0	0	43	66	0	0	0	0	0	64	74	0	0	0	0	0	74	0	63	165	0	0	0	0	205	0	0	0	0	67	0	0	15	0	256	0	0	0	14	75	0	0	0	198	350	0	0	70	350	0	71	15	66	34
290	250	35	0	90	0	140	247	13	0	139	0	307	0	0	421	0	0	55	250	0	0	22	133	156	0	20	0	0	0	154	164	0	0	0	0	0	164	0	153	255	84	0	0	62	295	0	0	0	10	157	0	0	105	0	346	51	0	0	104	165	85	0	28	288	440	0	0	160	440	35	161	105	156	124
150	110	0	0	0	0	0	107	0	0	0	0	167	0	0	281	0	0	0	110	0	0	0	0	16	0	0	0	0	0	14	24	0	0	0	0	0	24	0	13	115	0	0	0	0	155	0	0	0	0	17	0	0	0	0	206	0	0	0	0	25	0	0	0	148	300	0	0	20	300	0	21	0	16	0
43	3	0	0	0	0	0	0	0	0	0	0	60	0	0	174	0	0	0	3	0	0	0	0	0	0	0	0	0	0	0	0	0	0	0	0	0	0	0	0	8	0	0	0	0	48	0	0	0	0	0	0	0	0	0	99	0	0	0	0	0	0	0	0	41	193	0	0	0	193	0	0	0	0	0
277	237	22	0	77	0	127	234	0	0	126	0	294	0	0	408	0	0	42	237	0	0	9	120	143	0	7	0	0	0	141	151	0	0	0	0	0	151	0	140	242	71	0	0	49	282	0	0	0	0	144	0	0	92	0	333	38	0	0	91	152	72	0	15	275	427	0	0	147	427	22	148	92	143	111
560	520	305	105	360	270	410	517	283	0	409	183	577	0	110	691	93	103	325	520	192	0	292	403	426	170	290	200	172	66	424	434	61	0	0	200	23	434	152	423	525	354	0	93	332	565	51	60	100	280	427	110	0	375	180	616	321	112	76	374	435	355	184	298	558	710	268	0	430	710	305	431	375	426	394
151	111	0	0	0	0	1	108	0	0	0	0	168	0	0	282	0	0	0	111	0	0	0	0	17	0	0	0	0	0	15	25	0	0	0	0	0	25	0	14	116	0	0	0	0	156	0	0	0	0	18	0	0	0	0	207	0	0	0	0	26	0	0	0	149	301	0	0	21	301	0	22	0	17	0
377	337	122	0	177	87	227	334	100	0	226	0	394	0	0	508	0	0	142	337	9	0	109	220	243	0	107	17	0	0	241	251	0	0	0	17	0	251	0	240	342	171	0	0	149	382	0	0	0	97	244	0	0	192	0	433	138	0	0	191	252	172	1	115	375	527	85	0	247	527	122	248	192	243	211
0	0	0	0	0	0	0	0	0	0	0	0	0	0	0	114	0	0	0	0	0	0	0	0	0	0	0	0	0	0	0	0	0	0	0	0	0	0	0	0	0	0	0	0	0	0	0	0	0	0	0	0	0	0	0	39	0	0	0	0	0	0	0	0	0	133	0	0	0	133	0	0	0	0	0
656	616	401	201	456	366	506	613	379	96	505	279	673	0	206	787	189	199	421	616	288	0	388	499	522	266	386	296	268	162	520	530	157	0	0	296	119	530	248	519	621	450	42	189	428	661	147	156	196	376	523	206	38	471	276	712	417	208	172	470	531	451	280	394	654	806	364	0	526	806	401	527	471	522	490
450	410	195	0	250	160	300	407	173	0	299	73	467	0	0	581	0	0	215	410	82	0	182	293	316	60	180	90	62	0	314	324	0	0	0	90	0	324	42	313	415	244	0	0	222	455	0	0	0	170	317	0	0	265	70	506	211	2	0	264	325	245	74	188	448	600	158	0	320	600	195	321	265	316	284
0	0	0	0	0	0	0	0	0	0	0	0	0	0	0	0	0	0	0	0	0	0	0	0	0	0	0	0	0	0	0	0	0	0	0	0	0	0	0	0	0	0	0	0	0	0	0	0	0	0	0	0	0	0	0	0	0	0	0	0	0	0	0	0	0	19	0	0	0	19	0	0	0	0	0
467	427	212	12	267	177	317	424	190	0	316	90	484	0	17	598	0	10	232	427	99	0	199	310	333	77	197	107	79	0	331	341	0	0	0	107	0	341	59	330	432	261	0	0	239	472	0	0	7	187	334	17	0	282	87	523	228	19	0	281	342	262	91	205	465	617	175	0	337	617	212	338	282	333	301
457	417	202	2	257	167	307	414	180	0	306	80	474	0	7	588	0	0	222	417	89	0	189	300	323	67	187	97	69	0	321	331	0	0	0	97	0	331	49	320	422	251	0	0	229	462	0	0	0	177	324	7	0	272	77	513	218	9	0	271	332	252	81	195	455	607	165	0	327	607	202	328	272	323	291
235	195	0	0	35	0	85	192	0	0	84	0	252	0	0	366	0	0	0	195	0	0	0	78	101	0	0	0	0	0	99	109	0	0	0	0	0	109	0	98	200	29	0	0	7	240	0	0	0	0	102	0	0	50	0	291	0	0	0	49	110	30	0	0	233	385	0	0	105	385	0	106	50	101	69
40	0	0	0	0	0	0	0	0	0	0	0	57	0	0	171	0	0	0	0	0	0	0	0	0	0	0	0	0	0	0	0	0	0	0	0	0	0	0	0	5	0	0	0	0	45	0	0	0	0	0	0	0	0	0	96	0	0	0	0	0	0	0	0	38	190	0	0	0	190	0	0	0	0	0
368	328	113	0	168	78	218	325	91	0	217	0	385	0	0	499	0	0	133	328	0	0	100	211	234	0	98	8	0	0	232	242	0	0	0	8	0	242	0	231	333	162	0	0	140	373	0	0	0	88	235	0	0	183	0	424	129	0	0	182	243	163	0	106	366	518	76	0	238	518	113	239	183	234	202
736	696	481	281	536	446	586	693	459	176	585	359	753	80	286	867	269	279	501	696	368	0	468	579	602	346	466	376	348	242	600	610	237	80	0	376	199	610	328	599	701	530	122	269	508	741	227	236	276	456	603	286	118	551	356	792	497	288	252	550	611	531	360	474	734	886	444	26	606	886	481	607	551	602	570
268	228	13	0	68	0	118	225	0	0	117	0	285	0	0	399	0	0	33	228	0	0	0	111	134	0	0	0	0	0	132	142	0	0	0	0	0	142	0	131	233	62	0	0	40	273	0	0	0	0	135	0	0	83	0	324	29	0	0	82	143	63	0	6	266	418	0	0	138	418	13	139	83	134	102
157	117	0	0	0	0	7	114	0	0	6	0	174	0	0	288	0	0	0	117	0	0	0	0	23	0	0	0	0	0	21	31	0	0	0	0	0	31	0	20	122	0	0	0	0	162	0	0	0	0	24	0	0	0	0	213	0	0	0	0	32	0	0	0	155	307	0	0	27	307	0	28	0	23	0
134	94	0	0	0	0	0	91	0	0	0	0	151	0	0	265	0	0	0	94	0	0	0	0	0	0	0	0	0	0	0	8	0	0	0	0	0	8	0	0	99	0	0	0	0	139	0	0	0	0	1	0	0	0	0	190	0	0	0	0	9	0	0	0	132	284	0	0	4	284	0	5	0	0	0
390	350	135	0	190	100	240	347	113	0	239	13	407	0	0	521	0	0	155	350	22	0	122	233	256	0	120	30	2	0	254	264	0	0	0	30	0	264	0	253	355	184	0	0	162	395	0	0	0	110	257	0	0	205	10	446	151	0	0	204	265	185	14	128	388	540	98	0	260	540	135	261	205	256	224
270	230	15	0	70	0	120	227	0	0	119	0	287	0	0	401	0	0	35	230	0	0	2	113	136	0	0	0	0	0	134	144	0	0	0	0	0	144	0	133	235	64	0	0	42	275	0	0	0	0	137	0	0	85	0	326	31	0	0	84	145	65	0	8	268	420	0	0	140	420	15	141	85	136	104
360	320	105	0	160	70	210	317	83	0	209	0	377	0	0	491	0	0	125	320	0	0	92	203	226	0	90	0	0	0	224	234	0	0	0	0	0	234	0	223	325	154	0	0	132	365	0	0	0	80	227	0	0	175	0	416	121	0	0	174	235	155	0	98	358	510	68	0	230	510	105	231	175	226	194
388	348	133	0	188	98	238	345	111	0	237	11	405	0	0	519	0	0	153	348	20	0	120	231	254	0	118	28	0	0	252	262	0	0	0	28	0	262	0	251	353	182	0	0	160	393	0	0	0	108	255	0	0	203	8	444	149	0	0	202	263	183	12	126	386	538	96	0	258	538	133	259	203	254	222
494	454	239	39	294	204	344	451	217	0	343	117	511	0	44	625	27	37	259	454	126	0	226	337	360	104	224	134	106	0	358	368	0	0	0	134	0	368	86	357	459	288	0	27	266	499	0	0	34	214	361	44	0	309	114	550	255	46	10	308	369	289	118	232	492	644	202	0	364	644	239	365	309	360	328
136	96	0	0	0	0	0	93	0	0	0	0	153	0	0	267	0	0	0	96	0	0	0	0	2	0	0	0	0	0	0	10	0	0	0	0	0	10	0	0	101	0	0	0	0	141	0	0	0	0	3	0	0	0	0	192	0	0	0	0	11	0	0	0	134	286	0	0	6	286	0	7	0	2	0
126	86	0	0	0	0	0	83	0	0	0	0	143	0	0	257	0	0	0	86	0	0	0	0	0	0	0	0	0	0	0	0	0	0	0	0	0	0	0	0	91	0	0	0	0	131	0	0	0	0	0	0	0	0	0	182	0	0	0	0	1	0	0	0	124	276	0	0	0	276	0	0	0	0	0
499	459	244	44	299	209	349	456	222	0	348	122	516	0	49	630	32	42	264	459	131	0	231	342	365	109	229	139	111	5	363	373	0	0	0	139	0	373	91	362	464	293	0	32	271	504	0	0	39	219	366	49	0	314	119	555	260	51	15	313	374	294	123	237	497	649	207	0	369	649	244	370	314	365	333
656	616	401	201	456	366	506	613	379	96	505	279	673	0	206	787	189	199	421	616	288	0	388	499	522	266	386	296	268	162	520	530	157	0	0	296	119	530	248	519	621	450	42	189	428	661	147	156	196	376	523	206	38	471	276	712	417	208	172	470	531	451	280	394	654	806	364	0	526	806	401	527	471	522	490
740	700	485	285	540	450	590	697	463	180	589	363	757	84	290	871	273	283	505	700	372	4	472	583	606	350	470	380	352	246	604	614	241	84	0	380	203	614	332	603	705	534	126	273	512	745	231	240	280	460	607	290	122	555	360	796	501	292	256	554	615	535	364	478	738	890	448	30	610	890	485	611	555	606	574
360	320	105	0	160	70	210	317	83	0	209	0	377	0	0	491	0	0	125	320	0	0	92	203	226	0	90	0	0	0	224	234	0	0	0	0	0	234	0	223	325	154	0	0	132	365	0	0	0	80	227	0	0	175	0	416	121	0	0	174	235	155	0	98	358	510	68	0	230	510	105	231	175	226	194
537	497	282	82	337	247	387	494	260	0	386	160	554	0	87	668	70	80	302	497	169	0	269	380	403	147	267	177	149	43	401	411	38	0	0	177	0	411	129	400	502	331	0	70	309	542	28	37	77	257	404	87	0	352	157	593	298	89	53	351	412	332	161	275	535	687	245	0	407	687	282	408	352	403	371
126	86	0	0	0	0	0	83	0	0	0	0	143	0	0	257	0	0	0	86	0	0	0	0	0	0	0	0	0	0	0	0	0	0	0	0	0	0	0	0	91	0	0	0	0	131	0	0	0	0	0	0	0	0	0	182	0	0	0	0	1	0	0	0	124	276	0	0	0	276	0	0	0	0	0
408	368	153	0	208	118	258	365	131	0	257	31	425	0	0	539	0	0	173	368	40	0	140	251	274	18	138	48	20	0	272	282	0	0	0	48	0	282	0	271	373	202	0	0	180	413	0	0	0	128	275	0	0	223	28	464	169	0	0	222	283	203	32	146	406	558	116	0	278	558	153	279	223	274	242
137	97	0	0	0	0	0	94	0	0	0	0	154	0	0	268	0	0	0	97	0	0	0	0	3	0	0	0	0	0	1	11	0	0	0	0	0	11	0	0	102	0	0	0	0	142	0	0	0	0	4	0	0	0	0	193	0	0	0	0	12	0	0	0	135	287	0	0	7	287	0	8	0	3	0
35	0	0	0	0	0	0	0	0	0	0	0	52	0	0	166	0	0	0	0	0	0	0	0	0	0	0	0	0	0	0	0	0	0	0	0	0	0	0	0	0	0	0	0	0	40	0	0	0	0	0	0	0	0	0	91	0	0	0	0	0	0	0	0	33	185	0	0	0	185	0	0	0	0	0
206	166	0	0	6	0	56	163	0	0	55	0	223	0	0	337	0	0	0	166	0	0	0	49	72	0	0	0	0	0	70	80	0	0	0	0	0	80	0	69	171	0	0	0	0	211	0	0	0	0	73	0	0	21	0	262	0	0	0	20	81	1	0	0	204	356	0	0	76	356	0	77	21	72	40
614	574	359	159	414	324	464	571	337	54	463	237	631	0	164	745	147	157	379	574	246	0	346	457	480	224	344	254	226	120	478	488	115	0	0	254	77	488	206	477	579	408	0	147	386	619	105	114	154	334	481	164	0	429	234	670	375	166	130	428	489	409	238	352	612	764	322	0	484	764	359	485	429	480	448
467	427	212	12	267	177	317	424	190	0	316	90	484	0	17	598	0	10	232	427	99	0	199	310	333	77	197	107	79	0	331	341	0	0	0	107	0	341	59	330	432	261	0	0	239	472	0	0	7	187	334	17	0	282	87	523	228	19	0	281	342	262	91	205	465	617	175	0	337	617	212	338	282	333	301
228	188	0	0	28	0	78	185	0	0	77	0	245	0	0	359	0	0	0	188	0	0	0	71	94	0	0	0	0	0	92	102	0	0	0	0	0	102	0	91	193	22	0	0	0	233	0	0	0	0	95	0	0	43	0	284	0	0	0	42	103	23	0	0	226	378	0	0	98	378	0	99	43	94	62
0	0	0	0	0	0	0	0	0	0	0	0	12	0	0	126	0	0	0	0	0	0	0	0	0	0	0	0	0	0	0	0	0	0	0	0	0	0	0	0	0	0	0	0	0	0	0	0	0	0	0	0	0	0	0	51	0	0	0	0	0	0	0	0	0	145	0	0	0	145	0	0	0	0	0
509	469	254	54	309	219	359	466	232	0	358	132	526	0	59	640	42	52	274	469	141	0	241	352	375	119	239	149	121	15	373	383	10	0	0	149	0	383	101	372	474	303	0	42	281	514	0	9	49	229	376	59	0	324	129	565	270	61	25	323	384	304	133	247	507	659	217	0	379	659	254	380	324	375	343
500	460	245	45	300	210	350	457	223	0	349	123	517	0	50	631	33	43	265	460	132	0	232	343	366	110	230	140	112	6	364	374	1	0	0	140	0	374	92	363	465	294	0	33	272	505	0	0	40	220	367	50	0	315	120	556	261	52	16	314	375	295	124	238	498	650	208	0	370	650	245	371	315	366	334
460	420	205	5	260	170	310	417	183	0	309	83	477	0	10	591	0	3	225	420	92	0	192	303	326	70	190	100	72	0	324	334	0	0	0	100	0	334	52	323	425	254	0	0	232	465	0	0	0	180	327	10	0	275	80	516	221	12	0	274	335	255	84	198	458	610	168	0	330	610	205	331	275	326	294
280	240	25	0	80	0	130	237	3	0	129	0	297	0	0	411	0	0	45	240	0	0	12	123	146	0	10	0	0	0	144	154	0	0	0	0	0	154	0	143	245	74	0	0	52	285	0	0	0	0	147	0	0	95	0	336	41	0	0	94	155	75	0	18	278	430	0	0	150	430	25	151	95	146	114
133	93	0	0	0	0	0	90	0	0	0	0	150	0	0	264	0	0	0	93	0	0	0	0	0	0	0	0	0	0	0	7	0	0	0	0	0	7	0	0	98	0	0	0	0	138	0	0	0	0	0	0	0	0	0	189	0	0	0	0	8	0	0	0	131	283	0	0	3	283	0	4	0	0	0
450	410	195	0	250	160	300	407	173	0	299	73	467	0	0	581	0	0	215	410	82	0	182	293	316	60	180	90	62	0	314	324	0	0	0	90	0	324	42	313	415	244	0	0	222	455	0	0	0	170	317	0	0	265	70	506	211	2	0	264	325	245	74	188	448	600	158	0	320	600	195	321	265	316	284
618	578	363	163	418	328	468	575	341	58	467	241	635	0	168	749	151	161	383	578	250	0	350	461	484	228	348	258	230	124	482	492	119	0	0	258	81	492	210	481	583	412	4	151	390	623	109	118	158	338	485	168	0	433	238	674	379	170	134	432	493	413	242	356	616	768	326	0	488	768	363	489	433	484	452
185	145	0	0	0	0	35	142	0	0	34	0	202	0	0	316	0	0	0	145	0	0	0	28	51	0	0	0	0	0	49	59	0	0	0	0	0	59	0	48	150	0	0	0	0	190	0	0	0	0	52	0	0	0	0	241	0	0	0	0	60	0	0	0	183	335	0	0	55	335	0	56	0	51	19
380	340	125	0	180	90	230	337	103	0	229	3	397	0	0	511	0	0	145	340	12	0	112	223	246	0	110	20	0	0	244	254	0	0	0	20	0	254	0	243	345	174	0	0	152	385	0	0	0	100	247	0	0	195	0	436	141	0	0	194	255	175	4	118	378	530	88	0	250	530	125	251	195	246	214
0	0	0	0	0	0	0	0	0	0	0	0	0	0	0	75	0	0	0	0	0	0	0	0	0	0	0	0	0	0	0	0	0	0	0	0	0	0	0	0	0	0	0	0	0	0	0	0	0	0	0	0	0	0	0	0	0	0	0	0	0	0	0	0	0	94	0	0	0	94	0	0	0	0	0
239	199	0	0	39	0	89	196	0	0	88	0	256	0	0	370	0	0	4	199	0	0	0	82	105	0	0	0	0	0	103	113	0	0	0	0	0	113	0	102	204	33	0	0	11	244	0	0	0	0	106	0	0	54	0	295	0	0	0	53	114	34	0	0	237	389	0	0	109	389	0	110	54	105	73
448	408	193	0	248	158	298	405	171	0	297	71	465	0	0	579	0	0	213	408	80	0	180	291	314	58	178	88	60	0	312	322	0	0	0	88	0	322	40	311	413	242	0	0	220	453	0	0	0	168	315	0	0	263	68	504	209	0	0	262	323	243	72	186	446	598	156	0	318	598	193	319	263	314	282
484	444	229	29	284	194	334	441	207	0	333	107	501	0	34	615	17	27	249	444	116	0	216	327	350	94	214	124	96	0	348	358	0	0	0	124	0	358	76	347	449	278	0	17	256	489	0	0	24	204	351	34	0	299	104	540	245	36	0	298	359	279	108	222	482	634	192	0	354	634	229	355	299	350	318
186	146	0	0	0	0	36	143	0	0	35	0	203	0	0	317	0	0	0	146	0	0	0	29	52	0	0	0	0	0	50	60	0	0	0	0	0	60	0	49	151	0	0	0	0	191	0	0	0	0	53	0	0	1	0	242	0	0	0	0	61	0	0	0	184	336	0	0	56	336	0	57	1	52	20
125	85	0	0	0	0	0	82	0	0	0	0	142	0	0	256	0	0	0	85	0	0	0	0	0	0	0	0	0	0	0	0	0	0	0	0	0	0	0	0	90	0	0	0	0	130	0	0	0	0	0	0	0	0	0	181	0	0	0	0	0	0	0	0	123	275	0	0	0	275	0	0	0	0	0
205	165	0	0	5	0	55	162	0	0	54	0	222	0	0	336	0	0	0	165	0	0	0	48	71	0	0	0	0	0	69	79	0	0	0	0	0	79	0	68	170	0	0	0	0	210	0	0	0	0	72	0	0	20	0	261	0	0	0	19	80	0	0	0	203	355	0	0	75	355	0	76	20	71	39
376	336	121	0	176	86	226	333	99	0	225	0	393	0	0	507	0	0	141	336	8	0	108	219	242	0	106	16	0	0	240	250	0	0	0	16	0	250	0	239	341	170	0	0	148	381	0	0	0	96	243	0	0	191	0	432	137	0	0	190	251	171	0	114	374	526	84	0	246	526	121	247	191	242	210
262	222	7	0	62	0	112	219	0	0	111	0	279	0	0	393	0	0	27	222	0	0	0	105	128	0	0	0	0	0	126	136	0	0	0	0	0	136	0	125	227	56	0	0	34	267	0	0	0	0	129	0	0	77	0	318	23	0	0	76	137	57	0	0	260	412	0	0	132	412	7	133	77	128	96
2	0	0	0	0	0	0	0	0	0	0	0	19	0	0	133	0	0	0	0	0	0	0	0	0	0	0	0	0	0	0	0	0	0	0	0	0	0	0	0	0	0	0	0	0	7	0	0	0	0	0	0	0	0	0	58	0	0	0	0	0	0	0	0	0	152	0	0	0	152	0	0	0	0	0
0	0	0	0	0	0	0	0	0	0	0	0	0	0	0	0	0	0	0	0	0	0	0	0	0	0	0	0	0	0	0	0	0	0	0	0	0	0	0	0	0	0	0	0	0	0	0	0	0	0	0	0	0	0	0	0	0	0	0	0	0	0	0	0	0	0	0	0	0	0	0	0	0	0	0
292	252	37	0	92	2	142	249	15	0	141	0	309	0	0	423	0	0	57	252	0	0	24	135	158	0	22	0	0	0	156	166	0	0	0	0	0	166	0	155	257	86	0	0	64	297	0	0	0	12	159	0	0	107	0	348	53	0	0	106	167	87	0	30	290	442	0	0	162	442	37	163	107	158	126
710	670	455	255	510	420	560	667	433	150	559	333	727	54	260	841	243	253	475	670	342	0	442	553	576	320	440	350	322	216	574	584	211	54	0	350	173	584	302	573	675	504	96	243	482	715	201	210	250	430	577	260	92	525	330	766	471	262	226	524	585	505	334	448	708	860	418	0	580	860	455	581	525	576	544
130	90	0	0	0	0	0	87	0	0	0	0	147	0	0	261	0	0	0	90	0	0	0	0	0	0	0	0	0	0	0	4	0	0	0	0	0	4	0	0	95	0	0	0	0	135	0	0	0	0	0	0	0	0	0	186	0	0	0	0	5	0	0	0	128	280	0	0	0	280	0	1	0	0	0
0	0	0	0	0	0	0	0	0	0	0	0	0	0	0	0	0	0	0	0	0	0	0	0	0	0	0	0	0	0	0	0	0	0	0	0	0	0	0	0	0	0	0	0	0	0	0	0	0	0	0	0	0	0	0	0	0	0	0	0	0	0	0	0	0	0	0	0	0	0	0	0	0	0	0
255	215	0	0	55	0	105	212	0	0	104	0	272	0	0	386	0	0	20	215	0	0	0	98	121	0	0	0	0	0	119	129	0	0	0	0	0	129	0	118	220	49	0	0	27	260	0	0	0	0	122	0	0	70	0	311	16	0	0	69	130	50	0	0	253	405	0	0	125	405	0	126	70	121	89
129	89	0	0	0	0	0	86	0	0	0	0	146	0	0	260	0	0	0	89	0	0	0	0	0	0	0	0	0	0	0	3	0	0	0	0	0	3	0	0	94	0	0	0	0	134	0	0	0	0	0	0	0	0	0	185	0	0	0	0	4	0	0	0	127	279	0	0	0	279	0	0	0	0	0
185	145	0	0	0	0	35	142	0	0	34	0	202	0	0	316	0	0	0	145	0	0	0	28	51	0	0	0	0	0	49	59	0	0	0	0	0	59	0	48	150	0	0	0	0	190	0	0	0	0	52	0	0	0	0	241	0	0	0	0	60	0	0	0	183	335	0	0	55	335	0	56	0	51	19
134	94	0	0	0	0	0	91	0	0	0	0	151	0	0	265	0	0	0	94	0	0	0	0	0	0	0	0	0	0	0	8	0	0	0	0	0	8	0	0	99	0	0	0	0	139	0	0	0	0	1	0	0	0	0	190	0	0	0	0	9	0	0	0	132	284	0	0	4	284	0	5	0	0	0
166	126	0	0	0	0	16	123	0	0	15	0	183	0	0	297	0	0	0	126	0	0	0	9	32	0	0	0	0	0	30	40	0	0	0	0	0	40	0	29	131	0	0	0	0	171	0	0	0	0	33	0	0	0	0	222	0	0	0	0	41	0	0	0	164	316	0	0	36	316	0	37	0	32	0

0	40	255	455	200	290	150	43	277	560	151	377	0	656	450	0	467	457	235	40	368	736	268	157	134	390	270	360	388	494	136	126	499	656	740	360	537	126	408	137	35	206	614	467	228	0	509	500	460	280	133	450	618	185	380	0	239	448	484	186	125	205	376	262	2	0	292	710	130	0	255	129	185	134	166
0	0	215	415	160	250	110	3	237	520	111	337	0	616	410	0	427	417	195	0	328	696	228	117	94	350	230	320	348	454	96	86	459	616	700	320	497	86	368	97	0	166	574	427	188	0	469	460	420	240	93	410	578	145	340	0	199	408	444	146	85	165	336	222	0	0	252	670	90	0	215	89	145	94	126
0	0	0	200	0	35	0	0	22	305	0	122	0	401	195	0	212	202	0	0	113	481	13	0	0	135	15	105	133	239	0	0	244	401	485	105	282	0	153	0	0	0	359	212	0	0	254	245	205	25	0	195	363	0	125	0	0	193	229	0	0	0	121	7	0	0	37	455	0	0	0	0	0	0	0
0	0	0	0	0	0	0	0	0	105	0	0	0	201	0	0	12	2	0	0	0	281	0	0	0	0	0	0	0	39	0	0	44	201	285	0	82	0	0	0	0	0	159	12	0	0	54	45	5	0	0	0	163	0	0	0	0	0	29	0	0	0	0	0	0	0	0	255	0	0	0	0	0	0	0
0	0	55	255	0	90	0	0	77	360	0	177	0	456	250	0	267	257	35	0	168	536	68	0	0	190	70	160	188	294	0	0	299	456	540	160	337	0	208	0	0	6	414	267	28	0	309	300	260	80	0	250	418	0	180	0	39	248	284	0	0	5	176	62	0	0	92	510	0	0	55	0	0	0	0
0	0	0	165	0	0	0	0	0	270	0	87	0	366	160	0	177	167	0	0	78	446	0	0	0	100	0	70	98	204	0	0	209	366	450	70	247	0	118	0	0	0	324	177	0	0	219	210	170	0	0	160	328	0	90	0	0	158	194	0	0	0	86	0	0	0	2	420	0	0	0	0	0	0	0
0	0	105	305	50	140	0	0	127	410	1	227	0	506	300	0	317	307	85	0	218	586	118	7	0	240	120	210	238	344	0	0	349	506	590	210	387	0	258	0	0	56	464	317	78	0	359	350	310	130	0	300	468	35	230	0	89	298	334	36	0	55	226	112	0	0	142	560	0	0	105	0	35	0	16
0	0	212	412	157	247	107	0	234	517	108	334	0	613	407	0	424	414	192	0	325	693	225	114	91	347	227	317	345	451	93	83	456	613	697	317	494	83	365	94	0	163	571	424	185	0	466	457	417	237	90	407	575	142	337	0	196	405	441	143	82	162	333	219	0	0	249	667	87	0	212	86	142	91	123
0	0	0	178	0	13	0	0	0	283	0	100	0	379	173	0	190	180	0	0	91	459	0	0	0	113	0	83	111	217	0	0	222	379	463	83	260	0	131	0	0	0	337	190	0	0	232	223	183	3	0	173	341	0	103	0	0	171	207	0	0	0	99	0	0	0	15	433	0	0	0	0	0	0	0
0	0	0	0	0	0	0	0	0	0	0	0	0	96	0	0	0	0	0	0	0	176	0	0	0	0	0	0	0	0	0	0	0	96	180	0	0	0	0	0	0	0	54	0	0	0	0	0	0	0	0	0	58	0	0	0	0	0	0	0	0	0	0	0	0	0	0	150	0	0	0	0	0	0	0
0	0	104	304	49	139	0	0	126	409	0	226	0	505	299	0	316	306	84	0	217	585	117	6	0	239	119	209	237	343	0	0	348	505	589	209	386	0	257	0	0	55	463	316	77	0	358	349	309	129	0	299	467	34	229	0	88	297	333	35	0	54	225	111	0	0	141	559	0	0	104	0	34	0	15
0	0	0	78	0	0	0	0	0	183	0	0	0	279	73	0	90	80	0	0	0	359	0	0	0	13	0	0	11	117	0	0	122	279	363	0	160	0	31	0	0	0	237	90	0	0	132	123	83	0	0	73	241	0	3	0	0	71	107	0	0	0	0	0	0	0	0	333	0	0	0	0	0	0	0
17	57	272	472	217	307	167	60	294	577	168	394	0	673	467	0	484	474	252	57	385	753	285	174	151	407	287	377	405	511	153	143	516	673	757	377	554	143	425	154	52	223	631	484	245	12	526	517	477	297	150	467	635	202	397	0	256	465	501	203	142	222	393	279	19	0	309	727	147	0	272	146	202	151	183
0	0	0	0	0	0	0	0	0	0	0	0	0	0	0	0	0	0	0	0	0	80	0	0	0	0	0	0	0	0	0	0	0	0	84	0	0	0	0	0	0	0	0	0	0	0	0	0	0	0	0	0	0	0	0	0	0	0	0	0	0	0	0	0	0	0	0	54	0	0	0	0	0	0	0
0	0	0	5	0	0	0	0	0	110	0	0	0	206	0	0	17	7	0	0	0	286	0	0	0	0	0	0	0	44	0	0	49	206	290	0	87	0	0	0	0	0	164	17	0	0	59	50	10	0	0	0	168	0	0	0	0	0	34	0	0	0	0	0	0	0	0	260	0	0	0	0	0	0	0
131	171	386	586	331	421	281	174	408	691	282	508	114	787	581	0	598	588	366	171	499	867	399	288	265	521	401	491	519	625	267	257	630	787	871	491	668	257	539	268	166	337	745	598	359	126	640	631	591	411	264	581	749	316	511	75	370	579	615	317	256	336	507	393	133	0	423	841	261	0	386	260	316	265	297
0	0	0	0	0	0	0	0	0	93	0	0	0	189	0	0	0	0	0	0	0	269	0	0	0	0	0	0	0	27	0	0	32	189	273	0	70	0	0	0	0	0	147	0	0	0	42	33	0	0	0	0	151	0	0	0	0	0	17	0	0	0	0	0	0	0	0	243	0	0	0	0	0	0	0
0	0	0	0	0	0	0	0	0	103	0	0	0	199	0	0	10	0	0	0	0	279	0	0	0	0	0	0	0	37	0	0	42	199	283	0	80	0	0	0	0	0	157	10	0	0	52	43	3	0	0	0	161	0	0	0	0	0	27	0	0	0	0	0	0	0	0	253	0	0	0	0	0	0	0
0	0	20	220	0	55	0	0	42	325	0	142	0	421	215	0	232	222	0	0	133	501	33	0	0	155	35	125	153	259	0	0	264	421	505	125	302	0	173	0	0	0	379	232	0	0	274	265	225	45	0	215	383	0	145	0	4	213	249	0	0	0	141	27	0	0	57	475	0	0	20	0	0	0	0
0	0	215	415	160	250	110	3	237	520	111	337	0	616	410	0	427	417	195	0	328	696	228	117	94	350	230	320	348	454	96	86	459	616	700	320	497	86	368	97	0	166	574	427	188	0	469	460	420	240	93	410	578	145	340	0	199	408	444	146	85	165	336	222	0	0	252	670	90	0	215	89	145	94	126
0	0	0	87	0	0	0	0	0	192	0	9	0	288	82	0	99	89	0	0	0	368	0	0	0	22	0	0	20	126	0	0	131	288	372	0	169	0	40	0	0	0	246	99	0	0	141	132	92	0	0	82	250	0	12	0	0	80	116	0	0	0	8	0	0	0	0	342	0	0	0	0	0	0	0
0	0	0	0	0	0	0	0	0	0	0	0	0	0	0	0	0	0	0	0	0	0	0	0	0	0	0	0	0	0	0	0	0	0	4	0	0	0	0	0	0	0	0	0	0	0	0	0	0	0	0	0	0	0	0	0	0	0	0	0	0	0	0	0	0	0	0	0	0	0	0	0	0	0	0
0	0	0	187	0	22	0	0	9	292	0	109	0	388	182	0	199	189	0	0	100	468	0	0	0	122	2	92	120	226	0	0	231	388	472	92	269	0	140	0	0	0	346	199	0	0	241	232	192	12	0	182	350	0	112	0	0	180	216	0	0	0	108	0	0	0	24	442	0	0	0	0	0	0	0
0	0	98	298	43	133	0	0	120	403	0	220	0	499	293	0	310	300	78	0	211	579	111	0	0	233	113	203	231	337	0	0	342	499	583	203	380	0	251	0	0	49	457	310	71	0	352	343	303	123	0	293	461	28	223	0	82	291	327	29	0	48	219	105	0	0	135	553	0	0	98	0	28	0	9
0	0	121	321	66	156	16	0	143	426	17	243	0	522	316	0	333	323	101	0	234	602	134	23	0	256	136	226	254	360	2	0	365	522	606	226	403	0	274	3	0	72	480	333	94	0	375	366	326	146	0	316	484	51	246	0	105	314	350	52	0	71	242	128	0	0	158	576	0	0	121	0	51	0	32
0	0	0	65	0	0	0	0	0	170	0	0	0	266	60	0	77	67	0	0	0	346	0	0	0	0	0	0	0	104	0	0	109	266	350	0	147	0	18	0	0	0	224	77	0	0	119	110	70	0	0	60	228	0	0	0	0	58	94	0	0	0	0	0	0	0	0	320	0	0	0	0	0	0	0
0	0	0	185	0	20	0	0	7	290	0	107	0	386	180	0	197	187	0	0	98	466	0	0	0	120	0	90	118	224	0	0	229	386	470	90	267	0	138	0	0	0	344	197	0	0	239	230	190	10	0	180	348	0	110	0	0	178	214	0	0	0	106	0	0	0	22	440	0	0	0	0	0	0	0
0	0	0	95	0	0	0	0	0	200	0	17	0	296	90	0	107	97	0	0	8	376	0	0	0	30	0	0	28	134	0	0	139	296	380	0	177	0	48	0	0	0	254	107	0	0	149	140	100	0	0	90	258	0	20	0	0	88	124	0	0	0	16	0	0	0	0	350	0	0	0	0	0	0	0
0	0	0	67	0	0	0	0	0	172	0	0	0	268	62	0	79	69	0	0	0	348	0	0	0	2	0	0	0	106	0	0	111	268	352	0	149	0	20	0	0	0	226	79	0	0	121	112	72	0	0	62	230	0	0	0	0	60	96	0	0	0	0	0	0	0	0	322	0	0	0	0	0	0	0
0	0	0	0	0	0	0	0	0	66	0	0	0	162	0	0	0	0	0	0	0	242	0	0	0	0	0	0	0	0	0	0	5	162	246	0	43	0	0	0	0	0	120	0	0	0	15	6	0	0	0	0	124	0	0	0	0	0	0	0	0	0	0	0	0	0	0	216	0	0	0	0	0	0	0
0	0	119	319	64	154	14	0	141	424	15	241	0	520	314	0	331	321	99	0	232	600	132	21	0	254	134	224	252	358	0	0	363	520	604	224	401	0	272	1	0	70	478	331	92	0	373	364	324	144	0	314	482	49	244	0	103	312	348	50	0	69	240	126	0	0	156	574	0	0	119	0	49	0	30
0	0	129	329	74	164	24	0	151	434	25	251	0	530	324	0	341	331	109	0	242	610	142	31	8	264	144	234	262	368	10	0	373	530	614	234	411	0	282	11	0	80	488	341	102	0	383	374	334	154	7	324	492	59	254	0	113	322	358	60	0	79	250	136	0	0	166	584	4	0	129	3	59	8	40
0	0	0	0	0	0	0	0	0	61	0	0	0	157	0	0	0	0	0	0	0	237	0	0	0	0	0	0	0	0	0	0	0	157	241	0	38	0	0	0	0	0	115	0	0	0	10	1	0	0	0	0	119	0	0	0	0	0	0	0	0	0	0	0	0	0	0	211	0	0	0	0	0	0	0
0	0	0	0	0	0	0	0	0	0	0	0	0	0	0	0	0	0	0	0	0	80	0	0	0	0	0	0	0	0	0	0	0	0	84	0	0	0	0	0	0	0	0	0	0	0	0	0	0	0	0	0	0	0	0	0	0	0	0	0	0	0	0	0	0	0	0	54	0	0	0	0	0	0	0
0	0	0	0	0	0	0	0	0	0	0	0	0	0	0	0	0	0	0	0	0	0	0	0	0	0	0	0	0	0	0	0	0	0	0	0	0	0	0	0	0	0	0	0	0	0	0	0	0	0	0	0	0	0	0	0	0	0	0	0	0	0	0	0	0	0	0	0	0	0	0	0	0	0	0
0	0	0	95	0	0	0	0	0	200	0	17	0	296	90	0	107	97	0	0	8	376	0	0	0	30	0	0	28	134	0	0	139	296	380	0	177	0	48	0	0	0	254	107	0	0	149	140	100	0	0	90	258	0	20	0	0	88	124	0	0	0	16	0	0	0	0	350	0	0	0	0	0	0	0
0	0	0	0	0	0	0	0	0	23	0	0	0	119	0	0	0	0	0	0	0	199	0	0	0	0	0	0	0	0	0	0	0	119	203	0	0	0	0	0	0	0	77	0	0	0	0	0	0	0	0	0	81	0	0	0	0	0	0	0	0	0	0	0	0	0	0	173	0	0	0	0	0	0	0
0	0	129	329	74	164	24	0	151	434	25	251	0	530	324	0	341	331	109	0	242	610	142	31	8	264	144	234	262	368	10	0	373	530	614	234	411	0	282	11	0	80	488	341	102	0	383	374	334	154	7	324	492	59	254	0	113	322	358	60	0	79	250	136	0	0	166	584	4	0	129	3	59	8	40
0	0	0	47	0	0	0	0	0	152	0	0	0	248	42	0	59	49	0	0	0	328	0	0	0	0	0	0	0	86	0	0	91	248	332	0	129	0	0	0	0	0	206	59	0	0	101	92	52	0	0	42	210	0	0	0	0	40	76	0	0	0	0	0	0	0	0	302	0	0	0	0	0	0	0
0	0	118	318	63	153	13	0	140	423	14	240	0	519	313	0	330	320	98	0	231	599	131	20	0	253	133	223	251	357	0	0	362	519	603	223	400	0	271	0	0	69	477	330	91	0	372	363	323	143	0	313	481	48	243	0	102	311	347	49	0	68	239	125	0	0	155	573	0	0	118	0	48	0	29
0	5	220	420	165	255	115	8	242	525	116	342	0	621	415	0	432	422	200	5	333	701	233	122	99	355	235	325	353	459	101	91	464	621	705	325	502	91	373	102	0	171	579	432	193	0	474	465	425	245	98	415	583	150	345	0	204	413	449	151	90	170	341	227	0	0	257	675	95	0	220	94	150	99	131
0	0	49	249	0	84	0	0	71	354	0	171	0	450	244	0	261	251	29	0	162	530	62	0	0	184	64	154	182	288	0	0	293	450	534	154	331	0	202	0	0	0	408	261	22	0	303	294	254	74	0	244	412	0	174	0	33	242	278	0	0	0	170	56	0	0	86	504	0	0	49	0	0	0	0
0	0	0	0	0	0	0	0	0	0	0	0	0	42	0	0	0	0	0	0	0	122	0	0	0	0	0	0	0	0	0	0	0	42	126	0	0	0	0	0	0	0	0	0	0	0	0	0	0	0	0	0	4	0	0	0	0	0	0	0	0	0	0	0	0	0	0	96	0	0	0	0	0	0	0
0	0	0	0	0	0	0	0	0	93	0	0	0	189	0	0	0	0	0	0	0	269	0	0	0	0	0	0	0	27	0	0	32	189	273	0	70	0	0	0	0	0	147	0	0	0	42	33	0	0	0	0	151	0	0	0	0	0	17	0	0	0	0	0	0	0	0	243	0	0	0	0	0	0	0
0	0	27	227	0	62	0	0	49	332	0	149	0	428	222	0	239	229	7	0	140	508	40	0	0	162	42	132	160	266	0	0	271	428	512	132	309	0	180	0	0	0	386	239	0	0	281	272	232	52	0	222	390	0	152	0	11	220	256	0	0	0	148	34	0	0	64	482	0	0	27	0	0	0	0
5	45	260	460	205	295	155	48	282	565	156	382	0	661	455	0	472	462	240	45	373	741	273	162	139	395	275	365	393	499	141	131	504	661	745	365	542	131	413	142	40	211	619	472	233	0	514	505	465	285	138	455	623	190	385	0	244	453	489	191	130	210	381	267	7	0	297	715	135	0	260	134	190	139	171
0	0	0	0	0	0	0	0	0	51	0	0	0	147	0	0	0	0	0	0	0	227	0	0	0	0	0	0	0	0	0	0	0	147	231	0	28	0	0	0	0	0	105	0	0	0	0	0	0	0	0	0	109	0	0	0	0	0	0	0	0	0	0	0	0	0	0	201	0	0	0	0	0	0	0
0	0	0	0	0	0	0	0	0	60	0	0	0	156	0	0	0	0	0	0	0	236	0	0	0	0	0	0	0	0	0	0	0	156	240	0	37	0	0	0	0	0	114	0	0	0	9	0	0	0	0	0	118	0	0	0	0	0	0	0	0	0	0	0	0	0	0	210	0	0	0	0	0	0	0
0	0	0	0	0	0	0	0	0	100	0	0	0	196	0	0	7	0	0	0	0	276	0	0	0	0	0	0	0	34	0	0	39	196	280	0	77	0	0	0	0	0	154	7	0	0	49	40	0	0	0	0	158	0	0	0	0	0	24	0	0	0	0	0	0	0	0	250	0	0	0	0	0	0	0
0	0	0	175	0	10	0	0	0	280	0	97	0	376	170	0	187	177	0	0	88	456	0	0	0	110	0	80	108	214	0	0	219	376	460	80	257	0	128	0	0	0	334	187	0	0	229	220	180	0	0	170	338	0	100	0	0	168	204	0	0	0	96	0	0	0	12	430	0	0	0	0	0	0	0
0	0	122	322	67	157	17	0	144	427	18	244	0	523	317	0	334	324	102	0	235	603	135	24	1	257	137	227	255	361	3	0	366	523	607	227	404	0	275	4	0	73	481	334	95	0	376	367	327	147	0	317	485	52	247	0	106	315	351	53	0	72	243	129	0	0	159	577	0	0	122	0	52	1	33
0	0	0	5	0	0	0	0	0	110	0	0	0	206	0	0	17	7	0	0	0	286	0	0	0	0	0	0	0	44	0	0	49	206	290	0	87	0	0	0	0	0	164	17	0	0	59	50	10	0	0	0	168	0	0	0	0	0	34	0	0	0	0	0	0	0	0	260	0	0	0	0	0	0	0
0	0	0	0	0	0	0	0	0	0	0	0	0	38	0	0	0	0	0	0	0	118	0	0	0	0	0	0	0	0	0	0	0	38	122	0	0	0	0	0	0	0	0	0	0	0	0	0	0	0	0	0	0	0	0	0	0	0	0	0	0	0	0	0	0	0	0	92	0	0	0	0	0	0	0
0	0	70	270	15	105	0	0	92	375	0	192	0	471	265	0	282	272	50	0	183	551	83	0	0	205	85	175	203	309	0	0	314	471	555	175	352	0	223	0	0	21	429	282	43	0	324	315	275	95	0	265	433	0	195	0	54	263	299	1	0	20	191	77	0	0	107	525	0	0	70	0	0	0	0
0	0	0	75	0	0	0	0	0	180	0	0	0	276	70	0	87	77	0	0	0	356	0	0	0	10	0	0	8	114	0	0	119	276	360	0	157	0	28	0	0	0	234	87	0	0	129	120	80	0	0	70	238	0	0	0	0	68	104	0	0	0	0	0	0	0	0	330	0	0	0	0	0	0	0
56	96	311	511	256	346	206	99	333	616	207	433	39	712	506	0	523	513	291	96	424	792	324	213	190	446	326	416	444	550	192	182	555	712	796	416	593	182	464	193	91	262	670	523	284	51	565	556	516	336	189	506	674	241	436	0	295	504	540	242	181	261	432	318	58	0	348	766	186	0	311	185	241	190	222
0	0	16	216	0	51	0	0	38	321	0	138	0	417	211	0	228	218	0	0	129	497	29	0	0	151	31	121	149	255	0	0	260	417	501	121	298	0	169	0	0	0	375	228	0	0	270	261	221	41	0	211	379	0	141	0	0	209	245	0	0	0	137	23	0	0	53	471	0	0	16	0	0	0	0
0	0	0	7	0	0	0	0	0	112	0	0	0	208	2	0	19	9	0	0	0	288	0	0	0	0	0	0	0	46	0	0	51	208	292	0	89	0	0	0	0	0	166	19	0	0	61	52	12	0	0	2	170	0	0	0	0	0	36	0	0	0	0	0	0	0	0	262	0	0	0	0	0	0	0
0	0	0	0	0	0	0	0	0	76	0	0	0	172	0	0	0	0	0	0	0	252	0	0	0	0	0	0	0	10	0	0	15	172	256	0	53	0	0	0	0	0	130	0	0	0	25	16	0	0	0	0	134	0	0	0	0	0	0	0	0	0	0	0	0	0	0	226	0	0	0	0	0	0	0
0	0	69	269	14	104	0	0	91	374	0	191	0	470	264	0	281	271	49	0	182	550	82	0	0	204	84	174	202	308	0	0	313	470	554	174	351	0	222	0	0	20	428	281	42	0	323	314	274	94	0	264	432	0	194	0	53	262	298	0	0	19	190	76	0	0	106	524	0	0	69	0	0	0	0
0	0	130	330	75	165	25	0	152	435	26	252	0	531	325	0	342	332	110	0	243	611	143	32	9	265	145	235	263	369	11	1	374	531	615	235	412	1	283	12	0	81	489	342	103	0	384	375	335	155	8	325	493	60	255	0	114	323	359	61	0	80	251	137	0	0	167	585	5	0	130	4	60	9	41
0	0	50	250	0	85	0	0	72	355	0	172	0	451	245	0	262	252	30	0	163	531	63	0	0	185	65	155	183	289	0	0	294	451	535	155	332	0	203	0	0	1	409	262	23	0	304	295	255	75	0	245	413	0	175	0	34	243	279	0	0	0	171	57	0	0	87	505	0	0	50	0	0	0	0
0	0	0	79	0	0	0	0	0	184	0	1	0	280	74	0	91	81	0	0	0	360	0	0	0	14	0	0	12	118	0	0	123	280	364	0	161	0	32	0	0	0	238	91	0	0	133	124	84	0	0	74	242	0	4	0	0	72	108	0	0	0	0	0	0	0	0	334	0	0	0	0	0	0	0
0	0	0	193	0	28	0	0	15	298	0	115	0	394	188	0	205	195	0	0	106	474	6	0	0	128	8	98	126	232	0	0	237	394	478	98	275	0	146	0	0	0	352	205	0	0	247	238	198	18	0	188	356	0	118	0	0	186	222	0	0	0	114	0	0	0	30	448	0	0	0	0	0	0	0
0	38	253	453	198	288	148	41	275	558	149	375	0	654	448	0	465	455	233	38	366	734	266	155	132	388	268	358	386	492	134	124	497	654	738	358	535	124	406	135	33	204	612	465	226	0	507	498	458	278	131	448	616	183	378	0	237	446	482	184	123	203	374	260	0	0	290	708	128	0	253	127	183	132	164
150	190	405	605	350	440	300	193	427	710	301	527	133	806	600	19	617	607	385	190	518	886	418	307	284	540	420	510	538	644	286	276	649	806	890	510	687	276	558	287	185	356	764	617	378	145	659	650	610	430	283	600	768	335	530	94	389	598	634	336	275	355	526	412	152	0	442	860	280	0	405	279	335	284	316
0	0	0	163	0	0	0	0	0	268	0	85	0	364	158	0	175	165	0	0	76	444	0	0	0	98	0	68	96	202	0	0	207	364	448	68	245	0	116	0	0	0	322	175	0	0	217	208	168	0	0	158	326	0	88	0	0	156	192	0	0	0	84	0	0	0	0	418	0	0	0	0	0	0	0
0	0	0	0	0	0	0	0	0	0	0	0	0	0	0	0	0	0	0	0	0	26	0	0	0	0	0	0	0	0	0	0	0	0	30	0	0	0	0	0	0	0	0	0	0	0	0	0	0	0	0	0	0	0	0	0	0	0	0	0	0	0	0	0	0	0	0	0	0	0	0	0	0	0	0
0	0	125	325	70	160	20	0	147	430	21	247	0	526	320	0	337	327	105	0	238	606	138	27	4	260	140	230	258	364	6	0	369	526	610	230	407	0	278	7	0	76	484	337	98	0	379	370	330	150	3	320	488	55	250	0	109	318	354	56	0	75	246	132	0	0	162	580	0	0	125	0	55	4	36
150	190	405	605	350	440	300	193	427	710	301	527	133	806	600	19	617	607	385	190	518	886	418	307	284	540	420	510	538	644	286	276	649	806	890	510	687	276	558	287	185	356	764	617	378	145	659	650	610	430	283	600	768	335	530	94	389	598	634	336	275	355	526	412	152	0	442	860	280	0	405	279	335	284	316
0	0	0	200	0	35	0	0	22	305	0	122	0	401	195	0	212	202	0	0	113	481	13	0	0	135	15	105	133	239	0	0	244	401	485	105	282	0	153	0	0	0	359	212	0	0	254	245	205	25	0	195	363	0	125	0	0	193	229	0	0	0	121	7	0	0	37	455	0	0	0	0	0	0	0
0	0	126	326	71	161	21	0	148	431	22	248	0	527	321	0	338	328	106	0	239	607	139	28	5	261	141	231	259	365	7	0	370	527	611	231	408	0	279	8	0	77	485	338	99	0	380	371	331	151	4	321	489	56	251	0	110	319	355	57	0	76	247	133	0	0	163	581	1	0	126	0	56	5	37
0	0	70	270	15	105	0	0	92	375	0	192	0	471	265	0	282	272	50	0	183	551	83	0	0	205	85	175	203	309	0	0	314	471	555	175	352	0	223	0	0	21	429	282	43	0	324	315	275	95	0	265	433	0	195	0	54	263	299	1	0	20	191	77	0	0	107	525	0	0	70	0	0	0	0
0	0	121	321	66	156	16	0	143	426	17	243	0	522	316	0	333	323	101	0	234	602	134	23	0	256	136	226	254	360	2	0	365	522	606	226	403	0	274	3	0	72	480	333	94	0	375	366	326	146	0	316	484	51	246	0	105	314	350	52	0	71	242	128	0	0	158	576	0	0	121	0	51	0	32
0	0	89	289	34	124	0	0	111	394	0	211	0	490	284	0	301	291	69	0	202	570	102	0	0	224	104	194	222	328	0	0	333	490	574	194	371	0	242	0	0	40	448	301	62	0	343	334	294	114	0	284	452	19	214	0	73	282	318	20	0	39	210	96	0	0	126	544	0	0	89	0	19	0	0

0	770	0	0	0	0	0	0	0	0	770	0	0	0	400	0	0	0	0	0	0	0	0	0	0	10	0	0	0	0	0	0	0	0	0	0	0	0	0	0	0	0	0	0	0	610	0	0	0	0	0	0	0	0	0	770	0	0	0	0	0	0	0	0	0	0	0	0	0	0	0	0	0	0	0
0	0	0	0	0	0	0	0	0	0	0	0	0	0	0	0	0	0	0	0	0	0	0	0	0	0	0	0	0	0	0	0	0	0	0	0	0	0	0	0	0	0	0	0	0	0	0	0	0	0	0	0	0	0	0	0	0	0	0	0	0	0	0	0	0	0	0	0	0	0	0	0	0	0	0
300	1070	0	30	200	10	80	0	30	100	1070	200	250	130	700	10	80	50	0	180	100	0	130	20	0	310	30	220	250	240	100	10	0	30	100	100	300	100	100	0	300	100	70	0	100	910	60	50	80	0	280	180	300	80	220	1070	30	300	300	250	80	95	80	200	30	0	150	0	60	200	80	30	10	20	90
270	1040	0	0	170	0	50	0	0	70	1040	170	220	100	670	0	50	20	0	150	70	0	100	0	0	280	0	190	220	210	70	0	0	0	70	70	270	70	70	0	270	70	40	0	70	880	30	20	50	0	250	150	270	50	190	1040	0	270	270	220	50	65	50	170	0	0	120	0	30	170	50	0	0	0	60
100	870	0	0	0	0	0	0	0	0	870	0	50	0	500	0	0	0	0	0	0	0	0	0	0	110	0	20	50	40	0	0	0	0	0	0	100	0	0	0	100	0	0	0	0	710	0	0	0	0	80	0	100	0	20	870	0	100	100	50	0	0	0	0	0	0	0	0	0	0	0	0	0	0	0
290	1060	0	20	190	0	70	0	20	90	1060	190	240	120	690	0	70	40	0	170	90	0	120	10	0	300	20	210	240	230	90	0	0	20	90	90	290	90	90	0	290	90	60	0	90	900	50	40	70	0	270	170	290	70	210	1060	20	290	290	240	70	85	70	190	20	0	140	0	50	190	70	20	0	10	80
220	990	0	0	120	0	0	0	0	20	990	120	170	50	620	0	0	0	0	100	20	0	50	0	0	230	0	140	170	160	20	0	0	0	20	20	220	20	20	0	220	20	0	0	20	830	0	0	0	0	200	100	220	0	140	990	0	220	220	170	0	15	0	120	0	0	70	0	0	120	0	0	0	0	10
300	1070	0	30	200	10	80	0	30	100	1070	200	250	130	700	10	80	50	0	180	100	0	130	20	0	310	30	220	250	240	100	10	0	30	100	100	300	100	100	0	300	100	70	0	100	910	60	50	80	0	280	180	300	80	220	1070	30	300	300	250	80	95	80	200	30	0	150	0	60	200	80	30	10	20	90
270	1040	0	0	170	0	50	0	0	70	1040	170	220	100	670	0	50	20	0	150	70	0	100	0	0	280	0	190	220	210	70	0	0	0	70	70	270	70	70	0	270	70	40	0	70	880	30	20	50	0	250	150	270	50	190	1040	0	270	270	220	50	65	50	170	0	0	120	0	30	170	50	0	0	0	60
200	970	0	0	100	0	0	0	0	0	970	100	150	30	600	0	0	0	0	80	0	0	30	0	0	210	0	120	150	140	0	0	0	0	0	0	200	0	0	0	200	0	0	0	0	810	0	0	0	0	180	80	200	0	120	970	0	200	200	150	0	0	0	100	0	0	50	0	0	100	0	0	0	0	0
0	0	0	0	0	0	0	0	0	0	0	0	0	0	0	0	0	0	0	0	0	0	0	0	0	0	0	0	0	0	0	0	0	0	0	0	0	0	0	0	0	0	0	0	0	0	0	0	0	0	0	0	0	0	0	0	0	0	0	0	0	0	0	0	0	0	0	0	0	0	0	0	0	0	0
100	870	0	0	0	0	0	0	0	0	870	0	50	0	500	0	0	0	0	0	0	0	0	0	0	110	0	20	50	40	0	0	0	0	0	0	100	0	0	0	100	0	0	0	0	710	0	0	0	0	80	0	100	0	20	870	0	100	100	50	0	0	0	0	0	0	0	0	0	0	0	0	0	0	0
50	820	0	0	0	0	0	0	0	0	820	0	0	0	450	0	0	0	0	0	0	0	0	0	0	60	0	0	0	0	0	0	0	0	0	0	50	0	0	0	50	0	0	0	0	660	0	0	0	0	30	0	50	0	0	820	0	50	50	0	0	0	0	0	0	0	0	0	0	0	0	0	0	0	0
170	940	0	0	70	0	0	0	0	0	940	70	120	0	570	0	0	0	0	50	0	0	0	0	0	180	0	90	120	110	0	0	0	0	0	0	170	0	0	0	170	0	0	0	0	780	0	0	0	0	150	50	170	0	90	940	0	170	170	120	0	0	0	70	0	0	20	0	0	70	0	0	0	0	0
0	370	0	0	0	0	0	0	0	0	370	0	0	0	0	0	0	0	0	0	0	0	0	0	0	0	0	0	0	0	0	0	0	0	0	0	0	0	0	0	0	0	0	0	0	210	0	0	0	0	0	0	0	0	0	370	0	0	0	0	0	0	0	0	0	0	0	0	0	0	0	0	0	0	0
290	1060	0	20	190	0	70	0	20	90	1060	190	240	120	690	0	70	40	0	170	90	0	120	10	0	300	20	210	240	230	90	0	0	20	90	90	290	90	90	0	290	90	60	0	90	900	50	40	70	0	270	170	290	70	210	1060	20	290	290	240	70	85	70	190	20	0	140	0	50	190	70	20	0	10	80
220	990	0	0	120	0	0	0	0	20	990	120	170	50	620	0	0	0	0	100	20	0	50	0	0	230	0	140	170	160	20	0	0	0	20	20	220	20	20	0	220	20	0	0	20	830	0	0	0	0	200	100	220	0	140	990	0	220	220	170	0	15	0	120	0	0	70	0	0	120	0	0	0	0	10
250	1020	0	0	150	0	30	0	0	50	1020	150	200	80	650	0	30	0	0	130	50	0	80	0	0	260	0	170	200	190	50	0	0	0	50	50	250	50	50	0	250	50	20	0	50	860	10	0	30	0	230	130	250	30	170	1020	0	250	250	200	30	45	30	150	0	0	100	0	10	150	30	0	0	0	40
300	1070	0	30	200	10	80	0	30	100	1070	200	250	130	700	10	80	50	0	180	100	0	130	20	0	310	30	220	250	240	100	10	0	30	100	100	300	100	100	0	300	100	70	0	100	910	60	50	80	0	280	180	300	80	220	1070	30	300	300	250	80	95	80	200	30	0	150	0	60	200	80	30	10	20	90
120	890	0	0	20	0	0	0	0	0	890	20	70	0	520	0	0	0	0	0	0	0	0	0	0	130	0	40	70	60	0	0	0	0	0	0	120	0	0	0	120	0	0	0	0	730	0	0	0	0	100	0	120	0	40	890	0	120	120	70	0	0	0	20	0	0	0	0	0	20	0	0	0	0	0
200	970	0	0	100	0	0	0	0	0	970	100	150	30	600	0	0	0	0	80	0	0	30	0	0	210	0	120	150	140	0	0	0	0	0	0	200	0	0	0	200	0	0	0	0	810	0	0	0	0	180	80	200	0	120	970	0	200	200	150	0	0	0	100	0	0	50	0	0	100	0	0	0	0	0
325	1095	25	55	225	35	105	25	55	125	1095	225	275	155	725	35	105	75	25	205	125	0	155	45	5	335	55	245	275	265	125	35	25	55	125	125	325	125	125	0	325	125	95	25	125	935	85	75	105	25	305	205	325	105	245	1095	55	325	325	275	105	120	105	225	55	0	175	25	85	225	105	55	35	45	115
170	940	0	0	70	0	0	0	0	0	940	70	120	0	570	0	0	0	0	50	0	0	0	0	0	180	0	90	120	110	0	0	0	0	0	0	170	0	0	0	170	0	0	0	0	780	0	0	0	0	150	50	170	0	90	940	0	170	170	120	0	0	0	70	0	0	20	0	0	70	0	0	0	0	0
280	1050	0	10	180	0	60	0	10	80	1050	180	230	110	680	0	60	30	0	160	80	0	110	0	0	290	10	200	230	220	80	0	0	10	80	80	280	80	80	0	280	80	50	0	80	890	40	30	60	0	260	160	280	60	200	1050	10	280	280	230	60	75	60	180	10	0	130	0	40	180	60	10	0	0	70
320	1090	20	50	220	30	100	20	50	120	1090	220	270	150	720	30	100	70	20	200	120	0	150	40	0	330	50	240	270	260	120	30	20	50	120	120	320	120	120	0	320	120	90	20	120	930	80	70	100	20	300	200	320	100	240	1090	50	320	320	270	100	115	100	220	50	0	170	20	80	220	100	50	30	40	110
0	760	0	0	0	0	0	0	0	0	760	0	0	0	390	0	0	0	0	0	0	0	0	0	0	0	0	0	0	0	0	0	0	0	0	0	0	0	0	0	0	0	0	0	0	600	0	0	0	0	0	0	0	0	0	760	0	0	0	0	0	0	0	0	0	0	0	0	0	0	0	0	0	0	0
270	1040	0	0	170	0	50	0	0	70	1040	170	220	100	670	0	50	20	0	150	70	0	100	0	0	280	0	190	220	210	70	0	0	0	70	70	270	70	70	0	270	70	40	0	70	880	30	20	50	0	250	150	270	50	190	1040	0	270	270	220	50	65	50	170	0	0	120	0	30	170	50	0	0	0	60
80	850	0	0	0	0	0	0	0	0	850	0	30	0	480	0	0	0	0	0	0	0	0	0	0	90	0	0	30	20	0	0	0	0	0	0	80	0	0	0	80	0	0	0	0	690	0	0	0	0	60	0	80	0	0	850	0	80	80	30	0	0	0	0	0	0	0	0	0	0	0	0	0	0	0
50	820	0	0	0	0	0	0	0	0	820	0	0	0	450	0	0	0	0	0	0	0	0	0	0	60	0	0	0	0	0	0	0	0	0	0	50	0	0	0	50	0	0	0	0	660	0	0	0	0	30	0	50	0	0	820	0	50	50	0	0	0	0	0	0	0	0	0	0	0	0	0	0	0	0
60	830	0	0	0	0	0	0	0	0	830	0	10	0	460	0	0	0	0	0	0	0	0	0	0	70	0	0	10	0	0	0	0	0	0	0	60	0	0	0	60	0	0	0	0	670	0	0	0	0	40	0	60	0	0	830	0	60	60	10	0	0	0	0	0	0	0	0	0	0	0	0	0	0	0
200	970	0	0	100	0	0	0	0	0	970	100	150	30	600	0	0	0	0	80	0	0	30	0	0	210	0	120	150	140	0	0	0	0	0	0	200	0	0	0	200	0	0	0	0	810	0	0	0	0	180	80	200	0	120	970	0	200	200	150	0	0	0	100	0	0	50	0	0	100	0	0	0	0	0
290	1060	0	20	190	0	70	0	20	90	1060	190	240	120	690	0	70	40	0	170	90	0	120	10	0	300	20	210	240	230	90	0	0	20	90	90	290	90	90	0	290	90	60	0	90	900	50	40	70	0	270	170	290	70	210	1060	20	290	290	240	70	85	70	190	20	0	140	0	50	190	70	20	0	10	80
300	1070	0	30	200	10	80	0	30	100	1070	200	250	130	700	10	80	50	0	180	100	0	130	20	0	310	30	220	250	240	100	10	0	30	100	100	300	100	100	0	300	100	70	0	100	910	60	50	80	0	280	180	300	80	220	1070	30	300	300	250	80	95	80	200	30	0	150	0	60	200	80	30	10	20	90
270	1040	0	0	170	0	50	0	0	70	1040	170	220	100	670	0	50	20	0	150	70	0	100	0	0	280	0	190	220	210	70	0	0	0	70	70	270	70	70	0	270	70	40	0	70	880	30	20	50	0	250	150	270	50	190	1040	0	270	270	220	50	65	50	170	0	0	120	0	30	170	50	0	0	0	60
200	970	0	0	100	0	0	0	0	0	970	100	150	30	600	0	0	0	0	80	0	0	30	0	0	210	0	120	150	140	0	0	0	0	0	0	200	0	0	0	200	0	0	0	0	810	0	0	0	0	180	80	200	0	120	970	0	200	200	150	0	0	0	100	0	0	50	0	0	100	0	0	0	0	0
200	970	0	0	100	0	0	0	0	0	970	100	150	30	600	0	0	0	0	80	0	0	30	0	0	210	0	120	150	140	0	0	0	0	0	0	200	0	0	0	200	0	0	0	0	810	0	0	0	0	180	80	200	0	120	970	0	200	200	150	0	0	0	100	0	0	50	0	0	100	0	0	0	0	0
0	770	0	0	0	0	0	0	0	0	770	0	0	0	400	0	0	0	0	0	0	0	0	0	0	10	0	0	0	0	0	0	0	0	0	0	0	0	0	0	0	0	0	0	0	610	0	0	0	0	0	0	0	0	0	770	0	0	0	0	0	0	0	0	0	0	0	0	0	0	0	0	0	0	0
200	970	0	0	100	0	0	0	0	0	970	100	150	30	600	0	0	0	0	80	0	0	30	0	0	210	0	120	150	140	0	0	0	0	0	0	200	0	0	0	200	0	0	0	0	810	0	0	0	0	180	80	200	0	120	970	0	200	200	150	0	0	0	100	0	0	50	0	0	100	0	0	0	0	0
200	970	0	0	100	0	0	0	0	0	970	100	150	30	600	0	0	0	0	80	0	0	30	0	0	210	0	120	150	140	0	0	0	0	0	0	200	0	0	0	200	0	0	0	0	810	0	0	0	0	180	80	200	0	120	970	0	200	200	150	0	0	0	100	0	0	50	0	0	100	0	0	0	0	0
325	1095	25	55	225	35	105	25	55	125	1095	225	275	155	725	35	105	75	25	205	125	0	155	45	5	335	55	245	275	265	125	35	25	55	125	125	325	125	125	0	325	125	95	25	125	935	85	75	105	25	305	205	325	105	245	1095	55	325	325	275	105	120	105	225	55	0	175	25	85	225	105	55	35	45	115
0	770	0	0	0	0	0	0	0	0	770	0	0	0	400	0	0	0	0	0	0	0	0	0	0	10	0	0	0	0	0	0	0	0	0	0	0	0	0	0	0	0	0	0	0	610	0	0	0	0	0	0	0	0	0	770	0	0	0	0	0	0	0	0	0	0	0	0	0	0	0	0	0	0	0
200	970	0	0	100	0	0	0	0	0	970	100	150	30	600	0	0	0	0	80	0	0	30	0	0	210	0	120	150	140	0	0	0	0	0	0	200	0	0	0	200	0	0	0	0	810	0	0	0	0	180	80	200	0	120	970	0	200	200	150	0	0	0	100	0	0	50	0	0	100	0	0	0	0	0
230	1000	0	0	130	0	10	0	0	30	1000	130	180	60	630	0	10	0	0	110	30	0	60	0	0	240	0	150	180	170	30	0	0	0	30	30	230	30	30	0	230	30	0	0	30	840	0	0	10	0	210	110	230	10	150	1000	0	230	230	180	10	25	10	130	0	0	80	0	0	130	10	0	0	0	20
300	1070	0	30	200	10	80	0	30	100	1070	200	250	130	700	10	80	50	0	180	100	0	130	20	0	310	30	220	250	240	100	10	0	30	100	100	300	100	100	0	300	100	70	0	100	910	60	50	80	0	280	180	300	80	220	1070	30	300	300	250	80	95	80	200	30	0	150	0	60	200	80	30	10	20	90
200	970	0	0	100	0	0	0	0	0	970	100	150	30	600	0	0	0	0	80	0	0	30	0	0	210	0	120	150	140	0	0	0	0	0	0	200	0	0	0	200	0	0	0	0	810	0	0	0	0	180	80	200	0	120	970	0	200	200	150	0	0	0	100	0	0	50	0	0	100	0	0	0	0	0
0	160	0	0	0	0	0	0	0	0	160	0	0	0	0	0	0	0	0	0	0	0	0	0	0	0	0	0	0	0	0	0	0	0	0	0	0	0	0	0	0	0	0	0	0	0	0	0	0	0	0	0	0	0	0	160	0	0	0	0	0	0	0	0	0	0	0	0	0	0	0	0	0	0	0
240	1010	0	0	140	0	20	0	0	40	1010	140	190	70	640	0	20	0	0	120	40	0	70	0	0	250	0	160	190	180	40	0	0	0	40	40	240	40	40	0	240	40	10	0	40	850	0	0	20	0	220	120	240	20	160	1010	0	240	240	190	20	35	20	140	0	0	90	0	0	140	20	0	0	0	30
250	1020	0	0	150	0	30	0	0	50	1020	150	200	80	650	0	30	0	0	130	50	0	80	0	0	260	0	170	200	190	50	0	0	0	50	50	250	50	50	0	250	50	20	0	50	860	10	0	30	0	230	130	250	30	170	1020	0	250	250	200	30	45	30	150	0	0	100	0	10	150	30	0	0	0	40
220	990	0	0	120	0	0	0	0	20	990	120	170	50	620	0	0	0	0	100	20	0	50	0	0	230	0	140	170	160	20	0	0	0	20	20	220	20	20	0	220	20	0	0	20	830	0	0	0	0	200	100	220	0	140	990	0	220	220	170	0	15	0	120	0	0	70	0	0	120	0	0	0	0	10
300	1070	0	30	200	10	80	0	30	100	1070	200	250	130	700	10	80	50	0	180	100	0	130	20	0	310	30	220	250	240	100	10	0	30	100	100	300	100	100	0	300	100	70	0	100	910	60	50	80	0	280	180	300	80	220	1070	30	300	300	250	80	95	80	200	30	0	150	0	60	200	80	30	10	20	90
20	790	0	0	0	0	0	0	0	0	790	0	0	0	420	0	0	0	0	0	0	0	0	0	0	30	0	0	0	0	0	0	0	0	0	0	20	0	0	0	20	0	0	0	0	630	0	0	0	0	0	0	20	0	0	790	0	20	20	0	0	0	0	0	0	0	0	0	0	0	0	0	0	0	0
120	890	0	0	20	0	0	0	0	0	890	20	70	0	520	0	0	0	0	0	0	0	0	0	0	130	0	40	70	60	0	0	0	0	0	0	120	0	0	0	120	0	0	0	0	730	0	0	0	0	100	0	120	0	40	890	0	120	120	70	0	0	0	20	0	0	0	0	0	20	0	0	0	0	0
0	770	0	0	0	0	0	0	0	0	770	0	0	0	400	0	0	0	0	0	0	0	0	0	0	10	0	0	0	0	0	0	0	0	0	0	0	0	0	0	0	0	0	0	0	610	0	0	0	0	0	0	0	0	0	770	0	0	0	0	0	0	0	0	0	0	0	0	0	0	0	0	0	0	0
220	990	0	0	120	0	0	0	0	20	990	120	170	50	620	0	0	0	0	100	20	0	50	0	0	230	0	140	170	160	20	0	0	0	20	20	220	20	20	0	220	20	0	0	20	830	0	0	0	0	200	100	220	0	140	990	0	220	220	170	0	15	0	120	0	0	70	0	0	120	0	0	0	0	10
80	850	0	0	0	0	0	0	0	0	850	0	30	0	480	0	0	0	0	0	0	0	0	0	0	90	0	0	30	20	0	0	0	0	0	0	80	0	0	0	80	0	0	0	0	690	0	0	0	0	60	0	80	0	0	850	0	80	80	30	0	0	0	0	0	0	0	0	0	0	0	0	0	0	0
0	0	0	0	0	0	0	0	0	0	0	0	0	0	0	0	0	0	0	0	0	0	0	0	0	0	0	0	0	0	0	0	0	0	0	0	0	0	0	0	0	0	0	0	0	0	0	0	0	0	0	0	0	0	0	0	0	0	0	0	0	0	0	0	0	0	0	0	0	0	0	0	0	0	0
270	1040	0	0	170	0	50	0	0	70	1040	170	220	100	670	0	50	20	0	150	70	0	100	0	0	280	0	190	220	210	70	0	0	0	70	70	270	70	70	0	270	70	40	0	70	880	30	20	50	0	250	150	270	50	190	1040	0	270	270	220	50	65	50	170	0	0	120	0	30	170	50	0	0	0	60
0	770	0	0	0	0	0	0	0	0	770	0	0	0	400	0	0	0	0	0	0	0	0	0	0	10	0	0	0	0	0	0	0	0	0	0	0	0	0	0	0	0	0	0	0	610	0	0	0	0	0	0	0	0	0	770	0	0	0	0	0	0	0	0	0	0	0	0	0	0	0	0	0	0	0
0	770	0	0	0	0	0	0	0	0	770	0	0	0	400	0	0	0	0	0	0	0	0	0	0	10	0	0	0	0	0	0	0	0	0	0	0	0	0	0	0	0	0	0	0	610	0	0	0	0	0	0	0	0	0	770	0	0	0	0	0	0	0	0	0	0	0	0	0	0	0	0	0	0	0
50	820	0	0	0	0	0	0	0	0	820	0	0	0	450	0	0	0	0	0	0	0	0	0	0	60	0	0	0	0	0	0	0	0	0	0	50	0	0	0	50	0	0	0	0	660	0	0	0	0	30	0	50	0	0	820	0	50	50	0	0	0	0	0	0	0	0	0	0	0	0	0	0	0	0
220	990	0	0	120	0	0	0	0	20	990	120	170	50	620	0	0	0	0	100	20	0	50	0	0	230	0	140	170	160	20	0	0	0	20	20	220	20	20	0	220	20	0	0	20	830	0	0	0	0	200	100	220	0	140	990	0	220	220	170	0	15	0	120	0	0	70	0	0	120	0	0	0	0	10
205	975	0	0	105	0	0	0	0	5	975	105	155	35	605	0	0	0	0	85	5	0	35	0	0	215	0	125	155	145	5	0	0	0	5	5	205	5	5	0	205	5	0	0	5	815	0	0	0	0	185	85	205	0	125	975	0	205	205	155	0	0	0	105	0	0	55	0	0	105	0	0	0	0	0
220	990	0	0	120	0	0	0	0	20	990	120	170	50	620	0	0	0	0	100	20	0	50	0	0	230	0	140	170	160	20	0	0	0	20	20	220	20	20	0	220	20	0	0	20	830	0	0	0	0	200	100	220	0	140	990	0	220	220	170	0	15	0	120	0	0	70	0	0	120	0	0	0	0	10
100	870	0	0	0	0	0	0	0	0	870	0	50	0	500	0	0	0	0	0	0	0	0	0	0	110	0	20	50	40	0	0	0	0	0	0	100	0	0	0	100	0	0	0	0	710	0	0	0	0	80	0	100	0	20	870	0	100	100	50	0	0	0	0	0	0	0	0	0	0	0	0	0	0	0
270	1040	0	0	170	0	50	0	0	70	1040	170	220	100	670	0	50	20	0	150	70	0	100	0	0	280	0	190	220	210	70	0	0	0	70	70	270	70	70	0	270	70	40	0	70	880	30	20	50	0	250	150	270	50	190	1040	0	270	270	220	50	65	50	170	0	0	120	0	30	170	50	0	0	0	60
325	1095	25	55	225	35	105	25	55	125	1095	225	275	155	725	35	105	75	25	205	125	0	155	45	5	335	55	245	275	265	125	35	25	55	125	125	325	125	125	0	325	125	95	25	125	935	85	75	105	25	305	205	325	105	245	1095	55	325	325	275	105	120	105	225	55	0	175	25	85	225	105	55	35	45	115
150	920	0	0	50	0	0	0	0	0	920	50	100	0	550	0	0	0	0	30	0	0	0	0	0	160	0	70	100	90	0	0	0	0	0	0	150	0	0	0	150	0	0	0	0	760	0	0	0	0	130	30	150	0	70	920	0	150	150	100	0	0	0	50	0	0	0	0	0	50	0	0	0	0	0
300	1070	0	30	200	10	80	0	30	100	1070	200	250	130	700	10	80	50	0	180	100	0	130	20	0	310	30	220	250	240	100	10	0	30	100	100	300	100	100	0	300	100	70	0	100	910	60	50	80	0	280	180	300	80	220	1070	30	300	300	250	80	95	80	200	30	0	150	0	60	200	80	30	10	20	90
240	1010	0	0	140	0	20	0	0	40	1010	140	190	70	640	0	20	0	0	120	40	0	70	0	0	250	0	160	190	180	40	0	0	0	40	40	240	40	40	0	240	40	10	0	40	850	0	0	20	0	220	120	240	20	160	1010	0	240	240	190	20	35	20	140	0	0	90	0	0	140	20	0	0	0	30
100	870	0	0	0	0	0	0	0	0	870	0	50	0	500	0	0	0	0	0	0	0	0	0	0	110	0	20	50	40	0	0	0	0	0	0	100	0	0	0	100	0	0	0	0	710	0	0	0	0	80	0	100	0	20	870	0	100	100	50	0	0	0	0	0	0	0	0	0	0	0	0	0	0	0
220	990	0	0	120	0	0	0	0	20	990	120	170	50	620	0	0	0	0	100	20	0	50	0	0	230	0	140	170	160	20	0	0	0	20	20	220	20	20	0	220	20	0	0	20	830	0	0	0	0	200	100	220	0	140	990	0	220	220	170	0	15	0	120	0	0	70	0	0	120	0	0	0	0	10
270	1040	0	0	170	0	50	0	0	70	1040	170	220	100	670	0	50	20	0	150	70	0	100	0	0	280	0	190	220	210	70	0	0	0	70	70	270	70	70	0	270	70	40	0	70	880	30	20	50	0	250	150	270	50	190	1040	0	270	270	220	50	65	50	170	0	0	120	0	30	170	50	0	0	0	60
290	1060	0	20	190	0	70	0	20	90	1060	190	240	120	690	0	70	40	0	170	90	0	120	10	0	300	20	210	240	230	90	0	0	20	90	90	290	90	90	0	290	90	60	0	90	900	50	40	70	0	270	170	290	70	210	1060	20	290	290	240	70	85	70	190	20	0	140	0	50	190	70	20	0	10	80
280	1050	0	10	180	0	60	0	10	80	1050	180	230	110	680	0	60	30	0	160	80	0	110	0	0	290	10	200	230	220	80	0	0	10	80	80	280	80	80	0	280	80	50	0	80	890	40	30	60	0	260	160	280	60	200	1050	10	280	280	230	60	75	60	180	10	0	130	0	40	180	60	10	0	0	70
210	980	0	0	110	0	0	0	0	10	980	110	160	40	610	0	0	0	0	90	10	0	40	0	0	220	0	130	160	150	10	0	0	0	10	10	210	10	10	0	210	10	0	0	10	820	0	0	0	0	190	90	210	0	130	980	0	210	210	160	0	5	0	110	0	0	60	0	0	110	0	0	0	0	0

0	0	300	270	100	290	220	300	270	200	0	100	50	170	0	290	220	250	300	120	200	325	170	280	320	0	270	80	50	60	200	290	300	270	200	200	0	200	200	325	0	200	230	300	200	0	240	250	220	300	20	120	0	220	80	0	270	0	0	50	220	205	220	100	270	325	150	300	240	100	220	270	290	280	210
770	0	1070	1040	870	1060	990	1070	1040	970	0	870	820	940	370	1060	990	1020	1070	890	970	1095	940	1050	1090	760	1040	850	820	830	970	1060	1070	1040	970	970	770	970	970	1095	770	970	1000	1070	970	160	1010	1020	990	1070	790	890	770	990	850	0	1040	770	770	820	990	975	990	870	1040	1095	920	1070	1010	870	990	1040	1060	1050	980
0	0	0	0	0	0	0	0	0	0	0	0	0	0	0	0	0	0	0	0	0	25	0	0	20	0	0	0	0	0	0	0	0	0	0	0	0	0	0	25	0	0	0	0	0	0	0	0	0	0	0	0	0	0	0	0	0	0	0	0	0	0	0	0	0	25	0	0	0	0	0	0	0	0	0
0	0	30	0	0	20	0	30	0	0	0	0	0	0	0	20	0	0	30	0	0	55	0	10	50	0	0	0	0	0	0	20	30	0	0	0	0	0	0	55	0	0	0	30	0	0	0	0	0	30	0	0	0	0	0	0	0	0	0	0	0	0	0	0	0	55	0	30	0	0	0	0	20	10	0
0	0	200	170	0	190	120	200	170	100	0	0	0	70	0	190	120	150	200	20	100	225	70	180	220	0	170	0	0	0	100	190	200	170	100	100	0	100	100	225	0	100	130	200	100	0	140	150	120	200	0	20	0	120	0	0	170	0	0	0	120	105	120	0	170	225	50	200	140	0	120	170	190	180	110
0	0	10	0	0	0	0	10	0	0	0	0	0	0	0	0	0	0	10	0	0	35	0	0	30	0	0	0	0	0	0	0	10	0	0	0	0	0	0	35	0	0	0	10	0	0	0	0	0	10	0	0	0	0	0	0	0	0	0	0	0	0	0	0	0	35	0	10	0	0	0	0	0	0	0
0	0	80	50	0	70	0	80	50	0	0	0	0	0	0	70	0	30	80	0	0	105	0	60	100	0	50	0	0	0	0	70	80	50	0	0	0	0	0	105	0	0	10	80	0	0	20	30	0	80	0	0	0	0	0	0	50	0	0	0	0	0	0	0	50	105	0	80	20	0	0	50	70	60	0
0	0	0	0	0	0	0	0	0	0	0	0	0	0	0	0	0	0	0	0	0	25	0	0	20	0	0	0	0	0	0	0	0	0	0	0	0	0	0	25	0	0	0	0	0	0	0	0	0	0	0	0	0	0	0	0	0	0	0	0	0	0	0	0	0	25	0	0	0	0	0	0	0	0	0
0	0	30	0	0	20	0	30	0	0	0	0	0	0	0	20	0	0	30	0	0	55	0	10	50	0	0	0	0	0	0	20	30	0	0	0	0	0	0	55	0	0	0	30	0	0	0	0	0	30	0	0	0	0	0	0	0	0	0	0	0	0	0	0	0	55	0	30	0	0	0	0	20	10	0
0	0	100	70	0	90	20	100	70	0	0	0	0	0	0	90	20	50	100	0	0	125	0	80	120	0	70	0	0	0	0	90	100	70	0	0	0	0	0	125	0	0	30	100	0	0	40	50	20	100	0	0	0	20	0	0	70	0	0	0	20	5	20	0	70	125	0	100	40	0	20	70	90	80	10
770	0	1070	1040	870	1060	990	1070	1040	970	0	870	820	940	370	1060	990	1020	1070	890	970	1095	940	1050	1090	760	1040	850	820	830	970	1060	1070	1040	970	970	770	970	970	1095	770	970	1000	1070	970	160	1010	1020	990	1070	790	890	770	990	850	0	1040	770	770	820	990	975	990	870	1040	1095	920	1070	1010	870	990	1040	1060	1050	980
0	0	200	170	0	190	120	200	170	100	0	0	0	70	0	190	120	150	200	20	100	225	70	180	220	0	170	0	0	0	100	190	200	170	100	100	0	100	100	225	0	100	130	200	100	0	140	150	120	200	0	20	0	120	0	0	170	0	0	0	120	105	120	0	170	225	50	200	140	0	120	170	190	180	110
0	0	250	220	50	240	170	250	220	150	0	50	0	120	0	240	170	200	250	70	150	275	120	230	270	0	220	30	0	10	150	240	250	220	150	150	0	150	150	275	0	150	180	250	150	0	190	200	170	250	0	70	0	170	30	0	220	0	0	0	170	155	170	50	220	275	100	250	190	50	170	220	240	230	160
0	0	130	100	0	120	50	130	100	30	0	0	0	0	0	120	50	80	130	0	30	155	0	110	150	0	100	0	0	0	30	120	130	100	30	30	0	30	30	155	0	30	60	130	30	0	70	80	50	130	0	0	0	50	0	0	100	0	0	0	50	35	50	0	100	155	0	130	70	0	50	100	120	110	40
400	0	700	670	500	690	620	700	670	600	0	500	450	570	0	690	620	650	700	520	600	725	570	680	720	390	670	480	450	460	600	690	700	670	600	600	400	600	600	725	400	600	630	700	600	0	640	650	620	700	420	520	400	620	480	0	670	400	400	450	620	605	620	500	670	725	550	700	640	500	620	670	690	680	610
0	0	10	0	0	0	0	10	0	0	0	0	0	0	0	0	0	0	10	0	0	35	0	0	30	0	0	0	0	0	0	0	10	0	0	0	0	0	0	35	0	0	0	10	0	0	0	0	0	10	0	0	0	0	0	0	0	0	0	0	0	0	0	0	0	35	0	10	0	0	0	0	0	0	0
0	0	80	50	0	70	0	80	50	0	0	0	0	0	0	70	0	30	80	0	0	105	0	60	100	0	50	0	0	0	0	70	80	50	0	0	0	0	0	105	0	0	10	80	0	0	20	30	0	80	0	0	0	0	0	0	50	0	0	0	0	0	0	0	50	105	0	80	20	0	0	50	70	60	0
0	0	50	20	0	40	0	50	20	0	0	0	0	0	0	40	0	0	50	0	0	75	0	30	70	0	20	0	0	0	0	40	50	20	0	0	0	0	0	75	0	0	0	50	0	0	0	0	0	50	0	0	0	0	0	0	20	0	0	0	0	0	0	0	20	75	0	50	0	0	0	20	40	30	0
0	0	0	0	0	0	0	0	0	0	0	0	0	0	0	0	0	0	0	0	0	25	0	0	20	0	0	0	0	0	0	0	0	0	0	0	0	0	0	25	0	0	0	0	0	0	0	0	0	0	0	0	0	0	0	0	0	0	0	0	0	0	0	0	0	25	0	0	0	0	0	0	0	0	0
0	0	180	150	0	170	100	180	150	80	0	0	0	50	0	170	100	130	180	0	80	205	50	160	200	0	150	0	0	0	80	170	180	150	80	80	0	80	80	205	0	80	110	180	80	0	120	130	100	180	0	0	0	100	0	0	150	0	0	0	100	85	100	0	150	205	30	180	120	0	100	150	170	160	90
0	0	100	70	0	90	20	100	70	0	0	0	0	0	0	90	20	50	100	0	0	125	0	80	120	0	70	0	0	0	0	90	100	70	0	0	0	0	0	125	0	0	30	100	0	0	40	50	20	100	0	0	0	20	0	0	70	0	0	0	20	5	20	0	70	125	0	100	40	0	20	70	90	80	10
0	0	0	0	0	0	0	0	0	0	0	0	0	0	0	0	0	0	0	0	0	0	0	0	0	0	0	0	0	0	0	0	0	0	0	0	0	0	0	0	0	0	0	0	0	0	0	0	0	0	0	0	0	0	0	0	0	0	0	0	0	0	0	0	0	0	0	0	0	0	0	0	0	0	0
0	0	130	100	0	120	50	130	100	30	0	0	0	0	0	120	50	80	130	0	30	155	0	110	150	0	100	0	0	0	30	120	130	100	30	30	0	30	30	155	0	30	60	130	30	0	70	80	50	130	0	0	0	50	0	0	100	0	0	0	50	35	50	0	100	155	0	130	70	0	50	100	120	110	40
0	0	20	0	0	10	0	20	0	0	0	0	0	0	0	10	0	0	20	0	0	45	0	0	40	0	0	0	0	0	0	10	20	0	0	0	0	0	0	45	0	0	0	20	0	0	0	0	0	20	0	0	0	0	0	0	0	0	0	0	0	0	0	0	0	45	0	20	0	0	0	0	10	0	0
0	0	0	0	0	0	0	0	0	0	0	0	0	0	0	0	0	0	0	0	0	5	0	0	0	0	0	0	0	0	0	0	0	0	0	0	0	0	0	5	0	0	0	0	0	0	0	0	0	0	0	0	0	0	0	0	0	0	0	0	0	0	0	0	0	5	0	0	0	0	0	0	0	0	0
10	0	310	280	110	300	230	310	280	210	0	110	60	180	0	300	230	260	310	130	210	335	180	290	330	0	280	90	60	70	210	300	310	280	210	210	10	210	210	335	10	210	240	310	210	0	250	260	230	310	30	130	10	230	90	0	280	10	10	60	230	215	230	110	280	335	160	310	250	110	230	280	300	290	220
0	0	30	0	0	20	0	30	0	0	0	0	0	0	0	20	0	0	30	0	0	55	0	10	50	0	0	0	0	0	0	20	30	0	0	0	0	0	0	55	0	0	0	30	0	0	0	0	0	30	0	0	0	0	0	0	0	0	0	0	0	0	0	0	0	55	0	30	0	0	0	0	20	10	0
0	0	220	190	20	210	140	220	190	120	0	20	0	90	0	210	140	170	220	40	120	245	90	200	240	0	190	0	0	0	120	210	220	190	120	120	0	120	120	245	0	120	150	220	120	0	160	170	140	220	0	40	0	140	0	0	190	0	0	0	140	125	140	20	190	245	70	220	160	20	140	190	210	200	130
0	0	250	220	50	240	170	250	220	150	0	50	0	120	0	240	170	200	250	70	150	275	120	230	270	0	220	30	0	10	150	240	250	220	150	150	0	150	150	275	0	150	180	250	150	0	190	200	170	250	0	70	0	170	30	0	220	0	0	0	170	155	170	50	220	275	100	250	190	50	170	220	240	230	160
0	0	240	210	40	230	160	240	210	140	0	40	0	110	0	230	160	190	240	60	140	265	110	220	260	0	210	20	0	0	140	230	240	210	140	140	0	140	140	265	0	140	170	240	140	0	180	190	160	240	0	60	0	160	20	0	210	0	0	0	160	145	160	40	210	265	90	240	180	40	160	210	230	220	150
0	0	100	70	0	90	20	100	70	0	0	0	0	0	0	90	20	50	100	0	0	125	0	80	120	0	70	0	0	0	0	90	100	70	0	0	0	0	0	125	0	0	30	100	0	0	40	50	20	100	0	0	0	20	0	0	70	0	0	0	20	5	20	0	70	125	0	100	40	0	20	70	90	80	10
0	0	10	0	0	0	0	10	0	0	0	0	0	0	0	0	0	0	10	0	0	35	0	0	30	0	0	0	0	0	0	0	10	0	0	0	0	0	0	35	0	0	0	10	0	0	0	0	0	10	0	0	0	0	0	0	0	0	0	0	0	0	0	0	0	35	0	10	0	0	0	0	0	0	0
0	0	0	0	0	0	0	0	0	0	0	0	0	0	0	0	0	0	0	0	0	25	0	0	20	0	0	0	0	0	0	0	0	0	0	0	0	0	0	25	0	0	0	0	0	0	0	0	0	0	0	0	0	0	0	0	0	0	0	0	0	0	0	0	0	25	0	0	0	0	0	0	0	0	0
0	0	30	0	0	20	0	30	0	0	0	0	0	0	0	20	0	0	30	0	0	55	0	10	50	0	0	0	0	0	0	20	30	0	0	0	0	0	0	55	0	0	0	30	0	0	0	0	0	30	0	0	0	0	0	0	0	0	0	0	0	0	0	0	0	55	0	30	0	0	0	0	20	10	0
0	0	100	70	0	90	20	100	70	0	0	0	0	0	0	90	20	50	100	0	0	125	0	80	120	0	70	0	0	0	0	90	100	70	0	0	0	0	0	125	0	0	30	100	0	0	40	50	20	100	0	0	0	20	0	0	70	0	0	0	20	5	20	0	70	125	0	100	40	0	20	70	90	80	10
0	0	100	70	0	90	20	100	70	0	0	0	0	0	0	90	20	50	100	0	0	125	0	80	120	0	70	0	0	0	0	90	100	70	0	0	0	0	0	125	0	0	30	100	0	0	40	50	20	100	0	0	0	20	0	0	70	0	0	0	20	5	20	0	70	125	0	100	40	0	20	70	90	80	10
0	0	300	270	100	290	220	300	270	200	0	100	50	170	0	290	220	250	300	120	200	325	170	280	320	0	270	80	50	60	200	290	300	270	200	200	0	200	200	325	0	200	230	300	200	0	240	250	220	300	20	120	0	220	80	0	270	0	0	50	220	205	220	100	270	325	150	300	240	100	220	270	290	280	210
0	0	100	70	0	90	20	100	70	0	0	0	0	0	0	90	20	50	100	0	0	125	0	80	120	0	70	0	0	0	0	90	100	70	0	0	0	0	0	125	0	0	30	100	0	0	40	50	20	100	0	0	0	20	0	0	70	0	0	0	20	5	20	0	70	125	0	100	40	0	20	70	90	80	10
0	0	100	70	0	90	20	100	70	0	0	0	0	0	0	90	20	50	100	0	0	125	0	80	120	0	70	0	0	0	0	90	100	70	0	0	0	0	0	125	0	0	30	100	0	0	40	50	20	100	0	0	0	20	0	0	70	0	0	0	20	5	20	0	70	125	0	100	40	0	20	70	90	80	10
0	0	0	0	0	0	0	0	0	0	0	0	0	0	0	0	0	0	0	0	0	0	0	0	0	0	0	0	0	0	0	0	0	0	0	0	0	0	0	0	0	0	0	0	0	0	0	0	0	0	0	0	0	0	0	0	0	0	0	0	0	0	0	0	0	0	0	0	0	0	0	0	0	0	0
0	0	300	270	100	290	220	300	270	200	0	100	50	170	0	290	220	250	300	120	200	325	170	280	320	0	270	80	50	60	200	290	300	270	200	200	0	200	200	325	0	200	230	300	200	0	240	250	220	300	20	120	0	220	80	0	270	0	0	50	220	205	220	100	270	325	150	300	240	100	220	270	290	280	210
0	0	100	70	0	90	20	100	70	0	0	0	0	0	0	90	20	50	100	0	0	125	0	80	120	0	70	0	0	0	0	90	100	70	0	0	0	0	0	125	0	0	30	100	0	0	40	50	20	100	0	0	0	20	0	0	70	0	0	0	20	5	20	0	70	125	0	100	40	0	20	70	90	80	10
0	0	70	40	0	60	0	70	40	0	0	0	0	0	0	60	0	20	70	0	0	95	0	50	90	0	40	0	0	0	0	60	70	40	0	0	0	0	0	95	0	0	0	70	0	0	10	20	0	70	0	0	0	0	0	0	40	0	0	0	0	0	0	0	40	95	0	70	10	0	0	40	60	50	0
0	0	0	0	0	0	0	0	0	0	0	0	0	0	0	0	0	0	0	0	0	25	0	0	20	0	0	0	0	0	0	0	0	0	0	0	0	0	0	25	0	0	0	0	0	0	0	0	0	0	0	0	0	0	0	0	0	0	0	0	0	0	0	0	0	25	0	0	0	0	0	0	0	0	0
0	0	100	70	0	90	20	100	70	0	0	0	0	0	0	90	20	50	100	0	0	125	0	80	120	0	70	0	0	0	0	90	100	70	0	0	0	0	0	125	0	0	30	100	0	0	40	50	20	100	0	0	0	20	0	0	70	0	0	0	20	5	20	0	70	125	0	100	40	0	20	70	90	80	10
610	0	910	880	710	900	830	910	880	810	0	710	660	780	210	900	830	860	910	730	810	935	780	890	930	600	880	690	660	670	810	900	910	880	810	810	610	810	810	935	610	810	840	910	810	0	850	860	830	910	630	730	610	830	690	0	880	610	610	660	830	815	830	710	880	935	760	910	850	710	830	880	900	890	820
0	0	60	30	0	50	0	60	30	0	0	0	0	0	0	50	0	10	60	0	0	85	0	40	80	0	30	0	0	0	0	50	60	30	0	0	0	0	0	85	0	0	0	60	0	0	0	10	0	60	0	0	0	0	0	0	30	0	0	0	0	0	0	0	30	85	0	60	0	0	0	30	50	40	0
0	0	50	20	0	40	0	50	20	0	0	0	0	0	0	40	0	0	50	0	0	75	0	30	70	0	20	0	0	0	0	40	50	20	0	0	0	0	0	75	0	0	0	50	0	0	0	0	0	50	0	0	0	0	0	0	20	0	0	0	0	0	0	0	20	75	0	50	0	0	0	20	40	30	0
0	0	80	50	0	70	0	80	50	0	0	0	0	0	0	70	0	30	80	0	0	105	0	60	100	0	50	0	0	0	0	70	80	50	0	0	0	0	0	105	0	0	10	80	0	0	20	30	0	80	0	0	0	0	0	0	50	0	0	0	0	0	0	0	50	105	0	80	20	0	0	50	70	60	0
0	0	0	0	0	0	0	0	0	0	0	0	0	0	0	0	0	0	0	0	0	25	0	0	20	0	0	0	0	0	0	0	0	0	0	0	0	0	0	25	0	0	0	0	0	0	0	0	0	0	0	0	0	0	0	0	0	0	0	0	0	0	0	0	0	25	0	0	0	0	0	0	0	0	0
0	0	280	250	80	270	200	280	250	180	0	80	30	150	0	270	200	230	280	100	180	305	150	260	300	0	250	60	30	40	180	270	280	250	180	180	0	180	180	305	0	180	210	280	180	0	220	230	200	280	0	100	0	200	60	0	250	0	0	30	200	185	200	80	250	305	130	280	220	80	200	250	270	260	190
0	0	180	150	0	170	100	180	150	80	0	0	0	50	0	170	100	130	180	0	80	205	50	160	200	0	150	0	0	0	80	170	180	150	80	80	0	80	80	205	0	80	110	180	80	0	120	130	100	180	0	0	0	100	0	0	150	0	0	0	100	85	100	0	150	205	30	180	120	0	100	150	170	160	90
0	0	300	270	100	290	220	300	270	200	0	100	50	170	0	290	220	250	300	120	200	325	170	280	320	0	270	80	50	60	200	290	300	270	200	200	0	200	200	325	0	200	230	300	200	0	240	250	220	300	20	120	0	220	80	0	270	0	0	50	220	205	220	100	270	325	150	300	240	100	220	270	290	280	210
0	0	80	50	0	70	0	80	50	0	0	0	0	0	0	70	0	30	80	0	0	105	0	60	100	0	50	0	0	0	0	70	80	50	0	0	0	0	0	105	0	0	10	80	0	0	20	30	0	80	0	0	0	0	0	0	50	0	0	0	0	0	0	0	50	105	0	80	20	0	0	50	70	60	0
0	0	220	190	20	210	140	220	190	120	0	20	0	90	0	210	140	170	220	40	120	245	90	200	240	0	190	0	0	0	120	210	220	190	120	120	0	120	120	245	0	120	150	220	120	0	160	170	140	220	0	40	0	140	0	0	190	0	0	0	140	125	140	20	190	245	70	220	160	20	140	190	210	200	130
770	0	1070	1040	870	1060	990	1070	1040	970	0	870	820	940	370	1060	990	1020	1070	890	970	1095	940	1050	1090	760	1040	850	820	830	970	1060	1070	1040	970	970	770	970	970	1095	770	970	1000	1070	970	160	1010	1020	990	1070	790	890	770	990	850	0	1040	770	770	820	990	975	990	870	1040	1095	920	1070	1010	870	990	1040	1060	1050	980
0	0	30	0	0	20	0	30	0	0	0	0	0	0	0	20	0	0	30	0	0	55	0	10	50	0	0	0	0	0	0	20	30	0	0	0	0	0	0	55	0	0	0	30	0	0	0	0	0	30	0	0	0	0	0	0	0	0	0	0	0	0	0	0	0	55	0	30	0	0	0	0	20	10	0
0	0	300	270	100	290	220	300	270	200	0	100	50	170	0	290	220	250	300	120	200	325	170	280	320	0	270	80	50	60	200	290	300	270	200	200	0	200	200	325	0	200	230	300	200	0	240	250	220	300	20	120	0	220	80	0	270	0	0	50	220	205	220	100	270	325	150	300	240	100	220	270	290	280	210
0	0	300	270	100	290	220	300	270	200	0	100	50	170	0	290	220	250	300	120	200	325	170	280	320	0	270	80	50	60	200	290	300	270	200	200	0	200	200	325	0	200	230	300	200	0	240	250	220	300	20	120	0	220	80	0	270	0	0	50	220	205	220	100	270	325	150	300	240	100	220	270	290	280	210
0	0	250	220	50	240	170	250	220	150	0	50	0	120	0	240	170	200	250	70	150	275	120	230	270	0	220	30	0	10	150	240	250	220	150	150	0	150	150	275	0	150	180	250	150	0	190	200	170	250	0	70	0	170	30	0	220	0	0	0	170	155	170	50	220	275	100	250	190	50	170	220	240	230	160
0	0	80	50	0	70	0	80	50	0	0	0	0	0	0	70	0	30	80	0	0	105	0	60	100	0	50	0	0	0	0	70	80	50	0	0	0	0	0	105	0	0	10	80	0	0	20	30	0	80	0	0	0	0	0	0	50	0	0	0	0	0	0	0	50	105	0	80	20	0	0	50	70	60	0
0	0	95	65	0	85	15	95	65	0	0	0	0	0	0	85	15	45	95	0	0	120	0	75	115	0	65	0	0	0	0	85	95	65	0	0	0	0	0	120	0	0	25	95	0	0	35	45	15	95	0	0	0	15	0	0	65	0	0	0	15	0	15	0	65	120	0	95	35	0	15	65	85	75	5
0	0	80	50	0	70	0	80	50	0	0	0	0	0	0	70	0	30	80	0	0	105	0	60	100	0	50	0	0	0	0	70	80	50	0	0	0	0	0	105	0	0	10	80	0	0	20	30	0	80	0	0	0	0	0	0	50	0	0	0	0	0	0	0	50	105	0	80	20	0	0	50	70	60	0
0	0	200	170	0	190	120	200	170	100	0	0	0	70	0	190	120	150	200	20	100	225	70	180	220	0	170	0	0	0	100	190	200	170	100	100	0	100	100	225	0	100	130	200	100	0	140	150	120	200	0	20	0	120	0	0	170	0	0	0	120	105	120	0	170	225	50	200	140	0	120	170	190	180	110
0	0	30	0	0	20	0	30	0	0	0	0	0	0	0	20	0	0	30	0	0	55	0	10	50	0	0	0	0	0	0	20	30	0	0	0	0	0	0	55	0	0	0	30	0	0	0	0	0	30	0	0	0	0	0	0	0	0	0	0	0	0	0	0	0	55	0	30	0	0	0	0	20	10	0
0	0	0	0	0	0	0	0	0	0	0	0	0	0	0	0	0	0	0	0	0	0	0	0	0	0	0	0	0	0	0	0	0	0	0	0	0	0	0	0	0	0	0	0	0	0	0	0	0	0	0	0	0	0	0	0	0	0	0	0	0	0	0	0	0	0	0	0	0	0	0	0	0	0	0
0	0	150	120	0	140	70	150	120	50	0	0	0	20	0	140	70	100	150	0	50	175	20	130	170	0	120	0	0	0	50	140	150	120	50	50	0	50	50	175	0	50	80	150	50	0	90	100	70	150	0	0	0	70	0	0	120	0	0	0	70	55	70	0	120	175	0	150	90	0	70	120	140	130	60
0	0	0	0	0	0	0	0	0	0	0	0	0	0	0	0	0	0	0	0	0	25	0	0	20	0	0	0	0	0	0	0	0	0	0	0	0	0	0	25	0	0	0	0	0	0	0	0	0	0	0	0	0	0	0	0	0	0	0	0	0	0	0	0	0	25	0	0	0	0	0	0	0	0	0
0	0	60	30	0	50	0	60	30	0	0	0	0	0	0	50	0	10	60	0	0	85	0	40	80	0	30	0	0	0	0	50	60	30	0	0	0	0	0	85	0	0	0	60	0	0	0	10	0	60	0	0	0	0	0	0	30	0	0	0	0	0	0	0	30	85	0	60	0	0	0	30	50	40	0
0	0	200	170	0	190	120	200	170	100	0	0	0	70	0	190	120	150	200	20	100	225	70	180	220	0	170	0	0	0	100	190	200	170	100	100	0	100	100	225	0	100	130	200	100	0	140	150	120	200	0	20	0	120	0	0	170	0	0	0	120	105	120	0	170	225	50	200	140	0	120	170	190	180	110
0	0	80	50	0	70	0	80	50	0	0	0	0	0	0	70	0	30	80	0	0	105	0	60	100	0	50	0	0	0	0	70	80	50	0	0	0	0	0	105	0	0	10	80	0	0	20	30	0	80	0	0	0	0	0	0	50	0	0	0	0	0	0	0	50	105	0	80	20	0	0	50	70	60	0
0	0	30	0	0	20	0	30	0	0	0	0	0	0	0	20	0	0	30	0	0	55	0	10	50	0	0	0	0	0	0	20	30	0	0	0	0	0	0	55	0	0	0	30	0	0	0	0	0	30	0	0	0	0	0	0	0	0	0	0	0	0	0	0	0	55	0	30	0	0	0	0	20	10	0
0	0	10	0	0	0	0	10	0	0	0	0	0	0	0	0	0	0	10	0	0	35	0	0	30	0	0	0	0	0	0	0	10	0	0	0	0	0	0	35	0	0	0	10	0	0	0	0	0	10	0	0	0	0	0	0	0	0	0	0	0	0	0	0	0	35	0	10	0	0	0	0	0	0	0
0	0	20	0	0	10	0	20	0	0	0	0	0	0	0	10	0	0	20	0	0	45	0	0	40	0	0	0	0	0	0	10	20	0	0	0	0	0	0	45	0	0	0	20	0	0	0	0	0	20	0	0	0	0	0	0	0	0	0	0	0	0	0	0	0	45	0	20	0	0	0	0	10	0	0
0	0	90	60	0	80	10	90	60	0	0	0	0	0	0	80	10	40	90	0	0	115	0	70	110	0	60	0	0	0	0	80	90	60	0	0	0	0	0	115	0	0	20	90	0	0	30	40	10	90	0	0	0	10	0	0	60	0	0	0	10	0	10	0	60	115	0	90	30	0	10	60	80	70	0