1713 1776 1774 1466 1717 1783 1783 1632 1689 1658 1779 1751 1784 1779 1784 1779 1722 1783 1710 1780 1674 1777 1747 1646 1666 1782 1658 1799 1799 1801 1719 1801 1792 1799 1800 1788 1757 1791 1780 1297 1779 1494 1657 1626 1722 1799 1354 1690 1779 1782 1794 1803 1799 1658 1696 1706 1783 1684 1776 1772 1751 1785 1788 1776 1757 1739 1786 1770 1791 1749 1666 1600 1707 1759 1771

85

48 44 44 66 48 43 43 54 50 52 44 46 43 43 43 44 48 43 48 43 51 44 46 53 52 43 52 42 42 42 48 42 43 42 42 43 45 43 43 78 44 64 52 54 48 42 74 50 44 43 42 42 42 52 49 49 43 50 44 44 46 43 43 44 45 46 43 44 43 46 52 56 49 45 44

14 42 31 13

32862

0	0	0	0	150	0	0	0	0	267	0	0	0	0	0	0	176	0	0	0	92	0	43	0	248	0	233	0	0	0	0	0	0	0	0	0	77	0	0	122	0	0	0	0	0	0	0	0	0	0	0	0	0	253	0	0	0	200	0	0	0	0	0	0	0	0	0	0	0	0	217	0	0	0	0
228	0	135	0	378	219	0	0	0	495	0	0	215	0	0	0	404	45	0	0	320	68	271	0	476	158	461	136	165	150	0	212	0	219	112	0	305	0	0	350	0	195	0	0	215	174	219	201	188	0	219	0	145	481	0	0	0	428	0	0	0	210	0	225	195	0	207	203	149	0	445	95	0	19	0
93	0	0	0	243	84	0	0	0	360	0	0	80	0	0	0	269	0	0	0	185	0	136	0	341	23	326	1	30	15	0	77	0	84	0	0	170	0	0	215	0	60	0	0	80	39	84	66	53	0	84	0	10	346	0	0	0	293	0	0	0	75	0	90	60	0	72	68	14	0	310	0	0	0	0
415	187	322	0	565	406	94	0	0	682	116	48	402	129	97	182	591	232	0	102	507	255	458	23	663	345	648	323	352	337	0	399	91	406	299	116	492	88	146	537	156	382	0	0	402	361	406	388	375	87	406	132	332	668	0	91	69	615	127	51	142	397	91	412	382	34	394	390	336	62	632	282	0	206	164
0	0	0	0	0	0	0	0	0	117	0	0	0	0	0	0	26	0	0	0	0	0	0	0	98	0	83	0	0	0	0	0	0	0	0	0	0	0	0	0	0	0	0	0	0	0	0	0	0	0	0	0	0	103	0	0	0	50	0	0	0	0	0	0	0	0	0	0	0	0	67	0	0	0	0
9	0	0	0	159	0	0	0	0	276	0	0	0	0	0	0	185	0	0	0	101	0	52	0	257	0	242	0	0	0	0	0	0	0	0	0	86	0	0	131	0	0	0	0	0	0	0	0	0	0	0	0	0	262	0	0	0	209	0	0	0	0	0	6	0	0	0	0	0	0	226	0	0	0	0
321	93	228	0	471	312	0	0	0	588	22	0	308	35	3	88	497	138	0	8	413	161	364	0	569	251	554	229	258	243	0	305	0	312	205	22	398	0	52	443	62	288	0	0	308	267	312	294	281	0	312	38	238	574	0	0	0	521	33	0	48	303	0	318	288	0	300	296	242	0	538	188	0	112	70
523	295	430	108	673	514	202	0	58	790	224	156	510	237	205	290	699	340	80	210	615	363	566	131	771	453	756	431	460	445	85	507	199	514	407	224	600	196	254	645	264	490	0	0	510	469	514	496	483	195	514	240	440	776	26	199	177	723	235	159	250	505	199	520	490	142	502	498	444	170	740	390	80	314	272
465	237	372	50	615	456	144	0	0	732	166	98	452	179	147	232	641	282	22	152	557	305	508	73	713	395	698	373	402	387	27	449	141	456	349	166	542	138	196	587	206	432	0	0	452	411	456	438	425	137	456	182	382	718	0	141	119	665	177	101	192	447	141	462	432	84	444	440	386	112	682	332	22	256	214
0	0	0	0	0	0	0	0	0	0	0	0	0	0	0	0	0	0	0	0	0	0	0	0	0	0	0	0	0	0	0	0	0	0	0	0	0	0	0	0	0	0	0	0	0	0	0	0	0	0	0	0	0	0	0	0	0	0	0	0	0	0	0	0	0	0	0	0	0	0	0	0	0	0	0
299	71	206	0	449	290	0	0	0	566	0	0	286	13	0	66	475	116	0	0	391	139	342	0	547	229	532	207	236	221	0	283	0	290	183	0	376	0	30	421	40	266	0	0	286	245	290	272	259	0	290	16	216	552	0	0	0	499	11	0	26	281	0	296	266	0	278	274	220	0	516	166	0	90	48
367	139	274	0	517	358	46	0	0	634	68	0	354	81	49	134	543	184	0	54	459	207	410	0	615	297	600	275	304	289	0	351	43	358	251	68	444	40	98	489	108	334	0	0	354	313	358	340	327	39	358	84	284	620	0	43	21	567	79	3	94	349	43	364	334	0	346	342	288	14	584	234	0	158	116
13	0	0	0	163	4	0	0	0	280	0	0	0	0	0	0	189	0	0	0	105	0	56	0	261	0	246	0	0	0	0	0	0	4	0	0	90	0	0	135	0	0	0	0	0	0	4	0	0	0	4	0	0	266	0	0	0	213	0	0	0	0	0	10	0	0	0	0	0	0	230	0	0	0	0
286	58	193	0	436	277	0	0	0	553	0	0	273	0	0	53	462	103	0	0	378	126	329	0	534	216	519	194	223	208	0	270	0	277	170	0	363	0	17	408	27	253	0	0	273	232	277	259	246	0	277	3	203	539	0	0	0	486	0	0	13	268	0	283	253	0	265	261	207	0	503	153	0	77	35
318	90	225	0	468	309	0	0	0	585	19	0	305	32	0	85	494	135	0	5	410	158	361	0	566	248	551	226	255	240	0	302	0	309	202	19	395	0	49	440	59	285	0	0	305	264	309	291	278	0	309	35	235	571	0	0	0	518	30	0	45	300	0	315	285	0	297	293	239	0	535	185	0	109	67
233	5	140	0	383	224	0	0	0	500	0	0	220	0	0	0	409	50	0	0	325	73	276	0	481	163	466	141	170	155	0	217	0	224	117	0	310	0	0	355	0	200	0	0	220	179	224	206	193	0	224	0	150	486	0	0	0	433	0	0	0	215	0	230	200	0	212	208	154	0	450	100	0	24	0
0	0	0	0	0	0	0	0	0	91	0	0	0	0	0	0	0	0	0	0	0	0	0	0	72	0	57	0	0	0	0	0	0	0	0	0	0	0	0	0	0	0	0	0	0	0	0	0	0	0	0	0	0	77	0	0	0	24	0	0	0	0	0	0	0	0	0	0	0	0	41	0	0	0	0
183	0	90	0	333	174	0	0	0	450	0	0	170	0	0	0	359	0	0	0	275	23	226	0	431	113	416	91	120	105	0	167	0	174	67	0	260	0	0	305	0	150	0	0	170	129	174	156	143	0	174	0	100	436	0	0	0	383	0	0	0	165	0	180	150	0	162	158	104	0	400	50	0	0	0
443	215	350	28	593	434	122	0	0	710	144	76	430	157	125	210	619	260	0	130	535	283	486	51	691	373	676	351	380	365	5	427	119	434	327	144	520	116	174	565	184	410	0	0	430	389	434	416	403	115	434	160	360	696	0	119	97	643	155	79	170	425	119	440	410	62	422	418	364	90	660	310	0	234	192
313	85	220	0	463	304	0	0	0	580	14	0	300	27	0	80	489	130	0	0	405	153	356	0	561	243	546	221	250	235	0	297	0	304	197	14	390	0	44	435	54	280	0	0	300	259	304	286	273	0	304	30	230	566	0	0	0	513	25	0	40	295	0	310	280	0	292	288	234	0	530	180	0	104	62
0	0	0	0	58	0	0	0	0	175	0	0	0	0	0	0	84	0	0	0	0	0	0	0	156	0	141	0	0	0	0	0	0	0	0	0	0	0	0	30	0	0	0	0	0	0	0	0	0	0	0	0	0	161	0	0	0	108	0	0	0	0	0	0	0	0	0	0	0	0	125	0	0	0	0
160	0	67	0	310	151	0	0	0	427	0	0	147	0	0	0	336	0	0	0	252	0	203	0	408	90	393	68	97	82	0	144	0	151	44	0	237	0	0	282	0	127	0	0	147	106	151	133	120	0	151	0	77	413	0	0	0	360	0	0	0	142	0	157	127	0	139	135	81	0	377	27	0	0	0
0	0	0	0	107	0	0	0	0	224	0	0	0	0	0	0	133	0	0	0	49	0	0	0	205	0	190	0	0	0	0	0	0	0	0	0	34	0	0	79	0	0	0	0	0	0	0	0	0	0	0	0	0	210	0	0	0	157	0	0	0	0	0	0	0	0	0	0	0	0	174	0	0	0	0
392	164	299	0	542	383	71	0	0	659	93	25	379	106	74	159	568	209	0	79	484	232	435	0	640	322	625	300	329	314	0	376	68	383	276	93	469	65	123	514	133	359	0	0	379	338	383	365	352	64	383	109	309	645	0	68	46	592	104	28	119	374	68	389	359	11	371	367	313	39	609	259	0	183	141
0	0	0	0	0	0	0	0	0	19	0	0	0	0	0	0	0	0	0	0	0	0	0	0	0	0	0	0	0	0	0	0	0	0	0	0	0	0	0	0	0	0	0	0	0	0	0	0	0	0	0	0	0	5	0	0	0	0	0	0	0	0	0	0	0	0	0	0	0	0	0	0	0	0	0
70	0	0	0	220	61	0	0	0	337	0	0	57	0	0	0	246	0	0	0	162	0	113	0	318	0	303	0	7	0	0	54	0	61	0	0	147	0	0	192	0	37	0	0	57	16	61	43	30	0	61	0	0	323	0	0	0	270	0	0	0	52	0	67	37	0	49	45	0	0	287	0	0	0	0
0	0	0	0	0	0	0	0	0	34	0	0	0	0	0	0	0	0	0	0	0	0	0	0	15	0	0	0	0	0	0	0	0	0	0	0	0	0	0	0	0	0	0	0	0	0	0	0	0	0	0	0	0	20	0	0	0	0	0	0	0	0	0	0	0	0	0	0	0	0	0	0	0	0	0
92	0	0	0	242	83	0	0	0	359	0	0	79	0	0	0	268	0	0	0	184	0	135	0	340	22	325	0	29	14	0	76	0	83	0	0	169	0	0	214	0	59	0	0	79	38	83	65	52	0	83	0	9	345	0	0	0	292	0	0	0	74	0	89	59	0	71	67	13	0	309	0	0	0	0
63	0	0	0	213	54	0	0	0	330	0	0	50	0	0	0	239	0	0	0	155	0	106	0	311	0	296	0	0	0	0	47	0	54	0	0	140	0	0	185	0	30	0	0	50	9	54	36	23	0	54	0	0	316	0	0	0	263	0	0	0	45	0	60	30	0	42	38	0	0	280	0	0	0	0
78	0	0	0	228	69	0	0	0	345	0	0	65	0	0	0	254	0	0	0	170	0	121	0	326	8	311	0	15	0	0	62	0	69	0	0	155	0	0	200	0	45	0	0	65	24	69	51	38	0	69	0	0	331	0	0	0	278	0	0	0	60	0	75	45	0	57	53	0	0	295	0	0	0	0
438	210	345	23	588	429	117	0	0	705	139	71	425	152	120	205	614	255	0	125	530	278	481	46	686	368	671	346	375	360	0	422	114	429	322	139	515	111	169	560	179	405	0	0	425	384	429	411	398	110	429	155	355	691	0	114	92	638	150	74	165	420	114	435	405	57	417	413	359	85	655	305	0	229	187
16	0	0	0	166	7	0	0	0	283	0	0	3	0	0	0	192	0	0	0	108	0	59	0	264	0	249	0	0	0	0	0	0	7	0	0	93	0	0	138	0	0	0	0	3	0	7	0	0	0	7	0	0	269	0	0	0	216	0	0	0	0	0	13	0	0	0	0	0	0	233	0	0	0	0
324	96	231	0	474	315	3	0	0	591	25	0	311	38	6	91	500	141	0	11	416	164	367	0	572	254	557	232	261	246	0	308	0	315	208	25	401	0	55	446	65	291	0	0	311	270	315	297	284	0	315	41	241	577	0	0	0	524	36	0	51	306	0	321	291	0	303	299	245	0	541	191	0	115	73
9	0	0	0	159	0	0	0	0	276	0	0	0	0	0	0	185	0	0	0	101	0	52	0	257	0	242	0	0	0	0	0	0	0	0	0	86	0	0	131	0	0	0	0	0	0	0	0	0	0	0	0	0	262	0	0	0	209	0	0	0	0	0	6	0	0	0	0	0	0	226	0	0	0	0
116	0	23	0	266	107	0	0	0	383	0	0	103	0	0	0	292	0	0	0	208	0	159	0	364	46	349	24	53	38	0	100	0	107	0	0	193	0	0	238	0	83	0	0	103	62	107	89	76	0	107	0	33	369	0	0	0	316	0	0	0	98	0	113	83	0	95	91	37	0	333	0	0	0	0
299	71	206	0	449	290	0	0	0	566	0	0	286	13	0	66	475	116	0	0	391	139	342	0	547	229	532	207	236	221	0	283	0	290	183	0	376	0	30	421	40	266	0	0	286	245	290	272	259	0	290	16	216	552	0	0	0	499	11	0	26	281	0	296	266	0	278	274	220	0	516	166	0	90	48
0	0	0	0	73	0	0	0	0	190	0	0	0	0	0	0	99	0	0	0	15	0	0	0	171	0	156	0	0	0	0	0	0	0	0	0	0	0	0	45	0	0	0	0	0	0	0	0	0	0	0	0	0	176	0	0	0	123	0	0	0	0	0	0	0	0	0	0	0	0	140	0	0	0	0
327	99	234	0	477	318	6	0	0	594	28	0	314	41	9	94	503	144	0	14	419	167	370	0	575	257	560	235	264	249	0	311	3	318	211	28	404	0	58	449	68	294	0	0	314	273	318	300	287	0	318	44	244	580	0	3	0	527	39	0	54	309	3	324	294	0	306	302	248	0	544	194	0	118	76
269	41	176	0	419	260	0	0	0	536	0	0	256	0	0	36	445	86	0	0	361	109	312	0	517	199	502	177	206	191	0	253	0	260	153	0	346	0	0	391	10	236	0	0	256	215	260	242	229	0	260	0	186	522	0	0	0	469	0	0	0	251	0	266	236	0	248	244	190	0	486	136	0	60	18
0	0	0	0	28	0	0	0	0	145	0	0	0	0	0	0	54	0	0	0	0	0	0	0	126	0	111	0	0	0	0	0	0	0	0	0	0	0	0	0	0	0	0	0	0	0	0	0	0	0	0	0	0	131	0	0	0	78	0	0	0	0	0	0	0	0	0	0	0	0	95	0	0	0	0
259	31	166	0	409	250	0	0	0	526	0	0	246	0	0	26	435	76	0	0	351	99	302	0	507	189	492	167	196	181	0	243	0	250	143	0	336	0	0	381	0	226	0	0	246	205	250	232	219	0	250	0	176	512	0	0	0	459	0	0	0	241	0	256	226	0	238	234	180	0	476	126	0	50	8
33	0	0	0	183	24	0	0	0	300	0	0	20	0	0	0	209	0	0	0	125	0	76	0	281	0	266	0	0	0	0	17	0	24	0	0	110	0	0	155	0	0	0	0	20	0	24	6	0	0	24	0	0	286	0	0	0	233	0	0	0	15	0	30	0	0	12	8	0	0	250	0	0	0	0
565	337	472	150	715	556	244	42	100	832	266	198	552	279	247	332	741	382	122	252	657	405	608	173	813	495	798	473	502	487	127	549	241	556	449	266	642	238	296	687	306	532	0	0	552	511	556	538	525	237	556	282	482	818	68	241	219	765	277	201	292	547	241	562	532	184	544	540	486	212	782	432	122	356	314
619	391	526	204	769	610	298	96	154	886	320	252	606	333	301	386	795	436	176	306	711	459	662	227	867	549	852	527	556	541	181	603	295	610	503	320	696	292	350	741	360	586	54	0	606	565	610	592	579	291	610	336	536	872	122	295	273	819	331	255	346	601	295	616	586	238	598	594	540	266	836	486	176	410	368
13	0	0	0	163	4	0	0	0	280	0	0	0	0	0	0	189	0	0	0	105	0	56	0	261	0	246	0	0	0	0	0	0	4	0	0	90	0	0	135	0	0	0	0	0	0	4	0	0	0	4	0	0	266	0	0	0	213	0	0	0	0	0	10	0	0	0	0	0	0	230	0	0	0	0
54	0	0	0	204	45	0	0	0	321	0	0	41	0	0	0	230	0	0	0	146	0	97	0	302	0	287	0	0	0	0	38	0	45	0	0	131	0	0	176	0	21	0	0	41	0	45	27	14	0	45	0	0	307	0	0	0	254	0	0	0	36	0	51	21	0	33	29	0	0	271	0	0	0	0
9	0	0	0	159	0	0	0	0	276	0	0	0	0	0	0	185	0	0	0	101	0	52	0	257	0	242	0	0	0	0	0	0	0	0	0	86	0	0	131	0	0	0	0	0	0	0	0	0	0	0	0	0	262	0	0	0	209	0	0	0	0	0	6	0	0	0	0	0	0	226	0	0	0	0
27	0	0	0	177	18	0	0	0	294	0	0	14	0	0	0	203	0	0	0	119	0	70	0	275	0	260	0	0	0	0	11	0	18	0	0	104	0	0	149	0	0	0	0	14	0	18	0	0	0	18	0	0	280	0	0	0	227	0	0	0	9	0	24	0	0	6	2	0	0	244	0	0	0	0
40	0	0	0	190	31	0	0	0	307	0	0	27	0	0	0	216	0	0	0	132	0	83	0	288	0	273	0	0	0	0	24	0	31	0	0	117	0	0	162	0	7	0	0	27	0	31	13	0	0	31	0	0	293	0	0	0	240	0	0	0	22	0	37	7	0	19	15	0	0	257	0	0	0	0
328	100	235	0	478	319	7	0	0	595	29	0	315	42	10	95	504	145	0	15	420	168	371	0	576	258	561	236	265	250	0	312	4	319	212	29	405	1	59	450	69	295	0	0	315	274	319	301	288	0	319	45	245	581	0	4	0	528	40	0	55	310	4	325	295	0	307	303	249	0	545	195	0	119	77
9	0	0	0	159	0	0	0	0	276	0	0	0	0	0	0	185	0	0	0	101	0	52	0	257	0	242	0	0	0	0	0	0	0	0	0	86	0	0	131	0	0	0	0	0	0	0	0	0	0	0	0	0	262	0	0	0	209	0	0	0	0	0	6	0	0	0	0	0	0	226	0	0	0	0
283	55	190	0	433	274	0	0	0	550	0	0	270	0	0	50	459	100	0	0	375	123	326	0	531	213	516	191	220	205	0	267	0	274	167	0	360	0	14	405	24	250	0	0	270	229	274	256	243	0	274	0	200	536	0	0	0	483	0	0	10	265	0	280	250	0	262	258	204	0	500	150	0	74	32
83	0	0	0	233	74	0	0	0	350	0	0	70	0	0	0	259	0	0	0	175	0	126	0	331	13	316	0	20	5	0	67	0	74	0	0	160	0	0	205	0	50	0	0	70	29	74	56	43	0	74	0	0	336	0	0	0	283	0	0	0	65	0	80	50	0	62	58	4	0	300	0	0	0	0
0	0	0	0	0	0	0	0	0	14	0	0	0	0	0	0	0	0	0	0	0	0	0	0	0	0	0	0	0	0	0	0	0	0	0	0	0	0	0	0	0	0	0	0	0	0	0	0	0	0	0	0	0	0	0	0	0	0	0	0	0	0	0	0	0	0	0	0	0	0	0	0	0	0	0
497	269	404	82	647	488	176	0	32	764	198	130	484	211	179	264	673	314	54	184	589	337	540	105	745	427	730	405	434	419	59	481	173	488	381	198	574	170	228	619	238	464	0	0	484	443	488	470	457	169	488	214	414	750	0	173	151	697	209	133	224	479	173	494	464	116	476	472	418	144	714	364	54	288	246
324	96	231	0	474	315	3	0	0	591	25	0	311	38	6	91	500	141	0	11	416	164	367	0	572	254	557	232	261	246	0	308	0	315	208	25	401	0	55	446	65	291	0	0	311	270	315	297	284	0	315	41	241	577	0	0	0	524	36	0	51	306	0	321	291	0	303	299	245	0	541	191	0	115	73
346	118	253	0	496	337	25	0	0	613	47	0	333	60	28	113	522	163	0	33	438	186	389	0	594	276	579	254	283	268	0	330	22	337	230	47	423	19	77	468	87	313	0	0	333	292	337	319	306	18	337	63	263	599	0	22	0	546	58	0	73	328	22	343	313	0	325	321	267	0	563	213	0	137	95
0	0	0	0	0	0	0	0	0	67	0	0	0	0	0	0	0	0	0	0	0	0	0	0	48	0	33	0	0	0	0	0	0	0	0	0	0	0	0	0	0	0	0	0	0	0	0	0	0	0	0	0	0	53	0	0	0	0	0	0	0	0	0	0	0	0	0	0	0	0	17	0	0	0	0
288	60	195	0	438	279	0	0	0	555	0	0	275	2	0	55	464	105	0	0	380	128	331	0	536	218	521	196	225	210	0	272	0	279	172	0	365	0	19	410	29	255	0	0	275	234	279	261	248	0	279	5	205	541	0	0	0	488	0	0	15	270	0	285	255	0	267	263	209	0	505	155	0	79	37
364	136	271	0	514	355	43	0	0	631	65	0	351	78	46	131	540	181	0	51	456	204	407	0	612	294	597	272	301	286	0	348	40	355	248	65	441	37	95	486	105	331	0	0	351	310	355	337	324	36	355	81	281	617	0	40	18	564	76	0	91	346	40	361	331	0	343	339	285	11	581	231	0	155	113
273	45	180	0	423	264	0	0	0	540	0	0	260	0	0	40	449	90	0	0	365	113	316	0	521	203	506	181	210	195	0	257	0	264	157	0	350	0	4	395	14	240	0	0	260	219	264	246	233	0	264	0	190	526	0	0	0	473	0	0	0	255	0	270	240	0	252	248	194	0	490	140	0	64	22
18	0	0	0	168	9	0	0	0	285	0	0	5	0	0	0	194	0	0	0	110	0	61	0	266	0	251	0	0	0	0	2	0	9	0	0	95	0	0	140	0	0	0	0	5	0	9	0	0	0	9	0	0	271	0	0	0	218	0	0	0	0	0	15	0	0	0	0	0	0	235	0	0	0	0
324	96	231	0	474	315	3	0	0	591	25	0	311	38	6	91	500	141	0	11	416	164	367	0	572	254	557	232	261	246	0	308	0	315	208	25	401	0	55	446	65	291	0	0	311	270	315	297	284	0	315	41	241	577	0	0	0	524	36	0	51	306	0	321	291	0	303	299	245	0	541	191	0	115	73
3	0	0	0	153	0	0	0	0	270	0	0	0	0	0	0	179	0	0	0	95	0	46	0	251	0	236	0	0	0	0	0	0	0	0	0	80	0	0	125	0	0	0	0	0	0	0	0	0	0	0	0	0	256	0	0	0	203	0	0	0	0	0	0	0	0	0	0	0	0	220	0	0	0	0
33	0	0	0	183	24	0	0	0	300	0	0	20	0	0	0	209	0	0	0	125	0	76	0	281	0	266	0	0	0	0	17	0	24	0	0	110	0	0	155	0	0	0	0	20	0	24	6	0	0	24	0	0	286	0	0	0	233	0	0	0	15	0	30	0	0	12	8	0	0	250	0	0	0	0
381	153	288	0	531	372	60	0	0	648	82	14	368	95	63	148	557	198	0	68	473	221	424	0	629	311	614	289	318	303	0	365	57	372	265	82	458	54	112	503	122	348	0	0	368	327	372	354	341	53	372	98	298	634	0	57	35	581	93	17	108	363	57	378	348	0	360	356	302	28	598	248	0	172	130
21	0	0	0	171	12	0	0	0	288	0	0	8	0	0	0	197	0	0	0	113	0	64	0	269	0	254	0	0	0	0	5	0	12	0	0	98	0	0	143	0	0	0	0	8	0	12	0	0	0	12	0	0	274	0	0	0	221	0	0	0	3	0	18	0	0	0	0	0	0	238	0	0	0	0
25	0	0	0	175	16	0	0	0	292	0	0	12	0	0	0	201	0	0	0	117	0	68	0	273	0	258	0	0	0	0	9	0	16	0	0	102	0	0	147	0	0	0	0	12	0	16	0	0	0	16	0	0	278	0	0	0	225	0	0	0	7	0	22	0	0	4	0	0	0	242	0	0	0	0
79	0	0	0	229	70	0	0	0	346	0	0	66	0	0	0	255	0	0	0	171	0	122	0	327	9	312	0	16	1	0	63	0	70	0	0	156	0	0	201	0	46	0	0	66	25	70	52	39	0	70	0	0	332	0	0	0	279	0	0	0	61	0	76	46	0	58	54	0	0	296	0	0	0	0
353	125	260	0	503	344	32	0	0	620	54	0	340	67	35	120	529	170	0	40	445	193	396	0	601	283	586	261	290	275	0	337	29	344	237	54	430	26	84	475	94	320	0	0	340	299	344	326	313	25	344	70	270	606	0	29	7	553	65	0	80	335	29	350	320	0	332	328	274	0	570	220	0	144	102
0	0	0	0	0	0	0	0	0	50	0	0	0	0	0	0	0	0	0	0	0	0	0	0	31	0	16	0	0	0	0	0	0	0	0	0	0	0	0	0	0	0	0	0	0	0	0	0	0	0	0	0	0	36	0	0	0	0	0	0	0	0	0	0	0	0	0	0	0	0	0	0	0	0	0
133	0	40	0	283	124	0	0	0	400	0	0	120	0	0	0	309	0	0	0	225	0	176	0	381	63	366	41	70	55	0	117	0	124	17	0	210	0	0	255	0	100	0	0	120	79	124	106	93	0	124	0	50	386	0	0	0	333	0	0	0	115	0	130	100	0	112	108	54	0	350	0	0	0	0
443	215	350	28	593	434	122	0	0	710	144	76	430	157	125	210	619	260	0	130	535	283	486	51	691	373	676	351	380	365	5	427	119	434	327	144	520	116	174	565	184	410	0	0	430	389	434	416	403	115	434	160	360	696	0	119	97	643	155	79	170	425	119	440	410	62	422	418	364	90	660	310	0	234	192
209	0	116	0	359	200	0	0	0	476	0	0	196	0	0	0	385	26	0	0	301	49	252	0	457	139	442	117	146	131	0	193	0	200	93	0	286	0	0	331	0	176	0	0	196	155	200	182	169	0	200	0	126	462	0	0	0	409	0	0	0	191	0	206	176	0	188	184	130	0	426	76	0	0	0
251	23	158	0	401	242	0	0	0	518	0	0	238	0	0	18	427	68	0	0	343	91	294	0	499	181	484	159	188	173	0	235	0	242	135	0	328	0	0	373	0	218	0	0	238	197	242	224	211	0	242	0	168	504	0	0	0	451	0	0	0	233	0	248	218	0	230	226	172	0	468	118	0	42	0

0	228	93	415	0	9	321	523	465	0	299	367	13	286	318	233	0	183	443	313	0	160	0	392	0	70	0	92	63	78	438	16	324	9	116	299	0	327	269	0	259	33	565	619	13	54	9	27	40	328	9	283	83	0	497	324	346	0	288	364	273	18	324	3	33	381	21	25	79	353	0	133	443	209	251
0	0	0	187	0	0	93	295	237	0	71	139	0	58	90	5	0	0	215	85	0	0	0	164	0	0	0	0	0	0	210	0	96	0	0	71	0	99	41	0	31	0	337	391	0	0	0	0	0	100	0	55	0	0	269	96	118	0	60	136	45	0	96	0	0	153	0	0	0	125	0	0	215	0	23
0	135	0	322	0	0	228	430	372	0	206	274	0	193	225	140	0	90	350	220	0	67	0	299	0	0	0	0	0	0	345	0	231	0	23	206	0	234	176	0	166	0	472	526	0	0	0	0	0	235	0	190	0	0	404	231	253	0	195	271	180	0	231	0	0	288	0	0	0	260	0	40	350	116	158
0	0	0	0	0	0	0	108	50	0	0	0	0	0	0	0	0	0	28	0	0	0	0	0	0	0	0	0	0	0	23	0	0	0	0	0	0	0	0	0	0	0	150	204	0	0	0	0	0	0	0	0	0	0	82	0	0	0	0	0	0	0	0	0	0	0	0	0	0	0	0	0	28	0	0
150	378	243	565	0	159	471	673	615	0	449	517	163	436	468	383	0	333	593	463	58	310	107	542	0	220	0	242	213	228	588	166	474	159	266	449	73	477	419	28	409	183	715	769	163	204	159	177	190	478	159	433	233	0	647	474	496	0	438	514	423	168	474	153	183	531	171	175	229	503	0	283	593	359	401
0	219	84	406	0	0	312	514	456	0	290	358	4	277	309	224	0	174	434	304	0	151	0	383	0	61	0	83	54	69	429	7	315	0	107	290	0	318	260	0	250	24	556	610	4	45	0	18	31	319	0	274	74	0	488	315	337	0	279	355	264	9	315	0	24	372	12	16	70	344	0	124	434	200	242
0	0	0	94	0	0	0	202	144	0	0	46	0	0	0	0	0	0	122	0	0	0	0	71	0	0	0	0	0	0	117	0	3	0	0	0	0	6	0	0	0	0	244	298	0	0	0	0	0	7	0	0	0	0	176	3	25	0	0	43	0	0	3	0	0	60	0	0	0	32	0	0	122	0	0
0	0	0	0	0	0	0	0	0	0	0	0	0	0	0	0	0	0	0	0	0	0	0	0	0	0	0	0	0	0	0	0	0	0	0	0	0	0	0	0	0	0	42	96	0	0	0	0	0	0	0	0	0	0	0	0	0	0	0	0	0	0	0	0	0	0	0	0	0	0	0	0	0	0	0
0	0	0	0	0	0	0	58	0	0	0	0	0	0	0	0	0	0	0	0	0	0	0	0	0	0	0	0	0	0	0	0	0	0	0	0	0	0	0	0	0	0	100	154	0	0	0	0	0	0	0	0	0	0	32	0	0	0	0	0	0	0	0	0	0	0	0	0	0	0	0	0	0	0	0
267	495	360	682	117	276	588	790	732	0	566	634	280	553	585	500	91	450	710	580	175	427	224	659	19	337	34	359	330	345	705	283	591	276	383	566	190	594	536	145	526	300	832	886	280	321	276	294	307	595	276	550	350	14	764	591	613	67	555	631	540	285	591	270	300	648	288	292	346	620	50	400	710	476	518
0	0	0	116	0	0	22	224	166	0	0	68	0	0	19	0	0	0	144	14	0	0	0	93	0	0	0	0	0	0	139	0	25	0	0	0	0	28	0	0	0	0	266	320	0	0	0	0	0	29	0	0	0	0	198	25	47	0	0	65	0	0	25	0	0	82	0	0	0	54	0	0	144	0	0
0	0	0	48	0	0	0	156	98	0	0	0	0	0	0	0	0	0	76	0	0	0	0	25	0	0	0	0	0	0	71	0	0	0	0	0	0	0	0	0	0	0	198	252	0	0	0	0	0	0	0	0	0	0	130	0	0	0	0	0	0	0	0	0	0	14	0	0	0	0	0	0	76	0	0
0	215	80	402	0	0	308	510	452	0	286	354	0	273	305	220	0	170	430	300	0	147	0	379	0	57	0	79	50	65	425	3	311	0	103	286	0	314	256	0	246	20	552	606	0	41	0	14	27	315	0	270	70	0	484	311	333	0	275	351	260	5	311	0	20	368	8	12	66	340	0	120	430	196	238
0	0	0	129	0	0	35	237	179	0	13	81	0	0	32	0	0	0	157	27	0	0	0	106	0	0	0	0	0	0	152	0	38	0	0	13	0	41	0	0	0	0	279	333	0	0	0	0	0	42	0	0	0	0	211	38	60	0	2	78	0	0	38	0	0	95	0	0	0	67	0	0	157	0	0
0	0	0	97	0	0	3	205	147	0	0	49	0	0	0	0	0	0	125	0	0	0	0	74	0	0	0	0	0	0	120	0	6	0	0	0	0	9	0	0	0	0	247	301	0	0	0	0	0	10	0	0	0	0	179	6	28	0	0	46	0	0	6	0	0	63	0	0	0	35	0	0	125	0	0
0	0	0	182	0	0	88	290	232	0	66	134	0	53	85	0	0	0	210	80	0	0	0	159	0	0	0	0	0	0	205	0	91	0	0	66	0	94	36	0	26	0	332	386	0	0	0	0	0	95	0	50	0	0	264	91	113	0	55	131	40	0	91	0	0	148	0	0	0	120	0	0	210	0	18
176	404	269	591	26	185	497	699	641	0	475	543	189	462	494	409	0	359	619	489	84	336	133	568	0	246	0	268	239	254	614	192	500	185	292	475	99	503	445	54	435	209	741	795	189	230	185	203	216	504	185	459	259	0	673	500	522	0	464	540	449	194	500	179	209	557	197	201	255	529	0	309	619	385	427
0	45	0	232	0	0	138	340	282	0	116	184	0	103	135	50	0	0	260	130	0	0	0	209	0	0	0	0	0	0	255	0	141	0	0	116	0	144	86	0	76	0	382	436	0	0	0	0	0	145	0	100	0	0	314	141	163	0	105	181	90	0	141	0	0	198	0	0	0	170	0	0	260	26	68
0	0	0	0	0	0	0	80	22	0	0	0	0	0	0	0	0	0	0	0	0	0	0	0	0	0	0	0	0	0	0	0	0	0	0	0	0	0	0	0	0	0	122	176	0	0	0	0	0	0	0	0	0	0	54	0	0	0	0	0	0	0	0	0	0	0	0	0	0	0	0	0	0	0	0
0	0	0	102	0	0	8	210	152	0	0	54	0	0	5	0	0	0	130	0	0	0	0	79	0	0	0	0	0	0	125	0	11	0	0	0	0	14	0	0	0	0	252	306	0	0	0	0	0	15	0	0	0	0	184	11	33	0	0	51	0	0	11	0	0	68	0	0	0	40	0	0	130	0	0
92	320	185	507	0	101	413	615	557	0	391	459	105	378	410	325	0	275	535	405	0	252	49	484	0	162	0	184	155	170	530	108	416	101	208	391	15	419	361	0	351	125	657	711	105	146	101	119	132	420	101	375	175	0	589	416	438	0	380	456	365	110	416	95	125	473	113	117	171	445	0	225	535	301	343
0	68	0	255	0	0	161	363	305	0	139	207	0	126	158	73	0	23	283	153	0	0	0	232	0	0	0	0	0	0	278	0	164	0	0	139	0	167	109	0	99	0	405	459	0	0	0	0	0	168	0	123	0	0	337	164	186	0	128	204	113	0	164	0	0	221	0	0	0	193	0	0	283	49	91
43	271	136	458	0	52	364	566	508	0	342	410	56	329	361	276	0	226	486	356	0	203	0	435	0	113	0	135	106	121	481	59	367	52	159	342	0	370	312	0	302	76	608	662	56	97	52	70	83	371	52	326	126	0	540	367	389	0	331	407	316	61	367	46	76	424	64	68	122	396	0	176	486	252	294
0	0	0	23	0	0	0	131	73	0	0	0	0	0	0	0	0	0	51	0	0	0	0	0	0	0	0	0	0	0	46	0	0	0	0	0	0	0	0	0	0	0	173	227	0	0	0	0	0	0	0	0	0	0	105	0	0	0	0	0	0	0	0	0	0	0	0	0	0	0	0	0	51	0	0
248	476	341	663	98	257	569	771	713	0	547	615	261	534	566	481	72	431	691	561	156	408	205	640	0	318	15	340	311	326	686	264	572	257	364	547	171	575	517	126	507	281	813	867	261	302	257	275	288	576	257	531	331	0	745	572	594	48	536	612	521	266	572	251	281	629	269	273	327	601	31	381	691	457	499
0	158	23	345	0	0	251	453	395	0	229	297	0	216	248	163	0	113	373	243	0	90	0	322	0	0	0	22	0	8	368	0	254	0	46	229	0	257	199	0	189	0	495	549	0	0	0	0	0	258	0	213	13	0	427	254	276	0	218	294	203	0	254	0	0	311	0	0	9	283	0	63	373	139	181
233	461	326	648	83	242	554	756	698	0	532	600	246	519	551	466	57	416	676	546	141	393	190	625	0	303	0	325	296	311	671	249	557	242	349	532	156	560	502	111	492	266	798	852	246	287	242	260	273	561	242	516	316	0	730	557	579	33	521	597	506	251	557	236	266	614	254	258	312	586	16	366	676	442	484
0	136	1	323	0	0	229	431	373	0	207	275	0	194	226	141	0	91	351	221	0	68	0	300	0	0	0	0	0	0	346	0	232	0	24	207	0	235	177	0	167	0	473	527	0	0	0	0	0	236	0	191	0	0	405	232	254	0	196	272	181	0	232	0	0	289	0	0	0	261	0	41	351	117	159
0	165	30	352	0	0	258	460	402	0	236	304	0	223	255	170	0	120	380	250	0	97	0	329	0	7	0	29	0	15	375	0	261	0	53	236	0	264	206	0	196	0	502	556	0	0	0	0	0	265	0	220	20	0	434	261	283	0	225	301	210	0	261	0	0	318	0	0	16	290	0	70	380	146	188
0	150	15	337	0	0	243	445	387	0	221	289	0	208	240	155	0	105	365	235	0	82	0	314	0	0	0	14	0	0	360	0	246	0	38	221	0	249	191	0	181	0	487	541	0	0	0	0	0	250	0	205	5	0	419	246	268	0	210	286	195	0	246	0	0	303	0	0	1	275	0	55	365	131	173
0	0	0	0	0	0	0	85	27	0	0	0	0	0	0	0	0	0	5	0	0	0	0	0	0	0	0	0	0	0	0	0	0	0	0	0	0	0	0	0	0	0	127	181	0	0	0	0	0	0	0	0	0	0	59	0	0	0	0	0	0	0	0	0	0	0	0	0	0	0	0	0	5	0	0
0	212	77	399	0	0	305	507	449	0	283	351	0	270	302	217	0	167	427	297	0	144	0	376	0	54	0	76	47	62	422	0	308	0	100	283	0	311	253	0	243	17	549	603	0	38	0	11	24	312	0	267	67	0	481	308	330	0	272	348	257	2	308	0	17	365	5	9	63	337	0	117	427	193	235
0	0	0	91	0	0	0	199	141	0	0	43	0	0	0	0	0	0	119	0	0	0	0	68	0	0	0	0	0	0	114	0	0	0	0	0	0	3	0	0	0	0	241	295	0	0	0	0	0	4	0	0	0	0	173	0	22	0	0	40	0	0	0	0	0	57	0	0	0	29	0	0	119	0	0
0	219	84	406	0	0	312	514	456	0	290	358	4	277	309	224	0	174	434	304	0	151	0	383	0	61	0	83	54	69	429	7	315	0	107	290	0	318	260	0	250	24	556	610	4	45	0	18	31	319	0	274	74	0	488	315	337	0	279	355	264	9	315	0	24	372	12	16	70	344	0	124	434	200	242
0	112	0	299	0	0	205	407	349	0	183	251	0	170	202	117	0	67	327	197	0	44	0	276	0	0	0	0	0	0	322	0	208	0	0	183	0	211	153	0	143	0	449	503	0	0	0	0	0	212	0	167	0	0	381	208	230	0	172	248	157	0	208	0	0	265	0	0	0	237	0	17	327	93	135
0	0	0	116	0	0	22	224	166	0	0	68	0	0	19	0	0	0	144	14	0	0	0	93	0	0	0	0	0	0	139	0	25	0	0	0	0	28	0	0	0	0	266	320	0	0	0	0	0	29	0	0	0	0	198	25	47	0	0	65	0	0	25	0	0	82	0	0	0	54	0	0	144	0	0
77	305	170	492	0	86	398	600	542	0	376	444	90	363	395	310	0	260	520	390	0	237	34	469	0	147	0	169	140	155	515	93	401	86	193	376	0	404	346	0	336	110	642	696	90	131	86	104	117	405	86	360	160	0	574	401	423	0	365	441	350	95	401	80	110	458	98	102	156	430	0	210	520	286	328
0	0	0	88	0	0	0	196	138	0	0	40	0	0	0	0	0	0	116	0	0	0	0	65	0	0	0	0	0	0	111	0	0	0	0	0	0	0	0	0	0	0	238	292	0	0	0	0	0	1	0	0	0	0	170	0	19	0	0	37	0	0	0	0	0	54	0	0	0	26	0	0	116	0	0
0	0	0	146	0	0	52	254	196	0	30	98	0	17	49	0	0	0	174	44	0	0	0	123	0	0	0	0	0	0	169	0	55	0	0	30	0	58	0	0	0	0	296	350	0	0	0	0	0	59	0	14	0	0	228	55	77	0	19	95	4	0	55	0	0	112	0	0	0	84	0	0	174	0	0
122	350	215	537	0	131	443	645	587	0	421	489	135	408	440	355	0	305	565	435	30	282	79	514	0	192	0	214	185	200	560	138	446	131	238	421	45	449	391	0	381	155	687	741	135	176	131	149	162	450	131	405	205	0	619	446	468	0	410	486	395	140	446	125	155	503	143	147	201	475	0	255	565	331	373
0	0	0	156	0	0	62	264	206	0	40	108	0	27	59	0	0	0	184	54	0	0	0	133	0	0	0	0	0	0	179	0	65	0	0	40	0	68	10	0	0	0	306	360	0	0	0	0	0	69	0	24	0	0	238	65	87	0	29	105	14	0	65	0	0	122	0	0	0	94	0	0	184	0	0
0	195	60	382	0	0	288	490	432	0	266	334	0	253	285	200	0	150	410	280	0	127	0	359	0	37	0	59	30	45	405	0	291	0	83	266	0	294	236	0	226	0	532	586	0	21	0	0	7	295	0	250	50	0	464	291	313	0	255	331	240	0	291	0	0	348	0	0	46	320	0	100	410	176	218
0	0	0	0	0	0	0	0	0	0	0	0	0	0	0	0	0	0	0	0	0	0	0	0	0	0	0	0	0	0	0	0	0	0	0	0	0	0	0	0	0	0	0	54	0	0	0	0	0	0	0	0	0	0	0	0	0	0	0	0	0	0	0	0	0	0	0	0	0	0	0	0	0	0	0
0	0	0	0	0	0	0	0	0	0	0	0	0	0	0	0	0	0	0	0	0	0	0	0	0	0	0	0	0	0	0	0	0	0	0	0	0	0	0	0	0	0	0	0	0	0	0	0	0	0	0	0	0	0	0	0	0	0	0	0	0	0	0	0	0	0	0	0	0	0	0	0	0	0	0
0	215	80	402	0	0	308	510	452	0	286	354	0	273	305	220	0	170	430	300	0	147	0	379	0	57	0	79	50	65	425	3	311	0	103	286	0	314	256	0	246	20	552	606	0	41	0	14	27	315	0	270	70	0	484	311	333	0	275	351	260	5	311	0	20	368	8	12	66	340	0	120	430	196	238
0	174	39	361	0	0	267	469	411	0	245	313	0	232	264	179	0	129	389	259	0	106	0	338	0	16	0	38	9	24	384	0	270	0	62	245	0	273	215	0	205	0	511	565	0	0	0	0	0	274	0	229	29	0	443	270	292	0	234	310	219	0	270	0	0	327	0	0	25	299	0	79	389	155	197
0	219	84	406	0	0	312	514	456	0	290	358	4	277	309	224	0	174	434	304	0	151	0	383	0	61	0	83	54	69	429	7	315	0	107	290	0	318	260	0	250	24	556	610	4	45	0	18	31	319	0	274	74	0	488	315	337	0	279	355	264	9	315	0	24	372	12	16	70	344	0	124	434	200	242
0	201	66	388	0	0	294	496	438	0	272	340	0	259	291	206	0	156	416	286	0	133	0	365	0	43	0	65	36	51	411	0	297	0	89	272	0	300	242	0	232	6	538	592	0	27	0	0	13	301	0	256	56	0	470	297	319	0	261	337	246	0	297	0	6	354	0	0	52	326	0	106	416	182	224
0	188	53	375	0	0	281	483	425	0	259	327	0	246	278	193	0	143	403	273	0	120	0	352	0	30	0	52	23	38	398	0	284	0	76	259	0	287	229	0	219	0	525	579	0	14	0	0	0	288	0	243	43	0	457	284	306	0	248	324	233	0	284	0	0	341	0	0	39	313	0	93	403	169	211
0	0	0	87	0	0	0	195	137	0	0	39	0	0	0	0	0	0	115	0	0	0	0	64	0	0	0	0	0	0	110	0	0	0	0	0	0	0	0	0	0	0	237	291	0	0	0	0	0	0	0	0	0	0	169	0	18	0	0	36	0	0	0	0	0	53	0	0	0	25	0	0	115	0	0
0	219	84	406	0	0	312	514	456	0	290	358	4	277	309	224	0	174	434	304	0	151	0	383	0	61	0	83	54	69	429	7	315	0	107	290	0	318	260	0	250	24	556	610	4	45	0	18	31	319	0	274	74	0	488	315	337	0	279	355	264	9	315	0	24	372	12	16	70	344	0	124	434	200	242
0	0	0	132	0	0	38	240	182	0	16	84	0	3	35	0	0	0	160	30	0	0	0	109	0	0	0	0	0	0	155	0	41	0	0	16	0	44	0	0	0	0	282	336	0	0	0	0	0	45	0	0	0	0	214	41	63	0	5	81	0	0	41	0	0	98	0	0	0	70	0	0	160	0	0
0	145	10	332	0	0	238	440	382	0	216	284	0	203	235	150	0	100	360	230	0	77	0	309	0	0	0	9	0	0	355	0	241	0	33	216	0	244	186	0	176	0	482	536	0	0	0	0	0	245	0	200	0	0	414	241	263	0	205	281	190	0	241	0	0	298	0	0	0	270	0	50	360	126	168
253	481	346	668	103	262	574	776	718	0	552	620	266	539	571	486	77	436	696	566	161	413	210	645	5	323	20	345	316	331	691	269	577	262	369	552	176	580	522	131	512	286	818	872	266	307	262	280	293	581	262	536	336	0	750	577	599	53	541	617	526	271	577	256	286	634	274	278	332	606	36	386	696	462	504
0	0	0	0	0	0	0	26	0	0	0	0	0	0	0	0	0	0	0	0	0	0	0	0	0	0	0	0	0	0	0	0	0	0	0	0	0	0	0	0	0	0	68	122	0	0	0	0	0	0	0	0	0	0	0	0	0	0	0	0	0	0	0	0	0	0	0	0	0	0	0	0	0	0	0
0	0	0	91	0	0	0	199	141	0	0	43	0	0	0	0	0	0	119	0	0	0	0	68	0	0	0	0	0	0	114	0	0	0	0	0	0	3	0	0	0	0	241	295	0	0	0	0	0	4	0	0	0	0	173	0	22	0	0	40	0	0	0	0	0	57	0	0	0	29	0	0	119	0	0
0	0	0	69	0	0	0	177	119	0	0	21	0	0	0	0	0	0	97	0	0	0	0	46	0	0	0	0	0	0	92	0	0	0	0	0	0	0	0	0	0	0	219	273	0	0	0	0	0	0	0	0	0	0	151	0	0	0	0	18	0	0	0	0	0	35	0	0	0	7	0	0	97	0	0
200	428	293	615	50	209	521	723	665	0	499	567	213	486	518	433	24	383	643	513	108	360	157	592	0	270	0	292	263	278	638	216	524	209	316	499	123	527	469	78	459	233	765	819	213	254	209	227	240	528	209	483	283	0	697	524	546	0	488	564	473	218	524	203	233	581	221	225	279	553	0	333	643	409	451
0	0	0	127	0	0	33	235	177	0	11	79	0	0	30	0	0	0	155	25	0	0	0	104	0	0	0	0	0	0	150	0	36	0	0	11	0	39	0	0	0	0	277	331	0	0	0	0	0	40	0	0	0	0	209	36	58	0	0	76	0	0	36	0	0	93	0	0	0	65	0	0	155	0	0
0	0	0	51	0	0	0	159	101	0	0	3	0	0	0	0	0	0	79	0	0	0	0	28	0	0	0	0	0	0	74	0	0	0	0	0	0	0	0	0	0	0	201	255	0	0	0	0	0	0	0	0	0	0	133	0	0	0	0	0	0	0	0	0	0	17	0	0	0	0	0	0	79	0	0
0	0	0	142	0	0	48	250	192	0	26	94	0	13	45	0	0	0	170	40	0	0	0	119	0	0	0	0	0	0	165	0	51	0	0	26	0	54	0	0	0	0	292	346	0	0	0	0	0	55	0	10	0	0	224	51	73	0	15	91	0	0	51	0	0	108	0	0	0	80	0	0	170	0	0
0	210	75	397	0	0	303	505	447	0	281	349	0	268	300	215	0	165	425	295	0	142	0	374	0	52	0	74	45	60	420	0	306	0	98	281	0	309	251	0	241	15	547	601	0	36	0	9	22	310	0	265	65	0	479	306	328	0	270	346	255	0	306	0	15	363	3	7	61	335	0	115	425	191	233
0	0	0	91	0	0	0	199	141	0	0	43	0	0	0	0	0	0	119	0	0	0	0	68	0	0	0	0	0	0	114	0	0	0	0	0	0	3	0	0	0	0	241	295	0	0	0	0	0	4	0	0	0	0	173	0	22	0	0	40	0	0	0	0	0	57	0	0	0	29	0	0	119	0	0
0	225	90	412	0	6	318	520	462	0	296	364	10	283	315	230	0	180	440	310	0	157	0	389	0	67	0	89	60	75	435	13	321	6	113	296	0	324	266	0	256	30	562	616	10	51	6	24	37	325	6	280	80	0	494	321	343	0	285	361	270	15	321	0	30	378	18	22	76	350	0	130	440	206	248
0	195	60	382	0	0	288	490	432	0	266	334	0	253	285	200	0	150	410	280	0	127	0	359	0	37	0	59	30	45	405	0	291	0	83	266	0	294	236	0	226	0	532	586	0	21	0	0	7	295	0	250	50	0	464	291	313	0	255	331	240	0	291	0	0	348	0	0	46	320	0	100	410	176	218
0	0	0	34	0	0	0	142	84	0	0	0	0	0	0	0	0	0	62	0	0	0	0	11	0	0	0	0	0	0	57	0	0	0	0	0	0	0	0	0	0	0	184	238	0	0	0	0	0	0	0	0	0	0	116	0	0	0	0	0	0	0	0	0	0	0	0	0	0	0	0	0	62	0	0
0	207	72	394	0	0	300	502	444	0	278	346	0	265	297	212	0	162	422	292	0	139	0	371	0	49	0	71	42	57	417	0	303	0	95	278	0	306	248	0	238	12	544	598	0	33	0	6	19	307	0	262	62	0	476	303	325	0	267	343	252	0	303	0	12	360	0	4	58	332	0	112	422	188	230
0	203	68	390	0	0	296	498	440	0	274	342	0	261	293	208	0	158	418	288	0	135	0	367	0	45	0	67	38	53	413	0	299	0	91	274	0	302	244	0	234	8	540	594	0	29	0	2	15	303	0	258	58	0	472	299	321	0	263	339	248	0	299	0	8	356	0	0	54	328	0	108	418	184	226
0	149	14	336	0	0	242	444	386	0	220	288	0	207	239	154	0	104	364	234	0	81	0	313	0	0	0	13	0	0	359	0	245	0	37	220	0	248	190	0	180	0	486	540	0	0	0	0	0	249	0	204	4	0	418	245	267	0	209	285	194	0	245	0	0	302	0	0	0	274	0	54	364	130	172
0	0	0	62	0	0	0	170	112	0	0	14	0	0	0	0	0	0	90	0	0	0	0	39	0	0	0	0	0	0	85	0	0	0	0	0	0	0	0	0	0	0	212	266	0	0	0	0	0	0	0	0	0	0	144	0	0	0	0	11	0	0	0	0	0	28	0	0	0	0	0	0	90	0	0
217	445	310	632	67	226	538	740	682	0	516	584	230	503	535	450	41	400	660	530	125	377	174	609	0	287	0	309	280	295	655	233	541	226	333	516	140	544	486	95	476	250	782	836	230	271	226	244	257	545	226	500	300	0	714	541	563	17	505	581	490	235	541	220	250	598	238	242	296	570	0	350	660	426	468
0	95	0	282	0	0	188	390	332	0	166	234	0	153	185	100	0	50	310	180	0	27	0	259	0	0	0	0	0	0	305	0	191	0	0	166	0	194	136	0	126	0	432	486	0	0	0	0	0	195	0	150	0	0	364	191	213	0	155	231	140	0	191	0	0	248	0	0	0	220	0	0	310	76	118
0	0	0	0	0	0	0	80	22	0	0	0	0	0	0	0	0	0	0	0	0	0	0	0	0	0	0	0	0	0	0	0	0	0	0	0	0	0	0	0	0	0	122	176	0	0	0	0	0	0	0	0	0	0	54	0	0	0	0	0	0	0	0	0	0	0	0	0	0	0	0	0	0	0	0
0	19	0	206	0	0	112	314	256	0	90	158	0	77	109	24	0	0	234	104	0	0	0	183	0	0	0	0	0	0	229	0	115	0	0	90	0	118	60	0	50	0	356	410	0	0	0	0	0	119	0	74	0	0	288	115	137	0	79	155	64	0	115	0	0	172	0	0	0	144	0	0	234	0	42
0	0	0	164	0	0	70	272	214	0	48	116	0	35	67	0	0	0	192	62	0	0	0	141	0	0	0	0	0	0	187	0	73	0	0	48	0	76	18	0	8	0	314	368	0	0	0	0	0	77	0	32	0	0	246	73	95	0	37	113	22	0	73	0	0	130	0	0	0	102	0	0	192	0	0

0	0	0	300	0	0	0	0	0	0	0	0	0	0	0	0	0	0	0	0	0	0	0	100	0	0	0	0	0	0	0	0	0	0	0	0	0	0	0	770	0	485	0	0	40	0	770	100	0	0	0	0	0	0	0	70	0	0	0	0	0	0	0	0	0	0	0	0	0	0	0	300	0	0	0
220	0	120	520	0	0	50	0	15	0	0	0	0	0	0	0	20	20	0	70	220	0	120	320	0	120	120	20	50	20	100	20	20	20	50	70	20	20	120	990	0	705	120	0	260	50	990	320	0	70	50	20	60	80	120	290	20	0	0	50	200	81	40	0	170	0	0	0	100	0	20	520	0	170	0
100	0	0	400	0	0	0	0	0	0	0	0	0	0	0	0	0	0	0	0	100	0	0	200	0	0	0	0	0	0	0	0	0	0	0	0	0	0	0	870	0	585	0	0	140	0	870	200	0	0	0	0	0	0	0	170	0	0	0	0	80	0	0	0	50	0	0	0	0	0	0	400	0	50	0
0	0	0	0	0	0	0	0	0	0	0	0	0	0	0	0	0	0	0	0	0	0	0	0	0	0	0	0	0	0	0	0	0	0	0	0	0	0	0	470	0	185	0	0	0	0	470	0	0	0	0	0	0	0	0	0	0	0	0	0	0	0	0	0	0	0	0	0	0	0	0	0	0	0	0
270	50	170	570	0	0	100	0	65	0	20	10	0	0	40	0	70	70	0	120	270	0	170	370	0	170	170	70	100	70	150	70	70	70	100	120	70	70	170	1040	0	755	170	20	310	100	1040	370	0	120	100	70	110	130	170	340	70	0	0	100	250	131	90	0	220	0	50	20	150	0	70	570	0	220	0
300	80	200	600	30	0	130	0	95	0	50	40	0	0	70	0	100	100	0	150	300	30	200	400	0	200	200	100	130	100	180	100	100	100	130	150	100	100	200	1070	10	785	200	50	340	130	1070	400	30	150	130	100	140	160	200	370	100	0	10	130	280	161	120	0	250	0	80	50	180	0	100	600	0	250	0
170	0	70	470	0	0	0	0	0	0	0	0	0	0	0	0	0	0	0	20	170	0	70	270	0	70	70	0	0	0	50	0	0	0	0	20	0	0	70	940	0	655	70	0	210	0	940	270	0	20	0	0	10	30	70	240	0	0	0	0	150	31	0	0	120	0	0	0	50	0	0	470	0	120	0
300	80	200	600	30	0	130	0	95	0	50	40	0	0	70	0	100	100	0	150	300	30	200	400	0	200	200	100	130	100	180	100	100	100	130	150	100	100	200	1070	10	785	200	50	340	130	1070	400	30	150	130	100	140	160	200	370	100	0	10	130	280	161	120	0	250	0	80	50	180	0	100	600	0	250	0
205	0	105	505	0	0	35	0	0	0	0	0	0	0	0	0	5	5	0	55	205	0	105	305	0	105	105	5	35	5	85	5	5	5	35	55	5	5	105	975	0	690	105	0	245	35	975	305	0	55	35	5	45	65	105	275	5	0	0	35	185	66	25	0	155	0	0	0	85	0	5	505	0	155	0
300	80	200	600	30	0	130	0	95	0	50	40	0	0	70	0	100	100	0	150	300	30	200	400	0	200	200	100	130	100	180	100	100	100	130	150	100	100	200	1070	10	785	200	50	340	130	1070	400	30	150	130	100	140	160	200	370	100	0	10	130	280	161	120	0	250	0	80	50	180	0	100	600	0	250	0
250	30	150	550	0	0	80	0	45	0	0	0	0	0	20	0	50	50	0	100	250	0	150	350	0	150	150	50	80	50	130	50	50	50	80	100	50	50	150	1020	0	735	150	0	290	80	1020	350	0	100	80	50	90	110	150	320	50	0	0	80	230	111	70	0	200	0	30	0	130	0	50	550	0	200	0
260	40	160	560	0	0	90	0	55	0	10	0	0	0	30	0	60	60	0	110	260	0	160	360	0	160	160	60	90	60	140	60	60	60	90	110	60	60	160	1030	0	745	160	10	300	90	1030	360	0	110	90	60	100	120	160	330	60	0	0	90	240	121	80	0	210	0	40	10	140	0	60	560	0	210	0
300	80	200	600	30	0	130	0	95	0	50	40	0	0	70	0	100	100	0	150	300	30	200	400	0	200	200	100	130	100	180	100	100	100	130	150	100	100	200	1070	10	785	200	50	340	130	1070	400	30	150	130	100	140	160	200	370	100	0	10	130	280	161	120	0	250	0	80	50	180	0	100	600	0	250	0
300	80	200	600	30	0	130	0	95	0	50	40	0	0	70	0	100	100	0	150	300	30	200	400	0	200	200	100	130	100	180	100	100	100	130	150	100	100	200	1070	10	785	200	50	340	130	1070	400	30	150	130	100	140	160	200	370	100	0	10	130	280	161	120	0	250	0	80	50	180	0	100	600	0	250	0
230	10	130	530	0	0	60	0	25	0	0	0	0	0	0	0	30	30	0	80	230	0	130	330	0	130	130	30	60	30	110	30	30	30	60	80	30	30	130	1000	0	715	130	0	270	60	1000	330	0	80	60	30	70	90	130	300	30	0	0	60	210	91	50	0	180	0	10	0	110	0	30	530	0	180	0
300	80	200	600	30	0	130	0	95	0	50	40	0	0	70	0	100	100	0	150	300	30	200	400	0	200	200	100	130	100	180	100	100	100	130	150	100	100	200	1070	10	785	200	50	340	130	1070	400	30	150	130	100	140	160	200	370	100	0	10	130	280	161	120	0	250	0	80	50	180	0	100	600	0	250	0
200	0	100	500	0	0	30	0	0	0	0	0	0	0	0	0	0	0	0	50	200	0	100	300	0	100	100	0	30	0	80	0	0	0	30	50	0	0	100	970	0	685	100	0	240	30	970	300	0	50	30	0	40	60	100	270	0	0	0	30	180	61	20	0	150	0	0	0	80	0	0	500	0	150	0
200	0	100	500	0	0	30	0	0	0	0	0	0	0	0	0	0	0	0	50	200	0	100	300	0	100	100	0	30	0	80	0	0	0	30	50	0	0	100	970	0	685	100	0	240	30	970	300	0	50	30	0	40	60	100	270	0	0	0	30	180	61	20	0	150	0	0	0	80	0	0	500	0	150	0
300	80	200	600	30	0	130	0	95	0	50	40	0	0	70	0	100	100	0	150	300	30	200	400	0	200	200	100	130	100	180	100	100	100	130	150	100	100	200	1070	10	785	200	50	340	130	1070	400	30	150	130	100	140	160	200	370	100	0	10	130	280	161	120	0	250	0	80	50	180	0	100	600	0	250	0
150	0	50	450	0	0	0	0	0	0	0	0	0	0	0	0	0	0	0	0	150	0	50	250	0	50	50	0	0	0	30	0	0	0	0	0	0	0	50	920	0	635	50	0	190	0	920	250	0	0	0	0	0	10	50	220	0	0	0	0	130	11	0	0	100	0	0	0	30	0	0	450	0	100	0
0	0	0	300	0	0	0	0	0	0	0	0	0	0	0	0	0	0	0	0	0	0	0	100	0	0	0	0	0	0	0	0	0	0	0	0	0	0	0	770	0	485	0	0	40	0	770	100	0	0	0	0	0	0	0	70	0	0	0	0	0	0	0	0	0	0	0	0	0	0	0	300	0	0	0
270	50	170	570	0	0	100	0	65	0	20	10	0	0	40	0	70	70	0	120	270	0	170	370	0	170	170	70	100	70	150	70	70	70	100	120	70	70	170	1040	0	755	170	20	310	100	1040	370	0	120	100	70	110	130	170	340	70	0	0	100	250	131	90	0	220	0	50	20	150	0	70	570	0	220	0
100	0	0	400	0	0	0	0	0	0	0	0	0	0	0	0	0	0	0	0	100	0	0	200	0	0	0	0	0	0	0	0	0	0	0	0	0	0	0	870	0	585	0	0	140	0	870	200	0	0	0	0	0	0	0	170	0	0	0	0	80	0	0	0	50	0	0	0	0	0	0	400	0	50	0
0	0	0	200	0	0	0	0	0	0	0	0	0	0	0	0	0	0	0	0	0	0	0	0	0	0	0	0	0	0	0	0	0	0	0	0	0	0	0	670	0	385	0	0	0	0	670	0	0	0	0	0	0	0	0	0	0	0	0	0	0	0	0	0	0	0	0	0	0	0	0	200	0	0	0
300	80	200	600	30	0	130	0	95	0	50	40	0	0	70	0	100	100	0	150	300	30	200	400	0	200	200	100	130	100	180	100	100	100	130	150	100	100	200	1070	10	785	200	50	340	130	1070	400	30	150	130	100	140	160	200	370	100	0	10	130	280	161	120	0	250	0	80	50	180	0	100	600	0	250	0
100	0	0	400	0	0	0	0	0	0	0	0	0	0	0	0	0	0	0	0	100	0	0	200	0	0	0	0	0	0	0	0	0	0	0	0	0	0	0	870	0	585	0	0	140	0	870	200	0	0	0	0	0	0	0	170	0	0	0	0	80	0	0	0	50	0	0	0	0	0	0	400	0	50	0
100	0	0	400	0	0	0	0	0	0	0	0	0	0	0	0	0	0	0	0	100	0	0	200	0	0	0	0	0	0	0	0	0	0	0	0	0	0	0	870	0	585	0	0	140	0	870	200	0	0	0	0	0	0	0	170	0	0	0	0	80	0	0	0	50	0	0	0	0	0	0	400	0	50	0
200	0	100	500	0	0	30	0	0	0	0	0	0	0	0	0	0	0	0	50	200	0	100	300	0	100	100	0	30	0	80	0	0	0	30	50	0	0	100	970	0	685	100	0	240	30	970	300	0	50	30	0	40	60	100	270	0	0	0	30	180	61	20	0	150	0	0	0	80	0	0	500	0	150	0
170	0	70	470	0	0	0	0	0	0	0	0	0	0	0	0	0	0	0	20	170	0	70	270	0	70	70	0	0	0	50	0	0	0	0	20	0	0	70	940	0	655	70	0	210	0	940	270	0	20	0	0	10	30	70	240	0	0	0	0	150	31	0	0	120	0	0	0	50	0	0	470	0	120	0
200	0	100	500	0	0	30	0	0	0	0	0	0	0	0	0	0	0	0	50	200	0	100	300	0	100	100	0	30	0	80	0	0	0	30	50	0	0	100	970	0	685	100	0	240	30	970	300	0	50	30	0	40	60	100	270	0	0	0	30	180	61	20	0	150	0	0	0	80	0	0	500	0	150	0
120	0	20	420	0	0	0	0	0	0	0	0	0	0	0	0	0	0	0	0	120	0	20	220	0	20	20	0	0	0	0	0	0	0	0	0	0	0	20	890	0	605	20	0	160	0	890	220	0	0	0	0	0	0	20	190	0	0	0	0	100	0	0	0	70	0	0	0	0	0	0	420	0	70	0
200	0	100	500	0	0	30	0	0	0	0	0	0	0	0	0	0	0	0	50	200	0	100	300	0	100	100	0	30	0	80	0	0	0	30	50	0	0	100	970	0	685	100	0	240	30	970	300	0	50	30	0	40	60	100	270	0	0	0	30	180	61	20	0	150	0	0	0	80	0	0	500	0	150	0
200	0	100	500	0	0	30	0	0	0	0	0	0	0	0	0	0	0	0	50	200	0	100	300	0	100	100	0	30	0	80	0	0	0	30	50	0	0	100	970	0	685	100	0	240	30	970	300	0	50	30	0	40	60	100	270	0	0	0	30	180	61	20	0	150	0	0	0	80	0	0	500	0	150	0
200	0	100	500	0	0	30	0	0	0	0	0	0	0	0	0	0	0	0	50	200	0	100	300	0	100	100	0	30	0	80	0	0	0	30	50	0	0	100	970	0	685	100	0	240	30	970	300	0	50	30	0	40	60	100	270	0	0	0	30	180	61	20	0	150	0	0	0	80	0	0	500	0	150	0
170	0	70	470	0	0	0	0	0	0	0	0	0	0	0	0	0	0	0	20	170	0	70	270	0	70	70	0	0	0	50	0	0	0	0	20	0	0	70	940	0	655	70	0	210	0	940	270	0	20	0	0	10	30	70	240	0	0	0	0	150	31	0	0	120	0	0	0	50	0	0	470	0	120	0
150	0	50	450	0	0	0	0	0	0	0	0	0	0	0	0	0	0	0	0	150	0	50	250	0	50	50	0	0	0	30	0	0	0	0	0	0	0	50	920	0	635	50	0	190	0	920	250	0	0	0	0	0	10	50	220	0	0	0	0	130	11	0	0	100	0	0	0	30	0	0	450	0	100	0
200	0	100	500	0	0	30	0	0	0	0	0	0	0	0	0	0	0	0	50	200	0	100	300	0	100	100	0	30	0	80	0	0	0	30	50	0	0	100	970	0	685	100	0	240	30	970	300	0	50	30	0	40	60	100	270	0	0	0	30	180	61	20	0	150	0	0	0	80	0	0	500	0	150	0
200	0	100	500	0	0	30	0	0	0	0	0	0	0	0	0	0	0	0	50	200	0	100	300	0	100	100	0	30	0	80	0	0	0	30	50	0	0	100	970	0	685	100	0	240	30	970	300	0	50	30	0	40	60	100	270	0	0	0	30	180	61	20	0	150	0	0	0	80	0	0	500	0	150	0
100	0	0	400	0	0	0	0	0	0	0	0	0	0	0	0	0	0	0	0	100	0	0	200	0	0	0	0	0	0	0	0	0	0	0	0	0	0	0	870	0	585	0	0	140	0	870	200	0	0	0	0	0	0	0	170	0	0	0	0	80	0	0	0	50	0	0	0	0	0	0	400	0	50	0
0	0	0	0	0	0	0	0	0	0	0	0	0	0	0	0	0	0	0	0	0	0	0	0	0	0	0	0	0	0	0	0	0	0	0	0	0	0	0	0	0	0	0	0	0	0	0	0	0	0	0	0	0	0	0	0	0	0	0	0	0	0	0	0	0	0	0	0	0	0	0	0	0	0	0
290	70	190	590	20	0	120	0	85	0	40	30	0	0	60	0	90	90	0	140	290	20	190	390	0	190	190	90	120	90	170	90	90	90	120	140	90	90	190	1060	0	775	190	40	330	120	1060	390	20	140	120	90	130	150	190	360	90	0	0	120	270	151	110	0	240	0	70	40	170	0	90	590	0	240	0
0	0	0	0	0	0	0	0	0	0	0	0	0	0	0	0	0	0	0	0	0	0	0	0	0	0	0	0	0	0	0	0	0	0	0	0	0	0	0	285	0	0	0	0	0	0	285	0	0	0	0	0	0	0	0	0	0	0	0	0	0	0	0	0	0	0	0	0	0	0	0	0	0	0	0
100	0	0	400	0	0	0	0	0	0	0	0	0	0	0	0	0	0	0	0	100	0	0	200	0	0	0	0	0	0	0	0	0	0	0	0	0	0	0	870	0	585	0	0	140	0	870	200	0	0	0	0	0	0	0	170	0	0	0	0	80	0	0	0	50	0	0	0	0	0	0	400	0	50	0
250	30	150	550	0	0	80	0	45	0	0	0	0	0	20	0	50	50	0	100	250	0	150	350	0	150	150	50	80	50	130	50	50	50	80	100	50	50	150	1020	0	735	150	0	290	80	1020	350	0	100	80	50	90	110	150	320	50	0	0	80	230	111	70	0	200	0	30	0	130	0	50	550	0	200	0
0	0	0	260	0	0	0	0	0	0	0	0	0	0	0	0	0	0	0	0	0	0	0	60	0	0	0	0	0	0	0	0	0	0	0	0	0	0	0	730	0	445	0	0	0	0	730	60	0	0	0	0	0	0	0	30	0	0	0	0	0	0	0	0	0	0	0	0	0	0	0	260	0	0	0
170	0	70	470	0	0	0	0	0	0	0	0	0	0	0	0	0	0	0	20	170	0	70	270	0	70	70	0	0	0	50	0	0	0	0	20	0	0	70	940	0	655	70	0	210	0	940	270	0	20	0	0	10	30	70	240	0	0	0	0	150	31	0	0	120	0	0	0	50	0	0	470	0	120	0
0	0	0	0	0	0	0	0	0	0	0	0	0	0	0	0	0	0	0	0	0	0	0	0	0	0	0	0	0	0	0	0	0	0	0	0	0	0	0	0	0	0	0	0	0	0	0	0	0	0	0	0	0	0	0	0	0	0	0	0	0	0	0	0	0	0	0	0	0	0	0	0	0	0	0
0	0	0	200	0	0	0	0	0	0	0	0	0	0	0	0	0	0	0	0	0	0	0	0	0	0	0	0	0	0	0	0	0	0	0	0	0	0	0	670	0	385	0	0	0	0	670	0	0	0	0	0	0	0	0	0	0	0	0	0	0	0	0	0	0	0	0	0	0	0	0	200	0	0	0
270	50	170	570	0	0	100	0	65	0	20	10	0	0	40	0	70	70	0	120	270	0	170	370	0	170	170	70	100	70	150	70	70	70	100	120	70	70	170	1040	0	755	170	20	310	100	1040	370	0	120	100	70	110	130	170	340	70	0	0	100	250	131	90	0	220	0	50	20	150	0	70	570	0	220	0
150	0	50	450	0	0	0	0	0	0	0	0	0	0	0	0	0	0	0	0	150	0	50	250	0	50	50	0	0	0	30	0	0	0	0	0	0	0	50	920	0	635	50	0	190	0	920	250	0	0	0	0	0	10	50	220	0	0	0	0	130	11	0	0	100	0	0	0	30	0	0	450	0	100	0
170	0	70	470	0	0	0	0	0	0	0	0	0	0	0	0	0	0	0	20	170	0	70	270	0	70	70	0	0	0	50	0	0	0	0	20	0	0	70	940	0	655	70	0	210	0	940	270	0	20	0	0	10	30	70	240	0	0	0	0	150	31	0	0	120	0	0	0	50	0	0	470	0	120	0
200	0	100	500	0	0	30	0	0	0	0	0	0	0	0	0	0	0	0	50	200	0	100	300	0	100	100	0	30	0	80	0	0	0	30	50	0	0	100	970	0	685	100	0	240	30	970	300	0	50	30	0	40	60	100	270	0	0	0	30	180	61	20	0	150	0	0	0	80	0	0	500	0	150	0
160	0	60	460	0	0	0	0	0	0	0	0	0	0	0	0	0	0	0	10	160	0	60	260	0	60	60	0	0	0	40	0	0	0	0	10	0	0	60	930	0	645	60	0	200	0	930	260	0	10	0	0	0	20	60	230	0	0	0	0	140	21	0	0	110	0	0	0	40	0	0	460	0	110	0
140	0	40	440	0	0	0	0	0	0	0	0	0	0	0	0	0	0	0	0	140	0	40	240	0	40	40	0	0	0	20	0	0	0	0	0	0	0	40	910	0	625	40	0	180	0	910	240	0	0	0	0	0	0	40	210	0	0	0	0	120	1	0	0	90	0	0	0	20	0	0	440	0	90	0
100	0	0	400	0	0	0	0	0	0	0	0	0	0	0	0	0	0	0	0	100	0	0	200	0	0	0	0	0	0	0	0	0	0	0	0	0	0	0	870	0	585	0	0	140	0	870	200	0	0	0	0	0	0	0	170	0	0	0	0	80	0	0	0	50	0	0	0	0	0	0	400	0	50	0
0	0	0	230	0	0	0	0	0	0	0	0	0	0	0	0	0	0	0	0	0	0	0	30	0	0	0	0	0	0	0	0	0	0	0	0	0	0	0	700	0	415	0	0	0	0	700	30	0	0	0	0	0	0	0	0	0	0	0	0	0	0	0	0	0	0	0	0	0	0	0	230	0	0	0
200	0	100	500	0	0	30	0	0	0	0	0	0	0	0	0	0	0	0	50	200	0	100	300	0	100	100	0	30	0	80	0	0	0	30	50	0	0	100	970	0	685	100	0	240	30	970	300	0	50	30	0	40	60	100	270	0	0	0	30	180	61	20	0	150	0	0	0	80	0	0	500	0	150	0
300	80	200	600	30	0	130	0	95	0	50	40	0	0	70	0	100	100	0	150	300	30	200	400	0	200	200	100	130	100	180	100	100	100	130	150	100	100	200	1070	10	785	200	50	340	130	1070	400	30	150	130	100	140	160	200	370	100	0	10	130	280	161	120	0	250	0	80	50	180	0	100	600	0	250	0
290	70	190	590	20	0	120	0	85	0	40	30	0	0	60	0	90	90	0	140	290	20	190	390	0	190	190	90	120	90	170	90	90	90	120	140	90	90	190	1060	0	775	190	40	330	120	1060	390	20	140	120	90	130	150	190	360	90	0	0	120	270	151	110	0	240	0	70	40	170	0	90	590	0	240	0
170	0	70	470	0	0	0	0	0	0	0	0	0	0	0	0	0	0	0	20	170	0	70	270	0	70	70	0	0	0	50	0	0	0	0	20	0	0	70	940	0	655	70	0	210	0	940	270	0	20	0	0	10	30	70	240	0	0	0	0	150	31	0	0	120	0	0	0	50	0	0	470	0	120	0
20	0	0	320	0	0	0	0	0	0	0	0	0	0	0	0	0	0	0	0	20	0	0	120	0	0	0	0	0	0	0	0	0	0	0	0	0	0	0	790	0	505	0	0	60	0	790	120	0	0	0	0	0	0	0	90	0	0	0	0	0	0	0	0	0	0	0	0	0	0	0	320	0	0	0
139	0	39	439	0	0	0	0	0	0	0	0	0	0	0	0	0	0	0	0	139	0	39	239	0	39	39	0	0	0	19	0	0	0	0	0	0	0	39	909	0	624	39	0	179	0	909	239	0	0	0	0	0	0	39	209	0	0	0	0	119	0	0	0	89	0	0	0	19	0	0	439	0	89	0
180	0	80	480	0	0	10	0	0	0	0	0	0	0	0	0	0	0	0	30	180	0	80	280	0	80	80	0	10	0	60	0	0	0	10	30	0	0	80	950	0	665	80	0	220	10	950	280	0	30	10	0	20	40	80	250	0	0	0	10	160	41	0	0	130	0	0	0	60	0	0	480	0	130	0
300	80	200	600	30	0	130	0	95	0	50	40	0	0	70	0	100	100	0	150	300	30	200	400	0	200	200	100	130	100	180	100	100	100	130	150	100	100	200	1070	10	785	200	50	340	130	1070	400	30	150	130	100	140	160	200	370	100	0	10	130	280	161	120	0	250	0	80	50	180	0	100	600	0	250	0
50	0	0	350	0	0	0	0	0	0	0	0	0	0	0	0	0	0	0	0	50	0	0	150	0	0	0	0	0	0	0	0	0	0	0	0	0	0	0	820	0	535	0	0	90	0	820	150	0	0	0	0	0	0	0	120	0	0	0	0	30	0	0	0	0	0	0	0	0	0	0	350	0	0	0
300	80	200	600	30	0	130	0	95	0	50	40	0	0	70	0	100	100	0	150	300	30	200	400	0	200	200	100	130	100	180	100	100	100	130	150	100	100	200	1070	10	785	200	50	340	130	1070	400	30	150	130	100	140	160	200	370	100	0	10	130	280	161	120	0	250	0	80	50	180	0	100	600	0	250	0
220	0	120	520	0	0	50	0	15	0	0	0	0	0	0	0	20	20	0	70	220	0	120	320	0	120	120	20	50	20	100	20	20	20	50	70	20	20	120	990	0	705	120	0	260	50	990	320	0	70	50	20	60	80	120	290	20	0	0	50	200	81	40	0	170	0	0	0	100	0	20	520	0	170	0
250	30	150	550	0	0	80	0	45	0	0	0	0	0	20	0	50	50	0	100	250	0	150	350	0	150	150	50	80	50	130	50	50	50	80	100	50	50	150	1020	0	735	150	0	290	80	1020	350	0	100	80	50	90	110	150	320	50	0	0	80	230	111	70	0	200	0	30	0	130	0	50	550	0	200	0
120	0	20	420	0	0	0	0	0	0	0	0	0	0	0	0	0	0	0	0	120	0	20	220	0	20	20	0	0	0	0	0	0	0	0	0	0	0	20	890	0	605	20	0	160	0	890	220	0	0	0	0	0	0	20	190	0	0	0	0	100	0	0	0	70	0	0	0	0	0	0	420	0	70	0
300	80	200	600	30	0	130	0	95	0	50	40	0	0	70	0	100	100	0	150	300	30	200	400	0	200	200	100	130	100	180	100	100	100	130	150	100	100	200	1070	10	785	200	50	340	130	1070	400	30	150	130	100	140	160	200	370	100	0	10	130	280	161	120	0	250	0	80	50	180	0	100	600	0	250	0
200	0	100	500	0	0	30	0	0	0	0	0	0	0	0	0	0	0	0	50	200	0	100	300	0	100	100	0	30	0	80	0	0	0	30	50	0	0	100	970	0	685	100	0	240	30	970	300	0	50	30	0	40	60	100	270	0	0	0	30	180	61	20	0	150	0	0	0	80	0	0	500	0	150	0
0	0	0	0	0	0	0	0	0	0	0	0	0	0	0	0	0	0	0	0	0	0	0	0	0	0	0	0	0	0	0	0	0	0	0	0	0	0	0	470	0	185	0	0	0	0	470	0	0	0	0	0	0	0	0	0	0	0	0	0	0	0	0	0	0	0	0	0	0	0	0	0	0	0	0
300	80	200	600	30	0	130	0	95	0	50	40	0	0	70	0	100	100	0	150	300	30	200	400	0	200	200	100	130	100	180	100	100	100	130	150	100	100	200	1070	10	785	200	50	340	130	1070	400	30	150	130	100	140	160	200	370	100	0	10	130	280	161	120	0	250	0	80	50	180	0	100	600	0	250	0
50	0	0	350	0	0	0	0	0	0	0	0	0	0	0	0	0	0	0	0	50	0	0	150	0	0	0	0	0	0	0	0	0	0	0	0	0	0	0	820	0	535	0	0	90	0	820	150	0	0	0	0	0	0	0	120	0	0	0	0	30	0	0	0	0	0	0	0	0	0	0	350	0	0	0
300	80	200	600	30	0	130	0	95	0	50	40	0	0	70	0	100	100	0	150	300	30	200	400	0	200	200	100	130	100	180	100	100	100	130	150	100	100	200	1070	10	785	200	50	340	130	1070	400	30	150	130	100	140	160	200	370	100	0	10	130	280	161	120	0	250	0	80	50	180	0	100	600	0	250	0

0	220	100	0	270	300	170	300	205	300	250	260	300	300	230	300	200	200	300	150	0	270	100	0	300	100	100	200	170	200	120	200	200	200	170	150	200	200	100	0	290	0	100	250	0	170	0	0	270	150	170	200	160	140	100	0	200	300	290	170	20	139	180	300	50	300	220	250	120	300	200	0	300	50	300
0	0	0	0	50	80	0	80	0	80	30	40	80	80	10	80	0	0	80	0	0	50	0	0	80	0	0	0	0	0	0	0	0	0	0	0	0	0	0	0	70	0	0	30	0	0	0	0	50	0	0	0	0	0	0	0	0	80	70	0	0	0	0	80	0	80	0	30	0	80	0	0	80	0	80
0	120	0	0	170	200	70	200	105	200	150	160	200	200	130	200	100	100	200	50	0	170	0	0	200	0	0	100	70	100	20	100	100	100	70	50	100	100	0	0	190	0	0	150	0	70	0	0	170	50	70	100	60	40	0	0	100	200	190	70	0	39	80	200	0	200	120	150	20	200	100	0	200	0	200
300	520	400	0	570	600	470	600	505	600	550	560	600	600	530	600	500	500	600	450	300	570	400	200	600	400	400	500	470	500	420	500	500	500	470	450	500	500	400	0	590	0	400	550	260	470	0	200	570	450	470	500	460	440	400	230	500	600	590	470	320	439	480	600	350	600	520	550	420	600	500	0	600	350	600
0	0	0	0	0	30	0	30	0	30	0	0	30	30	0	30	0	0	30	0	0	0	0	0	30	0	0	0	0	0	0	0	0	0	0	0	0	0	0	0	20	0	0	0	0	0	0	0	0	0	0	0	0	0	0	0	0	30	20	0	0	0	0	30	0	30	0	0	0	30	0	0	30	0	30
0	0	0	0	0	0	0	0	0	0	0	0	0	0	0	0	0	0	0	0	0	0	0	0	0	0	0	0	0	0	0	0	0	0	0	0	0	0	0	0	0	0	0	0	0	0	0	0	0	0	0	0	0	0	0	0	0	0	0	0	0	0	0	0	0	0	0	0	0	0	0	0	0	0	0
0	50	0	0	100	130	0	130	35	130	80	90	130	130	60	130	30	30	130	0	0	100	0	0	130	0	0	30	0	30	0	30	30	30	0	0	30	30	0	0	120	0	0	80	0	0	0	0	100	0	0	30	0	0	0	0	30	130	120	0	0	0	10	130	0	130	50	80	0	130	30	0	130	0	130
0	0	0	0	0	0	0	0	0	0	0	0	0	0	0	0	0	0	0	0	0	0	0	0	0	0	0	0	0	0	0	0	0	0	0	0	0	0	0	0	0	0	0	0	0	0	0	0	0	0	0	0	0	0	0	0	0	0	0	0	0	0	0	0	0	0	0	0	0	0	0	0	0	0	0
0	15	0	0	65	95	0	95	0	95	45	55	95	95	25	95	0	0	95	0	0	65	0	0	95	0	0	0	0	0	0	0	0	0	0	0	0	0	0	0	85	0	0	45	0	0	0	0	65	0	0	0	0	0	0	0	0	95	85	0	0	0	0	95	0	95	15	45	0	95	0	0	95	0	95
0	0	0	0	0	0	0	0	0	0	0	0	0	0	0	0	0	0	0	0	0	0	0	0	0	0	0	0	0	0	0	0	0	0	0	0	0	0	0	0	0	0	0	0	0	0	0	0	0	0	0	0	0	0	0	0	0	0	0	0	0	0	0	0	0	0	0	0	0	0	0	0	0	0	0
0	0	0	0	20	50	0	50	0	50	0	10	50	50	0	50	0	0	50	0	0	20	0	0	50	0	0	0	0	0	0	0	0	0	0	0	0	0	0	0	40	0	0	0	0	0	0	0	20	0	0	0	0	0	0	0	0	50	40	0	0	0	0	50	0	50	0	0	0	50	0	0	50	0	50
0	0	0	0	10	40	0	40	0	40	0	0	40	40	0	40	0	0	40	0	0	10	0	0	40	0	0	0	0	0	0	0	0	0	0	0	0	0	0	0	30	0	0	0	0	0	0	0	10	0	0	0	0	0	0	0	0	40	30	0	0	0	0	40	0	40	0	0	0	40	0	0	40	0	40
0	0	0	0	0	0	0	0	0	0	0	0	0	0	0	0	0	0	0	0	0	0	0	0	0	0	0	0	0	0	0	0	0	0	0	0	0	0	0	0	0	0	0	0	0	0	0	0	0	0	0	0	0	0	0	0	0	0	0	0	0	0	0	0	0	0	0	0	0	0	0	0	0	0	0
0	0	0	0	0	0	0	0	0	0	0	0	0	0	0	0	0	0	0	0	0	0	0	0	0	0	0	0	0	0	0	0	0	0	0	0	0	0	0	0	0	0	0	0	0	0	0	0	0	0	0	0	0	0	0	0	0	0	0	0	0	0	0	0	0	0	0	0	0	0	0	0	0	0	0
0	0	0	0	40	70	0	70	0	70	20	30	70	70	0	70	0	0	70	0	0	40	0	0	70	0	0	0	0	0	0	0	0	0	0	0	0	0	0	0	60	0	0	20	0	0	0	0	40	0	0	0	0	0	0	0	0	70	60	0	0	0	0	70	0	70	0	20	0	70	0	0	70	0	70
0	0	0	0	0	0	0	0	0	0	0	0	0	0	0	0	0	0	0	0	0	0	0	0	0	0	0	0	0	0	0	0	0	0	0	0	0	0	0	0	0	0	0	0	0	0	0	0	0	0	0	0	0	0	0	0	0	0	0	0	0	0	0	0	0	0	0	0	0	0	0	0	0	0	0
0	20	0	0	70	100	0	100	5	100	50	60	100	100	30	100	0	0	100	0	0	70	0	0	100	0	0	0	0	0	0	0	0	0	0	0	0	0	0	0	90	0	0	50	0	0	0	0	70	0	0	0	0	0	0	0	0	100	90	0	0	0	0	100	0	100	20	50	0	100	0	0	100	0	100
0	20	0	0	70	100	0	100	5	100	50	60	100	100	30	100	0	0	100	0	0	70	0	0	100	0	0	0	0	0	0	0	0	0	0	0	0	0	0	0	90	0	0	50	0	0	0	0	70	0	0	0	0	0	0	0	0	100	90	0	0	0	0	100	0	100	20	50	0	100	0	0	100	0	100
0	0	0	0	0	0	0	0	0	0	0	0	0	0	0	0	0	0	0	0	0	0	0	0	0	0	0	0	0	0	0	0	0	0	0	0	0	0	0	0	0	0	0	0	0	0	0	0	0	0	0	0	0	0	0	0	0	0	0	0	0	0	0	0	0	0	0	0	0	0	0	0	0	0	0
0	70	0	0	120	150	20	150	55	150	100	110	150	150	80	150	50	50	150	0	0	120	0	0	150	0	0	50	20	50	0	50	50	50	20	0	50	50	0	0	140	0	0	100	0	20	0	0	120	0	20	50	10	0	0	0	50	150	140	20	0	0	30	150	0	150	70	100	0	150	50	0	150	0	150
0	220	100	0	270	300	170	300	205	300	250	260	300	300	230	300	200	200	300	150	0	270	100	0	300	100	100	200	170	200	120	200	200	200	170	150	200	200	100	0	290	0	100	250	0	170	0	0	270	150	170	200	160	140	100	0	200	300	290	170	20	139	180	300	50	300	220	250	120	300	200	0	300	50	300
0	0	0	0	0	30	0	30	0	30	0	0	30	30	0	30	0	0	30	0	0	0	0	0	30	0	0	0	0	0	0	0	0	0	0	0	0	0	0	0	20	0	0	0	0	0	0	0	0	0	0	0	0	0	0	0	0	30	20	0	0	0	0	30	0	30	0	0	0	30	0	0	30	0	30
0	120	0	0	170	200	70	200	105	200	150	160	200	200	130	200	100	100	200	50	0	170	0	0	200	0	0	100	70	100	20	100	100	100	70	50	100	100	0	0	190	0	0	150	0	70	0	0	170	50	70	100	60	40	0	0	100	200	190	70	0	39	80	200	0	200	120	150	20	200	100	0	200	0	200
100	320	200	0	370	400	270	400	305	400	350	360	400	400	330	400	300	300	400	250	100	370	200	0	400	200	200	300	270	300	220	300	300	300	270	250	300	300	200	0	390	0	200	350	60	270	0	0	370	250	270	300	260	240	200	30	300	400	390	270	120	239	280	400	150	400	320	350	220	400	300	0	400	150	400
0	0	0	0	0	0	0	0	0	0	0	0	0	0	0	0	0	0	0	0	0	0	0	0	0	0	0	0	0	0	0	0	0	0	0	0	0	0	0	0	0	0	0	0	0	0	0	0	0	0	0	0	0	0	0	0	0	0	0	0	0	0	0	0	0	0	0	0	0	0	0	0	0	0	0
0	120	0	0	170	200	70	200	105	200	150	160	200	200	130	200	100	100	200	50	0	170	0	0	200	0	0	100	70	100	20	100	100	100	70	50	100	100	0	0	190	0	0	150	0	70	0	0	170	50	70	100	60	40	0	0	100	200	190	70	0	39	80	200	0	200	120	150	20	200	100	0	200	0	200
0	120	0	0	170	200	70	200	105	200	150	160	200	200	130	200	100	100	200	50	0	170	0	0	200	0	0	100	70	100	20	100	100	100	70	50	100	100	0	0	190	0	0	150	0	70	0	0	170	50	70	100	60	40	0	0	100	200	190	70	0	39	80	200	0	200	120	150	20	200	100	0	200	0	200
0	20	0	0	70	100	0	100	5	100	50	60	100	100	30	100	0	0	100	0	0	70	0	0	100	0	0	0	0	0	0	0	0	0	0	0	0	0	0	0	90	0	0	50	0	0	0	0	70	0	0	0	0	0	0	0	0	100	90	0	0	0	0	100	0	100	20	50	0	100	0	0	100	0	100
0	50	0	0	100	130	0	130	35	130	80	90	130	130	60	130	30	30	130	0	0	100	0	0	130	0	0	30	0	30	0	30	30	30	0	0	30	30	0	0	120	0	0	80	0	0	0	0	100	0	0	30	0	0	0	0	30	130	120	0	0	0	10	130	0	130	50	80	0	130	30	0	130	0	130
0	20	0	0	70	100	0	100	5	100	50	60	100	100	30	100	0	0	100	0	0	70	0	0	100	0	0	0	0	0	0	0	0	0	0	0	0	0	0	0	90	0	0	50	0	0	0	0	70	0	0	0	0	0	0	0	0	100	90	0	0	0	0	100	0	100	20	50	0	100	0	0	100	0	100
0	100	0	0	150	180	50	180	85	180	130	140	180	180	110	180	80	80	180	30	0	150	0	0	180	0	0	80	50	80	0	80	80	80	50	30	80	80	0	0	170	0	0	130	0	50	0	0	150	30	50	80	40	20	0	0	80	180	170	50	0	19	60	180	0	180	100	130	0	180	80	0	180	0	180
0	20	0	0	70	100	0	100	5	100	50	60	100	100	30	100	0	0	100	0	0	70	0	0	100	0	0	0	0	0	0	0	0	0	0	0	0	0	0	0	90	0	0	50	0	0	0	0	70	0	0	0	0	0	0	0	0	100	90	0	0	0	0	100	0	100	20	50	0	100	0	0	100	0	100
0	20	0	0	70	100	0	100	5	100	50	60	100	100	30	100	0	0	100	0	0	70	0	0	100	0	0	0	0	0	0	0	0	0	0	0	0	0	0	0	90	0	0	50	0	0	0	0	70	0	0	0	0	0	0	0	0	100	90	0	0	0	0	100	0	100	20	50	0	100	0	0	100	0	100
0	20	0	0	70	100	0	100	5	100	50	60	100	100	30	100	0	0	100	0	0	70	0	0	100	0	0	0	0	0	0	0	0	0	0	0	0	0	0	0	90	0	0	50	0	0	0	0	70	0	0	0	0	0	0	0	0	100	90	0	0	0	0	100	0	100	20	50	0	100	0	0	100	0	100
0	50	0	0	100	130	0	130	35	130	80	90	130	130	60	130	30	30	130	0	0	100	0	0	130	0	0	30	0	30	0	30	30	30	0	0	30	30	0	0	120	0	0	80	0	0	0	0	100	0	0	30	0	0	0	0	30	130	120	0	0	0	10	130	0	130	50	80	0	130	30	0	130	0	130
0	70	0	0	120	150	20	150	55	150	100	110	150	150	80	150	50	50	150	0	0	120	0	0	150	0	0	50	20	50	0	50	50	50	20	0	50	50	0	0	140	0	0	100	0	20	0	0	120	0	20	50	10	0	0	0	50	150	140	20	0	0	30	150	0	150	70	100	0	150	50	0	150	0	150
0	20	0	0	70	100	0	100	5	100	50	60	100	100	30	100	0	0	100	0	0	70	0	0	100	0	0	0	0	0	0	0	0	0	0	0	0	0	0	0	90	0	0	50	0	0	0	0	70	0	0	0	0	0	0	0	0	100	90	0	0	0	0	100	0	100	20	50	0	100	0	0	100	0	100
0	20	0	0	70	100	0	100	5	100	50	60	100	100	30	100	0	0	100	0	0	70	0	0	100	0	0	0	0	0	0	0	0	0	0	0	0	0	0	0	90	0	0	50	0	0	0	0	70	0	0	0	0	0	0	0	0	100	90	0	0	0	0	100	0	100	20	50	0	100	0	0	100	0	100
0	120	0	0	170	200	70	200	105	200	150	160	200	200	130	200	100	100	200	50	0	170	0	0	200	0	0	100	70	100	20	100	100	100	70	50	100	100	0	0	190	0	0	150	0	70	0	0	170	50	70	100	60	40	0	0	100	200	190	70	0	39	80	200	0	200	120	150	20	200	100	0	200	0	200
770	990	870	470	1040	1070	940	1070	975	1070	1020	1030	1070	1070	1000	1070	970	970	1070	920	770	1040	870	670	1070	870	870	970	940	970	890	970	970	970	940	920	970	970	870	0	1060	285	870	1020	730	940	0	670	1040	920	940	970	930	910	870	700	970	1070	1060	940	790	909	950	1070	820	1070	990	1020	890	1070	970	470	1070	820	1070
0	0	0	0	0	10	0	10	0	10	0	0	10	10	0	10	0	0	10	0	0	0	0	0	10	0	0	0	0	0	0	0	0	0	0	0	0	0	0	0	0	0	0	0	0	0	0	0	0	0	0	0	0	0	0	0	0	10	0	0	0	0	0	10	0	10	0	0	0	10	0	0	10	0	10
485	705	585	185	755	785	655	785	690	785	735	745	785	785	715	785	685	685	785	635	485	755	585	385	785	585	585	685	655	685	605	685	685	685	655	635	685	685	585	0	775	0	585	735	445	655	0	385	755	635	655	685	645	625	585	415	685	785	775	655	505	624	665	785	535	785	705	735	605	785	685	185	785	535	785
0	120	0	0	170	200	70	200	105	200	150	160	200	200	130	200	100	100	200	50	0	170	0	0	200	0	0	100	70	100	20	100	100	100	70	50	100	100	0	0	190	0	0	150	0	70	0	0	170	50	70	100	60	40	0	0	100	200	190	70	0	39	80	200	0	200	120	150	20	200	100	0	200	0	200
0	0	0	0	20	50	0	50	0	50	0	10	50	50	0	50	0	0	50	0	0	20	0	0	50	0	0	0	0	0	0	0	0	0	0	0	0	0	0	0	40	0	0	0	0	0	0	0	20	0	0	0	0	0	0	0	0	50	40	0	0	0	0	50	0	50	0	0	0	50	0	0	50	0	50
40	260	140	0	310	340	210	340	245	340	290	300	340	340	270	340	240	240	340	190	40	310	140	0	340	140	140	240	210	240	160	240	240	240	210	190	240	240	140	0	330	0	140	290	0	210	0	0	310	190	210	240	200	180	140	0	240	340	330	210	60	179	220	340	90	340	260	290	160	340	240	0	340	90	340
0	50	0	0	100	130	0	130	35	130	80	90	130	130	60	130	30	30	130	0	0	100	0	0	130	0	0	30	0	30	0	30	30	30	0	0	30	30	0	0	120	0	0	80	0	0	0	0	100	0	0	30	0	0	0	0	30	130	120	0	0	0	10	130	0	130	50	80	0	130	30	0	130	0	130
770	990	870	470	1040	1070	940	1070	975	1070	1020	1030	1070	1070	1000	1070	970	970	1070	920	770	1040	870	670	1070	870	870	970	940	970	890	970	970	970	940	920	970	970	870	0	1060	285	870	1020	730	940	0	670	1040	920	940	970	930	910	870	700	970	1070	1060	940	790	909	950	1070	820	1070	990	1020	890	1070	970	470	1070	820	1070
100	320	200	0	370	400	270	400	305	400	350	360	400	400	330	400	300	300	400	250	100	370	200	0	400	200	200	300	270	300	220	300	300	300	270	250	300	300	200	0	390	0	200	350	60	270	0	0	370	250	270	300	260	240	200	30	300	400	390	270	120	239	280	400	150	400	320	350	220	400	300	0	400	150	400
0	0	0	0	0	30	0	30	0	30	0	0	30	30	0	30	0	0	30	0	0	0	0	0	30	0	0	0	0	0	0	0	0	0	0	0	0	0	0	0	20	0	0	0	0	0	0	0	0	0	0	0	0	0	0	0	0	30	20	0	0	0	0	30	0	30	0	0	0	30	0	0	30	0	30
0	70	0	0	120	150	20	150	55	150	100	110	150	150	80	150	50	50	150	0	0	120	0	0	150	0	0	50	20	50	0	50	50	50	20	0	50	50	0	0	140	0	0	100	0	20	0	0	120	0	20	50	10	0	0	0	50	150	140	20	0	0	30	150	0	150	70	100	0	150	50	0	150	0	150
0	50	0	0	100	130	0	130	35	130	80	90	130	130	60	130	30	30	130	0	0	100	0	0	130	0	0	30	0	30	0	30	30	30	0	0	30	30	0	0	120	0	0	80	0	0	0	0	100	0	0	30	0	0	0	0	30	130	120	0	0	0	10	130	0	130	50	80	0	130	30	0	130	0	130
0	20	0	0	70	100	0	100	5	100	50	60	100	100	30	100	0	0	100	0	0	70	0	0	100	0	0	0	0	0	0	0	0	0	0	0	0	0	0	0	90	0	0	50	0	0	0	0	70	0	0	0	0	0	0	0	0	100	90	0	0	0	0	100	0	100	20	50	0	100	0	0	100	0	100
0	60	0	0	110	140	10	140	45	140	90	100	140	140	70	140	40	40	140	0	0	110	0	0	140	0	0	40	10	40	0	40	40	40	10	0	40	40	0	0	130	0	0	90	0	10	0	0	110	0	10	40	0	0	0	0	40	140	130	10	0	0	20	140	0	140	60	90	0	140	40	0	140	0	140
0	80	0	0	130	160	30	160	65	160	110	120	160	160	90	160	60	60	160	10	0	130	0	0	160	0	0	60	30	60	0	60	60	60	30	10	60	60	0	0	150	0	0	110	0	30	0	0	130	10	30	60	20	0	0	0	60	160	150	30	0	0	40	160	0	160	80	110	0	160	60	0	160	0	160
0	120	0	0	170	200	70	200	105	200	150	160	200	200	130	200	100	100	200	50	0	170	0	0	200	0	0	100	70	100	20	100	100	100	70	50	100	100	0	0	190	0	0	150	0	70	0	0	170	50	70	100	60	40	0	0	100	200	190	70	0	39	80	200	0	200	120	150	20	200	100	0	200	0	200
70	290	170	0	340	370	240	370	275	370	320	330	370	370	300	370	270	270	370	220	70	340	170	0	370	170	170	270	240	270	190	270	270	270	240	220	270	270	170	0	360	0	170	320	30	240	0	0	340	220	240	270	230	210	170	0	270	370	360	240	90	209	250	370	120	370	290	320	190	370	270	0	370	120	370
0	20	0	0	70	100	0	100	5	100	50	60	100	100	30	100	0	0	100	0	0	70	0	0	100	0	0	0	0	0	0	0	0	0	0	0	0	0	0	0	90	0	0	50	0	0	0	0	70	0	0	0	0	0	0	0	0	100	90	0	0	0	0	100	0	100	20	50	0	100	0	0	100	0	100
0	0	0	0	0	0	0	0	0	0	0	0	0	0	0	0	0	0	0	0	0	0	0	0	0	0	0	0	0	0	0	0	0	0	0	0	0	0	0	0	0	0	0	0	0	0	0	0	0	0	0	0	0	0	0	0	0	0	0	0	0	0	0	0	0	0	0	0	0	0	0	0	0	0	0
0	0	0	0	0	10	0	10	0	10	0	0	10	10	0	10	0	0	10	0	0	0	0	0	10	0	0	0	0	0	0	0	0	0	0	0	0	0	0	0	0	0	0	0	0	0	0	0	0	0	0	0	0	0	0	0	0	10	0	0	0	0	0	10	0	10	0	0	0	10	0	0	10	0	10
0	50	0	0	100	130	0	130	35	130	80	90	130	130	60	130	30	30	130	0	0	100	0	0	130	0	0	30	0	30	0	30	30	30	0	0	30	30	0	0	120	0	0	80	0	0	0	0	100	0	0	30	0	0	0	0	30	130	120	0	0	0	10	130	0	130	50	80	0	130	30	0	130	0	130
0	200	80	0	250	280	150	280	185	280	230	240	280	280	210	280	180	180	280	130	0	250	80	0	280	80	80	180	150	180	100	180	180	180	150	130	180	180	80	0	270	0	80	230	0	150	0	0	250	130	150	180	140	120	80	0	180	280	270	150	0	119	160	280	30	280	200	230	100	280	180	0	280	30	280
0	81	0	0	131	161	31	161	66	161	111	121	161	161	91	161	61	61	161	11	0	131	0	0	161	0	0	61	31	61	0	61	61	61	31	11	61	61	0	0	151	0	0	111	0	31	0	0	131	11	31	61	21	1	0	0	61	161	151	31	0	0	41	161	0	161	81	111	0	161	61	0	161	0	161
0	40	0	0	90	120	0	120	25	120	70	80	120	120	50	120	20	20	120	0	0	90	0	0	120	0	0	20	0	20	0	20	20	20	0	0	20	20	0	0	110	0	0	70	0	0	0	0	90	0	0	20	0	0	0	0	20	120	110	0	0	0	0	120	0	120	40	70	0	120	20	0	120	0	120
0	0	0	0	0	0	0	0	0	0	0	0	0	0	0	0	0	0	0	0	0	0	0	0	0	0	0	0	0	0	0	0	0	0	0	0	0	0	0	0	0	0	0	0	0	0	0	0	0	0	0	0	0	0	0	0	0	0	0	0	0	0	0	0	0	0	0	0	0	0	0	0	0	0	0
0	170	50	0	220	250	120	250	155	250	200	210	250	250	180	250	150	150	250	100	0	220	50	0	250	50	50	150	120	150	70	150	150	150	120	100	150	150	50	0	240	0	50	200	0	120	0	0	220	100	120	150	110	90	50	0	150	250	240	120	0	89	130	250	0	250	170	200	70	250	150	0	250	0	250
0	0	0	0	0	0	0	0	0	0	0	0	0	0	0	0	0	0	0	0	0	0	0	0	0	0	0	0	0	0	0	0	0	0	0	0	0	0	0	0	0	0	0	0	0	0	0	0	0	0	0	0	0	0	0	0	0	0	0	0	0	0	0	0	0	0	0	0	0	0	0	0	0	0	0
0	0	0	0	50	80	0	80	0	80	30	40	80	80	10	80	0	0	80	0	0	50	0	0	80	0	0	0	0	0	0	0	0	0	0	0	0	0	0	0	70	0	0	30	0	0	0	0	50	0	0	0	0	0	0	0	0	80	70	0	0	0	0	80	0	80	0	30	0	80	0	0	80	0	80
0	0	0	0	20	50	0	50	0	50	0	10	50	50	0	50	0	0	50	0	0	20	0	0	50	0	0	0	0	0	0	0	0	0	0	0	0	0	0	0	40	0	0	0	0	0	0	0	20	0	0	0	0	0	0	0	0	50	40	0	0	0	0	50	0	50	0	0	0	50	0	0	50	0	50
0	100	0	0	150	180	50	180	85	180	130	140	180	180	110	180	80	80	180	30	0	150	0	0	180	0	0	80	50	80	0	80	80	80	50	30	80	80	0	0	170	0	0	130	0	50	0	0	150	30	50	80	40	20	0	0	80	180	170	50	0	19	60	180	0	180	100	130	0	180	80	0	180	0	180
0	0	0	0	0	0	0	0	0	0	0	0	0	0	0	0	0	0	0	0	0	0	0	0	0	0	0	0	0	0	0	0	0	0	0	0	0	0	0	0	0	0	0	0	0	0	0	0	0	0	0	0	0	0	0	0	0	0	0	0	0	0	0	0	0	0	0	0	0	0	0	0	0	0	0
0	20	0	0	70	100	0	100	5	100	50	60	100	100	30	100	0	0	100	0	0	70	0	0	100	0	0	0	0	0	0	0	0	0	0	0	0	0	0	0	90	0	0	50	0	0	0	0	70	0	0	0	0	0	0	0	0	100	90	0	0	0	0	100	0	100	20	50	0	100	0	0	100	0	100
300	520	400	0	570	600	470	600	505	600	550	560	600	600	530	600	500	500	600	450	300	570	400	200	600	400	400	500	470	500	420	500	500	500	470	450	500	500	400	0	590	0	400	550	260	470	0	200	570	450	470	500	460	440	400	230	500	600	590	470	320	439	480	600	350	600	520	550	420	600	500	0	600	350	600
0	0	0	0	0	0	0	0	0	0	0	0	0	0	0	0	0	0	0	0	0	0	0	0	0	0	0	0	0	0	0	0	0	0	0	0	0	0	0	0	0	0	0	0	0	0	0	0	0	0	0	0	0	0	0	0	0	0	0	0	0	0	0	0	0	0	0	0	0	0	0	0	0	0	0
0	170	50	0	220	250	120	250	155	250	200	210	250	250	180	250	150	150	250	100	0	220	50	0	250	50	50	150	120	150	70	150	150	150	120	100	150	150	50	0	240	0	50	200	0	120	0	0	220	100	120	150	110	90	50	0	150	250	240	120	0	89	130	250	0	250	170	200	70	250	150	0	250	0	250
0	0	0	0	0	0	0	0	0	0	0	0	0	0	0	0	0	0	0	0	0	0	0	0	0	0	0	0	0	0	0	0	0	0	0	0	0	0	0	0	0	0	0	0	0	0	0	0	0	0	0	0	0	0	0	0	0	0	0	0	0	0	0	0	0	0	0	0	0	0	0	0	0	0	0