1602 1785 1778 1723 1765 1793 1560 1760 1747 1757 1789 1789 1650 1788 1798 1709 1660 1734 1786 1769 1796 1771 1751 1776 1729 1775 1782 1804 1642 1671 1797 1726 1748 1711 1796 1725 1807 1788 1737 1632 1667 1615 1748 1797 1695 1439 1737 1700 1690 1782 1748 1630 1645 1787 1692 1772 1651 1790 1786 1688 1663 1727 1605 1801 1791 1667 1671 1743 1739 1790 1757 1744 1793 1745 1801

85

51 39 39 43 40 38 53 40 41 41 39 39 48 39 38 44 47 42 39 40 38 40 41 39 42 39 39 38 48 46 38 43 41 44 38 43 37 39 42 49 46 50 41 38 45 61 42 44 45 39 41 49 48 39 45 40 47 38 39 45 47 43 50 38 38 46 46 42 42 39 41 41 38 41 38

14 42 31 13

32973

0	0	0	0	0	0	0	0	0	0	0	0	0	0	0	0	0	0	0	0	0	0	0	0	0	0	0	0	0	0	0	0	0	0	0	0	0	0	0	0	0	0	0	0	0	0	0	0	0	0	0	0	9	0	0	0	0	0	0	0	0	0	27	0	0	0	0	0	0	0	0	0	0	0	0
310	0	0	0	0	0	233	114	0	0	0	32	33	0	34	165	269	120	0	43	0	0	0	0	0	34	0	0	0	0	34	0	134	0	0	0	0	0	0	0	0	0	19	0	0	32	0	143	217	43	0	0	319	0	39	0	304	0	43	197	0	0	337	0	0	244	0	0	78	9	69	43	19	0	0
321	11	0	0	0	0	244	125	0	0	0	43	44	0	45	176	280	131	0	54	0	0	0	0	0	45	0	0	0	0	45	0	145	0	0	0	0	0	0	0	0	0	30	6	0	43	0	154	228	54	0	0	330	0	50	0	315	0	54	208	0	0	348	0	0	255	0	0	89	20	80	54	30	0	0
655	345	334	0	73	235	578	459	44	124	152	377	378	237	379	510	614	465	165	388	300	294	129	84	38	379	204	259	0	0	379	55	479	55	264	13	264	89	0	0	0	0	364	340	0	377	0	488	562	388	99	0	664	124	384	79	649	140	388	542	0	0	682	264	124	589	0	112	423	354	414	388	364	3	281
582	272	261	0	0	162	505	386	0	51	79	304	305	164	306	437	541	392	92	315	227	221	56	11	0	306	131	186	0	0	306	0	406	0	191	0	191	16	0	0	0	0	291	267	0	304	0	415	489	315	26	0	591	51	311	6	576	67	315	469	0	0	609	191	51	516	0	39	350	281	341	315	291	0	208
420	110	99	0	0	0	343	224	0	0	0	142	143	2	144	275	379	230	0	153	65	59	0	0	0	144	0	24	0	0	144	0	244	0	29	0	29	0	0	0	0	0	129	105	0	142	0	253	327	153	0	0	429	0	149	0	414	0	153	307	0	0	447	29	0	354	0	0	188	119	179	153	129	0	46
77	0	0	0	0	0	0	0	0	0	0	0	0	0	0	0	36	0	0	0	0	0	0	0	0	0	0	0	0	0	0	0	0	0	0	0	0	0	0	0	0	0	0	0	0	0	0	0	0	0	0	0	86	0	0	0	71	0	0	0	0	0	104	0	0	11	0	0	0	0	0	0	0	0	0
196	0	0	0	0	0	119	0	0	0	0	0	0	0	0	51	155	6	0	0	0	0	0	0	0	0	0	0	0	0	0	0	20	0	0	0	0	0	0	0	0	0	0	0	0	0	0	29	103	0	0	0	205	0	0	0	190	0	0	83	0	0	223	0	0	130	0	0	0	0	0	0	0	0	0
611	301	290	0	29	191	534	415	0	80	108	333	334	193	335	466	570	421	121	344	256	250	85	40	0	335	160	215	0	0	335	11	435	11	220	0	220	45	0	0	0	0	320	296	0	333	0	444	518	344	55	0	620	80	340	35	605	96	344	498	0	0	638	220	80	545	0	68	379	310	370	344	320	0	237
531	221	210	0	0	111	454	335	0	0	28	253	254	113	255	386	490	341	41	264	176	170	5	0	0	255	80	135	0	0	255	0	355	0	140	0	140	0	0	0	0	0	240	216	0	253	0	364	438	264	0	0	540	0	260	0	525	16	264	418	0	0	558	140	0	465	0	0	299	230	290	264	240	0	157
503	193	182	0	0	83	426	307	0	0	0	225	226	85	227	358	462	313	13	236	148	142	0	0	0	227	52	107	0	0	227	0	327	0	112	0	112	0	0	0	0	0	212	188	0	225	0	336	410	236	0	0	512	0	232	0	497	0	236	390	0	0	530	112	0	437	0	0	271	202	262	236	212	0	129
278	0	0	0	0	0	201	82	0	0	0	0	1	0	2	133	237	88	0	11	0	0	0	0	0	2	0	0	0	0	2	0	102	0	0	0	0	0	0	0	0	0	0	0	0	0	0	111	185	11	0	0	287	0	7	0	272	0	11	165	0	0	305	0	0	212	0	0	46	0	37	11	0	0	0
277	0	0	0	0	0	200	81	0	0	0	0	0	0	1	132	236	87	0	10	0	0	0	0	0	1	0	0	0	0	1	0	101	0	0	0	0	0	0	0	0	0	0	0	0	0	0	110	184	10	0	0	286	0	6	0	271	0	10	164	0	0	304	0	0	211	0	0	45	0	36	10	0	0	0
418	108	97	0	0	0	341	222	0	0	0	140	141	0	142	273	377	228	0	151	63	57	0	0	0	142	0	22	0	0	142	0	242	0	27	0	27	0	0	0	0	0	127	103	0	140	0	251	325	151	0	0	427	0	147	0	412	0	151	305	0	0	445	27	0	352	0	0	186	117	177	151	127	0	44
276	0	0	0	0	0	199	80	0	0	0	0	0	0	0	131	235	86	0	9	0	0	0	0	0	0	0	0	0	0	0	0	100	0	0	0	0	0	0	0	0	0	0	0	0	0	0	109	183	9	0	0	285	0	5	0	270	0	9	163	0	0	303	0	0	210	0	0	44	0	35	9	0	0	0
145	0	0	0	0	0	68	0	0	0	0	0	0	0	0	0	104	0	0	0	0	0	0	0	0	0	0	0	0	0	0	0	0	0	0	0	0	0	0	0	0	0	0	0	0	0	0	0	52	0	0	0	154	0	0	0	139	0	0	32	0	0	172	0	0	79	0	0	0	0	0	0	0	0	0
41	0	0	0	0	0	0	0	0	0	0	0	0	0	0	0	0	0	0	0	0	0	0	0	0	0	0	0	0	0	0	0	0	0	0	0	0	0	0	0	0	0	0	0	0	0	0	0	0	0	0	0	50	0	0	0	35	0	0	0	0	0	68	0	0	0	0	0	0	0	0	0	0	0	0
190	0	0	0	0	0	113	0	0	0	0	0	0	0	0	45	149	0	0	0	0	0	0	0	0	0	0	0	0	0	0	0	14	0	0	0	0	0	0	0	0	0	0	0	0	0	0	23	97	0	0	0	199	0	0	0	184	0	0	77	0	0	217	0	0	124	0	0	0	0	0	0	0	0	0
490	180	169	0	0	70	413	294	0	0	0	212	213	72	214	345	449	300	0	223	135	129	0	0	0	214	39	94	0	0	214	0	314	0	99	0	99	0	0	0	0	0	199	175	0	212	0	323	397	223	0	0	499	0	219	0	484	0	223	377	0	0	517	99	0	424	0	0	258	189	249	223	199	0	116
267	0	0	0	0	0	190	71	0	0	0	0	0	0	0	122	226	77	0	0	0	0	0	0	0	0	0	0	0	0	0	0	91	0	0	0	0	0	0	0	0	0	0	0	0	0	0	100	174	0	0	0	276	0	0	0	261	0	0	154	0	0	294	0	0	201	0	0	35	0	26	0	0	0	0
355	45	34	0	0	0	278	159	0	0	0	77	78	0	79	210	314	165	0	88	0	0	0	0	0	79	0	0	0	0	79	0	179	0	0	0	0	0	0	0	0	0	64	40	0	77	0	188	262	88	0	0	364	0	84	0	349	0	88	242	0	0	382	0	0	289	0	0	123	54	114	88	64	0	0
361	51	40	0	0	0	284	165	0	0	0	83	84	0	85	216	320	171	0	94	6	0	0	0	0	85	0	0	0	0	85	0	185	0	0	0	0	0	0	0	0	0	70	46	0	83	0	194	268	94	0	0	370	0	90	0	355	0	94	248	0	0	388	0	0	295	0	0	129	60	120	94	70	0	0
526	216	205	0	0	106	449	330	0	0	23	248	249	108	250	381	485	336	36	259	171	165	0	0	0	250	75	130	0	0	250	0	350	0	135	0	135	0	0	0	0	0	235	211	0	248	0	359	433	259	0	0	535	0	255	0	520	11	259	413	0	0	553	135	0	460	0	0	294	225	285	259	235	0	152
571	261	250	0	0	151	494	375	0	40	68	293	294	153	295	426	530	381	81	304	216	210	45	0	0	295	120	175	0	0	295	0	395	0	180	0	180	5	0	0	0	0	280	256	0	293	0	404	478	304	15	0	580	40	300	0	565	56	304	458	0	0	598	180	40	505	0	28	339	270	330	304	280	0	197
617	307	296	0	35	197	540	421	6	86	114	339	340	199	341	472	576	427	127	350	262	256	91	46	0	341	166	221	0	0	341	17	441	17	226	0	226	51	0	0	0	0	326	302	0	339	0	450	524	350	61	0	626	86	346	41	611	102	350	504	0	0	644	226	86	551	0	74	385	316	376	350	326	0	243
276	0	0	0	0	0	199	80	0	0	0	0	0	0	0	131	235	86	0	9	0	0	0	0	0	0	0	0	0	0	0	0	100	0	0	0	0	0	0	0	0	0	0	0	0	0	0	109	183	9	0	0	285	0	5	0	270	0	9	163	0	0	303	0	0	210	0	0	44	0	35	9	0	0	0
451	141	130	0	0	31	374	255	0	0	0	173	174	33	175	306	410	261	0	184	96	90	0	0	0	175	0	55	0	0	175	0	275	0	60	0	60	0	0	0	0	0	160	136	0	173	0	284	358	184	0	0	460	0	180	0	445	0	184	338	0	0	478	60	0	385	0	0	219	150	210	184	160	0	77
396	86	75	0	0	0	319	200	0	0	0	118	119	0	120	251	355	206	0	129	41	35	0	0	0	120	0	0	0	0	120	0	220	0	5	0	5	0	0	0	0	0	105	81	0	118	0	229	303	129	0	0	405	0	125	0	390	0	129	283	0	0	423	5	0	330	0	0	164	95	155	129	105	0	22
765	455	444	110	183	345	688	569	154	234	262	487	488	347	489	620	724	575	275	498	410	404	239	194	148	489	314	369	0	68	489	165	589	165	374	123	374	199	69	0	12	0	474	450	25	487	69	598	672	498	209	0	774	234	494	189	759	250	498	652	0	79	792	374	234	699	60	222	533	464	524	498	474	113	391
697	387	376	42	115	277	620	501	86	166	194	419	420	279	421	552	656	507	207	430	342	336	171	126	80	421	246	301	0	0	421	97	521	97	306	55	306	131	1	0	0	0	406	382	0	419	1	530	604	430	141	0	706	166	426	121	691	182	430	584	0	11	724	306	166	631	0	154	465	396	456	430	406	45	323
276	0	0	0	0	0	199	80	0	0	0	0	0	0	0	131	235	86	0	9	0	0	0	0	0	0	0	0	0	0	0	0	100	0	0	0	0	0	0	0	0	0	0	0	0	0	0	109	183	9	0	0	285	0	5	0	270	0	9	163	0	0	303	0	0	210	0	0	44	0	35	9	0	0	0
600	290	279	0	18	180	523	404	0	69	97	322	323	182	324	455	559	410	110	333	245	239	74	29	0	324	149	204	0	0	324	0	424	0	209	0	209	34	0	0	0	0	309	285	0	322	0	433	507	333	44	0	609	69	329	24	594	85	333	487	0	0	627	209	69	534	0	57	368	299	359	333	309	0	226
176	0	0	0	0	0	99	0	0	0	0	0	0	0	0	31	135	0	0	0	0	0	0	0	0	0	0	0	0	0	0	0	0	0	0	0	0	0	0	0	0	0	0	0	0	0	0	9	83	0	0	0	185	0	0	0	170	0	0	63	0	0	203	0	0	110	0	0	0	0	0	0	0	0	0
600	290	279	0	18	180	523	404	0	69	97	322	323	182	324	455	559	410	110	333	245	239	74	29	0	324	149	204	0	0	324	0	424	0	209	0	209	34	0	0	0	0	309	285	0	322	0	433	507	333	44	0	609	69	329	24	594	85	333	487	0	0	627	209	69	534	0	57	368	299	359	333	309	0	226
391	81	70	0	0	0	314	195	0	0	0	113	114	0	115	246	350	201	0	124	36	30	0	0	0	115	0	0	0	0	115	0	215	0	0	0	0	0	0	0	0	0	100	76	0	113	0	224	298	124	0	0	400	0	120	0	385	0	124	278	0	0	418	0	0	325	0	0	159	90	150	124	100	0	17
642	332	321	0	60	222	565	446	31	111	139	364	365	224	366	497	601	452	152	375	287	281	116	71	25	366	191	246	0	0	366	42	466	42	251	0	251	76	0	0	0	0	351	327	0	364	0	475	549	375	86	0	651	111	371	66	636	127	375	529	0	0	669	251	111	576	0	99	410	341	401	375	351	0	268
391	81	70	0	0	0	314	195	0	0	0	113	114	0	115	246	350	201	0	124	36	30	0	0	0	115	0	0	0	0	115	0	215	0	0	0	0	0	0	0	0	0	100	76	0	113	0	224	298	124	0	0	400	0	120	0	385	0	124	278	0	0	418	0	0	325	0	0	159	90	150	124	100	0	17
566	256	245	0	0	146	489	370	0	35	63	288	289	148	290	421	525	376	76	299	211	205	40	0	0	290	115	170	0	0	290	0	390	0	175	0	175	0	0	0	0	0	275	251	0	288	0	399	473	299	10	0	575	35	295	0	560	51	299	453	0	0	593	175	35	500	0	23	334	265	325	299	275	0	192
696	386	375	41	114	276	619	500	85	165	193	418	419	278	420	551	655	506	206	429	341	335	170	125	79	420	245	300	0	0	420	96	520	96	305	54	305	130	0	0	0	0	405	381	0	418	0	529	603	429	140	0	705	165	425	120	690	181	429	583	0	10	723	305	165	630	0	153	464	395	455	429	405	44	322
877	567	556	222	295	457	800	681	266	346	374	599	600	459	601	732	836	687	387	610	522	516	351	306	260	601	426	481	112	180	601	277	701	277	486	235	486	311	181	0	124	0	586	562	137	599	181	710	784	610	321	0	886	346	606	301	871	362	610	764	54	191	904	486	346	811	172	334	645	576	636	610	586	225	503
753	443	432	98	171	333	676	557	142	222	250	475	476	335	477	608	712	563	263	486	398	392	227	182	136	477	302	357	0	56	477	153	577	153	362	111	362	187	57	0	0	0	462	438	13	475	57	586	660	486	197	0	762	222	482	177	747	238	486	640	0	67	780	362	222	687	48	210	521	452	512	486	462	101	379
877	567	556	222	295	457	800	681	266	346	374	599	600	459	601	732	836	687	387	610	522	516	351	306	260	601	426	481	112	180	601	277	701	277	486	235	486	311	181	0	124	0	586	562	137	599	181	710	784	610	321	0	886	346	606	301	871	362	610	764	54	191	904	486	346	811	172	334	645	576	636	610	586	225	503
291	0	0	0	0	0	214	95	0	0	0	13	14	0	15	146	250	101	0	24	0	0	0	0	0	15	0	0	0	0	15	0	115	0	0	0	0	0	0	0	0	0	0	0	0	13	0	124	198	24	0	0	300	0	20	0	285	0	24	178	0	0	318	0	0	225	0	0	59	0	50	24	0	0	0
315	5	0	0	0	0	238	119	0	0	0	37	38	0	39	170	274	125	0	48	0	0	0	0	0	39	0	0	0	0	39	0	139	0	0	0	0	0	0	0	0	0	24	0	0	37	0	148	222	48	0	0	324	0	44	0	309	0	48	202	0	0	342	0	0	249	0	0	83	14	74	48	24	0	0
740	430	419	85	158	320	663	544	129	209	237	462	463	322	464	595	699	550	250	473	385	379	214	169	123	464	289	344	0	43	464	140	564	140	349	98	349	174	44	0	0	0	449	425	0	462	44	573	647	473	184	0	749	209	469	164	734	225	473	627	0	54	767	349	209	674	35	197	508	439	499	473	449	88	366
278	0	0	0	0	0	201	82	0	0	0	0	1	0	2	133	237	88	0	11	0	0	0	0	0	2	0	0	0	0	2	0	102	0	0	0	0	0	0	0	0	0	0	0	0	0	0	111	185	11	0	0	287	0	7	0	272	0	11	165	0	0	305	0	0	212	0	0	46	0	37	11	0	0	0
696	386	375	41	114	276	619	500	85	165	193	418	419	278	420	551	655	506	206	429	341	335	170	125	79	420	245	300	0	0	420	96	520	96	305	54	305	130	0	0	0	0	405	381	0	418	0	529	603	429	140	0	705	165	425	120	690	181	429	583	0	10	723	305	165	630	0	153	464	395	455	429	405	44	322
167	0	0	0	0	0	90	0	0	0	0	0	0	0	0	22	126	0	0	0	0	0	0	0	0	0	0	0	0	0	0	0	0	0	0	0	0	0	0	0	0	0	0	0	0	0	0	0	74	0	0	0	176	0	0	0	161	0	0	54	0	0	194	0	0	101	0	0	0	0	0	0	0	0	0
93	0	0	0	0	0	16	0	0	0	0	0	0	0	0	0	52	0	0	0	0	0	0	0	0	0	0	0	0	0	0	0	0	0	0	0	0	0	0	0	0	0	0	0	0	0	0	0	0	0	0	0	102	0	0	0	87	0	0	0	0	0	120	0	0	27	0	0	0	0	0	0	0	0	0
267	0	0	0	0	0	190	71	0	0	0	0	0	0	0	122	226	77	0	0	0	0	0	0	0	0	0	0	0	0	0	0	91	0	0	0	0	0	0	0	0	0	0	0	0	0	0	100	174	0	0	0	276	0	0	0	261	0	0	154	0	0	294	0	0	201	0	0	35	0	26	0	0	0	0
556	246	235	0	0	136	479	360	0	25	53	278	279	138	280	411	515	366	66	289	201	195	30	0	0	280	105	160	0	0	280	0	380	0	165	0	165	0	0	0	0	0	265	241	0	278	0	389	463	289	0	0	565	25	285	0	550	41	289	443	0	0	583	165	25	490	0	13	324	255	315	289	265	0	182
881	571	560	226	299	461	804	685	270	350	378	603	604	463	605	736	840	691	391	614	526	520	355	310	264	605	430	485	116	184	605	281	705	281	490	239	490	315	185	4	128	4	590	566	141	603	185	714	788	614	325	0	890	350	610	305	875	366	614	768	58	195	908	490	350	815	176	338	649	580	640	614	590	229	507
0	0	0	0	0	0	0	0	0	0	0	0	0	0	0	0	0	0	0	0	0	0	0	0	0	0	0	0	0	0	0	0	0	0	0	0	0	0	0	0	0	0	0	0	0	0	0	0	0	0	0	0	0	0	0	0	0	0	0	0	0	0	18	0	0	0	0	0	0	0	0	0	0	0	0
531	221	210	0	0	111	454	335	0	0	28	253	254	113	255	386	490	341	41	264	176	170	5	0	0	255	80	135	0	0	255	0	355	0	140	0	140	0	0	0	0	0	240	216	0	253	0	364	438	264	0	0	540	0	260	0	525	16	264	418	0	0	558	140	0	465	0	0	299	230	290	264	240	0	157
271	0	0	0	0	0	194	75	0	0	0	0	0	0	0	126	230	81	0	4	0	0	0	0	0	0	0	0	0	0	0	0	95	0	0	0	0	0	0	0	0	0	0	0	0	0	0	104	178	4	0	0	280	0	0	0	265	0	4	158	0	0	298	0	0	205	0	0	39	0	30	4	0	0	0
576	266	255	0	0	156	499	380	0	45	73	298	299	158	300	431	535	386	86	309	221	215	50	5	0	300	125	180	0	0	300	0	400	0	185	0	185	10	0	0	0	0	285	261	0	298	0	409	483	309	20	0	585	45	305	0	570	61	309	463	0	0	603	185	45	510	0	33	344	275	335	309	285	0	202
6	0	0	0	0	0	0	0	0	0	0	0	0	0	0	0	0	0	0	0	0	0	0	0	0	0	0	0	0	0	0	0	0	0	0	0	0	0	0	0	0	0	0	0	0	0	0	0	0	0	0	0	15	0	0	0	0	0	0	0	0	0	33	0	0	0	0	0	0	0	0	0	0	0	0
515	205	194	0	0	95	438	319	0	0	12	237	238	97	239	370	474	325	25	248	160	154	0	0	0	239	64	119	0	0	239	0	339	0	124	0	124	0	0	0	0	0	224	200	0	237	0	348	422	248	0	0	524	0	244	0	509	0	248	402	0	0	542	124	0	449	0	0	283	214	274	248	224	0	141
267	0	0	0	0	0	190	71	0	0	0	0	0	0	0	122	226	77	0	0	0	0	0	0	0	0	0	0	0	0	0	0	91	0	0	0	0	0	0	0	0	0	0	0	0	0	0	100	174	0	0	0	276	0	0	0	261	0	0	154	0	0	294	0	0	201	0	0	35	0	26	0	0	0	0
113	0	0	0	0	0	36	0	0	0	0	0	0	0	0	0	72	0	0	0	0	0	0	0	0	0	0	0	0	0	0	0	0	0	0	0	0	0	0	0	0	0	0	0	0	0	0	0	20	0	0	0	122	0	0	0	107	0	0	0	0	0	140	0	0	47	0	0	0	0	0	0	0	0	0
823	513	502	168	241	403	746	627	212	292	320	545	546	405	547	678	782	633	333	556	468	462	297	252	206	547	372	427	58	126	547	223	647	223	432	181	432	257	127	0	70	0	532	508	83	545	127	656	730	556	267	0	832	292	552	247	817	308	556	710	0	137	850	432	292	757	118	280	591	522	582	556	532	171	449
686	376	365	31	104	266	609	490	75	155	183	408	409	268	410	541	645	496	196	419	331	325	160	115	69	410	235	290	0	0	410	86	510	86	295	44	295	120	0	0	0	0	395	371	0	408	0	519	593	419	130	0	695	155	415	110	680	171	419	573	0	0	713	295	155	620	0	143	454	385	445	419	395	34	312
0	0	0	0	0	0	0	0	0	0	0	0	0	0	0	0	0	0	0	0	0	0	0	0	0	0	0	0	0	0	0	0	0	0	0	0	0	0	0	0	0	0	0	0	0	0	0	0	0	0	0	0	0	0	0	0	0	0	0	0	0	0	0	0	0	0	0	0	0	0	0	0	0	0	0
391	81	70	0	0	0	314	195	0	0	0	113	114	0	115	246	350	201	0	124	36	30	0	0	0	115	0	0	0	0	115	0	215	0	0	0	0	0	0	0	0	0	100	76	0	113	0	224	298	124	0	0	400	0	120	0	385	0	124	278	0	0	418	0	0	325	0	0	159	90	150	124	100	0	17
531	221	210	0	0	111	454	335	0	0	28	253	254	113	255	386	490	341	41	264	176	170	5	0	0	255	80	135	0	0	255	0	355	0	140	0	140	0	0	0	0	0	240	216	0	253	0	364	438	264	0	0	540	0	260	0	525	16	264	418	0	0	558	140	0	465	0	0	299	230	290	264	240	0	157
66	0	0	0	0	0	0	0	0	0	0	0	0	0	0	0	25	0	0	0	0	0	0	0	0	0	0	0	0	0	0	0	0	0	0	0	0	0	0	0	0	0	0	0	0	0	0	0	0	0	0	0	75	0	0	0	60	0	0	0	0	0	93	0	0	0	0	0	0	0	0	0	0	0	0
705	395	384	50	123	285	628	509	94	174	202	427	428	287	429	560	664	515	215	438	350	344	179	134	88	429	254	309	0	8	429	105	529	105	314	63	314	139	9	0	0	0	414	390	0	427	9	538	612	438	149	0	714	174	434	129	699	190	438	592	0	19	732	314	174	639	0	162	473	404	464	438	414	53	331
543	233	222	0	0	123	466	347	0	12	40	265	266	125	267	398	502	353	53	276	188	182	17	0	0	267	92	147	0	0	267	0	367	0	152	0	152	0	0	0	0	0	252	228	0	265	0	376	450	276	0	0	552	12	272	0	537	28	276	430	0	0	570	152	12	477	0	0	311	242	302	276	252	0	169
232	0	0	0	0	0	155	36	0	0	0	0	0	0	0	87	191	42	0	0	0	0	0	0	0	0	0	0	0	0	0	0	56	0	0	0	0	0	0	0	0	0	0	0	0	0	0	65	139	0	0	0	241	0	0	0	226	0	0	119	0	0	259	0	0	166	0	0	0	0	0	0	0	0	0
301	0	0	0	0	0	224	105	0	0	0	23	24	0	25	156	260	111	0	34	0	0	0	0	0	25	0	0	0	0	25	0	125	0	0	0	0	0	0	0	0	0	10	0	0	23	0	134	208	34	0	0	310	0	30	0	295	0	34	188	0	0	328	0	0	235	0	0	69	0	60	34	10	0	0
241	0	0	0	0	0	164	45	0	0	0	0	0	0	0	96	200	51	0	0	0	0	0	0	0	0	0	0	0	0	0	0	65	0	0	0	0	0	0	0	0	0	0	0	0	0	0	74	148	0	0	0	250	0	0	0	235	0	0	128	0	0	268	0	0	175	0	0	9	0	0	0	0	0	0
267	0	0	0	0	0	190	71	0	0	0	0	0	0	0	122	226	77	0	0	0	0	0	0	0	0	0	0	0	0	0	0	91	0	0	0	0	0	0	0	0	0	0	0	0	0	0	100	174	0	0	0	276	0	0	0	261	0	0	154	0	0	294	0	0	201	0	0	35	0	26	0	0	0	0
291	0	0	0	0	0	214	95	0	0	0	13	14	0	15	146	250	101	0	24	0	0	0	0	0	15	0	0	0	0	15	0	115	0	0	0	0	0	0	0	0	0	0	0	0	13	0	124	198	24	0	0	300	0	20	0	285	0	24	178	0	0	318	0	0	225	0	0	59	0	50	24	0	0	0
652	342	331	0	70	232	575	456	41	121	149	374	375	234	376	507	611	462	162	385	297	291	126	81	35	376	201	256	0	0	376	52	476	52	261	10	261	86	0	0	0	0	361	337	0	374	0	485	559	385	96	0	661	121	381	76	646	137	385	539	0	0	679	261	121	586	0	109	420	351	411	385	361	0	278
374	64	53	0	0	0	297	178	0	0	0	96	97	0	98	229	333	184	0	107	19	13	0	0	0	98	0	0	0	0	98	0	198	0	0	0	0	0	0	0	0	0	83	59	0	96	0	207	281	107	0	0	383	0	103	0	368	0	107	261	0	0	401	0	0	308	0	0	142	73	133	107	83	0	0

0	310	321	655	582	420	77	196	611	531	503	278	277	418	276	145	41	190	490	267	355	361	526	571	617	276	451	396	765	697	276	600	176	600	391	642	391	566	696	877	753	877	291	315	740	278	696	167	93	267	556	881	0	531	271	576	6	515	267	113	823	686	0	391	531	66	705	543	232	301	241	267	291	652	374
0	0	11	345	272	110	0	0	301	221	193	0	0	108	0	0	0	0	180	0	45	51	216	261	307	0	141	86	455	387	0	290	0	290	81	332	81	256	386	567	443	567	0	5	430	0	386	0	0	0	246	571	0	221	0	266	0	205	0	0	513	376	0	81	221	0	395	233	0	0	0	0	0	342	64
0	0	0	334	261	99	0	0	290	210	182	0	0	97	0	0	0	0	169	0	34	40	205	250	296	0	130	75	444	376	0	279	0	279	70	321	70	245	375	556	432	556	0	0	419	0	375	0	0	0	235	560	0	210	0	255	0	194	0	0	502	365	0	70	210	0	384	222	0	0	0	0	0	331	53
0	0	0	0	0	0	0	0	0	0	0	0	0	0	0	0	0	0	0	0	0	0	0	0	0	0	0	0	110	42	0	0	0	0	0	0	0	0	41	222	98	222	0	0	85	0	41	0	0	0	0	226	0	0	0	0	0	0	0	0	168	31	0	0	0	0	50	0	0	0	0	0	0	0	0
0	0	0	73	0	0	0	0	29	0	0	0	0	0	0	0	0	0	0	0	0	0	0	0	35	0	0	0	183	115	0	18	0	18	0	60	0	0	114	295	171	295	0	0	158	0	114	0	0	0	0	299	0	0	0	0	0	0	0	0	241	104	0	0	0	0	123	0	0	0	0	0	0	70	0
0	0	0	235	162	0	0	0	191	111	83	0	0	0	0	0	0	0	70	0	0	0	106	151	197	0	31	0	345	277	0	180	0	180	0	222	0	146	276	457	333	457	0	0	320	0	276	0	0	0	136	461	0	111	0	156	0	95	0	0	403	266	0	0	111	0	285	123	0	0	0	0	0	232	0
0	233	244	578	505	343	0	119	534	454	426	201	200	341	199	68	0	113	413	190	278	284	449	494	540	199	374	319	688	620	199	523	99	523	314	565	314	489	619	800	676	800	214	238	663	201	619	90	16	190	479	804	0	454	194	499	0	438	190	36	746	609	0	314	454	0	628	466	155	224	164	190	214	575	297
0	114	125	459	386	224	0	0	415	335	307	82	81	222	80	0	0	0	294	71	159	165	330	375	421	80	255	200	569	501	80	404	0	404	195	446	195	370	500	681	557	681	95	119	544	82	500	0	0	71	360	685	0	335	75	380	0	319	71	0	627	490	0	195	335	0	509	347	36	105	45	71	95	456	178
0	0	0	44	0	0	0	0	0	0	0	0	0	0	0	0	0	0	0	0	0	0	0	0	6	0	0	0	154	86	0	0	0	0	0	31	0	0	85	266	142	266	0	0	129	0	85	0	0	0	0	270	0	0	0	0	0	0	0	0	212	75	0	0	0	0	94	0	0	0	0	0	0	41	0
0	0	0	124	51	0	0	0	80	0	0	0	0	0	0	0	0	0	0	0	0	0	0	40	86	0	0	0	234	166	0	69	0	69	0	111	0	35	165	346	222	346	0	0	209	0	165	0	0	0	25	350	0	0	0	45	0	0	0	0	292	155	0	0	0	0	174	12	0	0	0	0	0	121	0
0	0	0	152	79	0	0	0	108	28	0	0	0	0	0	0	0	0	0	0	0	0	23	68	114	0	0	0	262	194	0	97	0	97	0	139	0	63	193	374	250	374	0	0	237	0	193	0	0	0	53	378	0	28	0	73	0	12	0	0	320	183	0	0	28	0	202	40	0	0	0	0	0	149	0
0	32	43	377	304	142	0	0	333	253	225	0	0	140	0	0	0	0	212	0	77	83	248	293	339	0	173	118	487	419	0	322	0	322	113	364	113	288	418	599	475	599	13	37	462	0	418	0	0	0	278	603	0	253	0	298	0	237	0	0	545	408	0	113	253	0	427	265	0	23	0	0	13	374	96
0	33	44	378	305	143	0	0	334	254	226	1	0	141	0	0	0	0	213	0	78	84	249	294	340	0	174	119	488	420	0	323	0	323	114	365	114	289	419	600	476	600	14	38	463	1	419	0	0	0	279	604	0	254	0	299	0	238	0	0	546	409	0	114	254	0	428	266	0	24	0	0	14	375	97
0	0	0	237	164	2	0	0	193	113	85	0	0	0	0	0	0	0	72	0	0	0	108	153	199	0	33	0	347	279	0	182	0	182	0	224	0	148	278	459	335	459	0	0	322	0	278	0	0	0	138	463	0	113	0	158	0	97	0	0	405	268	0	0	113	0	287	125	0	0	0	0	0	234	0
0	34	45	379	306	144	0	0	335	255	227	2	1	142	0	0	0	0	214	0	79	85	250	295	341	0	175	120	489	421	0	324	0	324	115	366	115	290	420	601	477	601	15	39	464	2	420	0	0	0	280	605	0	255	0	300	0	239	0	0	547	410	0	115	255	0	429	267	0	25	0	0	15	376	98
0	165	176	510	437	275	0	51	466	386	358	133	132	273	131	0	0	45	345	122	210	216	381	426	472	131	306	251	620	552	131	455	31	455	246	497	246	421	551	732	608	732	146	170	595	133	551	22	0	122	411	736	0	386	126	431	0	370	122	0	678	541	0	246	386	0	560	398	87	156	96	122	146	507	229
0	269	280	614	541	379	36	155	570	490	462	237	236	377	235	104	0	149	449	226	314	320	485	530	576	235	410	355	724	656	235	559	135	559	350	601	350	525	655	836	712	836	250	274	699	237	655	126	52	226	515	840	0	490	230	535	0	474	226	72	782	645	0	350	490	25	664	502	191	260	200	226	250	611	333
0	120	131	465	392	230	0	6	421	341	313	88	87	228	86	0	0	0	300	77	165	171	336	381	427	86	261	206	575	507	86	410	0	410	201	452	201	376	506	687	563	687	101	125	550	88	506	0	0	77	366	691	0	341	81	386	0	325	77	0	633	496	0	201	341	0	515	353	42	111	51	77	101	462	184
0	0	0	165	92	0	0	0	121	41	13	0	0	0	0	0	0	0	0	0	0	0	36	81	127	0	0	0	275	207	0	110	0	110	0	152	0	76	206	387	263	387	0	0	250	0	206	0	0	0	66	391	0	41	0	86	0	25	0	0	333	196	0	0	41	0	215	53	0	0	0	0	0	162	0
0	43	54	388	315	153	0	0	344	264	236	11	10	151	9	0	0	0	223	0	88	94	259	304	350	9	184	129	498	430	9	333	0	333	124	375	124	299	429	610	486	610	24	48	473	11	429	0	0	0	289	614	0	264	4	309	0	248	0	0	556	419	0	124	264	0	438	276	0	34	0	0	24	385	107
0	0	0	300	227	65	0	0	256	176	148	0	0	63	0	0	0	0	135	0	0	6	171	216	262	0	96	41	410	342	0	245	0	245	36	287	36	211	341	522	398	522	0	0	385	0	341	0	0	0	201	526	0	176	0	221	0	160	0	0	468	331	0	36	176	0	350	188	0	0	0	0	0	297	19
0	0	0	294	221	59	0	0	250	170	142	0	0	57	0	0	0	0	129	0	0	0	165	210	256	0	90	35	404	336	0	239	0	239	30	281	30	205	335	516	392	516	0	0	379	0	335	0	0	0	195	520	0	170	0	215	0	154	0	0	462	325	0	30	170	0	344	182	0	0	0	0	0	291	13
0	0	0	129	56	0	0	0	85	5	0	0	0	0	0	0	0	0	0	0	0	0	0	45	91	0	0	0	239	171	0	74	0	74	0	116	0	40	170	351	227	351	0	0	214	0	170	0	0	0	30	355	0	5	0	50	0	0	0	0	297	160	0	0	5	0	179	17	0	0	0	0	0	126	0
0	0	0	84	11	0	0	0	40	0	0	0	0	0	0	0	0	0	0	0	0	0	0	0	46	0	0	0	194	126	0	29	0	29	0	71	0	0	125	306	182	306	0	0	169	0	125	0	0	0	0	310	0	0	0	5	0	0	0	0	252	115	0	0	0	0	134	0	0	0	0	0	0	81	0
0	0	0	38	0	0	0	0	0	0	0	0	0	0	0	0	0	0	0	0	0	0	0	0	0	0	0	0	148	80	0	0	0	0	0	25	0	0	79	260	136	260	0	0	123	0	79	0	0	0	0	264	0	0	0	0	0	0	0	0	206	69	0	0	0	0	88	0	0	0	0	0	0	35	0
0	34	45	379	306	144	0	0	335	255	227	2	1	142	0	0	0	0	214	0	79	85	250	295	341	0	175	120	489	421	0	324	0	324	115	366	115	290	420	601	477	601	15	39	464	2	420	0	0	0	280	605	0	255	0	300	0	239	0	0	547	410	0	115	255	0	429	267	0	25	0	0	15	376	98
0	0	0	204	131	0	0	0	160	80	52	0	0	0	0	0	0	0	39	0	0	0	75	120	166	0	0	0	314	246	0	149	0	149	0	191	0	115	245	426	302	426	0	0	289	0	245	0	0	0	105	430	0	80	0	125	0	64	0	0	372	235	0	0	80	0	254	92	0	0	0	0	0	201	0
0	0	0	259	186	24	0	0	215	135	107	0	0	22	0	0	0	0	94	0	0	0	130	175	221	0	55	0	369	301	0	204	0	204	0	246	0	170	300	481	357	481	0	0	344	0	300	0	0	0	160	485	0	135	0	180	0	119	0	0	427	290	0	0	135	0	309	147	0	0	0	0	0	256	0
0	0	0	0	0	0	0	0	0	0	0	0	0	0	0	0	0	0	0	0	0	0	0	0	0	0	0	0	0	0	0	0	0	0	0	0	0	0	0	112	0	112	0	0	0	0	0	0	0	0	0	116	0	0	0	0	0	0	0	0	58	0	0	0	0	0	0	0	0	0	0	0	0	0	0
0	0	0	0	0	0	0	0	0	0	0	0	0	0	0	0	0	0	0	0	0	0	0	0	0	0	0	0	68	0	0	0	0	0	0	0	0	0	0	180	56	180	0	0	43	0	0	0	0	0	0	184	0	0	0	0	0	0	0	0	126	0	0	0	0	0	8	0	0	0	0	0	0	0	0
0	34	45	379	306	144	0	0	335	255	227	2	1	142	0	0	0	0	214	0	79	85	250	295	341	0	175	120	489	421	0	324	0	324	115	366	115	290	420	601	477	601	15	39	464	2	420	0	0	0	280	605	0	255	0	300	0	239	0	0	547	410	0	115	255	0	429	267	0	25	0	0	15	376	98
0	0	0	55	0	0	0	0	11	0	0	0	0	0	0	0	0	0	0	0	0	0	0	0	17	0	0	0	165	97	0	0	0	0	0	42	0	0	96	277	153	277	0	0	140	0	96	0	0	0	0	281	0	0	0	0	0	0	0	0	223	86	0	0	0	0	105	0	0	0	0	0	0	52	0
0	134	145	479	406	244	0	20	435	355	327	102	101	242	100	0	0	14	314	91	179	185	350	395	441	100	275	220	589	521	100	424	0	424	215	466	215	390	520	701	577	701	115	139	564	102	520	0	0	91	380	705	0	355	95	400	0	339	91	0	647	510	0	215	355	0	529	367	56	125	65	91	115	476	198
0	0	0	55	0	0	0	0	11	0	0	0	0	0	0	0	0	0	0	0	0	0	0	0	17	0	0	0	165	97	0	0	0	0	0	42	0	0	96	277	153	277	0	0	140	0	96	0	0	0	0	281	0	0	0	0	0	0	0	0	223	86	0	0	0	0	105	0	0	0	0	0	0	52	0
0	0	0	264	191	29	0	0	220	140	112	0	0	27	0	0	0	0	99	0	0	0	135	180	226	0	60	5	374	306	0	209	0	209	0	251	0	175	305	486	362	486	0	0	349	0	305	0	0	0	165	490	0	140	0	185	0	124	0	0	432	295	0	0	140	0	314	152	0	0	0	0	0	261	0
0	0	0	13	0	0	0	0	0	0	0	0	0	0	0	0	0	0	0	0	0	0	0	0	0	0	0	0	123	55	0	0	0	0	0	0	0	0	54	235	111	235	0	0	98	0	54	0	0	0	0	239	0	0	0	0	0	0	0	0	181	44	0	0	0	0	63	0	0	0	0	0	0	10	0
0	0	0	264	191	29	0	0	220	140	112	0	0	27	0	0	0	0	99	0	0	0	135	180	226	0	60	5	374	306	0	209	0	209	0	251	0	175	305	486	362	486	0	0	349	0	305	0	0	0	165	490	0	140	0	185	0	124	0	0	432	295	0	0	140	0	314	152	0	0	0	0	0	261	0
0	0	0	89	16	0	0	0	45	0	0	0	0	0	0	0	0	0	0	0	0	0	0	5	51	0	0	0	199	131	0	34	0	34	0	76	0	0	130	311	187	311	0	0	174	0	130	0	0	0	0	315	0	0	0	10	0	0	0	0	257	120	0	0	0	0	139	0	0	0	0	0	0	86	0
0	0	0	0	0	0	0	0	0	0	0	0	0	0	0	0	0	0	0	0	0	0	0	0	0	0	0	0	69	1	0	0	0	0	0	0	0	0	0	181	57	181	0	0	44	0	0	0	0	0	0	185	0	0	0	0	0	0	0	0	127	0	0	0	0	0	9	0	0	0	0	0	0	0	0
0	0	0	0	0	0	0	0	0	0	0	0	0	0	0	0	0	0	0	0	0	0	0	0	0	0	0	0	0	0	0	0	0	0	0	0	0	0	0	0	0	0	0	0	0	0	0	0	0	0	0	4	0	0	0	0	0	0	0	0	0	0	0	0	0	0	0	0	0	0	0	0	0	0	0
0	0	0	0	0	0	0	0	0	0	0	0	0	0	0	0	0	0	0	0	0	0	0	0	0	0	0	0	12	0	0	0	0	0	0	0	0	0	0	124	0	124	0	0	0	0	0	0	0	0	0	128	0	0	0	0	0	0	0	0	70	0	0	0	0	0	0	0	0	0	0	0	0	0	0
0	0	0	0	0	0	0	0	0	0	0	0	0	0	0	0	0	0	0	0	0	0	0	0	0	0	0	0	0	0	0	0	0	0	0	0	0	0	0	0	0	0	0	0	0	0	0	0	0	0	0	4	0	0	0	0	0	0	0	0	0	0	0	0	0	0	0	0	0	0	0	0	0	0	0
0	19	30	364	291	129	0	0	320	240	212	0	0	127	0	0	0	0	199	0	64	70	235	280	326	0	160	105	474	406	0	309	0	309	100	351	100	275	405	586	462	586	0	24	449	0	405	0	0	0	265	590	0	240	0	285	0	224	0	0	532	395	0	100	240	0	414	252	0	10	0	0	0	361	83
0	0	6	340	267	105	0	0	296	216	188	0	0	103	0	0	0	0	175	0	40	46	211	256	302	0	136	81	450	382	0	285	0	285	76	327	76	251	381	562	438	562	0	0	425	0	381	0	0	0	241	566	0	216	0	261	0	200	0	0	508	371	0	76	216	0	390	228	0	0	0	0	0	337	59
0	0	0	0	0	0	0	0	0	0	0	0	0	0	0	0	0	0	0	0	0	0	0	0	0	0	0	0	25	0	0	0	0	0	0	0	0	0	0	137	13	137	0	0	0	0	0	0	0	0	0	141	0	0	0	0	0	0	0	0	83	0	0	0	0	0	0	0	0	0	0	0	0	0	0
0	32	43	377	304	142	0	0	333	253	225	0	0	140	0	0	0	0	212	0	77	83	248	293	339	0	173	118	487	419	0	322	0	322	113	364	113	288	418	599	475	599	13	37	462	0	418	0	0	0	278	603	0	253	0	298	0	237	0	0	545	408	0	113	253	0	427	265	0	23	0	0	13	374	96
0	0	0	0	0	0	0	0	0	0	0	0	0	0	0	0	0	0	0	0	0	0	0	0	0	0	0	0	69	1	0	0	0	0	0	0	0	0	0	181	57	181	0	0	44	0	0	0	0	0	0	185	0	0	0	0	0	0	0	0	127	0	0	0	0	0	9	0	0	0	0	0	0	0	0
0	143	154	488	415	253	0	29	444	364	336	111	110	251	109	0	0	23	323	100	188	194	359	404	450	109	284	229	598	530	109	433	9	433	224	475	224	399	529	710	586	710	124	148	573	111	529	0	0	100	389	714	0	364	104	409	0	348	100	0	656	519	0	224	364	0	538	376	65	134	74	100	124	485	207
0	217	228	562	489	327	0	103	518	438	410	185	184	325	183	52	0	97	397	174	262	268	433	478	524	183	358	303	672	604	183	507	83	507	298	549	298	473	603	784	660	784	198	222	647	185	603	74	0	174	463	788	0	438	178	483	0	422	174	20	730	593	0	298	438	0	612	450	139	208	148	174	198	559	281
0	43	54	388	315	153	0	0	344	264	236	11	10	151	9	0	0	0	223	0	88	94	259	304	350	9	184	129	498	430	9	333	0	333	124	375	124	299	429	610	486	610	24	48	473	11	429	0	0	0	289	614	0	264	4	309	0	248	0	0	556	419	0	124	264	0	438	276	0	34	0	0	24	385	107
0	0	0	99	26	0	0	0	55	0	0	0	0	0	0	0	0	0	0	0	0	0	0	15	61	0	0	0	209	141	0	44	0	44	0	86	0	10	140	321	197	321	0	0	184	0	140	0	0	0	0	325	0	0	0	20	0	0	0	0	267	130	0	0	0	0	149	0	0	0	0	0	0	96	0
0	0	0	0	0	0	0	0	0	0	0	0	0	0	0	0	0	0	0	0	0	0	0	0	0	0	0	0	0	0	0	0	0	0	0	0	0	0	0	0	0	0	0	0	0	0	0	0	0	0	0	0	0	0	0	0	0	0	0	0	0	0	0	0	0	0	0	0	0	0	0	0	0	0	0
9	319	330	664	591	429	86	205	620	540	512	287	286	427	285	154	50	199	499	276	364	370	535	580	626	285	460	405	774	706	285	609	185	609	400	651	400	575	705	886	762	886	300	324	749	287	705	176	102	276	565	890	0	540	280	585	15	524	276	122	832	695	0	400	540	75	714	552	241	310	250	276	300	661	383
0	0	0	124	51	0	0	0	80	0	0	0	0	0	0	0	0	0	0	0	0	0	0	40	86	0	0	0	234	166	0	69	0	69	0	111	0	35	165	346	222	346	0	0	209	0	165	0	0	0	25	350	0	0	0	45	0	0	0	0	292	155	0	0	0	0	174	12	0	0	0	0	0	121	0
0	39	50	384	311	149	0	0	340	260	232	7	6	147	5	0	0	0	219	0	84	90	255	300	346	5	180	125	494	426	5	329	0	329	120	371	120	295	425	606	482	606	20	44	469	7	425	0	0	0	285	610	0	260	0	305	0	244	0	0	552	415	0	120	260	0	434	272	0	30	0	0	20	381	103
0	0	0	79	6	0	0	0	35	0	0	0	0	0	0	0	0	0	0	0	0	0	0	0	41	0	0	0	189	121	0	24	0	24	0	66	0	0	120	301	177	301	0	0	164	0	120	0	0	0	0	305	0	0	0	0	0	0	0	0	247	110	0	0	0	0	129	0	0	0	0	0	0	76	0
0	304	315	649	576	414	71	190	605	525	497	272	271	412	270	139	35	184	484	261	349	355	520	565	611	270	445	390	759	691	270	594	170	594	385	636	385	560	690	871	747	871	285	309	734	272	690	161	87	261	550	875	0	525	265	570	0	509	261	107	817	680	0	385	525	60	699	537	226	295	235	261	285	646	368
0	0	0	140	67	0	0	0	96	16	0	0	0	0	0	0	0	0	0	0	0	0	11	56	102	0	0	0	250	182	0	85	0	85	0	127	0	51	181	362	238	362	0	0	225	0	181	0	0	0	41	366	0	16	0	61	0	0	0	0	308	171	0	0	16	0	190	28	0	0	0	0	0	137	0
0	43	54	388	315	153	0	0	344	264	236	11	10	151	9	0	0	0	223	0	88	94	259	304	350	9	184	129	498	430	9	333	0	333	124	375	124	299	429	610	486	610	24	48	473	11	429	0	0	0	289	614	0	264	4	309	0	248	0	0	556	419	0	124	264	0	438	276	0	34	0	0	24	385	107
0	197	208	542	469	307	0	83	498	418	390	165	164	305	163	32	0	77	377	154	242	248	413	458	504	163	338	283	652	584	163	487	63	487	278	529	278	453	583	764	640	764	178	202	627	165	583	54	0	154	443	768	0	418	158	463	0	402	154	0	710	573	0	278	418	0	592	430	119	188	128	154	178	539	261
0	0	0	0	0	0	0	0	0	0	0	0	0	0	0	0	0	0	0	0	0	0	0	0	0	0	0	0	0	0	0	0	0	0	0	0	0	0	0	54	0	54	0	0	0	0	0	0	0	0	0	58	0	0	0	0	0	0	0	0	0	0	0	0	0	0	0	0	0	0	0	0	0	0	0
0	0	0	0	0	0	0	0	0	0	0	0	0	0	0	0	0	0	0	0	0	0	0	0	0	0	0	0	79	11	0	0	0	0	0	0	0	0	10	191	67	191	0	0	54	0	10	0	0	0	0	195	0	0	0	0	0	0	0	0	137	0	0	0	0	0	19	0	0	0	0	0	0	0	0
27	337	348	682	609	447	104	223	638	558	530	305	304	445	303	172	68	217	517	294	382	388	553	598	644	303	478	423	792	724	303	627	203	627	418	669	418	593	723	904	780	904	318	342	767	305	723	194	120	294	583	908	18	558	298	603	33	542	294	140	850	713	0	418	558	93	732	570	259	328	268	294	318	679	401
0	0	0	264	191	29	0	0	220	140	112	0	0	27	0	0	0	0	99	0	0	0	135	180	226	0	60	5	374	306	0	209	0	209	0	251	0	175	305	486	362	486	0	0	349	0	305	0	0	0	165	490	0	140	0	185	0	124	0	0	432	295	0	0	140	0	314	152	0	0	0	0	0	261	0
0	0	0	124	51	0	0	0	80	0	0	0	0	0	0	0	0	0	0	0	0	0	0	40	86	0	0	0	234	166	0	69	0	69	0	111	0	35	165	346	222	346	0	0	209	0	165	0	0	0	25	350	0	0	0	45	0	0	0	0	292	155	0	0	0	0	174	12	0	0	0	0	0	121	0
0	244	255	589	516	354	11	130	545	465	437	212	211	352	210	79	0	124	424	201	289	295	460	505	551	210	385	330	699	631	210	534	110	534	325	576	325	500	630	811	687	811	225	249	674	212	630	101	27	201	490	815	0	465	205	510	0	449	201	47	757	620	0	325	465	0	639	477	166	235	175	201	225	586	308
0	0	0	0	0	0	0	0	0	0	0	0	0	0	0	0	0	0	0	0	0	0	0	0	0	0	0	0	60	0	0	0	0	0	0	0	0	0	0	172	48	172	0	0	35	0	0	0	0	0	0	176	0	0	0	0	0	0	0	0	118	0	0	0	0	0	0	0	0	0	0	0	0	0	0
0	0	0	112	39	0	0	0	68	0	0	0	0	0	0	0	0	0	0	0	0	0	0	28	74	0	0	0	222	154	0	57	0	57	0	99	0	23	153	334	210	334	0	0	197	0	153	0	0	0	13	338	0	0	0	33	0	0	0	0	280	143	0	0	0	0	162	0	0	0	0	0	0	109	0
0	78	89	423	350	188	0	0	379	299	271	46	45	186	44	0	0	0	258	35	123	129	294	339	385	44	219	164	533	465	44	368	0	368	159	410	159	334	464	645	521	645	59	83	508	46	464	0	0	35	324	649	0	299	39	344	0	283	35	0	591	454	0	159	299	0	473	311	0	69	9	35	59	420	142
0	9	20	354	281	119	0	0	310	230	202	0	0	117	0	0	0	0	189	0	54	60	225	270	316	0	150	95	464	396	0	299	0	299	90	341	90	265	395	576	452	576	0	14	439	0	395	0	0	0	255	580	0	230	0	275	0	214	0	0	522	385	0	90	230	0	404	242	0	0	0	0	0	351	73
0	69	80	414	341	179	0	0	370	290	262	37	36	177	35	0	0	0	249	26	114	120	285	330	376	35	210	155	524	456	35	359	0	359	150	401	150	325	455	636	512	636	50	74	499	37	455	0	0	26	315	640	0	290	30	335	0	274	26	0	582	445	0	150	290	0	464	302	0	60	0	26	50	411	133
0	43	54	388	315	153	0	0	344	264	236	11	10	151	9	0	0	0	223	0	88	94	259	304	350	9	184	129	498	430	9	333	0	333	124	375	124	299	429	610	486	610	24	48	473	11	429	0	0	0	289	614	0	264	4	309	0	248	0	0	556	419	0	124	264	0	438	276	0	34	0	0	24	385	107
0	19	30	364	291	129	0	0	320	240	212	0	0	127	0	0	0	0	199	0	64	70	235	280	326	0	160	105	474	406	0	309	0	309	100	351	100	275	405	586	462	586	0	24	449	0	405	0	0	0	265	590	0	240	0	285	0	224	0	0	532	395	0	100	240	0	414	252	0	10	0	0	0	361	83
0	0	0	3	0	0	0	0	0	0	0	0	0	0	0	0	0	0	0	0	0	0	0	0	0	0	0	0	113	45	0	0	0	0	0	0	0	0	44	225	101	225	0	0	88	0	44	0	0	0	0	229	0	0	0	0	0	0	0	0	171	34	0	0	0	0	53	0	0	0	0	0	0	0	0
0	0	0	281	208	46	0	0	237	157	129	0	0	44	0	0	0	0	116	0	0	0	152	197	243	0	77	22	391	323	0	226	0	226	17	268	17	192	322	503	379	503	0	0	366	0	322	0	0	0	182	507	0	157	0	202	0	141	0	0	449	312	0	17	157	0	331	169	0	0	0	0	0	278	0

0	0	0	0	0	0	150	0	0	0	0	0	167	0	0	0	0	0	0	0	0	0	10	0	0	0	0	0	0	70	0	40	0	70	0	0	0	0	0	0	0	0	0	0	0	570	0	0	0	0	0	0	0	0	130	0	0	0	0	0	0	0	0	0	0	0	70	0	0	0	0	0	0	0	0
80	0	0	0	50	0	230	0	0	50	0	0	247	0	0	0	0	0	0	40	0	0	90	0	0	50	0	0	0	150	0	120	0	150	0	0	0	0	0	0	0	30	0	0	50	650	0	0	0	0	0	0	0	0	210	50	0	0	0	0	0	50	0	0	0	0	150	0	30	0	0	0	0	50	0
210	130	0	80	180	80	360	110	80	180	80	40	377	130	80	0	0	0	60	170	110	0	220	110	10	180	30	60	0	280	110	250	80	280	130	10	80	80	70	110	10	160	0	60	180	780	100	0	30	130	0	60	60	100	340	180	80	110	70	0	130	180	10	60	80	130	280	0	160	60	50	0	110	180	80
130	50	0	0	100	0	280	30	0	100	0	0	297	50	0	0	0	0	0	90	30	0	140	30	0	100	0	0	0	200	30	170	0	200	50	0	0	0	0	30	0	80	0	0	100	700	20	0	0	50	0	0	0	20	260	100	0	30	0	0	50	100	0	0	0	50	200	0	80	0	0	0	30	100	0
30	0	0	0	0	0	180	0	0	0	0	0	197	0	0	0	0	0	0	0	0	0	40	0	0	0	0	0	0	100	0	70	0	100	0	0	0	0	0	0	0	0	0	0	0	600	0	0	0	0	0	0	0	0	160	0	0	0	0	0	0	0	0	0	0	0	100	0	0	0	0	0	0	0	0
130	50	0	0	100	0	280	30	0	100	0	0	297	50	0	0	0	0	0	90	30	0	140	30	0	100	0	0	0	200	30	170	0	200	50	0	0	0	0	30	0	80	0	0	100	700	20	0	0	50	0	0	0	20	260	100	0	30	0	0	50	100	0	0	0	50	200	0	80	0	0	0	30	100	0
0	0	0	0	0	0	0	0	0	0	0	0	17	0	0	0	0	0	0	0	0	0	0	0	0	0	0	0	0	0	0	0	0	0	0	0	0	0	0	0	0	0	0	0	0	420	0	0	0	0	0	0	0	0	0	0	0	0	0	0	0	0	0	0	0	0	0	0	0	0	0	0	0	0	0
100	20	0	0	70	0	250	0	0	70	0	0	267	20	0	0	0	0	0	60	0	0	110	0	0	70	0	0	0	170	0	140	0	170	20	0	0	0	0	0	0	50	0	0	70	670	0	0	0	20	0	0	0	0	230	70	0	0	0	0	20	70	0	0	0	20	170	0	50	0	0	0	0	70	0
130	50	0	0	100	0	280	30	0	100	0	0	297	50	0	0	0	0	0	90	30	0	140	30	0	100	0	0	0	200	30	170	0	200	50	0	0	0	0	30	0	80	0	0	100	700	20	0	0	50	0	0	0	20	260	100	0	30	0	0	50	100	0	0	0	50	200	0	80	0	0	0	30	100	0
30	0	0	0	0	0	180	0	0	0	0	0	197	0	0	0	0	0	0	0	0	0	40	0	0	0	0	0	0	100	0	70	0	100	0	0	0	0	0	0	0	0	0	0	0	600	0	0	0	0	0	0	0	0	160	0	0	0	0	0	0	0	0	0	0	0	100	0	0	0	0	0	0	0	0
130	50	0	0	100	0	280	30	0	100	0	0	297	50	0	0	0	0	0	90	30	0	140	30	0	100	0	0	0	200	30	170	0	200	50	0	0	0	0	30	0	80	0	0	100	700	20	0	0	50	0	0	0	20	260	100	0	30	0	0	50	100	0	0	0	50	200	0	80	0	0	0	30	100	0
170	90	0	40	140	40	320	70	40	140	40	0	337	90	40	0	0	0	20	130	70	0	180	70	0	140	0	20	0	240	70	210	40	240	90	0	40	40	30	70	0	120	0	20	140	740	60	0	0	90	0	20	20	60	300	140	40	70	30	0	90	140	0	20	40	90	240	0	120	20	10	0	70	140	40
0	0	0	0	0	0	0	0	0	0	0	0	0	0	0	0	0	0	0	0	0	0	0	0	0	0	0	0	0	0	0	0	0	0	0	0	0	0	0	0	0	0	0	0	0	403	0	0	0	0	0	0	0	0	0	0	0	0	0	0	0	0	0	0	0	0	0	0	0	0	0	0	0	0	0
80	0	0	0	50	0	230	0	0	50	0	0	247	0	0	0	0	0	0	40	0	0	90	0	0	50	0	0	0	150	0	120	0	150	0	0	0	0	0	0	0	30	0	0	50	650	0	0	0	0	0	0	0	0	210	50	0	0	0	0	0	50	0	0	0	0	150	0	30	0	0	0	0	50	0
130	50	0	0	100	0	280	30	0	100	0	0	297	50	0	0	0	0	0	90	30	0	140	30	0	100	0	0	0	200	30	170	0	200	50	0	0	0	0	30	0	80	0	0	100	700	20	0	0	50	0	0	0	20	260	100	0	30	0	0	50	100	0	0	0	50	200	0	80	0	0	0	30	100	0
230	150	20	100	200	100	380	130	100	200	100	60	397	150	100	0	0	0	80	190	130	0	240	130	30	200	50	80	0	300	130	270	100	300	150	30	100	100	90	130	30	180	0	80	200	800	120	0	50	150	20	80	80	120	360	200	100	130	90	20	150	200	30	80	100	150	300	20	180	80	70	10	130	200	100
230	150	20	100	200	100	380	130	100	200	100	60	397	150	100	0	0	0	80	190	130	0	240	130	30	200	50	80	0	300	130	270	100	300	150	30	100	100	90	130	30	180	0	80	200	800	120	0	50	150	20	80	80	120	360	200	100	130	90	20	150	200	30	80	100	150	300	20	180	80	70	10	130	200	100
230	150	20	100	200	100	380	130	100	200	100	60	397	150	100	0	0	0	80	190	130	0	240	130	30	200	50	80	0	300	130	270	100	300	150	30	100	100	90	130	30	180	0	80	200	800	120	0	50	150	20	80	80	120	360	200	100	130	90	20	150	200	30	80	100	150	300	20	180	80	70	10	130	200	100
150	70	0	20	120	20	300	50	20	120	20	0	317	70	20	0	0	0	0	110	50	0	160	50	0	120	0	0	0	220	50	190	20	220	70	0	20	20	10	50	0	100	0	0	120	720	40	0	0	70	0	0	0	40	280	120	20	50	10	0	70	120	0	0	20	70	220	0	100	0	0	0	50	120	20
40	0	0	0	10	0	190	0	0	10	0	0	207	0	0	0	0	0	0	0	0	0	50	0	0	10	0	0	0	110	0	80	0	110	0	0	0	0	0	0	0	0	0	0	10	610	0	0	0	0	0	0	0	0	170	10	0	0	0	0	0	10	0	0	0	0	110	0	0	0	0	0	0	10	0
100	20	0	0	70	0	250	0	0	70	0	0	267	20	0	0	0	0	0	60	0	0	110	0	0	70	0	0	0	170	0	140	0	170	20	0	0	0	0	0	0	50	0	0	70	670	0	0	0	20	0	0	0	0	230	70	0	0	0	0	20	70	0	0	0	20	170	0	50	0	0	0	0	70	0
230	150	20	100	200	100	380	130	100	200	100	60	397	150	100	0	0	0	80	190	130	0	240	130	30	200	50	80	0	300	130	270	100	300	150	30	100	100	90	130	30	180	0	80	200	800	120	0	50	150	20	80	80	120	360	200	100	130	90	20	150	200	30	80	100	150	300	20	180	80	70	10	130	200	100
0	0	0	0	0	0	140	0	0	0	0	0	157	0	0	0	0	0	0	0	0	0	0	0	0	0	0	0	0	60	0	30	0	60	0	0	0	0	0	0	0	0	0	0	0	560	0	0	0	0	0	0	0	0	120	0	0	0	0	0	0	0	0	0	0	0	60	0	0	0	0	0	0	0	0
100	20	0	0	70	0	250	0	0	70	0	0	267	20	0	0	0	0	0	60	0	0	110	0	0	70	0	0	0	170	0	140	0	170	20	0	0	0	0	0	0	50	0	0	70	670	0	0	0	20	0	0	0	0	230	70	0	0	0	0	20	70	0	0	0	20	170	0	50	0	0	0	0	70	0
200	120	0	70	170	70	350	100	70	170	70	30	367	120	70	0	0	0	50	160	100	0	210	100	0	170	20	50	0	270	100	240	70	270	120	0	70	70	60	100	0	150	0	50	170	770	90	0	20	120	0	50	50	90	330	170	70	100	60	0	120	170	0	50	70	120	270	0	150	50	40	0	100	170	70
30	0	0	0	0	0	180	0	0	0	0	0	197	0	0	0	0	0	0	0	0	0	40	0	0	0	0	0	0	100	0	70	0	100	0	0	0	0	0	0	0	0	0	0	0	600	0	0	0	0	0	0	0	0	160	0	0	0	0	0	0	0	0	0	0	0	100	0	0	0	0	0	0	0	0
180	100	0	50	150	50	330	80	50	150	50	10	347	100	50	0	0	0	30	140	80	0	190	80	0	150	0	30	0	250	80	220	50	250	100	0	50	50	40	80	0	130	0	30	150	750	70	0	0	100	0	30	30	70	310	150	50	80	40	0	100	150	0	30	50	100	250	0	130	30	20	0	80	150	50
150	70	0	20	120	20	300	50	20	120	20	0	317	70	20	0	0	0	0	110	50	0	160	50	0	120	0	0	0	220	50	190	20	220	70	0	20	20	10	50	0	100	0	0	120	720	40	0	0	70	0	0	0	40	280	120	20	50	10	0	70	120	0	0	20	70	220	0	100	0	0	0	50	120	20
230	150	20	100	200	100	380	130	100	200	100	60	397	150	100	0	0	0	80	190	130	0	240	130	30	200	50	80	0	300	130	270	100	300	150	30	100	100	90	130	30	180	0	80	200	800	120	0	50	150	20	80	80	120	360	200	100	130	90	20	150	200	30	80	100	150	300	20	180	80	70	10	130	200	100
0	0	0	0	0	0	80	0	0	0	0	0	97	0	0	0	0	0	0	0	0	0	0	0	0	0	0	0	0	0	0	0	0	0	0	0	0	0	0	0	0	0	0	0	0	500	0	0	0	0	0	0	0	0	60	0	0	0	0	0	0	0	0	0	0	0	0	0	0	0	0	0	0	0	0
100	20	0	0	70	0	250	0	0	70	0	0	267	20	0	0	0	0	0	60	0	0	110	0	0	70	0	0	0	170	0	140	0	170	20	0	0	0	0	0	0	50	0	0	70	670	0	0	0	20	0	0	0	0	230	70	0	0	0	0	20	70	0	0	0	20	170	0	50	0	0	0	0	70	0
0	0	0	0	0	0	110	0	0	0	0	0	127	0	0	0	0	0	0	0	0	0	0	0	0	0	0	0	0	30	0	0	0	30	0	0	0	0	0	0	0	0	0	0	0	530	0	0	0	0	0	0	0	0	90	0	0	0	0	0	0	0	0	0	0	0	30	0	0	0	0	0	0	0	0
130	50	0	0	100	0	280	30	0	100	0	0	297	50	0	0	0	0	0	90	30	0	140	30	0	100	0	0	0	200	30	170	0	200	50	0	0	0	0	30	0	80	0	0	100	700	20	0	0	50	0	0	0	20	260	100	0	30	0	0	50	100	0	0	0	50	200	0	80	0	0	0	30	100	0
0	0	0	0	0	0	80	0	0	0	0	0	97	0	0	0	0	0	0	0	0	0	0	0	0	0	0	0	0	0	0	0	0	0	0	0	0	0	0	0	0	0	0	0	0	500	0	0	0	0	0	0	0	0	60	0	0	0	0	0	0	0	0	0	0	0	0	0	0	0	0	0	0	0	0
80	0	0	0	50	0	230	0	0	50	0	0	247	0	0	0	0	0	0	40	0	0	90	0	0	50	0	0	0	150	0	120	0	150	0	0	0	0	0	0	0	30	0	0	50	650	0	0	0	0	0	0	0	0	210	50	0	0	0	0	0	50	0	0	0	0	150	0	30	0	0	0	0	50	0
200	120	0	70	170	70	350	100	70	170	70	30	367	120	70	0	0	0	50	160	100	0	210	100	0	170	20	50	0	270	100	240	70	270	120	0	70	70	60	100	0	150	0	50	170	770	90	0	20	120	0	50	50	90	330	170	70	100	60	0	120	170	0	50	70	120	270	0	150	50	40	0	100	170	70
130	50	0	0	100	0	280	30	0	100	0	0	297	50	0	0	0	0	0	90	30	0	140	30	0	100	0	0	0	200	30	170	0	200	50	0	0	0	0	30	0	80	0	0	100	700	20	0	0	50	0	0	0	20	260	100	0	30	0	0	50	100	0	0	0	50	200	0	80	0	0	0	30	100	0
130	50	0	0	100	0	280	30	0	100	0	0	297	50	0	0	0	0	0	90	30	0	140	30	0	100	0	0	0	200	30	170	0	200	50	0	0	0	0	30	0	80	0	0	100	700	20	0	0	50	0	0	0	20	260	100	0	30	0	0	50	100	0	0	0	50	200	0	80	0	0	0	30	100	0
140	60	0	10	110	10	290	40	10	110	10	0	307	60	10	0	0	0	0	100	40	0	150	40	0	110	0	0	0	210	40	180	10	210	60	0	10	10	0	40	0	90	0	0	110	710	30	0	0	60	0	0	0	30	270	110	10	40	0	0	60	110	0	0	10	60	210	0	90	0	0	0	40	110	10
100	20	0	0	70	0	250	0	0	70	0	0	267	20	0	0	0	0	0	60	0	0	110	0	0	70	0	0	0	170	0	140	0	170	20	0	0	0	0	0	0	50	0	0	70	670	0	0	0	20	0	0	0	0	230	70	0	0	0	0	20	70	0	0	0	20	170	0	50	0	0	0	0	70	0
200	120	0	70	170	70	350	100	70	170	70	30	367	120	70	0	0	0	50	160	100	0	210	100	0	170	20	50	0	270	100	240	70	270	120	0	70	70	60	100	0	150	0	50	170	770	90	0	20	120	0	50	50	90	330	170	70	100	60	0	120	170	0	50	70	120	270	0	150	50	40	0	100	170	70
50	0	0	0	20	0	200	0	0	20	0	0	217	0	0	0	0	0	0	10	0	0	60	0	0	20	0	0	0	120	0	90	0	120	0	0	0	0	0	0	0	0	0	0	20	620	0	0	0	0	0	0	0	0	180	20	0	0	0	0	0	20	0	0	0	0	120	0	0	0	0	0	0	20	0
250	170	40	120	220	120	400	150	120	220	120	80	417	170	120	20	20	20	100	210	150	20	260	150	50	220	70	100	20	320	150	290	120	320	170	50	120	120	110	150	50	200	0	100	220	820	140	0	70	170	40	100	100	140	380	220	120	150	110	40	170	220	50	100	120	170	320	40	200	100	90	30	150	220	120
150	70	0	20	120	20	300	50	20	120	20	0	317	70	20	0	0	0	0	110	50	0	160	50	0	120	0	0	0	220	50	190	20	220	70	0	20	20	10	50	0	100	0	0	120	720	40	0	0	70	0	0	0	40	280	120	20	50	10	0	70	120	0	0	20	70	220	0	100	0	0	0	50	120	20
30	0	0	0	0	0	180	0	0	0	0	0	197	0	0	0	0	0	0	0	0	0	40	0	0	0	0	0	0	100	0	70	0	100	0	0	0	0	0	0	0	0	0	0	0	600	0	0	0	0	0	0	0	0	160	0	0	0	0	0	0	0	0	0	0	0	100	0	0	0	0	0	0	0	0
0	0	0	0	0	0	0	0	0	0	0	0	0	0	0	0	0	0	0	0	0	0	0	0	0	0	0	0	0	0	0	0	0	0	0	0	0	0	0	0	0	0	0	0	0	0	0	0	0	0	0	0	0	0	0	0	0	0	0	0	0	0	0	0	0	0	0	0	0	0	0	0	0	0	0
110	30	0	0	80	0	260	10	0	80	0	0	277	30	0	0	0	0	0	70	10	0	120	10	0	80	0	0	0	180	10	150	0	180	30	0	0	0	0	10	0	60	0	0	80	680	0	0	0	30	0	0	0	0	240	80	0	10	0	0	30	80	0	0	0	30	180	0	60	0	0	0	10	80	0
250	170	40	120	220	120	400	150	120	220	120	80	417	170	120	20	20	20	100	210	150	20	260	150	50	220	70	100	20	320	150	290	120	320	170	50	120	120	110	150	50	200	0	100	220	820	140	0	70	170	40	100	100	140	380	220	120	150	110	40	170	220	50	100	120	170	320	40	200	100	90	30	150	220	120
180	100	0	50	150	50	330	80	50	150	50	10	347	100	50	0	0	0	30	140	80	0	190	80	0	150	0	30	0	250	80	220	50	250	100	0	50	50	40	80	0	130	0	30	150	750	70	0	0	100	0	30	30	70	310	150	50	80	40	0	100	150	0	30	50	100	250	0	130	30	20	0	80	150	50
80	0	0	0	50	0	230	0	0	50	0	0	247	0	0	0	0	0	0	40	0	0	90	0	0	50	0	0	0	150	0	120	0	150	0	0	0	0	0	0	0	30	0	0	50	650	0	0	0	0	0	0	0	0	210	50	0	0	0	0	0	50	0	0	0	0	150	0	30	0	0	0	0	50	0
210	130	0	80	180	80	360	110	80	180	80	40	377	130	80	0	0	0	60	170	110	0	220	110	10	180	30	60	0	280	110	250	80	280	130	10	80	80	70	110	10	160	0	60	180	780	100	0	30	130	0	60	60	100	340	180	80	110	70	0	130	180	10	60	80	130	280	0	160	60	50	0	110	180	80
150	70	0	20	120	20	300	50	20	120	20	0	317	70	20	0	0	0	0	110	50	0	160	50	0	120	0	0	0	220	50	190	20	220	70	0	20	20	10	50	0	100	0	0	120	720	40	0	0	70	0	0	0	40	280	120	20	50	10	0	70	120	0	0	20	70	220	0	100	0	0	0	50	120	20
150	70	0	20	120	20	300	50	20	120	20	0	317	70	20	0	0	0	0	110	50	0	160	50	0	120	0	0	0	220	50	190	20	220	70	0	20	20	10	50	0	100	0	0	120	720	40	0	0	70	0	0	0	40	280	120	20	50	10	0	70	120	0	0	20	70	220	0	100	0	0	0	50	120	20
110	30	0	0	80	0	260	10	0	80	0	0	277	30	0	0	0	0	0	70	10	0	120	10	0	80	0	0	0	180	10	150	0	180	30	0	0	0	0	10	0	60	0	0	80	680	0	0	0	30	0	0	0	0	240	80	0	10	0	0	30	80	0	0	0	30	180	0	60	0	0	0	10	80	0
0	0	0	0	0	0	20	0	0	0	0	0	37	0	0	0	0	0	0	0	0	0	0	0	0	0	0	0	0	0	0	0	0	0	0	0	0	0	0	0	0	0	0	0	0	440	0	0	0	0	0	0	0	0	0	0	0	0	0	0	0	0	0	0	0	0	0	0	0	0	0	0	0	0	0
30	0	0	0	0	0	180	0	0	0	0	0	197	0	0	0	0	0	0	0	0	0	40	0	0	0	0	0	0	100	0	70	0	100	0	0	0	0	0	0	0	0	0	0	0	600	0	0	0	0	0	0	0	0	160	0	0	0	0	0	0	0	0	0	0	0	100	0	0	0	0	0	0	0	0
130	50	0	0	100	0	280	30	0	100	0	0	297	50	0	0	0	0	0	90	30	0	140	30	0	100	0	0	0	200	30	170	0	200	50	0	0	0	0	30	0	80	0	0	100	700	20	0	0	50	0	0	0	20	260	100	0	30	0	0	50	100	0	0	0	50	200	0	80	0	0	0	30	100	0
100	20	0	0	70	0	250	0	0	70	0	0	267	20	0	0	0	0	0	60	0	0	110	0	0	70	0	0	0	170	0	140	0	170	20	0	0	0	0	0	0	50	0	0	70	670	0	0	0	20	0	0	0	0	230	70	0	0	0	0	20	70	0	0	0	20	170	0	50	0	0	0	0	70	0
140	60	0	10	110	10	290	40	10	110	10	0	307	60	10	0	0	0	0	100	40	0	150	40	0	110	0	0	0	210	40	180	10	210	60	0	10	10	0	40	0	90	0	0	110	710	30	0	0	60	0	0	0	30	270	110	10	40	0	0	60	110	0	0	10	60	210	0	90	0	0	0	40	110	10
210	130	0	80	180	80	360	110	80	180	80	40	377	130	80	0	0	0	60	170	110	0	220	110	10	180	30	60	0	280	110	250	80	280	130	10	80	80	70	110	10	160	0	60	180	780	100	0	30	130	0	60	60	100	340	180	80	110	70	0	130	180	10	60	80	130	280	0	160	60	50	0	110	180	80
80	0	0	0	50	0	230	0	0	50	0	0	247	0	0	0	0	0	0	40	0	0	90	0	0	50	0	0	0	150	0	120	0	150	0	0	0	0	0	0	0	30	0	0	50	650	0	0	0	0	0	0	0	0	210	50	0	0	0	0	0	50	0	0	0	0	150	0	30	0	0	0	0	50	0
30	0	0	0	0	0	180	0	0	0	0	0	197	0	0	0	0	0	0	0	0	0	40	0	0	0	0	0	0	100	0	70	0	100	0	0	0	0	0	0	0	0	0	0	0	600	0	0	0	0	0	0	0	0	160	0	0	0	0	0	0	0	0	0	0	0	100	0	0	0	0	0	0	0	0
200	120	0	70	170	70	350	100	70	170	70	30	367	120	70	0	0	0	50	160	100	0	210	100	0	170	20	50	0	270	100	240	70	270	120	0	70	70	60	100	0	150	0	50	170	770	90	0	20	120	0	50	50	90	330	170	70	100	60	0	120	170	0	50	70	120	270	0	150	50	40	0	100	170	70
150	70	0	20	120	20	300	50	20	120	20	0	317	70	20	0	0	0	0	110	50	0	160	50	0	120	0	0	0	220	50	190	20	220	70	0	20	20	10	50	0	100	0	0	120	720	40	0	0	70	0	0	0	40	280	120	20	50	10	0	70	120	0	0	20	70	220	0	100	0	0	0	50	120	20
130	50	0	0	100	0	280	30	0	100	0	0	297	50	0	0	0	0	0	90	30	0	140	30	0	100	0	0	0	200	30	170	0	200	50	0	0	0	0	30	0	80	0	0	100	700	20	0	0	50	0	0	0	20	260	100	0	30	0	0	50	100	0	0	0	50	200	0	80	0	0	0	30	100	0
80	0	0	0	50	0	230	0	0	50	0	0	247	0	0	0	0	0	0	40	0	0	90	0	0	50	0	0	0	150	0	120	0	150	0	0	0	0	0	0	0	30	0	0	50	650	0	0	0	0	0	0	0	0	210	50	0	0	0	0	0	50	0	0	0	0	150	0	30	0	0	0	0	50	0
0	0	0	0	0	0	80	0	0	0	0	0	97	0	0	0	0	0	0	0	0	0	0	0	0	0	0	0	0	0	0	0	0	0	0	0	0	0	0	0	0	0	0	0	0	500	0	0	0	0	0	0	0	0	60	0	0	0	0	0	0	0	0	0	0	0	0	0	0	0	0	0	0	0	0
210	130	0	80	180	80	360	110	80	180	80	40	377	130	80	0	0	0	60	170	110	0	220	110	10	180	30	60	0	280	110	250	80	280	130	10	80	80	70	110	10	160	0	60	180	780	100	0	30	130	0	60	60	100	340	180	80	110	70	0	130	180	10	60	80	130	280	0	160	60	50	0	110	180	80
50	0	0	0	20	0	200	0	0	20	0	0	217	0	0	0	0	0	0	10	0	0	60	0	0	20	0	0	0	120	0	90	0	120	0	0	0	0	0	0	0	0	0	0	20	620	0	0	0	0	0	0	0	0	180	20	0	0	0	0	0	20	0	0	0	0	120	0	0	0	0	0	0	20	0
150	70	0	20	120	20	300	50	20	120	20	0	317	70	20	0	0	0	0	110	50	0	160	50	0	120	0	0	0	220	50	190	20	220	70	0	20	20	10	50	0	100	0	0	120	720	40	0	0	70	0	0	0	40	280	120	20	50	10	0	70	120	0	0	20	70	220	0	100	0	0	0	50	120	20
160	80	0	30	130	30	310	60	30	130	30	0	327	80	30	0	0	0	10	120	60	0	170	60	0	130	0	10	0	230	60	200	30	230	80	0	30	30	20	60	0	110	0	10	130	730	50	0	0	80	0	10	10	50	290	130	30	60	20	0	80	130	0	10	30	80	230	0	110	10	0	0	60	130	30
220	140	10	90	190	90	370	120	90	190	90	50	387	140	90	0	0	0	70	180	120	0	230	120	20	190	40	70	0	290	120	260	90	290	140	20	90	90	80	120	20	170	0	70	190	790	110	0	40	140	10	70	70	110	350	190	90	120	80	10	140	190	20	70	90	140	290	10	170	70	60	0	120	190	90
100	20	0	0	70	0	250	0	0	70	0	0	267	20	0	0	0	0	0	60	0	0	110	0	0	70	0	0	0	170	0	140	0	170	20	0	0	0	0	0	0	50	0	0	70	670	0	0	0	20	0	0	0	0	230	70	0	0	0	0	20	70	0	0	0	20	170	0	50	0	0	0	0	70	0
30	0	0	0	0	0	180	0	0	0	0	0	197	0	0	0	0	0	0	0	0	0	40	0	0	0	0	0	0	100	0	70	0	100	0	0	0	0	0	0	0	0	0	0	0	600	0	0	0	0	0	0	0	0	160	0	0	0	0	0	0	0	0	0	0	0	100	0	0	0	0	0	0	0	0
130	50	0	0	100	0	280	30	0	100	0	0	297	50	0	0	0	0	0	90	30	0	140	30	0	100	0	0	0	200	30	170	0	200	50	0	0	0	0	30	0	80	0	0	100	700	20	0	0	50	0	0	0	20	260	100	0	30	0	0	50	100	0	0	0	50	200	0	80	0	0	0	30	100	0

0	80	210	130	30	130	0	100	130	30	130	170	0	80	130	230	230	230	150	40	100	230	0	100	200	30	180	150	230	0	100	0	130	0	80	200	130	130	140	100	200	50	250	150	30	0	110	250	180	80	210	150	150	110	0	30	130	100	140	210	80	30	200	150	130	80	0	210	50	150	160	220	100	30	130
0	0	130	50	0	50	0	20	50	0	50	90	0	0	50	150	150	150	70	0	20	150	0	20	120	0	100	70	150	0	20	0	50	0	0	120	50	50	60	20	120	0	170	70	0	0	30	170	100	0	130	70	70	30	0	0	50	20	60	130	0	0	120	70	50	0	0	130	0	70	80	140	20	0	50
0	0	0	0	0	0	0	0	0	0	0	0	0	0	0	20	20	20	0	0	0	20	0	0	0	0	0	0	20	0	0	0	0	0	0	0	0	0	0	0	0	0	40	0	0	0	0	40	0	0	0	0	0	0	0	0	0	0	0	0	0	0	0	0	0	0	0	0	0	0	0	10	0	0	0
0	0	80	0	0	0	0	0	0	0	0	40	0	0	0	100	100	100	20	0	0	100	0	0	70	0	50	20	100	0	0	0	0	0	0	70	0	0	10	0	70	0	120	20	0	0	0	120	50	0	80	20	20	0	0	0	0	0	10	80	0	0	70	20	0	0	0	80	0	20	30	90	0	0	0
0	50	180	100	0	100	0	70	100	0	100	140	0	50	100	200	200	200	120	10	70	200	0	70	170	0	150	120	200	0	70	0	100	0	50	170	100	100	110	70	170	20	220	120	0	0	80	220	150	50	180	120	120	80	0	0	100	70	110	180	50	0	170	120	100	50	0	180	20	120	130	190	70	0	100
0	0	80	0	0	0	0	0	0	0	0	40	0	0	0	100	100	100	20	0	0	100	0	0	70	0	50	20	100	0	0	0	0	0	0	70	0	0	10	0	70	0	120	20	0	0	0	120	50	0	80	20	20	0	0	0	0	0	10	80	0	0	70	20	0	0	0	80	0	20	30	90	0	0	0
150	230	360	280	180	280	0	250	280	180	280	320	0	230	280	380	380	380	300	190	250	380	140	250	350	180	330	300	380	80	250	110	280	80	230	350	280	280	290	250	350	200	400	300	180	0	260	400	330	230	360	300	300	260	20	180	280	250	290	360	230	180	350	300	280	230	80	360	200	300	310	370	250	180	280
0	0	110	30	0	30	0	0	30	0	30	70	0	0	30	130	130	130	50	0	0	130	0	0	100	0	80	50	130	0	0	0	30	0	0	100	30	30	40	0	100	0	150	50	0	0	10	150	80	0	110	50	50	10	0	0	30	0	40	110	0	0	100	50	30	0	0	110	0	50	60	120	0	0	30
0	0	80	0	0	0	0	0	0	0	0	40	0	0	0	100	100	100	20	0	0	100	0	0	70	0	50	20	100	0	0	0	0	0	0	70	0	0	10	0	70	0	120	20	0	0	0	120	50	0	80	20	20	0	0	0	0	0	10	80	0	0	70	20	0	0	0	80	0	20	30	90	0	0	0
0	50	180	100	0	100	0	70	100	0	100	140	0	50	100	200	200	200	120	10	70	200	0	70	170	0	150	120	200	0	70	0	100	0	50	170	100	100	110	70	170	20	220	120	0	0	80	220	150	50	180	120	120	80	0	0	100	70	110	180	50	0	170	120	100	50	0	180	20	120	130	190	70	0	100
0	0	80	0	0	0	0	0	0	0	0	40	0	0	0	100	100	100	20	0	0	100	0	0	70	0	50	20	100	0	0	0	0	0	0	70	0	0	10	0	70	0	120	20	0	0	0	120	50	0	80	20	20	0	0	0	0	0	10	80	0	0	70	20	0	0	0	80	0	20	30	90	0	0	0
0	0	40	0	0	0	0	0	0	0	0	0	0	0	0	60	60	60	0	0	0	60	0	0	30	0	10	0	60	0	0	0	0	0	0	30	0	0	0	0	30	0	80	0	0	0	0	80	10	0	40	0	0	0	0	0	0	0	0	40	0	0	30	0	0	0	0	40	0	0	0	50	0	0	0
167	247	377	297	197	297	17	267	297	197	297	337	0	247	297	397	397	397	317	207	267	397	157	267	367	197	347	317	397	97	267	127	297	97	247	367	297	297	307	267	367	217	417	317	197	0	277	417	347	247	377	317	317	277	37	197	297	267	307	377	247	197	367	317	297	247	97	377	217	317	327	387	267	197	297
0	0	130	50	0	50	0	20	50	0	50	90	0	0	50	150	150	150	70	0	20	150	0	20	120	0	100	70	150	0	20	0	50	0	0	120	50	50	60	20	120	0	170	70	0	0	30	170	100	0	130	70	70	30	0	0	50	20	60	130	0	0	120	70	50	0	0	130	0	70	80	140	20	0	50
0	0	80	0	0	0	0	0	0	0	0	40	0	0	0	100	100	100	20	0	0	100	0	0	70	0	50	20	100	0	0	0	0	0	0	70	0	0	10	0	70	0	120	20	0	0	0	120	50	0	80	20	20	0	0	0	0	0	10	80	0	0	70	20	0	0	0	80	0	20	30	90	0	0	0
0	0	0	0	0	0	0	0	0	0	0	0	0	0	0	0	0	0	0	0	0	0	0	0	0	0	0	0	0	0	0	0	0	0	0	0	0	0	0	0	0	0	20	0	0	0	0	20	0	0	0	0	0	0	0	0	0	0	0	0	0	0	0	0	0	0	0	0	0	0	0	0	0	0	0
0	0	0	0	0	0	0	0	0	0	0	0	0	0	0	0	0	0	0	0	0	0	0	0	0	0	0	0	0	0	0	0	0	0	0	0	0	0	0	0	0	0	20	0	0	0	0	20	0	0	0	0	0	0	0	0	0	0	0	0	0	0	0	0	0	0	0	0	0	0	0	0	0	0	0
0	0	0	0	0	0	0	0	0	0	0	0	0	0	0	0	0	0	0	0	0	0	0	0	0	0	0	0	0	0	0	0	0	0	0	0	0	0	0	0	0	0	20	0	0	0	0	20	0	0	0	0	0	0	0	0	0	0	0	0	0	0	0	0	0	0	0	0	0	0	0	0	0	0	0
0	0	60	0	0	0	0	0	0	0	0	20	0	0	0	80	80	80	0	0	0	80	0	0	50	0	30	0	80	0	0	0	0	0	0	50	0	0	0	0	50	0	100	0	0	0	0	100	30	0	60	0	0	0	0	0	0	0	0	60	0	0	50	0	0	0	0	60	0	0	10	70	0	0	0
0	40	170	90	0	90	0	60	90	0	90	130	0	40	90	190	190	190	110	0	60	190	0	60	160	0	140	110	190	0	60	0	90	0	40	160	90	90	100	60	160	10	210	110	0	0	70	210	140	40	170	110	110	70	0	0	90	60	100	170	40	0	160	110	90	40	0	170	10	110	120	180	60	0	90
0	0	110	30	0	30	0	0	30	0	30	70	0	0	30	130	130	130	50	0	0	130	0	0	100	0	80	50	130	0	0	0	30	0	0	100	30	30	40	0	100	0	150	50	0	0	10	150	80	0	110	50	50	10	0	0	30	0	40	110	0	0	100	50	30	0	0	110	0	50	60	120	0	0	30
0	0	0	0	0	0	0	0	0	0	0	0	0	0	0	0	0	0	0	0	0	0	0	0	0	0	0	0	0	0	0	0	0	0	0	0	0	0	0	0	0	0	20	0	0	0	0	20	0	0	0	0	0	0	0	0	0	0	0	0	0	0	0	0	0	0	0	0	0	0	0	0	0	0	0
10	90	220	140	40	140	0	110	140	40	140	180	0	90	140	240	240	240	160	50	110	240	0	110	210	40	190	160	240	0	110	0	140	0	90	210	140	140	150	110	210	60	260	160	40	0	120	260	190	90	220	160	160	120	0	40	140	110	150	220	90	40	210	160	140	90	0	220	60	160	170	230	110	40	140
0	0	110	30	0	30	0	0	30	0	30	70	0	0	30	130	130	130	50	0	0	130	0	0	100	0	80	50	130	0	0	0	30	0	0	100	30	30	40	0	100	0	150	50	0	0	10	150	80	0	110	50	50	10	0	0	30	0	40	110	0	0	100	50	30	0	0	110	0	50	60	120	0	0	30
0	0	10	0	0	0	0	0	0	0	0	0	0	0	0	30	30	30	0	0	0	30	0	0	0	0	0	0	30	0	0	0	0	0	0	0	0	0	0	0	0	0	50	0	0	0	0	50	0	0	10	0	0	0	0	0	0	0	0	10	0	0	0	0	0	0	0	10	0	0	0	20	0	0	0
0	50	180	100	0	100	0	70	100	0	100	140	0	50	100	200	200	200	120	10	70	200	0	70	170	0	150	120	200	0	70	0	100	0	50	170	100	100	110	70	170	20	220	120	0	0	80	220	150	50	180	120	120	80	0	0	100	70	110	180	50	0	170	120	100	50	0	180	20	120	130	190	70	0	100
0	0	30	0	0	0	0	0	0	0	0	0	0	0	0	50	50	50	0	0	0	50	0	0	20	0	0	0	50	0	0	0	0	0	0	20	0	0	0	0	20	0	70	0	0	0	0	70	0	0	30	0	0	0	0	0	0	0	0	30	0	0	20	0	0	0	0	30	0	0	0	40	0	0	0
0	0	60	0	0	0	0	0	0	0	0	20	0	0	0	80	80	80	0	0	0	80	0	0	50	0	30	0	80	0	0	0	0	0	0	50	0	0	0	0	50	0	100	0	0	0	0	100	30	0	60	0	0	0	0	0	0	0	0	60	0	0	50	0	0	0	0	60	0	0	10	70	0	0	0
0	0	0	0	0	0	0	0	0	0	0	0	0	0	0	0	0	0	0	0	0	0	0	0	0	0	0	0	0	0	0	0	0	0	0	0	0	0	0	0	0	0	20	0	0	0	0	20	0	0	0	0	0	0	0	0	0	0	0	0	0	0	0	0	0	0	0	0	0	0	0	0	0	0	0
70	150	280	200	100	200	0	170	200	100	200	240	0	150	200	300	300	300	220	110	170	300	60	170	270	100	250	220	300	0	170	30	200	0	150	270	200	200	210	170	270	120	320	220	100	0	180	320	250	150	280	220	220	180	0	100	200	170	210	280	150	100	270	220	200	150	0	280	120	220	230	290	170	100	200
0	0	110	30	0	30	0	0	30	0	30	70	0	0	30	130	130	130	50	0	0	130	0	0	100	0	80	50	130	0	0	0	30	0	0	100	30	30	40	0	100	0	150	50	0	0	10	150	80	0	110	50	50	10	0	0	30	0	40	110	0	0	100	50	30	0	0	110	0	50	60	120	0	0	30
40	120	250	170	70	170	0	140	170	70	170	210	0	120	170	270	270	270	190	80	140	270	30	140	240	70	220	190	270	0	140	0	170	0	120	240	170	170	180	140	240	90	290	190	70	0	150	290	220	120	250	190	190	150	0	70	170	140	180	250	120	70	240	190	170	120	0	250	90	190	200	260	140	70	170
0	0	80	0	0	0	0	0	0	0	0	40	0	0	0	100	100	100	20	0	0	100	0	0	70	0	50	20	100	0	0	0	0	0	0	70	0	0	10	0	70	0	120	20	0	0	0	120	50	0	80	20	20	0	0	0	0	0	10	80	0	0	70	20	0	0	0	80	0	20	30	90	0	0	0
70	150	280	200	100	200	0	170	200	100	200	240	0	150	200	300	300	300	220	110	170	300	60	170	270	100	250	220	300	0	170	30	200	0	150	270	200	200	210	170	270	120	320	220	100	0	180	320	250	150	280	220	220	180	0	100	200	170	210	280	150	100	270	220	200	150	0	280	120	220	230	290	170	100	200
0	0	130	50	0	50	0	20	50	0	50	90	0	0	50	150	150	150	70	0	20	150	0	20	120	0	100	70	150	0	20	0	50	0	0	120	50	50	60	20	120	0	170	70	0	0	30	170	100	0	130	70	70	30	0	0	50	20	60	130	0	0	120	70	50	0	0	130	0	70	80	140	20	0	50
0	0	10	0	0	0	0	0	0	0	0	0	0	0	0	30	30	30	0	0	0	30	0	0	0	0	0	0	30	0	0	0	0	0	0	0	0	0	0	0	0	0	50	0	0	0	0	50	0	0	10	0	0	0	0	0	0	0	0	10	0	0	0	0	0	0	0	10	0	0	0	20	0	0	0
0	0	80	0	0	0	0	0	0	0	0	40	0	0	0	100	100	100	20	0	0	100	0	0	70	0	50	20	100	0	0	0	0	0	0	70	0	0	10	0	70	0	120	20	0	0	0	120	50	0	80	20	20	0	0	0	0	0	10	80	0	0	70	20	0	0	0	80	0	20	30	90	0	0	0
0	0	80	0	0	0	0	0	0	0	0	40	0	0	0	100	100	100	20	0	0	100	0	0	70	0	50	20	100	0	0	0	0	0	0	70	0	0	10	0	70	0	120	20	0	0	0	120	50	0	80	20	20	0	0	0	0	0	10	80	0	0	70	20	0	0	0	80	0	20	30	90	0	0	0
0	0	70	0	0	0	0	0	0	0	0	30	0	0	0	90	90	90	10	0	0	90	0	0	60	0	40	10	90	0	0	0	0	0	0	60	0	0	0	0	60	0	110	10	0	0	0	110	40	0	70	10	10	0	0	0	0	0	0	70	0	0	60	10	0	0	0	70	0	10	20	80	0	0	0
0	0	110	30	0	30	0	0	30	0	30	70	0	0	30	130	130	130	50	0	0	130	0	0	100	0	80	50	130	0	0	0	30	0	0	100	30	30	40	0	100	0	150	50	0	0	10	150	80	0	110	50	50	10	0	0	30	0	40	110	0	0	100	50	30	0	0	110	0	50	60	120	0	0	30
0	0	10	0	0	0	0	0	0	0	0	0	0	0	0	30	30	30	0	0	0	30	0	0	0	0	0	0	30	0	0	0	0	0	0	0	0	0	0	0	0	0	50	0	0	0	0	50	0	0	10	0	0	0	0	0	0	0	0	10	0	0	0	0	0	0	0	10	0	0	0	20	0	0	0
0	30	160	80	0	80	0	50	80	0	80	120	0	30	80	180	180	180	100	0	50	180	0	50	150	0	130	100	180	0	50	0	80	0	30	150	80	80	90	50	150	0	200	100	0	0	60	200	130	30	160	100	100	60	0	0	80	50	90	160	30	0	150	100	80	30	0	160	0	100	110	170	50	0	80
0	0	0	0	0	0	0	0	0	0	0	0	0	0	0	0	0	0	0	0	0	0	0	0	0	0	0	0	0	0	0	0	0	0	0	0	0	0	0	0	0	0	0	0	0	0	0	0	0	0	0	0	0	0	0	0	0	0	0	0	0	0	0	0	0	0	0	0	0	0	0	0	0	0	0
0	0	60	0	0	0	0	0	0	0	0	20	0	0	0	80	80	80	0	0	0	80	0	0	50	0	30	0	80	0	0	0	0	0	0	50	0	0	0	0	50	0	100	0	0	0	0	100	30	0	60	0	0	0	0	0	0	0	0	60	0	0	50	0	0	0	0	60	0	0	10	70	0	0	0
0	50	180	100	0	100	0	70	100	0	100	140	0	50	100	200	200	200	120	10	70	200	0	70	170	0	150	120	200	0	70	0	100	0	50	170	100	100	110	70	170	20	220	120	0	0	80	220	150	50	180	120	120	80	0	0	100	70	110	180	50	0	170	120	100	50	0	180	20	120	130	190	70	0	100
570	650	780	700	600	700	420	670	700	600	700	740	403	650	700	800	800	800	720	610	670	800	560	670	770	600	750	720	800	500	670	530	700	500	650	770	700	700	710	670	770	620	820	720	600	0	680	820	750	650	780	720	720	680	440	600	700	670	710	780	650	600	770	720	700	650	500	780	620	720	730	790	670	600	700
0	0	100	20	0	20	0	0	20	0	20	60	0	0	20	120	120	120	40	0	0	120	0	0	90	0	70	40	120	0	0	0	20	0	0	90	20	20	30	0	90	0	140	40	0	0	0	140	70	0	100	40	40	0	0	0	20	0	30	100	0	0	90	40	20	0	0	100	0	40	50	110	0	0	20
0	0	0	0	0	0	0	0	0	0	0	0	0	0	0	0	0	0	0	0	0	0	0	0	0	0	0	0	0	0	0	0	0	0	0	0	0	0	0	0	0	0	0	0	0	0	0	0	0	0	0	0	0	0	0	0	0	0	0	0	0	0	0	0	0	0	0	0	0	0	0	0	0	0	0
0	0	30	0	0	0	0	0	0	0	0	0	0	0	0	50	50	50	0	0	0	50	0	0	20	0	0	0	50	0	0	0	0	0	0	20	0	0	0	0	20	0	70	0	0	0	0	70	0	0	30	0	0	0	0	0	0	0	0	30	0	0	20	0	0	0	0	30	0	0	0	40	0	0	0
0	0	130	50	0	50	0	20	50	0	50	90	0	0	50	150	150	150	70	0	20	150	0	20	120	0	100	70	150	0	20	0	50	0	0	120	50	50	60	20	120	0	170	70	0	0	30	170	100	0	130	70	70	30	0	0	50	20	60	130	0	0	120	70	50	0	0	130	0	70	80	140	20	0	50
0	0	0	0	0	0	0	0	0	0	0	0	0	0	0	20	20	20	0	0	0	20	0	0	0	0	0	0	20	0	0	0	0	0	0	0	0	0	0	0	0	0	40	0	0	0	0	40	0	0	0	0	0	0	0	0	0	0	0	0	0	0	0	0	0	0	0	0	0	0	0	10	0	0	0
0	0	60	0	0	0	0	0	0	0	0	20	0	0	0	80	80	80	0	0	0	80	0	0	50	0	30	0	80	0	0	0	0	0	0	50	0	0	0	0	50	0	100	0	0	0	0	100	30	0	60	0	0	0	0	0	0	0	0	60	0	0	50	0	0	0	0	60	0	0	10	70	0	0	0
0	0	60	0	0	0	0	0	0	0	0	20	0	0	0	80	80	80	0	0	0	80	0	0	50	0	30	0	80	0	0	0	0	0	0	50	0	0	0	0	50	0	100	0	0	0	0	100	30	0	60	0	0	0	0	0	0	0	0	60	0	0	50	0	0	0	0	60	0	0	10	70	0	0	0
0	0	100	20	0	20	0	0	20	0	20	60	0	0	20	120	120	120	40	0	0	120	0	0	90	0	70	40	120	0	0	0	20	0	0	90	20	20	30	0	90	0	140	40	0	0	0	140	70	0	100	40	40	0	0	0	20	0	30	100	0	0	90	40	20	0	0	100	0	40	50	110	0	0	20
130	210	340	260	160	260	0	230	260	160	260	300	0	210	260	360	360	360	280	170	230	360	120	230	330	160	310	280	360	60	230	90	260	60	210	330	260	260	270	230	330	180	380	280	160	0	240	380	310	210	340	280	280	240	0	160	260	230	270	340	210	160	330	280	260	210	60	340	180	280	290	350	230	160	260
0	50	180	100	0	100	0	70	100	0	100	140	0	50	100	200	200	200	120	10	70	200	0	70	170	0	150	120	200	0	70	0	100	0	50	170	100	100	110	70	170	20	220	120	0	0	80	220	150	50	180	120	120	80	0	0	100	70	110	180	50	0	170	120	100	50	0	180	20	120	130	190	70	0	100
0	0	80	0	0	0	0	0	0	0	0	40	0	0	0	100	100	100	20	0	0	100	0	0	70	0	50	20	100	0	0	0	0	0	0	70	0	0	10	0	70	0	120	20	0	0	0	120	50	0	80	20	20	0	0	0	0	0	10	80	0	0	70	20	0	0	0	80	0	20	30	90	0	0	0
0	0	110	30	0	30	0	0	30	0	30	70	0	0	30	130	130	130	50	0	0	130	0	0	100	0	80	50	130	0	0	0	30	0	0	100	30	30	40	0	100	0	150	50	0	0	10	150	80	0	110	50	50	10	0	0	30	0	40	110	0	0	100	50	30	0	0	110	0	50	60	120	0	0	30
0	0	70	0	0	0	0	0	0	0	0	30	0	0	0	90	90	90	10	0	0	90	0	0	60	0	40	10	90	0	0	0	0	0	0	60	0	0	0	0	60	0	110	10	0	0	0	110	40	0	70	10	10	0	0	0	0	0	0	70	0	0	60	10	0	0	0	70	0	10	20	80	0	0	0
0	0	0	0	0	0	0	0	0	0	0	0	0	0	0	20	20	20	0	0	0	20	0	0	0	0	0	0	20	0	0	0	0	0	0	0	0	0	0	0	0	0	40	0	0	0	0	40	0	0	0	0	0	0	0	0	0	0	0	0	0	0	0	0	0	0	0	0	0	0	0	10	0	0	0
0	0	130	50	0	50	0	20	50	0	50	90	0	0	50	150	150	150	70	0	20	150	0	20	120	0	100	70	150	0	20	0	50	0	0	120	50	50	60	20	120	0	170	70	0	0	30	170	100	0	130	70	70	30	0	0	50	20	60	130	0	0	120	70	50	0	0	130	0	70	80	140	20	0	50
0	50	180	100	0	100	0	70	100	0	100	140	0	50	100	200	200	200	120	10	70	200	0	70	170	0	150	120	200	0	70	0	100	0	50	170	100	100	110	70	170	20	220	120	0	0	80	220	150	50	180	120	120	80	0	0	100	70	110	180	50	0	170	120	100	50	0	180	20	120	130	190	70	0	100
0	0	10	0	0	0	0	0	0	0	0	0	0	0	0	30	30	30	0	0	0	30	0	0	0	0	0	0	30	0	0	0	0	0	0	0	0	0	0	0	0	0	50	0	0	0	0	50	0	0	10	0	0	0	0	0	0	0	0	10	0	0	0	0	0	0	0	10	0	0	0	20	0	0	0
0	0	60	0	0	0	0	0	0	0	0	20	0	0	0	80	80	80	0	0	0	80	0	0	50	0	30	0	80	0	0	0	0	0	0	50	0	0	0	0	50	0	100	0	0	0	0	100	30	0	60	0	0	0	0	0	0	0	0	60	0	0	50	0	0	0	0	60	0	0	10	70	0	0	0
0	0	80	0	0	0	0	0	0	0	0	40	0	0	0	100	100	100	20	0	0	100	0	0	70	0	50	20	100	0	0	0	0	0	0	70	0	0	10	0	70	0	120	20	0	0	0	120	50	0	80	20	20	0	0	0	0	0	10	80	0	0	70	20	0	0	0	80	0	20	30	90	0	0	0
0	0	130	50	0	50	0	20	50	0	50	90	0	0	50	150	150	150	70	0	20	150	0	20	120	0	100	70	150	0	20	0	50	0	0	120	50	50	60	20	120	0	170	70	0	0	30	170	100	0	130	70	70	30	0	0	50	20	60	130	0	0	120	70	50	0	0	130	0	70	80	140	20	0	50
70	150	280	200	100	200	0	170	200	100	200	240	0	150	200	300	300	300	220	110	170	300	60	170	270	100	250	220	300	0	170	30	200	0	150	270	200	200	210	170	270	120	320	220	100	0	180	320	250	150	280	220	220	180	0	100	200	170	210	280	150	100	270	220	200	150	0	280	120	220	230	290	170	100	200
0	0	0	0	0	0	0	0	0	0	0	0	0	0	0	20	20	20	0	0	0	20	0	0	0	0	0	0	20	0	0	0	0	0	0	0	0	0	0	0	0	0	40	0	0	0	0	40	0	0	0	0	0	0	0	0	0	0	0	0	0	0	0	0	0	0	0	0	0	0	0	10	0	0	0
0	30	160	80	0	80	0	50	80	0	80	120	0	30	80	180	180	180	100	0	50	180	0	50	150	0	130	100	180	0	50	0	80	0	30	150	80	80	90	50	150	0	200	100	0	0	60	200	130	30	160	100	100	60	0	0	80	50	90	160	30	0	150	100	80	30	0	160	0	100	110	170	50	0	80
0	0	60	0	0	0	0	0	0	0	0	20	0	0	0	80	80	80	0	0	0	80	0	0	50	0	30	0	80	0	0	0	0	0	0	50	0	0	0	0	50	0	100	0	0	0	0	100	30	0	60	0	0	0	0	0	0	0	0	60	0	0	50	0	0	0	0	60	0	0	10	70	0	0	0
0	0	50	0	0	0	0	0	0	0	0	10	0	0	0	70	70	70	0	0	0	70	0	0	40	0	20	0	70	0	0	0	0	0	0	40	0	0	0	0	40	0	90	0	0	0	0	90	20	0	50	0	0	0	0	0	0	0	0	50	0	0	40	0	0	0	0	50	0	0	0	60	0	0	0
0	0	0	0	0	0	0	0	0	0	0	0	0	0	0	10	10	10	0	0	0	10	0	0	0	0	0	0	10	0	0	0	0	0	0	0	0	0	0	0	0	0	30	0	0	0	0	30	0	0	0	0	0	0	0	0	0	0	0	0	0	0	0	0	0	0	0	0	0	0	0	0	0	0	0
0	0	110	30	0	30	0	0	30	0	30	70	0	0	30	130	130	130	50	0	0	130	0	0	100	0	80	50	130	0	0	0	30	0	0	100	30	30	40	0	100	0	150	50	0	0	10	150	80	0	110	50	50	10	0	0	30	0	40	110	0	0	100	50	30	0	0	110	0	50	60	120	0	0	30
0	50	180	100	0	100	0	70	100	0	100	140	0	50	100	200	200	200	120	10	70	200	0	70	170	0	150	120	200	0	70	0	100	0	50	170	100	100	110	70	170	20	220	120	0	0	80	220	150	50	180	120	120	80	0	0	100	70	110	180	50	0	170	120	100	50	0	180	20	120	130	190	70	0	100
0	0	80	0	0	0	0	0	0	0	0	40	0	0	0	100	100	100	20	0	0	100	0	0	70	0	50	20	100	0	0	0	0	0	0	70	0	0	10	0	70	0	120	20	0	0	0	120	50	0	80	20	20	0	0	0	0	0	10	80	0	0	70	20	0	0	0	80	0	20	30	90	0	0	0