1784 1797 1746 1851 1856 1848 1861 1851 1819 1865 1855 1865 1772 1812 1872 1876 1872 1865 1780 1845 1859 1876 1847 1856 1845 1804 1746 1860 1836 1863 1843 1841 1853 1868 1874 1866 1796 1814 1850 1876 1827 1777 1845 1468 1852 1863 1853 1819 1804 1870 1875 1855 1851 1861 1851 1872 1780 1798 1812 1833 1860 1825 1833 1880 1861 1840 1808 1864 1876 1868 1773 1826 1781 1703 1852

85

58 56 61 51 51 52 50 51 54 50 51 50 59 55 49 49 49 50 58 52 50 49 52 51 52 56 61 50 53 50 52 52 51 50 49 50 57 55 51 49 54 58 52 88 51 50 51 54 56 50 49 51 51 50 51 49 58 56 55 53 50 54 53 49 50 52 55 50 49 50 59 54 58 65 51

14 42 31 13

34847

0	0	0	0	0	0	0	0	0	0	0	0	0	0	0	0	0	0	0	0	0	0	0	0	0	0	0	0	0	0	0	0	0	0	0	0	0	0	0	0	0	1	0	0	0	0	0	0	0	0	0	0	0	0	0	0	0	0	0	0	0	0	0	0	0	0	0	0	0	0	0	0	0	37	0
533	0	0	195	32	0	152	185	0	36	320	39	0	120	170	220	40	257	35	351	3	39	35	36	286	310	0	230	345	183	0	0	20	91	220	0	75	432	256	216	0	534	0	0	0	294	254	0	432	210	30	32	0	246	255	166	485	474	116	290	294	355	287	147	120	287	0	240	32	141	516	300	287	570	48
677	144	0	339	176	139	296	329	64	180	464	183	0	264	314	364	184	401	179	495	147	183	179	180	430	454	0	374	489	327	114	80	164	235	364	144	219	576	400	360	63	678	119	0	122	438	398	59	576	354	174	176	105	390	399	310	629	618	260	434	438	499	431	291	264	431	84	384	176	285	660	444	431	714	192
338	0	0	0	0	0	0	0	0	0	125	0	0	0	0	25	0	62	0	156	0	0	0	0	91	115	0	35	150	0	0	0	0	0	25	0	0	237	61	21	0	339	0	0	0	99	59	0	237	15	0	0	0	51	60	0	290	279	0	95	99	160	92	0	0	92	0	45	0	0	321	105	92	375	0
501	0	0	163	0	0	120	153	0	4	288	7	0	88	138	188	8	225	3	319	0	7	3	4	254	278	0	198	313	151	0	0	0	59	188	0	43	400	224	184	0	502	0	0	0	262	222	0	400	178	0	0	0	214	223	134	453	442	84	258	262	323	255	115	88	255	0	208	0	109	484	268	255	538	16
538	5	0	200	37	0	157	190	0	41	325	44	0	125	175	225	45	262	40	356	8	44	40	41	291	315	0	235	350	188	0	0	25	96	225	5	80	437	261	221	0	539	0	0	0	299	259	0	437	215	35	37	0	251	260	171	490	479	121	295	299	360	292	152	125	292	0	245	37	146	521	305	292	575	53
381	0	0	43	0	0	0	33	0	0	168	0	0	0	18	68	0	105	0	199	0	0	0	0	134	158	0	78	193	31	0	0	0	0	68	0	0	280	104	64	0	382	0	0	0	142	102	0	280	58	0	0	0	94	103	14	333	322	0	138	142	203	135	0	0	135	0	88	0	0	364	148	135	418	0
348	0	0	10	0	0	0	0	0	0	135	0	0	0	0	35	0	72	0	166	0	0	0	0	101	125	0	45	160	0	0	0	0	0	35	0	0	247	71	31	0	349	0	0	0	109	69	0	247	25	0	0	0	61	70	0	300	289	0	105	109	170	102	0	0	102	0	55	0	0	331	115	102	385	0
613	80	0	275	112	75	232	265	0	116	400	119	0	200	250	300	120	337	115	431	83	119	115	116	366	390	0	310	425	263	50	16	100	171	300	80	155	512	336	296	0	614	55	0	58	374	334	0	512	290	110	112	41	326	335	246	565	554	196	370	374	435	367	227	200	367	20	320	112	221	596	380	367	650	128
497	0	0	159	0	0	116	149	0	0	284	3	0	84	134	184	4	221	0	315	0	3	0	0	250	274	0	194	309	147	0	0	0	55	184	0	39	396	220	180	0	498	0	0	0	258	218	0	396	174	0	0	0	210	219	130	449	438	80	254	258	319	251	111	84	251	0	204	0	105	480	264	251	534	12
213	0	0	0	0	0	0	0	0	0	0	0	0	0	0	0	0	0	0	31	0	0	0	0	0	0	0	0	25	0	0	0	0	0	0	0	0	112	0	0	0	214	0	0	0	0	0	0	112	0	0	0	0	0	0	0	165	154	0	0	0	35	0	0	0	0	0	0	0	0	196	0	0	250	0
494	0	0	156	0	0	113	146	0	0	281	0	0	81	131	181	1	218	0	312	0	0	0	0	247	271	0	191	306	144	0	0	0	52	181	0	36	393	217	177	0	495	0	0	0	255	215	0	393	171	0	0	0	207	216	127	446	435	77	251	255	316	248	108	81	248	0	201	0	102	477	261	248	531	9
725	192	48	387	224	187	344	377	112	228	512	231	0	312	362	412	232	449	227	543	195	231	227	228	478	502	0	422	537	375	162	128	212	283	412	192	267	624	448	408	111	726	167	48	170	486	446	107	624	402	222	224	153	438	447	358	677	666	308	482	486	547	479	339	312	479	132	432	224	333	708	492	479	762	240
413	0	0	75	0	0	32	65	0	0	200	0	0	0	50	100	0	137	0	231	0	0	0	0	166	190	0	110	225	63	0	0	0	0	100	0	0	312	136	96	0	414	0	0	0	174	134	0	312	90	0	0	0	126	135	46	365	354	0	170	174	235	167	27	0	167	0	120	0	21	396	180	167	450	0
363	0	0	25	0	0	0	15	0	0	150	0	0	0	0	50	0	87	0	181	0	0	0	0	116	140	0	60	175	13	0	0	0	0	50	0	0	262	86	46	0	364	0	0	0	124	84	0	262	40	0	0	0	76	85	0	315	304	0	120	124	185	117	0	0	117	0	70	0	0	346	130	117	400	0
313	0	0	0	0	0	0	0	0	0	100	0	0	0	0	0	0	37	0	131	0	0	0	0	66	90	0	10	125	0	0	0	0	0	0	0	0	212	36	0	0	314	0	0	0	74	34	0	212	0	0	0	0	26	35	0	265	254	0	70	74	135	67	0	0	67	0	20	0	0	296	80	67	350	0
493	0	0	155	0	0	112	145	0	0	280	0	0	80	130	180	0	217	0	311	0	0	0	0	246	270	0	190	305	143	0	0	0	51	180	0	35	392	216	176	0	494	0	0	0	254	214	0	392	170	0	0	0	206	215	126	445	434	76	250	254	315	247	107	80	247	0	200	0	101	476	260	247	530	8
276	0	0	0	0	0	0	0	0	0	63	0	0	0	0	0	0	0	0	94	0	0	0	0	29	53	0	0	88	0	0	0	0	0	0	0	0	175	0	0	0	277	0	0	0	37	0	0	175	0	0	0	0	0	0	0	228	217	0	33	37	98	30	0	0	30	0	0	0	0	259	43	30	313	0
498	0	0	160	0	0	117	150	0	1	285	4	0	85	135	185	5	222	0	316	0	4	0	1	251	275	0	195	310	148	0	0	0	56	185	0	40	397	221	181	0	499	0	0	0	259	219	0	397	175	0	0	0	211	220	131	450	439	81	255	259	320	252	112	85	252	0	205	0	106	481	265	252	535	13
182	0	0	0	0	0	0	0	0	0	0	0	0	0	0	0	0	0	0	0	0	0	0	0	0	0	0	0	0	0	0	0	0	0	0	0	0	81	0	0	0	183	0	0	0	0	0	0	81	0	0	0	0	0	0	0	134	123	0	0	0	4	0	0	0	0	0	0	0	0	165	0	0	219	0
530	0	0	192	29	0	149	182	0	33	317	36	0	117	167	217	37	254	32	348	0	36	32	33	283	307	0	227	342	180	0	0	17	88	217	0	72	429	253	213	0	531	0	0	0	291	251	0	429	207	27	29	0	243	252	163	482	471	113	287	291	352	284	144	117	284	0	237	29	138	513	297	284	567	45
494	0	0	156	0	0	113	146	0	0	281	0	0	81	131	181	1	218	0	312	0	0	0	0	247	271	0	191	306	144	0	0	0	52	181	0	36	393	217	177	0	495	0	0	0	255	215	0	393	171	0	0	0	207	216	127	446	435	77	251	255	316	248	108	81	248	0	201	0	102	477	261	248	531	9
498	0	0	160	0	0	117	150	0	1	285	4	0	85	135	185	5	222	0	316	0	4	0	1	251	275	0	195	310	148	0	0	0	56	185	0	40	397	221	181	0	499	0	0	0	259	219	0	397	175	0	0	0	211	220	131	450	439	81	255	259	320	252	112	85	252	0	205	0	106	481	265	252	535	13
497	0	0	159	0	0	116	149	0	0	284	3	0	84	134	184	4	221	0	315	0	3	0	0	250	274	0	194	309	147	0	0	0	55	184	0	39	396	220	180	0	498	0	0	0	258	218	0	396	174	0	0	0	210	219	130	449	438	80	254	258	319	251	111	84	251	0	204	0	105	480	264	251	534	12
247	0	0	0	0	0	0	0	0	0	34	0	0	0	0	0	0	0	0	65	0	0	0	0	0	24	0	0	59	0	0	0	0	0	0	0	0	146	0	0	0	248	0	0	0	8	0	0	146	0	0	0	0	0	0	0	199	188	0	4	8	69	1	0	0	1	0	0	0	0	230	14	1	284	0
223	0	0	0	0	0	0	0	0	0	10	0	0	0	0	0	0	0	0	41	0	0	0	0	0	0	0	0	35	0	0	0	0	0	0	0	0	122	0	0	0	224	0	0	0	0	0	0	122	0	0	0	0	0	0	0	175	164	0	0	0	45	0	0	0	0	0	0	0	0	206	0	0	260	0
795	262	118	457	294	257	414	447	182	298	582	301	70	382	432	482	302	519	297	613	265	301	297	298	548	572	0	492	607	445	232	198	282	353	482	262	337	694	518	478	181	796	237	118	240	556	516	177	694	472	292	294	223	508	517	428	747	736	378	552	556	617	549	409	382	549	202	502	294	403	778	562	549	832	310
303	0	0	0	0	0	0	0	0	0	90	0	0	0	0	0	0	27	0	121	0	0	0	0	56	80	0	0	115	0	0	0	0	0	0	0	0	202	26	0	0	304	0	0	0	64	24	0	202	0	0	0	0	16	25	0	255	244	0	60	64	125	57	0	0	57	0	10	0	0	286	70	57	340	0
188	0	0	0	0	0	0	0	0	0	0	0	0	0	0	0	0	0	0	6	0	0	0	0	0	0	0	0	0	0	0	0	0	0	0	0	0	87	0	0	0	189	0	0	0	0	0	0	87	0	0	0	0	0	0	0	140	129	0	0	0	10	0	0	0	0	0	0	0	0	171	0	0	225	0
350	0	0	12	0	0	0	2	0	0	137	0	0	0	0	37	0	74	0	168	0	0	0	0	103	127	0	47	162	0	0	0	0	0	37	0	0	249	73	33	0	351	0	0	0	111	71	0	249	27	0	0	0	63	72	0	302	291	0	107	111	172	104	0	0	104	0	57	0	0	333	117	104	387	0
563	30	0	225	62	25	182	215	0	66	350	69	0	150	200	250	70	287	65	381	33	69	65	66	316	340	0	260	375	213	0	0	50	121	250	30	105	462	286	246	0	564	5	0	8	324	284	0	462	240	60	62	0	276	285	196	515	504	146	320	324	385	317	177	150	317	0	270	62	171	546	330	317	600	78
597	64	0	259	96	59	216	249	0	100	384	103	0	184	234	284	104	321	99	415	67	103	99	100	350	374	0	294	409	247	34	0	84	155	284	64	139	496	320	280	0	598	39	0	42	358	318	0	496	274	94	96	25	310	319	230	549	538	180	354	358	419	351	211	184	351	4	304	96	205	580	364	351	634	112
513	0	0	175	12	0	132	165	0	16	300	19	0	100	150	200	20	237	15	331	0	19	15	16	266	290	0	210	325	163	0	0	0	71	200	0	55	412	236	196	0	514	0	0	0	274	234	0	412	190	10	12	0	226	235	146	465	454	96	270	274	335	267	127	100	267	0	220	12	121	496	280	267	550	28
442	0	0	104	0	0	61	94	0	0	229	0	0	29	79	129	0	166	0	260	0	0	0	0	195	219	0	139	254	92	0	0	0	0	129	0	0	341	165	125	0	443	0	0	0	203	163	0	341	119	0	0	0	155	164	75	394	383	25	199	203	264	196	56	29	196	0	149	0	50	425	209	196	479	0
313	0	0	0	0	0	0	0	0	0	100	0	0	0	0	0	0	37	0	131	0	0	0	0	66	90	0	10	125	0	0	0	0	0	0	0	0	212	36	0	0	314	0	0	0	74	34	0	212	0	0	0	0	26	35	0	265	254	0	70	74	135	67	0	0	67	0	20	0	0	296	80	67	350	0
533	0	0	195	32	0	152	185	0	36	320	39	0	120	170	220	40	257	35	351	3	39	35	36	286	310	0	230	345	183	0	0	20	91	220	0	75	432	256	216	0	534	0	0	0	294	254	0	432	210	30	32	0	246	255	166	485	474	116	290	294	355	287	147	120	287	0	240	32	141	516	300	287	570	48
458	0	0	120	0	0	77	110	0	0	245	0	0	45	95	145	0	182	0	276	0	0	0	0	211	235	0	155	270	108	0	0	0	16	145	0	0	357	181	141	0	459	0	0	0	219	179	0	357	135	0	0	0	171	180	91	410	399	41	215	219	280	212	72	45	212	0	165	0	66	441	225	212	495	0
101	0	0	0	0	0	0	0	0	0	0	0	0	0	0	0	0	0	0	0	0	0	0	0	0	0	0	0	0	0	0	0	0	0	0	0	0	0	0	0	0	102	0	0	0	0	0	0	0	0	0	0	0	0	0	0	53	42	0	0	0	0	0	0	0	0	0	0	0	0	84	0	0	138	0
277	0	0	0	0	0	0	0	0	0	64	0	0	0	0	0	0	1	0	95	0	0	0	0	30	54	0	0	89	0	0	0	0	0	0	0	0	176	0	0	0	278	0	0	0	38	0	0	176	0	0	0	0	0	0	0	229	218	0	34	38	99	31	0	0	31	0	0	0	0	260	44	31	314	0
317	0	0	0	0	0	0	0	0	0	104	0	0	0	0	4	0	41	0	135	0	0	0	0	70	94	0	14	129	0	0	0	0	0	4	0	0	216	40	0	0	318	0	0	0	78	38	0	216	0	0	0	0	30	39	0	269	258	0	74	78	139	71	0	0	71	0	24	0	0	300	84	71	354	0
614	81	0	276	113	76	233	266	1	117	401	120	0	201	251	301	121	338	116	432	84	120	116	117	367	391	0	311	426	264	51	17	101	172	301	81	156	513	337	297	0	615	56	0	59	375	335	0	513	291	111	113	42	327	336	247	566	555	197	371	375	436	368	228	201	368	21	321	113	222	597	381	368	651	129
0	0	0	0	0	0	0	0	0	0	0	0	0	0	0	0	0	0	0	0	0	0	0	0	0	0	0	0	0	0	0	0	0	0	0	0	0	0	0	0	0	0	0	0	0	0	0	0	0	0	0	0	0	0	0	0	0	0	0	0	0	0	0	0	0	0	0	0	0	0	0	0	0	36	0
558	25	0	220	57	20	177	210	0	61	345	64	0	145	195	245	65	282	60	376	28	64	60	61	311	335	0	255	370	208	0	0	45	116	245	25	100	457	281	241	0	559	0	0	3	319	279	0	457	235	55	57	0	271	280	191	510	499	141	315	319	380	312	172	145	312	0	265	57	166	541	325	312	595	73
677	144	0	339	176	139	296	329	64	180	464	183	0	264	314	364	184	401	179	495	147	183	179	180	430	454	0	374	489	327	114	80	164	235	364	144	219	576	400	360	63	678	119	0	122	438	398	59	576	354	174	176	105	390	399	310	629	618	260	434	438	499	431	291	264	431	84	384	176	285	660	444	431	714	192
555	22	0	217	54	17	174	207	0	58	342	61	0	142	192	242	62	279	57	373	25	61	57	58	308	332	0	252	367	205	0	0	42	113	242	22	97	454	278	238	0	556	0	0	0	316	276	0	454	232	52	54	0	268	277	188	507	496	138	312	316	377	309	169	142	309	0	262	54	163	538	322	309	592	70
239	0	0	0	0	0	0	0	0	0	26	0	0	0	0	0	0	0	0	57	0	0	0	0	0	16	0	0	51	0	0	0	0	0	0	0	0	138	0	0	0	240	0	0	0	0	0	0	138	0	0	0	0	0	0	0	191	180	0	0	0	61	0	0	0	0	0	0	0	0	222	6	0	276	0
279	0	0	0	0	0	0	0	0	0	66	0	0	0	0	0	0	3	0	97	0	0	0	0	32	56	0	0	91	0	0	0	0	0	0	0	0	178	2	0	0	280	0	0	0	40	0	0	178	0	0	0	0	0	1	0	231	220	0	36	40	101	33	0	0	33	0	0	0	0	262	46	33	316	0
618	85	0	280	117	80	237	270	5	121	405	124	0	205	255	305	125	342	120	436	88	124	120	121	371	395	0	315	430	268	55	21	105	176	305	85	160	517	341	301	4	619	60	0	63	379	339	0	517	295	115	117	46	331	340	251	570	559	201	375	379	440	372	232	205	372	25	325	117	226	601	385	372	655	133
101	0	0	0	0	0	0	0	0	0	0	0	0	0	0	0	0	0	0	0	0	0	0	0	0	0	0	0	0	0	0	0	0	0	0	0	0	0	0	0	0	102	0	0	0	0	0	0	0	0	0	0	0	0	0	0	53	42	0	0	0	0	0	0	0	0	0	0	0	0	84	0	0	138	0
323	0	0	0	0	0	0	0	0	0	110	0	0	0	0	10	0	47	0	141	0	0	0	0	76	100	0	20	135	0	0	0	0	0	10	0	0	222	46	6	0	324	0	0	0	84	44	0	222	0	0	0	0	36	45	0	275	264	0	80	84	145	77	0	0	77	0	30	0	0	306	90	77	360	0
503	0	0	165	2	0	122	155	0	6	290	9	0	90	140	190	10	227	5	321	0	9	5	6	256	280	0	200	315	153	0	0	0	61	190	0	45	402	226	186	0	504	0	0	0	264	224	0	402	180	0	2	0	216	225	136	455	444	86	260	264	325	257	117	90	257	0	210	2	111	486	270	257	540	18
501	0	0	163	0	0	120	153	0	4	288	7	0	88	138	188	8	225	3	319	0	7	3	4	254	278	0	198	313	151	0	0	0	59	188	0	43	400	224	184	0	502	0	0	0	262	222	0	400	178	0	0	0	214	223	134	453	442	84	258	262	323	255	115	88	255	0	208	0	109	484	268	255	538	16
572	39	0	234	71	34	191	224	0	75	359	78	0	159	209	259	79	296	74	390	42	78	74	75	325	349	0	269	384	222	9	0	59	130	259	39	114	471	295	255	0	573	14	0	17	333	293	0	471	249	69	71	0	285	294	205	524	513	155	329	333	394	326	186	159	326	0	279	71	180	555	339	326	609	87
287	0	0	0	0	0	0	0	0	0	74	0	0	0	0	0	0	11	0	105	0	0	0	0	40	64	0	0	99	0	0	0	0	0	0	0	0	186	10	0	0	288	0	0	0	48	8	0	186	0	0	0	0	0	9	0	239	228	0	44	48	109	41	0	0	41	0	0	0	0	270	54	41	324	0
278	0	0	0	0	0	0	0	0	0	65	0	0	0	0	0	0	2	0	96	0	0	0	0	31	55	0	0	90	0	0	0	0	0	0	0	0	177	1	0	0	279	0	0	0	39	0	0	177	0	0	0	0	0	0	0	230	219	0	35	39	100	32	0	0	32	0	0	0	0	261	45	32	315	0
367	0	0	29	0	0	0	19	0	0	154	0	0	0	4	54	0	91	0	185	0	0	0	0	120	144	0	64	179	17	0	0	0	0	54	0	0	266	90	50	0	368	0	0	0	128	88	0	266	44	0	0	0	80	89	0	319	308	0	124	128	189	121	0	0	121	0	74	0	0	350	134	121	404	0
48	0	0	0	0	0	0	0	0	0	0	0	0	0	0	0	0	0	0	0	0	0	0	0	0	0	0	0	0	0	0	0	0	0	0	0	0	0	0	0	0	49	0	0	0	0	0	0	0	0	0	0	0	0	0	0	0	0	0	0	0	0	0	0	0	0	0	0	0	0	31	0	0	85	0
59	0	0	0	0	0	0	0	0	0	0	0	0	0	0	0	0	0	0	0	0	0	0	0	0	0	0	0	0	0	0	0	0	0	0	0	0	0	0	0	0	60	0	0	0	0	0	0	0	0	0	0	0	0	0	0	11	0	0	0	0	0	0	0	0	0	0	0	0	0	42	0	0	96	0
417	0	0	79	0	0	36	69	0	0	204	0	0	4	54	104	0	141	0	235	0	0	0	0	170	194	0	114	229	67	0	0	0	0	104	0	0	316	140	100	0	418	0	0	0	178	138	0	316	94	0	0	0	130	139	50	369	358	0	174	178	239	171	31	4	171	0	124	0	25	400	184	171	454	0
243	0	0	0	0	0	0	0	0	0	30	0	0	0	0	0	0	0	0	61	0	0	0	0	0	20	0	0	55	0	0	0	0	0	0	0	0	142	0	0	0	244	0	0	0	4	0	0	142	0	0	0	0	0	0	0	195	184	0	0	4	65	0	0	0	0	0	0	0	0	226	10	0	280	0
239	0	0	0	0	0	0	0	0	0	26	0	0	0	0	0	0	0	0	57	0	0	0	0	0	16	0	0	51	0	0	0	0	0	0	0	0	138	0	0	0	240	0	0	0	0	0	0	138	0	0	0	0	0	0	0	191	180	0	0	0	61	0	0	0	0	0	0	0	0	222	6	0	276	0
178	0	0	0	0	0	0	0	0	0	0	0	0	0	0	0	0	0	0	0	0	0	0	0	0	0	0	0	0	0	0	0	0	0	0	0	0	77	0	0	0	179	0	0	0	0	0	0	77	0	0	0	0	0	0	0	130	119	0	0	0	0	0	0	0	0	0	0	0	0	161	0	0	215	0
246	0	0	0	0	0	0	0	0	0	33	0	0	0	0	0	0	0	0	64	0	0	0	0	0	23	0	0	58	0	0	0	0	0	0	0	0	145	0	0	0	247	0	0	0	7	0	0	145	0	0	0	0	0	0	0	198	187	0	3	7	68	0	0	0	0	0	0	0	0	229	13	0	283	0
386	0	0	48	0	0	5	38	0	0	173	0	0	0	23	73	0	110	0	204	0	0	0	0	139	163	0	83	198	36	0	0	0	0	73	0	0	285	109	69	0	387	0	0	0	147	107	0	285	63	0	0	0	99	108	19	338	327	0	143	147	208	140	0	0	140	0	93	0	0	369	153	140	423	0
413	0	0	75	0	0	32	65	0	0	200	0	0	0	50	100	0	137	0	231	0	0	0	0	166	190	0	110	225	63	0	0	0	0	100	0	0	312	136	96	0	414	0	0	0	174	134	0	312	90	0	0	0	126	135	46	365	354	0	170	174	235	167	27	0	167	0	120	0	21	396	180	167	450	0
246	0	0	0	0	0	0	0	0	0	33	0	0	0	0	0	0	0	0	64	0	0	0	0	0	23	0	0	58	0	0	0	0	0	0	0	0	145	0	0	0	247	0	0	0	7	0	0	145	0	0	0	0	0	0	0	198	187	0	3	7	68	0	0	0	0	0	0	0	0	229	13	0	283	0
593	60	0	255	92	55	212	245	0	96	380	99	0	180	230	280	100	317	95	411	63	99	95	96	346	370	0	290	405	243	30	0	80	151	280	60	135	492	316	276	0	594	35	0	38	354	314	0	492	270	90	92	21	306	315	226	545	534	176	350	354	415	347	207	180	347	0	300	92	201	576	360	347	630	108
293	0	0	0	0	0	0	0	0	0	80	0	0	0	0	0	0	17	0	111	0	0	0	0	46	70	0	0	105	0	0	0	0	0	0	0	0	192	16	0	0	294	0	0	0	54	14	0	192	0	0	0	0	6	15	0	245	234	0	50	54	115	47	0	0	47	0	0	0	0	276	60	47	330	0
501	0	0	163	0	0	120	153	0	4	288	7	0	88	138	188	8	225	3	319	0	7	3	4	254	278	0	198	313	151	0	0	0	59	188	0	43	400	224	184	0	502	0	0	0	262	222	0	400	178	0	0	0	214	223	134	453	442	84	258	262	323	255	115	88	255	0	208	0	109	484	268	255	538	16
392	0	0	54	0	0	11	44	0	0	179	0	0	0	29	79	0	116	0	210	0	0	0	0	145	169	0	89	204	42	0	0	0	0	79	0	0	291	115	75	0	393	0	0	0	153	113	0	291	69	0	0	0	105	114	25	344	333	0	149	153	214	146	6	0	146	0	99	0	0	375	159	146	429	0
17	0	0	0	0	0	0	0	0	0	0	0	0	0	0	0	0	0	0	0	0	0	0	0	0	0	0	0	0	0	0	0	0	0	0	0	0	0	0	0	0	18	0	0	0	0	0	0	0	0	0	0	0	0	0	0	0	0	0	0	0	0	0	0	0	0	0	0	0	0	0	0	0	54	0
233	0	0	0	0	0	0	0	0	0	20	0	0	0	0	0	0	0	0	51	0	0	0	0	0	10	0	0	45	0	0	0	0	0	0	0	0	132	0	0	0	234	0	0	0	0	0	0	132	0	0	0	0	0	0	0	185	174	0	0	0	55	0	0	0	0	0	0	0	0	216	0	0	270	0
246	0	0	0	0	0	0	0	0	0	33	0	0	0	0	0	0	0	0	64	0	0	0	0	0	23	0	0	58	0	0	0	0	0	0	0	0	145	0	0	0	247	0	0	0	7	0	0	145	0	0	0	0	0	0	0	198	187	0	3	7	68	0	0	0	0	0	0	0	0	229	13	0	283	0
0	0	0	0	0	0	0	0	0	0	0	0	0	0	0	0	0	0	0	0	0	0	0	0	0	0	0	0	0	0	0	0	0	0	0	0	0	0	0	0	0	0	0	0	0	0	0	0	0	0	0	0	0	0	0	0	0	0	0	0	0	0	0	0	0	0	0	0	0	0	0	0	0	0	0
485	0	0	147	0	0	104	137	0	0	272	0	0	72	122	172	0	209	0	303	0	0	0	0	238	262	0	182	297	135	0	0	0	43	172	0	27	384	208	168	0	486	0	0	0	246	206	0	384	162	0	0	0	198	207	118	437	426	68	242	246	307	239	99	72	239	0	192	0	93	468	252	239	522	0

0	533	677	338	501	538	381	348	613	497	213	494	725	413	363	313	493	276	498	182	530	494	498	497	247	223	795	303	188	350	563	597	513	442	313	533	458	101	277	317	614	0	558	677	555	239	279	618	101	323	503	501	572	287	278	367	48	59	417	243	239	178	246	386	413	246	593	293	501	392	17	233	246	0	485
0	0	144	0	0	5	0	0	80	0	0	0	192	0	0	0	0	0	0	0	0	0	0	0	0	0	262	0	0	0	30	64	0	0	0	0	0	0	0	0	81	0	25	144	22	0	0	85	0	0	0	0	39	0	0	0	0	0	0	0	0	0	0	0	0	0	60	0	0	0	0	0	0	0	0
0	0	0	0	0	0	0	0	0	0	0	0	48	0	0	0	0	0	0	0	0	0	0	0	0	0	118	0	0	0	0	0	0	0	0	0	0	0	0	0	0	0	0	0	0	0	0	0	0	0	0	0	0	0	0	0	0	0	0	0	0	0	0	0	0	0	0	0	0	0	0	0	0	0	0
0	195	339	0	163	200	43	10	275	159	0	156	387	75	25	0	155	0	160	0	192	156	160	159	0	0	457	0	0	12	225	259	175	104	0	195	120	0	0	0	276	0	220	339	217	0	0	280	0	0	165	163	234	0	0	29	0	0	79	0	0	0	0	48	75	0	255	0	163	54	0	0	0	0	147
0	32	176	0	0	37	0	0	112	0	0	0	224	0	0	0	0	0	0	0	29	0	0	0	0	0	294	0	0	0	62	96	12	0	0	32	0	0	0	0	113	0	57	176	54	0	0	117	0	0	2	0	71	0	0	0	0	0	0	0	0	0	0	0	0	0	92	0	0	0	0	0	0	0	0
0	0	139	0	0	0	0	0	75	0	0	0	187	0	0	0	0	0	0	0	0	0	0	0	0	0	257	0	0	0	25	59	0	0	0	0	0	0	0	0	76	0	20	139	17	0	0	80	0	0	0	0	34	0	0	0	0	0	0	0	0	0	0	0	0	0	55	0	0	0	0	0	0	0	0
0	152	296	0	120	157	0	0	232	116	0	113	344	32	0	0	112	0	117	0	149	113	117	116	0	0	414	0	0	0	182	216	132	61	0	152	77	0	0	0	233	0	177	296	174	0	0	237	0	0	122	120	191	0	0	0	0	0	36	0	0	0	0	5	32	0	212	0	120	11	0	0	0	0	104
0	185	329	0	153	190	33	0	265	149	0	146	377	65	15	0	145	0	150	0	182	146	150	149	0	0	447	0	0	2	215	249	165	94	0	185	110	0	0	0	266	0	210	329	207	0	0	270	0	0	155	153	224	0	0	19	0	0	69	0	0	0	0	38	65	0	245	0	153	44	0	0	0	0	137
0	0	64	0	0	0	0	0	0	0	0	0	112	0	0	0	0	0	0	0	0	0	0	0	0	0	182	0	0	0	0	0	0	0	0	0	0	0	0	0	1	0	0	64	0	0	0	5	0	0	0	0	0	0	0	0	0	0	0	0	0	0	0	0	0	0	0	0	0	0	0	0	0	0	0
0	36	180	0	4	41	0	0	116	0	0	0	228	0	0	0	0	0	1	0	33	0	1	0	0	0	298	0	0	0	66	100	16	0	0	36	0	0	0	0	117	0	61	180	58	0	0	121	0	0	6	4	75	0	0	0	0	0	0	0	0	0	0	0	0	0	96	0	4	0	0	0	0	0	0
0	320	464	125	288	325	168	135	400	284	0	281	512	200	150	100	280	63	285	0	317	281	285	284	34	10	582	90	0	137	350	384	300	229	100	320	245	0	64	104	401	0	345	464	342	26	66	405	0	110	290	288	359	74	65	154	0	0	204	30	26	0	33	173	200	33	380	80	288	179	0	20	33	0	272
0	39	183	0	7	44	0	0	119	3	0	0	231	0	0	0	0	0	4	0	36	0	4	3	0	0	301	0	0	0	69	103	19	0	0	39	0	0	0	0	120	0	64	183	61	0	0	124	0	0	9	7	78	0	0	0	0	0	0	0	0	0	0	0	0	0	99	0	7	0	0	0	0	0	0
0	0	0	0	0	0	0	0	0	0	0	0	0	0	0	0	0	0	0	0	0	0	0	0	0	0	70	0	0	0	0	0	0	0	0	0	0	0	0	0	0	0	0	0	0	0	0	0	0	0	0	0	0	0	0	0	0	0	0	0	0	0	0	0	0	0	0	0	0	0	0	0	0	0	0
0	120	264	0	88	125	0	0	200	84	0	81	312	0	0	0	80	0	85	0	117	81	85	84	0	0	382	0	0	0	150	184	100	29	0	120	45	0	0	0	201	0	145	264	142	0	0	205	0	0	90	88	159	0	0	0	0	0	4	0	0	0	0	0	0	0	180	0	88	0	0	0	0	0	72
0	170	314	0	138	175	18	0	250	134	0	131	362	50	0	0	130	0	135	0	167	131	135	134	0	0	432	0	0	0	200	234	150	79	0	170	95	0	0	0	251	0	195	314	192	0	0	255	0	0	140	138	209	0	0	4	0	0	54	0	0	0	0	23	50	0	230	0	138	29	0	0	0	0	122
0	220	364	25	188	225	68	35	300	184	0	181	412	100	50	0	180	0	185	0	217	181	185	184	0	0	482	0	0	37	250	284	200	129	0	220	145	0	0	4	301	0	245	364	242	0	0	305	0	10	190	188	259	0	0	54	0	0	104	0	0	0	0	73	100	0	280	0	188	79	0	0	0	0	172
0	40	184	0	8	45	0	0	120	4	0	1	232	0	0	0	0	0	5	0	37	1	5	4	0	0	302	0	0	0	70	104	20	0	0	40	0	0	0	0	121	0	65	184	62	0	0	125	0	0	10	8	79	0	0	0	0	0	0	0	0	0	0	0	0	0	100	0	8	0	0	0	0	0	0
0	257	401	62	225	262	105	72	337	221	0	218	449	137	87	37	217	0	222	0	254	218	222	221	0	0	519	27	0	74	287	321	237	166	37	257	182	0	1	41	338	0	282	401	279	0	3	342	0	47	227	225	296	11	2	91	0	0	141	0	0	0	0	110	137	0	317	17	225	116	0	0	0	0	209
0	35	179	0	3	40	0	0	115	0	0	0	227	0	0	0	0	0	0	0	32	0	0	0	0	0	297	0	0	0	65	99	15	0	0	35	0	0	0	0	116	0	60	179	57	0	0	120	0	0	5	3	74	0	0	0	0	0	0	0	0	0	0	0	0	0	95	0	3	0	0	0	0	0	0
0	351	495	156	319	356	199	166	431	315	31	312	543	231	181	131	311	94	316	0	348	312	316	315	65	41	613	121	6	168	381	415	331	260	131	351	276	0	95	135	432	0	376	495	373	57	97	436	0	141	321	319	390	105	96	185	0	0	235	61	57	0	64	204	231	64	411	111	319	210	0	51	64	0	303
0	3	147	0	0	8	0	0	83	0	0	0	195	0	0	0	0	0	0	0	0	0	0	0	0	0	265	0	0	0	33	67	0	0	0	3	0	0	0	0	84	0	28	147	25	0	0	88	0	0	0	0	42	0	0	0	0	0	0	0	0	0	0	0	0	0	63	0	0	0	0	0	0	0	0
0	39	183	0	7	44	0	0	119	3	0	0	231	0	0	0	0	0	4	0	36	0	4	3	0	0	301	0	0	0	69	103	19	0	0	39	0	0	0	0	120	0	64	183	61	0	0	124	0	0	9	7	78	0	0	0	0	0	0	0	0	0	0	0	0	0	99	0	7	0	0	0	0	0	0
0	35	179	0	3	40	0	0	115	0	0	0	227	0	0	0	0	0	0	0	32	0	0	0	0	0	297	0	0	0	65	99	15	0	0	35	0	0	0	0	116	0	60	179	57	0	0	120	0	0	5	3	74	0	0	0	0	0	0	0	0	0	0	0	0	0	95	0	3	0	0	0	0	0	0
0	36	180	0	4	41	0	0	116	0	0	0	228	0	0	0	0	0	1	0	33	0	1	0	0	0	298	0	0	0	66	100	16	0	0	36	0	0	0	0	117	0	61	180	58	0	0	121	0	0	6	4	75	0	0	0	0	0	0	0	0	0	0	0	0	0	96	0	4	0	0	0	0	0	0
0	286	430	91	254	291	134	101	366	250	0	247	478	166	116	66	246	29	251	0	283	247	251	250	0	0	548	56	0	103	316	350	266	195	66	286	211	0	30	70	367	0	311	430	308	0	32	371	0	76	256	254	325	40	31	120	0	0	170	0	0	0	0	139	166	0	346	46	254	145	0	0	0	0	238
0	310	454	115	278	315	158	125	390	274	0	271	502	190	140	90	270	53	275	0	307	271	275	274	24	0	572	80	0	127	340	374	290	219	90	310	235	0	54	94	391	0	335	454	332	16	56	395	0	100	280	278	349	64	55	144	0	0	194	20	16	0	23	163	190	23	370	70	278	169	0	10	23	0	262
0	0	0	0	0	0	0	0	0	0	0	0	0	0	0	0	0	0	0	0	0	0	0	0	0	0	0	0	0	0	0	0	0	0	0	0	0	0	0	0	0	0	0	0	0	0	0	0	0	0	0	0	0	0	0	0	0	0	0	0	0	0	0	0	0	0	0	0	0	0	0	0	0	0	0
0	230	374	35	198	235	78	45	310	194	0	191	422	110	60	10	190	0	195	0	227	191	195	194	0	0	492	0	0	47	260	294	210	139	10	230	155	0	0	14	311	0	255	374	252	0	0	315	0	20	200	198	269	0	0	64	0	0	114	0	0	0	0	83	110	0	290	0	198	89	0	0	0	0	182
0	345	489	150	313	350	193	160	425	309	25	306	537	225	175	125	305	88	310	0	342	306	310	309	59	35	607	115	0	162	375	409	325	254	125	345	270	0	89	129	426	0	370	489	367	51	91	430	0	135	315	313	384	99	90	179	0	0	229	55	51	0	58	198	225	58	405	105	313	204	0	45	58	0	297
0	183	327	0	151	188	31	0	263	147	0	144	375	63	13	0	143	0	148	0	180	144	148	147	0	0	445	0	0	0	213	247	163	92	0	183	108	0	0	0	264	0	208	327	205	0	0	268	0	0	153	151	222	0	0	17	0	0	67	0	0	0	0	36	63	0	243	0	151	42	0	0	0	0	135
0	0	114	0	0	0	0	0	50	0	0	0	162	0	0	0	0	0	0	0	0	0	0	0	0	0	232	0	0	0	0	34	0	0	0	0	0	0	0	0	51	0	0	114	0	0	0	55	0	0	0	0	9	0	0	0	0	0	0	0	0	0	0	0	0	0	30	0	0	0	0	0	0	0	0
0	0	80	0	0	0	0	0	16	0	0	0	128	0	0	0	0	0	0	0	0	0	0	0	0	0	198	0	0	0	0	0	0	0	0	0	0	0	0	0	17	0	0	80	0	0	0	21	0	0	0	0	0	0	0	0	0	0	0	0	0	0	0	0	0	0	0	0	0	0	0	0	0	0	0
0	20	164	0	0	25	0	0	100	0	0	0	212	0	0	0	0	0	0	0	17	0	0	0	0	0	282	0	0	0	50	84	0	0	0	20	0	0	0	0	101	0	45	164	42	0	0	105	0	0	0	0	59	0	0	0	0	0	0	0	0	0	0	0	0	0	80	0	0	0	0	0	0	0	0
0	91	235	0	59	96	0	0	171	55	0	52	283	0	0	0	51	0	56	0	88	52	56	55	0	0	353	0	0	0	121	155	71	0	0	91	16	0	0	0	172	0	116	235	113	0	0	176	0	0	61	59	130	0	0	0	0	0	0	0	0	0	0	0	0	0	151	0	59	0	0	0	0	0	43
0	220	364	25	188	225	68	35	300	184	0	181	412	100	50	0	180	0	185	0	217	181	185	184	0	0	482	0	0	37	250	284	200	129	0	220	145	0	0	4	301	0	245	364	242	0	0	305	0	10	190	188	259	0	0	54	0	0	104	0	0	0	0	73	100	0	280	0	188	79	0	0	0	0	172
0	0	144	0	0	5	0	0	80	0	0	0	192	0	0	0	0	0	0	0	0	0	0	0	0	0	262	0	0	0	30	64	0	0	0	0	0	0	0	0	81	0	25	144	22	0	0	85	0	0	0	0	39	0	0	0	0	0	0	0	0	0	0	0	0	0	60	0	0	0	0	0	0	0	0
0	75	219	0	43	80	0	0	155	39	0	36	267	0	0	0	35	0	40	0	72	36	40	39	0	0	337	0	0	0	105	139	55	0	0	75	0	0	0	0	156	0	100	219	97	0	0	160	0	0	45	43	114	0	0	0	0	0	0	0	0	0	0	0	0	0	135	0	43	0	0	0	0	0	27
0	432	576	237	400	437	280	247	512	396	112	393	624	312	262	212	392	175	397	81	429	393	397	396	146	122	694	202	87	249	462	496	412	341	212	432	357	0	176	216	513	0	457	576	454	138	178	517	0	222	402	400	471	186	177	266	0	0	316	142	138	77	145	285	312	145	492	192	400	291	0	132	145	0	384
0	256	400	61	224	261	104	71	336	220	0	217	448	136	86	36	216	0	221	0	253	217	221	220	0	0	518	26	0	73	286	320	236	165	36	256	181	0	0	40	337	0	281	400	278	0	2	341	0	46	226	224	295	10	1	90	0	0	140	0	0	0	0	109	136	0	316	16	224	115	0	0	0	0	208
0	216	360	21	184	221	64	31	296	180	0	177	408	96	46	0	176	0	181	0	213	177	181	180	0	0	478	0	0	33	246	280	196	125	0	216	141	0	0	0	297	0	241	360	238	0	0	301	0	6	186	184	255	0	0	50	0	0	100	0	0	0	0	69	96	0	276	0	184	75	0	0	0	0	168
0	0	63	0	0	0	0	0	0	0	0	0	111	0	0	0	0	0	0	0	0	0	0	0	0	0	181	0	0	0	0	0	0	0	0	0	0	0	0	0	0	0	0	63	0	0	0	4	0	0	0	0	0	0	0	0	0	0	0	0	0	0	0	0	0	0	0	0	0	0	0	0	0	0	0
1	534	678	339	502	539	382	349	614	498	214	495	726	414	364	314	494	277	499	183	531	495	499	498	248	224	796	304	189	351	564	598	514	443	314	534	459	102	278	318	615	0	559	678	556	240	280	619	102	324	504	502	573	288	279	368	49	60	418	244	240	179	247	387	414	247	594	294	502	393	18	234	247	0	486
0	0	119	0	0	0	0	0	55	0	0	0	167	0	0	0	0	0	0	0	0	0	0	0	0	0	237	0	0	0	5	39	0	0	0	0	0	0	0	0	56	0	0	119	0	0	0	60	0	0	0	0	14	0	0	0	0	0	0	0	0	0	0	0	0	0	35	0	0	0	0	0	0	0	0
0	0	0	0	0	0	0	0	0	0	0	0	48	0	0	0	0	0	0	0	0	0	0	0	0	0	118	0	0	0	0	0	0	0	0	0	0	0	0	0	0	0	0	0	0	0	0	0	0	0	0	0	0	0	0	0	0	0	0	0	0	0	0	0	0	0	0	0	0	0	0	0	0	0	0
0	0	122	0	0	0	0	0	58	0	0	0	170	0	0	0	0	0	0	0	0	0	0	0	0	0	240	0	0	0	8	42	0	0	0	0	0	0	0	0	59	0	3	122	0	0	0	63	0	0	0	0	17	0	0	0	0	0	0	0	0	0	0	0	0	0	38	0	0	0	0	0	0	0	0
0	294	438	99	262	299	142	109	374	258	0	255	486	174	124	74	254	37	259	0	291	255	259	258	8	0	556	64	0	111	324	358	274	203	74	294	219	0	38	78	375	0	319	438	316	0	40	379	0	84	264	262	333	48	39	128	0	0	178	4	0	0	7	147	174	7	354	54	262	153	0	0	7	0	246
0	254	398	59	222	259	102	69	334	218	0	215	446	134	84	34	214	0	219	0	251	215	219	218	0	0	516	24	0	71	284	318	234	163	34	254	179	0	0	38	335	0	279	398	276	0	0	339	0	44	224	222	293	8	0	88	0	0	138	0	0	0	0	107	134	0	314	14	222	113	0	0	0	0	206
0	0	59	0	0	0	0	0	0	0	0	0	107	0	0	0	0	0	0	0	0	0	0	0	0	0	177	0	0	0	0	0	0	0	0	0	0	0	0	0	0	0	0	59	0	0	0	0	0	0	0	0	0	0	0	0	0	0	0	0	0	0	0	0	0	0	0	0	0	0	0	0	0	0	0
0	432	576	237	400	437	280	247	512	396	112	393	624	312	262	212	392	175	397	81	429	393	397	396	146	122	694	202	87	249	462	496	412	341	212	432	357	0	176	216	513	0	457	576	454	138	178	517	0	222	402	400	471	186	177	266	0	0	316	142	138	77	145	285	312	145	492	192	400	291	0	132	145	0	384
0	210	354	15	178	215	58	25	290	174	0	171	402	90	40	0	170	0	175	0	207	171	175	174	0	0	472	0	0	27	240	274	190	119	0	210	135	0	0	0	291	0	235	354	232	0	0	295	0	0	180	178	249	0	0	44	0	0	94	0	0	0	0	63	90	0	270	0	178	69	0	0	0	0	162
0	30	174	0	0	35	0	0	110	0	0	0	222	0	0	0	0	0	0	0	27	0	0	0	0	0	292	0	0	0	60	94	10	0	0	30	0	0	0	0	111	0	55	174	52	0	0	115	0	0	0	0	69	0	0	0	0	0	0	0	0	0	0	0	0	0	90	0	0	0	0	0	0	0	0
0	32	176	0	0	37	0	0	112	0	0	0	224	0	0	0	0	0	0	0	29	0	0	0	0	0	294	0	0	0	62	96	12	0	0	32	0	0	0	0	113	0	57	176	54	0	0	117	0	0	2	0	71	0	0	0	0	0	0	0	0	0	0	0	0	0	92	0	0	0	0	0	0	0	0
0	0	105	0	0	0	0	0	41	0	0	0	153	0	0	0	0	0	0	0	0	0	0	0	0	0	223	0	0	0	0	25	0	0	0	0	0	0	0	0	42	0	0	105	0	0	0	46	0	0	0	0	0	0	0	0	0	0	0	0	0	0	0	0	0	0	21	0	0	0	0	0	0	0	0
0	246	390	51	214	251	94	61	326	210	0	207	438	126	76	26	206	0	211	0	243	207	211	210	0	0	508	16	0	63	276	310	226	155	26	246	171	0	0	30	327	0	271	390	268	0	0	331	0	36	216	214	285	0	0	80	0	0	130	0	0	0	0	99	126	0	306	6	214	105	0	0	0	0	198
0	255	399	60	223	260	103	70	335	219	0	216	447	135	85	35	215	0	220	0	252	216	220	219	0	0	517	25	0	72	285	319	235	164	35	255	180	0	0	39	336	0	280	399	277	0	1	340	0	45	225	223	294	9	0	89	0	0	139	0	0	0	0	108	135	0	315	15	223	114	0	0	0	0	207
0	166	310	0	134	171	14	0	246	130	0	127	358	46	0	0	126	0	131	0	163	127	131	130	0	0	428	0	0	0	196	230	146	75	0	166	91	0	0	0	247	0	191	310	188	0	0	251	0	0	136	134	205	0	0	0	0	0	50	0	0	0	0	19	46	0	226	0	134	25	0	0	0	0	118
0	485	629	290	453	490	333	300	565	449	165	446	677	365	315	265	445	228	450	134	482	446	450	449	199	175	747	255	140	302	515	549	465	394	265	485	410	53	229	269	566	0	510	629	507	191	231	570	53	275	455	453	524	239	230	319	0	11	369	195	191	130	198	338	365	198	545	245	453	344	0	185	198	0	437
0	474	618	279	442	479	322	289	554	438	154	435	666	354	304	254	434	217	439	123	471	435	439	438	188	164	736	244	129	291	504	538	454	383	254	474	399	42	218	258	555	0	499	618	496	180	220	559	42	264	444	442	513	228	219	308	0	0	358	184	180	119	187	327	354	187	534	234	442	333	0	174	187	0	426
0	116	260	0	84	121	0	0	196	80	0	77	308	0	0	0	76	0	81	0	113	77	81	80	0	0	378	0	0	0	146	180	96	25	0	116	41	0	0	0	197	0	141	260	138	0	0	201	0	0	86	84	155	0	0	0	0	0	0	0	0	0	0	0	0	0	176	0	84	0	0	0	0	0	68
0	290	434	95	258	295	138	105	370	254	0	251	482	170	120	70	250	33	255	0	287	251	255	254	4	0	552	60	0	107	320	354	270	199	70	290	215	0	34	74	371	0	315	434	312	0	36	375	0	80	260	258	329	44	35	124	0	0	174	0	0	0	3	143	170	3	350	50	258	149	0	0	3	0	242
0	294	438	99	262	299	142	109	374	258	0	255	486	174	124	74	254	37	259	0	291	255	259	258	8	0	556	64	0	111	324	358	274	203	74	294	219	0	38	78	375	0	319	438	316	0	40	379	0	84	264	262	333	48	39	128	0	0	178	4	0	0	7	147	174	7	354	54	262	153	0	0	7	0	246
0	355	499	160	323	360	203	170	435	319	35	316	547	235	185	135	315	98	320	4	352	316	320	319	69	45	617	125	10	172	385	419	335	264	135	355	280	0	99	139	436	0	380	499	377	61	101	440	0	145	325	323	394	109	100	189	0	0	239	65	61	0	68	208	235	68	415	115	323	214	0	55	68	0	307
0	287	431	92	255	292	135	102	367	251	0	248	479	167	117	67	247	30	252	0	284	248	252	251	1	0	549	57	0	104	317	351	267	196	67	287	212	0	31	71	368	0	312	431	309	0	33	372	0	77	257	255	326	41	32	121	0	0	171	0	0	0	0	140	167	0	347	47	255	146	0	0	0	0	239
0	147	291	0	115	152	0	0	227	111	0	108	339	27	0	0	107	0	112	0	144	108	112	111	0	0	409	0	0	0	177	211	127	56	0	147	72	0	0	0	228	0	172	291	169	0	0	232	0	0	117	115	186	0	0	0	0	0	31	0	0	0	0	0	27	0	207	0	115	6	0	0	0	0	99
0	120	264	0	88	125	0	0	200	84	0	81	312	0	0	0	80	0	85	0	117	81	85	84	0	0	382	0	0	0	150	184	100	29	0	120	45	0	0	0	201	0	145	264	142	0	0	205	0	0	90	88	159	0	0	0	0	0	4	0	0	0	0	0	0	0	180	0	88	0	0	0	0	0	72
0	287	431	92	255	292	135	102	367	251	0	248	479	167	117	67	247	30	252	0	284	248	252	251	1	0	549	57	0	104	317	351	267	196	67	287	212	0	31	71	368	0	312	431	309	0	33	372	0	77	257	255	326	41	32	121	0	0	171	0	0	0	0	140	167	0	347	47	255	146	0	0	0	0	239
0	0	84	0	0	0	0	0	20	0	0	0	132	0	0	0	0	0	0	0	0	0	0	0	0	0	202	0	0	0	0	4	0	0	0	0	0	0	0	0	21	0	0	84	0	0	0	25	0	0	0	0	0	0	0	0	0	0	0	0	0	0	0	0	0	0	0	0	0	0	0	0	0	0	0
0	240	384	45	208	245	88	55	320	204	0	201	432	120	70	20	200	0	205	0	237	201	205	204	0	0	502	10	0	57	270	304	220	149	20	240	165	0	0	24	321	0	265	384	262	0	0	325	0	30	210	208	279	0	0	74	0	0	124	0	0	0	0	93	120	0	300	0	208	99	0	0	0	0	192
0	32	176	0	0	37	0	0	112	0	0	0	224	0	0	0	0	0	0	0	29	0	0	0	0	0	294	0	0	0	62	96	12	0	0	32	0	0	0	0	113	0	57	176	54	0	0	117	0	0	2	0	71	0	0	0	0	0	0	0	0	0	0	0	0	0	92	0	0	0	0	0	0	0	0
0	141	285	0	109	146	0	0	221	105	0	102	333	21	0	0	101	0	106	0	138	102	106	105	0	0	403	0	0	0	171	205	121	50	0	141	66	0	0	0	222	0	166	285	163	0	0	226	0	0	111	109	180	0	0	0	0	0	25	0	0	0	0	0	21	0	201	0	109	0	0	0	0	0	93
0	516	660	321	484	521	364	331	596	480	196	477	708	396	346	296	476	259	481	165	513	477	481	480	230	206	778	286	171	333	546	580	496	425	296	516	441	84	260	300	597	0	541	660	538	222	262	601	84	306	486	484	555	270	261	350	31	42	400	226	222	161	229	369	396	229	576	276	484	375	0	216	229	0	468
0	300	444	105	268	305	148	115	380	264	0	261	492	180	130	80	260	43	265	0	297	261	265	264	14	0	562	70	0	117	330	364	280	209	80	300	225	0	44	84	381	0	325	444	322	6	46	385	0	90	270	268	339	54	45	134	0	0	184	10	6	0	13	153	180	13	360	60	268	159	0	0	13	0	252
0	287	431	92	255	292	135	102	367	251	0	248	479	167	117	67	247	30	252	0	284	248	252	251	1	0	549	57	0	104	317	351	267	196	67	287	212	0	31	71	368	0	312	431	309	0	33	372	0	77	257	255	326	41	32	121	0	0	171	0	0	0	0	140	167	0	347	47	255	146	0	0	0	0	239
37	570	714	375	538	575	418	385	650	534	250	531	762	450	400	350	530	313	535	219	567	531	535	534	284	260	832	340	225	387	600	634	550	479	350	570	495	138	314	354	651	36	595	714	592	276	316	655	138	360	540	538	609	324	315	404	85	96	454	280	276	215	283	423	450	283	630	330	538	429	54	270	283	0	522
0	48	192	0	16	53	0	0	128	12	0	9	240	0	0	0	8	0	13	0	45	9	13	12	0	0	310	0	0	0	78	112	28	0	0	48	0	0	0	0	129	0	73	192	70	0	0	133	0	0	18	16	87	0	0	0	0	0	0	0	0	0	0	0	0	0	108	0	16	0	0	0	0	0	0

0	120	0	50	0	0	0	70	0	0	0	0	0	170	0	0	0	0	270	0	0	0	0	70	70	170	0	0	0	0	0	0	70	0	0	0	230	0	0	0	0	0	0	940	0	0	60	90	70	20	0	0	0	0	70	0	0	0	210	120	0	70	120	0	20	0	170	0	0	0	0	0	270	0	0
0	0	0	0	0	0	0	0	0	0	0	0	0	50	0	0	0	0	150	0	0	0	0	0	0	50	0	0	0	0	0	0	0	0	0	0	110	0	0	0	0	0	0	820	0	0	0	0	0	0	0	0	0	0	0	0	0	0	90	0	0	0	0	0	0	0	50	0	0	0	0	0	150	0	0
130	250	0	180	0	0	0	200	100	30	110	30	80	300	50	100	80	40	400	130	30	100	0	200	200	300	0	0	10	0	0	70	200	80	130	100	360	110	0	100	20	70	10	1070	50	100	190	220	200	150	100	0	120	30	200	130	20	100	340	250	90	200	250	100	150	20	300	70	100	50	120	0	400	0	0
0	70	0	0	0	0	0	20	0	0	0	0	0	120	0	0	0	0	220	0	0	0	0	20	20	120	0	0	0	0	0	0	20	0	0	0	180	0	0	0	0	0	0	890	0	0	10	40	20	0	0	0	0	0	20	0	0	0	160	70	0	20	70	0	0	0	120	0	0	0	0	0	220	0	0
150	270	20	200	0	20	0	220	120	50	130	50	100	320	70	120	100	60	420	150	50	120	0	220	220	320	20	20	30	20	20	90	220	100	150	120	380	130	0	120	40	90	30	1090	70	120	210	240	220	170	120	0	140	50	220	150	40	120	360	270	110	220	270	120	170	40	320	90	120	70	140	20	420	20	20
130	250	0	180	0	0	0	200	100	30	110	30	80	300	50	100	80	40	400	130	30	100	0	200	200	300	0	0	10	0	0	70	200	80	130	100	360	110	0	100	20	70	10	1070	50	100	190	220	200	150	100	0	120	30	200	130	20	100	340	250	90	200	250	100	150	20	300	70	100	50	120	0	400	0	0
150	270	20	200	0	20	0	220	120	50	130	50	100	320	70	120	100	60	420	150	50	120	0	220	220	320	20	20	30	20	20	90	220	100	150	120	380	130	0	120	40	90	30	1090	70	120	210	240	220	170	120	0	140	50	220	150	40	120	360	270	110	220	270	120	170	40	320	90	120	70	140	20	420	20	20
0	50	0	0	0	0	0	0	0	0	0	0	0	100	0	0	0	0	200	0	0	0	0	0	0	100	0	0	0	0	0	0	0	0	0	0	160	0	0	0	0	0	0	870	0	0	0	20	0	0	0	0	0	0	0	0	0	0	140	50	0	0	50	0	0	0	100	0	0	0	0	0	200	0	0
30	150	0	80	0	0	0	100	0	0	10	0	0	200	0	0	0	0	300	30	0	0	0	100	100	200	0	0	0	0	0	0	100	0	30	0	260	10	0	0	0	0	0	970	0	0	90	120	100	50	0	0	20	0	100	30	0	0	240	150	0	100	150	0	50	0	200	0	0	0	20	0	300	0	0
100	220	0	150	0	0	0	170	70	0	80	0	50	270	20	70	50	10	370	100	0	70	0	170	170	270	0	0	0	0	0	40	170	50	100	70	330	80	0	70	0	40	0	1040	20	70	160	190	170	120	70	0	90	0	170	100	0	70	310	220	60	170	220	70	120	0	270	40	70	20	90	0	370	0	0
20	140	0	70	0	0	0	90	0	0	0	0	0	190	0	0	0	0	290	20	0	0	0	90	90	190	0	0	0	0	0	0	90	0	20	0	250	0	0	0	0	0	0	960	0	0	80	110	90	40	0	0	10	0	90	20	0	0	230	140	0	90	140	0	40	0	190	0	0	0	10	0	290	0	0
100	220	0	150	0	0	0	170	70	0	80	0	50	270	20	70	50	10	370	100	0	70	0	170	170	270	0	0	0	0	0	40	170	50	100	70	330	80	0	70	0	40	0	1040	20	70	160	190	170	120	70	0	90	0	170	100	0	70	310	220	60	170	220	70	120	0	270	40	70	20	90	0	370	0	0
50	170	0	100	0	0	0	120	20	0	30	0	0	220	0	20	0	0	320	50	0	20	0	120	120	220	0	0	0	0	0	0	120	0	50	20	280	30	0	20	0	0	0	990	0	20	110	140	120	70	20	0	40	0	120	50	0	20	260	170	10	120	170	20	70	0	220	0	20	0	40	0	320	0	0
0	0	0	0	0	0	0	0	0	0	0	0	0	0	0	0	0	0	100	0	0	0	0	0	0	0	0	0	0	0	0	0	0	0	0	0	60	0	0	0	0	0	0	770	0	0	0	0	0	0	0	0	0	0	0	0	0	0	40	0	0	0	0	0	0	0	0	0	0	0	0	0	100	0	0
80	200	0	130	0	0	0	150	50	0	60	0	30	250	0	50	30	0	350	80	0	50	0	150	150	250	0	0	0	0	0	20	150	30	80	50	310	60	0	50	0	20	0	1020	0	50	140	170	150	100	50	0	70	0	150	80	0	50	290	200	40	150	200	50	100	0	250	20	50	0	70	0	350	0	0
30	150	0	80	0	0	0	100	0	0	10	0	0	200	0	0	0	0	300	30	0	0	0	100	100	200	0	0	0	0	0	0	100	0	30	0	260	10	0	0	0	0	0	970	0	0	90	120	100	50	0	0	20	0	100	30	0	0	240	150	0	100	150	0	50	0	200	0	0	0	20	0	300	0	0
50	170	0	100	0	0	0	120	20	0	30	0	0	220	0	20	0	0	320	50	0	20	0	120	120	220	0	0	0	0	0	0	120	0	50	20	280	30	0	20	0	0	0	990	0	20	110	140	120	70	20	0	40	0	120	50	0	20	260	170	10	120	170	20	70	0	220	0	20	0	40	0	320	0	0
90	210	0	140	0	0	0	160	60	0	70	0	40	260	10	60	40	0	360	90	0	60	0	160	160	260	0	0	0	0	0	30	160	40	90	60	320	70	0	60	0	30	0	1030	10	60	150	180	160	110	60	0	80	0	160	90	0	60	300	210	50	160	210	60	110	0	260	30	60	10	80	0	360	0	0
0	0	0	0	0	0	0	0	0	0	0	0	0	0	0	0	0	0	0	0	0	0	0	0	0	0	0	0	0	0	0	0	0	0	0	0	0	0	0	0	0	0	0	670	0	0	0	0	0	0	0	0	0	0	0	0	0	0	0	0	0	0	0	0	0	0	0	0	0	0	0	0	0	0	0
0	120	0	50	0	0	0	70	0	0	0	0	0	170	0	0	0	0	270	0	0	0	0	70	70	170	0	0	0	0	0	0	70	0	0	0	230	0	0	0	0	0	0	940	0	0	60	90	70	20	0	0	0	0	70	0	0	0	210	120	0	70	120	0	20	0	170	0	0	0	0	0	270	0	0
100	220	0	150	0	0	0	170	70	0	80	0	50	270	20	70	50	10	370	100	0	70	0	170	170	270	0	0	0	0	0	40	170	50	100	70	330	80	0	70	0	40	0	1040	20	70	160	190	170	120	70	0	90	0	170	100	0	70	310	220	60	170	220	70	120	0	270	40	70	20	90	0	370	0	0
30	150	0	80	0	0	0	100	0	0	10	0	0	200	0	0	0	0	300	30	0	0	0	100	100	200	0	0	0	0	0	0	100	0	30	0	260	10	0	0	0	0	0	970	0	0	90	120	100	50	0	0	20	0	100	30	0	0	240	150	0	100	150	0	50	0	200	0	0	0	20	0	300	0	0
175	295	45	225	25	45	25	245	145	75	155	75	125	345	95	145	125	85	445	175	75	145	0	245	245	345	45	45	55	45	45	115	245	125	175	145	405	155	20	145	65	115	55	1115	95	145	235	265	245	195	145	20	165	75	245	175	65	145	385	295	135	245	295	145	195	65	345	115	145	95	165	45	445	45	45
0	50	0	0	0	0	0	0	0	0	0	0	0	100	0	0	0	0	200	0	0	0	0	0	0	100	0	0	0	0	0	0	0	0	0	0	160	0	0	0	0	0	0	870	0	0	0	20	0	0	0	0	0	0	0	0	0	0	140	50	0	0	50	0	0	0	100	0	0	0	0	0	200	0	0
0	50	0	0	0	0	0	0	0	0	0	0	0	100	0	0	0	0	200	0	0	0	0	0	0	100	0	0	0	0	0	0	0	0	0	0	160	0	0	0	0	0	0	870	0	0	0	20	0	0	0	0	0	0	0	0	0	0	140	50	0	0	50	0	0	0	100	0	0	0	0	0	200	0	0
0	0	0	0	0	0	0	0	0	0	0	0	0	0	0	0	0	0	100	0	0	0	0	0	0	0	0	0	0	0	0	0	0	0	0	0	60	0	0	0	0	0	0	770	0	0	0	0	0	0	0	0	0	0	0	0	0	0	40	0	0	0	0	0	0	0	0	0	0	0	0	0	100	0	0
130	250	0	180	0	0	0	200	100	30	110	30	80	300	50	100	80	40	400	130	30	100	0	200	200	300	0	0	10	0	0	70	200	80	130	100	360	110	0	100	20	70	10	1070	50	100	190	220	200	150	100	0	120	30	200	130	20	100	340	250	90	200	250	100	150	20	300	70	100	50	120	0	400	0	0
130	250	0	180	0	0	0	200	100	30	110	30	80	300	50	100	80	40	400	130	30	100	0	200	200	300	0	0	10	0	0	70	200	80	130	100	360	110	0	100	20	70	10	1070	50	100	190	220	200	150	100	0	120	30	200	130	20	100	340	250	90	200	250	100	150	20	300	70	100	50	120	0	400	0	0
120	240	0	170	0	0	0	190	90	20	100	20	70	290	40	90	70	30	390	120	20	90	0	190	190	290	0	0	0	0	0	60	190	70	120	90	350	100	0	90	10	60	0	1060	40	90	180	210	190	140	90	0	110	20	190	120	10	90	330	240	80	190	240	90	140	10	290	60	90	40	110	0	390	0	0
130	250	0	180	0	0	0	200	100	30	110	30	80	300	50	100	80	40	400	130	30	100	0	200	200	300	0	0	10	0	0	70	200	80	130	100	360	110	0	100	20	70	10	1070	50	100	190	220	200	150	100	0	120	30	200	130	20	100	340	250	90	200	250	100	150	20	300	70	100	50	120	0	400	0	0
130	250	0	180	0	0	0	200	100	30	110	30	80	300	50	100	80	40	400	130	30	100	0	200	200	300	0	0	10	0	0	70	200	80	130	100	360	110	0	100	20	70	10	1070	50	100	190	220	200	150	100	0	120	30	200	130	20	100	340	250	90	200	250	100	150	20	300	70	100	50	120	0	400	0	0
60	180	0	110	0	0	0	130	30	0	40	0	10	230	0	30	10	0	330	60	0	30	0	130	130	230	0	0	0	0	0	0	130	10	60	30	290	40	0	30	0	0	0	1000	0	30	120	150	130	80	30	0	50	0	130	60	0	30	270	180	20	130	180	30	80	0	230	0	30	0	50	0	330	0	0
0	50	0	0	0	0	0	0	0	0	0	0	0	100	0	0	0	0	200	0	0	0	0	0	0	100	0	0	0	0	0	0	0	0	0	0	160	0	0	0	0	0	0	870	0	0	0	20	0	0	0	0	0	0	0	0	0	0	140	50	0	0	50	0	0	0	100	0	0	0	0	0	200	0	0
50	170	0	100	0	0	0	120	20	0	30	0	0	220	0	20	0	0	320	50	0	20	0	120	120	220	0	0	0	0	0	0	120	0	50	20	280	30	0	20	0	0	0	990	0	20	110	140	120	70	20	0	40	0	120	50	0	20	260	170	10	120	170	20	70	0	220	0	20	0	40	0	320	0	0
0	120	0	50	0	0	0	70	0	0	0	0	0	170	0	0	0	0	270	0	0	0	0	70	70	170	0	0	0	0	0	0	70	0	0	0	230	0	0	0	0	0	0	940	0	0	60	90	70	20	0	0	0	0	70	0	0	0	210	120	0	70	120	0	20	0	170	0	0	0	0	0	270	0	0
30	150	0	80	0	0	0	100	0	0	10	0	0	200	0	0	0	0	300	30	0	0	0	100	100	200	0	0	0	0	0	0	100	0	30	0	260	10	0	0	0	0	0	970	0	0	90	120	100	50	0	0	20	0	100	30	0	0	240	150	0	100	150	0	50	0	200	0	0	0	20	0	300	0	0
0	0	0	0	0	0	0	0	0	0	0	0	0	0	0	0	0	0	40	0	0	0	0	0	0	0	0	0	0	0	0	0	0	0	0	0	0	0	0	0	0	0	0	710	0	0	0	0	0	0	0	0	0	0	0	0	0	0	0	0	0	0	0	0	0	0	0	0	0	0	0	0	40	0	0
20	140	0	70	0	0	0	90	0	0	0	0	0	190	0	0	0	0	290	20	0	0	0	90	90	190	0	0	0	0	0	0	90	0	20	0	250	0	0	0	0	0	0	960	0	0	80	110	90	40	0	0	10	0	90	20	0	0	230	140	0	90	140	0	40	0	190	0	0	0	10	0	290	0	0
155	275	25	205	5	25	5	225	125	55	135	55	105	325	75	125	105	65	425	155	55	125	0	225	225	325	25	25	35	25	25	95	225	105	155	125	385	135	0	125	45	95	35	1095	75	125	215	245	225	175	125	0	145	55	225	155	45	125	365	275	115	225	275	125	175	45	325	95	125	75	145	25	425	25	25
30	150	0	80	0	0	0	100	0	0	10	0	0	200	0	0	0	0	300	30	0	0	0	100	100	200	0	0	0	0	0	0	100	0	30	0	260	10	0	0	0	0	0	970	0	0	90	120	100	50	0	0	20	0	100	30	0	0	240	150	0	100	150	0	50	0	200	0	0	0	20	0	300	0	0
110	230	0	160	0	0	0	180	80	10	90	10	60	280	30	80	60	20	380	110	10	80	0	180	180	280	0	0	0	0	0	50	180	60	110	80	340	90	0	80	0	50	0	1050	30	80	170	200	180	130	80	0	100	10	180	110	0	80	320	230	70	180	230	80	130	0	280	50	80	30	100	0	380	0	0
60	180	0	110	0	0	0	130	30	0	40	0	10	230	0	30	10	0	330	60	0	30	0	130	130	230	0	0	0	0	0	0	130	10	60	30	290	40	0	30	0	0	0	1000	0	30	120	150	130	80	30	0	50	0	130	60	0	30	270	180	20	130	180	30	80	0	230	0	30	0	50	0	330	0	0
120	240	0	170	0	0	0	190	90	20	100	20	70	290	40	90	70	30	390	120	20	90	0	190	190	290	0	0	0	0	0	60	190	70	120	90	350	100	0	90	10	60	0	1060	40	90	180	210	190	140	90	0	110	20	190	120	10	90	330	240	80	190	240	90	140	10	290	60	90	40	110	0	390	0	0
0	0	0	0	0	0	0	0	0	0	0	0	0	0	0	0	0	0	0	0	0	0	0	0	0	0	0	0	0	0	0	0	0	0	0	0	0	0	0	0	0	0	0	0	0	0	0	0	0	0	0	0	0	0	0	0	0	0	0	0	0	0	0	0	0	0	0	0	0	0	0	0	0	0	0
80	200	0	130	0	0	0	150	50	0	60	0	30	250	0	50	30	0	350	80	0	50	0	150	150	250	0	0	0	0	0	20	150	30	80	50	310	60	0	50	0	20	0	1020	0	50	140	170	150	100	50	0	70	0	150	80	0	50	290	200	40	150	200	50	100	0	250	20	50	0	70	0	350	0	0
30	150	0	80	0	0	0	100	0	0	10	0	0	200	0	0	0	0	300	30	0	0	0	100	100	200	0	0	0	0	0	0	100	0	30	0	260	10	0	0	0	0	0	970	0	0	90	120	100	50	0	0	20	0	100	30	0	0	240	150	0	100	150	0	50	0	200	0	0	0	20	0	300	0	0
0	60	0	0	0	0	0	10	0	0	0	0	0	110	0	0	0	0	210	0	0	0	0	10	10	110	0	0	0	0	0	0	10	0	0	0	170	0	0	0	0	0	0	880	0	0	0	30	10	0	0	0	0	0	10	0	0	0	150	60	0	10	60	0	0	0	110	0	0	0	0	0	210	0	0
0	30	0	0	0	0	0	0	0	0	0	0	0	80	0	0	0	0	180	0	0	0	0	0	0	80	0	0	0	0	0	0	0	0	0	0	140	0	0	0	0	0	0	850	0	0	0	0	0	0	0	0	0	0	0	0	0	0	120	30	0	0	30	0	0	0	80	0	0	0	0	0	180	0	0
0	50	0	0	0	0	0	0	0	0	0	0	0	100	0	0	0	0	200	0	0	0	0	0	0	100	0	0	0	0	0	0	0	0	0	0	160	0	0	0	0	0	0	870	0	0	0	20	0	0	0	0	0	0	0	0	0	0	140	50	0	0	50	0	0	0	100	0	0	0	0	0	200	0	0
0	100	0	30	0	0	0	50	0	0	0	0	0	150	0	0	0	0	250	0	0	0	0	50	50	150	0	0	0	0	0	0	50	0	0	0	210	0	0	0	0	0	0	920	0	0	40	70	50	0	0	0	0	0	50	0	0	0	190	100	0	50	100	0	0	0	150	0	0	0	0	0	250	0	0
30	150	0	80	0	0	0	100	0	0	10	0	0	200	0	0	0	0	300	30	0	0	0	100	100	200	0	0	0	0	0	0	100	0	30	0	260	10	0	0	0	0	0	970	0	0	90	120	100	50	0	0	20	0	100	30	0	0	240	150	0	100	150	0	50	0	200	0	0	0	20	0	300	0	0
155	275	25	205	5	25	5	225	125	55	135	55	105	325	75	125	105	65	425	155	55	125	0	225	225	325	25	25	35	25	25	95	225	105	155	125	385	135	0	125	45	95	35	1095	75	125	215	245	225	175	125	0	145	55	225	155	45	125	365	275	115	225	275	125	175	45	325	95	125	75	145	25	425	25	25
10	130	0	60	0	0	0	80	0	0	0	0	0	180	0	0	0	0	280	10	0	0	0	80	80	180	0	0	0	0	0	0	80	0	10	0	240	0	0	0	0	0	0	950	0	0	70	100	80	30	0	0	0	0	80	10	0	0	220	130	0	80	130	0	30	0	180	0	0	0	0	0	280	0	0
100	220	0	150	0	0	0	170	70	0	80	0	50	270	20	70	50	10	370	100	0	70	0	170	170	270	0	0	0	0	0	40	170	50	100	70	330	80	0	70	0	40	0	1040	20	70	160	190	170	120	70	0	90	0	170	100	0	70	310	220	60	170	220	70	120	0	270	40	70	20	90	0	370	0	0
0	50	0	0	0	0	0	0	0	0	0	0	0	100	0	0	0	0	200	0	0	0	0	0	0	100	0	0	0	0	0	0	0	0	0	0	160	0	0	0	0	0	0	870	0	0	0	20	0	0	0	0	0	0	0	0	0	0	140	50	0	0	50	0	0	0	100	0	0	0	0	0	200	0	0
0	120	0	50	0	0	0	70	0	0	0	0	0	170	0	0	0	0	270	0	0	0	0	70	70	170	0	0	0	0	0	0	70	0	0	0	230	0	0	0	0	0	0	940	0	0	60	90	70	20	0	0	0	0	70	0	0	0	210	120	0	70	120	0	20	0	170	0	0	0	0	0	270	0	0
110	230	0	160	0	0	0	180	80	10	90	10	60	280	30	80	60	20	380	110	10	80	0	180	180	280	0	0	0	0	0	50	180	60	110	80	340	90	0	80	0	50	0	1050	30	80	170	200	180	130	80	0	100	10	180	110	0	80	320	230	70	180	230	80	130	0	280	50	80	30	100	0	380	0	0
30	150	0	80	0	0	0	100	0	0	10	0	0	200	0	0	0	0	300	30	0	0	0	100	100	200	0	0	0	0	0	0	100	0	30	0	260	10	0	0	0	0	0	970	0	0	90	120	100	50	0	0	20	0	100	30	0	0	240	150	0	100	150	0	50	0	200	0	0	0	20	0	300	0	0
0	0	0	0	0	0	0	0	0	0	0	0	0	0	0	0	0	0	60	0	0	0	0	0	0	0	0	0	0	0	0	0	0	0	0	0	20	0	0	0	0	0	0	730	0	0	0	0	0	0	0	0	0	0	0	0	0	0	0	0	0	0	0	0	0	0	0	0	0	0	0	0	60	0	0
0	0	0	0	0	0	0	0	0	0	0	0	0	50	0	0	0	0	150	0	0	0	0	0	0	50	0	0	0	0	0	0	0	0	0	0	110	0	0	0	0	0	0	820	0	0	0	0	0	0	0	0	0	0	0	0	0	0	90	0	0	0	0	0	0	0	50	0	0	0	0	0	150	0	0
40	160	0	90	0	0	0	110	10	0	20	0	0	210	0	10	0	0	310	40	0	10	0	110	110	210	0	0	0	0	0	0	110	0	40	10	270	20	0	10	0	0	0	980	0	10	100	130	110	60	10	0	30	0	110	40	0	10	250	160	0	110	160	10	60	0	210	0	10	0	30	0	310	0	0
0	50	0	0	0	0	0	0	0	0	0	0	0	100	0	0	0	0	200	0	0	0	0	0	0	100	0	0	0	0	0	0	0	0	0	0	160	0	0	0	0	0	0	870	0	0	0	20	0	0	0	0	0	0	0	0	0	0	140	50	0	0	50	0	0	0	100	0	0	0	0	0	200	0	0
0	0	0	0	0	0	0	0	0	0	0	0	0	50	0	0	0	0	150	0	0	0	0	0	0	50	0	0	0	0	0	0	0	0	0	0	110	0	0	0	0	0	0	820	0	0	0	0	0	0	0	0	0	0	0	0	0	0	90	0	0	0	0	0	0	0	50	0	0	0	0	0	150	0	0
30	150	0	80	0	0	0	100	0	0	10	0	0	200	0	0	0	0	300	30	0	0	0	100	100	200	0	0	0	0	0	0	100	0	30	0	260	10	0	0	0	0	0	970	0	0	90	120	100	50	0	0	20	0	100	30	0	0	240	150	0	100	150	0	50	0	200	0	0	0	20	0	300	0	0
0	100	0	30	0	0	0	50	0	0	0	0	0	150	0	0	0	0	250	0	0	0	0	50	50	150	0	0	0	0	0	0	50	0	0	0	210	0	0	0	0	0	0	920	0	0	40	70	50	0	0	0	0	0	50	0	0	0	190	100	0	50	100	0	0	0	150	0	0	0	0	0	250	0	0
110	230	0	160	0	0	0	180	80	10	90	10	60	280	30	80	60	20	380	110	10	80	0	180	180	280	0	0	0	0	0	50	180	60	110	80	340	90	0	80	0	50	0	1050	30	80	170	200	180	130	80	0	100	10	180	110	0	80	320	230	70	180	230	80	130	0	280	50	80	30	100	0	380	0	0
0	0	0	0	0	0	0	0	0	0	0	0	0	0	0	0	0	0	100	0	0	0	0	0	0	0	0	0	0	0	0	0	0	0	0	0	60	0	0	0	0	0	0	770	0	0	0	0	0	0	0	0	0	0	0	0	0	0	40	0	0	0	0	0	0	0	0	0	0	0	0	0	100	0	0
60	180	0	110	0	0	0	130	30	0	40	0	10	230	0	30	10	0	330	60	0	30	0	130	130	230	0	0	0	0	0	0	130	10	60	30	290	40	0	30	0	0	0	1000	0	30	120	150	130	80	30	0	50	0	130	60	0	30	270	180	20	130	180	30	80	0	230	0	30	0	50	0	330	0	0
30	150	0	80	0	0	0	100	0	0	10	0	0	200	0	0	0	0	300	30	0	0	0	100	100	200	0	0	0	0	0	0	100	0	30	0	260	10	0	0	0	0	0	970	0	0	90	120	100	50	0	0	20	0	100	30	0	0	240	150	0	100	150	0	50	0	200	0	0	0	20	0	300	0	0
80	200	0	130	0	0	0	150	50	0	60	0	30	250	0	50	30	0	350	80	0	50	0	150	150	250	0	0	0	0	0	20	150	30	80	50	310	60	0	50	0	20	0	1020	0	50	140	170	150	100	50	0	70	0	150	80	0	50	290	200	40	150	200	50	100	0	250	20	50	0	70	0	350	0	0
10	130	0	60	0	0	0	80	0	0	0	0	0	180	0	0	0	0	280	10	0	0	0	80	80	180	0	0	0	0	0	0	80	0	10	0	240	0	0	0	0	0	0	950	0	0	70	100	80	30	0	0	0	0	80	10	0	0	220	130	0	80	130	0	30	0	180	0	0	0	0	0	280	0	0
130	250	0	180	0	0	0	200	100	30	110	30	80	300	50	100	80	40	400	130	30	100	0	200	200	300	0	0	10	0	0	70	200	80	130	100	360	110	0	100	20	70	10	1070	50	100	190	220	200	150	100	0	120	30	200	130	20	100	340	250	90	200	250	100	150	20	300	70	100	50	120	0	400	0	0
0	0	0	0	0	0	0	0	0	0	0	0	0	0	0	0	0	0	0	0	0	0	0	0	0	0	0	0	0	0	0	0	0	0	0	0	0	0	0	0	0	0	0	670	0	0	0	0	0	0	0	0	0	0	0	0	0	0	0	0	0	0	0	0	0	0	0	0	0	0	0	0	0	0	0
130	250	0	180	0	0	0	200	100	30	110	30	80	300	50	100	80	40	400	130	30	100	0	200	200	300	0	0	10	0	0	70	200	80	130	100	360	110	0	100	20	70	10	1070	50	100	190	220	200	150	100	0	120	30	200	130	20	100	340	250	90	200	250	100	150	20	300	70	100	50	120	0	400	0	0
130	250	0	180	0	0	0	200	100	30	110	30	80	300	50	100	80	40	400	130	30	100	0	200	200	300	0	0	10	0	0	70	200	80	130	100	360	110	0	100	20	70	10	1070	50	100	190	220	200	150	100	0	120	30	200	130	20	100	340	250	90	200	250	100	150	20	300	70	100	50	120	0	400	0	0

0	0	130	0	150	130	150	0	30	100	20	100	50	0	80	30	50	90	0	0	100	30	175	0	0	0	130	130	120	130	130	60	0	50	0	30	0	20	155	30	110	60	120	0	80	30	0	0	0	0	30	155	10	100	0	0	110	30	0	0	40	0	0	30	0	110	0	60	30	80	10	130	0	130	130
120	0	250	70	270	250	270	50	150	220	140	220	170	0	200	150	170	210	0	120	220	150	295	50	50	0	250	250	240	250	250	180	50	170	120	150	0	140	275	150	230	180	240	0	200	150	60	30	50	100	150	275	130	220	50	120	230	150	0	0	160	50	0	150	100	230	0	180	150	200	130	250	0	250	250
0	0	0	0	20	0	20	0	0	0	0	0	0	0	0	0	0	0	0	0	0	0	45	0	0	0	0	0	0	0	0	0	0	0	0	0	0	0	25	0	0	0	0	0	0	0	0	0	0	0	0	25	0	0	0	0	0	0	0	0	0	0	0	0	0	0	0	0	0	0	0	0	0	0	0
50	0	180	0	200	180	200	0	80	150	70	150	100	0	130	80	100	140	0	50	150	80	225	0	0	0	180	180	170	180	180	110	0	100	50	80	0	70	205	80	160	110	170	0	130	80	0	0	0	30	80	205	60	150	0	50	160	80	0	0	90	0	0	80	30	160	0	110	80	130	60	180	0	180	180
0	0	0	0	0	0	0	0	0	0	0	0	0	0	0	0	0	0	0	0	0	0	25	0	0	0	0	0	0	0	0	0	0	0	0	0	0	0	5	0	0	0	0	0	0	0	0	0	0	0	0	5	0	0	0	0	0	0	0	0	0	0	0	0	0	0	0	0	0	0	0	0	0	0	0
0	0	0	0	20	0	20	0	0	0	0	0	0	0	0	0	0	0	0	0	0	0	45	0	0	0	0	0	0	0	0	0	0	0	0	0	0	0	25	0	0	0	0	0	0	0	0	0	0	0	0	25	0	0	0	0	0	0	0	0	0	0	0	0	0	0	0	0	0	0	0	0	0	0	0
0	0	0	0	0	0	0	0	0	0	0	0	0	0	0	0	0	0	0	0	0	0	25	0	0	0	0	0	0	0	0	0	0	0	0	0	0	0	5	0	0	0	0	0	0	0	0	0	0	0	0	5	0	0	0	0	0	0	0	0	0	0	0	0	0	0	0	0	0	0	0	0	0	0	0
70	0	200	20	220	200	220	0	100	170	90	170	120	0	150	100	120	160	0	70	170	100	245	0	0	0	200	200	190	200	200	130	0	120	70	100	0	90	225	100	180	130	190	0	150	100	10	0	0	50	100	225	80	170	0	70	180	100	0	0	110	0	0	100	50	180	0	130	100	150	80	200	0	200	200
0	0	100	0	120	100	120	0	0	70	0	70	20	0	50	0	20	60	0	0	70	0	145	0	0	0	100	100	90	100	100	30	0	20	0	0	0	0	125	0	80	30	90	0	50	0	0	0	0	0	0	125	0	70	0	0	80	0	0	0	10	0	0	0	0	80	0	30	0	50	0	100	0	100	100
0	0	30	0	50	30	50	0	0	0	0	0	0	0	0	0	0	0	0	0	0	0	75	0	0	0	30	30	20	30	30	0	0	0	0	0	0	0	55	0	10	0	20	0	0	0	0	0	0	0	0	55	0	0	0	0	10	0	0	0	0	0	0	0	0	10	0	0	0	0	0	30	0	30	30
0	0	110	0	130	110	130	0	10	80	0	80	30	0	60	10	30	70	0	0	80	10	155	0	0	0	110	110	100	110	110	40	0	30	0	10	0	0	135	10	90	40	100	0	60	10	0	0	0	0	10	135	0	80	0	0	90	10	0	0	20	0	0	10	0	90	0	40	10	60	0	110	0	110	110
0	0	30	0	50	30	50	0	0	0	0	0	0	0	0	0	0	0	0	0	0	0	75	0	0	0	30	30	20	30	30	0	0	0	0	0	0	0	55	0	10	0	20	0	0	0	0	0	0	0	0	55	0	0	0	0	10	0	0	0	0	0	0	0	0	10	0	0	0	0	0	30	0	30	30
0	0	80	0	100	80	100	0	0	50	0	50	0	0	30	0	0	40	0	0	50	0	125	0	0	0	80	80	70	80	80	10	0	0	0	0	0	0	105	0	60	10	70	0	30	0	0	0	0	0	0	105	0	50	0	0	60	0	0	0	0	0	0	0	0	60	0	10	0	30	0	80	0	80	80
170	50	300	120	320	300	320	100	200	270	190	270	220	0	250	200	220	260	0	170	270	200	345	100	100	0	300	300	290	300	300	230	100	220	170	200	0	190	325	200	280	230	290	0	250	200	110	80	100	150	200	325	180	270	100	170	280	200	0	50	210	100	50	200	150	280	0	230	200	250	180	300	0	300	300
0	0	50	0	70	50	70	0	0	20	0	20	0	0	0	0	0	10	0	0	20	0	95	0	0	0	50	50	40	50	50	0	0	0	0	0	0	0	75	0	30	0	40	0	0	0	0	0	0	0	0	75	0	20	0	0	30	0	0	0	0	0	0	0	0	30	0	0	0	0	0	50	0	50	50
0	0	100	0	120	100	120	0	0	70	0	70	20	0	50	0	20	60	0	0	70	0	145	0	0	0	100	100	90	100	100	30	0	20	0	0	0	0	125	0	80	30	90	0	50	0	0	0	0	0	0	125	0	70	0	0	80	0	0	0	10	0	0	0	0	80	0	30	0	50	0	100	0	100	100
0	0	80	0	100	80	100	0	0	50	0	50	0	0	30	0	0	40	0	0	50	0	125	0	0	0	80	80	70	80	80	10	0	0	0	0	0	0	105	0	60	10	70	0	30	0	0	0	0	0	0	105	0	50	0	0	60	0	0	0	0	0	0	0	0	60	0	10	0	30	0	80	0	80	80
0	0	40	0	60	40	60	0	0	10	0	10	0	0	0	0	0	0	0	0	10	0	85	0	0	0	40	40	30	40	40	0	0	0	0	0	0	0	65	0	20	0	30	0	0	0	0	0	0	0	0	65	0	10	0	0	20	0	0	0	0	0	0	0	0	20	0	0	0	0	0	40	0	40	40
270	150	400	220	420	400	420	200	300	370	290	370	320	100	350	300	320	360	0	270	370	300	445	200	200	100	400	400	390	400	400	330	200	320	270	300	40	290	425	300	380	330	390	0	350	300	210	180	200	250	300	425	280	370	200	270	380	300	60	150	310	200	150	300	250	380	100	330	300	350	280	400	0	400	400
0	0	130	0	150	130	150	0	30	100	20	100	50	0	80	30	50	90	0	0	100	30	175	0	0	0	130	130	120	130	130	60	0	50	0	30	0	20	155	30	110	60	120	0	80	30	0	0	0	0	30	155	10	100	0	0	110	30	0	0	40	0	0	30	0	110	0	60	30	80	10	130	0	130	130
0	0	30	0	50	30	50	0	0	0	0	0	0	0	0	0	0	0	0	0	0	0	75	0	0	0	30	30	20	30	30	0	0	0	0	0	0	0	55	0	10	0	20	0	0	0	0	0	0	0	0	55	0	0	0	0	10	0	0	0	0	0	0	0	0	10	0	0	0	0	0	30	0	30	30
0	0	100	0	120	100	120	0	0	70	0	70	20	0	50	0	20	60	0	0	70	0	145	0	0	0	100	100	90	100	100	30	0	20	0	0	0	0	125	0	80	30	90	0	50	0	0	0	0	0	0	125	0	70	0	0	80	0	0	0	10	0	0	0	0	80	0	30	0	50	0	100	0	100	100
0	0	0	0	0	0	0	0	0	0	0	0	0	0	0	0	0	0	0	0	0	0	0	0	0	0	0	0	0	0	0	0	0	0	0	0	0	0	0	0	0	0	0	0	0	0	0	0	0	0	0	0	0	0	0	0	0	0	0	0	0	0	0	0	0	0	0	0	0	0	0	0	0	0	0
70	0	200	20	220	200	220	0	100	170	90	170	120	0	150	100	120	160	0	70	170	100	245	0	0	0	200	200	190	200	200	130	0	120	70	100	0	90	225	100	180	130	190	0	150	100	10	0	0	50	100	225	80	170	0	70	180	100	0	0	110	0	0	100	50	180	0	130	100	150	80	200	0	200	200
70	0	200	20	220	200	220	0	100	170	90	170	120	0	150	100	120	160	0	70	170	100	245	0	0	0	200	200	190	200	200	130	0	120	70	100	0	90	225	100	180	130	190	0	150	100	10	0	0	50	100	225	80	170	0	70	180	100	0	0	110	0	0	100	50	180	0	130	100	150	80	200	0	200	200
170	50	300	120	320	300	320	100	200	270	190	270	220	0	250	200	220	260	0	170	270	200	345	100	100	0	300	300	290	300	300	230	100	220	170	200	0	190	325	200	280	230	290	0	250	200	110	80	100	150	200	325	180	270	100	170	280	200	0	50	210	100	50	200	150	280	0	230	200	250	180	300	0	300	300
0	0	0	0	20	0	20	0	0	0	0	0	0	0	0	0	0	0	0	0	0	0	45	0	0	0	0	0	0	0	0	0	0	0	0	0	0	0	25	0	0	0	0	0	0	0	0	0	0	0	0	25	0	0	0	0	0	0	0	0	0	0	0	0	0	0	0	0	0	0	0	0	0	0	0
0	0	0	0	20	0	20	0	0	0	0	0	0	0	0	0	0	0	0	0	0	0	45	0	0	0	0	0	0	0	0	0	0	0	0	0	0	0	25	0	0	0	0	0	0	0	0	0	0	0	0	25	0	0	0	0	0	0	0	0	0	0	0	0	0	0	0	0	0	0	0	0	0	0	0
0	0	10	0	30	10	30	0	0	0	0	0	0	0	0	0	0	0	0	0	0	0	55	0	0	0	10	10	0	10	10	0	0	0	0	0	0	0	35	0	0	0	0	0	0	0	0	0	0	0	0	35	0	0	0	0	0	0	0	0	0	0	0	0	0	0	0	0	0	0	0	10	0	10	10
0	0	0	0	20	0	20	0	0	0	0	0	0	0	0	0	0	0	0	0	0	0	45	0	0	0	0	0	0	0	0	0	0	0	0	0	0	0	25	0	0	0	0	0	0	0	0	0	0	0	0	25	0	0	0	0	0	0	0	0	0	0	0	0	0	0	0	0	0	0	0	0	0	0	0
0	0	0	0	20	0	20	0	0	0	0	0	0	0	0	0	0	0	0	0	0	0	45	0	0	0	0	0	0	0	0	0	0	0	0	0	0	0	25	0	0	0	0	0	0	0	0	0	0	0	0	25	0	0	0	0	0	0	0	0	0	0	0	0	0	0	0	0	0	0	0	0	0	0	0
0	0	70	0	90	70	90	0	0	40	0	40	0	0	20	0	0	30	0	0	40	0	115	0	0	0	70	70	60	70	70	0	0	0	0	0	0	0	95	0	50	0	60	0	20	0	0	0	0	0	0	95	0	40	0	0	50	0	0	0	0	0	0	0	0	50	0	0	0	20	0	70	0	70	70
70	0	200	20	220	200	220	0	100	170	90	170	120	0	150	100	120	160	0	70	170	100	245	0	0	0	200	200	190	200	200	130	0	120	70	100	0	90	225	100	180	130	190	0	150	100	10	0	0	50	100	225	80	170	0	70	180	100	0	0	110	0	0	100	50	180	0	130	100	150	80	200	0	200	200
0	0	80	0	100	80	100	0	0	50	0	50	0	0	30	0	0	40	0	0	50	0	125	0	0	0	80	80	70	80	80	10	0	0	0	0	0	0	105	0	60	10	70	0	30	0	0	0	0	0	0	105	0	50	0	0	60	0	0	0	0	0	0	0	0	60	0	10	0	30	0	80	0	80	80
0	0	130	0	150	130	150	0	30	100	20	100	50	0	80	30	50	90	0	0	100	30	175	0	0	0	130	130	120	130	130	60	0	50	0	30	0	20	155	30	110	60	120	0	80	30	0	0	0	0	30	155	10	100	0	0	110	30	0	0	40	0	0	30	0	110	0	60	30	80	10	130	0	130	130
0	0	100	0	120	100	120	0	0	70	0	70	20	0	50	0	20	60	0	0	70	0	145	0	0	0	100	100	90	100	100	30	0	20	0	0	0	0	125	0	80	30	90	0	50	0	0	0	0	0	0	125	0	70	0	0	80	0	0	0	10	0	0	0	0	80	0	30	0	50	0	100	0	100	100
230	110	360	180	380	360	380	160	260	330	250	330	280	60	310	260	280	320	0	230	330	260	405	160	160	60	360	360	350	360	360	290	160	280	230	260	0	250	385	260	340	290	350	0	310	260	170	140	160	210	260	385	240	330	160	230	340	260	20	110	270	160	110	260	210	340	60	290	260	310	240	360	0	360	360
0	0	110	0	130	110	130	0	10	80	0	80	30	0	60	10	30	70	0	0	80	10	155	0	0	0	110	110	100	110	110	40	0	30	0	10	0	0	135	10	90	40	100	0	60	10	0	0	0	0	10	135	0	80	0	0	90	10	0	0	20	0	0	10	0	90	0	40	10	60	0	110	0	110	110
0	0	0	0	0	0	0	0	0	0	0	0	0	0	0	0	0	0	0	0	0	0	20	0	0	0	0	0	0	0	0	0	0	0	0	0	0	0	0	0	0	0	0	0	0	0	0	0	0	0	0	0	0	0	0	0	0	0	0	0	0	0	0	0	0	0	0	0	0	0	0	0	0	0	0
0	0	100	0	120	100	120	0	0	70	0	70	20	0	50	0	20	60	0	0	70	0	145	0	0	0	100	100	90	100	100	30	0	20	0	0	0	0	125	0	80	30	90	0	50	0	0	0	0	0	0	125	0	70	0	0	80	0	0	0	10	0	0	0	0	80	0	30	0	50	0	100	0	100	100
0	0	20	0	40	20	40	0	0	0	0	0	0	0	0	0	0	0	0	0	0	0	65	0	0	0	20	20	10	20	20	0	0	0	0	0	0	0	45	0	0	0	10	0	0	0	0	0	0	0	0	45	0	0	0	0	0	0	0	0	0	0	0	0	0	0	0	0	0	0	0	20	0	20	20
0	0	70	0	90	70	90	0	0	40	0	40	0	0	20	0	0	30	0	0	40	0	115	0	0	0	70	70	60	70	70	0	0	0	0	0	0	0	95	0	50	0	60	0	20	0	0	0	0	0	0	95	0	40	0	0	50	0	0	0	0	0	0	0	0	50	0	0	0	20	0	70	0	70	70
0	0	10	0	30	10	30	0	0	0	0	0	0	0	0	0	0	0	0	0	0	0	55	0	0	0	10	10	0	10	10	0	0	0	0	0	0	0	35	0	0	0	0	0	0	0	0	0	0	0	0	35	0	0	0	0	0	0	0	0	0	0	0	0	0	0	0	0	0	0	0	10	0	10	10
940	820	1070	890	1090	1070	1090	870	970	1040	960	1040	990	770	1020	970	990	1030	670	940	1040	970	1115	870	870	770	1070	1070	1060	1070	1070	1000	870	990	940	970	710	960	1095	970	1050	1000	1060	0	1020	970	880	850	870	920	970	1095	950	1040	870	940	1050	970	730	820	980	870	820	970	920	1050	770	1000	970	1020	950	1070	670	1070	1070
0	0	50	0	70	50	70	0	0	20	0	20	0	0	0	0	0	10	0	0	20	0	95	0	0	0	50	50	40	50	50	0	0	0	0	0	0	0	75	0	30	0	40	0	0	0	0	0	0	0	0	75	0	20	0	0	30	0	0	0	0	0	0	0	0	30	0	0	0	0	0	50	0	50	50
0	0	100	0	120	100	120	0	0	70	0	70	20	0	50	0	20	60	0	0	70	0	145	0	0	0	100	100	90	100	100	30	0	20	0	0	0	0	125	0	80	30	90	0	50	0	0	0	0	0	0	125	0	70	0	0	80	0	0	0	10	0	0	0	0	80	0	30	0	50	0	100	0	100	100
60	0	190	10	210	190	210	0	90	160	80	160	110	0	140	90	110	150	0	60	160	90	235	0	0	0	190	190	180	190	190	120	0	110	60	90	0	80	215	90	170	120	180	0	140	90	0	0	0	40	90	215	70	160	0	60	170	90	0	0	100	0	0	90	40	170	0	120	90	140	70	190	0	190	190
90	0	220	40	240	220	240	20	120	190	110	190	140	0	170	120	140	180	0	90	190	120	265	20	20	0	220	220	210	220	220	150	20	140	90	120	0	110	245	120	200	150	210	0	170	120	30	0	20	70	120	245	100	190	20	90	200	120	0	0	130	20	0	120	70	200	0	150	120	170	100	220	0	220	220
70	0	200	20	220	200	220	0	100	170	90	170	120	0	150	100	120	160	0	70	170	100	245	0	0	0	200	200	190	200	200	130	0	120	70	100	0	90	225	100	180	130	190	0	150	100	10	0	0	50	100	225	80	170	0	70	180	100	0	0	110	0	0	100	50	180	0	130	100	150	80	200	0	200	200
20	0	150	0	170	150	170	0	50	120	40	120	70	0	100	50	70	110	0	20	120	50	195	0	0	0	150	150	140	150	150	80	0	70	20	50	0	40	175	50	130	80	140	0	100	50	0	0	0	0	50	175	30	120	0	20	130	50	0	0	60	0	0	50	0	130	0	80	50	100	30	150	0	150	150
0	0	100	0	120	100	120	0	0	70	0	70	20	0	50	0	20	60	0	0	70	0	145	0	0	0	100	100	90	100	100	30	0	20	0	0	0	0	125	0	80	30	90	0	50	0	0	0	0	0	0	125	0	70	0	0	80	0	0	0	10	0	0	0	0	80	0	30	0	50	0	100	0	100	100
0	0	0	0	0	0	0	0	0	0	0	0	0	0	0	0	0	0	0	0	0	0	20	0	0	0	0	0	0	0	0	0	0	0	0	0	0	0	0	0	0	0	0	0	0	0	0	0	0	0	0	0	0	0	0	0	0	0	0	0	0	0	0	0	0	0	0	0	0	0	0	0	0	0	0
0	0	120	0	140	120	140	0	20	90	10	90	40	0	70	20	40	80	0	0	90	20	165	0	0	0	120	120	110	120	120	50	0	40	0	20	0	10	145	20	100	50	110	0	70	20	0	0	0	0	20	145	0	90	0	0	100	20	0	0	30	0	0	20	0	100	0	50	20	70	0	120	0	120	120
0	0	30	0	50	30	50	0	0	0	0	0	0	0	0	0	0	0	0	0	0	0	75	0	0	0	30	30	20	30	30	0	0	0	0	0	0	0	55	0	10	0	20	0	0	0	0	0	0	0	0	55	0	0	0	0	10	0	0	0	0	0	0	0	0	10	0	0	0	0	0	30	0	30	30
70	0	200	20	220	200	220	0	100	170	90	170	120	0	150	100	120	160	0	70	170	100	245	0	0	0	200	200	190	200	200	130	0	120	70	100	0	90	225	100	180	130	190	0	150	100	10	0	0	50	100	225	80	170	0	70	180	100	0	0	110	0	0	100	50	180	0	130	100	150	80	200	0	200	200
0	0	130	0	150	130	150	0	30	100	20	100	50	0	80	30	50	90	0	0	100	30	175	0	0	0	130	130	120	130	130	60	0	50	0	30	0	20	155	30	110	60	120	0	80	30	0	0	0	0	30	155	10	100	0	0	110	30	0	0	40	0	0	30	0	110	0	60	30	80	10	130	0	130	130
0	0	20	0	40	20	40	0	0	0	0	0	0	0	0	0	0	0	0	0	0	0	65	0	0	0	20	20	10	20	20	0	0	0	0	0	0	0	45	0	0	0	10	0	0	0	0	0	0	0	0	45	0	0	0	0	0	0	0	0	0	0	0	0	0	0	0	0	0	0	0	20	0	20	20
0	0	100	0	120	100	120	0	0	70	0	70	20	0	50	0	20	60	0	0	70	0	145	0	0	0	100	100	90	100	100	30	0	20	0	0	0	0	125	0	80	30	90	0	50	0	0	0	0	0	0	125	0	70	0	0	80	0	0	0	10	0	0	0	0	80	0	30	0	50	0	100	0	100	100
210	90	340	160	360	340	360	140	240	310	230	310	260	40	290	240	260	300	0	210	310	240	385	140	140	40	340	340	330	340	340	270	140	260	210	240	0	230	365	240	320	270	330	0	290	240	150	120	140	190	240	365	220	310	140	210	320	240	0	90	250	140	90	240	190	320	40	270	240	290	220	340	0	340	340
120	0	250	70	270	250	270	50	150	220	140	220	170	0	200	150	170	210	0	120	220	150	295	50	50	0	250	250	240	250	250	180	50	170	120	150	0	140	275	150	230	180	240	0	200	150	60	30	50	100	150	275	130	220	50	120	230	150	0	0	160	50	0	150	100	230	0	180	150	200	130	250	0	250	250
0	0	90	0	110	90	110	0	0	60	0	60	10	0	40	0	10	50	0	0	60	0	135	0	0	0	90	90	80	90	90	20	0	10	0	0	0	0	115	0	70	20	80	0	40	0	0	0	0	0	0	115	0	60	0	0	70	0	0	0	0	0	0	0	0	70	0	20	0	40	0	90	0	90	90
70	0	200	20	220	200	220	0	100	170	90	170	120	0	150	100	120	160	0	70	170	100	245	0	0	0	200	200	190	200	200	130	0	120	70	100	0	90	225	100	180	130	190	0	150	100	10	0	0	50	100	225	80	170	0	70	180	100	0	0	110	0	0	100	50	180	0	130	100	150	80	200	0	200	200
120	0	250	70	270	250	270	50	150	220	140	220	170	0	200	150	170	210	0	120	220	150	295	50	50	0	250	250	240	250	250	180	50	170	120	150	0	140	275	150	230	180	240	0	200	150	60	30	50	100	150	275	130	220	50	120	230	150	0	0	160	50	0	150	100	230	0	180	150	200	130	250	0	250	250
0	0	100	0	120	100	120	0	0	70	0	70	20	0	50	0	20	60	0	0	70	0	145	0	0	0	100	100	90	100	100	30	0	20	0	0	0	0	125	0	80	30	90	0	50	0	0	0	0	0	0	125	0	70	0	0	80	0	0	0	10	0	0	0	0	80	0	30	0	50	0	100	0	100	100
20	0	150	0	170	150	170	0	50	120	40	120	70	0	100	50	70	110	0	20	120	50	195	0	0	0	150	150	140	150	150	80	0	70	20	50	0	40	175	50	130	80	140	0	100	50	0	0	0	0	50	175	30	120	0	20	130	50	0	0	60	0	0	50	0	130	0	80	50	100	30	150	0	150	150
0	0	20	0	40	20	40	0	0	0	0	0	0	0	0	0	0	0	0	0	0	0	65	0	0	0	20	20	10	20	20	0	0	0	0	0	0	0	45	0	0	0	10	0	0	0	0	0	0	0	0	45	0	0	0	0	0	0	0	0	0	0	0	0	0	0	0	0	0	0	0	20	0	20	20
170	50	300	120	320	300	320	100	200	270	190	270	220	0	250	200	220	260	0	170	270	200	345	100	100	0	300	300	290	300	300	230	100	220	170	200	0	190	325	200	280	230	290	0	250	200	110	80	100	150	200	325	180	270	100	170	280	200	0	50	210	100	50	200	150	280	0	230	200	250	180	300	0	300	300
0	0	70	0	90	70	90	0	0	40	0	40	0	0	20	0	0	30	0	0	40	0	115	0	0	0	70	70	60	70	70	0	0	0	0	0	0	0	95	0	50	0	60	0	20	0	0	0	0	0	0	95	0	40	0	0	50	0	0	0	0	0	0	0	0	50	0	0	0	20	0	70	0	70	70
0	0	100	0	120	100	120	0	0	70	0	70	20	0	50	0	20	60	0	0	70	0	145	0	0	0	100	100	90	100	100	30	0	20	0	0	0	0	125	0	80	30	90	0	50	0	0	0	0	0	0	125	0	70	0	0	80	0	0	0	10	0	0	0	0	80	0	30	0	50	0	100	0	100	100
0	0	50	0	70	50	70	0	0	20	0	20	0	0	0	0	0	10	0	0	20	0	95	0	0	0	50	50	40	50	50	0	0	0	0	0	0	0	75	0	30	0	40	0	0	0	0	0	0	0	0	75	0	20	0	0	30	0	0	0	0	0	0	0	0	30	0	0	0	0	0	50	0	50	50
0	0	120	0	140	120	140	0	20	90	10	90	40	0	70	20	40	80	0	0	90	20	165	0	0	0	120	120	110	120	120	50	0	40	0	20	0	10	145	20	100	50	110	0	70	20	0	0	0	0	20	145	0	90	0	0	100	20	0	0	30	0	0	20	0	100	0	50	20	70	0	120	0	120	120
0	0	0	0	20	0	20	0	0	0	0	0	0	0	0	0	0	0	0	0	0	0	45	0	0	0	0	0	0	0	0	0	0	0	0	0	0	0	25	0	0	0	0	0	0	0	0	0	0	0	0	25	0	0	0	0	0	0	0	0	0	0	0	0	0	0	0	0	0	0	0	0	0	0	0
270	150	400	220	420	400	420	200	300	370	290	370	320	100	350	300	320	360	0	270	370	300	445	200	200	100	400	400	390	400	400	330	200	320	270	300	40	290	425	300	380	330	390	0	350	300	210	180	200	250	300	425	280	370	200	270	380	300	60	150	310	200	150	300	250	380	100	330	300	350	280	400	0	400	400
0	0	0	0	20	0	20	0	0	0	0	0	0	0	0	0	0	0	0	0	0	0	45	0	0	0	0	0	0	0	0	0	0	0	0	0	0	0	25	0	0	0	0	0	0	0	0	0	0	0	0	25	0	0	0	0	0	0	0	0	0	0	0	0	0	0	0	0	0	0	0	0	0	0	0
0	0	0	0	20	0	20	0	0	0	0	0	0	0	0	0	0	0	0	0	0	0	45	0	0	0	0	0	0	0	0	0	0	0	0	0	0	0	25	0	0	0	0	0	0	0	0	0	0	0	0	25	0	0	0	0	0	0	0	0	0	0	0	0	0	0	0	0	0	0	0	0	0	0	0