1851 1823 1830 1754 1828 1795 1856 1844 1717 1845 1752 1807 1828 1857 1784 1842 1828 1811 1778 1800 1769 1845 1783 1796 1787 1853 1859 1853 1757 1814 1820 1710 1809 1825 1743 1857 1805 1832 1844 1839 1832 1847 1820 1683 1837 1474 1749 1836 1834 1811 1825 1857 1767 1842 1535 1851 1853 1830 1855 1860 1833 1841 1843 1813 1851 1839 1854 1743 1220 1799 1802 1752 1843 1821 1800

85

52 55 54 61 54 57 52 53 65 53 62 56 54 51 58 53 54 56 59 57 60 53 59 57 58 52 51 52 61 56 55 66 56 55 62 51 56 54 53 53 54 52 55 68 53 88 62 54 54 56 55 51 60 53 83 52 52 54 52 51 54 53 53 56 52 53 52 62 113 57 57 62 53 55 57

14 42 31 13

34430

0	0	30	0	0	0	43	50	0	0	0	0	54	0	50	0	0	145	50	189	330	106	0	47	0	54	0	54	330	187	0	185	186	0	315	36	0	0	0	0	0	95	0	293	0	0	0	0	0	0	0	0	146	0	50	0	0	50	47	0	0	75	0	90	0	4	0	274	111	0	171	330	0	0	0
133	0	163	0	0	0	176	183	0	9	0	0	187	104	183	0	0	278	183	322	463	239	68	180	0	187	123	187	463	320	0	318	319	0	448	169	0	0	0	63	0	228	0	426	38	0	0	0	0	0	0	68	279	124	183	47	73	183	180	127	0	208	0	223	113	137	73	407	244	0	304	463	0	0	0
0	0	0	0	0	0	13	20	0	0	0	0	24	0	20	0	0	115	20	159	300	76	0	17	0	24	0	24	300	157	0	155	156	0	285	6	0	0	0	0	0	65	0	263	0	0	0	0	0	0	0	0	116	0	20	0	0	20	17	0	0	45	0	60	0	0	0	244	81	0	141	300	0	0	0
420	287	450	0	178	71	463	470	0	296	0	150	474	391	470	240	139	565	470	609	750	526	355	467	170	474	410	474	750	607	219	605	606	120	735	456	151	165	210	350	146	515	213	713	325	0	0	165	151	114	130	355	566	411	470	334	360	470	467	414	151	495	240	510	400	424	360	694	531	101	591	750	210	100	42
242	109	272	0	0	0	285	292	0	118	0	0	296	213	292	62	0	387	292	431	572	348	177	289	0	296	232	296	572	429	41	427	428	0	557	278	0	0	32	172	0	337	35	535	147	0	0	0	0	0	0	177	388	233	292	156	182	292	289	236	0	317	62	332	222	246	182	516	353	0	413	572	32	0	0
349	216	379	0	107	0	392	399	0	225	0	79	403	320	399	169	68	494	399	538	679	455	284	396	99	403	339	403	679	536	148	534	535	49	664	385	80	94	139	279	75	444	142	642	254	0	0	94	80	43	59	284	495	340	399	263	289	399	396	343	80	424	169	439	329	353	289	623	460	30	520	679	139	29	0
0	0	0	0	0	0	0	7	0	0	0	0	11	0	7	0	0	102	7	146	287	63	0	4	0	11	0	11	287	144	0	142	143	0	272	0	0	0	0	0	0	52	0	250	0	0	0	0	0	0	0	0	103	0	7	0	0	7	4	0	0	32	0	47	0	0	0	231	68	0	128	287	0	0	0
0	0	0	0	0	0	0	0	0	0	0	0	4	0	0	0	0	95	0	139	280	56	0	0	0	4	0	4	280	137	0	135	136	0	265	0	0	0	0	0	0	45	0	243	0	0	0	0	0	0	0	0	96	0	0	0	0	0	0	0	0	25	0	40	0	0	0	224	61	0	121	280	0	0	0
438	305	468	18	196	89	481	488	0	314	0	168	492	409	488	258	157	583	488	627	768	544	373	485	188	492	428	492	768	625	237	623	624	138	753	474	169	183	228	368	164	533	231	731	343	0	1	183	169	132	148	373	584	429	488	352	378	488	485	432	169	513	258	528	418	442	378	712	549	119	609	768	228	118	60
124	0	154	0	0	0	167	174	0	0	0	0	178	95	174	0	0	269	174	313	454	230	59	171	0	178	114	178	454	311	0	309	310	0	439	160	0	0	0	54	0	219	0	417	29	0	0	0	0	0	0	59	270	115	174	38	64	174	171	118	0	199	0	214	104	128	64	398	235	0	295	454	0	0	0
454	321	484	34	212	105	497	504	16	330	0	184	508	425	504	274	173	599	504	643	784	560	389	501	204	508	444	508	784	641	253	639	640	154	769	490	185	199	244	384	180	549	247	747	359	0	17	199	185	148	164	389	600	445	504	368	394	504	501	448	185	529	274	544	434	458	394	728	565	135	625	784	244	134	76
270	137	300	0	28	0	313	320	0	146	0	0	324	241	320	90	0	415	320	459	600	376	205	317	20	324	260	324	600	457	69	455	456	0	585	306	1	15	60	200	0	365	63	563	175	0	0	15	1	0	0	205	416	261	320	184	210	320	317	264	1	345	90	360	250	274	210	544	381	0	441	600	60	0	0
0	0	0	0	0	0	0	0	0	0	0	0	0	0	0	0	0	91	0	135	276	52	0	0	0	0	0	0	276	133	0	131	132	0	261	0	0	0	0	0	0	41	0	239	0	0	0	0	0	0	0	0	92	0	0	0	0	0	0	0	0	21	0	36	0	0	0	220	57	0	117	276	0	0	0
29	0	59	0	0	0	72	79	0	0	0	0	83	0	79	0	0	174	79	218	359	135	0	76	0	83	19	83	359	216	0	214	215	0	344	65	0	0	0	0	0	124	0	322	0	0	0	0	0	0	0	0	175	20	79	0	0	79	76	23	0	104	0	119	9	33	0	303	140	0	200	359	0	0	0
0	0	0	0	0	0	0	0	0	0	0	0	4	0	0	0	0	95	0	139	280	56	0	0	0	4	0	4	280	137	0	135	136	0	265	0	0	0	0	0	0	45	0	243	0	0	0	0	0	0	0	0	96	0	0	0	0	0	0	0	0	25	0	40	0	0	0	224	61	0	121	280	0	0	0
180	47	210	0	0	0	223	230	0	56	0	0	234	151	230	0	0	325	230	369	510	286	115	227	0	234	170	234	510	367	0	365	366	0	495	216	0	0	0	110	0	275	0	473	85	0	0	0	0	0	0	115	326	171	230	94	120	230	227	174	0	255	0	270	160	184	120	454	291	0	351	510	0	0	0
281	148	311	0	39	0	324	331	0	157	0	11	335	252	331	101	0	426	331	470	611	387	216	328	31	335	271	335	611	468	80	466	467	0	596	317	12	26	71	211	7	376	74	574	186	0	0	26	12	0	0	216	427	272	331	195	221	331	328	275	12	356	101	371	261	285	221	555	392	0	452	611	71	0	0
0	0	0	0	0	0	0	0	0	0	0	0	0	0	0	0	0	0	0	44	185	0	0	0	0	0	0	0	185	42	0	40	41	0	170	0	0	0	0	0	0	0	0	148	0	0	0	0	0	0	0	0	1	0	0	0	0	0	0	0	0	0	0	0	0	0	0	129	0	0	26	185	0	0	0
0	0	0	0	0	0	0	0	0	0	0	0	4	0	0	0	0	95	0	139	280	56	0	0	0	4	0	4	280	137	0	135	136	0	265	0	0	0	0	0	0	45	0	243	0	0	0	0	0	0	0	0	96	0	0	0	0	0	0	0	0	25	0	40	0	0	0	224	61	0	121	280	0	0	0
0	0	0	0	0	0	0	0	0	0	0	0	0	0	0	0	0	0	0	0	141	0	0	0	0	0	0	0	141	0	0	0	0	0	126	0	0	0	0	0	0	0	0	104	0	0	0	0	0	0	0	0	0	0	0	0	0	0	0	0	0	0	0	0	0	0	0	85	0	0	0	141	0	0	0
0	0	0	0	0	0	0	0	0	0	0	0	0	0	0	0	0	0	0	0	0	0	0	0	0	0	0	0	0	0	0	0	0	0	0	0	0	0	0	0	0	0	0	0	0	0	0	0	0	0	0	0	0	0	0	0	0	0	0	0	0	0	0	0	0	0	0	0	0	0	0	0	0	0	0
0	0	0	0	0	0	0	0	0	0	0	0	0	0	0	0	0	39	0	83	224	0	0	0	0	0	0	0	224	81	0	79	80	0	209	0	0	0	0	0	0	0	0	187	0	0	0	0	0	0	0	0	40	0	0	0	0	0	0	0	0	0	0	0	0	0	0	168	5	0	65	224	0	0	0
65	0	95	0	0	0	108	115	0	0	0	0	119	36	115	0	0	210	115	254	395	171	0	112	0	119	55	119	395	252	0	250	251	0	380	101	0	0	0	0	0	160	0	358	0	0	0	0	0	0	0	0	211	56	115	0	5	115	112	59	0	140	0	155	45	69	5	339	176	0	236	395	0	0	0
0	0	0	0	0	0	0	3	0	0	0	0	7	0	3	0	0	98	3	142	283	59	0	0	0	7	0	7	283	140	0	138	139	0	268	0	0	0	0	0	0	48	0	246	0	0	0	0	0	0	0	0	99	0	3	0	0	3	0	0	0	28	0	43	0	0	0	227	64	0	124	283	0	0	0
250	117	280	0	8	0	293	300	0	126	0	0	304	221	300	70	0	395	300	439	580	356	185	297	0	304	240	304	580	437	49	435	436	0	565	286	0	0	40	180	0	345	43	543	155	0	0	0	0	0	0	185	396	241	300	164	190	300	297	244	0	325	70	340	230	254	190	524	361	0	421	580	40	0	0
0	0	0	0	0	0	0	0	0	0	0	0	0	0	0	0	0	91	0	135	276	52	0	0	0	0	0	0	276	133	0	131	132	0	261	0	0	0	0	0	0	41	0	239	0	0	0	0	0	0	0	0	92	0	0	0	0	0	0	0	0	21	0	36	0	0	0	220	57	0	117	276	0	0	0
10	0	40	0	0	0	53	60	0	0	0	0	64	0	60	0	0	155	60	199	340	116	0	57	0	64	0	64	340	197	0	195	196	0	325	46	0	0	0	0	0	105	0	303	0	0	0	0	0	0	0	0	156	1	60	0	0	60	57	4	0	85	0	100	0	14	0	284	121	0	181	340	0	0	0
0	0	0	0	0	0	0	0	0	0	0	0	0	0	0	0	0	91	0	135	276	52	0	0	0	0	0	0	276	133	0	131	132	0	261	0	0	0	0	0	0	41	0	239	0	0	0	0	0	0	0	0	92	0	0	0	0	0	0	0	0	21	0	36	0	0	0	220	57	0	117	276	0	0	0
0	0	0	0	0	0	0	0	0	0	0	0	0	0	0	0	0	0	0	0	0	0	0	0	0	0	0	0	0	0	0	0	0	0	0	0	0	0	0	0	0	0	0	0	0	0	0	0	0	0	0	0	0	0	0	0	0	0	0	0	0	0	0	0	0	0	0	0	0	0	0	0	0	0	0
0	0	0	0	0	0	0	0	0	0	0	0	0	0	0	0	0	0	0	2	143	0	0	0	0	0	0	0	143	0	0	0	0	0	128	0	0	0	0	0	0	0	0	106	0	0	0	0	0	0	0	0	0	0	0	0	0	0	0	0	0	0	0	0	0	0	0	87	0	0	0	143	0	0	0
201	68	231	0	0	0	244	251	0	77	0	0	255	172	251	21	0	346	251	390	531	307	136	248	0	255	191	255	531	388	0	386	387	0	516	237	0	0	0	131	0	296	0	494	106	0	0	0	0	0	0	136	347	192	251	115	141	251	248	195	0	276	21	291	181	205	141	475	312	0	372	531	0	0	0
0	0	0	0	0	0	0	0	0	0	0	0	0	0	0	0	0	0	0	4	145	0	0	0	0	0	0	0	145	2	0	0	1	0	130	0	0	0	0	0	0	0	0	108	0	0	0	0	0	0	0	0	0	0	0	0	0	0	0	0	0	0	0	0	0	0	0	89	0	0	0	145	0	0	0
0	0	0	0	0	0	0	0	0	0	0	0	0	0	0	0	0	0	0	3	144	0	0	0	0	0	0	0	144	1	0	0	0	0	129	0	0	0	0	0	0	0	0	107	0	0	0	0	0	0	0	0	0	0	0	0	0	0	0	0	0	0	0	0	0	0	0	88	0	0	0	144	0	0	0
300	167	330	0	58	0	343	350	0	176	0	30	354	271	350	120	19	445	350	489	630	406	235	347	50	354	290	354	630	487	99	485	486	0	615	336	31	45	90	230	26	395	93	593	205	0	0	45	31	0	10	235	446	291	350	214	240	350	347	294	31	375	120	390	280	304	240	574	411	0	471	630	90	0	0
0	0	0	0	0	0	0	0	0	0	0	0	0	0	0	0	0	0	0	0	15	0	0	0	0	0	0	0	15	0	0	0	0	0	0	0	0	0	0	0	0	0	0	0	0	0	0	0	0	0	0	0	0	0	0	0	0	0	0	0	0	0	0	0	0	0	0	0	0	0	0	15	0	0	0
0	0	0	0	0	0	7	14	0	0	0	0	18	0	14	0	0	109	14	153	294	70	0	11	0	18	0	18	294	151	0	149	150	0	279	0	0	0	0	0	0	59	0	257	0	0	0	0	0	0	0	0	110	0	14	0	0	14	11	0	0	39	0	54	0	0	0	238	75	0	135	294	0	0	0
269	136	299	0	27	0	312	319	0	145	0	0	323	240	319	89	0	414	319	458	599	375	204	316	19	323	259	323	599	456	68	454	455	0	584	305	0	14	59	199	0	364	62	562	174	0	0	14	0	0	0	204	415	260	319	183	209	319	316	263	0	344	89	359	249	273	209	543	380	0	440	599	59	0	0
255	122	285	0	13	0	298	305	0	131	0	0	309	226	305	75	0	400	305	444	585	361	190	302	5	309	245	309	585	442	54	440	441	0	570	291	0	0	45	185	0	350	48	548	160	0	0	0	0	0	0	190	401	246	305	169	195	305	302	249	0	330	75	345	235	259	195	529	366	0	426	585	45	0	0
210	77	240	0	0	0	253	260	0	86	0	0	264	181	260	30	0	355	260	399	540	316	145	257	0	264	200	264	540	397	9	395	396	0	525	246	0	0	0	140	0	305	3	503	115	0	0	0	0	0	0	145	356	201	260	124	150	260	257	204	0	285	30	300	190	214	150	484	321	0	381	540	0	0	0
70	0	100	0	0	0	113	120	0	0	0	0	124	41	120	0	0	215	120	259	400	176	5	117	0	124	60	124	400	257	0	255	256	0	385	106	0	0	0	0	0	165	0	363	0	0	0	0	0	0	0	5	216	61	120	0	10	120	117	64	0	145	0	160	50	74	10	344	181	0	241	400	0	0	0
274	141	304	0	32	0	317	324	0	150	0	4	328	245	324	94	0	419	324	463	604	380	209	321	24	328	264	328	604	461	73	459	460	0	589	310	5	19	64	204	0	369	67	567	179	0	0	19	5	0	0	209	420	265	324	188	214	324	321	268	5	349	94	364	254	278	214	548	385	0	445	604	64	0	0
0	0	0	0	0	0	0	0	0	0	0	0	0	0	0	0	0	50	0	94	235	11	0	0	0	0	0	0	235	92	0	90	91	0	220	0	0	0	0	0	0	0	0	198	0	0	0	0	0	0	0	0	51	0	0	0	0	0	0	0	0	0	0	0	0	0	0	179	16	0	76	235	0	0	0
207	74	237	0	0	0	250	257	0	83	0	0	261	178	257	27	0	352	257	396	537	313	142	254	0	261	197	261	537	394	6	392	393	0	522	243	0	0	0	137	0	302	0	500	112	0	0	0	0	0	0	142	353	198	257	121	147	257	254	201	0	282	27	297	187	211	147	481	318	0	378	537	0	0	0
0	0	0	0	0	0	0	0	0	0	0	0	0	0	0	0	0	0	0	0	37	0	0	0	0	0	0	0	37	0	0	0	0	0	22	0	0	0	0	0	0	0	0	0	0	0	0	0	0	0	0	0	0	0	0	0	0	0	0	0	0	0	0	0	0	0	0	0	0	0	0	37	0	0	0
95	0	125	0	0	0	138	145	0	0	0	0	149	66	145	0	0	240	145	284	425	201	30	142	0	149	85	149	425	282	0	280	281	0	410	131	0	0	0	25	0	190	0	388	0	0	0	0	0	0	0	30	241	86	145	9	35	145	142	89	0	170	0	185	75	99	35	369	206	0	266	425	0	0	0
490	357	520	70	248	141	533	540	52	366	36	220	544	461	540	310	209	635	540	679	820	596	425	537	240	544	480	544	820	677	289	675	676	190	805	526	221	235	280	420	216	585	283	783	395	0	53	235	221	184	200	425	636	481	540	404	430	540	537	484	221	565	310	580	470	494	430	764	601	171	661	820	280	170	112
437	304	467	17	195	88	480	487	0	313	0	167	491	408	487	257	156	582	487	626	767	543	372	484	187	491	427	491	767	624	236	622	623	137	752	473	168	182	227	367	163	532	230	730	342	0	0	182	168	131	147	372	583	428	487	351	377	487	484	431	168	512	257	527	417	441	377	711	548	118	608	767	227	117	59
255	122	285	0	13	0	298	305	0	131	0	0	309	226	305	75	0	400	305	444	585	361	190	302	5	309	245	309	585	442	54	440	441	0	570	291	0	0	45	185	0	350	48	548	160	0	0	0	0	0	0	190	401	246	305	169	195	305	302	249	0	330	75	345	235	259	195	529	366	0	426	585	45	0	0
269	136	299	0	27	0	312	319	0	145	0	0	323	240	319	89	0	414	319	458	599	375	204	316	19	323	259	323	599	456	68	454	455	0	584	305	0	14	59	199	0	364	62	562	174	0	0	14	0	0	0	204	415	260	319	183	209	319	316	263	0	344	89	359	249	273	209	543	380	0	440	599	59	0	0
306	173	336	0	64	0	349	356	0	182	0	36	360	277	356	126	25	451	356	495	636	412	241	353	56	360	296	360	636	493	105	491	492	6	621	342	37	51	96	236	32	401	99	599	211	0	0	51	37	0	16	241	452	297	356	220	246	356	353	300	37	381	126	396	286	310	246	580	417	0	477	636	96	0	0
290	157	320	0	48	0	333	340	0	166	0	20	344	261	340	110	9	435	340	479	620	396	225	337	40	344	280	344	620	477	89	475	476	0	605	326	21	35	80	220	16	385	83	583	195	0	0	35	21	0	0	225	436	281	340	204	230	340	337	284	21	365	110	380	270	294	230	564	401	0	461	620	80	0	0
65	0	95	0	0	0	108	115	0	0	0	0	119	36	115	0	0	210	115	254	395	171	0	112	0	119	55	119	395	252	0	250	251	0	380	101	0	0	0	0	0	160	0	358	0	0	0	0	0	0	0	0	211	56	115	0	5	115	112	59	0	140	0	155	45	69	5	339	176	0	236	395	0	0	0
0	0	0	0	0	0	0	0	0	0	0	0	0	0	0	0	0	0	0	43	184	0	0	0	0	0	0	0	184	41	0	39	40	0	169	0	0	0	0	0	0	0	0	147	0	0	0	0	0	0	0	0	0	0	0	0	0	0	0	0	0	0	0	0	0	0	0	128	0	0	25	184	0	0	0
9	0	39	0	0	0	52	59	0	0	0	0	63	0	59	0	0	154	59	198	339	115	0	56	0	63	0	63	339	196	0	194	195	0	324	45	0	0	0	0	0	104	0	302	0	0	0	0	0	0	0	0	155	0	59	0	0	59	56	3	0	84	0	99	0	13	0	283	120	0	180	339	0	0	0
0	0	0	0	0	0	0	0	0	0	0	0	4	0	0	0	0	95	0	139	280	56	0	0	0	4	0	4	280	137	0	135	136	0	265	0	0	0	0	0	0	45	0	243	0	0	0	0	0	0	0	0	96	0	0	0	0	0	0	0	0	25	0	40	0	0	0	224	61	0	121	280	0	0	0
86	0	116	0	0	0	129	136	0	0	0	0	140	57	136	0	0	231	136	275	416	192	21	133	0	140	76	140	416	273	0	271	272	0	401	122	0	0	0	16	0	181	0	379	0	0	0	0	0	0	0	21	232	77	136	0	26	136	133	80	0	161	0	176	66	90	26	360	197	0	257	416	0	0	0
60	0	90	0	0	0	103	110	0	0	0	0	114	31	110	0	0	205	110	249	390	166	0	107	0	114	50	114	390	247	0	245	246	0	375	96	0	0	0	0	0	155	0	353	0	0	0	0	0	0	0	0	206	51	110	0	0	110	107	54	0	135	0	150	40	64	0	334	171	0	231	390	0	0	0
0	0	0	0	0	0	0	0	0	0	0	0	4	0	0	0	0	95	0	139	280	56	0	0	0	4	0	4	280	137	0	135	136	0	265	0	0	0	0	0	0	45	0	243	0	0	0	0	0	0	0	0	96	0	0	0	0	0	0	0	0	25	0	40	0	0	0	224	61	0	121	280	0	0	0
0	0	0	0	0	0	0	3	0	0	0	0	7	0	3	0	0	98	3	142	283	59	0	0	0	7	0	7	283	140	0	138	139	0	268	0	0	0	0	0	0	48	0	246	0	0	0	0	0	0	0	0	99	0	3	0	0	3	0	0	0	28	0	43	0	0	0	227	64	0	124	283	0	0	0
6	0	36	0	0	0	49	56	0	0	0	0	60	0	56	0	0	151	56	195	336	112	0	53	0	60	0	60	336	193	0	191	192	0	321	42	0	0	0	0	0	101	0	299	0	0	0	0	0	0	0	0	152	0	56	0	0	56	53	0	0	81	0	96	0	10	0	280	117	0	177	336	0	0	0
269	136	299	0	27	0	312	319	0	145	0	0	323	240	319	89	0	414	319	458	599	375	204	316	19	323	259	323	599	456	68	454	455	0	584	305	0	14	59	199	0	364	62	562	174	0	0	14	0	0	0	204	415	260	319	183	209	319	316	263	0	344	89	359	249	273	209	543	380	0	440	599	59	0	0
0	0	0	0	0	0	0	0	0	0	0	0	0	0	0	0	0	70	0	114	255	31	0	0	0	0	0	0	255	112	0	110	111	0	240	0	0	0	0	0	0	20	0	218	0	0	0	0	0	0	0	0	71	0	0	0	0	0	0	0	0	0	0	15	0	0	0	199	36	0	96	255	0	0	0
180	47	210	0	0	0	223	230	0	56	0	0	234	151	230	0	0	325	230	369	510	286	115	227	0	234	170	234	510	367	0	365	366	0	495	216	0	0	0	110	0	275	0	473	85	0	0	0	0	0	0	115	326	171	230	94	120	230	227	174	0	255	0	270	160	184	120	454	291	0	351	510	0	0	0
0	0	0	0	0	0	0	0	0	0	0	0	0	0	0	0	0	55	0	99	240	16	0	0	0	0	0	0	240	97	0	95	96	0	225	0	0	0	0	0	0	5	0	203	0	0	0	0	0	0	0	0	56	0	0	0	0	0	0	0	0	0	0	0	0	0	0	184	21	0	81	240	0	0	0
20	0	50	0	0	0	63	70	0	0	0	0	74	0	70	0	0	165	70	209	350	126	0	67	0	74	10	74	350	207	0	205	206	0	335	56	0	0	0	0	0	115	0	313	0	0	0	0	0	0	0	0	166	11	70	0	0	70	67	14	0	95	0	110	0	24	0	294	131	0	191	350	0	0	0
0	0	26	0	0	0	39	46	0	0	0	0	50	0	46	0	0	141	46	185	326	102	0	43	0	50	0	50	326	183	0	181	182	0	311	32	0	0	0	0	0	91	0	289	0	0	0	0	0	0	0	0	142	0	46	0	0	46	43	0	0	71	0	86	0	0	0	270	107	0	167	326	0	0	0
60	0	90	0	0	0	103	110	0	0	0	0	114	31	110	0	0	205	110	249	390	166	0	107	0	114	50	114	390	247	0	245	246	0	375	96	0	0	0	0	0	155	0	353	0	0	0	0	0	0	0	0	206	51	110	0	0	110	107	54	0	135	0	150	40	64	0	334	171	0	231	390	0	0	0
0	0	0	0	0	0	0	0	0	0	0	0	0	0	0	0	0	0	0	0	56	0	0	0	0	0	0	0	56	0	0	0	0	0	41	0	0	0	0	0	0	0	0	19	0	0	0	0	0	0	0	0	0	0	0	0	0	0	0	0	0	0	0	0	0	0	0	0	0	0	0	56	0	0	0
0	0	0	0	0	0	0	0	0	0	0	0	0	0	0	0	0	34	0	78	219	0	0	0	0	0	0	0	219	76	0	74	75	0	204	0	0	0	0	0	0	0	0	182	0	0	0	0	0	0	0	0	35	0	0	0	0	0	0	0	0	0	0	0	0	0	0	163	0	0	60	219	0	0	0
319	186	349	0	77	0	362	369	0	195	0	49	373	290	369	139	38	464	369	508	649	425	254	366	69	373	309	373	649	506	118	504	505	19	634	355	50	64	109	249	45	414	112	612	224	0	0	64	50	13	29	254	465	310	369	233	259	369	366	313	50	394	139	409	299	323	259	593	430	0	490	649	109	0	0
0	0	0	0	0	0	0	0	0	0	0	0	0	0	0	0	0	0	0	18	159	0	0	0	0	0	0	0	159	16	0	14	15	0	144	0	0	0	0	0	0	0	0	122	0	0	0	0	0	0	0	0	0	0	0	0	0	0	0	0	0	0	0	0	0	0	0	103	0	0	0	159	0	0	0
0	0	0	0	0	0	0	0	0	0	0	0	0	0	0	0	0	0	0	0	0	0	0	0	0	0	0	0	0	0	0	0	0	0	0	0	0	0	0	0	0	0	0	0	0	0	0	0	0	0	0	0	0	0	0	0	0	0	0	0	0	0	0	0	0	0	0	0	0	0	0	0	0	0	0
210	77	240	0	0	0	253	260	0	86	0	0	264	181	260	30	0	355	260	399	540	316	145	257	0	264	200	264	540	397	9	395	396	0	525	246	0	0	0	140	0	305	3	503	115	0	0	0	0	0	0	145	356	201	260	124	150	260	257	204	0	285	30	300	190	214	150	484	321	0	381	540	0	0	0
320	187	350	0	78	0	363	370	0	196	0	50	374	291	370	140	39	465	370	509	650	426	255	367	70	374	310	374	650	507	119	505	506	20	635	356	51	65	110	250	46	415	113	613	225	0	0	65	51	14	30	255	466	311	370	234	260	370	367	314	51	395	140	410	300	324	260	594	431	1	491	650	110	0	0
378	245	408	0	136	29	421	428	0	254	0	108	432	349	428	198	97	523	428	567	708	484	313	425	128	432	368	432	708	565	177	563	564	78	693	414	109	123	168	308	104	473	171	671	283	0	0	123	109	72	88	313	524	369	428	292	318	428	425	372	109	453	198	468	358	382	318	652	489	59	549	708	168	58	0

0	133	0	420	242	349	0	0	438	124	454	270	0	29	0	180	281	0	0	0	0	0	65	0	250	0	10	0	0	0	201	0	0	300	0	0	269	255	210	70	274	0	207	0	95	490	437	255	269	306	290	65	0	9	0	86	60	0	0	6	269	0	180	0	20	0	60	0	0	319	0	0	210	320	378
0	0	0	287	109	216	0	0	305	0	321	137	0	0	0	47	148	0	0	0	0	0	0	0	117	0	0	0	0	0	68	0	0	167	0	0	136	122	77	0	141	0	74	0	0	357	304	122	136	173	157	0	0	0	0	0	0	0	0	0	136	0	47	0	0	0	0	0	0	186	0	0	77	187	245
30	163	0	450	272	379	0	0	468	154	484	300	0	59	0	210	311	0	0	0	0	0	95	0	280	0	40	0	0	0	231	0	0	330	0	0	299	285	240	100	304	0	237	0	125	520	467	285	299	336	320	95	0	39	0	116	90	0	0	36	299	0	210	0	50	26	90	0	0	349	0	0	240	350	408
0	0	0	0	0	0	0	0	18	0	34	0	0	0	0	0	0	0	0	0	0	0	0	0	0	0	0	0	0	0	0	0	0	0	0	0	0	0	0	0	0	0	0	0	0	70	17	0	0	0	0	0	0	0	0	0	0	0	0	0	0	0	0	0	0	0	0	0	0	0	0	0	0	0	0
0	0	0	178	0	107	0	0	196	0	212	28	0	0	0	0	39	0	0	0	0	0	0	0	8	0	0	0	0	0	0	0	0	58	0	0	27	13	0	0	32	0	0	0	0	248	195	13	27	64	48	0	0	0	0	0	0	0	0	0	27	0	0	0	0	0	0	0	0	77	0	0	0	78	136
0	0	0	71	0	0	0	0	89	0	105	0	0	0	0	0	0	0	0	0	0	0	0	0	0	0	0	0	0	0	0	0	0	0	0	0	0	0	0	0	0	0	0	0	0	141	88	0	0	0	0	0	0	0	0	0	0	0	0	0	0	0	0	0	0	0	0	0	0	0	0	0	0	0	29
43	176	13	463	285	392	0	0	481	167	497	313	0	72	0	223	324	0	0	0	0	0	108	0	293	0	53	0	0	0	244	0	0	343	0	7	312	298	253	113	317	0	250	0	138	533	480	298	312	349	333	108	0	52	0	129	103	0	0	49	312	0	223	0	63	39	103	0	0	362	0	0	253	363	421
50	183	20	470	292	399	7	0	488	174	504	320	0	79	0	230	331	0	0	0	0	0	115	3	300	0	60	0	0	0	251	0	0	350	0	14	319	305	260	120	324	0	257	0	145	540	487	305	319	356	340	115	0	59	0	136	110	0	3	56	319	0	230	0	70	46	110	0	0	369	0	0	260	370	428
0	0	0	0	0	0	0	0	0	0	16	0	0	0	0	0	0	0	0	0	0	0	0	0	0	0	0	0	0	0	0	0	0	0	0	0	0	0	0	0	0	0	0	0	0	52	0	0	0	0	0	0	0	0	0	0	0	0	0	0	0	0	0	0	0	0	0	0	0	0	0	0	0	0	0
0	9	0	296	118	225	0	0	314	0	330	146	0	0	0	56	157	0	0	0	0	0	0	0	126	0	0	0	0	0	77	0	0	176	0	0	145	131	86	0	150	0	83	0	0	366	313	131	145	182	166	0	0	0	0	0	0	0	0	0	145	0	56	0	0	0	0	0	0	195	0	0	86	196	254
0	0	0	0	0	0	0	0	0	0	0	0	0	0	0	0	0	0	0	0	0	0	0	0	0	0	0	0	0	0	0	0	0	0	0	0	0	0	0	0	0	0	0	0	0	36	0	0	0	0	0	0	0	0	0	0	0	0	0	0	0	0	0	0	0	0	0	0	0	0	0	0	0	0	0
0	0	0	150	0	79	0	0	168	0	184	0	0	0	0	0	11	0	0	0	0	0	0	0	0	0	0	0	0	0	0	0	0	30	0	0	0	0	0	0	4	0	0	0	0	220	167	0	0	36	20	0	0	0	0	0	0	0	0	0	0	0	0	0	0	0	0	0	0	49	0	0	0	50	108
54	187	24	474	296	403	11	4	492	178	508	324	0	83	4	234	335	0	4	0	0	0	119	7	304	0	64	0	0	0	255	0	0	354	0	18	323	309	264	124	328	0	261	0	149	544	491	309	323	360	344	119	0	63	4	140	114	4	7	60	323	0	234	0	74	50	114	0	0	373	0	0	264	374	432
0	104	0	391	213	320	0	0	409	95	425	241	0	0	0	151	252	0	0	0	0	0	36	0	221	0	0	0	0	0	172	0	0	271	0	0	240	226	181	41	245	0	178	0	66	461	408	226	240	277	261	36	0	0	0	57	31	0	0	0	240	0	151	0	0	0	31	0	0	290	0	0	181	291	349
50	183	20	470	292	399	7	0	488	174	504	320	0	79	0	230	331	0	0	0	0	0	115	3	300	0	60	0	0	0	251	0	0	350	0	14	319	305	260	120	324	0	257	0	145	540	487	305	319	356	340	115	0	59	0	136	110	0	3	56	319	0	230	0	70	46	110	0	0	369	0	0	260	370	428
0	0	0	240	62	169	0	0	258	0	274	90	0	0	0	0	101	0	0	0	0	0	0	0	70	0	0	0	0	0	21	0	0	120	0	0	89	75	30	0	94	0	27	0	0	310	257	75	89	126	110	0	0	0	0	0	0	0	0	0	89	0	0	0	0	0	0	0	0	139	0	0	30	140	198
0	0	0	139	0	68	0	0	157	0	173	0	0	0	0	0	0	0	0	0	0	0	0	0	0	0	0	0	0	0	0	0	0	19	0	0	0	0	0	0	0	0	0	0	0	209	156	0	0	25	9	0	0	0	0	0	0	0	0	0	0	0	0	0	0	0	0	0	0	38	0	0	0	39	97
145	278	115	565	387	494	102	95	583	269	599	415	91	174	95	325	426	0	95	0	0	39	210	98	395	91	155	91	0	0	346	0	0	445	0	109	414	400	355	215	419	50	352	0	240	635	582	400	414	451	435	210	0	154	95	231	205	95	98	151	414	70	325	55	165	141	205	0	34	464	0	0	355	465	523
50	183	20	470	292	399	7	0	488	174	504	320	0	79	0	230	331	0	0	0	0	0	115	3	300	0	60	0	0	0	251	0	0	350	0	14	319	305	260	120	324	0	257	0	145	540	487	305	319	356	340	115	0	59	0	136	110	0	3	56	319	0	230	0	70	46	110	0	0	369	0	0	260	370	428
189	322	159	609	431	538	146	139	627	313	643	459	135	218	139	369	470	44	139	0	0	83	254	142	439	135	199	135	0	2	390	4	3	489	0	153	458	444	399	259	463	94	396	0	284	679	626	444	458	495	479	254	43	198	139	275	249	139	142	195	458	114	369	99	209	185	249	0	78	508	18	0	399	509	567
330	463	300	750	572	679	287	280	768	454	784	600	276	359	280	510	611	185	280	141	0	224	395	283	580	276	340	276	0	143	531	145	144	630	15	294	599	585	540	400	604	235	537	37	425	820	767	585	599	636	620	395	184	339	280	416	390	280	283	336	599	255	510	240	350	326	390	56	219	649	159	0	540	650	708
106	239	76	526	348	455	63	56	544	230	560	376	52	135	56	286	387	0	56	0	0	0	171	59	356	52	116	52	0	0	307	0	0	406	0	70	375	361	316	176	380	11	313	0	201	596	543	361	375	412	396	171	0	115	56	192	166	56	59	112	375	31	286	16	126	102	166	0	0	425	0	0	316	426	484
0	68	0	355	177	284	0	0	373	59	389	205	0	0	0	115	216	0	0	0	0	0	0	0	185	0	0	0	0	0	136	0	0	235	0	0	204	190	145	5	209	0	142	0	30	425	372	190	204	241	225	0	0	0	0	21	0	0	0	0	204	0	115	0	0	0	0	0	0	254	0	0	145	255	313
47	180	17	467	289	396	4	0	485	171	501	317	0	76	0	227	328	0	0	0	0	0	112	0	297	0	57	0	0	0	248	0	0	347	0	11	316	302	257	117	321	0	254	0	142	537	484	302	316	353	337	112	0	56	0	133	107	0	0	53	316	0	227	0	67	43	107	0	0	366	0	0	257	367	425
0	0	0	170	0	99	0	0	188	0	204	20	0	0	0	0	31	0	0	0	0	0	0	0	0	0	0	0	0	0	0	0	0	50	0	0	19	5	0	0	24	0	0	0	0	240	187	5	19	56	40	0	0	0	0	0	0	0	0	0	19	0	0	0	0	0	0	0	0	69	0	0	0	70	128
54	187	24	474	296	403	11	4	492	178	508	324	0	83	4	234	335	0	4	0	0	0	119	7	304	0	64	0	0	0	255	0	0	354	0	18	323	309	264	124	328	0	261	0	149	544	491	309	323	360	344	119	0	63	4	140	114	4	7	60	323	0	234	0	74	50	114	0	0	373	0	0	264	374	432
0	123	0	410	232	339	0	0	428	114	444	260	0	19	0	170	271	0	0	0	0	0	55	0	240	0	0	0	0	0	191	0	0	290	0	0	259	245	200	60	264	0	197	0	85	480	427	245	259	296	280	55	0	0	0	76	50	0	0	0	259	0	170	0	10	0	50	0	0	309	0	0	200	310	368
54	187	24	474	296	403	11	4	492	178	508	324	0	83	4	234	335	0	4	0	0	0	119	7	304	0	64	0	0	0	255	0	0	354	0	18	323	309	264	124	328	0	261	0	149	544	491	309	323	360	344	119	0	63	4	140	114	4	7	60	323	0	234	0	74	50	114	0	0	373	0	0	264	374	432
330	463	300	750	572	679	287	280	768	454	784	600	276	359	280	510	611	185	280	141	0	224	395	283	580	276	340	276	0	143	531	145	144	630	15	294	599	585	540	400	604	235	537	37	425	820	767	585	599	636	620	395	184	339	280	416	390	280	283	336	599	255	510	240	350	326	390	56	219	649	159	0	540	650	708
187	320	157	607	429	536	144	137	625	311	641	457	133	216	137	367	468	42	137	0	0	81	252	140	437	133	197	133	0	0	388	2	1	487	0	151	456	442	397	257	461	92	394	0	282	677	624	442	456	493	477	252	41	196	137	273	247	137	140	193	456	112	367	97	207	183	247	0	76	506	16	0	397	507	565
0	0	0	219	41	148	0	0	237	0	253	69	0	0	0	0	80	0	0	0	0	0	0	0	49	0	0	0	0	0	0	0	0	99	0	0	68	54	9	0	73	0	6	0	0	289	236	54	68	105	89	0	0	0	0	0	0	0	0	0	68	0	0	0	0	0	0	0	0	118	0	0	9	119	177
185	318	155	605	427	534	142	135	623	309	639	455	131	214	135	365	466	40	135	0	0	79	250	138	435	131	195	131	0	0	386	0	0	485	0	149	454	440	395	255	459	90	392	0	280	675	622	440	454	491	475	250	39	194	135	271	245	135	138	191	454	110	365	95	205	181	245	0	74	504	14	0	395	505	563
186	319	156	606	428	535	143	136	624	310	640	456	132	215	136	366	467	41	136	0	0	80	251	139	436	132	196	132	0	0	387	1	0	486	0	150	455	441	396	256	460	91	393	0	281	676	623	441	455	492	476	251	40	195	136	272	246	136	139	192	455	111	366	96	206	182	246	0	75	505	15	0	396	506	564
0	0	0	120	0	49	0	0	138	0	154	0	0	0	0	0	0	0	0	0	0	0	0	0	0	0	0	0	0	0	0	0	0	0	0	0	0	0	0	0	0	0	0	0	0	190	137	0	0	6	0	0	0	0	0	0	0	0	0	0	0	0	0	0	0	0	0	0	0	19	0	0	0	20	78
315	448	285	735	557	664	272	265	753	439	769	585	261	344	265	495	596	170	265	126	0	209	380	268	565	261	325	261	0	128	516	130	129	615	0	279	584	570	525	385	589	220	522	22	410	805	752	570	584	621	605	380	169	324	265	401	375	265	268	321	584	240	495	225	335	311	375	41	204	634	144	0	525	635	693
36	169	6	456	278	385	0	0	474	160	490	306	0	65	0	216	317	0	0	0	0	0	101	0	286	0	46	0	0	0	237	0	0	336	0	0	305	291	246	106	310	0	243	0	131	526	473	291	305	342	326	101	0	45	0	122	96	0	0	42	305	0	216	0	56	32	96	0	0	355	0	0	246	356	414
0	0	0	151	0	80	0	0	169	0	185	1	0	0	0	0	12	0	0	0	0	0	0	0	0	0	0	0	0	0	0	0	0	31	0	0	0	0	0	0	5	0	0	0	0	221	168	0	0	37	21	0	0	0	0	0	0	0	0	0	0	0	0	0	0	0	0	0	0	50	0	0	0	51	109
0	0	0	165	0	94	0	0	183	0	199	15	0	0	0	0	26	0	0	0	0	0	0	0	0	0	0	0	0	0	0	0	0	45	0	0	14	0	0	0	19	0	0	0	0	235	182	0	14	51	35	0	0	0	0	0	0	0	0	0	14	0	0	0	0	0	0	0	0	64	0	0	0	65	123
0	0	0	210	32	139	0	0	228	0	244	60	0	0	0	0	71	0	0	0	0	0	0	0	40	0	0	0	0	0	0	0	0	90	0	0	59	45	0	0	64	0	0	0	0	280	227	45	59	96	80	0	0	0	0	0	0	0	0	0	59	0	0	0	0	0	0	0	0	109	0	0	0	110	168
0	63	0	350	172	279	0	0	368	54	384	200	0	0	0	110	211	0	0	0	0	0	0	0	180	0	0	0	0	0	131	0	0	230	0	0	199	185	140	0	204	0	137	0	25	420	367	185	199	236	220	0	0	0	0	16	0	0	0	0	199	0	110	0	0	0	0	0	0	249	0	0	140	250	308
0	0	0	146	0	75	0	0	164	0	180	0	0	0	0	0	7	0	0	0	0	0	0	0	0	0	0	0	0	0	0	0	0	26	0	0	0	0	0	0	0	0	0	0	0	216	163	0	0	32	16	0	0	0	0	0	0	0	0	0	0	0	0	0	0	0	0	0	0	45	0	0	0	46	104
95	228	65	515	337	444	52	45	533	219	549	365	41	124	45	275	376	0	45	0	0	0	160	48	345	41	105	41	0	0	296	0	0	395	0	59	364	350	305	165	369	0	302	0	190	585	532	350	364	401	385	160	0	104	45	181	155	45	48	101	364	20	275	5	115	91	155	0	0	414	0	0	305	415	473
0	0	0	213	35	142	0	0	231	0	247	63	0	0	0	0	74	0	0	0	0	0	0	0	43	0	0	0	0	0	0	0	0	93	0	0	62	48	3	0	67	0	0	0	0	283	230	48	62	99	83	0	0	0	0	0	0	0	0	0	62	0	0	0	0	0	0	0	0	112	0	0	3	113	171
293	426	263	713	535	642	250	243	731	417	747	563	239	322	243	473	574	148	243	104	0	187	358	246	543	239	303	239	0	106	494	108	107	593	0	257	562	548	503	363	567	198	500	0	388	783	730	548	562	599	583	358	147	302	243	379	353	243	246	299	562	218	473	203	313	289	353	19	182	612	122	0	503	613	671
0	38	0	325	147	254	0	0	343	29	359	175	0	0	0	85	186	0	0	0	0	0	0	0	155	0	0	0	0	0	106	0	0	205	0	0	174	160	115	0	179	0	112	0	0	395	342	160	174	211	195	0	0	0	0	0	0	0	0	0	174	0	85	0	0	0	0	0	0	224	0	0	115	225	283
0	0	0	0	0	0	0	0	0	0	0	0	0	0	0	0	0	0	0	0	0	0	0	0	0	0	0	0	0	0	0	0	0	0	0	0	0	0	0	0	0	0	0	0	0	0	0	0	0	0	0	0	0	0	0	0	0	0	0	0	0	0	0	0	0	0	0	0	0	0	0	0	0	0	0
0	0	0	0	0	0	0	0	1	0	17	0	0	0	0	0	0	0	0	0	0	0	0	0	0	0	0	0	0	0	0	0	0	0	0	0	0	0	0	0	0	0	0	0	0	53	0	0	0	0	0	0	0	0	0	0	0	0	0	0	0	0	0	0	0	0	0	0	0	0	0	0	0	0	0
0	0	0	165	0	94	0	0	183	0	199	15	0	0	0	0	26	0	0	0	0	0	0	0	0	0	0	0	0	0	0	0	0	45	0	0	14	0	0	0	19	0	0	0	0	235	182	0	14	51	35	0	0	0	0	0	0	0	0	0	14	0	0	0	0	0	0	0	0	64	0	0	0	65	123
0	0	0	151	0	80	0	0	169	0	185	1	0	0	0	0	12	0	0	0	0	0	0	0	0	0	0	0	0	0	0	0	0	31	0	0	0	0	0	0	5	0	0	0	0	221	168	0	0	37	21	0	0	0	0	0	0	0	0	0	0	0	0	0	0	0	0	0	0	50	0	0	0	51	109
0	0	0	114	0	43	0	0	132	0	148	0	0	0	0	0	0	0	0	0	0	0	0	0	0	0	0	0	0	0	0	0	0	0	0	0	0	0	0	0	0	0	0	0	0	184	131	0	0	0	0	0	0	0	0	0	0	0	0	0	0	0	0	0	0	0	0	0	0	13	0	0	0	14	72
0	0	0	130	0	59	0	0	148	0	164	0	0	0	0	0	0	0	0	0	0	0	0	0	0	0	0	0	0	0	0	0	0	10	0	0	0	0	0	0	0	0	0	0	0	200	147	0	0	16	0	0	0	0	0	0	0	0	0	0	0	0	0	0	0	0	0	0	0	29	0	0	0	30	88
0	68	0	355	177	284	0	0	373	59	389	205	0	0	0	115	216	0	0	0	0	0	0	0	185	0	0	0	0	0	136	0	0	235	0	0	204	190	145	5	209	0	142	0	30	425	372	190	204	241	225	0	0	0	0	21	0	0	0	0	204	0	115	0	0	0	0	0	0	254	0	0	145	255	313
146	279	116	566	388	495	103	96	584	270	600	416	92	175	96	326	427	1	96	0	0	40	211	99	396	92	156	92	0	0	347	0	0	446	0	110	415	401	356	216	420	51	353	0	241	636	583	401	415	452	436	211	0	155	96	232	206	96	99	152	415	71	326	56	166	142	206	0	35	465	0	0	356	466	524
0	124	0	411	233	340	0	0	429	115	445	261	0	20	0	171	272	0	0	0	0	0	56	0	241	0	1	0	0	0	192	0	0	291	0	0	260	246	201	61	265	0	198	0	86	481	428	246	260	297	281	56	0	0	0	77	51	0	0	0	260	0	171	0	11	0	51	0	0	310	0	0	201	311	369
50	183	20	470	292	399	7	0	488	174	504	320	0	79	0	230	331	0	0	0	0	0	115	3	300	0	60	0	0	0	251	0	0	350	0	14	319	305	260	120	324	0	257	0	145	540	487	305	319	356	340	115	0	59	0	136	110	0	3	56	319	0	230	0	70	46	110	0	0	369	0	0	260	370	428
0	47	0	334	156	263	0	0	352	38	368	184	0	0	0	94	195	0	0	0	0	0	0	0	164	0	0	0	0	0	115	0	0	214	0	0	183	169	124	0	188	0	121	0	9	404	351	169	183	220	204	0	0	0	0	0	0	0	0	0	183	0	94	0	0	0	0	0	0	233	0	0	124	234	292
0	73	0	360	182	289	0	0	378	64	394	210	0	0	0	120	221	0	0	0	0	0	5	0	190	0	0	0	0	0	141	0	0	240	0	0	209	195	150	10	214	0	147	0	35	430	377	195	209	246	230	5	0	0	0	26	0	0	0	0	209	0	120	0	0	0	0	0	0	259	0	0	150	260	318
50	183	20	470	292	399	7	0	488	174	504	320	0	79	0	230	331	0	0	0	0	0	115	3	300	0	60	0	0	0	251	0	0	350	0	14	319	305	260	120	324	0	257	0	145	540	487	305	319	356	340	115	0	59	0	136	110	0	3	56	319	0	230	0	70	46	110	0	0	369	0	0	260	370	428
47	180	17	467	289	396	4	0	485	171	501	317	0	76	0	227	328	0	0	0	0	0	112	0	297	0	57	0	0	0	248	0	0	347	0	11	316	302	257	117	321	0	254	0	142	537	484	302	316	353	337	112	0	56	0	133	107	0	0	53	316	0	227	0	67	43	107	0	0	366	0	0	257	367	425
0	127	0	414	236	343	0	0	432	118	448	264	0	23	0	174	275	0	0	0	0	0	59	0	244	0	4	0	0	0	195	0	0	294	0	0	263	249	204	64	268	0	201	0	89	484	431	249	263	300	284	59	0	3	0	80	54	0	0	0	263	0	174	0	14	0	54	0	0	313	0	0	204	314	372
0	0	0	151	0	80	0	0	169	0	185	1	0	0	0	0	12	0	0	0	0	0	0	0	0	0	0	0	0	0	0	0	0	31	0	0	0	0	0	0	5	0	0	0	0	221	168	0	0	37	21	0	0	0	0	0	0	0	0	0	0	0	0	0	0	0	0	0	0	50	0	0	0	51	109
75	208	45	495	317	424	32	25	513	199	529	345	21	104	25	255	356	0	25	0	0	0	140	28	325	21	85	21	0	0	276	0	0	375	0	39	344	330	285	145	349	0	282	0	170	565	512	330	344	381	365	140	0	84	25	161	135	25	28	81	344	0	255	0	95	71	135	0	0	394	0	0	285	395	453
0	0	0	240	62	169	0	0	258	0	274	90	0	0	0	0	101	0	0	0	0	0	0	0	70	0	0	0	0	0	21	0	0	120	0	0	89	75	30	0	94	0	27	0	0	310	257	75	89	126	110	0	0	0	0	0	0	0	0	0	89	0	0	0	0	0	0	0	0	139	0	0	30	140	198
90	223	60	510	332	439	47	40	528	214	544	360	36	119	40	270	371	0	40	0	0	0	155	43	340	36	100	36	0	0	291	0	0	390	0	54	359	345	300	160	364	0	297	0	185	580	527	345	359	396	380	155	0	99	40	176	150	40	43	96	359	15	270	0	110	86	150	0	0	409	0	0	300	410	468
0	113	0	400	222	329	0	0	418	104	434	250	0	9	0	160	261	0	0	0	0	0	45	0	230	0	0	0	0	0	181	0	0	280	0	0	249	235	190	50	254	0	187	0	75	470	417	235	249	286	270	45	0	0	0	66	40	0	0	0	249	0	160	0	0	0	40	0	0	299	0	0	190	300	358
4	137	0	424	246	353	0	0	442	128	458	274	0	33	0	184	285	0	0	0	0	0	69	0	254	0	14	0	0	0	205	0	0	304	0	0	273	259	214	74	278	0	211	0	99	494	441	259	273	310	294	69	0	13	0	90	64	0	0	10	273	0	184	0	24	0	64	0	0	323	0	0	214	324	382
0	73	0	360	182	289	0	0	378	64	394	210	0	0	0	120	221	0	0	0	0	0	5	0	190	0	0	0	0	0	141	0	0	240	0	0	209	195	150	10	214	0	147	0	35	430	377	195	209	246	230	5	0	0	0	26	0	0	0	0	209	0	120	0	0	0	0	0	0	259	0	0	150	260	318
274	407	244	694	516	623	231	224	712	398	728	544	220	303	224	454	555	129	224	85	0	168	339	227	524	220	284	220	0	87	475	89	88	574	0	238	543	529	484	344	548	179	481	0	369	764	711	529	543	580	564	339	128	283	224	360	334	224	227	280	543	199	454	184	294	270	334	0	163	593	103	0	484	594	652
111	244	81	531	353	460	68	61	549	235	565	381	57	140	61	291	392	0	61	0	0	5	176	64	361	57	121	57	0	0	312	0	0	411	0	75	380	366	321	181	385	16	318	0	206	601	548	366	380	417	401	176	0	120	61	197	171	61	64	117	380	36	291	21	131	107	171	0	0	430	0	0	321	431	489
0	0	0	101	0	30	0	0	119	0	135	0	0	0	0	0	0	0	0	0	0	0	0	0	0	0	0	0	0	0	0	0	0	0	0	0	0	0	0	0	0	0	0	0	0	171	118	0	0	0	0	0	0	0	0	0	0	0	0	0	0	0	0	0	0	0	0	0	0	0	0	0	0	1	59
171	304	141	591	413	520	128	121	609	295	625	441	117	200	121	351	452	26	121	0	0	65	236	124	421	117	181	117	0	0	372	0	0	471	0	135	440	426	381	241	445	76	378	0	266	661	608	426	440	477	461	236	25	180	121	257	231	121	124	177	440	96	351	81	191	167	231	0	60	490	0	0	381	491	549
330	463	300	750	572	679	287	280	768	454	784	600	276	359	280	510	611	185	280	141	0	224	395	283	580	276	340	276	0	143	531	145	144	630	15	294	599	585	540	400	604	235	537	37	425	820	767	585	599	636	620	395	184	339	280	416	390	280	283	336	599	255	510	240	350	326	390	56	219	649	159	0	540	650	708
0	0	0	210	32	139	0	0	228	0	244	60	0	0	0	0	71	0	0	0	0	0	0	0	40	0	0	0	0	0	0	0	0	90	0	0	59	45	0	0	64	0	0	0	0	280	227	45	59	96	80	0	0	0	0	0	0	0	0	0	59	0	0	0	0	0	0	0	0	109	0	0	0	110	168
0	0	0	100	0	29	0	0	118	0	134	0	0	0	0	0	0	0	0	0	0	0	0	0	0	0	0	0	0	0	0	0	0	0	0	0	0	0	0	0	0	0	0	0	0	170	117	0	0	0	0	0	0	0	0	0	0	0	0	0	0	0	0	0	0	0	0	0	0	0	0	0	0	0	58
0	0	0	42	0	0	0	0	60	0	76	0	0	0	0	0	0	0	0	0	0	0	0	0	0	0	0	0	0	0	0	0	0	0	0	0	0	0	0	0	0	0	0	0	0	112	59	0	0	0	0	0	0	0	0	0	0	0	0	0	0	0	0	0	0	0	0	0	0	0	0	0	0	0	0

0	40	40	0	0	0	0	0	140	0	0	0	80	0	220	0	0	0	240	0	0	0	200	190	140	0	0	0	0	0	0	237	0	0	90	0	90	0	0	30	0	0	0	237	40	800	0	0	0	40	0	0	139	0	910	0	0	0	0	0	0	0	0	0	20	80	0	0	1640	0	0	0	0	0	0
0	0	0	0	0	0	0	0	100	0	0	0	40	0	180	0	0	0	200	0	0	0	160	150	100	0	0	0	0	0	0	197	0	0	50	0	50	0	0	0	0	0	0	197	0	760	0	0	0	0	0	0	99	0	870	0	0	0	0	0	0	0	0	0	0	40	0	0	1600	0	0	0	0	0	0
0	0	0	0	0	0	0	0	100	0	0	0	40	0	180	0	0	0	200	0	0	0	160	150	100	0	0	0	0	0	0	197	0	0	50	0	50	0	0	0	0	0	0	197	0	760	0	0	0	0	0	0	99	0	870	0	0	0	0	0	0	0	0	0	0	40	0	0	1600	0	0	0	0	0	0
60	100	100	0	0	50	0	0	200	60	0	0	140	30	280	50	30	0	300	0	0	0	260	250	200	0	0	0	0	0	0	297	0	40	150	0	150	50	0	90	30	0	0	297	100	860	0	30	0	100	0	0	199	0	970	0	60	0	0	0	30	20	50	0	80	140	50	40	1700	0	0	0	20	50	0
60	100	100	0	0	50	0	0	200	60	0	0	140	30	280	50	30	0	300	0	0	0	260	250	200	0	0	0	0	0	0	297	0	40	150	0	150	50	0	90	30	0	0	297	100	860	0	30	0	100	0	0	199	0	970	0	60	0	0	0	30	20	50	0	80	140	50	40	1700	0	0	0	20	50	0
10	50	50	0	0	0	0	0	150	10	0	0	90	0	230	0	0	0	250	0	0	0	210	200	150	0	0	0	0	0	0	247	0	0	100	0	100	0	0	40	0	0	0	247	50	810	0	0	0	50	0	0	149	0	920	0	10	0	0	0	0	0	0	0	30	90	0	0	1650	0	0	0	0	0	0
90	130	130	30	30	80	0	0	230	90	20	0	170	60	310	80	60	0	330	0	10	30	290	280	230	10	10	10	0	0	0	327	0	70	180	0	180	80	10	120	60	30	0	327	130	890	0	60	10	130	30	30	229	0	1000	10	90	0	30	30	60	50	80	0	110	170	80	70	1730	0	10	0	50	80	30
130	170	170	70	70	120	40	0	270	130	60	0	210	100	350	120	100	0	370	0	50	70	330	320	270	50	50	50	0	20	0	367	0	110	220	40	220	120	50	160	100	70	0	367	170	930	10	100	50	170	70	70	269	0	1040	50	130	0	70	70	100	90	120	0	150	210	120	110	1770	0	50	20	90	120	70
0	0	0	0	0	0	0	0	0	0	0	0	0	0	80	0	0	0	100	0	0	0	60	50	0	0	0	0	0	0	0	97	0	0	0	0	0	0	0	0	0	0	0	97	0	660	0	0	0	0	0	0	0	0	770	0	0	0	0	0	0	0	0	0	0	0	0	0	1500	0	0	0	0	0	0
0	40	40	0	0	0	0	0	140	0	0	0	80	0	220	0	0	0	240	0	0	0	200	190	140	0	0	0	0	0	0	237	0	0	90	0	90	0	0	30	0	0	0	237	40	800	0	0	0	40	0	0	139	0	910	0	0	0	0	0	0	0	0	0	20	80	0	0	1640	0	0	0	0	0	0
70	110	110	10	10	60	0	0	210	70	0	0	150	40	290	60	40	0	310	0	0	10	270	260	210	0	0	0	0	0	0	307	0	50	160	0	160	60	0	100	40	10	0	307	110	870	0	40	0	110	10	10	209	0	980	0	70	0	10	10	40	30	60	0	90	150	60	50	1710	0	0	0	30	60	10
160	200	200	100	100	150	70	30	300	160	90	0	240	130	380	150	130	0	400	0	80	100	360	350	300	80	80	80	30	50	0	397	30	140	250	70	250	150	80	190	130	100	0	397	200	960	40	130	80	200	100	100	299	30	1070	80	160	0	100	100	130	120	150	20	180	240	150	140	1800	0	80	50	120	150	100
0	0	0	0	0	0	0	0	60	0	0	0	0	0	140	0	0	0	160	0	0	0	120	110	60	0	0	0	0	0	0	157	0	0	10	0	10	0	0	0	0	0	0	157	0	720	0	0	0	0	0	0	59	0	830	0	0	0	0	0	0	0	0	0	0	0	0	0	1560	0	0	0	0	0	0
30	70	70	0	0	20	0	0	170	30	0	0	110	0	250	20	0	0	270	0	0	0	230	220	170	0	0	0	0	0	0	267	0	10	120	0	120	20	0	60	0	0	0	267	70	830	0	0	0	70	0	0	169	0	940	0	30	0	0	0	0	0	20	0	50	110	20	10	1670	0	0	0	0	20	0
0	0	0	0	0	0	0	0	0	0	0	0	0	0	0	0	0	0	20	0	0	0	0	0	0	0	0	0	0	0	0	17	0	0	0	0	0	0	0	0	0	0	0	17	0	580	0	0	0	0	0	0	0	0	690	0	0	0	0	0	0	0	0	0	0	0	0	0	1420	0	0	0	0	0	0
10	50	50	0	0	0	0	0	150	10	0	0	90	0	230	0	0	0	250	0	0	0	210	200	150	0	0	0	0	0	0	247	0	0	100	0	100	0	0	40	0	0	0	247	50	810	0	0	0	50	0	0	149	0	920	0	10	0	0	0	0	0	0	0	30	90	0	0	1650	0	0	0	0	0	0
30	70	70	0	0	20	0	0	170	30	0	0	110	0	250	20	0	0	270	0	0	0	230	220	170	0	0	0	0	0	0	267	0	10	120	0	120	20	0	60	0	0	0	267	70	830	0	0	0	70	0	0	169	0	940	0	30	0	0	0	0	0	20	0	50	110	20	10	1670	0	0	0	0	20	0
160	200	200	100	100	150	70	30	300	160	90	0	240	130	380	150	130	0	400	0	80	100	360	350	300	80	80	80	30	50	0	397	30	140	250	70	250	150	80	190	130	100	0	397	200	960	40	130	80	200	100	100	299	30	1070	80	160	0	100	100	130	120	150	20	180	240	150	140	1800	0	80	50	120	150	100
0	0	0	0	0	0	0	0	0	0	0	0	0	0	0	0	0	0	0	0	0	0	0	0	0	0	0	0	0	0	0	0	0	0	0	0	0	0	0	0	0	0	0	0	0	560	0	0	0	0	0	0	0	0	670	0	0	0	0	0	0	0	0	0	0	0	0	0	1400	0	0	0	0	0	0
160	200	200	100	100	150	70	30	300	160	90	0	240	130	380	150	130	0	400	0	80	100	360	350	300	80	80	80	30	50	0	397	30	140	250	70	250	150	80	190	130	100	0	397	200	960	40	130	80	200	100	100	299	30	1070	80	160	0	100	100	130	120	150	20	180	240	150	140	1800	0	80	50	120	150	100
80	120	120	20	20	70	0	0	220	80	10	0	160	50	300	70	50	0	320	0	0	20	280	270	220	0	0	0	0	0	0	317	0	60	170	0	170	70	0	110	50	20	0	317	120	880	0	50	0	120	20	20	219	0	990	0	80	0	20	20	50	40	70	0	100	160	70	60	1720	0	0	0	40	70	20
60	100	100	0	0	50	0	0	200	60	0	0	140	30	280	50	30	0	300	0	0	0	260	250	200	0	0	0	0	0	0	297	0	40	150	0	150	50	0	90	30	0	0	297	100	860	0	30	0	100	0	0	199	0	970	0	60	0	0	0	30	20	50	0	80	140	50	40	1700	0	0	0	20	50	0
0	0	0	0	0	0	0	0	0	0	0	0	0	0	20	0	0	0	40	0	0	0	0	0	0	0	0	0	0	0	0	37	0	0	0	0	0	0	0	0	0	0	0	37	0	600	0	0	0	0	0	0	0	0	710	0	0	0	0	0	0	0	0	0	0	0	0	0	1440	0	0	0	0	0	0
0	0	0	0	0	0	0	0	0	0	0	0	0	0	30	0	0	0	50	0	0	0	10	0	0	0	0	0	0	0	0	47	0	0	0	0	0	0	0	0	0	0	0	47	0	610	0	0	0	0	0	0	0	0	720	0	0	0	0	0	0	0	0	0	0	0	0	0	1450	0	0	0	0	0	0
0	0	0	0	0	0	0	0	0	0	0	0	0	0	80	0	0	0	100	0	0	0	60	50	0	0	0	0	0	0	0	97	0	0	0	0	0	0	0	0	0	0	0	97	0	660	0	0	0	0	0	0	0	0	770	0	0	0	0	0	0	0	0	0	0	0	0	0	1500	0	0	0	0	0	0
80	120	120	20	20	70	0	0	220	80	10	0	160	50	300	70	50	0	320	0	0	20	280	270	220	0	0	0	0	0	0	317	0	60	170	0	170	70	0	110	50	20	0	317	120	880	0	50	0	120	20	20	219	0	990	0	80	0	20	20	50	40	70	0	100	160	70	60	1720	0	0	0	40	70	20
80	120	120	20	20	70	0	0	220	80	10	0	160	50	300	70	50	0	320	0	0	20	280	270	220	0	0	0	0	0	0	317	0	60	170	0	170	70	0	110	50	20	0	317	120	880	0	50	0	120	20	20	219	0	990	0	80	0	20	20	50	40	70	0	100	160	70	60	1720	0	0	0	40	70	20
80	120	120	20	20	70	0	0	220	80	10	0	160	50	300	70	50	0	320	0	0	20	280	270	220	0	0	0	0	0	0	317	0	60	170	0	170	70	0	110	50	20	0	317	120	880	0	50	0	120	20	20	219	0	990	0	80	0	20	20	50	40	70	0	100	160	70	60	1720	0	0	0	40	70	20
130	170	170	70	70	120	40	0	270	130	60	0	210	100	350	120	100	0	370	0	50	70	330	320	270	50	50	50	0	20	0	367	0	110	220	40	220	120	50	160	100	70	0	367	170	930	10	100	50	170	70	70	269	0	1040	50	130	0	70	70	100	90	120	0	150	210	120	110	1770	0	50	20	90	120	70
110	150	150	50	50	100	20	0	250	110	40	0	190	80	330	100	80	0	350	0	30	50	310	300	250	30	30	30	0	0	0	347	0	90	200	20	200	100	30	140	80	50	0	347	150	910	0	80	30	150	50	50	249	0	1020	30	110	0	50	50	80	70	100	0	130	190	100	90	1750	0	30	0	70	100	50
160	200	200	100	100	150	70	30	300	160	90	0	240	130	380	150	130	0	400	0	80	100	360	350	300	80	80	80	30	50	0	397	30	140	250	70	250	150	80	190	130	100	0	397	200	960	40	130	80	200	100	100	299	30	1070	80	160	0	100	100	130	120	150	20	180	240	150	140	1800	0	80	50	120	150	100
0	0	0	0	0	0	0	0	0	0	0	0	0	0	0	0	0	0	3	0	0	0	0	0	0	0	0	0	0	0	0	0	0	0	0	0	0	0	0	0	0	0	0	0	0	563	0	0	0	0	0	0	0	0	673	0	0	0	0	0	0	0	0	0	0	0	0	0	1403	0	0	0	0	0	0
130	170	170	70	70	120	40	0	270	130	60	0	210	100	350	120	100	0	370	0	50	70	330	320	270	50	50	50	0	20	0	367	0	110	220	40	220	120	50	160	100	70	0	367	170	930	10	100	50	170	70	70	269	0	1040	50	130	0	70	70	100	90	120	0	150	210	120	110	1770	0	50	20	90	120	70
20	60	60	0	0	10	0	0	160	20	0	0	100	0	240	10	0	0	260	0	0	0	220	210	160	0	0	0	0	0	0	257	0	0	110	0	110	10	0	50	0	0	0	257	60	820	0	0	0	60	0	0	159	0	930	0	20	0	0	0	0	0	10	0	40	100	10	0	1660	0	0	0	0	10	0
0	0	0	0	0	0	0	0	50	0	0	0	0	0	130	0	0	0	150	0	0	0	110	100	50	0	0	0	0	0	0	147	0	0	0	0	0	0	0	0	0	0	0	147	0	710	0	0	0	0	0	0	49	0	820	0	0	0	0	0	0	0	0	0	0	0	0	0	1550	0	0	0	0	0	0
90	130	130	30	30	80	0	0	230	90	20	0	170	60	310	80	60	0	330	0	10	30	290	280	230	10	10	10	0	0	0	327	0	70	180	0	180	80	10	120	60	30	0	327	130	890	0	60	10	130	30	30	229	0	1000	10	90	0	30	30	60	50	80	0	110	170	80	70	1730	0	10	0	50	80	30
0	0	0	0	0	0	0	0	50	0	0	0	0	0	130	0	0	0	150	0	0	0	110	100	50	0	0	0	0	0	0	147	0	0	0	0	0	0	0	0	0	0	0	147	0	710	0	0	0	0	0	0	49	0	820	0	0	0	0	0	0	0	0	0	0	0	0	0	1550	0	0	0	0	0	0
10	50	50	0	0	0	0	0	150	10	0	0	90	0	230	0	0	0	250	0	0	0	210	200	150	0	0	0	0	0	0	247	0	0	100	0	100	0	0	40	0	0	0	247	50	810	0	0	0	50	0	0	149	0	920	0	10	0	0	0	0	0	0	0	30	90	0	0	1650	0	0	0	0	0	0
80	120	120	20	20	70	0	0	220	80	10	0	160	50	300	70	50	0	320	0	0	20	280	270	220	0	0	0	0	0	0	317	0	60	170	0	170	70	0	110	50	20	0	317	120	880	0	50	0	120	20	20	219	0	990	0	80	0	20	20	50	40	70	0	100	160	70	60	1720	0	0	0	40	70	20
0	10	10	0	0	0	0	0	110	0	0	0	50	0	190	0	0	0	210	0	0	0	170	160	110	0	0	0	0	0	0	207	0	0	60	0	60	0	0	0	0	0	0	207	10	770	0	0	0	10	0	0	109	0	880	0	0	0	0	0	0	0	0	0	0	50	0	0	1610	0	0	0	0	0	0
30	70	70	0	0	20	0	0	170	30	0	0	110	0	250	20	0	0	270	0	0	0	230	220	170	0	0	0	0	0	0	267	0	10	120	0	120	20	0	60	0	0	0	267	70	830	0	0	0	70	0	0	169	0	940	0	30	0	0	0	0	0	20	0	50	110	20	10	1670	0	0	0	0	20	0
60	100	100	0	0	50	0	0	200	60	0	0	140	30	280	50	30	0	300	0	0	0	260	250	200	0	0	0	0	0	0	297	0	40	150	0	150	50	0	90	30	0	0	297	100	860	0	30	0	100	0	0	199	0	970	0	60	0	0	0	30	20	50	0	80	140	50	40	1700	0	0	0	20	50	0
160	200	200	100	100	150	70	30	300	160	90	0	240	130	380	150	130	0	400	0	80	100	360	350	300	80	80	80	30	50	0	397	30	140	250	70	250	150	80	190	130	100	0	397	200	960	40	130	80	200	100	100	299	30	1070	80	160	0	100	100	130	120	150	20	180	240	150	140	1800	0	80	50	120	150	100
0	0	0	0	0	0	0	0	0	0	0	0	0	0	0	0	0	0	3	0	0	0	0	0	0	0	0	0	0	0	0	0	0	0	0	0	0	0	0	0	0	0	0	0	0	563	0	0	0	0	0	0	0	0	673	0	0	0	0	0	0	0	0	0	0	0	0	0	1403	0	0	0	0	0	0
0	0	0	0	0	0	0	0	100	0	0	0	40	0	180	0	0	0	200	0	0	0	160	150	100	0	0	0	0	0	0	197	0	0	50	0	50	0	0	0	0	0	0	197	0	760	0	0	0	0	0	0	99	0	870	0	0	0	0	0	0	0	0	0	0	40	0	0	1600	0	0	0	0	0	0
0	0	0	0	0	0	0	0	0	0	0	0	0	0	0	0	0	0	0	0	0	0	0	0	0	0	0	0	0	0	0	0	0	0	0	0	0	0	0	0	0	0	0	0	0	0	0	0	0	0	0	0	0	0	110	0	0	0	0	0	0	0	0	0	0	0	0	0	840	0	0	0	0	0	0
120	160	160	60	60	110	30	0	260	120	50	0	200	90	340	110	90	0	360	0	40	60	320	310	260	40	40	40	0	10	0	357	0	100	210	30	210	110	40	150	90	60	0	357	160	920	0	90	40	160	60	60	259	0	1030	40	120	0	60	60	90	80	110	0	140	200	110	100	1760	0	40	10	80	110	60
30	70	70	0	0	20	0	0	170	30	0	0	110	0	250	20	0	0	270	0	0	0	230	220	170	0	0	0	0	0	0	267	0	10	120	0	120	20	0	60	0	0	0	267	70	830	0	0	0	70	0	0	169	0	940	0	30	0	0	0	0	0	20	0	50	110	20	10	1670	0	0	0	0	20	0
80	120	120	20	20	70	0	0	220	80	10	0	160	50	300	70	50	0	320	0	0	20	280	270	220	0	0	0	0	0	0	317	0	60	170	0	170	70	0	110	50	20	0	317	120	880	0	50	0	120	20	20	219	0	990	0	80	0	20	20	50	40	70	0	100	160	70	60	1720	0	0	0	40	70	20
0	0	0	0	0	0	0	0	100	0	0	0	40	0	180	0	0	0	200	0	0	0	160	150	100	0	0	0	0	0	0	197	0	0	50	0	50	0	0	0	0	0	0	197	0	760	0	0	0	0	0	0	99	0	870	0	0	0	0	0	0	0	0	0	0	40	0	0	1600	0	0	0	0	0	0
60	100	100	0	0	50	0	0	200	60	0	0	140	30	280	50	30	0	300	0	0	0	260	250	200	0	0	0	0	0	0	297	0	40	150	0	150	50	0	90	30	0	0	297	100	860	0	30	0	100	0	0	199	0	970	0	60	0	0	0	30	20	50	0	80	140	50	40	1700	0	0	0	20	50	0
60	100	100	0	0	50	0	0	200	60	0	0	140	30	280	50	30	0	300	0	0	0	260	250	200	0	0	0	0	0	0	297	0	40	150	0	150	50	0	90	30	0	0	297	100	860	0	30	0	100	0	0	199	0	970	0	60	0	0	0	30	20	50	0	80	140	50	40	1700	0	0	0	20	50	0
0	0	0	0	0	0	0	0	1	0	0	0	0	0	81	0	0	0	101	0	0	0	61	51	1	0	0	0	0	0	0	98	0	0	0	0	0	0	0	0	0	0	0	98	0	661	0	0	0	0	0	0	0	0	771	0	0	0	0	0	0	0	0	0	0	0	0	0	1501	0	0	0	0	0	0
130	170	170	70	70	120	40	0	270	130	60	0	210	100	350	120	100	0	370	0	50	70	330	320	270	50	50	50	0	20	0	367	0	110	220	40	220	120	50	160	100	70	0	367	170	930	10	100	50	170	70	70	269	0	1040	50	130	0	70	70	100	90	120	0	150	210	120	110	1770	0	50	20	90	120	70
0	0	0	0	0	0	0	0	0	0	0	0	0	0	0	0	0	0	0	0	0	0	0	0	0	0	0	0	0	0	0	0	0	0	0	0	0	0	0	0	0	0	0	0	0	0	0	0	0	0	0	0	0	0	0	0	0	0	0	0	0	0	0	0	0	0	0	0	730	0	0	0	0	0	0
80	120	120	20	20	70	0	0	220	80	10	0	160	50	300	70	50	0	320	0	0	20	280	270	220	0	0	0	0	0	0	317	0	60	170	0	170	70	0	110	50	20	0	317	120	880	0	50	0	120	20	20	219	0	990	0	80	0	20	20	50	40	70	0	100	160	70	60	1720	0	0	0	40	70	20
0	40	40	0	0	0	0	0	140	0	0	0	80	0	220	0	0	0	240	0	0	0	200	190	140	0	0	0	0	0	0	237	0	0	90	0	90	0	0	30	0	0	0	237	40	800	0	0	0	40	0	0	139	0	910	0	0	0	0	0	0	0	0	0	20	80	0	0	1640	0	0	0	0	0	0
160	200	200	100	100	150	70	30	300	160	90	0	240	130	380	150	130	0	400	0	80	100	360	350	300	80	80	80	30	50	0	397	30	140	250	70	250	150	80	190	130	100	0	397	200	960	40	130	80	200	100	100	299	30	1070	80	160	0	100	100	130	120	150	20	180	240	150	140	1800	0	80	50	120	150	100
60	100	100	0	0	50	0	0	200	60	0	0	140	30	280	50	30	0	300	0	0	0	260	250	200	0	0	0	0	0	0	297	0	40	150	0	150	50	0	90	30	0	0	297	100	860	0	30	0	100	0	0	199	0	970	0	60	0	0	0	30	20	50	0	80	140	50	40	1700	0	0	0	20	50	0
60	100	100	0	0	50	0	0	200	60	0	0	140	30	280	50	30	0	300	0	0	0	260	250	200	0	0	0	0	0	0	297	0	40	150	0	150	50	0	90	30	0	0	297	100	860	0	30	0	100	0	0	199	0	970	0	60	0	0	0	30	20	50	0	80	140	50	40	1700	0	0	0	20	50	0
30	70	70	0	0	20	0	0	170	30	0	0	110	0	250	20	0	0	270	0	0	0	230	220	170	0	0	0	0	0	0	267	0	10	120	0	120	20	0	60	0	0	0	267	70	830	0	0	0	70	0	0	169	0	940	0	30	0	0	0	0	0	20	0	50	110	20	10	1670	0	0	0	0	20	0
40	80	80	0	0	30	0	0	180	40	0	0	120	10	260	30	10	0	280	0	0	0	240	230	180	0	0	0	0	0	0	277	0	20	130	0	130	30	0	70	10	0	0	277	80	840	0	10	0	80	0	0	179	0	950	0	40	0	0	0	10	0	30	0	60	120	30	20	1680	0	0	0	0	30	0
10	50	50	0	0	0	0	0	150	10	0	0	90	0	230	0	0	0	250	0	0	0	210	200	150	0	0	0	0	0	0	247	0	0	100	0	100	0	0	40	0	0	0	247	50	810	0	0	0	50	0	0	149	0	920	0	10	0	0	0	0	0	0	0	30	90	0	0	1650	0	0	0	0	0	0
140	180	180	80	80	130	50	10	280	140	70	0	220	110	360	130	110	0	380	0	60	80	340	330	280	60	60	60	10	30	0	377	10	120	230	50	230	130	60	170	110	80	0	377	180	940	20	110	60	180	80	80	279	10	1050	60	140	0	80	80	110	100	130	0	160	220	130	120	1780	0	60	30	100	130	80
0	20	20	0	0	0	0	0	120	0	0	0	60	0	200	0	0	0	220	0	0	0	180	170	120	0	0	0	0	0	0	217	0	0	70	0	70	0	0	10	0	0	0	217	20	780	0	0	0	20	0	0	119	0	890	0	0	0	0	0	0	0	0	0	0	60	0	0	1620	0	0	0	0	0	0
0	0	0	0	0	0	0	0	60	0	0	0	0	0	140	0	0	0	160	0	0	0	120	110	60	0	0	0	0	0	0	157	0	0	10	0	10	0	0	0	0	0	0	157	0	720	0	0	0	0	0	0	59	0	830	0	0	0	0	0	0	0	0	0	0	0	0	0	1560	0	0	0	0	0	0
10	50	50	0	0	0	0	0	150	10	0	0	90	0	230	0	0	0	250	0	0	0	210	200	150	0	0	0	0	0	0	247	0	0	100	0	100	0	0	40	0	0	0	247	50	810	0	0	0	50	0	0	149	0	920	0	10	0	0	0	0	0	0	0	30	90	0	0	1650	0	0	0	0	0	0
20	60	60	0	0	10	0	0	160	20	0	0	100	0	240	10	0	0	260	0	0	0	220	210	160	0	0	0	0	0	0	257	0	0	110	0	110	10	0	50	0	0	0	257	60	820	0	0	0	60	0	0	159	0	930	0	20	0	0	0	0	0	10	0	40	100	10	0	1660	0	0	0	0	10	0
0	0	0	0	0	0	0	0	0	0	0	0	0	0	0	0	0	0	0	0	0	0	0	0	0	0	0	0	0	0	0	0	0	0	0	0	0	0	0	0	0	0	0	0	0	0	0	0	0	0	0	0	0	0	0	0	0	0	0	0	0	0	0	0	0	0	0	0	0	0	0	0	0	0	0
160	200	200	100	100	150	70	30	300	160	90	0	240	130	380	150	130	0	400	0	80	100	360	350	300	80	80	80	30	50	0	397	30	140	250	70	250	150	80	190	130	100	0	397	200	960	40	130	80	200	100	100	299	30	1070	80	160	0	100	100	130	120	150	20	180	240	150	140	1800	0	80	50	120	150	100
80	120	120	20	20	70	0	0	220	80	10	0	160	50	300	70	50	0	320	0	0	20	280	270	220	0	0	0	0	0	0	317	0	60	170	0	170	70	0	110	50	20	0	317	120	880	0	50	0	120	20	20	219	0	990	0	80	0	20	20	50	40	70	0	100	160	70	60	1720	0	0	0	40	70	20
110	150	150	50	50	100	20	0	250	110	40	0	190	80	330	100	80	0	350	0	30	50	310	300	250	30	30	30	0	0	0	347	0	90	200	20	200	100	30	140	80	50	0	347	150	910	0	80	30	150	50	50	249	0	1020	30	110	0	50	50	80	70	100	0	130	190	100	90	1750	0	30	0	70	100	50
40	80	80	0	0	30	0	0	180	40	0	0	120	10	260	30	10	0	280	0	0	0	240	230	180	0	0	0	0	0	0	277	0	20	130	0	130	30	0	70	10	0	0	277	80	840	0	10	0	80	0	0	179	0	950	0	40	0	0	0	10	0	30	0	60	120	30	20	1680	0	0	0	0	30	0
10	50	50	0	0	0	0	0	150	10	0	0	90	0	230	0	0	0	250	0	0	0	210	200	150	0	0	0	0	0	0	247	0	0	100	0	100	0	0	40	0	0	0	247	50	810	0	0	0	50	0	0	149	0	920	0	10	0	0	0	0	0	0	0	30	90	0	0	1650	0	0	0	0	0	0
60	100	100	0	0	50	0	0	200	60	0	0	140	30	280	50	30	0	300	0	0	0	260	250	200	0	0	0	0	0	0	297	0	40	150	0	150	50	0	90	30	0	0	297	100	860	0	30	0	100	0	0	199	0	970	0	60	0	0	0	30	20	50	0	80	140	50	40	1700	0	0	0	20	50	0

0	0	0	60	60	10	90	130	0	0	70	160	0	30	0	10	30	160	0	160	80	60	0	0	0	80	80	80	130	110	160	0	130	20	0	90	0	10	80	0	30	60	160	0	0	0	120	30	80	0	60	60	0	130	0	80	0	160	60	60	30	40	10	140	0	0	10	20	0	160	80	110	40	10	60
40	0	0	100	100	50	130	170	0	40	110	200	0	70	0	50	70	200	0	200	120	100	0	0	0	120	120	120	170	150	200	0	170	60	0	130	0	50	120	10	70	100	200	0	0	0	160	70	120	0	100	100	0	170	0	120	40	200	100	100	70	80	50	180	20	0	50	60	0	200	120	150	80	50	100
40	0	0	100	100	50	130	170	0	40	110	200	0	70	0	50	70	200	0	200	120	100	0	0	0	120	120	120	170	150	200	0	170	60	0	130	0	50	120	10	70	100	200	0	0	0	160	70	120	0	100	100	0	170	0	120	40	200	100	100	70	80	50	180	20	0	50	60	0	200	120	150	80	50	100
0	0	0	0	0	0	30	70	0	0	10	100	0	0	0	0	0	100	0	100	20	0	0	0	0	20	20	20	70	50	100	0	70	0	0	30	0	0	20	0	0	0	100	0	0	0	60	0	20	0	0	0	0	70	0	20	0	100	0	0	0	0	0	80	0	0	0	0	0	100	20	50	0	0	0
0	0	0	0	0	0	30	70	0	0	10	100	0	0	0	0	0	100	0	100	20	0	0	0	0	20	20	20	70	50	100	0	70	0	0	30	0	0	20	0	0	0	100	0	0	0	60	0	20	0	0	0	0	70	0	20	0	100	0	0	0	0	0	80	0	0	0	0	0	100	20	50	0	0	0
0	0	0	50	50	0	80	120	0	0	60	150	0	20	0	0	20	150	0	150	70	50	0	0	0	70	70	70	120	100	150	0	120	10	0	80	0	0	70	0	20	50	150	0	0	0	110	20	70	0	50	50	0	120	0	70	0	150	50	50	20	30	0	130	0	0	0	10	0	150	70	100	30	0	50
0	0	0	0	0	0	0	40	0	0	0	70	0	0	0	0	0	70	0	70	0	0	0	0	0	0	0	0	40	20	70	0	40	0	0	0	0	0	0	0	0	0	70	0	0	0	30	0	0	0	0	0	0	40	0	0	0	70	0	0	0	0	0	50	0	0	0	0	0	70	0	20	0	0	0
0	0	0	0	0	0	0	0	0	0	0	30	0	0	0	0	0	30	0	30	0	0	0	0	0	0	0	0	0	0	30	0	0	0	0	0	0	0	0	0	0	0	30	0	0	0	0	0	0	0	0	0	0	0	0	0	0	30	0	0	0	0	0	10	0	0	0	0	0	30	0	0	0	0	0
140	100	100	200	200	150	230	270	0	140	210	300	60	170	0	150	170	300	0	300	220	200	0	0	0	220	220	220	270	250	300	0	270	160	50	230	50	150	220	110	170	200	300	0	100	0	260	170	220	100	200	200	1	270	0	220	140	300	200	200	170	180	150	280	120	60	150	160	0	300	220	250	180	150	200
0	0	0	60	60	10	90	130	0	0	70	160	0	30	0	10	30	160	0	160	80	60	0	0	0	80	80	80	130	110	160	0	130	20	0	90	0	10	80	0	30	60	160	0	0	0	120	30	80	0	60	60	0	130	0	80	0	160	60	60	30	40	10	140	0	0	10	20	0	160	80	110	40	10	60
0	0	0	0	0	0	20	60	0	0	0	90	0	0	0	0	0	90	0	90	10	0	0	0	0	10	10	10	60	40	90	0	60	0	0	20	0	0	10	0	0	0	90	0	0	0	50	0	10	0	0	0	0	60	0	10	0	90	0	0	0	0	0	70	0	0	0	0	0	90	10	40	0	0	0
0	0	0	0	0	0	0	0	0	0	0	0	0	0	0	0	0	0	0	0	0	0	0	0	0	0	0	0	0	0	0	0	0	0	0	0	0	0	0	0	0	0	0	0	0	0	0	0	0	0	0	0	0	0	0	0	0	0	0	0	0	0	0	0	0	0	0	0	0	0	0	0	0	0	0
80	40	40	140	140	90	170	210	0	80	150	240	0	110	0	90	110	240	0	240	160	140	0	0	0	160	160	160	210	190	240	0	210	100	0	170	0	90	160	50	110	140	240	0	40	0	200	110	160	40	140	140	0	210	0	160	80	240	140	140	110	120	90	220	60	0	90	100	0	240	160	190	120	90	140
0	0	0	30	30	0	60	100	0	0	40	130	0	0	0	0	0	130	0	130	50	30	0	0	0	50	50	50	100	80	130	0	100	0	0	60	0	0	50	0	0	30	130	0	0	0	90	0	50	0	30	30	0	100	0	50	0	130	30	30	0	10	0	110	0	0	0	0	0	130	50	80	10	0	30
220	180	180	280	280	230	310	350	80	220	290	380	140	250	0	230	250	380	0	380	300	280	20	30	80	300	300	300	350	330	380	0	350	240	130	310	130	230	300	190	250	280	380	0	180	0	340	250	300	180	280	280	81	350	0	300	220	380	280	280	250	260	230	360	200	140	230	240	0	380	300	330	260	230	280
0	0	0	50	50	0	80	120	0	0	60	150	0	20	0	0	20	150	0	150	70	50	0	0	0	70	70	70	120	100	150	0	120	10	0	80	0	0	70	0	20	50	150	0	0	0	110	20	70	0	50	50	0	120	0	70	0	150	50	50	20	30	0	130	0	0	0	10	0	150	70	100	30	0	50
0	0	0	30	30	0	60	100	0	0	40	130	0	0	0	0	0	130	0	130	50	30	0	0	0	50	50	50	100	80	130	0	100	0	0	60	0	0	50	0	0	30	130	0	0	0	90	0	50	0	30	30	0	100	0	50	0	130	30	30	0	10	0	110	0	0	0	0	0	130	50	80	10	0	30
0	0	0	0	0	0	0	0	0	0	0	0	0	0	0	0	0	0	0	0	0	0	0	0	0	0	0	0	0	0	0	0	0	0	0	0	0	0	0	0	0	0	0	0	0	0	0	0	0	0	0	0	0	0	0	0	0	0	0	0	0	0	0	0	0	0	0	0	0	0	0	0	0	0	0
240	200	200	300	300	250	330	370	100	240	310	400	160	270	20	250	270	400	0	400	320	300	40	50	100	320	320	320	370	350	400	3	370	260	150	330	150	250	320	210	270	300	400	3	200	0	360	270	320	200	300	300	101	370	0	320	240	400	300	300	270	280	250	380	220	160	250	260	0	400	320	350	280	250	300
0	0	0	0	0	0	0	0	0	0	0	0	0	0	0	0	0	0	0	0	0	0	0	0	0	0	0	0	0	0	0	0	0	0	0	0	0	0	0	0	0	0	0	0	0	0	0	0	0	0	0	0	0	0	0	0	0	0	0	0	0	0	0	0	0	0	0	0	0	0	0	0	0	0	0
0	0	0	0	0	0	10	50	0	0	0	80	0	0	0	0	0	80	0	80	0	0	0	0	0	0	0	0	50	30	80	0	50	0	0	10	0	0	0	0	0	0	80	0	0	0	40	0	0	0	0	0	0	50	0	0	0	80	0	0	0	0	0	60	0	0	0	0	0	80	0	30	0	0	0
0	0	0	0	0	0	30	70	0	0	10	100	0	0	0	0	0	100	0	100	20	0	0	0	0	20	20	20	70	50	100	0	70	0	0	30	0	0	20	0	0	0	100	0	0	0	60	0	20	0	0	0	0	70	0	20	0	100	0	0	0	0	0	80	0	0	0	0	0	100	20	50	0	0	0
200	160	160	260	260	210	290	330	60	200	270	360	120	230	0	210	230	360	0	360	280	260	0	10	60	280	280	280	330	310	360	0	330	220	110	290	110	210	280	170	230	260	360	0	160	0	320	230	280	160	260	260	61	330	0	280	200	360	260	260	230	240	210	340	180	120	210	220	0	360	280	310	240	210	260
190	150	150	250	250	200	280	320	50	190	260	350	110	220	0	200	220	350	0	350	270	250	0	0	50	270	270	270	320	300	350	0	320	210	100	280	100	200	270	160	220	250	350	0	150	0	310	220	270	150	250	250	51	320	0	270	190	350	250	250	220	230	200	330	170	110	200	210	0	350	270	300	230	200	250
140	100	100	200	200	150	230	270	0	140	210	300	60	170	0	150	170	300	0	300	220	200	0	0	0	220	220	220	270	250	300	0	270	160	50	230	50	150	220	110	170	200	300	0	100	0	260	170	220	100	200	200	1	270	0	220	140	300	200	200	170	180	150	280	120	60	150	160	0	300	220	250	180	150	200
0	0	0	0	0	0	10	50	0	0	0	80	0	0	0	0	0	80	0	80	0	0	0	0	0	0	0	0	50	30	80	0	50	0	0	10	0	0	0	0	0	0	80	0	0	0	40	0	0	0	0	0	0	50	0	0	0	80	0	0	0	0	0	60	0	0	0	0	0	80	0	30	0	0	0
0	0	0	0	0	0	10	50	0	0	0	80	0	0	0	0	0	80	0	80	0	0	0	0	0	0	0	0	50	30	80	0	50	0	0	10	0	0	0	0	0	0	80	0	0	0	40	0	0	0	0	0	0	50	0	0	0	80	0	0	0	0	0	60	0	0	0	0	0	80	0	30	0	0	0
0	0	0	0	0	0	10	50	0	0	0	80	0	0	0	0	0	80	0	80	0	0	0	0	0	0	0	0	50	30	80	0	50	0	0	10	0	0	0	0	0	0	80	0	0	0	40	0	0	0	0	0	0	50	0	0	0	80	0	0	0	0	0	60	0	0	0	0	0	80	0	30	0	0	0
0	0	0	0	0	0	0	0	0	0	0	30	0	0	0	0	0	30	0	30	0	0	0	0	0	0	0	0	0	0	30	0	0	0	0	0	0	0	0	0	0	0	30	0	0	0	0	0	0	0	0	0	0	0	0	0	0	30	0	0	0	0	0	10	0	0	0	0	0	30	0	0	0	0	0
0	0	0	0	0	0	0	20	0	0	0	50	0	0	0	0	0	50	0	50	0	0	0	0	0	0	0	0	20	0	50	0	20	0	0	0	0	0	0	0	0	0	50	0	0	0	10	0	0	0	0	0	0	20	0	0	0	50	0	0	0	0	0	30	0	0	0	0	0	50	0	0	0	0	0
0	0	0	0	0	0	0	0	0	0	0	0	0	0	0	0	0	0	0	0	0	0	0	0	0	0	0	0	0	0	0	0	0	0	0	0	0	0	0	0	0	0	0	0	0	0	0	0	0	0	0	0	0	0	0	0	0	0	0	0	0	0	0	0	0	0	0	0	0	0	0	0	0	0	0
237	197	197	297	297	247	327	367	97	237	307	397	157	267	17	247	267	397	0	397	317	297	37	47	97	317	317	317	367	347	397	0	367	257	147	327	147	247	317	207	267	297	397	0	197	0	357	267	317	197	297	297	98	367	0	317	237	397	297	297	267	277	247	377	217	157	247	257	0	397	317	347	277	247	297
0	0	0	0	0	0	0	0	0	0	0	30	0	0	0	0	0	30	0	30	0	0	0	0	0	0	0	0	0	0	30	0	0	0	0	0	0	0	0	0	0	0	30	0	0	0	0	0	0	0	0	0	0	0	0	0	0	30	0	0	0	0	0	10	0	0	0	0	0	30	0	0	0	0	0
0	0	0	40	40	0	70	110	0	0	50	140	0	10	0	0	10	140	0	140	60	40	0	0	0	60	60	60	110	90	140	0	110	0	0	70	0	0	60	0	10	40	140	0	0	0	100	10	60	0	40	40	0	110	0	60	0	140	40	40	10	20	0	120	0	0	0	0	0	140	60	90	20	0	40
90	50	50	150	150	100	180	220	0	90	160	250	10	120	0	100	120	250	0	250	170	150	0	0	0	170	170	170	220	200	250	0	220	110	0	180	0	100	170	60	120	150	250	0	50	0	210	120	170	50	150	150	0	220	0	170	90	250	150	150	120	130	100	230	70	10	100	110	0	250	170	200	130	100	150
0	0	0	0	0	0	0	40	0	0	0	70	0	0	0	0	0	70	0	70	0	0	0	0	0	0	0	0	40	20	70	0	40	0	0	0	0	0	0	0	0	0	70	0	0	0	30	0	0	0	0	0	0	40	0	0	0	70	0	0	0	0	0	50	0	0	0	0	0	70	0	20	0	0	0
90	50	50	150	150	100	180	220	0	90	160	250	10	120	0	100	120	250	0	250	170	150	0	0	0	170	170	170	220	200	250	0	220	110	0	180	0	100	170	60	120	150	250	0	50	0	210	120	170	50	150	150	0	220	0	170	90	250	150	150	120	130	100	230	70	10	100	110	0	250	170	200	130	100	150
0	0	0	50	50	0	80	120	0	0	60	150	0	20	0	0	20	150	0	150	70	50	0	0	0	70	70	70	120	100	150	0	120	10	0	80	0	0	70	0	20	50	150	0	0	0	110	20	70	0	50	50	0	120	0	70	0	150	50	50	20	30	0	130	0	0	0	10	0	150	70	100	30	0	50
0	0	0	0	0	0	10	50	0	0	0	80	0	0	0	0	0	80	0	80	0	0	0	0	0	0	0	0	50	30	80	0	50	0	0	10	0	0	0	0	0	0	80	0	0	0	40	0	0	0	0	0	0	50	0	0	0	80	0	0	0	0	0	60	0	0	0	0	0	80	0	30	0	0	0
30	0	0	90	90	40	120	160	0	30	100	190	0	60	0	40	60	190	0	190	110	90	0	0	0	110	110	110	160	140	190	0	160	50	0	120	0	40	110	0	60	90	190	0	0	0	150	60	110	0	90	90	0	160	0	110	30	190	90	90	60	70	40	170	10	0	40	50	0	190	110	140	70	40	90
0	0	0	30	30	0	60	100	0	0	40	130	0	0	0	0	0	130	0	130	50	30	0	0	0	50	50	50	100	80	130	0	100	0	0	60	0	0	50	0	0	30	130	0	0	0	90	0	50	0	30	30	0	100	0	50	0	130	30	30	0	10	0	110	0	0	0	0	0	130	50	80	10	0	30
0	0	0	0	0	0	30	70	0	0	10	100	0	0	0	0	0	100	0	100	20	0	0	0	0	20	20	20	70	50	100	0	70	0	0	30	0	0	20	0	0	0	100	0	0	0	60	0	20	0	0	0	0	70	0	20	0	100	0	0	0	0	0	80	0	0	0	0	0	100	20	50	0	0	0
0	0	0	0	0	0	0	0	0	0	0	0	0	0	0	0	0	0	0	0	0	0	0	0	0	0	0	0	0	0	0	0	0	0	0	0	0	0	0	0	0	0	0	0	0	0	0	0	0	0	0	0	0	0	0	0	0	0	0	0	0	0	0	0	0	0	0	0	0	0	0	0	0	0	0
237	197	197	297	297	247	327	367	97	237	307	397	157	267	17	247	267	397	0	397	317	297	37	47	97	317	317	317	367	347	397	0	367	257	147	327	147	247	317	207	267	297	397	0	197	0	357	267	317	197	297	297	98	367	0	317	237	397	297	297	267	277	247	377	217	157	247	257	0	397	317	347	277	247	297
40	0	0	100	100	50	130	170	0	40	110	200	0	70	0	50	70	200	0	200	120	100	0	0	0	120	120	120	170	150	200	0	170	60	0	130	0	50	120	10	70	100	200	0	0	0	160	70	120	0	100	100	0	170	0	120	40	200	100	100	70	80	50	180	20	0	50	60	0	200	120	150	80	50	100
800	760	760	860	860	810	890	930	660	800	870	960	720	830	580	810	830	960	560	960	880	860	600	610	660	880	880	880	930	910	960	563	930	820	710	890	710	810	880	770	830	860	960	563	760	0	920	830	880	760	860	860	661	930	0	880	800	960	860	860	830	840	810	940	780	720	810	820	0	960	880	910	840	810	860
0	0	0	0	0	0	0	10	0	0	0	40	0	0	0	0	0	40	0	40	0	0	0	0	0	0	0	0	10	0	40	0	10	0	0	0	0	0	0	0	0	0	40	0	0	0	0	0	0	0	0	0	0	10	0	0	0	40	0	0	0	0	0	20	0	0	0	0	0	40	0	0	0	0	0
0	0	0	30	30	0	60	100	0	0	40	130	0	0	0	0	0	130	0	130	50	30	0	0	0	50	50	50	100	80	130	0	100	0	0	60	0	0	50	0	0	30	130	0	0	0	90	0	50	0	30	30	0	100	0	50	0	130	30	30	0	10	0	110	0	0	0	0	0	130	50	80	10	0	30
0	0	0	0	0	0	10	50	0	0	0	80	0	0	0	0	0	80	0	80	0	0	0	0	0	0	0	0	50	30	80	0	50	0	0	10	0	0	0	0	0	0	80	0	0	0	40	0	0	0	0	0	0	50	0	0	0	80	0	0	0	0	0	60	0	0	0	0	0	80	0	30	0	0	0
40	0	0	100	100	50	130	170	0	40	110	200	0	70	0	50	70	200	0	200	120	100	0	0	0	120	120	120	170	150	200	0	170	60	0	130	0	50	120	10	70	100	200	0	0	0	160	70	120	0	100	100	0	170	0	120	40	200	100	100	70	80	50	180	20	0	50	60	0	200	120	150	80	50	100
0	0	0	0	0	0	30	70	0	0	10	100	0	0	0	0	0	100	0	100	20	0	0	0	0	20	20	20	70	50	100	0	70	0	0	30	0	0	20	0	0	0	100	0	0	0	60	0	20	0	0	0	0	70	0	20	0	100	0	0	0	0	0	80	0	0	0	0	0	100	20	50	0	0	0
0	0	0	0	0	0	30	70	0	0	10	100	0	0	0	0	0	100	0	100	20	0	0	0	0	20	20	20	70	50	100	0	70	0	0	30	0	0	20	0	0	0	100	0	0	0	60	0	20	0	0	0	0	70	0	20	0	100	0	0	0	0	0	80	0	0	0	0	0	100	20	50	0	0	0
139	99	99	199	199	149	229	269	0	139	209	299	59	169	0	149	169	299	0	299	219	199	0	0	0	219	219	219	269	249	299	0	269	159	49	229	49	149	219	109	169	199	299	0	99	0	259	169	219	99	199	199	0	269	0	219	139	299	199	199	169	179	149	279	119	59	149	159	0	299	219	249	179	149	199
0	0	0	0	0	0	0	0	0	0	0	30	0	0	0	0	0	30	0	30	0	0	0	0	0	0	0	0	0	0	30	0	0	0	0	0	0	0	0	0	0	0	30	0	0	0	0	0	0	0	0	0	0	0	0	0	0	30	0	0	0	0	0	10	0	0	0	0	0	30	0	0	0	0	0
910	870	870	970	970	920	1000	1040	770	910	980	1070	830	940	690	920	940	1070	670	1070	990	970	710	720	770	990	990	990	1040	1020	1070	673	1040	930	820	1000	820	920	990	880	940	970	1070	673	870	110	1030	940	990	870	970	970	771	1040	0	990	910	1070	970	970	940	950	920	1050	890	830	920	930	0	1070	990	1020	950	920	970
0	0	0	0	0	0	10	50	0	0	0	80	0	0	0	0	0	80	0	80	0	0	0	0	0	0	0	0	50	30	80	0	50	0	0	10	0	0	0	0	0	0	80	0	0	0	40	0	0	0	0	0	0	50	0	0	0	80	0	0	0	0	0	60	0	0	0	0	0	80	0	30	0	0	0
0	0	0	60	60	10	90	130	0	0	70	160	0	30	0	10	30	160	0	160	80	60	0	0	0	80	80	80	130	110	160	0	130	20	0	90	0	10	80	0	30	60	160	0	0	0	120	30	80	0	60	60	0	130	0	80	0	160	60	60	30	40	10	140	0	0	10	20	0	160	80	110	40	10	60
0	0	0	0	0	0	0	0	0	0	0	0	0	0	0	0	0	0	0	0	0	0	0	0	0	0	0	0	0	0	0	0	0	0	0	0	0	0	0	0	0	0	0	0	0	0	0	0	0	0	0	0	0	0	0	0	0	0	0	0	0	0	0	0	0	0	0	0	0	0	0	0	0	0	0
0	0	0	0	0	0	30	70	0	0	10	100	0	0	0	0	0	100	0	100	20	0	0	0	0	20	20	20	70	50	100	0	70	0	0	30	0	0	20	0	0	0	100	0	0	0	60	0	20	0	0	0	0	70	0	20	0	100	0	0	0	0	0	80	0	0	0	0	0	100	20	50	0	0	0
0	0	0	0	0	0	30	70	0	0	10	100	0	0	0	0	0	100	0	100	20	0	0	0	0	20	20	20	70	50	100	0	70	0	0	30	0	0	20	0	0	0	100	0	0	0	60	0	20	0	0	0	0	70	0	20	0	100	0	0	0	0	0	80	0	0	0	0	0	100	20	50	0	0	0
0	0	0	30	30	0	60	100	0	0	40	130	0	0	0	0	0	130	0	130	50	30	0	0	0	50	50	50	100	80	130	0	100	0	0	60	0	0	50	0	0	30	130	0	0	0	90	0	50	0	30	30	0	100	0	50	0	130	30	30	0	10	0	110	0	0	0	0	0	130	50	80	10	0	30
0	0	0	20	20	0	50	90	0	0	30	120	0	0	0	0	0	120	0	120	40	20	0	0	0	40	40	40	90	70	120	0	90	0	0	50	0	0	40	0	0	20	120	0	0	0	80	0	40	0	20	20	0	90	0	40	0	120	20	20	0	0	0	100	0	0	0	0	0	120	40	70	0	0	20
0	0	0	50	50	0	80	120	0	0	60	150	0	20	0	0	20	150	0	150	70	50	0	0	0	70	70	70	120	100	150	0	120	10	0	80	0	0	70	0	20	50	150	0	0	0	110	20	70	0	50	50	0	120	0	70	0	150	50	50	20	30	0	130	0	0	0	10	0	150	70	100	30	0	50
0	0	0	0	0	0	0	0	0	0	0	20	0	0	0	0	0	20	0	20	0	0	0	0	0	0	0	0	0	0	20	0	0	0	0	0	0	0	0	0	0	0	20	0	0	0	0	0	0	0	0	0	0	0	0	0	0	20	0	0	0	0	0	0	0	0	0	0	0	20	0	0	0	0	0
20	0	0	80	80	30	110	150	0	20	90	180	0	50	0	30	50	180	0	180	100	80	0	0	0	100	100	100	150	130	180	0	150	40	0	110	0	30	100	0	50	80	180	0	0	0	140	50	100	0	80	80	0	150	0	100	20	180	80	80	50	60	30	160	0	0	30	40	0	180	100	130	60	30	80
80	40	40	140	140	90	170	210	0	80	150	240	0	110	0	90	110	240	0	240	160	140	0	0	0	160	160	160	210	190	240	0	210	100	0	170	0	90	160	50	110	140	240	0	40	0	200	110	160	40	140	140	0	210	0	160	80	240	140	140	110	120	90	220	60	0	90	100	0	240	160	190	120	90	140
0	0	0	50	50	0	80	120	0	0	60	150	0	20	0	0	20	150	0	150	70	50	0	0	0	70	70	70	120	100	150	0	120	10	0	80	0	0	70	0	20	50	150	0	0	0	110	20	70	0	50	50	0	120	0	70	0	150	50	50	20	30	0	130	0	0	0	10	0	150	70	100	30	0	50
0	0	0	40	40	0	70	110	0	0	50	140	0	10	0	0	10	140	0	140	60	40	0	0	0	60	60	60	110	90	140	0	110	0	0	70	0	0	60	0	10	40	140	0	0	0	100	10	60	0	40	40	0	110	0	60	0	140	40	40	10	20	0	120	0	0	0	0	0	140	60	90	20	0	40
1640	1600	1600	1700	1700	1650	1730	1770	1500	1640	1710	1800	1560	1670	1420	1650	1670	1800	1400	1800	1720	1700	1440	1450	1500	1720	1720	1720	1770	1750	1800	1403	1770	1660	1550	1730	1550	1650	1720	1610	1670	1700	1800	1403	1600	840	1760	1670	1720	1600	1700	1700	1501	1770	730	1720	1640	1800	1700	1700	1670	1680	1650	1780	1620	1560	1650	1660	0	1800	1720	1750	1680	1650	1700
0	0	0	0	0	0	0	0	0	0	0	0	0	0	0	0	0	0	0	0	0	0	0	0	0	0	0	0	0	0	0	0	0	0	0	0	0	0	0	0	0	0	0	0	0	0	0	0	0	0	0	0	0	0	0	0	0	0	0	0	0	0	0	0	0	0	0	0	0	0	0	0	0	0	0
0	0	0	0	0	0	10	50	0	0	0	80	0	0	0	0	0	80	0	80	0	0	0	0	0	0	0	0	50	30	80	0	50	0	0	10	0	0	0	0	0	0	80	0	0	0	40	0	0	0	0	0	0	50	0	0	0	80	0	0	0	0	0	60	0	0	0	0	0	80	0	30	0	0	0
0	0	0	0	0	0	0	20	0	0	0	50	0	0	0	0	0	50	0	50	0	0	0	0	0	0	0	0	20	0	50	0	20	0	0	0	0	0	0	0	0	0	50	0	0	0	10	0	0	0	0	0	0	20	0	0	0	50	0	0	0	0	0	30	0	0	0	0	0	50	0	0	0	0	0
0	0	0	20	20	0	50	90	0	0	30	120	0	0	0	0	0	120	0	120	40	20	0	0	0	40	40	40	90	70	120	0	90	0	0	50	0	0	40	0	0	20	120	0	0	0	80	0	40	0	20	20	0	90	0	40	0	120	20	20	0	0	0	100	0	0	0	0	0	120	40	70	0	0	20
0	0	0	50	50	0	80	120	0	0	60	150	0	20	0	0	20	150	0	150	70	50	0	0	0	70	70	70	120	100	150	0	120	10	0	80	0	0	70	0	20	50	150	0	0	0	110	20	70	0	50	50	0	120	0	70	0	150	50	50	20	30	0	130	0	0	0	10	0	150	70	100	30	0	50
0	0	0	0	0	0	30	70	0	0	10	100	0	0	0	0	0	100	0	100	20	0	0	0	0	20	20	20	70	50	100	0	70	0	0	30	0	0	20	0	0	0	100	0	0	0	60	0	20	0	0	0	0	70	0	20	0	100	0	0	0	0	0	80	0	0	0	0	0	100	20	50	0	0	0