1791 1839 1820 1837 1803 1792 1777 1709 1880 1841 1816 1838 1839 1812 1801 1803 1827 1803 1889 1856 1826 1841 1830 1847 1817 1810 1827 1834 1840 1820 1860 1837 1851 1831 1855 1830 1855 1779 1820 1815 1841 1848 1773 1809 1845 1837 1821 1846 1818 1848

2

1095 1008 1042 1012 1072 1092 1120 1244 932 1004 1048 1010 1006 1056 1076 1073 1029 1072 915 976 1030 1002 1023 992 1046 1060 1029 1016 1004 1042 968 1010 984 1022 977 1022 977 1116 1042 1051 1004 990 1128 1062 996 1010 1040 994 1045 991

11.009511785316917 5.996493366585012 43.002315835882946 40.00275663072532

22403.0

0	0	0	0	28	0	0	28	27	0	0	27	0	0	0	28	0	0	0	0	28	0	0	0	26	0	28	0	0	0	0	0	0	0	0	0	0	0	0	0	26	0	28	27	26	0	0	0	28	0
28	0	0	28	26	0	0	26	26	28	0	25	0	28	0	27	0	28	0	0	27	0	0	0	25	0	27	28	0	0	30	0	0	0	0	0	28	0	0	0	25	0	27	26	24	0	0	28	27	0
24	26	0	25	22	27	0	22	22	24	28	21	0	25	26	23	0	24	0	28	23	26	0	30	21	0	23	25	0	28	25	0	0	0	30	28	24	27	0	0	21	0	23	22	20	28	0	24	23	28
30	0	0	0	27	0	0	27	27	30	0	26	0	0	0	28	0	30	0	0	28	0	0	0	26	0	28	0	0	0	0	0	0	0	0	0	30	0	0	0	26	0	28	27	25	0	0	30	28	0
0	0	0	0	0	0	0	30	28	0	0	28	0	0	0	0	0	0	0	0	0	0	0	0	28	0	0	0	0	0	0	0	0	0	0	0	0	0	0	0	28	0	0	30	28	0	0	0	0	0
27	28	0	27	25	0	0	25	24	27	0	24	0	28	28	25	0	27	0	0	25	28	0	0	23	0	26	27	0	0	28	0	0	0	0	0	27	30	0	0	24	0	26	24	23	0	0	27	25	0
22	23	28	22	20	25	0	20	20	22	26	19	28	23	24	21	28	22	30	26	21	24	30	27	19	0	21	23	28	26	23	28	0	28	28	27	22	25	28	28	19	28	21	20	19	26	28	22	21	26
0	0	0	0	0	0	0	0	28	0	0	28	0	0	0	0	0	0	0	0	0	0	0	0	28	0	0	0	0	0	0	0	0	0	0	0	0	0	0	0	28	0	0	30	28	0	0	0	0	0
0	0	0	0	0	0	0	0	0	0	0	30	0	0	0	0	0	0	0	0	0	0	0	0	28	0	0	0	0	0	0	0	0	0	0	0	0	0	0	0	28	0	0	0	28	0	0	0	0	0
30	0	0	0	28	0	0	28	27	0	0	26	0	0	0	28	0	0	0	0	28	0	0	0	26	0	28	0	0	0	0	0	0	0	0	0	30	0	0	0	26	0	28	27	26	0	0	30	28	0
26	27	0	26	24	28	0	24	23	26	0	23	0	26	27	24	0	26	0	0	24	28	0	0	22	0	25	26	0	0	27	0	0	0	0	0	26	28	0	0	22	0	24	23	22	30	0	26	24	0
0	0	0	0	0	0	0	0	0	0	0	0	0	0	0	0	0	0	0	0	0	0	0	0	28	0	0	0	0	0	0	0	0	0	0	0	0	0	0	0	30	0	0	0	28	0	0	0	0	0
23	24	28	23	21	26	0	21	20	23	27	20	0	23	24	21	28	23	0	27	21	25	0	28	19	0	22	23	28	27	24	28	0	30	28	27	23	25	28	28	20	28	22	21	19	27	28	23	21	27
28	0	0	30	27	0	0	27	26	30	0	26	0	0	0	28	0	30	0	0	27	0	0	0	25	0	28	30	0	0	0	0	0	0	0	0	28	0	0	0	26	0	28	27	25	0	0	28	27	0
28	30	0	28	26	0	0	26	25	28	0	25	0	28	0	27	0	28	0	0	26	0	0	0	24	0	27	28	0	0	28	0	0	0	0	0	28	0	0	0	25	0	27	26	24	0	0	28	26	0
0	0	0	0	28	0	0	28	28	0	0	28	0	0	0	0	0	0	0	0	30	0	0	0	28	0	0	0	0	0	0	0	0	0	0	0	0	0	0	0	28	0	0	28	27	0	0	0	30	0
24	25	30	24	22	27	0	22	21	24	28	21	0	25	26	23	0	24	0	28	22	26	0	30	21	0	23	25	30	28	25	0	0	0	30	28	24	27	30	0	21	0	23	22	20	28	0	24	22	28
30	0	0	0	28	0	0	28	27	30	0	26	0	0	0	28	0	0	0	0	28	0	0	0	26	0	28	0	0	0	0	0	0	0	0	0	30	0	0	0	26	0	28	27	25	0	0	30	28	0
23	24	28	23	21	25	0	21	20	23	27	20	30	23	24	21	28	23	0	27	21	24	0	28	19	0	22	23	28	27	24	28	0	28	28	27	23	25	28	28	20	28	21	20	19	26	28	23	21	27
25	27	0	26	24	28	0	23	23	26	30	22	0	26	27	24	0	26	0	0	24	28	0	0	22	0	25	26	0	0	27	0	0	0	0	0	26	28	0	0	22	0	24	23	22	30	0	25	24	0
0	0	0	0	30	0	0	30	28	0	0	28	0	0	0	0	0	0	0	0	0	0	0	0	28	0	0	0	0	0	0	0	0	0	0	0	0	0	0	0	28	0	0	28	27	0	0	0	0	0
28	28	0	28	26	0	0	26	25	28	0	25	0	28	30	26	0	28	0	0	26	0	0	0	24	0	27	28	0	0	28	0	0	0	0	0	28	0	0	0	24	0	27	25	24	0	0	28	26	0
22	24	28	23	21	25	0	21	20	23	27	20	30	23	24	21	28	23	30	27	21	24	0	28	19	0	22	23	28	27	24	28	0	28	28	27	23	25	28	28	20	28	21	20	19	26	28	22	21	27
25	26	0	25	23	28	0	23	22	25	28	22	0	25	26	23	0	25	0	28	23	27	0	0	21	0	24	25	0	28	26	0	0	0	0	28	25	27	0	0	21	0	23	22	21	28	0	25	23	28
0	0	0	0	0	0	0	0	0	0	0	0	0	0	0	0	0	0	0	0	0	0	0	0	0	0	0	0	0	0	0	0	0	0	0	0	0	0	0	0	0	0	0	0	30	0	0	0	0	0
22	23	28	22	20	25	30	20	20	22	26	19	28	23	24	21	28	22	30	26	21	24	30	27	19	0	21	23	28	26	23	28	0	28	27	27	22	25	28	28	19	28	21	20	19	26	28	22	21	26
0	0	0	0	28	0	0	28	28	0	0	28	0	0	0	30	0	0	0	0	28	0	0	0	27	0	0	0	0	0	0	0	0	0	0	0	0	0	0	0	27	0	30	28	27	0	0	0	28	0
30	0	0	30	27	0	0	27	26	30	0	26	0	0	0	28	0	30	0	0	28	0	0	0	25	0	28	0	0	0	0	0	0	0	0	0	30	0	0	0	26	0	28	27	25	0	0	30	28	0
24	26	30	24	22	27	0	22	21	24	28	21	0	25	26	23	0	24	0	28	22	26	0	30	21	0	23	25	0	28	25	0	0	0	30	28	24	27	30	0	21	0	23	22	20	28	0	24	22	28
25	27	0	26	23	28	0	23	23	26	30	22	0	26	27	24	0	26	0	30	24	27	0	0	22	0	24	26	0	0	27	0	0	0	0	0	25	28	0	0	22	0	24	23	22	30	0	25	24	0
28	0	0	28	27	0	0	27	26	28	0	25	0	30	0	27	0	28	0	0	27	0	0	0	25	0	28	28	0	0	0	0	0	0	0	0	28	0	0	0	25	0	27	26	25	0	0	28	27	0
24	25	30	24	22	27	0	22	21	24	28	21	0	25	26	23	0	24	0	28	22	26	0	30	21	0	23	25	30	28	25	0	0	0	30	28	24	27	30	0	21	0	23	22	20	28	0	24	22	28
19	21	24	20	18	22	27	18	17	20	23	17	26	20	21	18	25	20	26	23	18	21	26	24	17	27	19	20	25	23	20	25	0	25	24	24	19	22	24	25	17	25	18	17	16	23	25	19	18	23
23	25	28	24	21	26	0	21	21	23	27	20	0	24	25	22	28	23	0	28	22	25	0	28	20	0	22	24	28	28	24	28	0	0	28	28	23	26	28	30	20	28	22	21	20	27	30	23	22	28
24	26	0	25	22	27	0	22	22	25	28	21	0	25	26	23	0	25	0	28	23	26	0	30	21	0	23	25	0	28	25	0	0	0	0	28	24	27	0	0	21	0	23	22	21	28	0	24	23	28
25	27	0	26	23	28	0	23	22	25	30	22	0	26	27	24	0	25	0	30	24	27	0	0	22	0	24	26	0	30	26	0	0	0	0	0	25	28	0	0	22	0	24	23	21	28	0	25	24	30
30	0	0	0	28	0	0	28	27	0	0	27	0	0	0	28	0	0	0	0	28	0	0	0	26	0	28	0	0	0	0	0	0	0	0	0	0	0	0	0	26	0	28	27	26	0	0	30	28	0
27	28	0	27	25	0	0	25	24	27	0	24	0	28	28	26	0	27	0	0	25	28	0	0	23	0	26	28	0	0	28	0	0	0	0	0	27	0	0	0	24	0	26	25	23	0	0	27	25	0
24	26	0	25	22	27	0	22	22	24	28	21	0	25	26	23	0	24	0	28	23	26	0	30	21	0	23	25	0	28	25	0	0	0	30	28	24	27	0	0	21	0	23	22	20	28	0	24	23	28
23	25	28	24	21	26	0	21	21	23	28	20	0	24	25	22	28	24	0	28	22	25	0	28	20	0	22	24	28	28	24	28	0	0	28	28	23	26	28	0	20	28	22	21	20	27	30	23	22	28
0	0	0	0	0	0	0	0	0	0	0	0	0	0	0	0	0	0	0	0	0	0	0	0	30	0	0	0	0	0	0	0	0	0	0	0	0	0	0	0	0	0	0	0	28	0	0	0	0	0
24	25	30	24	22	27	0	22	21	24	28	21	0	25	26	23	30	24	0	28	22	26	0	28	20	0	23	24	30	28	25	30	0	0	30	28	24	27	30	0	21	0	23	22	20	28	0	24	22	28
0	0	0	0	28	0	0	28	28	0	0	28	0	0	0	30	0	0	0	0	30	0	0	0	27	0	0	0	0	0	0	0	0	0	0	0	0	0	0	0	28	0	0	28	27	0	0	0	30	0
0	0	0	0	0	0	0	0	30	0	0	28	0	0	0	0	0	0	0	0	0	0	0	0	28	0	0	0	0	0	0	0	0	0	0	0	0	0	0	0	28	0	0	0	28	0	0	0	0	0
0	0	0	0	0	0	0	0	0	0	0	0	0	0	0	0	0	0	0	0	0	0	0	0	0	0	0	0	0	0	0	0	0	0	0	0	0	0	0	0	0	0	0	0	0	0	0	0	0	0
26	27	0	26	24	28	0	24	23	26	0	23	0	27	28	24	0	26	0	0	24	28	0	0	22	0	25	26	0	0	27	0	0	0	0	0	26	28	0	0	23	0	25	23	22	0	0	26	24	0
24	25	28	24	22	26	0	22	21	24	28	21	0	24	25	22	30	24	0	28	22	26	0	28	20	0	23	24	28	28	25	30	0	0	28	28	24	26	28	0	21	30	22	21	20	28	0	24	22	28
0	0	0	0	28	0	0	28	27	0	0	27	0	0	0	28	0	0	0	0	28	0	0	0	26	0	28	0	0	0	0	0	0	0	0	0	0	0	0	0	26	0	28	27	26	0	0	0	28	0
0	0	0	0	30	0	0	30	28	0	0	28	0	0	0	0	0	0	0	0	0	0	0	0	28	0	0	0	0	0	0	0	0	0	0	0	0	0	0	0	28	0	0	28	27	0	0	0	0	0
25	27	0	26	23	28	0	23	23	26	30	22	0	26	27	24	0	26	0	30	24	27	0	0	22	0	24	26	0	0	27	0	0	0	0	0	25	28	0	0	22	0	24	23	22	30	0	25	24	0

0	32	37	31	0	34	40	0	0	30	35	0	39	31	32	0	37	30	39	35	0	32	39	36	0	40	0	31	37	35	31	37	44	38	37	36	30	33	37	38	0	37	0	0	0	35	38	0	0	35
0	0	35	0	0	32	38	0	0	0	33	0	37	0	30	0	35	0	37	34	0	31	37	35	0	38	0	0	35	34	0	35	42	36	35	34	0	32	35	36	0	35	0	0	0	33	36	0	0	34
0	0	0	0	0	0	33	0	0	0	0	0	32	0	0	0	30	0	32	0	0	0	32	0	0	33	0	0	30	0	0	30	37	31	0	0	0	0	0	31	0	30	0	0	0	0	31	0	0	0
0	31	36	0	0	33	39	0	0	0	35	0	38	30	32	0	37	0	39	35	0	32	39	36	0	39	0	30	37	35	31	37	44	38	36	35	0	33	36	38	0	37	0	0	0	34	37	0	0	35
32	34	40	33	0	36	43	0	0	33	38	0	42	33	35	31	40	33	42	38	30	35	42	39	0	43	31	33	40	38	34	40	47	41	39	38	33	36	40	41	0	40	31	0	0	37	41	32	30	38
0	0	33	0	0	0	36	0	0	0	32	0	35	0	0	0	33	0	35	32	0	0	36	33	0	36	0	0	33	32	0	33	40	34	33	32	0	0	33	34	0	34	0	0	0	31	34	0	0	32
0	0	0	0	0	0	0	0	0	0	0	0	0	0	0	0	0	0	0	0	0	0	0	0	0	30	0	0	0	0	0	0	34	0	0	0	0	0	0	0	0	0	0	0	0	0	0	0	0	0
32	34	40	33	30	36	43	0	0	33	38	0	42	33	35	31	40	33	42	38	30	35	42	39	0	43	31	33	40	38	34	40	47	41	39	38	33	36	40	41	0	40	31	0	0	37	41	32	30	38
33	35	41	34	31	37	44	31	0	34	39	0	43	34	36	32	41	34	43	39	31	36	43	40	0	44	32	34	41	39	35	41	48	42	41	39	34	37	41	42	0	41	32	30	0	38	42	33	31	39
0	32	37	30	0	33	40	0	0	0	35	0	39	31	32	0	37	30	39	35	0	32	39	36	0	40	0	31	37	35	31	37	44	38	37	35	0	33	37	38	0	37	0	0	0	35	38	0	0	35
0	0	32	0	0	0	34	0	0	0	0	0	34	0	0	0	32	0	34	30	0	0	34	31	0	34	0	0	32	30	0	32	38	33	32	31	0	0	32	33	0	32	0	0	0	0	33	0	0	30
34	36	41	34	31	38	44	31	30	34	39	0	43	35	36	32	41	34	44	39	32	36	44	41	0	44	33	34	41	40	35	41	49	43	41	40	34	37	41	42	0	42	32	31	0	39	42	34	32	40
0	0	0	0	0	0	31	0	0	0	0	0	0	0	0	0	0	0	30	0	0	0	31	0	0	31	0	0	0	0	0	0	35	0	0	0	0	0	0	0	0	0	0	0	0	0	0	0	0	0
0	31	36	0	0	33	39	0	0	0	34	0	38	0	31	0	36	0	38	34	0	32	39	36	0	39	0	0	36	35	31	36	43	37	36	35	0	33	36	37	0	36	0	0	0	34	37	0	0	35
0	0	35	0	0	32	38	0	0	0	33	0	37	0	0	0	35	0	37	33	0	30	37	34	0	38	0	0	35	33	0	35	42	36	35	34	0	31	35	36	0	35	0	0	0	33	36	0	0	33
32	34	39	32	0	35	42	0	0	32	37	0	41	33	34	0	39	32	41	37	0	34	41	38	0	42	31	32	39	37	33	39	46	40	39	38	32	35	39	40	0	39	30	0	0	37	40	32	0	37
0	0	0	0	0	0	33	0	0	0	0	0	32	0	0	0	0	0	32	0	0	0	32	0	0	33	0	0	0	0	0	0	36	31	0	0	0	0	0	31	0	30	0	0	0	0	31	0	0	0
0	32	37	30	0	33	40	0	0	0	35	0	39	31	32	0	37	0	39	35	0	32	39	36	0	40	0	30	37	35	31	37	44	38	36	35	0	33	37	38	0	37	0	0	0	35	38	0	0	35
0	0	0	0	0	0	31	0	0	0	0	0	0	0	0	0	0	0	0	0	0	0	30	0	0	31	0	0	0	0	0	0	34	0	0	0	0	0	0	0	0	0	0	0	0	0	0	0	0	0
0	0	32	0	0	0	34	0	0	0	0	0	33	0	0	0	32	0	34	0	0	0	34	31	0	34	0	0	32	30	0	32	38	33	31	30	0	0	32	33	0	32	0	0	0	0	32	0	0	30
32	34	39	33	0	36	42	0	0	32	37	0	41	33	34	30	39	32	42	38	0	35	42	39	0	42	31	33	39	38	33	39	47	41	39	38	32	35	39	40	0	40	31	0	0	37	40	32	0	38
0	0	34	0	0	31	37	0	0	0	33	0	36	0	0	0	35	0	37	33	0	0	37	34	0	37	0	0	35	33	0	35	41	36	34	33	0	31	34	36	0	35	0	0	0	32	35	0	0	33
0	0	0	0	0	0	31	0	0	0	0	0	0	0	0	0	0	0	0	0	0	0	0	0	0	31	0	0	0	0	0	0	34	0	0	0	0	0	0	0	0	0	0	0	0	0	0	0	0	0
0	0	30	0	0	0	33	0	0	0	0	0	32	0	0	0	31	0	33	0	0	0	33	0	0	33	0	0	31	0	0	31	37	32	30	0	0	0	30	32	0	31	0	0	0	0	31	0	0	0
35	36	42	35	32	38	45	32	31	35	40	31	44	35	37	33	42	35	45	40	33	37	45	42	0	45	33	35	42	40	36	42	50	43	42	41	35	38	42	43	31	43	33	32	0	40	43	35	33	40
0	0	0	0	0	0	0	0	0	0	0	0	0	0	0	0	0	0	0	0	0	0	0	0	0	0	0	0	0	0	0	0	34	0	0	0	0	0	0	0	0	0	0	0	0	0	0	0	0	0
31	33	38	32	0	35	41	0	0	31	36	0	40	32	33	0	38	31	41	36	0	34	41	38	0	41	0	32	38	37	33	38	46	40	38	37	31	35	38	39	0	39	0	0	0	36	39	31	0	37
0	31	36	0	0	33	39	0	0	0	34	0	38	30	31	0	36	0	39	35	0	32	39	36	0	39	0	0	36	35	31	36	44	38	36	35	0	33	36	37	0	37	0	0	0	34	37	0	0	35
0	0	0	0	0	0	33	0	0	0	0	0	32	0	0	0	30	0	32	0	0	0	32	0	0	33	0	0	0	0	0	30	36	31	0	0	0	0	0	31	0	30	0	0	0	0	31	0	0	0
0	0	31	0	0	0	34	0	0	0	0	0	33	0	0	0	32	0	34	0	0	0	34	31	0	34	0	0	32	0	0	32	38	33	31	30	0	0	31	33	0	32	0	0	0	0	32	0	0	0
0	30	35	0	0	32	38	0	0	0	34	0	37	0	31	0	36	0	38	34	0	31	38	35	0	38	0	0	36	34	0	36	43	37	35	34	0	32	35	37	0	36	0	0	0	33	36	0	0	34
0	0	0	0	0	0	33	0	0	0	0	0	32	0	0	0	0	0	32	0	0	0	32	0	0	33	0	0	0	0	0	0	36	31	0	0	0	0	0	31	0	30	0	0	0	0	31	0	0	0
0	0	0	0	0	0	0	0	0	0	0	0	0	0	0	0	0	0	0	0	0	0	0	0	0	0	0	0	0	0	0	0	0	0	0	0	0	0	0	0	0	0	0	0	0	0	0	0	0	0
0	0	0	0	0	0	31	0	0	0	0	0	31	0	0	0	0	0	31	0	0	0	31	0	0	32	0	0	0	0	0	0	35	0	0	0	0	0	0	0	0	0	0	0	0	0	0	0	0	0
0	0	30	0	0	0	33	0	0	0	0	0	32	0	0	0	30	0	32	0	0	0	32	0	0	33	0	0	30	0	0	30	37	31	0	0	0	0	30	31	0	31	0	0	0	0	31	0	0	0
0	0	31	0	0	0	34	0	0	0	0	0	33	0	0	0	31	0	33	0	0	0	33	31	0	34	0	0	31	0	0	31	38	32	31	0	0	0	31	32	0	32	0	0	0	0	32	0	0	0
0	32	37	30	0	33	40	0	0	30	35	0	39	31	32	0	37	30	39	35	0	32	39	36	0	40	0	31	37	35	31	37	44	38	37	36	0	33	37	38	0	37	0	0	0	35	38	0	0	35
0	0	33	0	0	30	36	0	0	0	32	0	35	0	0	0	34	0	36	32	0	0	36	33	0	36	0	0	34	32	0	34	40	35	33	32	0	0	33	35	0	34	0	0	0	31	34	0	0	32
0	0	0	0	0	0	33	0	0	0	0	0	32	0	0	0	30	0	32	0	0	0	32	0	0	33	0	0	30	0	0	30	37	31	0	0	0	0	0	31	0	30	0	0	0	0	31	0	0	0
0	0	0	0	0	0	32	0	0	0	0	0	31	0	0	0	0	0	31	0	0	0	31	0	0	32	0	0	0	0	0	0	35	30	0	0	0	0	0	0	0	0	0	0	0	0	0	0	0	0
34	36	41	35	32	38	45	32	31	34	40	30	44	35	36	32	42	34	44	40	32	37	44	41	0	45	33	35	42	40	36	42	49	43	41	40	34	38	41	43	0	42	33	31	0	39	42	34	32	40
0	0	0	0	0	0	32	0	0	0	0	0	31	0	0	0	0	0	32	0	0	0	32	0	0	32	0	0	0	0	0	0	36	31	0	0	0	0	0	31	0	0	0	0	0	0	31	0	0	0
32	33	39	32	0	35	42	0	0	32	37	0	41	32	34	0	39	32	41	37	0	34	41	38	0	42	31	32	39	37	33	39	46	40	38	37	32	35	39	40	0	39	0	0	0	36	40	32	0	37
33	35	40	34	31	37	43	31	0	33	38	0	42	34	35	31	40	33	43	39	31	36	43	40	0	43	32	34	40	39	34	40	48	42	40	39	33	37	40	42	0	41	32	0	0	38	41	33	31	39
35	37	42	35	33	39	46	33	32	35	41	31	45	36	37	33	43	35	45	41	33	38	45	42	30	46	34	36	43	41	36	43	50	44	42	41	35	39	42	44	31	43	33	32	0	40	43	35	33	41
0	0	32	0	0	0	35	0	0	0	30	0	34	0	0	0	32	0	34	31	0	0	34	32	0	35	0	0	32	31	0	32	39	33	32	31	0	0	32	33	0	32	0	0	0	0	33	0	0	31
0	0	0	0	0	0	32	0	0	0	0	0	31	0	0	0	0	0	31	0	0	0	31	0	0	32	0	0	0	0	0	0	36	30	0	0	0	0	0	30	0	0	0	0	0	0	0	0	0	0
0	32	37	31	0	34	40	0	0	30	35	0	39	31	32	0	37	30	39	35	0	32	39	36	0	40	0	31	37	35	31	37	44	38	37	36	30	33	37	38	0	37	0	0	0	35	38	0	0	35
32	34	39	33	0	36	42	0	0	32	37	0	41	33	34	30	39	32	42	38	0	35	42	39	0	42	31	33	39	38	33	39	47	41	39	38	32	35	39	40	0	40	31	0	0	37	40	32	0	38
0	0	31	0	0	0	34	0	0	0	0	0	33	0	0	0	32	0	34	0	0	0	34	31	0	34	0	0	32	0	0	32	38	33	31	30	0	0	31	33	0	32	0	0	0	0	32	0	0	0

0	0	71	83	66	76	56	0	25	0	71	83	83	62	66	0	89	0	20	0	71	0	89	83	62	76	71	89	0	62	25	32	0	71	0	71	0	50	62	66	0	83	42	74	83	89	62	83	62	83
80	0	56	67	53	61	45	91	20	0	56	67	67	50	53	80	71	80	16	0	56	87	71	67	50	61	56	71	95	50	20	25	0	56	0	56	0	40	50	53	87	67	33	59	67	71	50	67	50	67
0	0	0	0	92	0	80	0	35	0	0	0	0	88	92	0	0	0	28	0	0	0	0	0	88	0	0	0	0	88	35	45	0	0	0	0	0	70	88	92	0	0	57	0	0	0	88	0	88	0
0	0	86	0	79	91	68	0	30	0	86	0	0	75	79	0	0	0	24	0	86	0	0	0	75	91	86	0	0	75	30	38	0	86	0	86	0	60	75	79	0	0	50	88	0	0	75	0	75	0
0	0	0	0	0	0	86	0	38	0	0	0	0	95	0	0	0	0	30	0	0	0	0	0	95	0	0	0	0	95	38	48	0	0	0	0	0	76	95	0	0	0	63	0	0	0	95	0	95	0
0	0	94	0	87	0	75	0	33	0	94	0	0	82	87	0	0	0	26	0	94	0	0	0	82	0	94	0	0	82	33	42	0	94	0	94	0	66	82	87	0	0	55	97	0	0	82	0	82	0
0	0	0	0	0	0	0	0	44	0	0	0	0	0	0	0	0	0	35	0	0	0	0	0	0	0	0	0	0	0	44	56	0	0	0	0	0	88	0	0	0	0	73	0	0	0	0	0	0	0
88	0	63	73	57	67	50	0	22	0	63	73	73	55	57	88	79	88	17	0	63	96	79	73	55	67	63	79	0	55	22	28	0	63	0	63	0	44	55	57	96	73	37	65	73	79	55	73	55	73
0	0	0	0	0	0	0	0	0	0	0	0	0	0	0	0	0	0	79	0	0	0	0	0	0	0	0	0	0	0	100	0	0	0	0	0	0	0	0	0	0	0	0	0	0	0	0	0	0	0
80	0	56	67	53	61	45	91	20	0	56	67	67	50	53	80	71	80	16	0	56	87	71	67	50	61	56	71	95	50	20	25	0	56	0	56	0	40	50	53	87	67	33	59	67	71	50	67	50	67
0	0	0	0	92	0	80	0	35	0	0	0	0	88	92	0	0	0	28	0	0	0	0	0	88	0	0	0	0	88	35	45	0	0	0	0	0	70	88	92	0	0	57	0	0	0	88	0	88	0
0	0	86	0	79	91	68	0	30	0	86	0	0	75	79	0	0	0	24	0	86	0	0	0	75	91	86	0	0	75	30	38	0	86	0	86	0	60	75	79	0	0	50	88	0	0	75	0	75	0
0	0	86	0	79	91	68	0	30	0	86	0	0	75	79	0	0	0	24	0	86	0	0	0	75	91	86	0	0	75	30	38	0	86	0	86	0	60	75	79	0	0	50	88	0	0	75	0	75	0
0	0	0	0	0	0	91	0	40	0	0	0	0	0	0	0	0	0	31	0	0	0	0	0	0	0	0	0	0	0	40	51	0	0	0	0	0	80	0	0	0	0	67	0	0	0	0	0	0	0
0	0	0	0	0	0	86	0	38	0	0	0	0	95	0	0	0	0	30	0	0	0	0	0	95	0	0	0	0	95	38	48	0	0	0	0	0	76	95	0	0	0	63	0	0	0	95	0	95	0
0	0	71	83	66	76	56	0	25	0	71	83	83	62	66	0	89	0	20	0	71	0	89	83	62	76	71	89	0	62	25	32	0	71	0	71	0	50	62	66	0	83	42	74	83	89	62	83	62	83
0	0	80	93	74	85	64	0	28	0	80	93	93	70	74	0	0	0	22	0	80	0	0	93	70	85	80	0	0	70	28	36	0	80	0	80	0	56	70	74	0	93	47	82	93	0	70	93	70	93
0	0	71	83	66	76	56	0	25	0	71	83	83	62	66	0	89	0	20	0	71	0	89	83	62	76	71	89	0	62	25	32	0	71	0	71	0	50	62	66	0	83	42	74	83	89	62	83	62	83
0	0	0	0	0	0	0	0	0	0	0	0	0	0	0	0	0	0	0	0	0	0	0	0	0	0	0	0	0	0	0	0	0	0	0	0	0	0	0	0	0	0	0	0	0	0	0	0	0	0
72	90	51	60	47	55	41	82	18	90	51	60	60	45	47	72	64	72	14	0	51	78	64	60	45	55	51	64	86	45	18	23	90	51	90	51	0	36	45	47	78	60	30	53	60	64	45	60	45	60
0	0	0	0	92	0	80	0	35	0	0	0	0	88	92	0	0	0	28	0	0	0	0	0	88	0	0	0	0	88	35	45	0	0	0	0	0	70	88	92	0	0	57	0	0	0	88	0	88	0
92	0	66	77	61	70	52	0	23	0	66	77	77	56	61	92	82	92	18	0	66	0	82	77	56	70	66	82	0	56	23	28	0	66	0	66	0	46	56	61	0	77	38	68	77	82	56	77	56	77
0	0	80	93	74	85	64	0	28	0	80	93	93	70	74	0	0	0	22	0	80	0	0	93	70	85	80	0	0	70	28	36	0	80	0	80	0	56	70	74	0	93	47	82	93	0	70	93	70	93
0	0	86	0	79	91	68	0	30	0	86	0	0	75	79	0	0	0	24	0	86	0	0	0	75	91	86	0	0	75	30	38	0	86	0	86	0	60	75	79	0	0	50	88	0	0	75	0	75	0
0	0	0	0	0	0	91	0	40	0	0	0	0	0	0	0	0	0	31	0	0	0	0	0	0	0	0	0	0	0	40	51	0	0	0	0	0	80	0	0	0	0	67	0	0	0	0	0	0	0
0	0	94	0	87	0	75	0	33	0	94	0	0	82	87	0	0	0	26	0	94	0	0	0	82	0	94	0	0	82	33	42	0	94	0	94	0	66	82	87	0	0	55	97	0	0	82	0	82	0
0	0	0	0	92	0	80	0	35	0	0	0	0	88	92	0	0	0	28	0	0	0	0	0	88	0	0	0	0	88	35	45	0	0	0	0	0	70	88	92	0	0	57	0	0	0	88	0	88	0
0	0	80	93	74	85	64	0	28	0	80	93	93	70	74	0	0	0	22	0	80	0	0	93	70	85	80	0	0	70	28	36	0	80	0	80	0	56	70	74	0	93	47	82	93	0	70	93	70	93
84	0	60	70	55	64	48	95	21	0	60	70	70	52	55	84	75	84	17	0	60	91	75	70	52	64	60	75	0	52	21	27	0	60	0	60	0	42	52	55	91	70	35	62	70	75	52	70	52	70
0	0	0	0	0	0	91	0	40	0	0	0	0	0	0	0	0	0	31	0	0	0	0	0	0	0	0	0	0	0	40	51	0	0	0	0	0	80	0	0	0	0	67	0	0	0	0	0	0	0
0	0	0	0	0	0	0	0	0	0	0	0	0	0	0	0	0	0	79	0	0	0	0	0	0	0	0	0	0	0	0	0	0	0	0	0	0	0	0	0	0	0	0	0	0	0	0	0	0	0
0	0	0	0	0	0	0	0	79	0	0	0	0	0	0	0	0	0	62	0	0	0	0	0	0	0	0	0	0	0	78	0	0	0	0	0	0	0	0	0	0	0	0	0	0	0	0	0	0	0
80	0	56	67	53	61	45	91	20	0	56	67	67	50	53	80	71	80	16	0	56	87	71	67	50	61	56	71	95	50	20	25	0	56	0	56	0	40	50	53	87	67	33	59	67	71	50	67	50	67
0	0	0	0	92	0	80	0	35	0	0	0	0	88	92	0	0	0	28	0	0	0	0	0	88	0	0	0	0	88	35	45	0	0	0	0	0	70	88	92	0	0	57	0	0	0	88	0	88	0
80	0	56	67	53	61	45	91	20	0	56	67	67	50	53	80	71	80	16	0	56	87	71	67	50	61	56	71	95	50	20	25	0	56	0	56	0	40	50	53	87	67	33	59	67	71	50	67	50	67
0	0	0	0	92	0	80	0	35	0	0	0	0	88	92	0	0	0	28	0	0	0	0	0	88	0	0	0	0	88	35	45	0	0	0	0	0	70	88	92	0	0	57	0	0	0	88	0	88	0
72	90	51	60	47	55	41	82	18	90	51	60	60	45	47	72	64	72	14	0	51	78	64	60	45	55	51	64	86	45	18	23	90	51	90	51	0	36	45	47	78	60	30	53	60	64	45	60	45	60
0	0	0	0	0	0	0	0	50	0	0	0	0	0	0	0	0	0	39	0	0	0	0	0	0	0	0	0	0	0	50	64	0	0	0	0	0	0	0	0	0	0	83	0	0	0	0	0	0	0
0	0	0	0	0	0	91	0	40	0	0	0	0	0	0	0	0	0	31	0	0	0	0	0	0	0	0	0	0	0	40	51	0	0	0	0	0	80	0	0	0	0	67	0	0	0	0	0	0	0
0	0	0	0	0	0	86	0	38	0	0	0	0	95	0	0	0	0	30	0	0	0	0	0	95	0	0	0	0	95	38	48	0	0	0	0	0	76	95	0	0	0	63	0	0	0	95	0	95	0
92	0	66	77	61	70	52	0	23	0	66	77	77	56	61	92	82	92	18	0	66	0	82	77	56	70	66	82	0	56	23	28	0	66	0	66	0	46	56	61	0	77	38	68	77	82	56	77	56	77
0	0	86	0	79	91	68	0	30	0	86	0	0	75	79	0	0	0	24	0	86	0	0	0	75	91	86	0	0	75	30	38	0	86	0	86	0	60	75	79	0	0	50	88	0	0	75	0	75	0
0	0	0	0	0	0	0	0	60	0	0	0	0	0	0	0	0	0	47	0	0	0	0	0	0	0	0	0	0	0	60	76	0	0	0	0	0	0	0	0	0	0	0	0	0	0	0	0	0	0
0	0	97	0	89	0	77	0	34	0	97	0	0	85	89	0	0	0	27	0	97	0	0	0	85	0	97	0	0	85	34	43	0	97	0	97	0	68	85	89	0	0	56	0	0	0	85	0	85	0
0	0	86	0	79	91	68	0	30	0	86	0	0	75	79	0	0	0	24	0	86	0	0	0	75	91	86	0	0	75	30	38	0	86	0	86	0	60	75	79	0	0	50	88	0	0	75	0	75	0
0	0	80	93	74	85	64	0	28	0	80	93	93	70	74	0	0	0	22	0	80	0	0	93	70	85	80	0	0	70	28	36	0	80	0	80	0	56	70	74	0	93	47	82	93	0	70	93	70	93
0	0	0	0	0	0	91	0	40	0	0	0	0	0	0	0	0	0	31	0	0	0	0	0	0	0	0	0	0	0	40	51	0	0	0	0	0	80	0	0	0	0	67	0	0	0	0	0	0	0
0	0	86	0	79	91	68	0	30	0	86	0	0	75	79	0	0	0	24	0	86	0	0	0	75	91	86	0	0	75	30	38	0	86	0	86	0	60	75	79	0	0	50	88	0	0	75	0	75	0
0	0	0	0	0	0	91	0	40	0	0	0	0	0	0	0	0	0	31	0	0	0	0	0	0	0	0	0	0	0	40	51	0	0	0	0	0	80	0	0	0	0	67	0	0	0	0	0	0	0
0	0	86	0	79	91	68	0	30	0	86	0	0	75	79	0	0	0	24	0	86	0	0	0	75	91	86	0	0	75	30	38	0	86	0	86	0	60	75	79	0	0	50	88	0	0	75	0	75	0

0	125	0	0	0	0	0	113	0	125	0	0	0	0	0	0	0	0	0	139	0	109	0	0	0	0	0	0	119	0	0	0	125	0	125	0	139	0	0	0	109	0	0	0	0	0	0	0	0	0
0	0	0	0	0	0	0	0	0	0	0	0	0	0	0	0	0	0	0	111	0	0	0	0	0	0	0	0	0	0	0	0	0	0	0	0	111	0	0	0	0	0	0	0	0	0	0	0	0	0
140	175	0	117	0	106	0	159	0	175	0	117	117	0	0	140	125	140	0	194	0	152	125	117	0	106	0	125	167	0	0	0	175	0	175	0	194	0	0	0	152	117	0	103	117	125	0	117	0	117
120	150	0	0	0	0	0	136	0	150	0	0	0	0	0	120	107	120	0	167	0	130	107	0	0	0	0	107	143	0	0	0	150	0	150	0	167	0	0	0	130	0	0	0	0	107	0	0	0	0
152	190	109	127	0	114	0	173	0	190	109	127	127	0	0	152	136	152	0	211	109	165	136	127	0	114	109	136	181	0	0	0	190	109	190	109	211	0	0	0	165	127	0	112	127	136	0	127	0	127
132	165	0	110	0	0	0	150	0	165	0	110	110	0	0	132	118	132	0	183	0	143	118	110	0	0	0	118	157	0	0	0	165	0	165	0	183	0	0	0	143	110	0	0	110	118	0	110	0	110
176	220	126	147	115	133	0	200	0	220	126	147	147	110	115	176	157	176	0	244	126	191	157	147	110	133	126	157	210	110	0	0	220	126	220	126	244	0	110	115	191	147	0	129	147	157	110	147	110	147
0	110	0	0	0	0	0	0	0	110	0	0	0	0	0	0	0	0	0	122	0	0	0	0	0	0	0	0	105	0	0	0	110	0	110	0	122	0	0	0	0	0	0	0	0	0	0	0	0	0
400	500	285	333	263	303	227	454	0	500	285	333	333	250	263	400	357	400	0	555	285	434	357	333	250	303	285	357	476	250	0	127	500	285	500	285	555	200	250	263	434	333	166	294	333	357	250	333	250	333
0	0	0	0	0	0	0	0	0	0	0	0	0	0	0	0	0	0	0	111	0	0	0	0	0	0	0	0	0	0	0	0	0	0	0	0	111	0	0	0	0	0	0	0	0	0	0	0	0	0
140	175	0	117	0	106	0	159	0	175	0	117	117	0	0	140	125	140	0	194	0	152	125	117	0	106	0	125	167	0	0	0	175	0	175	0	194	0	0	0	152	117	0	103	117	125	0	117	0	117
120	150	0	0	0	0	0	136	0	150	0	0	0	0	0	120	107	120	0	167	0	130	107	0	0	0	0	107	143	0	0	0	150	0	150	0	167	0	0	0	130	0	0	0	0	107	0	0	0	0
120	150	0	0	0	0	0	136	0	150	0	0	0	0	0	120	107	120	0	167	0	130	107	0	0	0	0	107	143	0	0	0	150	0	150	0	167	0	0	0	130	0	0	0	0	107	0	0	0	0
160	200	113	133	105	121	0	182	0	200	113	133	133	0	105	160	143	160	0	222	113	174	143	133	0	121	113	143	190	0	0	0	200	113	200	113	222	0	0	105	174	133	0	118	133	143	0	133	0	133
152	190	109	127	0	114	0	173	0	190	109	127	127	0	0	152	136	152	0	211	109	165	136	127	0	114	109	136	181	0	0	0	190	109	190	109	211	0	0	0	165	127	0	112	127	136	0	127	0	127
0	125	0	0	0	0	0	113	0	125	0	0	0	0	0	0	0	0	0	139	0	109	0	0	0	0	0	0	119	0	0	0	125	0	125	0	139	0	0	0	109	0	0	0	0	0	0	0	0	0
112	140	0	0	0	0	0	127	0	140	0	0	0	0	0	112	0	112	0	156	0	122	0	0	0	0	0	0	133	0	0	0	140	0	140	0	156	0	0	0	122	0	0	0	0	0	0	0	0	0
0	125	0	0	0	0	0	113	0	125	0	0	0	0	0	0	0	0	0	139	0	109	0	0	0	0	0	0	119	0	0	0	125	0	125	0	139	0	0	0	109	0	0	0	0	0	0	0	0	0
508	635	363	423	334	385	289	577	127	635	363	423	423	318	334	508	454	508	0	706	363	552	454	423	318	385	363	454	605	318	127	162	635	363	635	363	706	254	318	334	552	423	212	374	423	454	318	423	318	423
0	0	0	0	0	0	0	0	0	0	0	0	0	0	0	0	0	0	0	0	0	0	0	0	0	0	0	0	0	0	0	0	0	0	0	0	0	0	0	0	0	0	0	0	0	0	0	0	0	0
140	175	0	117	0	106	0	159	0	175	0	117	117	0	0	140	125	140	0	194	0	152	125	117	0	106	0	125	167	0	0	0	175	0	175	0	194	0	0	0	152	117	0	103	117	125	0	117	0	117
0	114	0	0	0	0	0	105	0	114	0	0	0	0	0	0	0	0	0	128	0	0	0	0	0	0	0	0	110	0	0	0	114	0	114	0	128	0	0	0	0	0	0	0	0	0	0	0	0	0
112	140	0	0	0	0	0	127	0	140	0	0	0	0	0	112	0	112	0	156	0	122	0	0	0	0	0	0	133	0	0	0	140	0	140	0	156	0	0	0	122	0	0	0	0	0	0	0	0	0
120	150	0	0	0	0	0	136	0	150	0	0	0	0	0	120	107	120	0	167	0	130	107	0	0	0	0	107	143	0	0	0	150	0	150	0	167	0	0	0	130	0	0	0	0	107	0	0	0	0
160	200	113	133	105	121	0	182	0	200	113	133	133	0	105	160	143	160	0	222	113	174	143	133	0	121	113	143	190	0	0	0	200	113	200	113	222	0	0	105	174	133	0	118	133	143	0	133	0	133
132	165	0	110	0	0	0	150	0	165	0	110	110	0	0	132	118	132	0	183	0	143	118	110	0	0	0	118	157	0	0	0	165	0	165	0	183	0	0	0	143	110	0	0	110	118	0	110	0	110
140	175	0	117	0	106	0	159	0	175	0	117	117	0	0	140	125	140	0	194	0	152	125	117	0	106	0	125	167	0	0	0	175	0	175	0	194	0	0	0	152	117	0	103	117	125	0	117	0	117
112	140	0	0	0	0	0	127	0	140	0	0	0	0	0	112	0	112	0	156	0	122	0	0	0	0	0	0	133	0	0	0	140	0	140	0	156	0	0	0	122	0	0	0	0	0	0	0	0	0
0	105	0	0	0	0	0	0	0	105	0	0	0	0	0	0	0	0	0	117	0	0	0	0	0	0	0	0	0	0	0	0	105	0	105	0	117	0	0	0	0	0	0	0	0	0	0	0	0	0
160	200	113	133	105	121	0	182	0	200	113	133	133	0	105	160	143	160	0	222	113	174	143	133	0	121	113	143	190	0	0	0	200	113	200	113	222	0	0	105	174	133	0	118	133	143	0	133	0	133
400	500	286	333	263	303	227	455	100	500	286	333	333	250	263	400	357	400	0	556	286	434	357	333	250	303	286	357	476	250	0	127	500	286	500	286	556	200	250	263	434	333	167	294	333	357	250	333	250	333
314	392	224	262	206	238	178	357	0	392	224	262	262	196	206	314	280	314	0	436	224	341	280	262	196	238	224	280	374	196	0	0	392	224	392	224	436	157	196	206	341	262	131	231	262	280	196	262	196	262
0	0	0	0	0	0	0	0	0	0	0	0	0	0	0	0	0	0	0	111	0	0	0	0	0	0	0	0	0	0	0	0	0	0	0	0	111	0	0	0	0	0	0	0	0	0	0	0	0	0
140	175	0	117	0	106	0	159	0	175	0	117	117	0	0	140	125	140	0	194	0	152	125	117	0	106	0	125	167	0	0	0	175	0	175	0	194	0	0	0	152	117	0	103	117	125	0	117	0	117
0	0	0	0	0	0	0	0	0	0	0	0	0	0	0	0	0	0	0	111	0	0	0	0	0	0	0	0	0	0	0	0	0	0	0	0	111	0	0	0	0	0	0	0	0	0	0	0	0	0
140	175	0	117	0	106	0	159	0	175	0	117	117	0	0	140	125	140	0	194	0	152	125	117	0	106	0	125	167	0	0	0	175	0	175	0	194	0	0	0	152	117	0	103	117	125	0	117	0	117
0	0	0	0	0	0	0	0	0	0	0	0	0	0	0	0	0	0	0	0	0	0	0	0	0	0	0	0	0	0	0	0	0	0	0	0	0	0	0	0	0	0	0	0	0	0	0	0	0	0
200	250	143	167	132	152	113	227	0	250	143	167	167	125	132	200	179	200	0	278	143	217	179	167	125	152	143	179	238	125	0	0	250	143	250	143	278	0	125	132	217	167	0	147	167	179	125	167	125	167
160	200	113	133	105	121	0	182	0	200	113	133	133	0	105	160	143	160	0	222	113	174	143	133	0	121	113	143	190	0	0	0	200	113	200	113	222	0	0	105	174	133	0	118	133	143	0	133	0	133
152	190	109	127	0	114	0	173	0	190	109	127	127	0	0	152	136	152	0	211	109	165	136	127	0	114	109	136	181	0	0	0	190	109	190	109	211	0	0	0	165	127	0	112	127	136	0	127	0	127
0	114	0	0	0	0	0	105	0	114	0	0	0	0	0	0	0	0	0	128	0	0	0	0	0	0	0	0	110	0	0	0	114	0	114	0	128	0	0	0	0	0	0	0	0	0	0	0	0	0
120	150	0	0	0	0	0	136	0	150	0	0	0	0	0	120	107	120	0	167	0	130	107	0	0	0	0	107	143	0	0	0	150	0	150	0	167	0	0	0	130	0	0	0	0	107	0	0	0	0
240	300	171	200	158	182	136	273	0	300	171	200	200	150	158	240	214	240	0	333	171	261	214	200	150	182	171	214	286	150	0	0	300	171	300	171	333	120	150	158	261	200	0	176	200	214	150	200	150	200
136	170	0	112	0	103	0	155	0	170	0	112	112	0	0	136	121	136	0	189	0	148	121	112	0	103	0	121	162	0	0	0	170	0	170	0	189	0	0	0	148	112	0	0	112	121	0	112	0	112
120	150	0	0	0	0	0	136	0	150	0	0	0	0	0	120	107	120	0	167	0	130	107	0	0	0	0	107	143	0	0	0	150	0	150	0	167	0	0	0	130	0	0	0	0	107	0	0	0	0
112	140	0	0	0	0	0	127	0	140	0	0	0	0	0	112	0	112	0	156	0	122	0	0	0	0	0	0	133	0	0	0	140	0	140	0	156	0	0	0	122	0	0	0	0	0	0	0	0	0
160	200	113	133	105	121	0	182	0	200	113	133	133	0	105	160	143	160	0	222	113	174	143	133	0	121	113	143	190	0	0	0	200	113	200	113	222	0	0	105	174	133	0	118	133	143	0	133	0	133
120	150	0	0	0	0	0	136	0	150	0	0	0	0	0	120	107	120	0	167	0	130	107	0	0	0	0	107	143	0	0	0	150	0	150	0	167	0	0	0	130	0	0	0	0	107	0	0	0	0
160	200	113	133	105	121	0	182	0	200	113	133	133	0	105	160	143	160	0	222	113	174	143	133	0	121	113	143	190	0	0	0	200	113	200	113	222	0	0	105	174	133	0	118	133	143	0	133	0	133
120	150	0	0	0	0	0	136	0	150	0	0	0	0	0	120	107	120	0	167	0	130	107	0	0	0	0	107	143	0	0	0	150	0	150	0	167	0	0	0	130	0	0	0	0	107	0	0	0	0