1876 1832 1839 1885 1877 1833 1921 1878 1884 1857 1863 1894 1851 1885 1865 1862 1884 1868 1866 1868 1831 1887 1887 1869 1870 1846 1840 1847 1872 1856 1830 1856 1873 1888 1839 1842 1834 1863 1874 1886 1884 1824 1866 1825 1888 1883 1830 1763 1818 1851

2

1120 1218 1204 1101 1120 1216 1023 1116 1104 1162 1150 1083 1177 1102 1146 1152 1104 1140 1143 1140 1220 1097 1098 1136 1136 1186 1200 1186 1131 1164 1222 1164 1128 1096 1202 1196 1213 1150 1127 1099 1104 1234 1142 1233 1096 1105 1222 1368 1248 1176

10.993102513848577 5.995229786110025 42.99084863857595 40.000818791461526

23076.0

0	0	0	0	28	27	26	28	0	0	0	26	0	0	0	27	28	27	0	27	0	0	0	27	0	0	0	0	0	0	0	28	0	0	30	0	26	28	0	0	0	27	0	0	0	28	26	0	0	0
0	0	0	0	28	27	26	28	0	0	0	26	0	0	0	27	28	27	0	27	0	0	0	27	0	0	0	0	0	0	0	28	0	0	30	0	26	28	0	0	0	27	0	0	0	28	26	0	0	0
27	27	0	27	26	24	24	26	0	0	27	24	28	28	0	25	26	24	0	25	0	0	0	25	28	30	0	28	0	0	0	25	0	0	27	0	24	26	0	28	27	25	0	28	30	25	24	28	28	0
30	30	0	0	28	27	26	28	0	0	30	26	0	0	0	27	28	27	0	27	0	0	0	27	0	0	0	0	0	0	0	28	0	0	30	0	26	28	0	0	30	27	0	0	0	28	26	0	0	0
0	0	0	0	0	28	28	0	0	0	0	28	0	0	0	28	0	28	0	28	0	0	0	28	0	0	0	0	0	0	0	30	0	0	0	0	28	0	0	0	0	28	0	0	0	30	28	0	0	0
0	0	0	0	0	0	28	0	0	0	0	28	0	0	0	0	0	0	0	0	0	0	0	0	0	0	0	0	0	0	0	0	0	0	0	0	28	0	0	0	0	0	0	0	0	0	28	0	0	0
0	0	0	0	0	0	0	0	0	0	0	0	0	0	0	0	0	0	0	0	0	0	0	0	0	0	0	0	0	0	0	0	0	0	0	0	0	0	0	0	0	0	0	0	0	0	0	0	0	0
0	0	0	0	30	28	27	0	0	0	0	27	0	0	0	28	0	28	0	28	0	0	0	28	0	0	0	0	0	0	0	28	0	0	0	0	27	0	0	0	0	28	0	0	0	28	27	0	0	0
26	26	28	26	24	23	22	25	0	0	26	22	26	27	0	23	25	23	0	23	0	0	30	23	27	28	30	27	0	28	28	24	0	0	26	0	22	25	0	27	26	23	0	27	28	24	22	27	27	0
25	25	27	25	23	22	21	23	28	0	25	21	25	25	28	22	23	22	0	22	30	28	28	22	25	27	28	25	0	27	28	23	0	0	24	0	21	24	28	26	25	22	0	25	27	23	21	25	25	28
0	0	0	0	28	27	26	28	0	0	0	26	0	0	0	27	28	27	0	27	0	0	0	27	0	0	0	0	0	0	0	28	0	0	30	0	26	28	0	0	0	27	0	0	0	28	26	0	0	0
0	0	0	0	0	0	0	0	0	0	0	0	0	0	0	0	0	0	0	0	0	0	0	0	0	0	0	0	0	0	0	0	0	0	0	0	0	0	0	0	0	0	0	0	0	0	0	0	0	0
30	30	0	30	28	26	26	28	0	0	30	26	0	0	0	27	28	27	0	27	0	0	0	27	0	0	0	0	0	0	0	28	0	0	28	0	26	28	0	0	30	27	0	0	0	28	26	0	0	0
28	28	0	30	28	26	25	28	0	0	28	25	30	0	0	27	28	26	0	27	0	0	0	27	0	0	0	0	0	0	0	27	0	0	28	0	25	28	0	0	28	27	0	0	0	27	25	0	0	0
26	26	28	26	24	23	22	25	30	0	26	22	26	27	0	23	25	23	0	23	0	0	30	23	27	28	30	27	0	28	28	24	0	0	26	0	22	25	0	27	26	23	0	27	28	24	22	27	27	0
0	0	0	0	0	30	28	0	0	0	0	28	0	0	0	0	0	30	0	30	0	0	0	0	0	0	0	0	0	0	0	0	0	0	0	0	28	0	0	0	0	0	0	0	0	0	28	0	0	0
0	0	0	0	30	28	27	30	0	0	0	27	0	0	0	28	0	28	0	28	0	0	0	28	0	0	0	0	0	0	0	28	0	0	0	0	27	0	0	0	0	28	0	0	0	28	27	0	0	0
0	0	0	0	0	30	28	0	0	0	0	28	0	0	0	0	0	0	0	0	0	0	0	0	0	0	0	0	0	0	0	0	0	0	0	0	28	0	0	0	0	0	0	0	0	0	28	0	0	0
23	23	26	23	22	20	20	22	27	28	23	20	23	24	27	21	22	21	0	21	28	28	27	21	24	26	27	24	28	26	26	21	0	28	23	28	20	22	27	24	23	21	0	24	25	21	20	24	24	28
0	0	0	0	0	30	28	0	0	0	0	28	0	0	0	0	0	30	0	0	0	0	0	0	0	0	0	0	0	0	0	0	0	0	0	0	28	0	0	0	0	0	0	0	0	0	28	0	0	0
25	25	27	25	23	22	21	23	28	0	25	21	25	25	28	22	24	22	0	22	0	28	28	22	25	27	28	25	0	27	28	23	0	0	24	0	21	24	28	26	25	22	0	25	27	23	21	25	26	28
25	25	28	25	24	22	22	24	28	0	25	22	26	26	28	23	24	22	0	23	0	0	28	23	26	28	28	26	0	28	28	23	0	0	25	0	22	25	28	27	25	23	0	26	27	24	22	26	26	30
26	26	28	26	25	23	23	25	0	0	26	23	27	27	0	24	25	23	0	24	0	0	0	24	27	28	30	27	0	28	28	24	0	0	26	0	23	25	0	27	26	24	0	27	28	24	23	27	27	0
0	0	0	0	0	30	28	0	0	0	0	28	0	0	0	0	0	30	0	30	0	0	0	0	0	0	0	0	0	0	0	0	0	0	0	0	28	0	0	0	0	0	0	0	0	0	28	0	0	0
28	28	0	30	28	26	25	28	0	0	28	25	30	30	0	27	28	26	0	27	0	0	0	27	0	0	0	0	0	0	0	27	0	0	28	0	25	28	0	0	28	27	0	0	0	27	25	0	0	0
27	27	0	28	26	24	24	26	0	0	27	24	28	28	0	25	26	24	0	25	0	0	0	25	28	0	0	28	0	0	0	25	0	0	27	0	24	27	0	28	27	25	0	28	30	26	24	28	28	0
26	26	28	26	25	23	23	25	0	0	26	23	27	27	0	24	25	23	0	24	0	0	0	24	27	28	0	27	0	28	28	24	0	0	26	0	23	25	0	28	26	24	0	27	28	24	23	27	27	0
28	28	0	30	28	26	25	28	0	0	28	25	30	30	0	27	28	26	0	27	0	0	0	27	30	0	0	0	0	0	0	27	0	0	28	0	25	28	0	0	28	27	0	0	0	27	25	30	0	0
24	24	27	25	23	22	21	23	28	30	24	21	25	25	28	22	23	22	0	22	30	28	28	22	25	27	28	25	0	27	27	23	0	0	24	0	21	24	28	26	24	22	0	25	27	23	21	25	25	28
27	27	30	27	25	24	23	26	0	0	27	23	28	28	0	25	26	24	0	25	0	0	0	25	28	30	0	28	0	0	0	25	0	0	27	0	23	26	0	28	27	25	0	28	28	25	23	28	28	0
27	27	30	27	25	24	23	26	0	0	27	23	27	28	0	24	26	24	0	24	0	0	0	24	28	30	0	28	0	30	0	25	0	0	27	0	23	26	0	28	27	24	0	28	28	25	23	28	28	0
0	0	0	0	0	28	28	0	0	0	0	28	0	0	0	28	0	28	0	28	0	0	0	28	0	0	0	0	0	0	0	0	0	0	0	0	28	0	0	0	0	28	0	0	0	0	28	0	0	0
23	23	26	23	22	20	20	22	27	28	23	20	23	24	27	21	22	21	0	21	28	28	27	21	24	26	27	24	28	26	26	21	0	28	23	28	20	22	27	24	23	21	0	24	25	21	20	24	24	28
24	24	27	25	23	22	21	23	28	30	24	21	25	25	28	22	23	22	0	22	30	28	28	22	25	27	28	25	0	27	27	23	0	0	24	0	21	24	28	26	24	22	0	25	27	23	21	25	25	28
0	0	0	0	28	27	26	28	0	0	0	26	0	0	0	28	28	27	0	28	0	0	0	28	0	0	0	0	0	0	0	28	0	0	0	0	26	30	0	0	0	28	0	0	0	28	26	0	0	0
24	24	27	24	23	21	21	23	28	30	24	21	24	25	28	22	23	21	0	22	28	28	28	22	25	27	28	25	30	27	27	22	0	30	24	0	21	23	28	25	24	22	0	25	26	22	21	25	25	28
0	0	0	0	0	0	0	0	0	0	0	0	0	0	0	0	0	0	0	0	0	0	0	0	0	0	0	0	0	0	0	0	0	0	0	0	0	0	0	0	0	0	0	0	0	0	0	0	0	0
0	0	0	0	28	28	27	30	0	0	0	27	0	0	0	28	30	28	0	28	0	0	0	28	0	0	0	0	0	0	0	28	0	0	0	0	27	0	0	0	0	28	0	0	0	28	27	0	0	0
26	26	28	26	24	23	22	25	30	0	26	22	26	27	0	23	25	23	0	23	0	0	30	23	27	28	30	27	0	28	28	24	0	0	26	0	22	25	0	27	26	23	0	27	28	24	22	27	27	0
28	28	0	28	27	26	25	27	0	0	28	25	28	28	0	26	27	26	0	26	0	0	0	26	28	0	0	30	0	0	0	27	0	0	28	0	25	28	0	0	28	26	0	30	0	27	25	28	30	0
0	0	0	0	28	27	26	28	0	0	0	26	0	0	0	27	28	27	0	27	0	0	0	27	0	0	0	0	0	0	0	28	0	0	30	0	26	28	0	0	0	27	0	0	0	28	26	0	0	0
0	0	0	0	0	30	28	0	0	0	0	28	0	0	0	0	0	30	0	30	0	0	0	0	0	0	0	0	0	0	0	0	0	0	0	0	28	0	0	0	0	0	0	0	0	0	28	0	0	0
23	23	26	23	22	20	20	22	27	28	23	20	23	24	27	21	22	21	30	21	28	28	27	21	24	26	27	24	28	26	26	21	30	28	23	28	20	22	27	24	23	21	0	24	25	21	20	24	24	28
28	28	0	28	28	26	25	28	0	0	28	25	30	30	0	27	28	26	0	27	0	0	0	27	30	0	0	30	0	0	0	27	0	0	28	0	25	28	0	0	28	27	0	0	0	27	25	30	0	0
28	28	0	28	26	25	24	26	0	0	28	24	28	28	0	25	27	25	0	25	0	0	0	25	28	0	0	28	0	0	0	26	0	0	27	0	24	27	0	28	28	25	0	28	0	26	24	28	28	0
0	0	0	0	0	28	28	0	0	0	0	28	0	0	0	28	0	28	0	28	0	0	0	28	0	0	0	0	0	0	0	30	0	0	0	0	28	0	0	0	0	28	0	0	0	0	28	0	0	0
0	0	0	0	0	0	0	0	0	0	0	0	0	0	0	0	0	0	0	0	0	0	0	0	0	0	0	0	0	0	0	0	0	0	0	0	0	0	0	0	0	0	0	0	0	0	0	0	0	0
28	28	0	30	28	26	25	28	0	0	28	25	30	30	0	27	28	26	0	27	0	0	0	27	0	0	0	0	0	0	0	27	0	0	28	0	25	28	0	0	28	27	0	0	0	27	25	0	0	0
28	28	0	28	27	26	25	28	0	0	28	25	30	30	0	26	28	26	0	26	0	0	0	26	30	0	0	30	0	0	0	27	0	0	28	0	25	28	0	0	28	26	0	30	0	27	25	30	0	0
25	25	28	26	24	22	22	24	28	0	25	22	26	26	30	23	24	23	0	23	0	0	28	23	26	28	28	26	0	28	28	24	0	0	25	0	22	25	30	27	25	23	0	26	28	24	22	26	26	0

0	0	33	30	0	0	0	0	35	36	0	0	30	31	35	0	0	0	38	0	36	35	34	0	31	33	34	31	37	33	33	0	38	37	0	37	0	0	35	31	0	0	38	31	32	0	0	31	31	35
0	0	33	30	0	0	0	0	35	36	0	0	30	31	35	0	0	0	38	0	36	35	34	0	31	33	34	31	37	33	33	0	38	37	0	37	0	0	35	31	0	0	38	31	32	0	0	31	31	35
0	0	0	0	0	0	0	0	32	33	0	0	0	0	32	0	0	0	35	0	33	32	31	0	0	0	31	0	33	30	30	0	35	33	0	34	0	0	32	0	0	0	35	0	0	0	0	0	0	32
0	0	33	0	0	0	0	0	35	36	0	0	30	31	35	0	0	0	38	0	36	35	34	0	31	33	34	31	36	33	33	0	38	36	0	37	0	0	35	31	0	0	38	31	32	0	0	31	31	35
32	32	35	32	0	0	0	30	37	38	32	0	32	33	37	0	31	0	41	0	38	38	36	0	33	35	36	33	39	35	35	0	41	39	32	39	0	31	37	33	32	0	41	33	35	0	0	33	33	37
34	34	37	34	32	0	0	32	39	40	34	0	34	35	39	31	32	30	43	31	40	40	38	31	35	37	38	35	41	37	37	32	43	41	33	41	0	33	39	35	34	31	43	35	36	32	0	35	35	39
35	35	38	35	33	31	0	33	40	41	35	0	35	35	40	31	33	31	43	31	41	40	39	31	35	38	39	35	42	38	38	32	43	42	34	42	0	34	40	36	35	31	44	35	37	32	0	35	36	40
32	32	35	32	0	0	0	0	36	38	32	0	32	32	36	0	30	0	40	0	38	37	36	0	32	35	36	32	38	35	35	0	40	38	31	39	0	31	36	33	32	0	40	32	34	0	0	32	33	37
0	0	0	0	0	0	0	0	0	32	0	0	0	0	30	0	0	0	33	0	32	31	0	0	0	0	0	0	32	0	0	0	33	32	0	32	0	0	30	0	0	0	33	0	0	0	0	0	0	31
0	0	0	0	0	0	0	0	0	0	0	0	0	0	0	0	0	0	32	0	0	0	0	0	0	0	0	0	30	0	0	0	32	30	0	31	0	0	0	0	0	0	32	0	0	0	0	0	0	0
0	0	33	30	0	0	0	0	35	36	0	0	30	31	35	0	0	0	38	0	36	35	34	0	31	33	34	31	37	33	33	0	38	37	0	37	0	0	35	31	0	0	38	31	32	0	0	31	31	35
35	35	38	35	33	31	0	33	40	41	35	0	35	35	40	31	33	31	43	31	41	40	39	31	35	38	39	35	42	38	38	32	43	42	34	42	0	34	40	36	35	31	44	35	37	32	0	35	36	40
0	0	33	0	0	0	0	0	34	36	0	0	0	30	34	0	0	0	38	0	36	35	34	0	30	33	34	30	36	33	33	0	38	36	0	37	0	0	34	31	0	0	38	31	32	0	0	30	31	35
0	0	32	0	0	0	0	0	34	36	0	0	0	0	34	0	0	0	38	0	35	35	34	0	30	32	34	30	36	33	33	0	38	36	0	36	0	0	34	31	0	0	38	30	32	0	0	30	30	35
0	0	0	0	0	0	0	0	0	32	0	0	0	0	0	0	0	0	33	0	31	31	0	0	0	0	0	0	32	0	0	0	33	32	0	32	0	0	0	0	0	0	33	0	0	0	0	0	0	31
33	33	36	33	31	0	0	32	38	40	33	0	34	34	38	0	32	0	42	0	40	39	38	0	34	36	38	34	40	36	37	31	42	40	33	40	0	32	38	35	33	0	42	34	36	31	0	34	34	39
32	32	35	32	0	0	0	0	36	38	32	0	32	32	36	0	0	0	40	0	38	37	36	0	32	34	36	32	38	35	35	0	40	38	31	39	0	31	36	33	32	0	40	32	34	0	0	32	32	37
34	34	37	34	32	0	0	32	39	40	34	0	34	34	39	31	32	0	42	30	40	39	38	31	34	37	38	34	41	37	37	31	42	41	33	41	0	33	39	35	34	31	42	34	36	31	0	34	35	39
0	0	0	0	0	0	0	0	0	0	0	0	0	0	0	0	0	0	0	0	0	0	0	0	0	0	0	0	0	0	0	0	0	0	0	0	0	0	0	0	0	0	30	0	0	0	0	0	0	0
33	33	36	33	31	0	0	32	38	40	33	0	34	34	38	30	32	0	42	0	40	39	38	30	34	36	38	34	40	37	37	31	42	40	33	41	0	32	38	35	33	30	42	34	36	31	0	34	34	39
0	0	0	0	0	0	0	0	0	30	0	0	0	0	0	0	0	0	32	0	0	0	0	0	0	0	0	0	30	0	0	0	32	30	0	31	0	0	0	0	0	0	32	0	0	0	0	0	0	0
0	0	0	0	0	0	0	0	0	31	0	0	0	0	0	0	0	0	33	0	31	0	0	0	0	0	0	0	31	0	0	0	33	31	0	31	0	0	0	0	0	0	33	0	0	0	0	0	0	0
0	0	0	0	0	0	0	0	30	32	0	0	0	0	31	0	0	0	34	0	32	31	0	0	0	0	0	0	32	0	0	0	34	32	0	33	0	0	31	0	0	0	34	0	0	0	0	0	0	31
33	33	36	33	31	0	0	32	38	40	33	0	34	34	38	0	32	0	42	0	40	39	38	0	34	36	38	34	40	36	37	31	42	40	33	40	0	32	38	35	33	0	42	34	36	31	0	34	34	39
0	0	32	0	0	0	0	0	34	36	0	0	0	0	34	0	0	0	38	0	35	35	34	0	0	32	34	30	36	32	33	0	38	36	0	36	0	0	34	31	0	0	38	30	32	0	0	0	30	35
0	0	30	0	0	0	0	0	32	33	0	0	0	0	32	0	0	0	35	0	33	32	31	0	0	0	31	0	34	30	30	0	35	34	0	34	0	0	32	0	0	0	35	0	0	0	0	0	0	32
0	0	0	0	0	0	0	0	30	32	0	0	0	0	31	0	0	0	34	0	32	31	30	0	0	0	0	0	32	0	0	0	34	32	0	33	0	0	31	0	0	0	34	0	0	0	0	0	0	31
0	0	32	0	0	0	0	0	34	35	0	0	0	0	34	0	0	0	37	0	35	35	34	0	0	32	33	0	36	32	33	0	37	36	0	36	0	0	34	31	0	0	38	30	32	0	0	0	30	35
0	0	0	0	0	0	0	0	0	0	0	0	0	0	0	0	0	0	32	0	0	0	0	0	0	0	0	0	0	0	0	0	32	0	0	30	0	0	0	0	0	0	32	0	0	0	0	0	0	0
0	0	0	0	0	0	0	0	31	33	0	0	0	0	32	0	0	0	35	0	33	32	31	0	0	0	31	0	33	0	30	0	35	33	0	34	0	0	32	0	0	0	35	0	0	0	0	0	0	32
0	0	0	0	0	0	0	0	31	33	0	0	0	0	31	0	0	0	35	0	33	32	31	0	0	0	31	0	33	0	0	0	35	33	0	33	0	0	31	0	0	0	35	0	0	0	0	0	0	32
32	32	35	32	30	0	0	31	37	39	32	0	33	33	37	0	31	0	41	0	39	38	37	0	33	35	37	33	39	36	36	0	41	39	32	39	0	31	37	34	32	0	41	33	35	30	0	33	33	38
0	0	0	0	0	0	0	0	0	0	0	0	0	0	0	0	0	0	0	0	0	0	0	0	0	0	0	0	0	0	0	0	0	0	0	0	0	0	0	0	0	0	30	0	0	0	0	0	0	0
0	0	0	0	0	0	0	0	0	0	0	0	0	0	0	0	0	0	32	0	0	0	0	0	0	0	0	0	0	0	0	0	32	0	0	30	0	0	0	0	0	0	32	0	0	0	0	0	0	0
30	30	33	31	0	0	0	0	35	37	30	0	31	31	35	0	0	0	39	0	37	36	35	0	31	33	35	31	37	34	34	0	39	37	0	37	0	0	35	32	30	0	39	31	33	0	0	31	31	36
0	0	0	0	0	0	0	0	0	0	0	0	0	0	0	0	0	0	31	0	0	0	0	0	0	0	0	0	0	0	0	0	31	0	0	0	0	0	0	0	0	0	31	0	0	0	0	0	0	0
35	35	38	35	33	31	0	33	40	41	35	0	35	35	40	31	33	31	43	31	41	40	39	31	35	38	39	35	42	38	38	32	43	42	34	42	0	34	40	36	35	31	44	35	37	32	0	35	36	40
31	31	34	31	0	0	0	0	36	37	31	0	31	32	36	0	0	0	39	0	37	36	35	0	32	34	35	32	38	34	34	0	39	38	31	38	0	0	36	32	31	0	39	32	33	0	0	32	32	36
0	0	0	0	0	0	0	0	0	32	0	0	0	0	0	0	0	0	33	0	31	31	0	0	0	0	0	0	32	0	0	0	33	32	0	32	0	0	0	0	0	0	33	0	0	0	0	0	0	31
0	0	32	0	0	0	0	0	33	35	0	0	0	0	33	0	0	0	37	0	35	34	33	0	0	32	33	0	35	32	32	0	37	35	0	35	0	0	33	0	0	0	37	0	31	0	0	0	0	34
0	0	33	30	0	0	0	0	35	36	0	0	30	31	35	0	0	0	38	0	36	35	34	0	31	33	34	31	37	33	33	0	38	37	0	37	0	0	35	31	0	0	38	31	32	0	0	31	31	35
33	33	36	33	31	0	0	32	38	40	33	0	34	34	38	0	32	0	42	0	40	39	38	0	34	36	38	34	40	36	37	31	42	40	33	40	0	32	38	35	33	0	42	34	36	31	0	34	34	39
0	0	0	0	0	0	0	0	0	0	0	0	0	0	0	0	0	0	0	0	0	0	0	0	0	0	0	0	0	0	0	0	0	0	0	0	0	0	0	0	0	0	0	0	0	0	0	0	0	0
0	0	32	0	0	0	0	0	34	35	0	0	0	0	34	0	0	0	37	0	35	35	33	0	0	32	33	0	36	32	33	0	37	36	0	36	0	0	34	31	0	0	37	0	32	0	0	0	30	35
0	0	31	0	0	0	0	0	32	34	0	0	0	0	32	0	0	0	36	0	34	33	32	0	0	31	32	0	34	31	31	0	36	34	0	34	0	0	32	0	0	0	36	0	0	0	0	0	0	33
32	32	35	32	30	0	0	31	37	39	32	0	33	33	37	0	31	0	41	0	39	38	37	0	33	35	37	33	39	36	36	0	41	39	32	39	0	31	37	34	32	0	41	33	35	0	0	33	33	38
35	35	38	35	33	31	0	33	40	41	35	0	35	35	40	31	33	31	43	31	41	40	39	31	35	38	39	35	42	38	38	32	43	42	34	42	0	34	40	36	35	31	44	35	37	32	0	35	36	40
0	0	32	0	0	0	0	0	34	36	0	0	0	0	34	0	0	0	38	0	35	35	34	0	0	32	34	30	36	32	33	0	38	36	0	36	0	0	34	31	0	0	38	30	32	0	0	0	30	35
0	0	32	0	0	0	0	0	34	35	0	0	0	0	34	0	0	0	37	0	35	34	33	0	0	32	33	0	36	32	32	0	37	36	0	36	0	0	34	31	0	0	37	0	32	0	0	0	0	34
0	0	0	0	0	0	0	0	0	31	0	0	0	0	0	0	0	0	33	0	31	30	0	0	0	0	0	0	31	0	0	0	33	31	0	32	0	0	0	0	0	0	33	0	0	0	0	0	0	0

0	66	46	0	0	66	18	0	0	79	77	0	78	0	77	77	0	92	77	92	53	0	0	0	92	66	56	38	92	79	49	85	92	0	56	56	47	77	0	0	0	51	77	40	0	0	48	28	40	70
0	0	70	0	0	0	28	0	0	0	0	0	0	0	0	0	0	0	0	0	81	0	0	0	0	0	88	57	0	0	74	0	0	0	88	88	71	0	0	0	0	78	0	60	0	0	73	45	60	0
0	0	0	0	0	0	39	0	0	0	0	0	0	0	0	0	0	0	0	0	0	0	0	0	0	0	0	83	0	0	0	0	0	0	0	0	0	0	0	0	0	0	0	86	0	0	0	64	86	0
87	56	40	0	87	56	16	0	0	69	67	0	68	87	67	67	87	80	67	80	47	87	87	95	80	56	50	33	80	69	43	74	80	87	50	50	41	67	95	87	0	45	67	34	87	0	42	25	34	61
0	66	46	0	0	66	18	0	0	79	77	0	78	0	77	77	0	92	77	92	53	0	0	0	92	66	56	38	92	79	49	85	92	0	56	56	47	77	0	0	0	51	77	40	0	0	48	28	40	70
0	0	70	0	0	0	28	0	0	0	0	0	0	0	0	0	0	0	0	0	81	0	0	0	0	0	88	57	0	0	74	0	0	0	88	88	71	0	0	0	0	78	0	60	0	0	73	45	60	0
0	0	0	0	0	0	0	0	0	0	0	0	0	0	0	0	0	0	0	0	0	0	0	0	0	0	0	0	0	0	0	0	0	0	0	0	0	0	0	0	0	0	0	0	0	0	0	0	0	0
65	43	30	75	65	43	12	0	75	52	50	75	51	65	50	50	65	60	50	60	35	65	65	71	60	43	38	25	60	52	32	55	60	65	38	38	31	50	71	65	75	33	50	26	65	75	31	19	26	45
87	56	40	0	87	56	16	0	0	69	67	0	68	87	67	67	87	80	67	80	47	87	87	95	80	56	50	33	80	69	43	74	80	87	50	50	41	67	95	87	0	45	67	34	87	0	42	25	34	61
0	83	57	0	0	83	23	0	0	0	97	0	98	0	97	97	0	0	97	0	67	0	0	0	0	83	72	48	0	0	62	0	0	0	72	72	59	97	0	0	0	65	97	50	0	0	60	37	50	88
0	86	60	0	0	86	24	0	0	0	0	0	0	0	0	0	0	0	0	0	70	0	0	0	0	86	75	50	0	0	64	0	0	0	75	75	61	0	0	0	0	67	0	52	0	0	62	38	52	91
87	56	40	0	87	56	16	0	0	69	67	0	68	87	67	67	87	80	67	80	47	87	87	95	80	56	50	33	80	69	43	74	80	87	50	50	41	67	95	87	0	45	67	34	87	0	42	25	34	61
0	84	59	0	0	84	23	0	0	0	98	0	0	0	98	98	0	0	98	0	69	0	0	0	0	84	74	49	0	0	63	0	0	0	74	74	60	98	0	0	0	66	98	51	0	0	61	38	51	89
0	66	46	0	0	66	18	0	0	79	77	0	78	0	77	77	0	92	77	92	53	0	0	0	92	66	56	38	92	79	49	85	92	0	56	56	47	77	0	0	0	51	77	40	0	0	48	28	40	70
0	86	60	0	0	86	24	0	0	0	0	0	0	0	0	0	0	0	0	0	70	0	0	0	0	86	75	50	0	0	64	0	0	0	75	75	61	0	0	0	0	67	0	52	0	0	62	38	52	91
0	86	60	0	0	86	24	0	0	0	0	0	0	0	0	0	0	0	0	0	70	0	0	0	0	86	75	50	0	0	64	0	0	0	75	75	61	0	0	0	0	67	0	52	0	0	62	38	52	91
0	66	46	0	0	66	18	0	0	79	77	0	78	0	77	77	0	92	77	92	53	0	0	0	92	66	56	38	92	79	49	85	92	0	56	56	47	77	0	0	0	51	77	40	0	0	48	28	40	70
0	71	50	0	0	71	20	0	0	86	83	0	85	0	83	83	0	0	83	0	57	0	0	0	0	71	62	42	0	86	53	92	0	0	62	62	51	83	0	0	0	56	83	43	0	0	52	32	43	76
0	86	60	0	0	86	24	0	0	0	0	0	0	0	0	0	0	0	0	0	70	0	0	0	0	86	75	50	0	0	64	0	0	0	75	75	61	0	0	0	0	67	0	52	0	0	62	38	52	91
0	71	50	0	0	71	20	0	0	86	83	0	85	0	83	83	0	0	83	0	57	0	0	0	0	71	62	42	0	86	53	92	0	0	62	62	51	83	0	0	0	56	83	43	0	0	52	32	43	76
0	0	86	0	0	0	34	0	0	0	0	0	0	0	0	0	0	0	0	0	0	0	0	0	0	0	0	72	0	0	91	0	0	0	0	0	88	0	0	0	0	96	0	74	0	0	90	55	74	0
0	66	46	0	0	66	18	0	0	79	77	0	78	0	77	77	0	92	77	92	53	0	0	0	92	66	56	38	92	79	49	85	92	0	56	56	47	77	0	0	0	51	77	40	0	0	48	28	40	70
0	66	46	0	0	66	18	0	0	79	77	0	78	0	77	77	0	92	77	92	53	0	0	0	92	66	56	38	92	79	49	85	92	0	56	56	47	77	0	0	0	51	77	40	0	0	48	28	40	70
91	60	42	0	91	60	17	0	0	72	70	0	71	91	70	70	91	84	70	84	49	91	91	0	84	60	52	35	84	72	45	77	84	91	52	52	43	70	0	91	0	47	70	36	91	0	44	27	36	64
0	71	50	0	0	71	20	0	0	86	83	0	85	0	83	83	0	0	83	0	57	0	0	0	0	71	62	42	0	86	53	92	0	0	62	62	51	83	0	0	0	56	83	43	0	0	52	32	43	76
0	0	70	0	0	0	28	0	0	0	0	0	0	0	0	0	0	0	0	0	81	0	0	0	0	0	88	57	0	0	74	0	0	0	88	88	71	0	0	0	0	78	0	60	0	0	73	45	60	0
0	0	80	0	0	0	31	0	0	0	0	0	0	0	0	0	0	0	0	0	93	0	0	0	0	0	0	67	0	0	85	0	0	0	0	0	82	0	0	0	0	89	0	69	0	0	83	51	69	0
0	0	0	0	0	0	47	0	0	0	0	0	0	0	0	0	0	0	0	0	0	0	0	0	0	0	0	0	0	0	0	0	0	0	0	0	0	0	0	0	0	0	0	0	0	0	0	76	0	0
0	71	50	0	0	71	20	0	0	86	83	0	85	0	83	83	0	0	83	0	57	0	0	0	0	71	62	42	0	86	53	92	0	0	62	62	51	83	0	0	0	56	83	43	0	0	52	32	43	76
0	83	57	0	0	83	23	0	0	0	97	0	98	0	97	97	0	0	97	0	67	0	0	0	0	83	72	48	0	0	62	0	0	0	72	72	59	97	0	0	0	65	97	50	0	0	60	37	50	88
0	0	94	0	0	0	37	0	0	0	0	0	0	0	0	0	0	0	0	0	0	0	0	0	0	0	0	78	0	0	0	0	0	0	0	0	96	0	0	0	0	0	0	81	0	0	98	60	81	0
0	77	54	0	0	77	21	0	0	93	90	0	92	0	90	90	0	0	90	0	63	0	0	0	0	77	68	45	0	93	57	0	0	0	68	68	55	90	0	0	0	60	90	47	0	0	56	35	47	82
0	71	50	0	0	71	20	0	0	86	83	0	85	0	83	83	0	0	83	0	57	0	0	0	0	71	62	42	0	86	53	92	0	0	62	62	51	83	0	0	0	56	83	43	0	0	52	32	43	76
0	66	46	0	0	66	18	0	0	79	77	0	78	0	77	77	0	92	77	92	53	0	0	0	92	66	56	38	92	79	49	85	92	0	56	56	47	77	0	0	0	51	77	40	0	0	48	28	40	70
0	0	80	0	0	0	31	0	0	0	0	0	0	0	0	0	0	0	0	0	93	0	0	0	0	0	0	67	0	0	85	0	0	0	0	0	82	0	0	0	0	89	0	69	0	0	83	51	69	0
0	0	80	0	0	0	31	0	0	0	0	0	0	0	0	0	0	0	0	0	93	0	0	0	0	0	0	67	0	0	85	0	0	0	0	0	82	0	0	0	0	89	0	69	0	0	83	51	69	0
0	0	98	0	0	0	39	0	0	0	0	0	0	0	0	0	0	0	0	0	0	0	0	0	0	0	0	82	0	0	0	0	0	0	0	0	0	0	0	0	0	0	0	84	0	0	0	62	84	0
0	86	60	0	0	86	24	0	0	0	0	0	0	0	0	0	0	0	0	0	70	0	0	0	0	86	75	50	0	0	64	0	0	0	75	75	61	0	0	0	0	67	0	52	0	0	62	38	52	91
91	60	42	0	91	60	17	0	0	72	70	0	71	91	70	70	91	84	70	84	49	91	91	0	84	60	52	35	84	72	45	77	84	91	52	52	43	70	0	91	0	47	70	36	91	0	44	27	36	64
0	66	46	0	0	66	18	0	0	79	77	0	78	0	77	77	0	92	77	92	53	0	0	0	92	66	56	38	92	79	49	85	92	0	56	56	47	77	0	0	0	51	77	40	0	0	48	28	40	70
87	56	40	0	87	56	16	0	0	69	67	0	68	87	67	67	87	80	67	80	47	87	87	95	80	56	50	33	80	69	43	74	80	87	50	50	41	67	95	87	0	45	67	34	87	0	42	25	34	61
0	0	90	0	0	0	35	0	0	0	0	0	0	0	0	0	0	0	0	0	0	0	0	0	0	0	0	75	0	0	95	0	0	0	0	0	91	0	0	0	0	0	0	77	0	0	93	56	77	0
0	86	60	0	0	86	24	0	0	0	0	0	0	0	0	0	0	0	0	0	70	0	0	0	0	86	75	50	0	0	64	0	0	0	75	75	61	0	0	0	0	67	0	52	0	0	62	38	52	91
0	0	0	0	0	0	46	0	0	0	0	0	0	0	0	0	0	0	0	0	0	0	0	0	0	0	0	97	0	0	0	0	0	0	0	0	0	0	0	0	0	0	0	0	0	0	0	74	0	0
0	66	46	0	0	66	18	0	0	79	77	0	78	0	77	77	0	92	77	92	53	0	0	0	92	66	56	38	92	79	49	85	92	0	56	56	47	77	0	0	0	51	77	40	0	0	48	28	40	70
87	56	40	0	87	56	16	0	0	69	67	0	68	87	67	67	87	80	67	80	47	87	87	95	80	56	50	33	80	69	43	74	80	87	50	50	41	67	95	87	0	45	67	34	87	0	42	25	34	61
0	0	96	0	0	0	38	0	0	0	0	0	0	0	0	0	0	0	0	0	0	0	0	0	0	0	0	80	0	0	0	0	0	0	0	0	98	0	0	0	0	0	0	83	0	0	0	61	83	0
0	0	0	0	0	0	62	0	0	0	0	0	0	0	0	0	0	0	0	0	0	0	0	0	0	0	0	0	0	0	0	0	0	0	0	0	0	0	0	0	0	0	0	0	0	0	0	0	0	0
0	0	0	0	0	0	46	0	0	0	0	0	0	0	0	0	0	0	0	0	0	0	0	0	0	0	0	97	0	0	0	0	0	0	0	0	0	0	0	0	0	0	0	0	0	0	0	74	0	0
0	94	66	0	0	94	26	0	0	0	0	0	0	0	0	0	0	0	0	0	77	0	0	0	0	94	82	55	0	0	70	0	0	0	82	82	67	0	0	0	0	74	0	56	0	0	69	42	56	0

0	0	0	114	0	0	0	153	114	0	0	114	0	0	0	0	0	0	0	0	0	0	0	110	0	0	0	0	0	0	0	0	0	0	0	0	0	0	110	0	114	0	0	0	0	114	0	0	0	0
152	0	0	175	152	0	0	233	175	121	117	175	119	152	117	117	152	140	117	140	0	152	152	167	140	0	0	0	140	121	0	129	140	152	0	0	0	117	167	152	175	0	117	0	152	175	0	0	0	106
217	143	0	250	217	143	0	333	250	172	167	250	169	217	167	167	217	200	167	200	115	217	217	238	200	143	125	0	200	172	106	185	200	217	125	125	102	167	238	217	250	112	167	0	217	250	104	0	0	152
0	0	0	0	0	0	0	133	0	0	0	0	0	0	0	0	0	0	0	0	0	0	0	0	0	0	0	0	0	0	0	0	0	0	0	0	0	0	0	0	0	0	0	0	0	0	0	0	0	0
0	0	0	114	0	0	0	153	114	0	0	114	0	0	0	0	0	0	0	0	0	0	0	110	0	0	0	0	0	0	0	0	0	0	0	0	0	0	110	0	114	0	0	0	0	114	0	0	0	0
152	0	0	175	152	0	0	233	175	121	117	175	119	152	117	117	152	140	117	140	0	152	152	167	140	0	0	0	140	121	0	129	140	152	0	0	0	117	167	152	175	0	117	0	152	175	0	0	0	106
552	363	254	635	552	363	0	847	635	438	423	635	430	552	423	423	552	508	423	508	295	552	552	605	508	363	318	212	508	438	270	469	508	552	318	318	259	423	605	552	635	283	423	219	552	635	265	162	219	385
0	0	0	0	0	0	0	0	0	0	0	0	0	0	0	0	0	0	0	0	0	0	0	0	0	0	0	0	0	0	0	0	0	0	0	0	0	0	0	0	0	0	0	0	0	0	0	0	0	0
0	0	0	0	0	0	0	133	0	0	0	0	0	0	0	0	0	0	0	0	0	0	0	0	0	0	0	0	0	0	0	0	0	0	0	0	0	0	0	0	0	0	0	0	0	0	0	0	0	0
126	0	0	145	126	0	0	193	145	0	0	145	0	126	0	0	126	115	0	115	0	126	126	138	115	0	0	0	115	0	0	107	115	126	0	0	0	0	138	126	145	0	0	0	126	145	0	0	0	0
130	0	0	150	130	0	0	200	150	103	0	150	102	130	0	0	130	120	0	120	0	130	130	143	120	0	0	0	120	103	0	111	120	130	0	0	0	0	143	130	150	0	0	0	130	150	0	0	0	0
0	0	0	0	0	0	0	133	0	0	0	0	0	0	0	0	0	0	0	0	0	0	0	0	0	0	0	0	0	0	0	0	0	0	0	0	0	0	0	0	0	0	0	0	0	0	0	0	0	0
128	0	0	148	128	0	0	197	148	102	0	148	0	128	0	0	128	118	0	118	0	128	128	140	118	0	0	0	118	102	0	109	118	128	0	0	0	0	140	128	148	0	0	0	128	148	0	0	0	0
0	0	0	114	0	0	0	153	114	0	0	114	0	0	0	0	0	0	0	0	0	0	0	110	0	0	0	0	0	0	0	0	0	0	0	0	0	0	110	0	114	0	0	0	0	114	0	0	0	0
130	0	0	150	130	0	0	200	150	103	0	150	102	130	0	0	130	120	0	120	0	130	130	143	120	0	0	0	120	103	0	111	120	130	0	0	0	0	143	130	150	0	0	0	130	150	0	0	0	0
130	0	0	150	130	0	0	200	150	103	0	150	102	130	0	0	130	120	0	120	0	130	130	143	120	0	0	0	120	103	0	111	120	130	0	0	0	0	143	130	150	0	0	0	130	150	0	0	0	0
0	0	0	114	0	0	0	153	114	0	0	114	0	0	0	0	0	0	0	0	0	0	0	110	0	0	0	0	0	0	0	0	0	0	0	0	0	0	110	0	114	0	0	0	0	114	0	0	0	0
109	0	0	125	109	0	0	167	125	0	0	125	0	109	0	0	109	0	0	0	0	109	109	119	0	0	0	0	0	0	0	0	0	109	0	0	0	0	119	109	125	0	0	0	109	125	0	0	0	0
130	0	0	150	130	0	0	200	150	103	0	150	102	130	0	0	130	120	0	120	0	130	130	143	120	0	0	0	120	103	0	111	120	130	0	0	0	0	143	130	150	0	0	0	130	150	0	0	0	0
109	0	0	125	109	0	0	167	125	0	0	125	0	109	0	0	109	0	0	0	0	109	109	119	0	0	0	0	0	0	0	0	0	109	0	0	0	0	119	109	125	0	0	0	109	125	0	0	0	0
187	123	0	215	187	123	0	287	215	148	143	215	146	187	143	143	187	172	143	172	0	187	187	204	172	123	108	0	172	148	0	159	172	187	108	108	0	143	204	187	215	0	143	0	187	215	0	0	0	130
0	0	0	114	0	0	0	153	114	0	0	114	0	0	0	0	0	0	0	0	0	0	0	110	0	0	0	0	0	0	0	0	0	0	0	0	0	0	110	0	114	0	0	0	0	114	0	0	0	0
0	0	0	114	0	0	0	153	114	0	0	114	0	0	0	0	0	0	0	0	0	0	0	110	0	0	0	0	0	0	0	0	0	0	0	0	0	0	110	0	114	0	0	0	0	114	0	0	0	0
0	0	0	105	0	0	0	140	105	0	0	105	0	0	0	0	0	0	0	0	0	0	0	0	0	0	0	0	0	0	0	0	0	0	0	0	0	0	0	0	105	0	0	0	0	105	0	0	0	0
109	0	0	125	109	0	0	167	125	0	0	125	0	109	0	0	109	0	0	0	0	109	109	119	0	0	0	0	0	0	0	0	0	109	0	0	0	0	119	109	125	0	0	0	109	125	0	0	0	0
152	0	0	175	152	0	0	233	175	121	117	175	119	152	117	117	152	140	117	140	0	152	152	167	140	0	0	0	140	121	0	129	140	152	0	0	0	117	167	152	175	0	117	0	152	175	0	0	0	106
174	113	0	200	174	113	0	267	200	138	133	200	136	174	133	133	174	160	133	160	0	174	174	190	160	113	0	0	160	138	0	148	160	174	0	0	0	133	190	174	200	0	133	0	174	200	0	0	0	121
261	171	120	300	261	171	0	400	300	206	200	300	202	261	200	200	261	240	200	240	140	261	261	286	240	171	150	0	240	206	128	221	240	261	150	150	122	200	286	261	300	134	200	103	261	300	125	0	103	182
109	0	0	125	109	0	0	167	125	0	0	125	0	109	0	0	109	0	0	0	0	109	109	119	0	0	0	0	0	0	0	0	0	109	0	0	0	0	119	109	125	0	0	0	109	125	0	0	0	0
126	0	0	145	126	0	0	193	145	0	0	145	0	126	0	0	126	115	0	115	0	126	126	138	115	0	0	0	115	0	0	107	115	126	0	0	0	0	138	126	145	0	0	0	126	145	0	0	0	0
204	134	0	235	204	134	0	313	235	162	157	235	159	204	157	157	204	188	157	188	109	204	204	224	188	134	118	0	188	162	0	173	188	204	118	118	0	157	224	204	235	105	157	0	204	235	0	0	0	142
118	0	0	136	118	0	0	181	136	0	0	136	0	118	0	0	118	108	0	108	0	118	118	129	108	0	0	0	108	0	0	0	108	118	0	0	0	0	129	118	136	0	0	0	118	136	0	0	0	0
109	0	0	125	109	0	0	167	125	0	0	125	0	109	0	0	109	0	0	0	0	109	109	119	0	0	0	0	0	0	0	0	0	109	0	0	0	0	119	109	125	0	0	0	109	125	0	0	0	0
0	0	0	114	0	0	0	153	114	0	0	114	0	0	0	0	0	0	0	0	0	0	0	110	0	0	0	0	0	0	0	0	0	0	0	0	0	0	110	0	114	0	0	0	0	114	0	0	0	0
174	113	0	200	174	113	0	267	200	138	133	200	136	174	133	133	174	160	133	160	0	174	174	190	160	113	0	0	160	138	0	148	160	174	0	0	0	133	190	174	200	0	133	0	174	200	0	0	0	121
174	113	0	200	174	113	0	267	200	138	133	200	136	174	133	133	174	160	133	160	0	174	174	190	160	113	0	0	160	138	0	148	160	174	0	0	0	133	190	174	200	0	133	0	174	200	0	0	0	121
213	140	0	245	213	140	0	327	245	169	163	245	166	213	163	163	213	196	163	196	113	213	213	233	196	140	123	0	196	169	104	181	196	213	123	123	0	163	233	213	245	109	163	0	213	245	102	0	0	148
130	0	0	150	130	0	0	200	150	103	0	150	102	130	0	0	130	120	0	120	0	130	130	143	120	0	0	0	120	103	0	111	120	130	0	0	0	0	143	130	150	0	0	0	130	150	0	0	0	0
0	0	0	105	0	0	0	140	105	0	0	105	0	0	0	0	0	0	0	0	0	0	0	0	0	0	0	0	0	0	0	0	0	0	0	0	0	0	0	0	105	0	0	0	0	105	0	0	0	0
0	0	0	114	0	0	0	153	114	0	0	114	0	0	0	0	0	0	0	0	0	0	0	110	0	0	0	0	0	0	0	0	0	0	0	0	0	0	110	0	114	0	0	0	0	114	0	0	0	0
0	0	0	0	0	0	0	133	0	0	0	0	0	0	0	0	0	0	0	0	0	0	0	0	0	0	0	0	0	0	0	0	0	0	0	0	0	0	0	0	0	0	0	0	0	0	0	0	0	0
195	128	0	224	195	128	0	299	224	154	149	224	152	195	149	149	195	179	149	179	104	195	195	213	179	128	112	0	179	154	0	165	179	195	112	112	0	149	213	195	224	0	149	0	195	224	0	0	0	136
130	0	0	150	130	0	0	200	150	103	0	150	102	130	0	0	130	120	0	120	0	130	130	143	120	0	0	0	120	103	0	111	120	130	0	0	0	0	143	130	150	0	0	0	130	150	0	0	0	0
252	166	115	290	252	166	0	387	290	200	193	290	197	252	193	193	252	231	193	231	135	252	252	276	231	166	145	0	231	200	123	214	231	252	145	145	118	193	276	252	290	129	193	0	252	290	121	0	0	176
0	0	0	114	0	0	0	153	114	0	0	114	0	0	0	0	0	0	0	0	0	0	0	110	0	0	0	0	0	0	0	0	0	0	0	0	0	0	110	0	114	0	0	0	0	114	0	0	0	0
0	0	0	0	0	0	0	133	0	0	0	0	0	0	0	0	0	0	0	0	0	0	0	0	0	0	0	0	0	0	0	0	0	0	0	0	0	0	0	0	0	0	0	0	0	0	0	0	0	0
209	137	0	240	209	137	0	320	240	166	160	240	163	209	160	160	209	192	160	192	112	209	209	229	192	137	120	0	192	166	102	177	192	209	120	120	0	160	229	209	240	107	160	0	209	240	0	0	0	145
341	224	157	392	341	224	0	523	392	271	262	392	266	341	262	262	341	314	262	314	183	341	341	374	314	224	196	131	314	271	167	290	314	341	196	196	160	262	374	341	392	175	262	135	341	392	164	0	135	238
252	166	115	290	252	166	0	387	290	200	193	290	197	252	193	193	252	231	193	231	135	252	252	276	231	166	145	0	231	200	123	214	231	252	145	145	118	193	276	252	290	129	193	0	252	290	121	0	0	176
143	0	0	165	143	0	0	220	165	113	110	165	112	143	110	110	143	132	110	132	0	143	143	157	132	0	0	0	132	113	0	122	132	143	0	0	0	110	157	143	165	0	110	0	143	165	0	0	0	0