1933 1895 1909 1898 1900 1880 1906 1913 1875 1909 1892 1860 1892 1891 1869 1892 1861 1906 1902 1893 1883 1869 1861 1871 1891 1911 1928 1867 1911 1893 1881 1889 1920 1869 1885 1917 1884 1887 1898 1914 1895 1914 1885 1897 1914 1844 1873 1912 1903 1899

2

1124 1217 1182 1210 1205 1254 1189 1173 1266 1183 1223 1303 1224 1226 1280 1224 1300 1190 1198 1222 1246 1280 1300 1274 1227 1177 1136 1286 1176 1220 1252 1231 1155 1280 1241 1162 1244 1236 1208 1169 1216 1170 1240 1212 1170 1341 1270 1176 1196 1206

11.001982633164635 5.991669888623541 42.99198040653541 39.995038274301535

23429.0

0	0	0	0	0	27	0	0	0	0	0	0	0	0	0	0	0	28	0	0	0	27	0	0	0	0	0	0	28	0	0	0	0	0	0	28	0	0	0	0	0	0	0	0	0	0	28	0	0	28
17	0	20	22	20	15	20	21	20	23	18	18	27	22	20	19	27	16	22	18	20	15	30	22	18	26	24	22	16	19	24	19	24	21	23	16	24	27	22	24	19	23	20	26	22	25	16	21	18	16
26	0	0	0	30	23	30	0	30	0	28	27	0	0	28	28	0	24	0	27	30	23	0	0	27	0	0	0	25	28	0	28	0	0	0	25	0	0	0	0	28	0	28	0	0	0	25	0	27	24
24	0	28	0	28	22	28	28	28	0	26	25	0	30	27	27	0	22	0	25	28	22	0	0	25	0	0	0	23	26	0	27	0	28	0	23	0	0	30	0	27	0	28	0	0	0	23	30	25	22
26	0	0	0	0	24	0	0	0	0	28	27	0	0	28	28	0	24	0	27	0	24	0	0	27	0	0	0	25	28	0	28	0	0	0	25	0	0	0	0	28	0	30	0	0	0	25	0	27	24
0	0	0	0	0	0	0	0	0	0	0	0	0	0	0	0	0	0	0	0	0	0	0	0	0	0	0	0	0	0	0	0	0	0	0	0	0	0	0	0	0	0	0	0	0	0	0	0	0	0
26	0	0	0	0	24	0	0	0	0	28	27	0	0	28	28	0	24	0	27	0	24	0	0	27	0	0	0	25	28	0	28	0	0	0	25	0	0	0	0	28	0	30	0	0	0	25	0	27	24
26	0	30	0	30	23	30	0	30	0	27	27	0	0	28	28	0	24	0	27	30	23	0	0	27	0	0	0	24	28	0	28	0	0	0	24	0	0	0	0	28	0	28	0	0	0	24	0	27	24
26	0	0	0	0	24	0	0	0	0	28	27	0	0	28	28	0	24	0	27	0	24	0	0	27	0	0	0	25	28	0	28	0	0	0	25	0	0	0	0	28	0	30	0	0	0	25	0	27	24
23	0	27	28	27	21	27	28	27	0	25	25	0	28	26	26	0	22	30	25	27	21	0	28	25	0	0	30	22	26	0	26	0	28	0	22	0	0	28	0	26	0	27	0	30	0	22	28	25	22
28	0	0	0	0	26	0	0	0	0	0	30	0	0	0	0	0	26	0	30	0	26	0	0	30	0	0	0	27	0	0	0	0	0	0	27	0	0	0	0	0	0	0	0	0	0	27	0	30	26
28	0	0	0	0	26	0	0	0	0	0	0	0	0	0	0	0	27	0	0	0	26	0	0	0	0	0	0	27	0	0	0	0	0	0	27	0	0	0	0	0	0	0	0	0	0	27	0	0	27
20	0	23	25	23	18	23	23	23	26	21	21	0	25	22	22	0	18	25	21	23	18	0	25	21	30	27	25	19	22	27	22	27	24	26	19	27	0	25	27	22	26	23	28	25	28	19	24	21	18
24	0	28	0	28	22	28	28	28	0	26	26	0	0	27	27	0	23	0	26	28	22	0	0	26	0	0	0	23	27	0	27	0	28	0	23	0	0	0	0	27	0	28	0	0	0	23	30	26	23
27	0	0	0	0	24	0	0	0	0	28	28	0	0	0	28	0	25	0	28	0	24	0	0	28	0	0	0	26	28	0	28	0	0	0	25	0	0	0	0	30	0	0	0	0	0	25	0	28	25
28	0	0	0	0	25	0	0	0	0	28	28	0	0	0	0	0	26	0	28	0	25	0	0	28	0	0	0	26	30	0	0	0	0	0	26	0	0	0	0	0	0	0	0	0	0	26	0	28	26
20	0	23	25	23	18	23	23	23	26	21	21	0	25	22	22	0	18	25	21	23	18	0	25	21	30	27	25	19	22	27	22	27	24	26	19	27	0	25	27	22	26	23	28	25	28	19	24	21	18
0	0	0	0	0	28	0	0	0	0	0	0	0	0	0	0	0	0	0	0	0	28	0	0	0	0	0	0	0	0	0	0	0	0	0	0	0	0	0	0	0	0	0	0	0	0	0	0	0	0
24	0	28	28	27	21	27	28	27	0	25	25	0	28	27	26	0	22	0	25	27	21	0	28	25	0	0	30	22	26	0	26	0	28	0	22	0	0	28	0	26	0	27	0	0	0	22	28	25	22
28	0	0	0	0	26	0	0	0	0	0	0	0	0	0	0	0	27	0	0	0	26	0	0	0	0	0	0	27	0	0	0	0	0	0	27	0	0	0	0	0	0	0	0	0	0	27	0	0	27
26	0	0	0	30	24	30	0	30	0	28	27	0	0	28	28	0	24	0	27	0	24	0	0	27	0	0	0	25	28	0	28	0	0	0	25	0	0	0	0	28	0	30	0	0	0	25	0	27	24
0	0	0	0	0	0	0	0	0	0	0	0	0	0	0	0	0	0	0	0	0	0	0	0	0	0	0	0	0	0	0	0	0	0	0	0	0	0	0	0	0	0	0	0	0	0	0	0	0	0
17	0	20	22	20	15	20	21	20	23	19	18	27	22	20	19	27	16	22	18	20	15	0	22	18	26	24	22	16	19	24	19	24	21	23	16	24	27	22	24	19	23	20	26	22	25	16	21	18	16
24	0	28	30	28	22	28	28	28	0	26	25	0	30	27	27	0	22	0	25	28	22	0	0	25	0	0	0	23	26	0	27	0	28	0	23	0	0	30	0	27	0	28	0	0	0	23	30	25	22
28	0	0	0	0	26	0	0	0	0	0	0	0	0	0	0	0	27	0	0	0	26	0	0	0	0	0	0	27	0	0	0	0	0	0	27	0	0	0	0	0	0	0	0	0	0	27	0	0	27
20	0	24	25	23	18	23	24	23	26	22	21	0	25	23	22	0	19	26	21	23	18	0	25	21	0	28	26	19	22	27	22	28	24	27	19	27	0	25	27	22	26	23	30	26	28	19	25	21	19
22	0	26	28	26	20	26	26	26	28	24	23	0	27	25	24	0	20	28	23	26	20	0	28	23	0	0	28	21	24	30	24	30	27	28	21	30	0	27	30	25	28	25	0	28	0	21	27	23	20
24	0	28	28	27	21	27	28	27	0	25	25	0	28	27	26	0	22	0	25	27	21	0	28	25	0	0	0	22	26	0	26	0	28	0	22	0	0	28	0	26	0	27	0	0	0	22	28	25	22
0	0	0	0	0	28	0	0	0	0	0	0	0	0	0	0	0	28	0	0	0	28	0	0	0	0	0	0	0	0	0	0	0	0	0	30	0	0	0	0	0	0	0	0	0	0	30	0	0	28
28	0	0	0	0	25	0	0	0	0	30	28	0	0	0	0	0	26	0	28	0	25	0	0	28	0	0	0	26	0	0	0	0	0	0	26	0	0	0	0	0	0	0	0	0	0	26	0	28	26
22	0	26	28	26	20	26	26	26	28	24	24	0	28	25	25	0	21	28	24	26	20	0	28	24	0	0	28	21	24	0	25	0	27	28	21	0	0	28	0	25	28	26	0	28	0	21	27	24	21
28	0	0	0	0	25	0	0	0	0	28	28	0	0	0	0	0	26	0	28	0	25	0	0	28	0	0	0	26	30	0	0	0	0	0	26	0	0	0	0	0	0	0	0	0	0	26	0	28	26
22	0	26	28	26	20	26	26	26	28	24	23	0	28	25	24	0	20	28	23	26	20	0	28	23	0	0	28	21	24	30	24	0	27	28	21	30	0	28	30	25	28	25	0	28	0	21	27	23	20
25	0	28	0	28	23	28	28	28	0	27	26	0	0	28	27	0	23	0	26	28	23	0	0	26	0	0	0	24	27	0	27	0	0	0	24	0	0	0	0	28	0	28	0	0	0	24	0	26	23
23	0	27	28	27	21	27	27	27	30	25	24	0	28	26	25	0	21	28	24	27	21	0	28	24	0	0	28	22	25	0	25	0	28	0	22	0	0	28	0	26	30	26	0	28	0	22	28	24	21
0	0	0	0	0	28	0	0	0	0	0	0	0	0	0	0	0	30	0	0	0	28	0	0	0	0	0	0	0	0	0	0	0	0	0	0	0	0	0	0	0	0	0	0	0	0	0	0	0	30
22	0	26	28	26	20	26	26	26	28	24	24	0	28	25	25	0	21	28	24	26	20	0	28	24	0	0	28	21	24	0	25	0	27	28	21	0	0	28	0	25	28	26	0	28	0	21	27	24	21
19	0	23	24	22	17	22	23	22	25	21	20	28	24	22	21	28	18	25	20	23	17	0	24	20	28	27	25	18	21	26	21	27	24	26	18	26	0	24	26	22	25	22	28	25	28	18	24	20	18
24	0	28	0	28	22	28	28	28	0	26	26	0	30	27	27	0	23	0	26	28	22	0	0	26	0	0	0	23	27	0	27	0	28	0	23	0	0	0	0	27	0	28	0	0	0	23	30	26	23
22	0	26	28	26	20	26	26	26	28	24	24	0	28	25	25	0	21	28	24	26	20	0	28	24	0	0	28	21	24	30	25	0	27	28	21	30	0	28	0	25	28	25	0	28	0	21	27	24	21
27	0	0	0	0	25	0	0	0	0	28	28	0	0	0	30	0	25	0	28	0	25	0	0	28	0	0	0	26	30	0	30	0	0	0	26	0	0	0	0	0	0	0	0	0	0	26	0	28	25
23	0	27	28	27	21	27	28	27	30	25	24	0	28	26	26	0	22	30	24	27	21	0	28	24	0	0	30	22	25	0	26	0	28	0	22	0	0	28	0	26	0	27	0	30	0	22	28	24	22
27	0	0	0	0	24	0	0	0	0	28	28	0	0	30	28	0	25	0	28	0	24	0	0	28	0	0	0	25	28	0	28	0	0	0	25	0	0	0	0	28	0	0	0	0	0	25	0	28	25
20	0	24	26	24	18	24	24	24	27	22	22	0	26	23	23	0	19	26	22	24	18	0	26	22	0	28	26	19	22	28	23	28	25	27	19	28	0	26	28	23	27	23	0	26	28	19	25	22	19
24	0	27	28	27	21	27	28	27	0	25	25	0	28	27	26	0	22	30	25	27	21	0	28	25	0	0	30	22	26	0	26	0	28	0	22	0	0	28	0	26	0	27	0	0	0	22	28	25	22
21	0	25	27	25	19	25	25	25	28	23	22	0	27	24	23	0	20	27	22	25	19	0	27	22	0	28	27	20	23	28	23	28	26	28	20	28	0	27	28	24	28	24	0	27	0	20	26	22	20
0	0	0	0	0	28	0	0	0	0	0	0	0	0	0	0	0	28	0	0	0	28	0	0	0	0	0	0	0	0	0	0	0	0	0	30	0	0	0	0	0	0	0	0	0	0	0	0	0	28
25	0	28	0	28	22	28	28	28	0	26	26	0	0	28	27	0	23	0	26	28	22	0	0	26	0	0	0	23	27	0	27	0	30	0	23	0	0	0	0	27	0	28	0	0	0	23	0	26	23
28	0	0	0	0	26	0	0	0	0	0	0	0	0	0	0	0	27	0	0	0	26	0	0	0	0	0	0	27	0	0	0	0	0	0	27	0	0	0	0	0	0	0	0	0	0	27	0	0	27
0	0	0	0	0	28	0	0	0	0	0	0	0	0	0	0	0	0	0	0	0	28	0	0	0	0	0	0	0	0	0	0	0	0	0	0	0	0	0	0	0	0	0	0	0	0	0	0	0	0

0	49	35	37	34	0	34	35	34	38	32	31	44	37	34	33	44	0	38	31	35	0	48	37	31	43	40	38	0	33	39	33	40	36	39	0	39	44	37	39	33	38	34	42	38	41	0	36	31	0
0	0	0	0	0	0	0	0	0	0	0	0	0	0	0	0	0	0	0	0	0	0	0	0	0	0	0	0	0	0	0	0	0	0	0	0	0	0	0	0	0	0	0	0	0	0	0	0	0	0
0	43	0	32	0	0	0	30	0	33	0	0	38	32	0	0	38	0	33	0	0	0	43	32	0	38	35	33	0	0	34	0	35	31	34	0	34	39	32	35	0	33	0	37	33	36	0	32	0	0
0	40	0	0	0	0	0	0	0	31	0	0	36	0	0	0	36	0	31	0	0	0	40	30	0	36	33	31	0	0	32	0	33	0	32	0	32	37	0	32	0	31	0	35	31	34	0	0	0	0
0	43	30	32	0	0	0	31	0	33	0	0	39	32	0	0	39	0	33	0	30	0	43	32	0	38	35	33	0	0	35	0	35	31	34	0	35	39	32	35	0	33	0	37	33	36	0	32	0	0
33	52	38	40	38	0	38	38	38	41	35	35	47	40	37	36	47	31	41	35	38	0	52	40	35	47	44	41	32	36	43	36	43	39	42	31	43	48	40	43	36	42	37	46	41	45	31	40	35	31
0	43	30	32	0	0	0	31	0	33	0	0	39	32	0	0	39	0	33	0	30	0	43	32	0	38	35	33	0	0	35	0	35	31	34	0	35	39	32	35	0	33	0	37	33	36	0	32	0	0
0	42	0	32	0	0	0	0	0	33	0	0	38	32	0	0	38	0	32	0	0	0	42	32	0	37	34	32	0	0	34	0	34	31	33	0	34	39	32	34	0	33	0	37	32	36	0	31	0	0
0	43	30	32	0	0	0	31	0	33	0	0	39	32	0	0	39	0	33	0	30	0	43	32	0	38	35	33	0	0	35	0	35	31	34	0	35	39	32	35	0	33	0	37	33	36	0	32	0	0
0	39	0	0	0	0	0	0	0	0	0	0	35	0	0	0	35	0	0	0	0	0	39	0	0	34	32	0	0	0	31	0	32	0	31	0	31	36	0	31	0	30	0	34	0	33	0	0	0	0
0	46	33	35	32	0	32	33	32	36	0	0	41	35	32	31	41	0	36	0	33	0	46	35	0	41	38	36	0	31	37	31	38	34	36	0	37	42	35	37	31	36	32	40	36	39	0	34	0	0
0	47	33	35	33	0	33	34	33	36	31	0	42	35	32	31	42	0	36	0	33	0	47	35	0	41	38	36	0	31	38	31	38	34	37	0	38	43	35	38	32	37	32	41	36	39	0	35	0	0
0	34	0	0	0	0	0	0	0	0	0	0	0	0	0	0	0	0	0	0	0	0	34	0	0	0	0	0	0	0	0	0	0	0	0	0	0	31	0	0	0	0	0	0	0	0	0	0	0	0
0	41	0	30	0	0	0	0	0	31	0	0	36	0	0	0	36	0	31	0	0	0	40	30	0	36	33	31	0	0	33	0	33	0	32	0	33	37	30	33	0	31	0	35	31	34	0	0	0	0
0	44	31	33	31	0	31	32	31	34	0	0	40	33	0	0	40	0	34	0	31	0	44	33	0	39	36	34	0	0	36	0	36	32	35	0	36	40	33	36	0	34	30	38	34	37	0	33	0	0
0	45	32	34	32	0	32	32	32	35	0	0	40	34	31	0	40	0	35	0	32	0	45	34	0	40	37	35	0	0	36	0	37	33	35	0	36	41	34	36	30	35	31	39	35	38	0	33	0	0
0	34	0	0	0	0	0	0	0	0	0	0	0	0	0	0	0	0	0	0	0	0	34	0	0	0	0	0	0	0	0	0	0	0	0	0	0	31	0	0	0	0	0	0	0	0	0	0	0	0
32	51	37	39	37	0	37	38	37	41	34	34	47	39	36	35	47	0	40	34	37	0	51	39	34	46	43	40	31	35	42	35	43	38	41	31	42	47	39	42	36	41	36	45	40	44	31	39	34	0
0	40	0	0	0	0	0	0	0	30	0	0	35	0	0	0	35	0	0	0	0	0	39	0	0	35	32	0	0	0	32	0	32	0	31	0	32	36	0	32	0	31	0	34	30	33	0	0	0	0
0	47	33	35	33	0	33	34	33	36	31	0	42	35	32	31	42	0	36	0	33	0	47	35	0	41	38	36	0	31	38	31	38	34	37	0	38	43	35	38	32	37	32	41	36	39	0	35	0	0
0	43	30	32	0	0	0	31	0	33	0	0	39	32	0	0	39	0	33	0	0	0	43	32	0	38	35	33	0	0	35	0	35	31	34	0	35	39	32	35	0	33	0	37	33	36	0	32	0	0
33	52	38	40	38	0	38	38	38	41	35	35	47	40	37	36	47	31	41	35	38	0	52	40	35	47	44	41	32	36	43	36	43	39	42	31	43	48	40	43	36	42	37	46	41	45	31	40	35	31
0	30	0	0	0	0	0	0	0	0	0	0	0	0	0	0	0	0	0	0	0	0	0	0	0	0	0	0	0	0	0	0	0	0	0	0	0	0	0	0	0	0	0	0	0	0	0	0	0	0
0	40	0	0	0	0	0	0	0	31	0	0	36	0	0	0	36	0	31	0	0	0	40	0	0	36	33	31	0	0	32	0	33	0	32	0	32	37	0	32	0	31	0	35	31	34	0	0	0	0
0	47	33	35	33	0	33	34	33	36	31	0	42	35	32	31	42	0	36	0	33	0	47	35	0	41	38	36	0	31	38	31	38	34	37	0	38	43	35	38	32	37	32	41	36	39	0	35	0	0
0	34	0	0	0	0	0	0	0	0	0	0	31	0	0	0	31	0	0	0	0	0	34	0	0	0	0	0	0	0	0	0	0	0	0	0	0	31	0	0	0	0	0	0	0	0	0	0	0	0
0	37	0	0	0	0	0	0	0	0	0	0	33	0	0	0	33	0	0	0	0	0	37	0	0	33	0	0	0	0	0	0	0	0	0	0	0	34	0	0	0	0	0	32	0	31	0	0	0	0
0	40	0	0	0	0	0	0	0	30	0	0	35	0	0	0	35	0	30	0	0	0	39	0	0	35	32	0	0	0	32	0	32	0	31	0	32	36	0	32	0	31	0	34	30	33	0	0	0	0
32	51	36	39	36	0	36	37	36	40	34	33	46	38	35	34	46	0	39	33	36	0	50	39	33	45	42	39	0	34	41	34	42	38	40	0	41	46	38	41	35	40	36	44	40	43	0	38	33	0
0	45	32	34	32	0	32	32	32	35	0	0	41	34	31	30	41	0	35	0	32	0	45	34	0	40	37	35	0	0	37	30	37	33	36	0	37	41	34	37	31	35	31	39	35	38	0	34	0	0
0	38	0	0	0	0	0	0	0	0	0	0	34	0	0	0	34	0	0	0	0	0	38	0	0	33	31	0	0	0	0	0	30	0	0	0	0	34	0	30	0	0	0	33	0	31	0	0	0	0
0	45	32	34	32	0	32	32	32	35	0	0	40	34	31	0	40	0	35	0	32	0	45	34	0	40	37	35	0	0	36	0	37	33	35	0	36	41	34	36	30	35	31	39	35	38	0	33	0	0
0	37	0	0	0	0	0	0	0	0	0	0	33	0	0	0	33	0	0	0	0	0	37	0	0	33	30	0	0	0	0	0	0	0	0	0	0	34	0	0	0	0	0	32	0	31	0	0	0	0
0	42	0	31	0	0	0	0	0	32	0	0	37	31	0	0	37	0	32	0	0	0	41	31	0	37	34	32	0	0	33	0	34	0	33	0	33	38	31	33	0	32	0	36	32	35	0	30	0	0
0	39	0	0	0	0	0	0	0	0	0	0	35	0	0	0	35	0	0	0	0	0	39	0	0	34	31	0	0	0	31	0	31	0	0	0	31	35	0	31	0	0	0	33	0	32	0	0	0	0
32	51	37	39	36	0	36	37	36	40	34	33	46	39	35	35	46	0	40	33	36	0	51	39	33	45	42	40	30	34	41	35	42	38	41	0	41	47	39	41	35	40	36	45	40	43	30	38	33	0
0	38	0	0	0	0	0	0	0	0	0	0	34	0	0	0	34	0	0	0	0	0	38	0	0	33	31	0	0	0	0	0	30	0	0	0	0	34	0	30	0	0	0	33	0	31	0	0	0	0
0	33	0	0	0	0	0	0	0	0	0	0	0	0	0	0	0	0	0	0	0	0	33	0	0	0	0	0	0	0	0	0	0	0	0	0	0	0	0	0	0	0	0	0	0	0	0	0	0	0
0	41	0	30	0	0	0	0	0	31	0	0	36	0	0	0	36	0	31	0	0	0	40	30	0	36	33	31	0	0	32	0	33	0	32	0	32	37	0	33	0	31	0	35	31	34	0	0	0	0
0	38	0	0	0	0	0	0	0	0	0	0	34	0	0	0	34	0	0	0	0	0	38	0	0	33	30	0	0	0	0	0	30	0	0	0	0	34	0	0	0	0	0	33	0	31	0	0	0	0
0	45	31	33	31	0	31	32	31	35	0	0	40	33	30	0	40	0	34	0	31	0	44	34	0	39	36	34	0	0	36	0	36	33	35	0	36	41	33	36	0	35	31	39	34	38	0	33	0	0
0	39	0	0	0	0	0	0	0	0	0	0	35	0	0	0	35	0	0	0	0	0	39	0	0	34	32	0	0	0	31	0	32	0	30	0	31	36	0	31	0	0	0	34	0	33	0	0	0	0
0	44	31	33	31	0	31	31	31	34	0	0	39	33	0	0	39	0	34	0	31	0	44	33	0	39	36	34	0	0	35	0	36	32	34	0	35	40	33	35	0	34	0	38	34	37	0	32	0	0
0	35	0	0	0	0	0	0	0	0	0	0	31	0	0	0	31	0	0	0	0	0	35	0	0	31	0	0	0	0	0	0	0	0	0	0	0	32	0	0	0	0	0	0	0	0	0	0	0	0
0	40	0	0	0	0	0	0	0	30	0	0	35	0	0	0	35	0	0	0	0	0	39	0	0	35	32	0	0	0	32	0	32	0	31	0	32	36	0	32	0	30	0	34	0	33	0	0	0	0
0	36	0	0	0	0	0	0	0	0	0	0	32	0	0	0	32	0	0	0	0	0	36	0	0	32	0	0	0	0	0	0	0	0	0	0	0	33	0	0	0	0	0	31	0	0	0	0	0	0
32	51	36	39	36	0	36	37	36	40	34	33	46	39	35	35	46	0	40	33	36	0	50	39	33	45	42	39	30	34	41	35	42	38	40	0	41	47	39	41	35	40	36	44	40	43	0	38	33	0
0	41	0	31	0	0	0	0	0	32	0	0	37	31	0	0	37	0	31	0	0	0	41	31	0	36	33	31	0	0	33	0	33	0	32	0	33	37	31	33	0	32	0	36	31	34	0	0	0	0
0	47	33	35	33	0	33	34	33	36	31	0	42	35	32	31	42	0	36	0	33	0	47	35	0	41	38	36	0	31	38	31	38	34	37	0	38	43	35	38	32	37	32	41	36	39	0	35	0	0
32	51	37	39	37	0	37	38	37	41	34	34	47	39	36	35	47	0	40	34	37	0	51	39	34	46	43	40	31	35	42	35	43	38	41	31	42	47	39	42	36	41	36	45	40	44	31	39	34	0

0	0	0	0	0	0	0	0	0	0	0	0	0	0	0	0	0	0	0	0	0	0	0	0	0	0	0	0	0	0	0	0	89	0	0	0	0	0	0	0	0	0	0	0	0	0	0	89	0	0
24	0	0	0	0	91	0	33	0	0	0	79	50	50	75	50	71	0	0	0	0	75	67	94	0	0	24	86	0	0	91	50	21	52	91	0	97	0	0	0	0	0	50	0	0	54	75	21	0	0
12	50	0	68	86	45	75	17	56	75	50	39	25	25	38	25	36	86	86	50	60	38	33	47	71	75	12	43	75	50	45	25	10	26	45	0	48	54	50	75	62	75	25	50	75	27	38	10	68	50
17	73	0	0	0	67	0	24	81	0	73	57	37	37	55	37	52	0	0	73	88	55	49	69	0	0	17	63	0	73	67	37	15	38	67	0	71	79	73	0	92	0	37	73	0	39	55	15	0	73
14	57	0	80	0	53	88	19	65	88	57	46	28	28	44	28	42	0	0	57	70	44	39	55	83	88	14	50	88	57	53	28	12	30	53	0	56	62	57	88	73	88	28	57	88	31	44	12	80	57
26	0	0	0	0	0	0	37	0	0	0	87	55	55	82	55	79	0	0	0	0	82	73	0	0	0	26	94	0	0	0	55	23	56	0	0	0	0	0	0	0	0	55	0	0	59	82	23	0	0
16	67	0	91	0	61	0	22	74	0	67	53	33	33	50	33	48	0	0	67	80	50	44	62	95	0	16	56	0	67	61	33	14	34	61	0	65	71	67	0	83	0	33	67	0	36	50	14	91	67
71	0	0	0	0	0	0	0	0	0	0	0	0	0	0	0	0	0	0	0	0	0	0	0	0	0	71	0	0	0	0	0	63	0	0	0	0	0	0	0	0	0	0	0	0	0	0	63	0	0
21	90	0	0	0	82	0	30	0	0	90	71	45	45	68	45	64	0	0	90	0	68	60	84	0	0	21	77	0	90	82	45	19	47	82	0	87	96	90	0	0	0	45	90	0	48	68	19	0	90
16	67	0	91	0	61	0	22	74	0	67	53	33	33	50	33	48	0	0	67	80	50	44	62	95	0	16	56	0	67	61	33	14	34	61	0	65	71	67	0	83	0	33	67	0	36	50	14	91	67
24	0	0	0	0	91	0	33	0	0	0	79	50	50	75	50	71	0	0	0	0	75	67	94	0	0	24	86	0	0	91	50	21	52	91	0	97	0	0	0	0	0	50	0	0	54	75	21	0	0
30	0	0	0	0	0	0	42	0	0	0	0	63	63	95	63	90	0	0	0	0	95	84	0	0	0	30	0	0	0	0	63	27	66	0	0	0	0	0	0	0	0	63	0	0	68	95	27	0	0
47	0	0	0	0	0	0	67	0	0	0	0	0	0	0	0	0	0	0	0	0	0	0	0	0	0	47	0	0	0	0	0	42	0	0	0	0	0	0	0	0	0	0	0	0	0	0	42	0	0
47	0	0	0	0	0	0	67	0	0	0	0	0	0	0	0	0	0	0	0	0	0	0	0	0	0	47	0	0	0	0	0	42	0	0	0	0	0	0	0	0	0	0	0	0	0	0	42	0	0
31	0	0	0	0	0	0	44	0	0	0	0	67	67	0	67	95	0	0	0	0	0	89	0	0	0	31	0	0	0	0	67	28	69	0	0	0	0	0	0	0	0	67	0	0	71	0	28	0	0
47	0	0	0	0	0	0	67	0	0	0	0	0	0	0	0	0	0	0	0	0	0	0	0	0	0	47	0	0	0	0	0	42	0	0	0	0	0	0	0	0	0	0	0	0	0	0	42	0	0
33	0	0	0	0	0	0	47	0	0	0	0	70	70	0	70	0	0	0	0	0	0	93	0	0	0	33	0	0	0	0	70	28	72	0	0	0	0	0	0	0	0	70	0	0	75	0	28	0	0
14	57	0	80	0	53	88	19	65	88	57	46	28	28	44	28	42	0	0	57	70	44	39	55	83	88	14	50	88	57	53	28	12	30	53	0	56	62	57	88	73	88	28	57	88	31	44	12	80	57
14	57	0	80	0	53	88	19	65	88	57	46	28	28	44	28	42	0	0	57	70	44	39	55	83	88	14	50	88	57	53	28	12	30	53	0	56	62	57	88	73	88	28	57	88	31	44	12	80	57
24	0	0	0	0	91	0	33	0	0	0	79	50	50	75	50	71	0	0	0	0	75	67	94	0	0	24	86	0	0	91	50	21	52	91	0	97	0	0	0	0	0	50	0	0	54	75	21	0	0
20	83	0	0	0	76	0	28	93	0	83	66	42	42	62	42	60	0	0	83	0	62	56	78	0	0	20	71	0	83	76	42	17	43	76	0	81	89	83	0	0	0	42	83	0	45	62	17	0	83
31	0	0	0	0	0	0	44	0	0	0	0	67	67	0	67	95	0	0	0	0	0	89	0	0	0	31	0	0	0	0	67	28	69	0	0	0	0	0	0	0	0	67	0	0	71	0	28	0	0
35	0	0	0	0	0	0	50	0	0	0	0	75	75	0	75	0	0	0	0	0	0	0	0	0	0	35	0	0	0	0	75	31	78	0	0	0	0	0	0	0	0	75	0	0	80	0	31	0	0
25	0	0	0	0	97	0	36	0	0	0	84	53	53	80	53	76	0	0	0	0	80	71	0	0	0	25	91	0	0	97	53	22	55	97	0	0	0	0	0	0	0	53	0	0	56	80	22	0	0
17	70	0	95	0	64	0	23	78	0	70	55	35	35	52	35	50	0	0	70	84	52	47	66	0	0	17	60	0	70	64	35	15	36	64	0	68	75	70	0	88	0	35	70	0	38	52	15	95	70
16	67	0	91	0	61	0	22	74	0	67	53	33	33	50	33	48	0	0	67	80	50	44	62	95	0	16	56	0	67	61	33	14	34	61	0	65	71	67	0	83	0	33	67	0	36	50	14	91	67
0	0	0	0	0	0	0	0	0	0	0	0	0	0	0	0	0	0	0	0	0	0	0	0	0	0	0	0	0	0	0	0	89	0	0	0	0	0	0	0	0	0	0	0	0	0	0	89	0	0
28	0	0	0	0	0	0	39	0	0	0	92	57	57	88	57	83	0	0	0	0	88	78	0	0	0	28	0	0	0	0	57	24	60	0	0	0	0	0	0	0	0	57	0	0	62	88	24	0	0
16	67	0	91	0	61	0	22	74	0	67	53	33	33	50	33	48	0	0	67	80	50	44	62	95	0	16	56	0	67	61	33	14	34	61	0	65	71	67	0	83	0	33	67	0	36	50	14	91	67
24	0	0	0	0	91	0	33	0	0	0	79	50	50	75	50	71	0	0	0	0	75	67	94	0	0	24	86	0	0	91	50	21	52	91	0	97	0	0	0	0	0	50	0	0	54	75	21	0	0
26	0	0	0	0	0	0	37	0	0	0	87	55	55	82	55	79	0	0	0	0	82	73	0	0	0	26	94	0	0	0	55	23	56	0	0	0	0	0	0	0	0	55	0	0	59	82	23	0	0
47	0	0	0	0	0	0	67	0	0	0	0	0	0	0	0	0	0	0	0	0	0	0	0	0	0	47	0	0	0	0	0	42	0	0	0	0	0	0	0	0	0	0	0	0	0	0	42	0	0
0	0	0	0	0	0	0	0	0	0	0	0	0	0	0	0	0	0	0	0	0	0	0	0	0	0	0	0	0	0	0	0	0	0	0	0	0	0	0	0	0	0	0	0	0	0	0	0	0	0
46	0	0	0	0	0	0	64	0	0	0	0	97	97	0	97	0	0	0	0	0	0	0	0	0	0	46	0	0	0	0	97	41	0	0	0	0	0	0	0	0	0	97	0	0	0	0	41	0	0
26	0	0	0	0	0	0	37	0	0	0	87	55	55	82	55	79	0	0	0	0	82	73	0	0	0	26	94	0	0	0	55	23	56	0	0	0	0	0	0	0	0	55	0	0	59	82	23	0	0
12	50	0	68	86	45	75	17	56	75	50	39	25	25	38	25	36	86	86	50	60	38	33	47	71	75	12	43	75	50	45	25	10	26	45	0	48	54	50	75	62	75	25	50	75	27	38	10	68	50
24	0	0	0	0	94	0	34	0	0	0	82	52	52	78	52	74	0	0	0	0	78	69	97	0	0	24	89	0	0	94	52	22	53	94	0	0	0	0	0	0	0	52	0	0	55	78	22	0	0
22	93	0	0	0	85	0	31	0	0	93	74	47	47	70	47	67	0	0	93	0	70	62	87	0	0	22	80	0	93	85	47	20	48	85	0	90	0	93	0	0	0	47	93	0	50	70	20	0	93
24	0	0	0	0	91	0	33	0	0	0	79	50	50	75	50	71	0	0	0	0	75	67	94	0	0	24	86	0	0	91	50	21	52	91	0	97	0	0	0	0	0	50	0	0	54	75	21	0	0
16	67	0	91	0	61	0	22	74	0	67	53	33	33	50	33	48	0	0	67	80	50	44	62	95	0	16	56	0	67	61	33	14	34	61	0	65	71	67	0	83	0	33	67	0	36	50	14	91	67
19	80	0	0	0	73	0	27	89	0	80	63	40	40	60	40	56	0	0	80	96	60	53	75	0	0	19	69	0	80	73	40	17	41	73	0	77	86	80	0	0	0	40	80	0	43	60	17	0	80
16	67	0	91	0	61	0	22	74	0	67	53	33	33	50	33	48	0	0	67	80	50	44	62	95	0	16	56	0	67	61	33	14	34	61	0	65	71	67	0	83	0	33	67	0	36	50	14	91	67
47	0	0	0	0	0	0	67	0	0	0	0	0	0	0	0	0	0	0	0	0	0	0	0	0	0	47	0	0	0	0	0	42	0	0	0	0	0	0	0	0	0	0	0	0	0	0	42	0	0
24	0	0	0	0	91	0	33	0	0	0	79	50	50	75	50	71	0	0	0	0	75	67	94	0	0	24	86	0	0	91	50	21	52	91	0	97	0	0	0	0	0	50	0	0	54	75	21	0	0
16	67	0	91	0	61	0	22	74	0	67	53	33	33	50	33	48	0	0	67	80	50	44	62	95	0	16	56	0	67	61	33	14	34	61	0	65	71	67	0	83	0	33	67	0	36	50	14	91	67
44	0	0	0	0	0	0	62	0	0	0	0	93	93	0	93	0	0	0	0	0	0	0	0	0	0	44	0	0	0	0	93	39	97	0	0	0	0	0	0	0	0	93	0	0	0	0	39	0	0
31	0	0	0	0	0	0	44	0	0	0	0	67	67	0	67	95	0	0	0	0	0	89	0	0	0	31	0	0	0	0	67	28	69	0	0	0	0	0	0	0	0	67	0	0	71	0	28	0	0
0	0	0	0	0	0	0	0	0	0	0	0	0	0	0	0	0	0	0	0	0	0	0	0	0	0	0	0	0	0	0	0	0	0	0	0	0	0	0	0	0	0	0	0	0	0	0	0	0	0
17	73	0	0	0	67	0	24	81	0	73	57	37	37	55	37	52	0	0	73	88	55	49	69	0	0	17	63	0	73	67	37	15	38	67	0	71	79	73	0	92	0	37	73	0	39	55	15	0	73
24	0	0	0	0	91	0	33	0	0	0	79	50	50	75	50	71	0	0	0	0	75	67	94	0	0	24	86	0	0	91	50	21	52	91	0	97	0	0	0	0	0	50	0	0	54	75	21	0	0

0	423	847	577	726	385	635	141	470	635	423	334	212	212	318	212	302	726	726	423	508	318	282	397	605	635	0	363	635	423	385	212	0	219	385	847	409	454	423	635	529	635	212	423	635	227	318	0	577	423
0	0	200	136	171	0	150	0	111	150	0	0	0	0	0	0	0	171	171	0	120	0	0	0	143	150	0	0	150	0	0	0	0	0	0	200	0	107	0	150	125	150	0	0	150	0	0	0	136	0
0	0	0	0	0	0	0	0	0	0	0	0	0	0	0	0	0	0	0	0	0	0	0	0	0	0	0	0	0	0	0	0	0	0	0	0	0	0	0	0	0	0	0	0	0	0	0	0	0	0
0	0	147	0	126	0	110	0	0	110	0	0	0	0	0	0	0	126	126	0	0	0	0	0	105	110	0	0	110	0	0	0	0	0	0	147	0	0	0	110	0	110	0	0	110	0	0	0	0	0
0	0	117	0	0	0	0	0	0	0	0	0	0	0	0	0	0	0	0	0	0	0	0	0	0	0	0	0	0	0	0	0	0	0	0	117	0	0	0	0	0	0	0	0	0	0	0	0	0	0
0	110	220	150	189	0	165	0	122	165	110	0	0	0	0	0	0	189	189	110	132	0	0	103	157	165	0	0	165	110	0	0	0	0	0	220	106	118	110	165	138	165	0	110	165	0	0	0	150	110
0	0	133	0	113	0	0	0	0	0	0	0	0	0	0	0	0	113	113	0	0	0	0	0	0	0	0	0	0	0	0	0	0	0	0	133	0	0	0	0	0	0	0	0	0	0	0	0	0	0
0	300	600	409	514	273	450	0	333	450	300	237	150	150	225	150	214	514	514	300	360	225	200	281	429	450	0	257	450	300	273	150	0	155	273	600	290	321	300	450	375	450	150	300	450	161	225	0	409	300
0	0	180	123	154	0	135	0	0	135	0	0	0	0	0	0	0	154	154	0	108	0	0	0	129	135	0	0	135	0	0	0	0	0	0	180	0	0	0	135	112	135	0	0	135	0	0	0	123	0
0	0	133	0	113	0	0	0	0	0	0	0	0	0	0	0	0	113	113	0	0	0	0	0	0	0	0	0	0	0	0	0	0	0	0	133	0	0	0	0	0	0	0	0	0	0	0	0	0	0
0	0	200	136	171	0	150	0	111	150	0	0	0	0	0	0	0	171	171	0	120	0	0	0	143	150	0	0	150	0	0	0	0	0	0	200	0	107	0	150	125	150	0	0	150	0	0	0	136	0
0	127	252	173	217	114	190	0	141	190	127	0	0	0	0	0	0	217	217	127	152	0	0	119	181	190	0	109	190	127	114	0	0	0	114	252	123	136	127	190	158	190	0	127	190	0	0	0	173	127
0	200	400	273	343	182	300	0	222	300	200	158	0	0	150	0	143	343	343	200	240	150	133	188	286	300	0	171	300	200	182	0	0	103	182	400	194	214	200	300	250	300	0	200	300	107	150	0	273	200
0	200	400	273	343	182	300	0	222	300	200	158	0	0	150	0	143	343	343	200	240	150	133	188	286	300	0	171	300	200	182	0	0	103	182	400	194	214	200	300	250	300	0	200	300	107	150	0	273	200
0	133	267	182	229	121	200	0	148	200	133	105	0	0	0	0	0	229	229	133	160	0	0	125	190	200	0	113	200	133	121	0	0	0	121	267	129	143	133	200	167	200	0	133	200	0	0	0	182	133
0	200	400	273	343	182	300	0	222	300	200	158	0	0	150	0	143	343	343	200	240	150	133	188	286	300	0	171	300	200	182	0	0	103	182	400	194	214	200	300	250	300	0	200	300	107	150	0	273	200
0	140	280	191	240	127	210	0	156	210	140	111	0	0	105	0	0	240	240	140	168	105	0	131	200	210	0	120	210	140	127	0	0	0	127	280	135	150	140	210	175	210	0	140	210	0	105	0	191	140
0	0	117	0	0	0	0	0	0	0	0	0	0	0	0	0	0	0	0	0	0	0	0	0	0	0	0	0	0	0	0	0	0	0	0	117	0	0	0	0	0	0	0	0	0	0	0	0	0	0
0	0	117	0	0	0	0	0	0	0	0	0	0	0	0	0	0	0	0	0	0	0	0	0	0	0	0	0	0	0	0	0	0	0	0	117	0	0	0	0	0	0	0	0	0	0	0	0	0	0
0	0	200	136	171	0	150	0	111	150	0	0	0	0	0	0	0	171	171	0	120	0	0	0	143	150	0	0	150	0	0	0	0	0	0	200	0	107	0	150	125	150	0	0	150	0	0	0	136	0
0	0	167	113	143	0	125	0	0	125	0	0	0	0	0	0	0	143	143	0	0	0	0	0	119	125	0	0	125	0	0	0	0	0	0	167	0	0	0	125	104	125	0	0	125	0	0	0	113	0
0	133	267	182	229	121	200	0	148	200	133	105	0	0	0	0	0	229	229	133	160	0	0	125	190	200	0	113	200	133	121	0	0	0	121	267	129	143	133	200	167	200	0	133	200	0	0	0	182	133
0	150	300	204	257	136	225	0	167	225	150	118	0	0	112	0	107	257	257	150	180	112	0	141	214	225	0	129	225	150	136	0	0	0	136	300	145	161	150	225	188	225	0	150	225	0	112	0	204	150
0	107	213	145	183	0	160	0	119	160	107	0	0	0	0	0	0	183	183	107	128	0	0	0	152	160	0	0	160	107	0	0	0	0	0	213	103	113	107	160	133	160	0	107	160	0	0	0	145	107
0	0	140	0	120	0	105	0	0	105	0	0	0	0	0	0	0	120	120	0	0	0	0	0	0	105	0	0	105	0	0	0	0	0	0	140	0	0	0	105	0	105	0	0	105	0	0	0	0	0
0	0	133	0	113	0	0	0	0	0	0	0	0	0	0	0	0	113	113	0	0	0	0	0	0	0	0	0	0	0	0	0	0	0	0	133	0	0	0	0	0	0	0	0	0	0	0	0	0	0
0	423	847	577	726	385	635	141	470	635	423	334	212	212	318	212	302	726	726	423	508	318	282	397	605	635	0	363	635	423	385	212	0	219	385	847	409	454	423	635	529	635	212	423	635	227	318	0	577	423
0	117	233	159	200	106	175	0	130	175	117	0	0	0	0	0	0	200	200	117	140	0	0	109	167	175	0	0	175	117	106	0	0	0	106	233	112	125	117	175	146	175	0	117	175	0	0	0	159	117
0	0	133	0	113	0	0	0	0	0	0	0	0	0	0	0	0	113	113	0	0	0	0	0	0	0	0	0	0	0	0	0	0	0	0	133	0	0	0	0	0	0	0	0	0	0	0	0	0	0
0	0	200	136	171	0	150	0	111	150	0	0	0	0	0	0	0	171	171	0	120	0	0	0	143	150	0	0	150	0	0	0	0	0	0	200	0	107	0	150	125	150	0	0	150	0	0	0	136	0
0	110	220	150	189	0	165	0	122	165	110	0	0	0	0	0	0	189	189	110	132	0	0	103	157	165	0	0	165	110	0	0	0	0	0	220	106	118	110	165	138	165	0	110	165	0	0	0	150	110
0	200	400	273	343	182	300	0	222	300	200	158	0	0	150	0	143	343	343	200	240	150	133	188	286	300	0	171	300	200	182	0	0	103	182	400	194	214	200	300	250	300	0	200	300	107	150	0	273	200
112	476	952	650	817	433	715	159	530	715	476	376	238	238	358	238	340	817	817	476	572	358	318	447	681	715	112	409	715	476	433	238	0	247	433	952	461	511	476	715	596	715	238	476	715	254	358	0	650	476
0	193	387	264	331	176	290	0	215	290	193	153	0	0	145	0	138	331	331	193	231	145	129	181	276	290	0	166	290	193	176	0	0	0	176	387	187	206	193	290	242	290	0	193	290	104	145	0	264	193
0	110	220	150	189	0	165	0	122	165	110	0	0	0	0	0	0	189	189	110	132	0	0	103	157	165	0	0	165	110	0	0	0	0	0	220	106	118	110	165	138	165	0	110	165	0	0	0	150	110
0	0	0	0	0	0	0	0	0	0	0	0	0	0	0	0	0	0	0	0	0	0	0	0	0	0	0	0	0	0	0	0	0	0	0	0	0	0	0	0	0	0	0	0	0	0	0	0	0	0
0	103	206	141	177	0	155	0	114	155	103	0	0	0	0	0	0	177	177	103	124	0	0	0	148	155	0	0	155	103	0	0	0	0	0	206	0	111	103	155	129	155	0	103	155	0	0	0	141	103
0	0	187	127	160	0	140	0	104	140	0	0	0	0	0	0	0	160	160	0	112	0	0	0	133	140	0	0	140	0	0	0	0	0	0	187	0	0	0	140	117	140	0	0	140	0	0	0	127	0
0	0	200	136	171	0	150	0	111	150	0	0	0	0	0	0	0	171	171	0	120	0	0	0	143	150	0	0	150	0	0	0	0	0	0	200	0	107	0	150	125	150	0	0	150	0	0	0	136	0
0	0	133	0	113	0	0	0	0	0	0	0	0	0	0	0	0	113	113	0	0	0	0	0	0	0	0	0	0	0	0	0	0	0	0	133	0	0	0	0	0	0	0	0	0	0	0	0	0	0
0	0	160	109	137	0	120	0	0	120	0	0	0	0	0	0	0	137	137	0	0	0	0	0	113	120	0	0	120	0	0	0	0	0	0	160	0	0	0	120	0	120	0	0	120	0	0	0	109	0
0	0	133	0	113	0	0	0	0	0	0	0	0	0	0	0	0	113	113	0	0	0	0	0	0	0	0	0	0	0	0	0	0	0	0	133	0	0	0	0	0	0	0	0	0	0	0	0	0	0
0	200	400	273	343	182	300	0	222	300	200	158	0	0	150	0	143	343	343	200	240	150	133	188	286	300	0	171	300	200	182	0	0	103	182	400	194	214	200	300	250	300	0	200	300	107	150	0	273	200
0	0	200	136	171	0	150	0	111	150	0	0	0	0	0	0	0	171	171	0	120	0	0	0	143	150	0	0	150	0	0	0	0	0	0	200	0	107	0	150	125	150	0	0	150	0	0	0	136	0
0	0	133	0	113	0	0	0	0	0	0	0	0	0	0	0	0	113	113	0	0	0	0	0	0	0	0	0	0	0	0	0	0	0	0	133	0	0	0	0	0	0	0	0	0	0	0	0	0	0
0	187	373	254	320	170	280	0	206	280	187	147	0	0	140	0	133	320	320	187	224	140	124	175	267	280	0	160	280	187	170	0	0	0	170	373	181	200	187	280	233	280	0	187	280	0	140	0	254	187
0	133	267	182	229	121	200	0	148	200	133	105	0	0	0	0	0	229	229	133	160	0	0	125	190	200	0	113	200	133	121	0	0	0	121	267	129	143	133	200	167	200	0	133	200	0	0	0	182	133
112	476	952	650	817	433	715	159	530	715	476	376	238	238	358	238	340	817	817	476	572	358	318	447	681	715	112	409	715	476	433	238	0	247	433	952	461	511	476	715	596	715	238	476	715	254	358	0	650	476
0	0	147	0	126	0	110	0	0	110	0	0	0	0	0	0	0	126	126	0	0	0	0	0	105	110	0	0	110	0	0	0	0	0	0	147	0	0	0	110	0	110	0	0	110	0	0	0	0	0
0	0	200	136	171	0	150	0	111	150	0	0	0	0	0	0	0	171	171	0	120	0	0	0	143	150	0	0	150	0	0	0	0	0	0	200	0	107	0	150	125	150	0	0	150	0	0	0	136	0