1884 1861 1789 1909 1826 1814 1830 1855 1913 1842 1853 1878 1842 1852 1881 1904 1835 1873 1844 1852 1872 1849 1892 1874 1867 1868 1845 1867 1883 1883 1864 1838 1867 1838 1838 1884 1827 1846 1884 1879 1879 1860 1892 1883 1896 1883 1896 1880 1897 1861

2

982 1027 1167 934 1094 1116 1086 1038 924 1063 1042 994 1064 1043 987 944 1077 1002 1059 1044 1004 1050 967 1002 1015 1012 1058 1014 984 983 1021 1071 1014 1070 1071 981 1092 1056 982 991 992 1028 966 984 958 984 958 990 957 1026

10.992518907843397 5.9968778345643345 42.99865453510275 39.99224518793953

22891.0

0	26	22	24	21	26	28	20	24	21	26	25	26	27	19	21	28	22	24	26	23	28	28	22	28	27	22	26	21	23	27	22	23	0	23	22	26	23	20	26	25	25	26	22	22	21	22	27	22	24
0	0	26	28	25	0	0	24	28	25	0	28	0	0	22	25	0	26	28	0	28	0	0	26	0	0	26	0	25	27	0	26	27	0	27	26	0	27	24	0	30	30	0	26	26	25	26	0	26	28
0	0	0	0	30	0	0	28	0	28	0	0	0	0	26	28	0	0	0	0	0	0	0	0	0	0	0	0	30	0	0	0	0	0	0	0	0	0	28	0	0	0	0	0	0	30	0	0	0	0
0	0	27	0	27	0	0	25	28	26	0	0	0	0	23	26	0	27	28	0	28	0	0	27	0	0	27	0	27	28	0	27	28	0	28	27	0	28	25	0	0	0	0	28	27	27	27	0	28	28
0	0	0	0	0	0	0	28	0	28	0	0	0	0	27	28	0	0	0	0	0	0	0	0	0	0	0	0	30	0	0	0	0	0	0	0	0	0	28	0	0	0	0	0	0	0	0	0	0	0
0	30	25	28	25	0	0	23	28	24	0	28	30	0	22	24	0	26	27	0	27	0	0	26	0	0	25	30	25	27	0	25	26	0	27	25	0	26	24	30	28	28	30	26	26	25	26	0	26	28
0	27	23	26	23	28	0	22	26	22	28	26	28	28	20	22	0	24	25	28	25	0	0	24	30	28	23	27	23	25	28	24	24	0	25	24	28	24	22	28	27	27	27	24	24	23	24	28	24	25
0	0	0	0	0	0	0	0	0	0	0	0	0	0	28	0	0	0	0	0	0	0	0	0	0	0	0	0	0	0	0	0	0	0	0	0	0	0	0	0	0	0	0	0	0	0	0	0	0	0
0	0	27	0	27	0	0	26	0	27	0	0	0	0	24	27	0	28	30	0	30	0	0	28	0	0	28	0	27	28	0	28	28	0	28	28	0	28	26	0	0	0	0	28	28	27	28	0	28	30
0	0	0	0	0	0	0	28	0	0	0	0	0	0	27	0	0	0	0	0	0	0	0	0	0	0	0	0	0	0	0	0	0	0	0	0	0	0	30	0	0	0	0	0	0	0	0	0	0	0
0	28	25	28	25	30	0	23	27	24	0	28	30	0	22	24	0	25	27	0	27	0	0	25	0	0	25	30	25	27	0	25	26	0	27	25	0	26	24	30	28	28	28	26	25	25	25	0	26	27
0	0	26	30	26	0	0	25	28	26	0	0	0	0	23	26	0	27	28	0	28	0	0	27	0	0	27	0	26	28	0	27	28	0	28	27	0	28	25	0	0	0	0	27	27	26	27	0	27	28
0	30	25	28	25	0	0	24	28	24	0	28	0	0	22	24	0	26	28	0	27	0	0	26	0	0	26	30	25	27	0	26	27	0	27	26	0	27	24	30	28	28	30	26	26	25	26	0	26	28
0	28	24	27	24	28	0	23	27	24	28	28	28	0	21	24	0	25	27	28	26	0	0	25	0	0	25	28	24	26	0	25	26	0	26	25	30	26	23	28	28	28	28	25	25	24	25	0	25	27
0	0	0	0	0	0	0	0	0	0	0	0	0	0	0	0	0	0	0	0	0	0	0	0	0	0	0	0	0	0	0	0	0	0	0	0	0	0	0	0	0	0	0	0	0	0	0	0	0	0
0	0	0	0	0	0	0	28	0	0	0	0	0	0	27	0	0	0	0	0	0	0	0	0	0	0	0	0	0	0	0	0	0	0	0	0	0	0	30	0	0	0	0	0	0	0	0	0	0	0
0	27	23	26	23	28	30	21	25	22	28	26	27	28	20	22	0	23	25	28	25	30	0	23	28	28	23	27	23	24	28	23	24	0	24	23	28	24	22	27	27	27	27	23	23	23	23	28	24	25
0	0	30	0	28	0	0	28	0	28	0	0	0	0	26	28	0	0	0	0	0	0	0	30	0	0	30	0	28	0	0	30	0	0	0	30	0	0	28	0	0	0	0	0	30	28	30	0	0	0
0	0	28	0	27	0	0	26	0	27	0	0	0	0	24	27	0	28	0	0	30	0	0	28	0	0	28	0	27	28	0	28	28	0	28	28	0	28	26	0	0	0	0	28	28	28	28	0	28	0
0	28	25	28	25	30	0	23	27	24	0	28	30	0	22	24	0	25	27	0	27	0	0	25	0	0	25	30	25	27	0	25	26	0	27	25	0	26	24	30	28	28	28	26	25	25	25	0	26	27
0	0	28	0	28	0	0	26	0	27	0	0	0	0	25	27	0	28	0	0	0	0	0	28	0	0	28	0	28	30	0	28	28	0	30	28	0	28	27	0	0	0	0	28	28	28	28	0	28	0
0	27	23	26	23	28	0	22	26	22	28	26	28	28	20	22	0	24	25	28	25	0	0	24	30	28	23	27	23	25	28	24	24	0	25	24	28	24	22	28	27	27	27	24	24	23	24	28	24	25
0	27	23	26	23	27	30	21	25	22	27	26	27	28	20	22	30	23	25	27	25	30	0	23	28	28	23	27	22	24	28	23	24	0	24	23	28	24	21	27	26	26	27	23	23	23	23	28	23	25
0	0	30	0	28	0	0	28	0	28	0	0	0	0	26	28	0	0	0	0	0	0	0	0	0	0	30	0	28	0	0	30	0	0	0	30	0	0	28	0	0	0	0	0	0	28	0	0	0	0
0	28	24	27	24	28	0	22	26	23	28	27	28	28	21	23	0	24	26	28	26	0	0	24	0	30	24	28	23	25	28	24	25	0	25	24	28	25	22	28	28	28	28	24	24	24	24	30	24	26
0	28	24	27	24	28	0	22	26	23	28	27	28	28	21	23	0	24	26	28	26	0	0	24	0	0	24	28	24	25	28	24	25	0	25	24	28	25	23	28	28	28	28	24	24	24	24	0	25	26
0	0	30	0	30	0	0	28	0	28	0	0	0	0	26	28	0	0	0	0	0	0	0	0	0	0	0	0	30	0	0	0	0	0	0	0	0	0	28	0	0	0	0	0	0	30	0	0	0	0
0	30	25	28	25	0	0	24	28	25	0	28	0	0	22	25	0	26	28	0	27	0	0	26	0	0	26	0	25	27	0	26	27	0	27	26	0	27	24	0	30	30	30	26	26	25	26	0	26	28
0	0	0	0	0	0	0	28	0	28	0	0	0	0	27	28	0	0	0	0	0	0	0	0	0	0	0	0	0	0	0	0	0	0	0	0	0	0	28	0	0	0	0	0	0	0	0	0	0	0
0	0	28	0	28	0	0	27	0	27	0	0	0	0	25	27	0	28	0	0	0	0	0	28	0	0	28	0	28	0	0	28	30	0	0	28	0	30	27	0	0	0	0	28	28	28	28	0	28	0
0	28	24	27	24	28	0	23	27	24	28	28	28	0	21	24	0	25	27	28	26	0	0	25	0	0	25	28	24	26	0	25	26	0	26	25	30	26	23	28	28	28	28	25	25	24	25	0	25	27
0	0	30	0	30	0	0	28	0	28	0	0	0	0	26	28	0	0	0	0	0	0	0	0	0	0	30	0	28	0	0	0	0	0	0	0	0	0	28	0	0	0	0	0	0	30	0	0	0	0
0	0	28	0	28	0	0	27	0	28	0	0	0	0	25	28	0	28	0	0	0	0	0	28	0	0	28	0	28	0	0	28	0	0	0	28	0	30	27	0	0	0	0	28	28	28	28	0	30	0
27	23	19	22	19	23	25	18	21	18	23	22	23	24	17	18	25	20	21	23	21	25	26	19	25	24	19	23	19	20	24	19	20	0	20	19	24	20	18	23	22	22	23	20	19	19	19	24	20	21
0	0	28	0	28	0	0	26	0	27	0	0	0	0	25	27	0	28	0	0	0	0	0	28	0	0	28	0	28	30	0	28	30	0	0	28	0	30	27	0	0	0	0	28	28	28	28	0	28	0
0	0	30	0	30	0	0	28	0	28	0	0	0	0	26	28	0	0	0	0	0	0	0	0	0	0	30	0	28	0	0	0	0	0	0	0	0	0	28	0	0	0	0	0	0	30	0	0	0	0
0	28	25	28	25	30	0	23	27	24	30	28	28	0	22	24	0	25	27	30	27	0	0	25	0	0	25	28	25	26	0	25	26	0	26	25	0	26	23	28	28	28	28	25	25	25	25	0	25	27
0	0	28	0	28	0	0	27	0	28	0	0	0	0	25	28	0	28	0	0	0	0	0	28	0	0	28	0	28	0	0	28	0	0	0	28	0	0	27	0	0	0	0	28	28	28	28	0	30	0
0	0	0	0	0	0	0	30	0	0	0	0	0	0	28	0	0	0	0	0	0	0	0	0	0	0	0	0	0	0	0	0	0	0	0	0	0	0	0	0	0	0	0	0	0	0	0	0	0	0
0	30	25	28	25	0	0	24	28	24	0	28	0	0	22	24	0	26	28	0	27	0	0	26	0	0	26	30	25	27	0	26	27	0	27	26	0	27	24	0	28	28	30	26	26	25	26	0	26	28
0	0	26	28	26	0	0	24	28	25	0	30	0	0	23	25	0	26	28	0	28	0	0	26	0	0	26	0	26	28	0	26	27	0	28	26	0	27	25	0	0	0	0	27	26	26	26	0	27	28
0	0	26	28	26	0	0	24	28	25	0	30	0	0	23	25	0	26	28	0	28	0	0	26	0	0	26	0	26	27	0	26	27	0	28	26	0	27	25	0	30	0	0	27	26	26	26	0	27	28
0	0	26	28	25	0	0	24	28	25	0	28	0	0	22	25	0	26	28	0	28	0	0	26	0	0	26	0	25	27	0	26	27	0	27	26	0	27	24	0	30	30	0	26	26	25	26	0	26	28
0	0	28	0	28	0	0	27	0	28	0	0	0	0	26	28	0	30	0	0	0	0	0	30	0	0	30	0	28	0	0	30	0	0	0	30	0	0	28	0	0	0	0	0	30	28	30	0	0	0
0	0	30	0	28	0	0	28	0	28	0	0	0	0	26	28	0	0	0	0	0	0	0	30	0	0	30	0	28	0	0	30	0	0	0	30	0	0	28	0	0	0	0	0	0	28	0	0	0	0
0	0	0	0	30	0	0	28	0	28	0	0	0	0	27	28	0	0	0	0	0	0	0	0	0	0	0	0	30	0	0	0	0	0	0	0	0	0	28	0	0	0	0	0	0	0	0	0	0	0
0	0	30	0	28	0	0	28	0	28	0	0	0	0	26	28	0	0	0	0	0	0	0	30	0	0	30	0	28	0	0	30	0	0	0	30	0	0	28	0	0	0	0	0	0	28	0	0	0	0
0	28	24	27	24	28	0	22	26	23	28	27	28	28	21	23	0	24	26	28	26	0	0	24	0	0	24	28	24	25	28	24	25	0	25	24	28	25	23	28	28	28	28	24	24	24	24	0	25	26
0	0	28	0	28	0	0	27	0	28	0	0	0	0	26	28	0	30	0	0	0	0	0	30	0	0	30	0	28	0	0	30	0	0	0	30	0	0	28	0	0	0	0	30	30	28	30	0	0	0
0	0	28	0	27	0	0	26	0	27	0	0	0	0	24	27	0	28	30	0	30	0	0	28	0	0	28	0	27	28	0	28	28	0	28	28	0	28	26	0	0	0	0	28	28	27	28	0	28	0

0	0	0	0	0	0	0	0	0	0	0	0	0	0	0	0	0	0	0	0	0	0	0	0	0	0	0	0	0	0	0	0	0	33	0	0	0	0	0	0	0	0	0	0	0	0	0	0	0	0
35	0	0	0	0	31	33	0	0	0	31	0	30	31	0	0	33	0	0	31	0	33	34	0	32	32	0	30	0	0	31	0	0	39	0	0	31	0	0	30	0	0	0	0	0	0	0	32	0	0
41	35	0	34	0	36	38	0	33	0	36	34	35	37	0	0	39	31	33	36	32	38	39	31	38	37	30	35	0	32	37	31	32	45	32	31	36	32	0	35	35	35	35	31	31	0	31	37	31	33
37	32	0	0	0	32	35	0	0	0	32	31	32	33	0	0	35	0	0	32	0	35	35	0	34	34	0	32	0	0	33	0	0	41	0	0	33	0	0	32	31	31	32	0	0	0	0	34	0	0
41	35	30	34	0	36	39	0	33	0	36	34	36	37	0	0	39	31	33	36	33	39	39	31	38	38	31	35	0	32	37	31	32	45	32	31	36	32	0	36	35	35	35	31	31	30	31	38	31	33
35	0	0	0	0	0	32	0	0	0	30	0	0	31	0	0	33	0	0	30	0	32	33	0	32	32	0	0	0	0	31	0	0	38	0	0	31	0	0	0	0	0	0	0	0	0	0	32	0	0
32	0	0	0	0	0	0	0	0	0	0	0	0	0	0	0	31	0	0	0	0	0	31	0	0	0	0	0	0	0	0	0	0	36	0	0	0	0	0	0	0	0	0	0	0	0	0	0	0	0
43	37	32	36	32	38	41	0	35	31	38	36	38	39	0	31	41	33	35	38	35	41	42	33	40	40	32	38	32	34	39	33	34	48	34	33	39	34	31	38	37	37	37	33	33	32	33	40	33	35
38	32	0	31	0	33	35	0	0	0	33	31	33	34	0	0	36	0	0	33	0	35	36	0	35	34	0	32	0	0	34	0	0	41	0	0	33	0	0	32	32	32	32	0	0	0	0	34	0	0
42	36	31	35	31	37	40	0	34	0	37	35	37	38	0	0	40	32	34	37	33	40	40	32	39	39	31	36	31	33	38	32	33	46	33	32	37	33	0	37	36	36	36	32	32	31	32	39	32	34
34	0	0	0	0	0	32	0	0	0	0	0	0	31	0	0	33	0	0	0	0	32	33	0	32	31	0	0	0	0	31	0	0	38	0	0	30	0	0	0	0	0	0	0	0	0	0	31	0	0
36	31	0	0	0	32	34	0	0	0	32	0	31	32	0	0	34	0	0	32	0	34	35	0	33	33	0	31	0	0	32	0	0	40	0	0	32	0	0	31	31	31	31	0	0	0	0	33	0	0
35	0	0	0	0	30	33	0	0	0	30	0	0	31	0	0	33	0	0	30	0	33	33	0	32	32	0	0	0	0	31	0	0	39	0	0	31	0	0	0	0	0	0	0	0	0	0	32	0	0
34	0	0	0	0	0	32	0	0	0	0	0	0	0	0	0	32	0	0	0	0	32	32	0	31	31	0	0	0	0	0	0	0	37	0	0	0	0	0	0	0	0	0	0	0	0	0	31	0	0
46	40	34	38	34	40	43	32	37	33	40	38	40	41	0	33	44	35	37	40	37	43	44	35	42	42	34	40	34	36	41	35	36	50	36	35	41	36	32	40	39	39	40	35	35	34	35	42	35	37
42	36	31	35	31	37	40	0	34	0	37	35	37	38	0	0	40	32	34	37	33	40	40	32	39	39	31	36	31	33	38	32	33	46	33	32	37	33	0	37	36	36	36	32	32	31	32	39	32	34
32	0	0	0	0	0	0	0	0	0	0	0	0	0	0	0	0	0	0	0	0	0	30	0	0	0	0	0	0	0	0	0	0	35	0	0	0	0	0	0	0	0	0	0	0	0	0	0	0	0
40	35	0	33	0	35	38	0	32	0	35	33	35	36	0	0	38	0	32	35	32	38	38	0	37	37	0	35	0	31	36	0	31	44	31	0	36	31	0	35	34	34	35	30	0	0	0	37	30	32
38	32	0	31	0	33	35	0	30	0	33	31	33	34	0	0	36	0	0	33	0	35	36	0	35	35	0	33	0	0	34	0	0	42	0	0	33	0	0	33	32	32	32	0	0	0	0	35	0	30
34	0	0	0	0	0	32	0	0	0	0	0	0	31	0	0	33	0	0	0	0	32	33	0	32	31	0	0	0	0	31	0	0	38	0	0	30	0	0	0	0	0	0	0	0	0	0	31	0	0
38	33	0	31	0	33	36	0	31	0	34	32	33	34	0	0	36	0	30	34	0	36	37	0	35	35	0	33	0	0	34	0	0	42	0	0	34	0	0	33	32	32	33	0	0	0	0	35	0	31
32	0	0	0	0	0	0	0	0	0	0	0	0	0	0	0	31	0	0	0	0	0	31	0	0	0	0	0	0	0	0	0	0	36	0	0	0	0	0	0	0	0	0	0	0	0	0	0	0	0
32	0	0	0	0	0	0	0	0	0	0	0	0	0	0	0	0	0	0	0	0	0	0	0	0	0	0	0	0	0	0	0	0	35	0	0	0	0	0	0	0	0	0	0	0	0	0	0	0	0
40	35	0	33	0	35	38	0	32	0	35	34	35	36	0	0	38	30	32	35	32	38	38	0	37	37	0	35	0	31	36	0	31	44	32	0	36	31	0	35	34	34	35	30	30	0	30	37	30	32
33	0	0	0	0	0	31	0	0	0	0	0	0	0	0	0	31	0	0	0	0	31	31	0	0	0	0	0	0	0	0	0	0	36	0	0	0	0	0	0	0	0	0	0	0	0	0	0	0	0
33	0	0	0	0	0	31	0	0	0	0	0	0	0	0	0	31	0	0	0	0	31	32	0	30	0	0	0	0	0	0	0	0	37	0	0	0	0	0	0	0	0	0	0	0	0	0	0	0	0
40	35	0	33	0	35	38	0	33	0	36	34	35	36	0	0	39	30	32	36	32	38	39	30	37	37	0	35	0	32	36	30	31	45	32	30	36	31	0	35	34	34	35	31	30	0	30	37	31	33
35	0	0	0	0	31	33	0	0	0	31	0	30	31	0	0	33	0	0	31	0	33	34	0	32	32	0	0	0	0	31	0	0	39	0	0	31	0	0	30	0	0	0	0	0	0	0	32	0	0
41	35	30	34	30	36	39	0	33	0	36	34	36	37	0	0	39	31	33	36	33	39	39	31	38	38	31	36	0	32	37	31	32	45	32	31	37	32	0	36	35	35	35	31	31	30	31	38	31	33
39	33	0	32	0	34	36	0	31	0	34	32	34	35	0	0	37	0	31	34	31	36	37	0	36	35	0	33	0	0	35	0	0	43	30	0	34	0	0	34	33	33	33	0	0	0	0	35	0	31
34	0	0	0	0	0	32	0	0	0	0	0	0	0	0	0	32	0	0	0	0	32	32	0	31	31	0	0	0	0	0	0	0	37	0	0	0	0	0	0	0	0	0	0	0	0	0	31	0	0
40	35	0	33	0	35	38	0	32	0	35	34	35	36	0	0	38	30	32	35	32	38	39	30	37	37	0	35	0	31	36	0	31	44	32	0	36	31	0	35	34	34	35	30	30	0	30	37	31	32
39	34	0	32	0	34	37	0	31	0	34	33	34	35	0	0	37	0	31	34	31	37	37	0	36	36	0	34	0	30	35	0	0	43	31	0	35	0	0	34	33	33	34	0	0	0	0	36	0	31
0	0	0	0	0	0	0	0	0	0	0	0	0	0	0	0	0	0	0	0	0	0	0	0	0	0	0	0	0	0	0	0	0	0	0	0	0	0	0	0	0	0	0	0	0	0	0	0	0	0
39	33	0	32	0	34	36	0	31	0	34	32	33	35	0	0	37	0	31	34	30	36	37	0	36	35	0	33	0	0	35	0	0	42	0	0	34	0	0	33	33	33	33	0	0	0	0	35	0	31
40	35	0	33	0	35	38	0	32	0	35	34	35	36	0	0	38	30	32	35	32	38	39	30	37	37	0	35	0	31	36	0	31	44	32	0	36	31	0	35	34	34	35	30	30	0	30	37	31	32
34	0	0	0	0	0	32	0	0	0	0	0	0	31	0	0	32	0	0	0	0	32	33	0	31	31	0	0	0	0	31	0	0	38	0	0	0	0	0	0	0	0	0	0	0	0	0	31	0	0
39	34	0	32	0	34	37	0	32	0	34	33	34	35	0	0	37	0	31	34	31	37	37	0	36	36	0	34	0	30	35	0	30	43	31	0	35	0	0	34	33	33	34	0	0	0	0	36	0	31
43	37	32	35	32	38	40	0	35	31	38	36	37	38	0	31	41	32	34	38	34	40	41	32	40	39	32	37	31	34	38	32	33	47	34	32	38	33	0	37	36	36	37	32	32	32	32	39	33	35
35	0	0	0	0	30	33	0	0	0	31	0	30	31	0	0	33	0	0	31	0	33	33	0	32	32	0	0	0	0	31	0	0	39	0	0	31	0	0	0	0	0	0	0	0	0	0	32	0	0
36	31	0	0	0	31	33	0	0	0	31	0	31	32	0	0	34	0	0	31	0	33	34	0	33	33	0	31	0	0	32	0	0	39	0	0	31	0	0	31	0	30	31	0	0	0	0	33	0	0
36	31	0	0	0	31	33	0	0	0	31	0	31	32	0	0	34	0	0	31	0	33	34	0	33	33	0	31	0	0	32	0	0	39	0	0	31	0	0	31	0	0	31	0	0	0	0	33	0	0
35	0	0	0	0	31	33	0	0	0	31	0	30	31	0	0	33	0	0	31	0	33	34	0	32	32	0	30	0	0	31	0	0	39	0	0	31	0	0	30	0	0	0	0	0	0	0	32	0	0
40	34	0	33	0	35	37	0	32	0	35	33	35	36	0	0	38	0	32	35	32	37	38	0	37	37	0	34	0	31	36	0	31	44	31	0	35	31	0	35	34	34	34	0	0	0	0	37	30	32
40	35	0	33	0	35	38	0	32	0	35	33	35	36	0	0	38	30	32	35	32	38	38	0	37	37	0	35	0	31	36	0	31	44	31	0	36	31	0	35	34	34	35	30	0	0	0	37	30	32
41	35	30	34	0	36	39	0	33	0	36	34	36	37	0	0	39	31	33	36	32	39	39	31	38	38	31	35	0	32	37	31	32	45	32	31	36	32	0	36	35	35	35	31	31	0	31	38	31	33
40	35	0	33	0	35	38	0	32	0	35	33	35	36	0	0	38	30	32	35	32	38	38	0	37	37	0	35	0	31	36	0	31	44	31	0	36	31	0	35	34	34	35	30	0	0	0	37	30	32
33	0	0	0	0	0	31	0	0	0	0	0	0	0	0	0	31	0	0	0	0	31	32	0	30	0	0	0	0	0	0	0	0	37	0	0	0	0	0	0	0	0	0	0	0	0	0	0	0	0
40	34	0	33	0	35	37	0	32	0	35	33	35	36	0	0	38	0	32	35	31	37	38	0	37	36	0	34	0	31	36	0	31	44	31	0	35	31	0	35	34	34	34	0	0	0	0	36	0	32
38	32	0	31	0	33	35	0	30	0	33	31	33	34	0	0	36	0	0	33	0	35	36	0	35	34	0	32	0	0	34	0	0	42	0	0	33	0	0	33	32	32	32	0	0	0	0	34	0	0

0	80	47	16	53	56	44	83	13	50	61	67	33	71	67	16	44	80	56	69	22	65	0	80	83	91	53	80	67	67	20	44	17	25	33	67	43	50	67	67	67	20	0	87	0	87	0	67	0	61
0	0	57	20	66	71	56	0	17	62	76	83	42	89	83	20	56	0	69	86	28	81	0	0	0	0	66	0	83	83	25	56	22	32	42	83	53	62	83	83	83	25	0	0	0	0	0	83	0	76
0	0	0	34	0	0	96	0	28	0	0	0	72	0	0	34	96	0	0	0	48	0	0	0	0	0	0	0	0	0	43	96	37	55	72	0	91	0	0	0	0	43	0	0	0	0	0	0	0	0
0	0	0	0	0	0	0	0	85	0	0	0	0	0	0	0	0	0	0	0	0	0	0	0	0	0	0	0	0	0	0	0	0	0	0	0	0	0	0	0	0	0	0	0	0	0	0	0	0	0
0	0	88	30	0	0	84	0	25	95	0	0	63	0	0	30	84	0	0	0	42	0	0	0	0	0	0	0	0	0	38	84	33	48	63	0	81	95	0	0	0	38	0	0	0	0	0	0	0	0
0	0	81	28	92	0	78	0	23	88	0	0	57	0	0	28	78	0	97	0	39	0	0	0	0	0	92	0	0	0	35	78	30	45	57	0	74	88	0	0	0	35	0	0	0	0	0	0	0	0
0	0	0	35	0	0	0	0	30	0	0	0	75	0	0	35	0	0	0	0	50	0	0	0	0	0	0	0	0	0	45	0	39	56	75	0	96	0	0	0	0	45	0	0	0	0	0	0	0	0
0	96	56	19	63	69	53	0	16	60	73	80	40	86	80	19	53	96	67	83	27	77	0	96	0	0	63	96	80	80	24	53	21	31	40	80	51	60	80	80	80	24	0	0	0	0	0	80	0	73
0	0	0	0	0	0	0	0	0	0	0	0	0	0	0	0	0	0	0	0	0	0	0	0	0	0	0	0	0	0	0	0	0	0	0	0	0	0	0	0	0	0	0	0	0	0	0	0	0	0
0	0	93	31	0	0	89	0	27	0	0	0	67	0	0	31	89	0	0	0	44	0	0	0	0	0	0	0	0	0	40	89	34	51	67	0	85	0	0	0	0	40	0	0	0	0	0	0	0	0
0	0	77	26	87	94	73	0	22	82	0	0	55	0	0	26	73	0	92	0	37	0	0	0	0	0	87	0	0	0	33	73	28	42	55	0	70	82	0	0	0	33	0	0	0	0	0	0	0	0
0	0	70	24	79	86	67	0	20	75	91	0	50	0	0	24	67	0	83	0	33	97	0	0	0	0	79	0	0	0	30	67	26	38	50	0	64	75	0	0	0	30	0	0	0	0	0	0	0	91
0	0	0	47	0	0	0	0	40	0	0	0	0	0	0	47	0	0	0	0	67	0	0	0	0	0	0	0	0	0	60	0	52	76	0	0	0	0	0	0	0	60	0	0	0	0	0	0	0	0
0	0	65	22	74	80	62	0	19	70	85	93	47	0	93	22	62	0	78	97	31	90	0	0	0	0	74	0	93	93	28	62	24	36	47	93	60	70	93	93	93	28	0	0	0	0	0	93	0	85
0	0	70	24	79	86	67	0	20	75	91	0	50	0	0	24	67	0	83	0	33	97	0	0	0	0	79	0	0	0	30	67	26	38	50	0	64	75	0	0	0	30	0	0	0	0	0	0	0	91
0	0	0	0	0	0	0	0	85	0	0	0	0	0	0	0	0	0	0	0	0	0	0	0	0	0	0	0	0	0	0	0	0	0	0	0	0	0	0	0	0	0	0	0	0	0	0	0	0	0
0	0	0	35	0	0	0	0	30	0	0	0	75	0	0	35	0	0	0	0	50	0	0	0	0	0	0	0	0	0	45	0	39	56	75	0	96	0	0	0	0	45	0	0	0	0	0	0	0	0
0	0	57	20	66	71	56	0	17	62	76	83	42	89	83	20	56	0	69	86	28	81	0	0	0	0	66	0	83	83	25	56	22	32	42	83	53	62	83	83	83	25	0	0	0	0	0	83	0	76
0	0	84	28	95	0	80	0	24	90	0	0	60	0	0	28	80	0	0	0	40	0	0	0	0	0	95	0	0	0	36	80	31	46	60	0	77	90	0	0	0	36	0	0	0	0	0	0	0	0
0	0	67	23	76	83	64	0	19	72	88	97	48	0	97	23	64	0	81	0	32	94	0	0	0	0	76	0	97	97	28	64	25	37	48	97	62	72	97	97	97	28	0	0	0	0	0	97	0	88
0	0	0	71	0	0	0	0	60	0	0	0	0	0	0	71	0	0	0	0	0	0	0	0	0	0	0	0	0	0	90	0	78	0	0	0	0	0	0	0	0	90	0	0	0	0	0	0	0	0
0	0	72	24	82	89	69	0	21	78	94	0	52	0	0	24	69	0	86	0	34	0	0	0	0	0	82	0	0	0	31	69	27	39	52	0	66	78	0	0	0	31	0	0	0	0	0	0	0	94
0	80	47	16	53	56	44	83	13	50	61	67	33	71	67	16	44	80	56	69	22	65	0	80	83	91	53	80	67	67	20	44	17	25	33	67	43	50	67	67	67	20	0	87	0	87	0	67	0	61
0	0	57	20	66	71	56	0	17	62	76	83	42	89	83	20	56	0	69	86	28	81	0	0	0	0	66	0	83	83	25	56	22	32	42	83	53	62	83	83	83	25	0	0	0	0	0	83	0	76
0	96	56	19	63	69	53	0	16	60	73	80	40	86	80	19	53	96	67	83	27	77	0	96	0	0	63	96	80	80	24	53	21	31	40	80	51	60	80	80	80	24	0	0	0	0	0	80	0	73
0	88	51	17	57	63	49	92	15	55	67	73	37	79	73	17	49	88	61	76	24	71	0	88	92	0	57	88	73	73	22	49	19	28	37	73	47	55	73	73	73	22	0	96	0	96	0	73	0	67
0	0	88	30	0	0	84	0	25	95	0	0	63	0	0	30	84	0	0	0	42	0	0	0	0	0	0	0	0	0	38	84	33	48	63	0	81	95	0	0	0	38	0	0	0	0	0	0	0	0
0	0	57	20	66	71	56	0	17	62	76	83	42	89	83	20	56	0	69	86	28	81	0	0	0	0	66	0	83	83	25	56	22	32	42	83	53	62	83	83	83	25	0	0	0	0	0	83	0	76
0	0	70	24	79	86	67	0	20	75	91	0	50	0	0	24	67	0	83	0	33	97	0	0	0	0	79	0	0	0	30	67	26	38	50	0	64	75	0	0	0	30	0	0	0	0	0	0	0	91
0	0	70	24	79	86	67	0	20	75	91	0	50	0	0	24	67	0	83	0	33	97	0	0	0	0	79	0	0	0	30	67	26	38	50	0	64	75	0	0	0	30	0	0	0	0	0	0	0	91
0	0	0	79	0	0	0	0	67	0	0	0	0	0	0	79	0	0	0	0	0	0	0	0	0	0	0	0	0	0	0	0	86	0	0	0	0	0	0	0	0	0	0	0	0	0	0	0	0	0
0	0	0	35	0	0	0	0	30	0	0	0	75	0	0	35	0	0	0	0	50	0	0	0	0	0	0	0	0	0	45	0	39	56	75	0	96	0	0	0	0	45	0	0	0	0	0	0	0	0
0	0	0	91	0	0	0	0	77	0	0	0	0	0	0	91	0	0	0	0	0	0	0	0	0	0	0	0	0	0	0	0	0	0	0	0	0	0	0	0	0	0	0	0	0	0	0	0	0	0
0	0	0	62	0	0	0	0	52	0	0	0	0	0	0	62	0	0	0	0	87	0	0	0	0	0	0	0	0	0	78	0	68	0	0	0	0	0	0	0	0	78	0	0	0	0	0	0	0	0
0	0	0	47	0	0	0	0	40	0	0	0	0	0	0	47	0	0	0	0	67	0	0	0	0	0	0	0	0	0	60	0	52	76	0	0	0	0	0	0	0	60	0	0	0	0	0	0	0	0
0	0	70	24	79	86	67	0	20	75	91	0	50	0	0	24	67	0	83	0	33	97	0	0	0	0	79	0	0	0	30	67	26	38	50	0	64	75	0	0	0	30	0	0	0	0	0	0	0	91
0	0	0	37	0	0	0	0	31	0	0	0	78	0	0	37	0	0	0	0	52	0	0	0	0	0	0	0	0	0	47	0	41	60	78	0	0	0	0	0	0	47	0	0	0	0	0	0	0	0
0	0	93	31	0	0	89	0	27	0	0	0	67	0	0	31	89	0	0	0	44	0	0	0	0	0	0	0	0	0	40	89	34	51	67	0	85	0	0	0	0	40	0	0	0	0	0	0	0	0
0	0	70	24	79	86	67	0	20	75	91	0	50	0	0	24	67	0	83	0	33	97	0	0	0	0	79	0	0	0	30	67	26	38	50	0	64	75	0	0	0	30	0	0	0	0	0	0	0	91
0	0	70	24	79	86	67	0	20	75	91	0	50	0	0	24	67	0	83	0	33	97	0	0	0	0	79	0	0	0	30	67	26	38	50	0	64	75	0	0	0	30	0	0	0	0	0	0	0	91
0	0	70	24	79	86	67	0	20	75	91	0	50	0	0	24	67	0	83	0	33	97	0	0	0	0	79	0	0	0	30	67	26	38	50	0	64	75	0	0	0	30	0	0	0	0	0	0	0	91
0	0	0	79	0	0	0	0	67	0	0	0	0	0	0	79	0	0	0	0	0	0	0	0	0	0	0	0	0	0	0	0	86	0	0	0	0	0	0	0	0	0	0	0	0	0	0	0	0	0
0	80	47	16	53	56	44	83	13	50	61	67	33	71	67	16	44	80	56	69	22	65	0	80	83	91	53	80	67	67	20	44	17	25	33	67	43	50	67	67	67	20	0	87	0	87	0	67	0	61
0	92	53	18	61	66	51	96	15	56	70	77	38	82	77	18	51	92	64	79	26	74	0	92	96	0	61	92	77	77	23	51	20	28	38	77	49	56	77	77	77	23	0	0	0	0	0	77	0	70
0	80	47	16	53	56	44	83	13	50	61	67	33	71	67	16	44	80	56	69	22	65	0	80	83	91	53	80	67	67	20	44	17	25	33	67	43	50	67	67	67	20	0	87	0	87	0	67	0	61
0	92	53	18	61	66	51	96	15	56	70	77	38	82	77	18	51	92	64	79	26	74	0	92	96	0	61	92	77	77	23	51	20	28	38	77	49	56	77	77	77	23	0	0	0	0	0	77	0	70
0	80	47	16	53	56	44	83	13	50	61	67	33	71	67	16	44	80	56	69	22	65	0	80	83	91	53	80	67	67	20	44	17	25	33	67	43	50	67	67	67	20	0	87	0	87	0	67	0	61
0	0	70	24	79	86	67	0	20	75	91	0	50	0	0	24	67	0	83	0	33	97	0	0	0	0	79	0	0	0	30	67	26	38	50	0	64	75	0	0	0	30	0	0	0	0	0	0	0	91
0	80	47	16	53	56	44	83	13	50	61	67	33	71	67	16	44	80	56	69	22	65	0	80	83	91	53	80	67	67	20	44	17	25	33	67	43	50	67	67	67	20	0	87	0	87	0	67	0	61
0	0	77	26	87	94	73	0	22	82	0	0	55	0	0	26	73	0	92	0	37	0	0	0	0	0	87	0	0	0	33	73	28	42	55	0	70	82	0	0	0	33	0	0	0	0	0	0	0	0

0	0	0	0	0	0	0	0	0	0	0	0	0	0	0	0	0	0	0	0	0	0	0	0	0	0	0	0	0	0	0	0	0	0	0	0	0	0	0	0	0	0	0	0	0	0	0	0	0	0
125	0	0	0	0	0	0	104	0	0	0	0	0	0	0	0	0	0	0	0	0	0	125	0	104	113	0	0	0	0	0	0	0	0	0	0	0	0	0	0	0	0	125	109	125	109	125	0	125	0
215	172	0	0	112	123	0	179	0	108	130	143	0	154	143	0	0	172	119	148	0	139	215	172	179	195	112	172	143	143	0	0	0	0	0	143	0	108	143	143	143	0	215	187	215	187	215	143	215	130
635	508	295	0	334	363	282	529	0	318	385	423	212	454	423	0	282	508	353	438	141	409	635	508	529	577	334	508	423	423	127	282	109	162	212	423	270	318	423	423	423	127	635	552	635	552	635	423	635	385
190	152	0	0	0	109	0	158	0	0	114	127	0	136	127	0	0	152	106	131	0	123	190	152	158	173	0	152	127	127	0	0	0	0	0	127	0	0	127	127	127	0	190	165	190	165	190	127	190	114
175	140	0	0	0	0	0	146	0	0	106	117	0	125	117	0	0	140	0	121	0	112	175	140	146	159	0	140	117	117	0	0	0	0	0	117	0	0	117	117	117	0	175	152	175	152	175	117	175	106
225	180	105	0	118	129	0	188	0	112	136	150	0	161	150	0	0	180	125	155	0	145	225	180	188	204	118	180	150	150	0	0	0	0	0	150	0	112	150	150	150	0	225	196	225	196	225	150	225	136
120	0	0	0	0	0	0	0	0	0	0	0	0	0	0	0	0	0	0	0	0	0	120	0	0	109	0	0	0	0	0	0	0	0	0	0	0	0	0	0	0	0	120	104	120	104	120	0	120	0
750	600	349	118	395	429	333	625	0	375	455	500	250	536	500	118	333	600	417	517	167	484	750	600	625	682	395	600	500	500	150	333	129	191	250	500	319	375	500	500	500	150	750	652	750	652	750	500	750	455
200	160	0	0	105	113	0	167	0	0	121	133	0	143	133	0	0	160	111	138	0	129	200	160	167	182	105	160	133	133	0	0	0	0	0	133	0	0	133	133	133	0	200	174	200	174	200	133	200	121
165	132	0	0	0	0	0	138	0	0	0	110	0	118	110	0	0	132	0	113	0	106	165	132	138	150	0	132	110	110	0	0	0	0	0	110	0	0	110	110	110	0	165	143	165	143	165	110	165	0
150	120	0	0	0	0	0	125	0	0	0	0	0	107	0	0	0	120	0	103	0	0	150	120	125	136	0	120	0	0	0	0	0	0	0	0	0	0	0	0	0	0	150	130	150	130	150	0	150	0
300	240	140	0	158	171	133	250	0	150	182	200	0	214	200	0	133	240	167	206	0	194	300	240	250	273	158	240	200	200	0	133	0	0	0	200	128	150	200	200	200	0	300	261	300	261	300	200	300	182
140	112	0	0	0	0	0	117	0	0	0	0	0	0	0	0	0	112	0	0	0	0	140	112	117	127	0	112	0	0	0	0	0	0	0	0	0	0	0	0	0	0	140	122	140	122	140	0	140	0
150	120	0	0	0	0	0	125	0	0	0	0	0	107	0	0	0	120	0	103	0	0	150	120	125	136	0	120	0	0	0	0	0	0	0	0	0	0	0	0	0	0	150	130	150	130	150	0	150	0
635	508	295	0	334	363	282	529	0	318	385	423	212	454	423	0	282	508	353	438	141	409	635	508	529	577	334	508	423	423	127	282	109	162	212	423	270	318	423	423	423	127	635	552	635	552	635	423	635	385
225	180	105	0	118	129	0	188	0	112	136	150	0	161	150	0	0	180	125	155	0	145	225	180	188	204	118	180	150	150	0	0	0	0	0	150	0	112	150	150	150	0	225	196	225	196	225	150	225	136
125	0	0	0	0	0	0	104	0	0	0	0	0	0	0	0	0	0	0	0	0	0	125	0	104	113	0	0	0	0	0	0	0	0	0	0	0	0	0	0	0	0	125	109	125	109	125	0	125	0
180	144	0	0	0	103	0	150	0	0	109	120	0	129	120	0	0	144	0	124	0	115	180	144	150	164	0	144	120	120	0	0	0	0	0	120	0	0	120	120	120	0	180	157	180	157	180	120	180	109
145	115	0	0	0	0	0	121	0	0	0	0	0	104	0	0	0	115	0	0	0	0	145	115	121	132	0	115	0	0	0	0	0	0	0	0	0	0	0	0	0	0	145	126	145	126	145	0	145	0
450	360	209	0	237	257	200	375	0	225	273	300	150	321	300	0	200	360	250	310	0	290	450	360	375	409	237	360	300	300	0	200	0	114	150	300	191	225	300	300	300	0	450	391	450	391	450	300	450	273
155	124	0	0	0	0	0	129	0	0	0	103	0	111	103	0	0	124	0	107	0	0	155	124	129	141	0	124	103	103	0	0	0	0	0	103	0	0	103	103	103	0	155	135	155	135	155	103	155	0
0	0	0	0	0	0	0	0	0	0	0	0	0	0	0	0	0	0	0	0	0	0	0	0	0	0	0	0	0	0	0	0	0	0	0	0	0	0	0	0	0	0	0	0	0	0	0	0	0	0
125	0	0	0	0	0	0	104	0	0	0	0	0	0	0	0	0	0	0	0	0	0	125	0	104	113	0	0	0	0	0	0	0	0	0	0	0	0	0	0	0	0	125	109	125	109	125	0	125	0
120	0	0	0	0	0	0	0	0	0	0	0	0	0	0	0	0	0	0	0	0	0	120	0	0	109	0	0	0	0	0	0	0	0	0	0	0	0	0	0	0	0	120	104	120	104	120	0	120	0
110	0	0	0	0	0	0	0	0	0	0	0	0	0	0	0	0	0	0	0	0	0	110	0	0	0	0	0	0	0	0	0	0	0	0	0	0	0	0	0	0	0	110	0	110	0	110	0	110	0
190	152	0	0	0	109	0	158	0	0	114	127	0	136	127	0	0	152	106	131	0	123	190	152	158	173	0	152	127	127	0	0	0	0	0	127	0	0	127	127	127	0	190	165	190	165	190	127	190	114
125	0	0	0	0	0	0	104	0	0	0	0	0	0	0	0	0	0	0	0	0	0	125	0	104	113	0	0	0	0	0	0	0	0	0	0	0	0	0	0	0	0	125	109	125	109	125	0	125	0
150	120	0	0	0	0	0	125	0	0	0	0	0	107	0	0	0	120	0	103	0	0	150	120	125	136	0	120	0	0	0	0	0	0	0	0	0	0	0	0	0	0	150	130	150	130	150	0	150	0
150	120	0	0	0	0	0	125	0	0	0	0	0	107	0	0	0	120	0	103	0	0	150	120	125	136	0	120	0	0	0	0	0	0	0	0	0	0	0	0	0	0	150	130	150	130	150	0	150	0
500	400	233	0	263	286	222	417	0	250	303	333	167	357	333	0	222	400	278	345	111	323	500	400	417	455	263	400	333	333	0	222	0	127	167	333	213	250	333	333	333	0	500	434	500	434	500	333	500	303
225	180	105	0	118	129	0	188	0	112	136	150	0	161	150	0	0	180	125	155	0	145	225	180	188	204	118	180	150	150	0	0	0	0	0	150	0	112	150	150	150	0	225	196	225	196	225	150	225	136
580	463	270	0	305	331	258	483	0	290	352	387	193	413	387	0	258	463	322	400	129	374	580	463	483	527	305	463	387	387	115	258	0	148	193	387	247	290	387	387	387	115	580	504	580	504	580	387	580	352
392	314	183	0	206	224	174	327	0	196	238	262	131	280	262	0	174	314	218	271	0	252	392	314	327	357	206	314	262	262	0	174	0	0	131	262	167	196	262	262	262	0	392	341	392	341	392	262	392	238
300	240	140	0	158	171	133	250	0	150	182	200	0	214	200	0	133	240	167	206	0	194	300	240	250	273	158	240	200	200	0	133	0	0	0	200	128	150	200	200	200	0	300	261	300	261	300	200	300	182
150	120	0	0	0	0	0	125	0	0	0	0	0	107	0	0	0	120	0	103	0	0	150	120	125	136	0	120	0	0	0	0	0	0	0	0	0	0	0	0	0	0	150	130	150	130	150	0	150	0
235	188	109	0	124	134	104	196	0	118	142	157	0	168	157	0	104	188	131	162	0	152	235	188	196	214	124	188	157	157	0	104	0	0	0	157	0	118	157	157	157	0	235	204	235	204	235	157	235	142
200	160	0	0	105	113	0	167	0	0	121	133	0	143	133	0	0	160	111	138	0	129	200	160	167	182	105	160	133	133	0	0	0	0	0	133	0	0	133	133	133	0	200	174	200	174	200	133	200	121
150	120	0	0	0	0	0	125	0	0	0	0	0	107	0	0	0	120	0	103	0	0	150	120	125	136	0	120	0	0	0	0	0	0	0	0	0	0	0	0	0	0	150	130	150	130	150	0	150	0
150	120	0	0	0	0	0	125	0	0	0	0	0	107	0	0	0	120	0	103	0	0	150	120	125	136	0	120	0	0	0	0	0	0	0	0	0	0	0	0	0	0	150	130	150	130	150	0	150	0
150	120	0	0	0	0	0	125	0	0	0	0	0	107	0	0	0	120	0	103	0	0	150	120	125	136	0	120	0	0	0	0	0	0	0	0	0	0	0	0	0	0	150	130	150	130	150	0	150	0
500	400	233	0	263	286	222	417	0	250	303	333	167	357	333	0	222	400	278	345	111	323	500	400	417	455	263	400	333	333	0	222	0	127	167	333	213	250	333	333	333	0	500	434	500	434	500	333	500	303
0	0	0	0	0	0	0	0	0	0	0	0	0	0	0	0	0	0	0	0	0	0	0	0	0	0	0	0	0	0	0	0	0	0	0	0	0	0	0	0	0	0	0	0	0	0	0	0	0	0
114	0	0	0	0	0	0	0	0	0	0	0	0	0	0	0	0	0	0	0	0	0	114	0	0	105	0	0	0	0	0	0	0	0	0	0	0	0	0	0	0	0	114	0	114	0	114	0	114	0
0	0	0	0	0	0	0	0	0	0	0	0	0	0	0	0	0	0	0	0	0	0	0	0	0	0	0	0	0	0	0	0	0	0	0	0	0	0	0	0	0	0	0	0	0	0	0	0	0	0
114	0	0	0	0	0	0	0	0	0	0	0	0	0	0	0	0	0	0	0	0	0	114	0	0	105	0	0	0	0	0	0	0	0	0	0	0	0	0	0	0	0	114	0	114	0	114	0	114	0
0	0	0	0	0	0	0	0	0	0	0	0	0	0	0	0	0	0	0	0	0	0	0	0	0	0	0	0	0	0	0	0	0	0	0	0	0	0	0	0	0	0	0	0	0	0	0	0	0	0
150	120	0	0	0	0	0	125	0	0	0	0	0	107	0	0	0	120	0	103	0	0	150	120	125	136	0	120	0	0	0	0	0	0	0	0	0	0	0	0	0	0	150	130	150	130	150	0	150	0
0	0	0	0	0	0	0	0	0	0	0	0	0	0	0	0	0	0	0	0	0	0	0	0	0	0	0	0	0	0	0	0	0	0	0	0	0	0	0	0	0	0	0	0	0	0	0	0	0	0
165	132	0	0	0	0	0	138	0	0	0	110	0	118	110	0	0	132	0	113	0	106	165	132	138	150	0	132	110	110	0	0	0	0	0	110	0	0	110	110	110	0	165	143	165	143	165	110	165	0