1861 1836 1842 1854 1861 1873 1841 1764 1861 1918 1872 1831 1881 1833 1866 1881 1850 1867 1881 1870 1853 1850 1839 1858 1872 1832 1853 1870 1827 1857 1866 1848 1875 1864 1873 1853 1827 1870 1865 1880 1829 1864 1816 1880 1806 1871 1867 1870 1848 1871

2

1082 1133 1122 1097 1084 1057 1124 1281 1083 966 1060 1143 1041 1141 1072 1041 1105 1070 1041 1065 1098 1106 1128 1088 1059 1142 1099 1065 1152 1091 1073 1109 1054 1077 1058 1098 1152 1065 1074 1044 1148 1077 1175 1043 1195 1062 1070 1064 1109 1062

10.998651843965414 6.003241811099096 43.00022873877676 39.995605087865805

22890.0

0	0	27	28	25	28	24	28	23	20	23	26	28	23	28	28	28	30	28	24	24	28	25	20	28	28	20	24	28	27	24	21	28	22	30	0	28	24	25	23	24	21	22	23	21	25	30	20	25	24
27	0	24	25	22	26	21	25	20	18	21	23	25	21	25	26	26	27	26	21	21	25	22	18	26	25	18	22	25	24	21	19	25	20	27	0	26	21	23	21	21	19	20	21	18	22	27	18	22	22
0	0	0	0	28	0	27	0	26	23	26	28	0	26	0	0	0	0	0	27	27	0	28	23	0	0	23	28	0	30	27	24	0	25	0	0	0	27	28	26	27	24	25	26	23	28	0	23	28	28
0	0	28	0	27	0	25	30	24	22	25	28	0	25	0	0	0	0	0	26	26	0	26	22	0	0	22	26	0	28	25	23	30	24	0	0	0	26	27	25	26	23	24	25	22	27	0	22	27	26
0	0	0	0	0	0	28	0	27	25	28	0	0	28	0	0	0	0	0	28	28	0	28	25	0	0	25	28	0	0	28	25	0	26	0	0	0	28	0	28	28	26	27	28	25	30	0	25	30	28
0	0	27	28	26	0	24	28	23	21	24	26	28	24	28	28	30	0	28	25	24	28	25	21	28	28	21	25	28	27	24	22	28	23	0	0	30	25	26	24	25	22	23	24	21	26	0	21	25	25
0	0	0	0	0	0	0	0	28	26	30	0	0	28	0	0	0	0	0	0	0	0	0	26	0	0	26	0	0	0	30	27	0	28	0	0	0	0	0	28	0	27	28	30	26	0	0	26	0	0
0	0	28	0	27	0	26	0	25	22	25	28	0	25	0	0	0	0	0	26	26	0	27	22	0	0	22	26	0	28	26	23	30	24	0	0	0	26	28	25	26	23	24	25	22	27	0	22	27	26
0	0	0	0	0	0	0	0	0	27	0	0	0	0	0	0	0	0	0	0	0	0	0	27	0	0	27	0	0	0	0	28	0	28	0	0	0	0	0	0	0	28	30	0	28	0	0	27	0	0
0	0	0	0	0	0	0	0	0	0	0	0	0	0	0	0	0	0	0	0	0	0	0	30	0	0	30	0	0	0	0	0	0	0	0	0	0	0	0	0	0	0	0	0	0	0	0	30	0	0
0	0	0	0	0	0	0	0	28	27	0	0	0	30	0	0	0	0	0	0	0	0	0	26	0	0	26	0	0	0	0	27	0	28	0	0	0	0	0	30	0	28	28	30	27	0	0	26	0	0
0	0	0	0	30	0	28	0	27	24	28	0	0	27	0	0	0	0	0	28	28	0	28	24	0	0	24	28	0	0	28	25	0	26	0	0	0	28	30	27	28	25	26	27	24	28	0	24	28	28
0	0	28	30	27	0	25	30	24	22	25	27	0	25	0	0	0	0	0	25	25	0	26	22	0	30	22	26	30	28	25	23	30	23	0	0	0	26	27	25	26	23	24	25	22	27	0	22	26	26
0	0	0	0	0	0	0	0	30	27	0	0	0	0	0	0	0	0	0	0	0	0	0	27	0	0	27	0	0	0	0	28	0	28	0	0	0	0	0	0	0	28	28	0	27	0	0	27	0	0
0	0	28	30	27	0	25	30	24	22	25	27	0	25	0	0	0	0	0	25	25	0	26	22	0	30	22	26	30	28	25	23	30	23	0	0	0	26	27	25	26	23	24	25	22	27	0	22	26	26
0	0	28	30	26	0	25	28	24	22	25	27	30	24	30	0	0	0	0	25	25	30	26	21	30	30	21	26	30	28	25	22	28	23	0	0	0	25	27	24	25	22	23	24	22	26	0	21	26	26
0	0	28	28	26	0	24	28	23	21	24	27	28	24	28	30	0	0	30	25	25	28	25	21	28	28	21	25	28	27	24	22	28	23	0	0	30	25	26	24	25	22	23	24	21	26	0	21	26	25
0	0	27	28	25	30	24	28	23	21	24	26	28	23	28	28	28	0	28	24	24	28	25	21	28	28	21	25	28	27	24	21	28	22	30	0	28	24	26	23	24	22	22	24	21	25	0	21	25	25
0	0	28	28	26	0	25	28	24	22	25	27	30	24	30	30	0	0	0	25	25	30	26	21	30	30	21	26	30	28	25	22	28	23	0	0	0	25	27	24	25	22	23	24	22	26	0	21	26	26
0	0	0	0	0	0	30	0	28	26	30	0	0	28	0	0	0	0	0	0	30	0	0	26	0	0	26	0	0	0	30	27	0	28	0	0	0	0	0	28	0	27	28	28	26	0	0	26	0	0
0	0	0	0	0	0	30	0	28	26	30	0	0	28	0	0	0	0	0	0	0	0	0	26	0	0	26	0	0	0	30	27	0	28	0	0	0	0	0	28	0	27	28	28	26	0	0	26	0	0
0	0	28	30	27	0	25	30	24	22	25	27	0	25	0	0	0	0	0	25	25	0	26	22	0	30	22	26	30	28	25	23	30	23	0	0	0	26	27	25	26	23	24	25	22	27	0	22	26	26
0	0	0	0	0	0	28	0	28	25	28	0	0	28	0	0	0	0	0	28	28	0	0	25	0	0	25	30	0	0	28	26	0	27	0	0	0	28	0	28	28	26	27	28	25	0	0	25	0	30
0	0	0	0	0	0	0	0	0	0	0	0	0	0	0	0	0	0	0	0	0	0	0	0	0	0	0	0	0	0	0	0	0	0	0	0	0	0	0	0	0	0	0	0	0	0	0	0	0	0
0	0	28	30	27	0	25	28	24	22	25	27	30	24	30	0	0	0	0	25	25	30	26	22	0	30	22	26	30	28	25	22	28	23	0	0	0	25	27	24	25	23	24	25	22	27	0	22	26	26
0	0	28	30	27	0	25	30	24	22	25	27	0	25	0	0	0	0	0	26	26	0	26	22	0	0	22	26	30	28	25	23	30	24	0	0	0	26	27	25	26	23	24	25	22	27	0	22	26	26
0	0	0	0	0	0	0	0	0	0	0	0	0	0	0	0	0	0	0	0	0	0	0	0	0	0	0	0	0	0	0	0	0	0	0	0	0	0	0	0	0	0	0	0	0	0	0	0	0	0
0	0	0	0	0	0	28	0	28	26	28	0	0	28	0	0	0	0	0	30	28	0	0	25	0	0	25	0	0	0	28	26	0	27	0	0	0	30	0	28	30	27	28	28	26	0	0	25	0	0
0	0	28	30	27	0	25	30	24	22	25	28	0	25	0	0	0	0	0	26	26	0	26	22	0	0	22	26	0	28	25	23	30	24	0	0	0	26	27	25	26	23	24	25	22	27	0	22	26	26
0	0	0	0	28	0	27	0	26	23	27	28	0	26	0	0	0	0	0	27	27	0	28	23	0	0	23	28	0	0	27	24	0	25	0	0	0	27	28	26	27	24	25	26	23	28	0	23	28	28
0	0	0	0	0	0	0	0	28	26	30	0	0	28	0	0	0	0	0	0	0	0	0	26	0	0	26	0	0	0	0	27	0	28	0	0	0	0	0	28	0	27	28	30	26	0	0	26	0	0
0	0	0	0	0	0	0	0	0	28	0	0	0	0	0	0	0	0	0	0	0	0	0	28	0	0	28	0	0	0	0	0	0	0	0	0	0	0	0	0	0	0	0	0	28	0	0	28	0	0
0	0	28	0	27	0	26	0	25	22	25	28	0	25	0	0	0	0	0	26	26	0	27	22	0	0	22	27	0	28	26	23	0	24	0	0	0	26	28	25	26	23	24	25	22	27	0	22	27	27
0	0	0	0	0	0	0	0	0	28	0	0	0	0	0	0	0	0	0	0	0	0	0	28	0	0	28	0	0	0	0	28	0	0	0	0	0	0	0	0	0	28	0	0	28	0	0	28	0	0
0	0	27	28	26	30	24	28	23	21	24	26	28	23	28	28	30	0	28	24	24	28	25	21	28	28	21	25	28	27	24	22	28	22	0	0	30	24	26	23	24	22	23	24	21	26	0	21	25	25
27	30	24	25	22	26	21	25	20	18	21	23	25	20	25	25	26	26	25	21	21	25	22	18	25	25	18	21	25	23	21	19	25	19	26	0	26	21	22	20	21	19	20	20	18	22	27	18	22	22
0	0	28	28	26	0	25	28	23	21	24	27	28	24	28	30	0	0	30	25	25	28	26	21	30	28	21	25	28	28	24	22	28	23	0	0	0	25	26	24	25	22	23	24	21	26	0	21	26	25
0	0	0	0	0	0	30	0	28	26	28	0	0	28	0	0	0	0	0	30	30	0	0	26	0	0	26	0	0	0	30	27	0	28	0	0	0	0	0	28	0	27	28	28	26	0	0	26	0	0
0	0	0	0	30	0	28	0	27	24	28	0	0	27	0	0	0	0	0	28	28	0	28	24	0	0	24	28	0	0	28	25	0	26	0	0	0	28	0	27	28	25	26	28	24	30	0	24	28	28
0	0	0	0	0	0	0	0	30	27	0	0	0	0	0	0	0	0	0	0	0	0	0	27	0	0	27	0	0	0	0	28	0	28	0	0	0	0	0	0	0	28	28	0	27	0	0	27	0	0
0	0	0	0	0	0	30	0	28	26	28	0	0	28	0	0	0	0	0	30	30	0	0	26	0	0	26	0	0	0	30	27	0	28	0	0	0	30	0	28	0	27	28	28	26	0	0	26	0	0
0	0	0	0	0	0	0	0	0	28	0	0	0	0	0	0	0	0	0	0	0	0	0	28	0	0	28	0	0	0	0	30	0	0	0	0	0	0	0	0	0	0	0	0	28	0	0	28	0	0
0	0	0	0	0	0	0	0	0	28	0	0	0	0	0	0	0	0	0	0	0	0	0	28	0	0	28	0	0	0	0	28	0	30	0	0	0	0	0	0	0	28	0	0	28	0	0	28	0	0
0	0	0	0	0	0	0	0	28	27	0	0	0	30	0	0	0	0	0	0	0	0	0	27	0	0	27	0	0	0	0	27	0	28	0	0	0	0	0	30	0	28	28	0	27	0	0	27	0	0
0	0	0	0	0	0	0	0	0	30	0	0	0	0	0	0	0	0	0	0	0	0	0	30	0	0	30	0	0	0	0	0	0	0	0	0	0	0	0	0	0	0	0	0	0	0	0	30	0	0
0	0	0	0	0	0	28	0	27	25	28	0	0	28	0	0	0	0	0	28	28	0	28	25	0	0	25	28	0	0	28	26	0	26	0	0	0	28	0	28	28	26	27	28	25	0	0	25	30	28
0	0	27	28	25	28	24	28	23	21	23	26	28	23	28	28	28	30	28	24	24	28	25	20	28	28	20	24	28	27	24	21	28	22	30	0	28	24	26	23	24	21	22	23	21	25	0	20	25	24
0	0	0	0	0	0	0	0	0	0	0	0	0	0	0	0	0	0	0	0	0	0	0	0	0	0	0	0	0	0	0	0	0	0	0	0	0	0	0	0	0	0	0	0	0	0	0	0	0	0
0	0	0	0	0	0	28	0	28	25	28	0	0	28	0	0	0	0	0	28	28	0	30	25	0	0	25	30	0	0	28	26	0	27	0	0	0	28	0	28	28	26	27	28	25	0	0	25	0	30
0	0	0	0	0	0	28	0	28	25	28	0	0	28	0	0	0	0	0	28	28	0	0	25	0	0	25	30	0	0	28	26	0	27	0	0	0	30	0	28	30	26	27	28	26	0	0	25	0	0

0	33	0	0	0	0	0	0	0	0	0	0	0	0	0	0	0	0	0	0	0	0	0	0	0	0	0	0	0	0	0	0	0	0	0	34	0	0	0	0	0	0	0	0	0	0	0	0	0	0
0	0	0	0	0	0	0	0	0	0	0	0	0	0	0	0	0	0	0	0	0	0	0	0	0	0	0	0	0	0	0	0	0	0	0	30	0	0	0	0	0	0	0	0	0	0	0	0	0	0
34	37	0	32	0	33	0	31	0	0	0	0	32	0	32	32	33	33	32	0	0	32	0	0	32	32	0	0	32	0	0	0	31	0	33	38	33	0	0	0	0	0	0	0	0	0	34	0	0	0
32	36	0	0	0	31	0	0	0	0	0	0	30	0	30	31	31	32	31	0	0	30	0	0	31	30	0	0	30	0	0	0	0	0	32	36	31	0	0	0	0	0	0	0	0	0	32	0	0	0
36	39	32	33	0	35	0	33	0	0	0	31	34	0	34	34	35	35	34	0	0	34	0	0	34	34	0	0	33	32	0	0	33	0	35	40	34	0	30	0	0	0	0	0	0	0	36	0	0	0
31	34	0	0	0	0	0	0	0	0	0	0	0	0	0	0	0	30	0	0	0	0	0	0	0	0	0	0	0	0	0	0	0	0	30	35	0	0	0	0	0	0	0	0	0	0	31	0	0	0
38	41	34	35	32	37	0	35	0	0	0	33	36	0	36	36	37	37	36	30	30	36	31	0	36	35	0	31	35	34	0	0	35	0	37	42	36	30	32	0	30	0	0	0	0	32	38	0	31	31
32	36	0	30	0	32	0	0	0	0	0	0	31	0	31	31	31	32	31	0	0	31	0	0	31	30	0	0	30	0	0	0	0	0	32	36	31	0	0	0	0	0	0	0	0	0	32	0	0	0
39	43	35	37	33	38	31	37	0	0	31	34	37	31	37	37	38	39	38	32	32	37	33	0	37	37	0	32	37	35	31	0	36	0	39	44	38	32	34	31	32	0	0	31	0	33	39	0	33	32
42	47	38	40	36	42	34	40	33	0	34	37	40	33	40	41	41	42	41	35	34	40	35	0	40	40	0	35	40	38	34	31	40	32	42	47	41	35	37	33	35	31	32	34	30	36	42	0	36	35
38	42	34	36	32	37	30	35	0	0	0	33	36	0	36	36	37	38	36	31	31	36	32	0	36	36	0	31	36	34	30	0	35	0	37	42	37	31	33	0	31	0	0	0	0	32	38	0	32	31
35	39	31	33	0	34	0	32	0	0	0	0	33	0	33	33	34	35	33	0	0	33	0	0	33	33	0	0	33	31	0	0	32	0	34	39	34	0	0	0	0	0	0	0	0	0	35	0	0	0
32	35	0	0	0	31	0	0	0	0	0	0	0	0	0	30	31	32	31	0	0	0	0	0	30	0	0	0	0	0	0	0	0	0	31	36	31	0	0	0	0	0	0	0	0	0	32	0	0	0
39	42	35	36	33	38	31	36	0	0	31	33	36	0	36	37	37	38	37	31	31	36	32	0	37	36	0	32	36	34	31	0	36	0	38	43	37	31	33	0	31	0	0	30	0	33	39	0	32	32
32	35	0	0	0	31	0	0	0	0	0	0	0	0	0	30	31	32	31	0	0	0	0	0	30	0	0	0	0	0	0	0	0	0	31	36	31	0	0	0	0	0	0	0	0	0	32	0	0	0
32	35	0	0	0	31	0	0	0	0	0	0	0	0	0	0	31	31	30	0	0	0	0	0	0	0	0	0	0	0	0	0	0	0	31	35	30	0	0	0	0	0	0	0	0	0	32	0	0	0
31	34	0	0	0	30	0	0	0	0	0	0	0	0	0	0	0	31	0	0	0	0	0	0	0	0	0	0	0	0	0	0	0	0	31	35	0	0	0	0	0	0	0	0	0	0	31	0	0	0
30	34	0	0	0	0	0	0	0	0	0	0	0	0	0	0	0	0	0	0	0	0	0	0	0	0	0	0	0	0	0	0	0	0	0	34	0	0	0	0	0	0	0	0	0	0	30	0	0	0
32	35	0	0	0	31	0	0	0	0	0	0	0	0	0	0	31	31	0	0	0	0	0	0	0	0	0	0	0	0	0	0	0	0	31	35	30	0	0	0	0	0	0	0	0	0	32	0	0	0
37	41	33	35	32	37	0	35	0	0	0	32	35	0	35	36	36	37	36	0	0	35	31	0	36	35	0	31	35	33	0	0	35	0	37	42	36	30	32	0	30	0	0	0	0	32	37	0	31	31
37	41	34	35	32	37	0	35	0	0	0	32	35	0	35	36	36	37	36	30	0	35	31	0	36	35	0	31	35	33	0	0	35	0	37	42	36	30	32	0	30	0	0	0	0	32	37	0	31	31
32	35	0	0	0	31	0	0	0	0	0	0	0	0	0	30	31	32	31	0	0	0	0	0	30	0	0	0	0	0	0	0	0	0	31	36	31	0	0	0	0	0	0	0	0	0	32	0	0	0
36	40	33	34	31	36	0	34	0	0	0	31	34	0	34	35	35	36	35	0	0	34	0	0	35	34	0	0	34	32	0	0	34	0	36	41	35	0	31	0	0	0	0	0	0	31	36	0	30	0
43	47	38	40	36	42	34	40	33	30	34	37	40	34	40	41	41	42	41	35	35	40	36	0	41	40	0	35	40	38	34	31	40	32	42	47	41	35	37	34	35	31	33	34	30	36	43	0	36	35
32	35	0	0	0	31	0	0	0	0	0	0	0	0	0	30	31	31	30	0	0	0	0	0	0	0	0	0	0	0	0	0	0	0	31	36	31	0	0	0	0	0	0	0	0	0	32	0	0	0
32	36	0	0	0	31	0	0	0	0	0	0	30	0	30	31	31	32	31	0	0	30	0	0	30	0	0	0	0	0	0	0	0	0	32	36	31	0	0	0	0	0	0	0	0	0	32	0	0	0
43	47	38	40	36	42	34	40	33	30	34	37	40	34	40	41	41	42	41	35	35	40	36	0	41	40	0	35	40	38	34	31	40	32	42	47	41	35	37	34	35	31	33	34	30	36	43	0	36	35
37	40	33	34	31	36	0	34	0	0	0	32	35	0	35	35	36	36	35	0	0	35	30	0	35	35	0	0	34	33	0	0	34	0	36	41	35	0	31	0	0	0	0	0	0	31	37	0	31	30
32	36	0	0	0	31	0	0	0	0	0	0	30	0	30	31	31	32	31	0	0	30	0	0	30	30	0	0	0	0	0	0	0	0	32	36	31	0	0	0	0	0	0	0	0	0	32	0	0	0
34	38	30	32	0	33	0	32	0	0	0	0	32	0	32	32	33	34	32	0	0	32	0	0	32	32	0	0	32	0	0	0	31	0	33	38	33	0	0	0	0	0	0	0	0	0	34	0	0	0
38	42	34	35	32	37	30	35	0	0	0	33	36	0	36	36	37	37	36	30	30	36	31	0	36	36	0	31	36	34	0	0	35	0	37	42	37	31	32	0	31	0	0	0	0	32	38	0	31	31
41	46	37	39	35	41	33	39	32	0	33	36	39	33	39	40	40	41	40	34	34	39	35	0	39	39	0	34	39	37	33	0	39	31	41	46	40	34	36	33	34	30	32	33	0	35	41	0	35	34
33	36	0	30	0	32	0	30	0	0	0	0	31	0	31	31	32	32	31	0	0	31	0	0	31	31	0	0	31	0	0	0	0	0	32	36	31	0	0	0	0	0	0	0	0	0	33	0	0	0
40	44	36	38	34	39	32	37	31	0	32	35	38	31	38	38	39	40	38	33	32	38	33	0	38	38	0	33	38	36	32	0	37	0	40	45	39	33	35	31	33	0	30	32	0	34	40	0	34	33
31	34	0	0	0	0	0	0	0	0	0	0	0	0	0	0	0	30	0	0	0	0	0	0	0	0	0	0	0	0	0	0	0	0	0	34	0	0	0	0	0	0	0	0	0	0	31	0	0	0
0	0	0	0	0	0	0	0	0	0	0	0	0	0	0	0	0	0	0	0	0	0	0	0	0	0	0	0	0	0	0	0	0	0	0	0	0	0	0	0	0	0	0	0	0	0	0	0	0	0
31	35	0	0	0	30	0	0	0	0	0	0	0	0	0	0	30	31	0	0	0	0	0	0	0	0	0	0	0	0	0	0	0	0	31	35	0	0	0	0	0	0	0	0	0	0	31	0	0	0
37	41	33	35	32	36	0	35	0	0	0	32	35	0	35	36	36	37	36	0	0	35	31	0	35	35	0	31	35	33	0	0	35	0	37	41	36	0	32	0	30	0	0	0	0	31	37	0	31	31
35	39	32	33	0	34	0	33	0	0	0	30	33	0	33	34	34	35	34	0	0	33	0	0	34	33	0	0	33	31	0	0	33	0	35	39	34	0	0	0	0	0	0	0	0	0	35	0	0	0
39	42	35	36	33	38	31	36	0	0	31	33	36	0	36	37	37	38	37	31	31	36	32	0	37	36	0	32	36	34	31	0	36	0	38	43	37	31	33	0	31	0	0	30	0	33	39	0	32	32
37	41	33	35	31	36	0	35	0	0	0	32	35	0	35	36	36	37	36	0	0	35	31	0	35	35	0	31	35	33	0	0	34	0	37	41	36	0	32	0	0	0	0	0	0	31	37	0	31	31
41	45	37	39	35	40	33	38	32	0	33	36	39	32	39	39	40	41	39	33	33	39	34	0	39	39	0	34	39	37	33	0	38	31	41	46	40	33	35	32	34	0	31	33	0	35	41	0	34	34
40	44	36	37	34	39	32	37	31	0	32	34	38	31	38	38	39	39	38	32	32	38	33	0	38	37	0	33	37	35	32	0	37	0	39	44	39	32	34	31	32	0	0	31	0	34	40	0	33	33
38	42	34	36	32	37	31	36	0	0	30	33	36	0	36	37	37	38	37	31	31	36	32	0	36	36	0	31	36	34	30	0	35	0	38	42	37	31	33	0	31	0	0	0	0	32	38	0	32	32
42	46	38	40	36	41	34	40	33	0	34	37	40	33	40	41	41	42	41	35	34	40	35	0	40	40	0	35	40	38	34	31	39	32	42	47	41	35	37	33	35	31	32	34	0	36	42	0	36	35
36	39	32	34	30	35	0	33	0	0	0	31	34	0	34	34	35	35	34	0	0	34	0	0	34	34	0	0	34	32	0	0	33	0	35	40	35	0	31	0	0	0	0	0	0	0	36	0	0	0
30	33	0	0	0	0	0	0	0	0	0	0	0	0	0	0	0	0	0	0	0	0	0	0	0	0	0	0	0	0	0	0	0	0	0	34	0	0	0	0	0	0	0	0	0	0	0	0	0	0
43	47	38	40	36	42	34	40	33	30	34	37	40	34	40	41	41	42	41	35	35	40	36	0	41	40	0	35	40	38	34	31	40	32	42	47	41	35	37	34	35	31	33	34	30	36	43	0	36	35
36	40	32	34	31	35	0	34	0	0	0	31	34	0	34	35	35	36	35	0	0	34	0	0	34	34	0	0	34	32	0	0	34	0	36	40	35	0	31	0	0	0	0	0	0	31	36	0	0	0
37	40	33	34	31	36	0	34	0	0	0	32	35	0	35	35	36	36	35	0	0	35	30	0	35	34	0	0	34	33	0	0	34	0	36	41	35	0	31	0	0	0	0	0	0	31	37	0	30	0

0	71	0	0	0	0	0	0	0	28	0	95	0	0	0	0	0	0	0	0	0	0	0	0	0	93	0	0	89	0	0	0	0	0	0	0	89	0	0	0	93	0	80	0	69	0	0	0	0	0
0	0	0	0	0	0	0	0	0	39	0	0	0	0	0	0	0	0	0	0	0	0	0	0	0	0	0	0	0	0	0	0	0	0	0	0	0	0	0	0	0	0	0	0	97	0	0	0	0	0
75	54	0	0	75	0	91	0	75	21	0	71	0	79	75	0	97	75	0	0	0	86	83	0	0	70	86	0	67	0	0	0	0	75	0	91	67	0	75	0	70	75	60	0	52	0	75	75	86	0
56	41	77	0	56	0	70	0	56	16	0	55	0	61	56	0	74	56	0	92	77	66	64	82	92	53	66	92	51	85	0	78	0	56	92	70	51	0	56	0	53	56	46	0	40	0	56	56	66	92
0	71	0	0	0	0	0	0	0	28	0	95	0	0	0	0	0	0	0	0	0	0	0	0	0	93	0	0	89	0	0	0	0	0	0	0	89	0	0	0	93	0	80	0	69	0	0	0	0	0
50	36	67	87	50	0	61	95	50	14	0	48	0	53	50	0	65	50	0	80	67	56	56	71	80	47	56	80	45	74	87	68	0	50	80	61	44	91	50	0	47	50	40	0	34	91	50	50	56	80
82	59	0	0	82	0	0	0	82	23	0	79	0	87	82	0	0	82	0	0	0	94	92	0	0	77	94	0	74	0	0	0	0	82	0	0	73	0	82	0	77	82	66	0	56	0	82	82	94	0
52	38	70	91	52	0	64	0	52	15	0	50	0	55	52	0	68	52	0	84	70	60	57	75	84	49	60	84	47	78	91	71	0	52	84	64	47	95	52	0	49	52	42	0	36	95	52	52	60	84
0	71	0	0	0	0	0	0	0	28	0	95	0	0	0	0	0	0	0	0	0	0	0	0	0	93	0	0	89	0	0	0	0	0	0	0	89	0	0	0	93	0	80	0	69	0	0	0	0	0
0	0	0	0	0	0	0	0	0	0	0	0	0	0	0	0	0	0	0	0	0	0	0	0	0	0	0	0	0	0	0	0	0	0	0	0	0	0	0	0	0	0	0	0	0	0	0	0	0	0
45	32	60	78	45	90	55	86	45	13	0	43	90	47	45	90	57	45	90	72	60	51	50	64	72	42	51	72	40	67	78	61	95	45	72	55	40	82	45	90	42	45	36	90	31	82	45	45	51	72
0	75	0	0	0	0	0	0	0	28	0	0	0	0	0	0	0	0	0	0	0	0	0	0	0	98	0	0	94	0	0	0	0	0	0	0	93	0	0	0	98	0	84	0	72	0	0	0	0	0
50	36	67	87	50	0	61	95	50	14	0	48	0	53	50	0	65	50	0	80	67	56	56	71	80	47	56	80	45	74	87	68	0	50	80	61	44	91	50	0	47	50	40	0	34	91	50	50	56	80
95	68	0	0	95	0	0	0	95	27	0	90	0	0	95	0	0	95	0	0	0	0	0	0	0	88	0	0	85	0	0	0	0	95	0	0	84	0	95	0	88	95	76	0	66	0	95	95	0	0
0	71	0	0	0	0	0	0	0	28	0	95	0	0	0	0	0	0	0	0	0	0	0	0	0	93	0	0	89	0	0	0	0	0	0	0	89	0	0	0	93	0	80	0	69	0	0	0	0	0
50	36	67	87	50	0	61	95	50	14	0	48	0	53	50	0	65	50	0	80	67	56	56	71	80	47	56	80	45	74	87	68	0	50	80	61	44	91	50	0	47	50	40	0	34	91	50	50	56	80
78	55	0	0	78	0	94	0	78	22	0	74	0	82	78	0	0	78	0	0	0	89	86	0	0	72	89	0	69	0	0	0	0	78	0	94	69	0	78	0	72	78	62	0	53	0	78	78	89	0
0	71	0	0	0	0	0	0	0	28	0	95	0	0	0	0	0	0	0	0	0	0	0	0	0	93	0	0	89	0	0	0	0	0	0	0	89	0	0	0	93	0	80	0	69	0	0	0	0	0
50	36	67	87	50	0	61	95	50	14	0	48	0	53	50	0	65	50	0	80	67	56	56	71	80	47	56	80	45	74	87	68	0	50	80	61	44	91	50	0	47	50	40	0	34	91	50	50	56	80
62	45	83	0	62	0	76	0	62	17	0	60	0	66	62	0	81	62	0	0	83	71	69	89	0	57	71	0	56	93	0	85	0	62	0	76	56	0	62	0	57	62	50	0	43	0	62	62	71	0
75	54	0	0	75	0	91	0	75	21	0	71	0	79	75	0	97	75	0	0	0	86	83	0	0	70	86	0	67	0	0	0	0	75	0	91	67	0	75	0	70	75	60	0	52	0	75	75	86	0
88	62	0	0	88	0	0	0	88	24	0	83	0	92	88	0	0	88	0	0	0	0	97	0	0	81	0	0	78	0	0	0	0	88	0	0	78	0	88	0	81	88	70	0	60	0	88	88	0	0
90	64	0	0	90	0	0	0	90	25	0	86	0	95	90	0	0	90	0	0	0	0	0	0	0	84	0	0	80	0	0	0	0	90	0	0	80	0	90	0	84	90	72	0	62	0	90	90	0	0
70	50	93	0	70	0	85	0	70	20	0	67	0	74	70	0	90	70	0	0	93	80	78	0	0	65	80	0	62	0	0	95	0	70	0	85	62	0	70	0	65	70	56	0	48	0	70	70	80	0
62	45	83	0	62	0	76	0	62	17	0	60	0	66	62	0	81	62	0	0	83	71	69	89	0	57	71	0	56	93	0	85	0	62	0	76	56	0	62	0	57	62	50	0	43	0	62	62	71	0
0	77	0	0	0	0	0	0	0	30	0	0	0	0	0	0	0	0	0	0	0	0	0	0	0	0	0	0	96	0	0	0	0	0	0	0	96	0	0	0	0	0	86	0	74	0	0	0	0	0
88	62	0	0	88	0	0	0	88	24	0	83	0	92	88	0	0	88	0	0	0	0	97	0	0	81	0	0	78	0	0	0	0	88	0	0	78	0	88	0	81	88	70	0	60	0	88	88	0	0
62	45	83	0	62	0	76	0	62	17	0	60	0	66	62	0	81	62	0	0	83	71	69	89	0	57	71	0	56	93	0	85	0	62	0	76	56	0	62	0	57	62	50	0	43	0	62	62	71	0
0	80	0	0	0	0	0	0	0	31	0	0	0	0	0	0	0	0	0	0	0	0	0	0	0	0	0	0	0	0	0	0	0	0	0	0	100	0	0	0	0	0	90	0	77	0	0	0	0	0
68	48	90	0	68	0	82	0	68	19	0	64	0	71	68	0	87	68	0	0	90	77	75	96	0	63	77	0	60	0	0	92	0	68	0	82	60	0	68	0	63	68	54	0	47	0	68	68	77	0
56	41	77	0	56	0	70	0	56	16	0	55	0	61	56	0	74	56	0	92	77	66	64	82	92	53	66	92	51	85	0	78	0	56	92	70	51	0	56	0	53	56	46	0	40	0	56	56	66	92
74	53	98	0	74	0	89	0	74	21	0	70	0	78	74	0	95	74	0	0	98	84	82	0	0	69	84	0	66	0	0	0	0	74	0	89	66	0	74	0	69	74	59	0	51	0	74	74	84	0
48	34	63	83	48	95	57	90	48	13	0	45	95	50	48	95	61	48	95	76	63	54	53	68	76	44	54	76	42	70	83	64	0	48	76	57	42	86	48	95	44	48	38	95	33	86	48	48	54	76
0	71	0	0	0	0	0	0	0	28	0	95	0	0	0	0	0	0	0	0	0	0	0	0	0	93	0	0	89	0	0	0	0	0	0	0	89	0	0	0	93	0	80	0	69	0	0	0	0	0
62	45	83	0	62	0	76	0	62	17	0	60	0	66	62	0	81	62	0	0	83	71	69	89	0	57	71	0	56	93	0	85	0	62	0	76	56	0	62	0	57	62	50	0	43	0	62	62	71	0
82	59	0	0	82	0	0	0	82	23	0	79	0	87	82	0	0	82	0	0	0	94	92	0	0	77	94	0	74	0	0	0	0	82	0	0	73	0	82	0	77	82	66	0	56	0	82	82	94	0
0	80	0	0	0	0	0	0	0	31	0	0	0	0	0	0	0	0	0	0	0	0	0	0	0	0	0	0	0	0	0	0	0	0	0	0	0	0	0	0	0	0	90	0	78	0	0	0	0	0
55	39	73	96	55	0	67	0	55	15	0	52	0	57	55	0	71	55	0	88	73	63	61	79	88	51	63	88	49	81	96	75	0	55	88	67	49	0	55	0	51	55	44	0	38	0	55	55	63	88
0	71	0	0	0	0	0	0	0	28	0	95	0	0	0	0	0	0	0	0	0	0	0	0	0	93	0	0	89	0	0	0	0	0	0	0	89	0	0	0	93	0	80	0	69	0	0	0	0	0
50	36	67	87	50	0	61	95	50	14	0	48	0	53	50	0	65	50	0	80	67	56	56	71	80	47	56	80	45	74	87	68	0	50	80	61	44	91	50	0	47	50	40	0	34	91	50	50	56	80
0	77	0	0	0	0	0	0	0	30	0	0	0	0	0	0	0	0	0	0	0	0	0	0	0	0	0	0	96	0	0	0	0	0	0	0	96	0	0	0	0	0	86	0	74	0	0	0	0	0
0	71	0	0	0	0	0	0	0	28	0	95	0	0	0	0	0	0	0	0	0	0	0	0	0	93	0	0	89	0	0	0	0	0	0	0	89	0	0	0	93	0	80	0	69	0	0	0	0	0
0	89	0	0	0	0	0	0	0	35	0	0	0	0	0	0	0	0	0	0	0	0	0	0	0	0	0	0	0	0	0	0	0	0	0	0	0	0	0	0	0	0	0	0	86	0	0	0	0	0
50	36	67	87	50	0	61	95	50	14	0	48	0	53	50	0	65	50	0	80	67	56	56	71	80	47	56	80	45	74	87	68	0	50	80	61	44	91	50	0	47	50	40	0	34	91	50	50	56	80
0	0	0	0	0	0	0	0	0	41	0	0	0	0	0	0	0	0	0	0	0	0	0	0	0	0	0	0	0	0	0	0	0	0	0	0	0	0	0	0	0	0	0	0	0	0	0	0	0	0
55	39	73	96	55	0	67	0	55	15	0	52	0	57	55	0	71	55	0	88	73	63	61	79	88	51	63	88	49	81	96	75	0	55	88	67	49	0	55	0	51	55	44	0	38	0	55	55	63	88
0	71	0	0	0	0	0	0	0	28	0	95	0	0	0	0	0	0	0	0	0	0	0	0	0	93	0	0	89	0	0	0	0	0	0	0	89	0	0	0	93	0	80	0	69	0	0	0	0	0
0	71	0	0	0	0	0	0	0	28	0	95	0	0	0	0	0	0	0	0	0	0	0	0	0	93	0	0	89	0	0	0	0	0	0	0	89	0	0	0	93	0	80	0	69	0	0	0	0	0
88	62	0	0	88	0	0	0	88	24	0	83	0	92	88	0	0	88	0	0	0	0	97	0	0	81	0	0	78	0	0	0	0	88	0	0	78	0	88	0	81	88	70	0	60	0	88	88	0	0
62	45	83	0	62	0	76	0	62	17	0	60	0	66	62	0	81	62	0	0	83	71	69	89	0	57	71	0	56	93	0	85	0	62	0	76	56	0	62	0	57	62	50	0	43	0	62	62	71	0

0	0	133	174	0	200	121	190	0	0	222	0	200	105	0	200	129	0	200	160	133	113	111	143	160	0	113	160	0	148	174	136	211	0	160	121	0	182	0	200	0	0	0	200	0	182	0	0	113	160
140	0	187	243	140	280	170	267	140	0	311	133	280	147	140	280	181	140	280	224	187	160	156	200	224	130	160	224	125	206	243	190	295	140	224	170	124	254	140	280	130	140	112	280	0	254	140	140	160	224
0	0	0	130	0	150	0	143	0	0	167	0	150	0	0	150	0	0	150	120	0	0	0	107	120	0	0	120	0	111	130	102	158	0	120	0	0	136	0	150	0	0	0	150	0	136	0	0	0	120
0	0	0	0	0	114	0	110	0	0	128	0	114	0	0	114	0	0	114	0	0	0	0	0	0	0	0	0	0	0	0	0	121	0	0	0	0	105	0	114	0	0	0	114	0	105	0	0	0	0
0	0	133	174	0	200	121	190	0	0	222	0	200	105	0	200	129	0	200	160	133	113	111	143	160	0	113	160	0	148	174	136	211	0	160	121	0	182	0	200	0	0	0	200	0	182	0	0	113	160
0	0	0	0	0	0	0	0	0	0	111	0	0	0	0	0	0	0	0	0	0	0	0	0	0	0	0	0	0	0	0	0	105	0	0	0	0	0	0	0	0	0	0	0	0	0	0	0	0	0
0	0	110	143	0	165	0	157	0	0	183	0	165	0	0	165	106	0	165	132	110	0	0	118	132	0	0	132	0	122	143	112	174	0	132	0	0	150	0	165	0	0	0	165	0	150	0	0	0	132
0	0	0	0	0	105	0	0	0	0	117	0	105	0	0	105	0	0	105	0	0	0	0	0	0	0	0	0	0	0	0	0	111	0	0	0	0	0	0	105	0	0	0	105	0	0	0	0	0	0
0	0	133	174	0	200	121	190	0	0	222	0	200	105	0	200	129	0	200	160	133	113	111	143	160	0	113	160	0	148	174	136	211	0	160	121	0	182	0	200	0	0	0	200	0	182	0	0	113	160
358	254	476	622	358	715	433	681	358	0	794	340	715	376	358	715	461	358	715	572	476	409	397	511	572	333	409	572	319	530	622	484	753	358	572	433	318	650	358	715	333	358	286	715	247	650	358	358	409	572
0	0	0	0	0	0	0	0	0	0	0	0	0	0	0	0	0	0	0	0	0	0	0	0	0	0	0	0	0	0	0	0	0	0	0	0	0	0	0	0	0	0	0	0	0	0	0	0	0	0
105	0	140	183	105	210	127	200	105	0	233	0	210	111	105	210	135	105	210	168	140	120	117	150	168	0	120	168	0	156	183	142	221	105	168	127	0	191	105	210	0	105	0	210	0	191	105	105	120	168
0	0	0	0	0	0	0	0	0	0	111	0	0	0	0	0	0	0	0	0	0	0	0	0	0	0	0	0	0	0	0	0	105	0	0	0	0	0	0	0	0	0	0	0	0	0	0	0	0	0
0	0	127	165	0	190	114	181	0	0	211	0	190	0	0	190	123	0	190	152	127	109	106	136	152	0	109	152	0	141	165	129	200	0	152	114	0	173	0	190	0	0	0	190	0	173	0	0	109	152
0	0	133	174	0	200	121	190	0	0	222	0	200	105	0	200	129	0	200	160	133	113	111	143	160	0	113	160	0	148	174	136	211	0	160	121	0	182	0	200	0	0	0	200	0	182	0	0	113	160
0	0	0	0	0	0	0	0	0	0	111	0	0	0	0	0	0	0	0	0	0	0	0	0	0	0	0	0	0	0	0	0	105	0	0	0	0	0	0	0	0	0	0	0	0	0	0	0	0	0
0	0	103	135	0	155	0	148	0	0	172	0	155	0	0	155	0	0	155	124	103	0	0	111	124	0	0	124	0	114	135	105	163	0	124	0	0	141	0	155	0	0	0	155	0	141	0	0	0	124
0	0	133	174	0	200	121	190	0	0	222	0	200	105	0	200	129	0	200	160	133	113	111	143	160	0	113	160	0	148	174	136	211	0	160	121	0	182	0	200	0	0	0	200	0	182	0	0	113	160
0	0	0	0	0	0	0	0	0	0	111	0	0	0	0	0	0	0	0	0	0	0	0	0	0	0	0	0	0	0	0	0	105	0	0	0	0	0	0	0	0	0	0	0	0	0	0	0	0	0
0	0	0	109	0	125	0	119	0	0	139	0	125	0	0	125	0	0	125	0	0	0	0	0	0	0	0	0	0	0	109	0	132	0	0	0	0	113	0	125	0	0	0	125	0	113	0	0	0	0
0	0	0	130	0	150	0	143	0	0	167	0	150	0	0	150	0	0	150	120	0	0	0	107	120	0	0	120	0	111	130	102	158	0	120	0	0	136	0	150	0	0	0	150	0	136	0	0	0	120
0	0	117	152	0	175	106	167	0	0	194	0	175	0	0	175	112	0	175	140	117	0	0	125	140	0	0	140	0	130	152	119	184	0	140	106	0	159	0	175	0	0	0	175	0	159	0	0	0	140
0	0	120	157	0	180	109	171	0	0	200	0	180	0	0	180	115	0	180	144	120	103	0	129	144	0	103	144	0	133	157	122	189	0	144	109	0	164	0	180	0	0	0	180	0	164	0	0	103	144
0	0	0	122	0	140	0	133	0	0	156	0	140	0	0	140	0	0	140	112	0	0	0	0	112	0	0	112	0	104	122	0	147	0	112	0	0	127	0	140	0	0	0	140	0	127	0	0	0	112
0	0	0	109	0	125	0	119	0	0	139	0	125	0	0	125	0	0	125	0	0	0	0	0	0	0	0	0	0	0	109	0	132	0	0	0	0	113	0	125	0	0	0	125	0	113	0	0	0	0
108	0	143	187	108	215	130	204	108	0	239	102	215	112	108	215	139	108	215	172	143	123	119	154	172	0	123	172	0	159	187	146	225	108	172	130	0	195	108	215	0	108	0	215	0	195	108	108	123	172
0	0	117	152	0	175	106	167	0	0	194	0	175	0	0	175	112	0	175	140	117	0	0	125	140	0	0	140	0	130	152	119	184	0	140	106	0	159	0	175	0	0	0	175	0	159	0	0	0	140
0	0	0	109	0	125	0	119	0	0	139	0	125	0	0	125	0	0	125	0	0	0	0	0	0	0	0	0	0	0	109	0	132	0	0	0	0	113	0	125	0	0	0	125	0	113	0	0	0	0
112	0	149	195	112	224	136	213	112	0	249	107	224	118	112	224	145	112	224	179	149	128	124	160	179	104	128	179	0	166	195	152	236	112	179	136	0	204	112	224	104	112	0	224	0	204	112	112	128	179
0	0	0	117	0	135	0	129	0	0	150	0	135	0	0	135	0	0	135	108	0	0	0	0	108	0	0	108	0	0	117	0	142	0	108	0	0	123	0	135	0	0	0	135	0	123	0	0	0	108
0	0	0	0	0	114	0	110	0	0	128	0	114	0	0	114	0	0	114	0	0	0	0	0	0	0	0	0	0	0	0	0	121	0	0	0	0	105	0	114	0	0	0	114	0	105	0	0	0	0
0	0	0	128	0	148	0	140	0	0	164	0	148	0	0	148	0	0	148	118	0	0	0	105	118	0	0	118	0	109	128	0	155	0	118	0	0	134	0	148	0	0	0	148	0	134	0	0	0	118
0	0	0	0	0	0	0	0	0	0	106	0	0	0	0	0	0	0	0	0	0	0	0	0	0	0	0	0	0	0	0	0	0	0	0	0	0	0	0	0	0	0	0	0	0	0	0	0	0	0
0	0	133	174	0	200	121	190	0	0	222	0	200	105	0	200	129	0	200	160	133	113	111	143	160	0	113	160	0	148	174	136	211	0	160	121	0	182	0	200	0	0	0	200	0	182	0	0	113	160
0	0	0	109	0	125	0	119	0	0	139	0	125	0	0	125	0	0	125	0	0	0	0	0	0	0	0	0	0	0	109	0	132	0	0	0	0	113	0	125	0	0	0	125	0	113	0	0	0	0
0	0	110	143	0	165	0	157	0	0	183	0	165	0	0	165	106	0	165	132	110	0	0	118	132	0	0	132	0	122	143	112	174	0	132	0	0	150	0	165	0	0	0	165	0	150	0	0	0	132
112	0	150	196	112	225	136	214	112	0	250	107	225	118	112	225	145	112	225	180	150	129	125	161	180	105	129	180	100	167	196	153	237	112	180	136	0	204	112	225	105	112	0	225	0	204	112	112	129	180
0	0	0	0	0	110	0	105	0	0	122	0	110	0	0	110	0	0	110	0	0	0	0	0	0	0	0	0	0	0	0	0	115	0	0	0	0	0	0	110	0	0	0	110	0	0	0	0	0	0
0	0	133	174	0	200	121	190	0	0	222	0	200	105	0	200	129	0	200	160	133	113	111	143	160	0	113	160	0	148	174	136	211	0	160	121	0	182	0	200	0	0	0	200	0	182	0	0	113	160
0	0	0	0	0	0	0	0	0	0	111	0	0	0	0	0	0	0	0	0	0	0	0	0	0	0	0	0	0	0	0	0	105	0	0	0	0	0	0	0	0	0	0	0	0	0	0	0	0	0
108	0	143	187	108	215	130	204	108	0	239	102	215	112	108	215	139	108	215	172	143	123	119	154	172	0	123	172	0	159	187	146	225	108	172	130	0	195	108	215	0	108	0	215	0	195	108	108	123	172
0	0	133	174	0	200	121	190	0	0	222	0	200	105	0	200	129	0	200	160	133	113	111	143	160	0	113	160	0	148	174	136	211	0	160	121	0	182	0	200	0	0	0	200	0	182	0	0	113	160
125	0	167	217	125	250	152	238	125	0	278	119	250	132	125	250	161	125	250	200	167	143	139	179	200	115	143	200	112	185	217	169	263	125	200	152	111	227	125	250	115	125	0	250	0	227	125	125	143	200
0	0	0	0	0	0	0	0	0	0	111	0	0	0	0	0	0	0	0	0	0	0	0	0	0	0	0	0	0	0	0	0	105	0	0	0	0	0	0	0	0	0	0	0	0	0	0	0	0	0
145	104	193	252	145	290	176	276	145	0	322	138	290	153	145	290	187	145	290	231	193	166	161	206	231	135	166	231	129	215	252	197	305	145	231	176	129	264	145	290	135	145	115	290	0	264	145	145	166	231
0	0	0	0	0	110	0	105	0	0	122	0	110	0	0	110	0	0	110	0	0	0	0	0	0	0	0	0	0	0	0	0	115	0	0	0	0	0	0	110	0	0	0	110	0	0	0	0	0	0
0	0	133	174	0	200	121	190	0	0	222	0	200	105	0	200	129	0	200	160	133	113	111	143	160	0	113	160	0	148	174	136	211	0	160	121	0	182	0	200	0	0	0	200	0	182	0	0	113	160
0	0	133	174	0	200	121	190	0	0	222	0	200	105	0	200	129	0	200	160	133	113	111	143	160	0	113	160	0	148	174	136	211	0	160	121	0	182	0	200	0	0	0	200	0	182	0	0	113	160
0	0	117	152	0	175	106	167	0	0	194	0	175	0	0	175	112	0	175	140	117	0	0	125	140	0	0	140	0	130	152	119	184	0	140	106	0	159	0	175	0	0	0	175	0	159	0	0	0	140
0	0	0	109	0	125	0	119	0	0	139	0	125	0	0	125	0	0	125	0	0	0	0	0	0	0	0	0	0	0	109	0	132	0	0	0	0	113	0	125	0	0	0	125	0	113	0	0	0	0