1845 1812 1813 1842 1814 1755 1738 1841 1834 1830 1768 1781 1830 1900 1843 1851 1825 1808 1835 1846 1863 1847 1837 1815 1847 1816 1860 1847 1846 1809 1827 1823 1847 1796 1841 1846 1849 1847 1822 1846 1858 1818 1825 1807 1854 1804 1844 1808 1863 1856

2

1020 1082 1080 1026 1078 1188 1220 1028 1040 1048 1164 1139 1048 918 1024 1008 1056 1090 1038 1018 986 1016 1035 1077 1016 1074 992 1017 1018 1086 1054 1062 1016 1111 1028 1018 1013 1016 1062 1019 995 1070 1058 1090 1002 1097 1022 1090 986 998

11.00253801630986 6.004252004955227 42.99895852970014 39.9996492009157

22328.0

0	28	0	0	0	26	28	0	0	30	0	0	30	0	0	30	30	28	0	27	0	28	0	30	28	0	0	27	25	0	0	30	30	0	28	25	0	0	28	0	0	0	0	0	0	0	0	25	0	28
0	0	0	0	0	28	0	0	0	0	0	0	0	0	0	0	0	0	0	28	0	0	0	0	0	0	0	28	27	0	0	0	0	0	0	27	0	0	30	0	0	0	0	0	0	0	0	27	0	30
20	18	0	23	28	17	19	24	26	19	26	22	20	24	25	19	20	19	25	18	24	19	25	20	19	23	25	18	17	28	20	19	19	28	19	16	23	20	18	25	26	23	23	23	22	25	26	17	21	18
27	25	0	0	0	23	26	0	0	26	0	28	26	0	0	26	26	26	0	24	0	25	0	26	25	0	0	24	22	0	27	26	26	0	26	22	0	27	25	0	0	0	0	0	28	0	0	22	28	24
22	20	0	25	0	19	21	27	28	21	28	24	22	26	28	21	21	21	27	19	26	21	27	21	21	25	27	20	18	0	22	21	21	0	21	18	26	22	20	28	28	25	26	25	24	27	28	18	23	20
0	0	0	0	0	0	0	0	0	0	0	0	0	0	0	0	0	0	0	0	0	0	0	0	0	0	0	0	28	0	0	0	0	0	0	28	0	0	0	0	0	0	0	0	0	0	0	28	0	0
0	28	0	0	0	27	0	0	0	0	0	0	0	0	0	0	0	30	0	28	0	30	0	0	28	0	0	28	26	0	0	0	0	0	0	26	0	0	28	0	0	0	0	0	0	0	0	26	0	28
25	23	0	28	0	21	24	0	0	24	0	27	25	30	0	24	24	24	0	22	30	24	0	24	24	28	0	22	21	0	25	24	24	0	24	20	28	25	23	0	0	28	28	28	28	0	0	21	26	23
24	22	0	27	0	20	23	28	0	23	0	26	24	28	30	23	23	23	30	21	28	23	28	23	22	27	28	21	20	0	24	23	23	0	23	19	28	24	22	30	0	27	27	27	26	28	0	20	25	22
0	28	0	0	0	27	30	0	0	0	0	0	0	0	0	0	0	30	0	28	0	28	0	0	28	0	0	28	26	0	0	0	0	0	30	26	0	0	28	0	0	0	0	0	0	0	0	26	0	28
23	21	0	26	0	20	22	28	28	23	0	25	23	28	28	23	23	22	28	20	28	22	28	23	22	27	28	21	19	0	24	23	23	0	22	19	27	23	21	28	0	27	27	26	26	28	30	19	24	21
28	26	0	0	0	24	27	0	0	27	0	0	28	0	0	27	27	27	0	25	0	26	0	27	26	0	0	25	23	0	28	27	27	0	27	23	0	28	26	0	0	0	0	0	0	0	0	23	28	26
0	28	0	0	0	26	30	0	0	30	0	0	0	0	0	30	30	28	0	27	0	28	0	30	28	0	0	27	26	0	0	30	30	0	30	25	0	0	28	0	0	0	0	0	0	0	0	26	0	28
25	23	0	28	0	22	25	0	0	25	0	27	25	0	0	25	25	25	0	22	0	24	0	25	24	28	0	23	21	0	26	25	25	0	25	21	28	25	23	0	0	28	28	28	28	0	0	21	27	23
24	22	0	27	0	21	23	28	0	24	0	26	24	28	0	24	24	23	30	21	28	23	30	24	23	28	28	22	20	0	25	24	24	0	23	20	28	24	22	0	0	28	28	27	27	30	0	20	25	22
0	28	0	0	0	27	30	0	0	30	0	0	0	0	0	0	0	30	0	27	0	28	0	0	28	0	0	28	26	0	0	0	0	0	30	26	0	0	28	0	0	0	0	0	0	0	0	26	0	28
0	28	0	0	0	27	30	0	0	30	0	0	0	0	0	30	0	30	0	27	0	28	0	30	28	0	0	28	26	0	0	30	30	0	30	26	0	0	28	0	0	0	0	0	0	0	0	26	0	28
0	28	0	0	0	27	0	0	0	0	0	0	0	0	0	0	0	0	0	28	0	30	0	0	28	0	0	28	26	0	0	0	0	0	0	26	0	0	28	0	0	0	0	0	0	0	0	26	0	28
24	22	0	27	0	21	24	28	0	24	0	26	24	28	0	24	24	23	0	21	28	23	30	24	23	28	28	22	20	0	25	24	24	0	24	20	28	24	22	0	0	28	28	27	27	30	0	20	25	22
0	0	0	0	0	28	0	0	0	0	0	0	0	0	0	0	0	0	0	0	0	0	0	0	0	0	0	0	28	0	0	0	0	0	0	28	0	0	0	0	0	0	0	0	0	0	0	28	0	0
25	23	0	28	0	22	25	0	0	25	0	27	25	0	0	25	25	25	0	22	0	24	0	25	24	28	0	23	21	0	26	25	25	0	25	21	28	25	23	0	0	28	28	28	28	0	0	21	27	23
0	28	0	0	0	27	0	0	0	0	0	0	0	0	0	0	0	0	0	28	0	0	0	0	30	0	0	28	27	0	0	0	0	0	0	26	0	0	28	0	0	0	0	0	0	0	0	27	0	28
25	23	0	28	0	21	24	30	0	24	0	27	24	28	0	24	24	24	0	22	28	23	0	24	23	28	30	22	21	0	25	24	24	0	24	20	28	25	23	0	0	28	28	28	27	0	0	21	26	23
0	28	0	0	0	27	30	0	0	30	0	0	0	0	0	30	0	30	0	27	0	28	0	0	28	0	0	28	26	0	0	30	30	0	30	26	0	0	28	0	0	0	0	0	0	0	0	26	0	28
0	28	0	0	0	27	0	0	0	0	0	0	0	0	0	0	0	0	0	28	0	0	0	0	0	0	0	28	27	0	0	0	0	0	0	26	0	0	28	0	0	0	0	0	0	0	0	27	0	28
26	24	0	30	0	22	25	0	0	25	0	28	26	0	0	26	26	25	0	23	0	25	0	26	25	0	0	24	22	0	27	26	26	0	25	22	0	26	24	0	0	30	0	30	28	0	0	22	27	24
25	23	0	28	0	21	24	30	0	24	0	27	25	28	0	24	24	24	0	22	28	24	0	24	23	28	0	22	21	0	25	24	24	0	24	20	28	25	23	0	0	28	28	28	27	0	0	21	26	23
0	0	0	0	0	28	0	0	0	0	0	0	0	0	0	0	0	0	0	30	0	0	0	0	0	0	0	0	28	0	0	0	0	0	0	28	0	0	0	0	0	0	0	0	0	0	0	28	0	0
0	0	0	0	0	0	0	0	0	0	0	0	0	0	0	0	0	0	0	0	0	0	0	0	0	0	0	0	0	0	0	0	0	0	0	30	0	0	0	0	0	0	0	0	0	0	0	0	0	0
21	20	0	24	28	18	21	26	27	21	28	23	21	26	27	21	21	21	27	19	26	20	26	21	20	25	26	19	18	0	22	21	21	0	21	17	25	21	20	27	28	25	25	24	24	27	28	18	22	19
28	28	0	0	0	26	28	0	0	28	0	0	28	0	0	28	28	28	0	26	0	28	0	28	28	0	0	27	25	0	0	28	28	0	28	25	0	30	28	0	0	0	0	0	0	0	0	25	0	27
0	28	0	0	0	27	30	0	0	30	0	0	0	0	0	0	0	30	0	27	0	28	0	0	28	0	0	28	26	0	0	0	0	0	30	26	0	0	28	0	0	0	0	0	0	0	0	26	0	28
0	28	0	0	0	27	30	0	0	30	0	0	0	0	0	0	0	30	0	27	0	28	0	0	28	0	0	28	26	0	0	0	0	0	30	26	0	0	28	0	0	0	0	0	0	0	0	26	0	28
21	19	0	24	28	18	20	26	27	20	28	23	21	25	26	21	21	20	26	19	25	20	26	21	20	24	26	19	17	30	21	21	21	0	20	17	25	21	19	27	28	24	25	24	23	26	27	17	22	19
0	28	0	0	0	27	0	0	0	0	0	0	0	0	0	0	0	30	0	28	0	30	0	0	28	0	0	28	26	0	0	0	0	0	0	26	0	0	28	0	0	0	0	0	0	0	0	26	0	28
0	0	0	0	0	0	0	0	0	0	0	0	0	0	0	0	0	0	0	0	0	0	0	0	0	0	0	0	0	0	0	0	0	0	0	0	0	0	0	0	0	0	0	0	0	0	0	0	0	0
26	24	0	28	0	22	25	0	0	25	0	28	26	0	0	25	25	25	0	23	0	25	0	25	25	30	0	23	22	0	26	25	25	0	25	21	0	26	24	0	0	30	30	28	28	0	0	22	27	24
30	28	0	0	0	26	28	0	0	28	0	0	30	0	0	28	28	28	0	27	0	28	0	28	28	0	0	27	25	0	0	28	28	0	28	25	0	0	28	0	0	0	0	0	0	0	0	25	0	28
0	0	0	0	0	28	0	0	0	0	0	0	0	0	0	0	0	0	0	28	0	0	0	0	0	0	0	28	27	0	0	0	0	0	0	27	0	0	0	0	0	0	0	0	0	0	0	27	0	30
24	22	0	27	0	21	23	28	0	23	0	26	24	28	30	23	23	23	30	21	28	23	28	23	23	28	28	22	20	0	24	23	23	0	23	20	28	24	22	0	0	28	28	27	27	30	0	20	25	22
23	21	0	26	0	20	22	28	28	23	0	25	23	28	28	23	23	22	28	20	28	22	28	23	22	27	28	21	19	0	24	23	23	0	22	19	27	23	21	28	0	27	27	26	26	28	30	19	24	21
26	24	0	30	0	22	25	0	0	26	0	28	26	0	0	26	26	25	0	23	0	25	0	26	25	0	0	24	22	0	27	26	26	0	25	22	0	26	24	0	0	0	0	30	28	0	0	22	27	24
26	24	0	28	0	22	25	0	0	25	0	28	26	0	0	25	26	25	0	23	0	25	0	25	25	30	0	23	22	0	27	25	25	0	25	22	0	26	24	0	0	30	0	28	28	0	0	22	27	24
27	25	0	30	0	23	26	0	0	26	0	28	26	0	0	26	26	26	0	24	0	25	0	26	25	0	0	24	22	0	27	26	26	0	26	22	0	27	25	0	0	0	0	0	28	0	0	22	28	24
27	25	0	0	0	23	27	0	0	27	0	30	27	0	0	27	27	26	0	24	0	26	0	27	26	0	0	25	23	0	28	27	27	0	27	23	0	27	25	0	0	0	0	0	0	0	0	23	28	25
24	22	0	27	0	21	24	28	0	24	0	26	24	28	0	24	24	24	0	21	28	23	30	24	23	28	30	22	20	0	25	24	24	0	24	20	28	24	22	0	0	28	28	28	27	0	0	20	26	22
23	22	0	26	0	20	23	28	30	23	0	25	23	28	28	23	23	23	28	21	28	22	28	23	22	27	28	21	19	0	24	23	23	0	23	19	27	23	22	28	0	27	27	27	26	28	0	19	25	21
0	0	0	0	0	0	0	0	0	0	0	0	0	0	0	0	0	0	0	0	0	0	0	0	0	0	0	0	0	0	0	0	0	0	0	30	0	0	0	0	0	0	0	0	0	0	0	0	0	0
28	27	0	0	0	25	28	0	0	28	0	0	28	0	0	28	28	28	0	26	0	27	0	28	27	0	0	26	24	0	28	28	28	0	28	24	0	28	27	0	0	0	0	0	0	0	0	24	0	26
0	0	0	0	0	28	0	0	0	0	0	0	0	0	0	0	0	0	0	28	0	0	0	0	0	0	0	30	28	0	0	0	0	0	0	27	0	0	0	0	0	0	0	0	0	0	0	28	0	0

0	0	43	34	40	0	0	36	38	0	39	33	0	36	37	0	0	0	37	0	36	0	37	0	0	35	36	0	0	41	31	0	0	42	0	0	35	30	0	37	39	35	35	34	33	37	38	0	32	0
32	0	46	36	43	0	31	39	40	32	41	35	32	38	40	32	32	31	39	0	38	31	39	32	31	37	39	0	0	44	33	32	32	44	31	0	37	32	0	40	41	37	37	36	36	39	41	0	34	0
0	0	0	0	0	0	0	0	0	0	0	0	0	0	0	0	0	0	0	0	0	0	0	0	0	0	0	0	0	0	0	0	0	0	0	0	0	0	0	0	0	0	0	0	0	0	0	0	0	0
0	0	39	0	36	0	0	32	34	0	34	0	0	32	33	0	0	0	33	0	32	0	32	0	0	31	32	0	0	37	0	0	0	37	0	0	31	0	0	33	34	31	31	30	0	33	34	0	0	0
0	0	33	0	0	0	0	0	0	0	0	0	0	0	0	0	0	0	0	0	0	0	0	0	0	0	0	0	0	31	0	0	0	31	0	0	0	0	0	0	0	0	0	0	0	0	0	0	0	0
34	32	49	39	46	0	34	41	43	34	44	37	34	41	42	34	34	34	42	31	41	33	41	34	33	39	41	31	0	47	35	34	34	47	34	0	40	35	32	42	44	39	39	39	38	42	43	0	36	32
31	0	44	35	41	0	0	37	39	30	39	33	31	36	38	30	30	0	38	0	36	0	37	30	0	35	37	0	0	42	31	30	30	43	0	0	36	31	0	38	39	35	35	35	34	38	39	0	32	0
0	0	37	0	34	0	0	0	32	0	32	0	0	0	31	0	0	0	31	0	0	0	30	0	0	0	30	0	0	35	0	0	0	35	0	0	0	0	0	31	32	0	0	0	0	31	32	0	0	0
0	0	35	0	32	0	0	0	0	0	31	0	0	0	0	0	0	0	0	0	0	0	0	0	0	0	0	0	0	33	0	0	0	34	0	0	0	0	0	0	31	0	0	0	0	0	30	0	0	0
31	0	44	35	41	0	0	37	38	0	39	33	31	36	38	30	30	0	38	0	36	0	37	30	0	35	37	0	0	42	31	30	30	42	0	0	36	31	0	38	39	35	35	35	34	38	39	0	32	0
0	0	34	0	32	0	0	0	0	0	0	0	0	0	0	0	0	0	0	0	0	0	0	0	0	0	0	0	0	32	0	0	0	33	0	0	0	0	0	0	0	0	0	0	0	0	0	0	0	0
0	0	40	31	37	0	0	33	35	0	36	0	0	33	34	0	0	0	34	0	33	0	34	0	0	32	34	0	0	38	0	0	0	39	0	0	32	0	0	35	36	32	32	31	31	34	35	0	0	0
30	0	44	34	40	0	0	36	38	0	39	33	0	36	37	0	0	0	37	0	36	0	37	0	0	35	36	0	0	41	31	0	0	42	0	0	35	30	0	37	39	35	35	34	33	37	38	0	32	0
0	0	37	0	34	0	0	31	32	0	33	0	0	0	31	0	0	0	31	0	0	0	31	0	0	0	31	0	0	35	0	0	0	36	0	0	0	0	0	32	33	0	0	0	0	31	32	0	0	0
0	0	36	0	33	0	0	0	31	0	31	0	0	0	0	0	0	0	0	0	0	0	0	0	0	0	0	0	0	34	0	0	0	34	0	0	0	0	0	30	31	0	0	0	0	0	31	0	0	0
31	0	44	35	41	0	0	37	38	0	39	33	31	36	38	0	30	0	38	0	36	0	37	30	0	35	37	0	0	42	31	0	0	42	0	0	35	31	0	38	39	35	35	35	34	38	39	0	32	0
31	0	44	34	41	0	0	37	38	0	39	33	31	36	38	0	0	0	38	0	36	0	37	0	0	35	37	0	0	42	31	0	0	42	0	0	35	31	0	38	39	35	35	35	34	38	39	0	32	0
31	0	44	35	41	0	30	37	39	30	39	33	31	36	38	30	30	0	38	0	36	0	37	30	0	35	37	0	0	42	31	30	30	43	30	0	36	31	0	38	39	35	35	35	34	38	39	0	32	0
0	0	36	0	33	0	0	0	31	0	31	0	0	0	30	0	0	0	0	0	0	0	0	0	0	0	0	0	0	34	0	0	0	34	0	0	0	0	0	30	31	0	0	0	0	0	31	0	0	0
34	31	48	38	44	0	33	40	42	33	43	36	33	39	41	33	33	33	41	0	39	32	40	33	32	38	40	30	0	45	34	33	33	46	33	0	39	34	31	41	43	38	38	38	37	41	42	0	35	31
0	0	37	0	34	0	0	31	32	0	33	0	0	0	31	0	0	0	31	0	0	0	31	0	0	0	31	0	0	35	0	0	0	36	0	0	0	0	0	32	33	0	0	0	0	31	32	0	0	0
31	0	45	35	42	0	31	38	39	31	40	34	31	37	39	31	31	31	39	0	37	0	38	31	0	36	38	0	0	43	32	31	31	43	31	0	36	32	0	39	40	36	36	35	35	38	40	0	33	0
0	0	36	0	33	0	0	0	31	0	32	0	0	0	31	0	0	0	31	0	0	0	0	0	0	0	0	0	0	34	0	0	0	35	0	0	0	0	0	31	32	0	0	0	0	31	32	0	0	0
31	0	44	35	41	0	0	37	38	0	39	33	31	36	38	0	30	0	38	0	36	0	37	0	0	35	37	0	0	42	31	0	0	42	0	0	35	31	0	38	39	35	35	35	34	38	39	0	32	0
32	0	45	35	42	0	31	38	39	31	40	34	31	37	39	31	31	31	39	0	37	30	38	31	0	36	38	0	0	43	32	31	31	43	31	0	36	32	0	39	40	36	36	36	35	39	40	0	33	0
0	0	38	0	35	0	0	32	33	0	34	0	0	31	32	0	0	0	32	0	31	0	32	0	0	0	32	0	0	36	0	0	0	37	0	0	30	0	0	33	34	0	30	0	0	32	33	0	0	0
0	0	36	0	34	0	0	0	31	0	32	0	0	0	31	0	0	0	31	0	0	0	30	0	0	0	0	0	0	35	0	0	0	35	0	0	0	0	0	31	32	0	0	0	0	31	32	0	0	0
33	31	47	37	44	0	32	40	41	32	42	36	33	39	41	33	33	32	41	0	39	32	40	33	32	38	40	0	0	45	34	33	33	45	32	0	38	33	31	41	42	38	38	37	36	40	42	0	35	31
35	33	50	40	47	31	35	42	44	35	45	38	35	41	43	35	35	35	43	32	41	34	42	35	34	40	42	32	0	48	36	35	35	48	35	0	41	36	33	43	45	40	40	40	39	43	44	0	37	33
0	0	32	0	0	0	0	0	0	0	0	0	0	0	0	0	0	0	0	0	0	0	0	0	0	0	0	0	0	0	0	0	0	30	0	0	0	0	0	0	0	0	0	0	0	0	0	0	0	0
0	0	43	33	40	0	0	35	37	0	38	32	0	35	36	0	0	0	36	0	35	0	36	0	0	34	36	0	0	41	0	0	0	41	0	0	34	0	0	37	38	34	34	33	33	36	38	0	31	0
31	0	44	35	41	0	0	37	38	0	39	33	31	36	38	0	30	0	38	0	36	0	37	30	0	35	37	0	0	42	31	0	0	42	0	0	35	31	0	38	39	35	35	35	34	38	39	0	32	0
31	0	44	35	41	0	0	37	38	0	39	33	31	36	38	0	30	0	38	0	36	0	37	30	0	35	37	0	0	42	31	0	0	42	0	0	35	31	0	38	39	35	35	35	34	38	39	0	32	0
0	0	32	0	0	0	0	0	0	0	0	0	0	0	0	0	0	0	0	0	0	0	0	0	0	0	0	0	0	0	0	0	0	0	0	0	0	0	0	0	0	0	0	0	0	0	0	0	0	0
31	0	44	35	41	0	0	37	39	30	39	33	31	36	38	30	30	0	38	0	36	0	37	30	0	35	37	0	0	42	31	30	30	43	0	0	36	31	0	38	39	35	35	35	34	38	39	0	32	0
36	33	50	40	47	31	35	42	44	35	45	39	36	42	44	35	35	35	43	32	42	34	43	35	34	41	43	33	30	48	36	35	35	49	35	0	41	36	33	44	45	41	41	40	39	43	45	30	37	33
0	0	38	0	35	0	0	31	33	0	33	0	0	31	32	0	0	0	32	0	31	0	32	0	0	0	31	0	0	36	0	0	0	36	0	0	0	0	0	32	33	0	0	0	0	32	33	0	0	0
0	0	43	34	40	0	0	36	37	0	38	32	0	35	37	0	0	0	37	0	35	0	36	0	0	34	36	0	0	41	30	0	0	41	0	0	35	0	0	37	38	34	34	34	33	37	38	0	31	0
32	30	46	36	43	0	32	39	40	32	41	35	32	38	40	32	32	31	40	0	38	31	39	32	31	37	39	0	0	44	33	32	32	44	32	0	37	32	0	40	41	37	37	36	36	39	41	0	34	0
0	0	35	0	33	0	0	0	30	0	31	0	0	0	0	0	0	0	0	0	0	0	0	0	0	0	0	0	0	34	0	0	0	34	0	0	0	0	0	0	31	0	0	0	0	0	31	0	0	0
0	0	34	0	32	0	0	0	0	0	0	0	0	0	0	0	0	0	0	0	0	0	0	0	0	0	0	0	0	32	0	0	0	33	0	0	0	0	0	0	0	0	0	0	0	0	0	0	0	0
0	0	38	0	35	0	0	32	33	0	34	0	0	31	32	0	0	0	32	0	31	0	32	0	0	30	32	0	0	36	0	0	0	37	0	0	30	0	0	33	34	0	30	0	0	32	33	0	0	0
0	0	38	0	35	0	0	31	33	0	34	0	0	31	32	0	0	0	32	0	31	0	32	0	0	0	32	0	0	36	0	0	0	37	0	0	30	0	0	33	34	0	0	0	0	32	33	0	0	0
0	0	39	0	36	0	0	32	34	0	34	0	0	32	33	0	0	0	33	0	32	0	32	0	0	31	32	0	0	37	0	0	0	37	0	0	31	0	0	33	34	31	31	0	0	33	34	0	0	0
0	0	40	31	37	0	0	33	34	0	35	0	0	32	34	0	0	0	34	0	32	0	33	0	0	31	33	0	0	38	0	0	0	38	0	0	32	0	0	34	35	31	31	31	0	34	35	0	0	0
0	0	36	0	33	0	0	0	31	0	31	0	0	0	30	0	0	0	30	0	0	0	0	0	0	0	0	0	0	34	0	0	0	34	0	0	0	0	0	30	31	0	0	0	0	0	31	0	0	0
0	0	35	0	32	0	0	0	0	0	30	0	0	0	0	0	0	0	0	0	0	0	0	0	0	0	0	0	0	33	0	0	0	33	0	0	0	0	0	0	30	0	0	0	0	0	0	0	0	0
35	33	50	40	47	31	35	42	44	35	45	38	35	41	43	35	35	35	43	32	41	34	42	35	34	40	42	32	0	48	36	35	35	48	35	0	41	36	33	43	45	40	40	40	39	43	44	0	37	33
0	0	42	32	38	0	0	34	36	0	37	31	0	34	35	0	0	0	35	0	34	0	35	0	0	33	35	0	0	39	0	0	0	40	0	0	33	0	0	36	37	33	33	32	32	35	36	0	0	0
32	30	46	37	43	0	32	39	41	32	41	35	32	38	40	32	32	32	40	0	38	31	39	32	31	37	39	0	0	44	33	32	32	45	32	0	38	33	30	40	41	37	37	37	36	40	41	0	34	0

0	44	56	95	44	56	62	0	80	71	51	47	71	16	67	87	34	50	71	80	87	80	83	44	67	44	0	67	67	59	69	56	67	40	71	80	67	67	56	91	0	25	56	50	87	53	67	53	0	95
0	0	0	0	0	0	0	0	0	0	0	0	0	35	0	0	78	0	0	0	0	0	0	0	0	0	0	0	0	0	0	0	0	90	0	0	0	0	0	0	0	56	0	0	0	0	0	0	0	0
0	78	0	0	78	97	0	0	0	0	90	81	0	28	0	0	60	88	0	0	0	0	0	78	0	78	0	0	0	0	0	0	0	70	0	0	0	0	0	0	0	44	0	88	0	92	0	92	0	0
0	47	60	0	47	57	66	0	84	75	54	49	75	17	70	91	36	52	75	84	91	84	88	47	70	47	0	70	70	62	72	60	70	42	75	84	70	70	60	95	0	26	60	52	91	55	70	55	0	0
0	0	0	0	0	0	0	0	0	0	0	0	0	35	0	0	78	0	0	0	0	0	0	0	0	0	0	0	0	0	0	0	0	90	0	0	0	0	0	0	0	56	0	0	0	0	0	0	0	0
0	80	0	0	80	0	0	0	0	0	92	84	0	28	0	0	62	90	0	0	0	0	0	80	0	80	0	0	0	0	0	0	0	72	0	0	0	0	0	0	0	45	0	90	0	95	0	95	0	0
0	71	91	0	71	89	0	0	0	0	82	74	0	25	0	0	55	80	0	0	0	0	0	71	0	71	0	0	0	94	0	91	0	64	0	0	0	0	91	0	0	40	91	80	0	84	0	84	0	0
88	39	50	83	39	49	55	0	70	62	45	41	62	14	57	76	30	44	62	70	76	70	73	39	57	39	0	57	57	51	60	50	57	35	62	70	57	57	50	80	88	22	50	44	76	46	57	46	88	83
0	56	71	0	56	69	78	0	0	89	64	57	89	20	83	0	43	62	89	0	0	0	0	56	83	56	0	83	83	74	86	71	83	50	89	0	83	83	71	0	0	31	71	62	0	66	83	66	0	0
0	62	80	0	62	78	87	0	0	0	72	65	0	22	93	0	48	70	0	0	0	0	0	62	93	62	0	93	93	82	97	80	93	56	0	0	93	93	80	0	0	35	80	70	0	74	93	74	0	0
0	87	0	0	87	0	0	0	0	0	0	91	0	31	0	0	67	98	0	0	0	0	0	87	0	87	0	0	0	0	0	0	0	78	0	0	0	0	0	0	0	49	0	98	0	0	0	0	0	0
0	96	0	0	96	0	0	0	0	0	0	0	0	34	0	0	74	0	0	0	0	0	0	96	0	96	0	0	0	0	0	0	0	86	0	0	0	0	0	0	0	54	0	0	0	0	0	0	0	0
0	62	80	0	62	78	87	0	0	0	72	65	0	22	93	0	48	70	0	0	0	0	0	62	93	62	0	93	93	82	97	80	93	56	0	0	93	93	80	0	0	35	80	70	0	74	93	74	0	0
0	0	0	0	0	0	0	0	0	0	0	0	0	0	0	0	0	0	0	0	0	0	0	0	0	0	0	0	0	0	0	0	0	0	0	0	0	0	0	0	0	0	0	0	0	0	0	0	0	0
0	67	86	0	67	83	94	0	0	0	77	70	0	24	0	0	52	75	0	0	0	0	0	67	0	67	0	0	0	88	0	86	0	60	0	0	0	0	86	0	0	38	86	75	0	79	0	79	0	0
0	51	66	0	51	64	72	0	92	82	59	53	82	18	77	0	40	56	82	92	0	92	96	51	77	51	0	77	77	68	79	66	77	46	82	92	77	77	66	0	0	28	66	56	0	61	77	61	0	0
0	0	0	0	0	0	0	0	0	0	0	0	0	46	0	0	0	0	0	0	0	0	0	0	0	0	0	0	0	0	0	0	0	0	0	0	0	0	0	0	0	72	0	0	0	0	0	0	0	0
0	89	0	0	89	0	0	0	0	0	0	93	0	31	0	0	69	0	0	0	0	0	0	89	0	89	0	0	0	0	0	0	0	80	0	0	0	0	0	0	0	50	0	0	0	0	0	0	0	0
0	62	80	0	62	78	87	0	0	0	72	65	0	22	93	0	48	70	0	0	0	0	0	62	93	62	0	93	93	82	97	80	93	56	0	0	93	93	80	0	0	35	80	70	0	74	93	74	0	0
0	56	71	0	56	69	78	0	0	89	64	57	89	20	83	0	43	62	89	0	0	0	0	56	83	56	0	83	83	74	86	71	83	50	89	0	83	83	71	0	0	31	71	62	0	66	83	66	0	0
0	51	66	0	51	64	72	0	92	82	59	53	82	18	77	0	40	56	82	92	0	92	96	51	77	51	0	77	77	68	79	66	77	46	82	92	77	77	66	0	0	28	66	56	0	61	77	61	0	0
0	56	71	0	56	69	78	0	0	89	64	57	89	20	83	0	43	62	89	0	0	0	0	56	83	56	0	83	83	74	86	71	83	50	89	0	83	83	71	0	0	31	71	62	0	66	83	66	0	0
0	53	69	0	53	67	75	0	96	86	62	56	86	19	80	0	41	60	86	96	0	96	0	53	80	53	0	80	80	71	83	69	80	48	86	96	80	80	69	0	0	30	69	60	0	63	80	63	0	0
0	0	0	0	0	0	0	0	0	0	0	0	0	35	0	0	78	0	0	0	0	0	0	0	0	0	0	0	0	0	0	0	0	90	0	0	0	0	0	0	0	56	0	0	0	0	0	0	0	0
0	67	86	0	67	83	94	0	0	0	77	70	0	24	0	0	52	75	0	0	0	0	0	67	0	67	0	0	0	88	0	86	0	60	0	0	0	0	86	0	0	38	86	75	0	79	0	79	0	0
0	0	0	0	0	0	0	0	0	0	0	0	0	35	0	0	78	0	0	0	0	0	0	0	0	0	0	0	0	0	0	0	0	90	0	0	0	0	0	0	0	56	0	0	0	0	0	0	0	0
88	39	50	83	39	49	55	0	70	62	45	41	62	14	57	76	30	44	62	70	76	70	73	39	57	39	0	57	57	51	60	50	57	35	62	70	57	57	50	80	88	22	50	44	76	46	57	46	88	83
0	67	86	0	67	83	94	0	0	0	77	70	0	24	0	0	52	75	0	0	0	0	0	67	0	67	0	0	0	88	0	86	0	60	0	0	0	0	86	0	0	38	86	75	0	79	0	79	0	0
0	67	86	0	67	83	94	0	0	0	77	70	0	24	0	0	52	75	0	0	0	0	0	67	0	67	0	0	0	88	0	86	0	60	0	0	0	0	86	0	0	38	86	75	0	79	0	79	0	0
0	76	97	0	76	94	0	0	0	0	87	79	0	27	0	0	59	85	0	0	0	0	0	76	0	76	0	0	0	0	0	97	0	68	0	0	0	0	97	0	0	42	97	85	0	89	0	89	0	0
0	64	83	0	64	81	91	0	0	0	74	67	0	23	97	0	50	72	0	0	0	0	0	64	97	64	0	97	97	85	0	83	97	57	0	0	97	97	83	0	0	36	83	72	0	76	97	76	0	0
0	78	0	0	78	97	0	0	0	0	90	81	0	28	0	0	60	88	0	0	0	0	0	78	0	78	0	0	0	0	0	0	0	70	0	0	0	0	0	0	0	44	0	88	0	92	0	92	0	0
0	67	86	0	67	83	94	0	0	0	77	70	0	24	0	0	52	75	0	0	0	0	0	67	0	67	0	0	0	88	0	86	0	60	0	0	0	0	86	0	0	38	86	75	0	79	0	79	0	0
0	0	0	0	0	0	0	0	0	0	0	0	0	39	0	0	86	0	0	0	0	0	0	0	0	0	0	0	0	0	0	0	0	0	0	0	0	0	0	0	0	62	0	0	0	0	0	0	0	0
0	62	80	0	62	78	87	0	0	0	72	65	0	22	93	0	48	70	0	0	0	0	0	62	93	62	0	93	93	82	97	80	93	56	0	0	93	93	80	0	0	35	80	70	0	74	93	74	0	0
0	56	71	0	56	69	78	0	0	89	64	57	89	20	83	0	43	62	89	0	0	0	0	56	83	56	0	83	83	74	86	71	83	50	89	0	83	83	71	0	0	31	71	62	0	66	83	66	0	0
0	67	86	0	67	83	94	0	0	0	77	70	0	24	0	0	52	75	0	0	0	0	0	67	0	67	0	0	0	88	0	86	0	60	0	0	0	0	86	0	0	38	86	75	0	79	0	79	0	0
0	67	86	0	67	83	94	0	0	0	77	70	0	24	0	0	52	75	0	0	0	0	0	67	0	67	0	0	0	88	0	86	0	60	0	0	0	0	86	0	0	38	86	75	0	79	0	79	0	0
0	78	0	0	78	97	0	0	0	0	90	81	0	28	0	0	60	88	0	0	0	0	0	78	0	78	0	0	0	0	0	0	0	70	0	0	0	0	0	0	0	44	0	88	0	92	0	92	0	0
0	49	63	0	49	61	69	0	88	79	56	51	79	17	73	96	38	55	79	88	96	88	92	49	73	49	0	73	73	65	76	63	73	44	79	88	73	73	63	0	0	28	63	55	96	57	73	57	0	0
0	44	56	95	44	56	62	0	80	71	51	47	71	16	67	87	34	50	71	80	87	80	83	44	67	44	0	67	67	59	69	56	67	40	71	80	67	67	56	91	0	25	56	50	87	53	67	53	0	95
0	0	0	0	0	0	0	0	0	0	0	0	0	63	0	0	0	0	0	0	0	0	0	0	0	0	0	0	0	0	0	0	0	0	0	0	0	0	0	0	0	0	0	0	0	0	0	0	0	0
0	78	0	0	78	97	0	0	0	0	90	81	0	28	0	0	60	88	0	0	0	0	0	78	0	78	0	0	0	0	0	0	0	70	0	0	0	0	0	0	0	44	0	88	0	92	0	92	0	0
0	89	0	0	89	0	0	0	0	0	0	93	0	31	0	0	69	0	0	0	0	0	0	89	0	89	0	0	0	0	0	0	0	80	0	0	0	0	0	0	0	50	0	0	0	0	0	0	0	0
0	51	66	0	51	64	72	0	92	82	59	53	82	18	77	0	40	56	82	92	0	92	96	51	77	51	0	77	77	68	79	66	77	46	82	92	77	77	66	0	0	28	66	56	0	61	77	61	0	0
0	84	0	0	84	0	0	0	0	0	97	88	0	30	0	0	66	95	0	0	0	0	0	84	0	84	0	0	0	0	0	0	0	76	0	0	0	0	0	0	0	48	0	95	0	0	0	0	0	0
0	67	86	0	67	83	94	0	0	0	77	70	0	24	0	0	52	75	0	0	0	0	0	67	0	67	0	0	0	88	0	86	0	60	0	0	0	0	86	0	0	38	86	75	0	79	0	79	0	0
0	84	0	0	84	0	0	0	0	0	97	88	0	30	0	0	66	95	0	0	0	0	0	84	0	84	0	0	0	0	0	0	0	76	0	0	0	0	0	0	0	48	0	95	0	0	0	0	0	0
0	44	56	95	44	56	62	0	80	71	51	47	71	16	67	87	34	50	71	80	87	80	83	44	67	44	0	67	67	59	69	56	67	40	71	80	67	67	56	91	0	25	56	50	87	53	67	53	0	95
0	47	60	0	47	57	66	0	84	75	54	49	75	17	70	91	36	52	75	84	91	84	88	47	70	47	0	70	70	62	72	60	70	42	75	84	70	70	60	95	0	26	60	52	91	55	70	55	0	0

0	0	0	0	0	0	0	113	0	0	0	0	0	0	0	0	0	0	0	0	0	0	0	0	0	0	113	0	0	0	0	0	0	0	0	0	0	0	0	0	0	0	0	0	0	0	0	0	0	0
225	0	129	214	0	125	141	257	180	161	114	105	161	0	150	196	0	112	161	180	196	180	188	0	150	0	257	150	150	132	155	129	150	0	161	180	150	150	129	204	225	0	129	112	196	118	150	118	225	214
175	0	0	167	0	0	109	200	140	125	0	0	125	0	117	152	0	0	125	140	152	140	146	0	117	0	200	117	117	103	121	0	117	0	125	140	117	117	0	159	175	0	0	0	152	0	117	0	175	167
105	0	0	0	0	0	0	120	0	0	0	0	0	0	0	0	0	0	0	0	0	0	0	0	0	0	120	0	0	0	0	0	0	0	0	0	0	0	0	0	105	0	0	0	0	0	0	0	105	0
225	0	129	214	0	125	141	257	180	161	114	105	161	0	150	196	0	112	161	180	196	180	188	0	150	0	257	150	150	132	155	129	150	0	161	180	150	150	129	204	225	0	129	112	196	118	150	118	225	214
180	0	103	171	0	0	112	206	144	129	0	0	129	0	120	157	0	0	129	144	157	144	150	0	120	0	206	120	120	106	124	103	120	0	129	144	120	120	103	164	180	0	103	0	157	0	120	0	180	171
160	0	0	152	0	0	0	183	128	113	0	0	113	0	107	139	0	0	113	128	139	128	133	0	107	0	183	107	107	0	110	0	107	0	113	128	107	107	0	145	160	0	0	0	139	0	107	0	160	152
0	0	0	0	0	0	0	0	0	0	0	0	0	0	0	0	0	0	0	0	0	0	0	0	0	0	0	0	0	0	0	0	0	0	0	0	0	0	0	0	0	0	0	0	0	0	0	0	0	0
125	0	0	119	0	0	0	143	0	0	0	0	0	0	0	109	0	0	0	0	109	0	104	0	0	0	143	0	0	0	0	0	0	0	0	0	0	0	0	113	125	0	0	0	109	0	0	0	125	119
140	0	0	133	0	0	0	160	112	0	0	0	0	0	0	122	0	0	0	112	122	112	117	0	0	0	160	0	0	0	0	0	0	0	0	112	0	0	0	127	140	0	0	0	122	0	0	0	140	133
195	0	111	186	0	108	122	223	156	139	0	0	139	0	130	170	0	0	139	156	170	156	162	0	130	0	223	130	130	114	134	111	130	0	139	156	130	130	111	177	195	0	111	0	170	103	130	103	195	186
215	0	123	204	0	119	134	246	172	154	110	0	154	0	143	187	0	108	154	172	187	172	179	0	143	0	246	143	143	126	148	123	143	0	154	172	143	143	123	195	215	0	123	108	187	112	143	112	215	204
140	0	0	133	0	0	0	160	112	0	0	0	0	0	0	122	0	0	0	112	122	112	117	0	0	0	160	0	0	0	0	0	0	0	0	112	0	0	0	127	140	0	0	0	122	0	0	0	140	133
635	282	363	605	282	353	397	726	508	454	326	295	454	0	423	552	219	318	454	508	552	508	529	282	423	282	726	423	423	374	438	363	423	254	454	508	423	423	363	577	635	159	363	318	552	334	423	334	635	605
150	0	0	143	0	0	0	171	120	107	0	0	107	0	0	130	0	0	107	120	130	120	125	0	0	0	171	0	0	0	103	0	0	0	107	120	0	0	0	136	150	0	0	0	130	0	0	0	150	143
114	0	0	110	0	0	0	131	0	0	0	0	0	0	0	0	0	0	0	0	0	0	0	0	0	0	131	0	0	0	0	0	0	0	0	0	0	0	0	105	114	0	0	0	0	0	0	0	114	110
290	129	166	276	129	161	181	331	231	206	149	135	206	0	193	252	0	145	206	231	252	231	242	129	193	129	331	193	193	171	200	166	193	115	206	231	193	193	166	264	290	0	166	145	252	153	193	153	290	276
200	0	113	190	0	111	125	229	160	143	103	0	143	0	133	174	0	0	143	160	174	160	167	0	133	0	229	133	133	118	138	113	133	0	143	160	133	133	113	182	200	0	113	0	174	105	133	105	200	190
140	0	0	133	0	0	0	160	112	0	0	0	0	0	0	122	0	0	0	112	122	112	117	0	0	0	160	0	0	0	0	0	0	0	0	112	0	0	0	127	140	0	0	0	122	0	0	0	140	133
125	0	0	119	0	0	0	143	0	0	0	0	0	0	0	109	0	0	0	0	109	0	104	0	0	0	143	0	0	0	0	0	0	0	0	0	0	0	0	113	125	0	0	0	109	0	0	0	125	119
114	0	0	110	0	0	0	131	0	0	0	0	0	0	0	0	0	0	0	0	0	0	0	0	0	0	131	0	0	0	0	0	0	0	0	0	0	0	0	105	114	0	0	0	0	0	0	0	114	110
125	0	0	119	0	0	0	143	0	0	0	0	0	0	0	109	0	0	0	0	109	0	104	0	0	0	143	0	0	0	0	0	0	0	0	0	0	0	0	113	125	0	0	0	109	0	0	0	125	119
120	0	0	113	0	0	0	137	0	0	0	0	0	0	0	104	0	0	0	0	104	0	0	0	0	0	137	0	0	0	0	0	0	0	0	0	0	0	0	109	120	0	0	0	104	0	0	0	120	113
225	0	129	214	0	125	141	257	180	161	114	105	161	0	150	196	0	112	161	180	196	180	188	0	150	0	257	150	150	132	155	129	150	0	161	180	150	150	129	204	225	0	129	112	196	118	150	118	225	214
150	0	0	143	0	0	0	171	120	107	0	0	107	0	0	130	0	0	107	120	130	120	125	0	0	0	171	0	0	0	103	0	0	0	107	120	0	0	0	136	150	0	0	0	130	0	0	0	150	143
225	0	129	214	0	125	141	257	180	161	114	105	161	0	150	196	0	112	161	180	196	180	188	0	150	0	257	150	150	132	155	129	150	0	161	180	150	150	129	204	225	0	129	112	196	118	150	118	225	214
0	0	0	0	0	0	0	0	0	0	0	0	0	0	0	0	0	0	0	0	0	0	0	0	0	0	0	0	0	0	0	0	0	0	0	0	0	0	0	0	0	0	0	0	0	0	0	0	0	0
150	0	0	143	0	0	0	171	120	107	0	0	107	0	0	130	0	0	107	120	130	120	125	0	0	0	171	0	0	0	103	0	0	0	107	120	0	0	0	136	150	0	0	0	130	0	0	0	150	143
150	0	0	143	0	0	0	171	120	107	0	0	107	0	0	130	0	0	107	120	130	120	125	0	0	0	171	0	0	0	103	0	0	0	107	120	0	0	0	136	150	0	0	0	130	0	0	0	150	143
170	0	0	162	0	0	106	194	136	121	0	0	121	0	112	148	0	0	121	136	148	136	142	0	112	0	194	112	112	0	117	0	112	0	121	136	112	112	0	155	170	0	0	0	148	0	112	0	170	162
145	0	0	138	0	0	0	166	115	104	0	0	104	0	0	126	0	0	104	115	126	115	121	0	0	0	166	0	0	0	0	0	0	0	104	115	0	0	0	132	145	0	0	0	126	0	0	0	145	138
175	0	0	167	0	0	109	200	140	125	0	0	125	0	117	152	0	0	125	140	152	140	146	0	117	0	200	117	117	103	121	0	117	0	125	140	117	117	0	159	175	0	0	0	152	0	117	0	175	167
150	0	0	143	0	0	0	171	120	107	0	0	107	0	0	130	0	0	107	120	130	120	125	0	0	0	171	0	0	0	103	0	0	0	107	120	0	0	0	136	150	0	0	0	130	0	0	0	150	143
250	111	143	238	111	139	156	286	200	179	128	115	179	0	167	217	0	125	179	200	217	200	208	111	167	111	286	167	167	147	172	143	167	0	179	200	167	167	143	227	250	0	143	125	217	132	167	132	250	238
140	0	0	133	0	0	0	160	112	0	0	0	0	0	0	122	0	0	0	112	122	112	117	0	0	0	160	0	0	0	0	0	0	0	0	112	0	0	0	127	140	0	0	0	122	0	0	0	140	133
125	0	0	119	0	0	0	143	0	0	0	0	0	0	0	109	0	0	0	0	109	0	104	0	0	0	143	0	0	0	0	0	0	0	0	0	0	0	0	113	125	0	0	0	109	0	0	0	125	119
150	0	0	143	0	0	0	171	120	107	0	0	107	0	0	130	0	0	107	120	130	120	125	0	0	0	171	0	0	0	103	0	0	0	107	120	0	0	0	136	150	0	0	0	130	0	0	0	150	143
150	0	0	143	0	0	0	171	120	107	0	0	107	0	0	130	0	0	107	120	130	120	125	0	0	0	171	0	0	0	103	0	0	0	107	120	0	0	0	136	150	0	0	0	130	0	0	0	150	143
175	0	0	167	0	0	109	200	140	125	0	0	125	0	117	152	0	0	125	140	152	140	146	0	117	0	200	117	117	103	121	0	117	0	125	140	117	117	0	159	175	0	0	0	152	0	117	0	175	167
110	0	0	105	0	0	0	126	0	0	0	0	0	0	0	0	0	0	0	0	0	0	0	0	0	0	126	0	0	0	0	0	0	0	0	0	0	0	0	0	110	0	0	0	0	0	0	0	110	105
0	0	0	0	0	0	0	113	0	0	0	0	0	0	0	0	0	0	0	0	0	0	0	0	0	0	113	0	0	0	0	0	0	0	0	0	0	0	0	0	0	0	0	0	0	0	0	0	0	0
400	178	229	381	178	222	250	457	320	286	204	186	286	0	267	348	138	200	286	320	348	320	333	178	267	178	457	267	267	235	276	229	267	160	286	320	267	267	229	364	400	0	229	200	348	211	267	211	400	381
175	0	0	167	0	0	109	200	140	125	0	0	125	0	117	152	0	0	125	140	152	140	146	0	117	0	200	117	117	103	121	0	117	0	125	140	117	117	0	159	175	0	0	0	152	0	117	0	175	167
200	0	113	190	0	111	125	229	160	143	103	0	143	0	133	174	0	0	143	160	174	160	167	0	133	0	229	133	133	118	138	113	133	0	143	160	133	133	113	182	200	0	113	0	174	105	133	105	200	190
114	0	0	110	0	0	0	131	0	0	0	0	0	0	0	0	0	0	0	0	0	0	0	0	0	0	131	0	0	0	0	0	0	0	0	0	0	0	0	105	114	0	0	0	0	0	0	0	114	110
190	0	109	181	0	106	119	217	152	136	0	0	136	0	127	165	0	0	136	152	165	152	158	0	127	0	217	127	127	112	131	109	127	0	136	152	127	127	109	173	190	0	109	0	165	0	127	0	190	181
150	0	0	143	0	0	0	171	120	107	0	0	107	0	0	130	0	0	107	120	130	120	125	0	0	0	171	0	0	0	103	0	0	0	107	120	0	0	0	136	150	0	0	0	130	0	0	0	150	143
190	0	109	181	0	106	119	217	152	136	0	0	136	0	127	165	0	0	136	152	165	152	158	0	127	0	217	127	127	112	131	109	127	0	136	152	127	127	109	173	190	0	109	0	165	0	127	0	190	181
0	0	0	0	0	0	0	113	0	0	0	0	0	0	0	0	0	0	0	0	0	0	0	0	0	0	113	0	0	0	0	0	0	0	0	0	0	0	0	0	0	0	0	0	0	0	0	0	0	0
105	0	0	0	0	0	0	120	0	0	0	0	0	0	0	0	0	0	0	0	0	0	0	0	0	0	120	0	0	0	0	0	0	0	0	0	0	0	0	0	105	0	0	0	0	0	0	0	105	0