1898 1885 1885 1922 1873 1888 1900 1884 1869 1887 1869 1870 1870 1866 1881 1894 1901 1879 1874 1900 1885 1871 1886 1918 1889 1904 1916 1917 1866 1893 1870 1851 1872 1877 1876 1907 1883 1879 1911 1878 1839 1864 1912 1866 1895 1883 1872 1865 1795 1868

2

1266 1300 1300 1203 1332 1292 1261 1301 1340 1294 1342 1337 1338 1350 1310 1276 1260 1315 1328 1260 1298 1336 1298 1214 1289 1252 1219 1218 1348 1279 1339 1388 1332 1320 1322 1244 1304 1316 1232 1316 1420 1353 1231 1348 1274 1306 1332 1350 1532 1344

10.995288125264231 6.007463691069645 42.996245703394834 39.99651880297118

23275.0

0	30	30	0	0	26	28	22	26	30	26	28	28	25	28	24	22	30	22	26	22	22	0	28	30	0	27	0	30	26	25	25	25	0	0	27	0	28	0	22	25	28	27	28	0	26	0	25	22	0
0	0	0	0	0	27	28	22	27	0	26	28	28	26	28	25	22	0	22	27	22	22	0	30	30	0	27	0	0	26	26	25	25	0	0	28	0	28	0	22	26	30	27	28	0	27	0	25	22	0
0	30	0	0	0	27	28	22	27	0	26	28	28	26	28	25	22	0	22	27	22	22	0	28	30	0	27	0	0	26	26	25	25	0	0	28	0	28	0	22	26	30	27	28	0	27	0	25	22	0
30	28	28	0	0	26	27	21	26	28	25	27	27	25	27	24	21	28	21	26	21	22	0	28	28	30	26	0	28	26	25	24	25	0	0	27	0	27	0	22	25	28	26	28	30	26	30	24	22	30
28	28	28	30	0	26	27	21	26	28	25	27	27	25	27	24	21	28	21	26	21	22	0	28	28	30	26	0	28	26	25	24	24	0	0	27	0	27	0	22	25	28	26	28	30	26	30	24	22	30
0	0	0	0	0	0	0	25	0	0	30	0	0	28	0	28	25	0	25	30	25	26	0	0	0	0	0	0	0	30	28	28	28	0	0	0	0	0	0	26	28	0	0	0	0	0	0	28	26	0
0	0	0	0	0	28	0	24	28	0	28	0	0	28	0	27	24	0	24	28	24	24	0	0	0	0	28	0	0	28	28	27	27	0	0	30	0	0	0	24	28	0	28	0	0	28	0	27	24	0
0	0	0	0	0	0	0	0	0	0	0	0	0	0	0	0	0	0	0	0	0	0	0	0	0	0	0	0	0	0	0	0	0	0	0	0	0	0	0	0	0	0	0	0	0	0	0	0	0	0
0	0	0	0	0	0	0	25	0	0	30	0	0	28	0	28	25	0	25	30	25	26	0	0	0	0	0	0	0	30	28	28	28	0	0	0	0	0	0	26	28	0	0	0	0	0	0	28	26	0
0	30	0	0	0	27	28	22	27	0	26	28	28	26	28	25	22	0	22	27	22	22	0	28	30	0	27	0	0	26	26	25	25	0	0	28	0	28	0	22	26	30	27	28	0	27	0	25	22	0
0	0	0	0	0	0	0	25	0	0	0	0	0	30	0	28	25	0	25	0	25	26	0	0	0	0	0	0	0	0	30	28	28	0	0	0	0	0	0	26	30	0	0	0	0	0	0	28	26	0
0	0	0	0	0	28	30	24	28	0	28	0	0	28	0	27	24	0	24	28	24	24	0	0	0	0	28	0	0	28	28	27	27	0	0	30	0	0	0	24	28	0	28	0	0	28	0	27	24	0
0	0	0	0	0	28	30	24	28	0	28	0	0	28	0	27	24	0	24	28	24	24	0	0	0	0	28	0	0	28	28	27	27	0	0	30	0	0	0	24	28	0	28	0	0	28	0	27	24	0
0	0	0	0	0	0	0	26	0	0	0	0	0	0	0	28	26	0	26	0	26	26	0	0	0	0	0	0	0	0	30	28	30	0	0	0	0	0	0	26	30	0	0	0	0	0	0	28	26	0
0	0	0	0	0	28	30	23	28	0	28	30	30	27	0	26	23	0	23	28	23	24	0	0	0	0	28	0	0	28	27	27	27	0	0	28	0	30	0	24	27	0	28	0	0	28	0	27	24	0
0	0	0	0	0	0	0	27	0	0	0	0	0	0	0	0	27	0	27	0	27	28	0	0	0	0	0	0	0	0	0	0	0	0	0	0	0	0	0	27	0	0	0	0	0	0	0	0	28	0
0	0	0	0	0	0	0	0	0	0	0	0	0	0	0	0	0	0	0	0	0	0	0	0	0	0	0	0	0	0	0	0	0	0	0	0	0	0	0	0	0	0	0	0	0	0	0	0	0	0
0	30	0	0	0	27	28	22	27	0	26	28	28	26	28	25	22	0	22	27	22	22	0	28	30	0	27	0	0	26	26	25	25	0	0	28	0	28	0	22	26	30	27	28	0	27	0	25	22	0
0	0	0	0	0	0	0	0	0	0	0	0	0	0	0	0	0	0	0	0	0	0	0	0	0	0	0	0	0	0	0	0	0	0	0	0	0	0	0	0	0	0	0	0	0	0	0	0	0	0
0	0	0	0	0	0	0	25	0	0	30	0	0	28	0	28	25	0	25	0	25	26	0	0	0	0	0	0	0	30	28	28	28	0	0	0	0	0	0	26	28	0	0	0	0	0	0	28	26	0
0	0	0	0	0	0	0	0	0	0	0	0	0	0	0	0	0	0	0	0	0	0	0	0	0	0	0	0	0	0	0	0	0	0	0	0	0	0	0	0	0	0	0	0	0	0	0	0	0	0
0	0	0	0	0	0	0	28	0	0	0	0	0	0	0	0	28	0	28	0	28	0	0	0	0	0	0	0	0	0	0	0	0	0	0	0	0	0	0	30	0	0	0	0	0	0	0	0	0	0
28	28	28	30	30	25	27	21	25	28	25	27	27	25	27	24	21	28	21	25	21	21	0	28	28	30	26	0	28	25	24	24	24	0	0	26	30	27	30	21	24	28	26	27	30	25	28	24	21	28
0	0	0	0	0	27	28	22	27	0	27	28	28	26	28	25	22	0	22	27	22	23	0	0	0	0	28	0	0	27	26	26	26	0	0	28	0	28	0	23	26	0	28	28	0	27	0	26	23	0
0	0	0	0	0	27	28	22	27	0	26	28	28	26	28	25	22	0	22	27	22	23	0	30	0	0	27	0	0	27	26	25	25	0	0	28	0	28	0	22	26	30	27	28	0	27	0	25	23	0
30	28	28	0	0	26	27	21	26	28	25	27	27	25	28	24	21	28	21	26	21	22	0	28	28	0	26	0	28	26	25	24	25	0	0	27	0	27	0	22	25	28	26	28	30	26	30	24	22	30
0	0	0	0	0	28	0	24	28	0	28	0	0	28	0	27	24	0	24	28	24	25	0	0	0	0	0	0	0	28	28	28	28	0	0	0	0	0	0	25	28	0	0	0	0	28	0	28	25	0
23	23	23	23	24	20	21	16	20	23	19	21	21	19	21	18	16	23	16	20	16	17	24	22	23	23	20	0	23	20	19	19	19	26	25	21	24	21	24	17	19	22	20	21	23	20	23	19	17	23
0	30	0	0	0	27	28	22	27	0	26	28	28	26	28	25	22	0	22	27	22	22	0	28	30	0	27	0	0	26	26	25	25	0	0	28	0	28	0	22	26	30	27	28	0	27	0	25	22	0
0	0	0	0	0	0	0	25	0	0	30	0	0	28	0	28	25	0	25	0	25	26	0	0	0	0	0	0	0	0	28	28	28	0	0	0	0	0	0	26	28	0	0	0	0	0	0	28	26	0
0	0	0	0	0	0	0	26	0	0	0	0	0	0	0	28	26	0	26	0	26	27	0	0	0	0	0	0	0	0	0	30	30	0	0	0	0	0	0	27	0	0	0	0	0	0	0	28	27	0
0	0	0	0	0	0	0	26	0	0	0	0	0	0	0	30	26	0	26	0	26	27	0	0	0	0	0	0	0	0	0	0	0	0	0	0	0	0	0	27	0	0	0	0	0	0	0	30	27	0
0	0	0	0	0	0	0	26	0	0	0	0	0	0	0	28	26	0	26	0	26	27	0	0	0	0	0	0	0	0	0	30	0	0	0	0	0	0	0	27	0	0	0	0	0	0	0	30	27	0
27	26	26	27	27	23	24	19	23	26	23	24	24	22	25	21	19	26	19	23	19	19	28	26	26	27	24	0	26	23	22	22	22	0	28	24	28	24	27	19	22	26	24	25	27	23	27	22	19	27
28	27	27	28	28	24	25	20	24	27	24	25	25	23	26	22	20	27	20	24	20	20	28	27	27	28	25	0	27	24	23	23	23	0	0	25	28	25	28	20	23	27	25	26	28	24	28	23	20	28
0	0	0	0	0	28	0	24	28	0	28	0	0	28	0	27	24	0	24	28	24	24	0	0	0	0	30	0	0	28	28	27	28	0	0	0	0	0	0	24	28	0	30	0	0	28	0	27	24	0
28	28	28	30	30	25	27	21	25	28	25	27	27	25	27	24	21	28	21	25	21	21	0	28	28	30	26	0	28	25	24	24	24	0	0	26	0	27	30	21	24	28	26	27	30	25	28	24	21	28
0	0	0	0	0	28	30	24	28	0	28	30	30	28	0	27	24	0	24	28	24	24	0	0	0	0	28	0	0	28	27	27	27	0	0	30	0	0	0	24	27	0	28	0	0	28	0	27	24	0
28	28	28	30	30	26	27	21	26	28	25	27	27	25	27	24	21	28	21	25	21	22	0	28	28	30	26	0	28	25	25	24	24	0	0	27	0	27	0	21	25	28	26	27	30	26	30	24	22	30
0	0	0	0	0	0	0	28	0	0	0	0	0	0	0	0	28	0	28	0	28	0	0	0	0	0	0	0	0	0	0	0	0	0	0	0	0	0	0	0	0	0	0	0	0	0	0	0	0	0
0	0	0	0	0	0	0	26	0	0	0	0	0	0	0	28	26	0	26	0	26	27	0	0	0	0	0	0	0	0	0	30	30	0	0	0	0	0	0	27	0	0	0	0	0	0	0	28	27	0
0	0	0	0	0	27	28	22	27	0	26	28	28	26	28	25	22	0	22	27	22	23	0	30	0	0	28	0	0	27	26	25	26	0	0	28	0	28	0	23	26	0	28	28	0	27	0	25	23	0
0	0	0	0	0	28	0	24	28	0	28	0	0	28	0	27	24	0	24	28	24	25	0	0	0	0	30	0	0	28	28	28	28	0	0	0	0	0	0	25	28	0	0	0	0	28	0	28	25	0
0	0	0	0	0	28	28	23	28	0	28	30	30	27	30	26	23	0	23	28	23	24	0	0	0	0	28	0	0	28	27	27	27	0	0	28	0	30	0	24	27	0	28	0	0	28	0	26	24	0
30	28	28	0	0	26	27	21	26	28	25	27	27	25	28	24	21	28	21	26	21	22	0	28	28	0	26	0	28	26	25	24	25	0	0	27	0	27	0	22	25	28	26	28	0	26	30	24	22	30
0	0	0	0	0	0	0	25	0	0	30	0	0	28	0	28	25	0	25	30	25	26	0	0	0	0	0	0	0	30	28	28	28	0	0	0	0	0	0	26	28	0	0	0	0	0	0	28	26	0
30	28	28	0	0	26	27	21	26	28	25	27	27	25	28	24	21	28	21	26	21	22	0	28	28	0	27	0	28	26	25	24	25	0	0	27	0	27	0	22	25	28	27	28	0	26	0	24	22	0
0	0	0	0	0	0	0	26	0	0	0	0	0	0	0	30	26	0	26	0	26	27	0	0	0	0	0	0	0	0	0	0	0	0	0	0	0	0	0	27	0	0	0	0	0	0	0	0	27	0
0	0	0	0	0	0	0	28	0	0	0	0	0	0	0	0	28	0	28	0	28	30	0	0	0	0	0	0	0	0	0	0	0	0	0	0	0	0	0	30	0	0	0	0	0	0	0	0	0	0
30	28	28	0	0	26	27	21	26	28	25	27	27	25	28	24	21	28	21	26	21	22	0	28	28	0	27	0	28	26	25	24	25	0	0	27	0	27	0	22	25	28	27	28	0	26	0	24	22	0

0	0	0	31	31	0	0	0	0	0	0	0	0	0	0	0	0	0	0	0	0	0	31	0	0	31	0	39	0	0	0	0	0	34	33	0	31	0	31	0	0	0	0	0	31	0	30	0	0	30
30	0	30	31	31	0	0	0	0	30	0	0	0	0	0	0	0	30	0	0	0	0	31	0	0	31	0	39	30	0	0	0	0	34	33	0	31	0	31	0	0	0	0	0	31	0	31	0	0	31
30	0	0	31	31	0	0	0	0	0	0	0	0	0	0	0	0	0	0	0	0	0	31	0	0	31	0	39	0	0	0	0	0	34	33	0	31	0	31	0	0	0	0	0	31	0	31	0	0	31
0	0	0	0	30	0	0	0	0	0	0	0	0	0	0	0	0	0	0	0	0	0	31	0	0	0	0	38	0	0	0	0	0	33	32	0	31	0	30	0	0	0	0	0	0	0	0	0	0	0
0	0	0	0	0	0	0	0	0	0	0	0	0	0	0	0	0	0	0	0	0	0	30	0	0	0	0	38	0	0	0	0	0	33	32	0	30	0	30	0	0	0	0	0	0	0	0	0	0	0
34	34	34	35	35	0	32	0	0	34	0	32	32	0	32	0	0	34	0	0	0	0	35	33	34	35	31	44	34	0	0	0	0	38	37	31	35	32	35	0	0	34	31	32	35	0	35	0	0	35
33	32	32	33	34	0	0	0	0	32	0	30	30	0	31	0	0	32	0	0	0	0	34	32	32	33	0	42	32	0	0	0	0	37	36	0	34	30	34	0	0	32	0	31	33	0	33	0	0	33
41	40	40	41	42	36	38	0	36	40	35	38	38	35	38	34	0	40	0	36	0	31	42	40	40	41	37	51	40	36	35	34	35	45	44	37	42	38	42	31	35	40	37	38	41	36	41	34	31	41
34	34	34	35	35	0	32	0	0	34	0	32	32	0	32	0	0	34	0	0	0	0	35	33	34	35	31	44	34	0	0	0	0	38	37	31	35	32	35	0	0	34	31	32	35	0	35	0	0	35
30	0	0	31	31	0	0	0	0	0	0	0	0	0	0	0	0	0	0	0	0	0	31	0	0	31	0	39	0	0	0	0	0	34	33	0	31	0	31	0	0	0	0	0	31	0	31	0	0	31
35	35	35	36	36	31	32	0	31	35	0	32	32	0	33	0	0	35	0	31	0	0	36	34	34	36	31	44	35	31	0	0	0	39	38	32	36	32	36	0	0	34	31	33	35	31	35	0	0	35
33	32	32	33	33	0	0	0	0	32	0	0	0	0	30	0	0	32	0	0	0	0	34	32	32	33	0	42	32	0	0	0	0	37	36	0	34	30	34	0	0	32	0	31	33	0	33	0	0	33
33	32	32	33	33	0	0	0	0	32	0	0	0	0	30	0	0	32	0	0	0	0	34	32	32	33	0	42	32	0	0	0	0	37	36	0	34	30	34	0	0	32	0	31	33	0	33	0	0	33
35	35	35	36	36	31	32	0	31	35	30	33	33	0	33	0	0	35	0	31	0	0	36	34	35	36	32	45	35	31	0	0	0	39	38	32	36	33	36	0	0	34	32	33	36	31	36	0	0	36
32	32	32	33	33	0	0	0	0	32	0	0	0	0	0	0	0	32	0	0	0	0	33	31	32	33	0	41	32	0	0	0	0	36	35	0	33	0	33	0	0	32	0	30	33	0	33	0	0	33
37	36	36	37	37	32	34	0	32	36	32	34	34	31	34	0	0	36	0	32	0	0	38	36	36	37	33	46	36	32	31	31	31	41	40	34	38	34	38	0	31	36	33	35	37	32	37	30	0	37
41	40	40	41	42	36	38	0	36	40	35	38	38	35	38	34	0	40	0	36	0	31	42	40	40	41	37	51	40	36	35	34	35	45	44	37	42	38	42	31	35	40	37	38	41	36	41	34	31	41
30	0	0	31	31	0	0	0	0	0	0	0	0	0	0	0	0	0	0	0	0	0	31	0	0	31	0	39	0	0	0	0	0	34	33	0	31	0	31	0	0	0	0	0	31	0	31	0	0	31
41	40	40	41	42	36	38	0	36	40	35	38	38	35	38	34	0	40	0	36	0	31	42	40	40	41	37	51	40	36	35	34	35	45	44	37	42	38	42	31	35	40	37	38	41	36	41	34	31	41
34	34	34	35	35	30	32	0	30	34	0	32	32	0	32	0	0	34	0	0	0	0	35	33	34	35	31	44	34	0	0	0	0	38	37	31	35	32	35	0	0	34	31	32	35	30	35	0	0	35
41	40	40	41	42	36	38	0	36	40	35	38	38	35	38	34	0	40	0	36	0	31	42	40	40	41	37	51	40	36	35	34	35	45	44	37	42	38	42	31	35	40	37	38	41	36	41	34	31	41
40	39	39	41	41	35	37	0	35	39	35	37	37	34	37	33	0	39	0	35	0	0	41	39	39	40	36	50	39	35	34	33	34	44	43	37	41	37	41	0	34	39	36	38	40	35	40	33	30	40
0	0	0	0	0	0	0	0	0	0	0	0	0	0	0	0	0	0	0	0	0	0	0	0	0	0	0	37	0	0	0	0	0	33	32	0	0	0	0	0	0	0	0	0	0	0	0	0	0	0
31	31	31	32	32	0	0	0	0	31	0	0	0	0	0	0	0	31	0	0	0	0	32	0	31	32	0	40	31	0	0	0	0	35	34	0	32	0	32	0	0	30	0	0	32	0	31	0	0	31
31	30	30	31	31	0	0	0	0	30	0	0	0	0	0	0	0	30	0	0	0	0	32	0	0	31	0	39	30	0	0	0	0	34	33	0	32	0	31	0	0	0	0	0	31	0	31	0	0	31
0	0	0	30	30	0	0	0	0	0	0	0	0	0	0	0	0	0	0	0	0	0	31	0	0	0	0	38	0	0	0	0	0	33	32	0	31	0	30	0	0	0	0	0	0	0	0	0	0	0
34	33	33	34	34	0	31	0	0	33	0	31	31	0	31	0	0	33	0	0	0	0	35	33	33	34	0	43	33	0	0	0	0	38	36	31	35	31	34	0	0	33	30	32	34	0	34	0	0	34
0	0	0	0	0	0	0	0	0	0	0	0	0	0	0	0	0	0	0	0	0	0	0	0	0	0	0	0	0	0	0	0	0	0	0	0	0	0	0	0	0	0	0	0	0	0	0	0	0	0
30	0	0	31	31	0	0	0	0	0	0	0	0	0	0	0	0	0	0	0	0	0	31	0	0	31	0	39	0	0	0	0	0	34	33	0	31	0	31	0	0	0	0	0	31	0	31	0	0	31
34	34	34	35	35	30	32	0	30	34	0	32	32	0	32	0	0	34	0	30	0	0	36	33	34	35	31	44	34	0	0	0	0	38	37	31	36	32	35	0	0	34	31	32	35	30	35	0	0	35
36	35	35	36	36	31	33	0	31	35	31	33	33	30	33	0	0	35	0	31	0	0	37	35	35	36	32	45	35	31	0	0	0	40	39	33	37	33	37	0	0	35	32	33	36	31	36	0	0	36
36	36	36	37	37	32	33	0	32	36	31	33	33	31	34	0	0	36	0	32	0	0	37	35	36	37	33	46	36	32	31	0	30	40	39	33	37	33	37	0	31	35	33	34	37	32	37	0	0	37
36	35	35	36	37	31	33	0	31	35	31	33	33	31	33	0	0	35	0	31	0	0	37	35	35	36	32	45	35	31	30	0	0	40	39	33	37	33	37	0	30	35	32	34	36	31	36	0	0	36
0	0	0	0	0	0	0	0	0	0	0	0	0	0	0	0	0	0	0	0	0	0	0	0	0	0	0	35	0	0	0	0	0	0	0	0	0	0	0	0	0	0	0	0	0	0	0	0	0	0
0	0	0	0	0	0	0	0	0	0	0	0	0	0	0	0	0	0	0	0	0	0	0	0	0	0	0	36	0	0	0	0	0	31	0	0	0	0	0	0	0	0	0	0	0	0	0	0	0	0
33	33	33	34	34	0	30	0	0	33	0	30	30	0	31	0	0	33	0	0	0	0	34	32	33	34	0	42	33	0	0	0	0	37	36	0	34	30	34	0	0	32	0	31	33	0	33	0	0	33
0	0	0	0	0	0	0	0	0	0	0	0	0	0	0	0	0	0	0	0	0	0	30	0	0	0	0	37	0	0	0	0	0	33	32	0	0	0	0	0	0	0	0	0	0	0	0	0	0	0
33	32	32	33	33	0	0	0	0	32	0	0	0	0	30	0	0	32	0	0	0	0	34	32	32	33	0	42	32	0	0	0	0	37	35	0	34	0	33	0	0	32	0	31	33	0	33	0	0	33
0	0	0	0	0	0	0	0	0	0	0	0	0	0	0	0	0	0	0	0	0	0	30	0	0	0	0	38	0	0	0	0	0	33	32	0	30	0	0	0	0	0	0	0	0	0	0	0	0	0
40	39	40	41	41	35	37	0	35	40	35	37	37	34	37	33	0	40	0	35	0	30	41	39	39	41	36	50	40	35	34	33	34	44	43	37	41	37	41	0	34	39	36	38	40	35	40	33	30	40
36	35	35	36	36	31	33	0	31	35	31	33	33	30	33	0	0	35	0	31	0	0	37	35	35	36	32	45	35	31	0	0	0	40	39	33	37	33	37	0	0	35	32	33	36	31	36	0	0	36
31	31	31	31	32	0	0	0	0	31	0	0	0	0	0	0	0	31	0	0	0	0	32	0	30	31	0	39	31	0	0	0	0	35	34	0	32	0	32	0	0	0	0	0	31	0	31	0	0	31
34	33	33	34	34	0	31	0	0	33	0	31	31	0	31	0	0	33	0	0	0	0	35	33	33	34	0	43	33	0	0	0	0	38	36	31	35	31	34	0	0	33	0	32	34	0	34	0	0	34
32	32	32	33	33	0	0	0	0	32	0	0	0	0	0	0	0	32	0	0	0	0	33	31	32	33	0	41	32	0	0	0	0	36	35	0	33	0	33	0	0	31	0	0	33	0	32	0	0	32
0	0	0	30	30	0	0	0	0	0	0	0	0	0	0	0	0	0	0	0	0	0	31	0	0	30	0	38	0	0	0	0	0	33	32	0	31	0	30	0	0	0	0	0	0	0	0	0	0	0
34	34	34	35	35	0	32	0	0	34	0	32	32	0	32	0	0	34	0	0	0	0	35	33	34	35	31	44	34	0	0	0	0	38	37	31	35	32	35	0	0	34	31	32	35	0	35	0	0	35
0	0	0	30	30	0	0	0	0	0	0	0	0	0	0	0	0	0	0	0	0	0	31	0	0	30	0	38	0	0	0	0	0	33	32	0	31	0	31	0	0	0	0	0	30	0	0	0	0	0
36	36	36	37	37	32	33	0	32	36	31	33	33	31	34	0	0	36	0	32	0	0	37	35	36	37	33	46	36	32	31	30	31	40	39	33	37	34	37	0	31	35	33	34	37	32	37	0	0	37
40	39	39	40	41	35	37	0	35	39	35	37	37	34	37	33	0	39	0	35	0	0	41	39	39	40	36	50	39	35	34	33	34	44	43	37	41	37	41	0	34	39	36	37	40	35	40	33	0	40
0	0	0	30	30	0	0	0	0	0	0	0	0	0	0	0	0	0	0	0	0	0	31	0	0	30	0	38	0	0	0	0	0	33	32	0	31	0	31	0	0	0	0	0	30	0	0	0	0	0

0	67	67	18	71	0	25	67	80	67	44	80	40	37	95	0	0	89	65	0	67	62	0	16	67	0	16	16	40	67	44	34	56	61	61	0	71	62	16	61	36	50	16	50	87	65	56	40	13	44
0	0	0	27	0	0	38	0	0	0	67	0	60	56	0	0	0	0	97	0	0	94	0	24	0	0	24	24	60	0	67	52	86	91	91	0	0	94	24	91	54	75	24	75	0	97	86	60	20	67
0	0	0	27	0	0	38	0	0	0	67	0	60	56	0	0	0	0	97	0	0	94	0	24	0	0	24	24	60	0	67	52	86	91	91	0	0	94	24	91	54	75	24	75	0	97	86	60	20	67
0	0	0	0	0	0	0	0	0	0	0	0	0	0	0	0	0	0	0	0	0	0	0	87	0	0	87	87	0	0	0	0	0	0	0	0	0	0	87	0	0	0	87	0	0	0	0	0	73	0
0	93	93	25	0	0	35	93	0	93	62	0	56	52	0	0	0	0	90	0	93	87	0	22	93	0	22	22	56	93	62	48	80	85	85	0	0	87	22	85	50	70	22	70	0	90	80	56	19	62
88	57	57	16	62	0	22	57	70	57	39	70	35	32	83	0	88	78	56	88	57	55	0	14	57	88	14	14	35	57	39	30	50	53	53	88	62	55	14	53	31	44	14	44	76	56	50	35	12	39
0	0	0	73	0	0	0	0	0	0	0	0	0	0	0	0	0	0	0	0	0	0	0	63	0	0	63	63	0	0	0	0	0	0	0	0	0	0	63	0	0	0	63	0	0	0	0	0	53	0
0	0	0	27	0	0	38	0	0	0	67	0	60	56	0	0	0	0	97	0	0	94	0	24	0	0	24	24	60	0	67	52	86	91	91	0	0	94	24	91	54	75	24	75	0	97	86	60	20	67
0	83	83	23	89	0	31	83	0	83	56	0	50	46	0	0	0	0	81	0	83	78	0	20	83	0	20	20	50	83	56	43	71	76	76	0	89	78	20	76	45	62	20	62	0	81	71	50	17	56
0	0	0	27	0	0	38	0	0	0	67	0	60	56	0	0	0	0	97	0	0	94	0	24	0	0	24	24	60	0	67	52	86	91	91	0	0	94	24	91	54	75	24	75	0	97	86	60	20	67
0	0	0	41	0	0	56	0	0	0	0	0	90	83	0	0	0	0	0	0	0	0	0	35	0	0	35	35	90	0	0	78	0	0	0	0	0	0	35	0	80	0	35	0	0	0	0	90	30	0
0	83	83	23	89	0	31	83	0	83	56	0	50	46	0	0	0	0	81	0	83	78	0	20	83	0	20	20	50	83	56	43	71	76	76	0	89	78	20	76	45	62	20	62	0	81	71	50	17	56
0	0	0	45	0	0	62	0	0	0	0	0	0	93	0	0	0	0	0	0	0	0	0	39	0	0	39	39	0	0	0	86	0	0	0	0	0	0	39	0	89	0	39	0	0	0	0	0	33	0
0	0	0	49	0	0	68	0	0	0	0	0	0	0	0	0	0	0	0	0	0	0	0	43	0	0	43	43	0	0	0	93	0	0	0	0	0	0	43	0	96	0	43	0	0	0	0	0	36	0
0	70	70	19	75	0	26	70	84	70	47	84	42	39	0	0	0	93	68	0	70	66	0	17	70	0	17	17	42	70	47	36	60	64	64	0	75	66	17	64	38	52	17	52	91	68	60	42	14	47
75	50	50	14	54	86	19	50	60	50	33	60	30	28	71	0	75	67	48	75	50	47	86	12	50	75	12	12	30	50	33	26	43	45	45	75	54	47	12	45	27	38	12	38	65	48	43	30	10	33
0	67	67	18	71	0	25	67	80	67	44	80	40	37	95	0	0	89	65	0	67	62	0	16	67	0	16	16	40	67	44	34	56	61	61	0	71	62	16	61	36	50	16	50	87	65	56	40	13	44
0	75	75	20	80	0	28	75	90	75	50	90	45	42	0	0	0	0	73	0	75	70	0	18	75	0	18	18	45	75	50	39	64	68	68	0	80	70	18	68	40	56	18	56	98	73	64	45	15	50
0	0	0	28	0	0	39	0	0	0	69	0	62	56	0	0	0	0	0	0	0	97	0	24	0	0	24	24	62	0	69	53	89	94	94	0	0	97	24	94	55	78	24	78	0	0	89	62	21	69
0	67	67	18	71	0	25	67	80	67	44	80	40	37	95	0	0	89	65	0	67	62	0	16	67	0	16	16	40	67	44	34	56	61	61	0	71	62	16	61	36	50	16	50	87	65	56	40	13	44
0	0	0	27	0	0	38	0	0	0	67	0	60	56	0	0	0	0	97	0	0	94	0	24	0	0	24	24	60	0	67	52	86	91	91	0	0	94	24	91	54	75	24	75	0	97	86	60	20	67
0	0	0	28	0	0	40	0	0	0	71	0	64	59	0	0	0	0	0	0	0	0	0	25	0	0	25	25	64	0	71	55	91	97	97	0	0	0	25	97	56	80	25	80	0	0	91	64	21	71
88	57	57	16	62	0	22	57	70	57	39	70	35	32	83	0	88	78	56	88	57	55	0	14	57	88	14	14	35	57	39	30	50	53	53	88	62	55	14	53	31	44	14	44	76	56	50	35	12	39
0	0	0	0	0	0	0	0	0	0	0	0	0	0	0	0	0	0	0	0	0	0	0	0	0	0	0	0	0	0	0	0	0	0	0	0	0	0	0	0	0	0	0	0	0	0	0	0	85	0
0	0	0	27	0	0	38	0	0	0	67	0	60	56	0	0	0	0	97	0	0	94	0	24	0	0	24	24	60	0	67	52	86	91	91	0	0	94	24	91	54	75	24	75	0	97	86	60	20	67
0	67	67	18	71	0	25	67	80	67	44	80	40	37	95	0	0	89	65	0	67	62	0	16	67	0	16	16	40	67	44	34	56	61	61	0	71	62	16	61	36	50	16	50	87	65	56	40	13	44
0	0	0	0	0	0	0	0	0	0	0	0	0	0	0	0	0	0	0	0	0	0	0	0	0	0	0	0	0	0	0	0	0	0	0	0	0	0	0	0	0	0	0	0	0	0	0	0	85	0
0	0	0	0	0	0	0	0	0	0	0	0	0	0	0	0	0	0	0	0	0	0	0	0	0	0	0	0	0	0	0	0	0	0	0	0	0	0	0	0	0	0	0	0	0	0	0	0	85	0
0	0	0	45	0	0	62	0	0	0	0	0	0	93	0	0	0	0	0	0	0	0	0	39	0	0	39	39	0	0	0	86	0	0	0	0	0	0	39	0	89	0	39	0	0	0	0	0	33	0
0	0	0	27	0	0	38	0	0	0	67	0	60	56	0	0	0	0	97	0	0	94	0	24	0	0	24	24	60	0	67	52	86	91	91	0	0	94	24	91	54	75	24	75	0	97	86	60	20	67
0	0	0	41	0	0	56	0	0	0	0	0	90	83	0	0	0	0	0	0	0	0	0	35	0	0	35	35	90	0	0	78	0	0	0	0	0	0	35	0	80	0	35	0	0	0	0	90	30	0
0	0	0	53	0	0	72	0	0	0	0	0	0	0	0	0	0	0	0	0	0	0	0	46	0	0	46	46	0	0	0	0	0	0	0	0	0	0	46	0	0	0	46	0	0	0	0	0	39	0
0	0	0	32	0	0	44	0	0	0	78	0	70	65	0	0	0	0	0	0	0	0	0	28	0	0	28	28	70	0	78	60	0	0	0	0	0	0	28	0	62	88	28	88	0	0	0	70	23	78
0	0	0	30	0	0	41	0	0	0	73	0	66	61	0	0	0	0	0	0	0	0	0	26	0	0	26	26	66	0	73	56	94	0	0	0	0	0	26	0	59	82	26	82	0	0	94	66	22	73
0	0	0	30	0	0	41	0	0	0	73	0	66	61	0	0	0	0	0	0	0	0	0	26	0	0	26	26	66	0	73	56	94	0	0	0	0	0	26	0	59	82	26	82	0	0	94	66	22	73
0	67	67	18	71	0	25	67	80	67	44	80	40	37	95	0	0	89	65	0	67	62	0	16	67	0	16	16	40	67	44	34	56	61	61	0	71	62	16	61	36	50	16	50	87	65	56	40	13	44
0	93	93	25	0	0	35	93	0	93	62	0	56	52	0	0	0	0	90	0	93	87	0	22	93	0	22	22	56	93	62	48	80	85	85	0	0	87	22	85	50	70	22	70	0	90	80	56	19	62
0	0	0	28	0	0	40	0	0	0	71	0	64	59	0	0	0	0	0	0	0	0	0	25	0	0	25	25	64	0	71	55	91	97	97	0	0	0	25	97	56	80	25	80	0	0	91	64	21	71
0	0	0	0	0	0	0	0	0	0	0	0	0	0	0	0	0	0	0	0	0	0	0	0	0	0	0	0	0	0	0	0	0	0	0	0	0	0	0	0	0	0	0	0	0	0	0	0	85	0
0	0	0	30	0	0	41	0	0	0	73	0	66	61	0	0	0	0	0	0	0	0	0	26	0	0	26	26	66	0	73	56	94	0	0	0	0	0	26	0	59	82	26	82	0	0	94	66	22	73
0	0	0	51	0	0	70	0	0	0	0	0	0	0	0	0	0	0	0	0	0	0	0	44	0	0	44	44	0	0	0	97	0	0	0	0	0	0	44	0	0	0	44	0	0	0	0	0	37	0
0	0	0	36	0	0	50	0	0	0	89	0	80	74	0	0	0	0	0	0	0	0	0	31	0	0	31	31	80	0	89	69	0	0	0	0	0	0	31	0	71	0	31	0	0	0	0	80	27	89
0	0	0	0	0	0	0	0	0	0	0	0	0	0	0	0	0	0	0	0	0	0	0	0	0	0	0	0	0	0	0	0	0	0	0	0	0	0	0	0	0	0	0	0	0	0	0	0	85	0
0	0	0	36	0	0	50	0	0	0	89	0	80	74	0	0	0	0	0	0	0	0	0	31	0	0	31	31	80	0	89	69	0	0	0	0	0	0	31	0	71	0	31	0	0	0	0	80	27	89
0	77	77	21	82	0	28	77	92	77	51	92	46	43	0	0	0	0	74	0	77	72	0	18	77	0	18	18	46	77	51	40	66	70	70	0	82	72	18	70	41	56	18	56	0	74	66	46	15	51
0	0	0	28	0	0	39	0	0	0	69	0	62	56	0	0	0	0	0	0	0	97	0	24	0	0	24	24	62	0	69	53	89	94	94	0	0	97	24	94	55	78	24	78	0	0	89	62	21	69
0	0	0	32	0	0	44	0	0	0	78	0	70	65	0	0	0	0	0	0	0	0	0	28	0	0	28	28	70	0	78	60	0	0	0	0	0	0	28	0	62	88	28	88	0	0	0	70	23	78
0	0	0	45	0	0	62	0	0	0	0	0	0	93	0	0	0	0	0	0	0	0	0	39	0	0	39	39	0	0	0	86	0	0	0	0	0	0	39	0	89	0	39	0	0	0	0	0	33	0
0	0	0	0	0	0	0	0	0	0	0	0	0	0	0	0	0	0	0	0	0	0	0	0	0	0	0	0	0	0	0	0	0	0	0	0	0	0	0	0	0	0	0	0	0	0	0	0	0	0
0	0	0	41	0	0	56	0	0	0	0	0	90	83	0	0	0	0	0	0	0	0	0	35	0	0	35	35	90	0	0	78	0	0	0	0	0	0	35	0	80	0	35	0	0	0	0	90	30	0

0	0	0	0	0	113	0	0	0	0	0	0	0	0	0	133	0	0	0	0	0	0	113	0	0	0	0	0	0	0	0	0	0	0	0	0	0	0	0	0	0	0	0	0	0	0	0	0	0	0
150	0	0	0	107	171	0	0	120	0	0	120	0	0	143	200	150	133	0	150	0	0	171	0	0	150	0	0	0	0	0	0	0	0	0	150	107	0	0	0	0	0	0	0	130	0	0	0	0	0
150	0	0	0	107	171	0	0	120	0	0	120	0	0	143	200	150	133	0	150	0	0	171	0	0	150	0	0	0	0	0	0	0	0	0	150	107	0	0	0	0	0	0	0	130	0	0	0	0	0
550	367	367	0	393	629	138	367	440	367	244	440	220	204	524	733	550	488	355	550	367	344	629	0	367	550	0	0	220	367	244	190	314	333	333	550	393	344	0	333	196	275	0	275	478	355	314	220	0	244
140	0	0	0	0	160	0	0	112	0	0	112	0	0	133	187	140	124	0	140	0	0	160	0	0	140	0	0	0	0	0	0	0	0	0	140	0	0	0	0	0	0	0	0	122	0	0	0	0	0
0	0	0	0	0	0	0	0	0	0	0	0	0	0	0	117	0	0	0	0	0	0	0	0	0	0	0	0	0	0	0	0	0	0	0	0	0	0	0	0	0	0	0	0	0	0	0	0	0	0
400	267	267	0	286	457	0	267	320	267	178	320	160	148	381	533	400	356	258	400	267	250	457	0	267	400	0	0	160	267	178	138	229	242	242	400	286	250	0	242	143	200	0	200	348	258	229	160	0	178
150	0	0	0	107	171	0	0	120	0	0	120	0	0	143	200	150	133	0	150	0	0	171	0	0	150	0	0	0	0	0	0	0	0	0	150	107	0	0	0	0	0	0	0	130	0	0	0	0	0
125	0	0	0	0	143	0	0	0	0	0	0	0	0	119	167	125	111	0	125	0	0	143	0	0	125	0	0	0	0	0	0	0	0	0	125	0	0	0	0	0	0	0	0	109	0	0	0	0	0
150	0	0	0	107	171	0	0	120	0	0	120	0	0	143	200	150	133	0	150	0	0	171	0	0	150	0	0	0	0	0	0	0	0	0	150	107	0	0	0	0	0	0	0	130	0	0	0	0	0
225	150	150	0	161	257	0	150	180	150	0	180	0	0	214	300	225	200	145	225	150	141	257	0	150	225	0	0	0	150	0	0	129	136	136	225	161	141	0	136	0	112	0	112	196	145	129	0	0	0
125	0	0	0	0	143	0	0	0	0	0	0	0	0	119	167	125	111	0	125	0	0	143	0	0	125	0	0	0	0	0	0	0	0	0	125	0	0	0	0	0	0	0	0	109	0	0	0	0	0
250	167	167	0	179	286	0	167	200	167	111	200	0	0	238	333	250	222	161	250	167	156	286	0	167	250	0	0	0	167	111	0	143	152	152	250	179	156	0	152	0	125	0	125	217	161	143	0	0	111
270	180	180	0	193	309	0	180	216	180	120	216	108	0	257	360	270	240	174	270	180	169	309	0	180	270	0	0	108	180	120	0	154	164	164	270	193	169	0	164	0	135	0	135	235	174	154	108	0	120
105	0	0	0	0	120	0	0	0	0	0	0	0	0	0	140	105	0	0	105	0	0	120	0	0	105	0	0	0	0	0	0	0	0	0	105	0	0	0	0	0	0	0	0	0	0	0	0	0	0
0	0	0	0	0	0	0	0	0	0	0	0	0	0	0	0	0	0	0	0	0	0	0	0	0	0	0	0	0	0	0	0	0	0	0	0	0	0	0	0	0	0	0	0	0	0	0	0	0	0
0	0	0	0	0	113	0	0	0	0	0	0	0	0	0	133	0	0	0	0	0	0	113	0	0	0	0	0	0	0	0	0	0	0	0	0	0	0	0	0	0	0	0	0	0	0	0	0	0	0
112	0	0	0	0	129	0	0	0	0	0	0	0	0	107	150	112	0	0	112	0	0	129	0	0	112	0	0	0	0	0	0	0	0	0	112	0	0	0	0	0	0	0	0	0	0	0	0	0	0
155	103	103	0	111	177	0	103	124	103	0	124	0	0	148	206	155	138	0	155	103	0	177	0	103	155	0	0	0	103	0	0	0	0	0	155	111	0	0	0	0	0	0	0	135	0	0	0	0	0
0	0	0	0	0	113	0	0	0	0	0	0	0	0	0	133	0	0	0	0	0	0	113	0	0	0	0	0	0	0	0	0	0	0	0	0	0	0	0	0	0	0	0	0	0	0	0	0	0	0
150	0	0	0	107	171	0	0	120	0	0	120	0	0	143	200	150	133	0	150	0	0	171	0	0	150	0	0	0	0	0	0	0	0	0	150	107	0	0	0	0	0	0	0	130	0	0	0	0	0
160	107	107	0	113	183	0	107	128	107	0	128	0	0	152	213	160	142	103	160	107	0	183	0	107	160	0	0	0	107	0	0	0	0	0	160	113	0	0	0	0	0	0	0	139	103	0	0	0	0
0	0	0	0	0	0	0	0	0	0	0	0	0	0	0	117	0	0	0	0	0	0	0	0	0	0	0	0	0	0	0	0	0	0	0	0	0	0	0	0	0	0	0	0	0	0	0	0	0	0
635	423	423	114	454	726	159	423	508	423	282	508	254	235	605	847	635	564	409	635	423	397	726	0	423	635	0	0	254	423	282	219	363	385	385	635	454	397	0	385	227	318	0	318	552	409	363	254	0	282
150	0	0	0	107	171	0	0	120	0	0	120	0	0	143	200	150	133	0	150	0	0	171	0	0	150	0	0	0	0	0	0	0	0	0	150	107	0	0	0	0	0	0	0	130	0	0	0	0	0
0	0	0	0	0	113	0	0	0	0	0	0	0	0	0	133	0	0	0	0	0	0	113	0	0	0	0	0	0	0	0	0	0	0	0	0	0	0	0	0	0	0	0	0	0	0	0	0	0	0
635	423	423	114	454	726	159	423	508	423	282	508	254	235	605	847	635	564	409	635	423	397	726	0	423	635	0	0	254	423	282	219	363	385	385	635	454	397	0	385	227	318	0	318	552	409	363	254	0	282
635	423	423	114	454	726	159	423	508	423	282	508	254	235	605	847	635	564	409	635	423	397	726	0	423	635	0	0	254	423	282	219	363	385	385	635	454	397	0	385	227	318	0	318	552	409	363	254	0	282
250	167	167	0	179	286	0	167	200	167	111	200	0	0	238	333	250	222	161	250	167	156	286	0	167	250	0	0	0	167	111	0	143	152	152	250	179	156	0	152	0	125	0	125	217	161	143	0	0	111
150	0	0	0	107	171	0	0	120	0	0	120	0	0	143	200	150	133	0	150	0	0	171	0	0	150	0	0	0	0	0	0	0	0	0	150	107	0	0	0	0	0	0	0	130	0	0	0	0	0
225	150	150	0	161	257	0	150	180	150	0	180	0	0	214	300	225	200	145	225	150	141	257	0	150	225	0	0	0	150	0	0	129	136	136	225	161	141	0	136	0	112	0	112	196	145	129	0	0	0
290	193	193	0	206	331	0	193	231	193	129	231	115	107	276	387	290	258	187	290	193	181	331	0	193	290	0	0	115	193	129	0	166	176	176	290	206	181	0	176	104	145	0	145	252	187	166	115	0	129
175	117	117	0	125	200	0	117	140	117	0	140	0	0	167	233	175	156	112	175	117	109	200	0	117	175	0	0	0	117	0	0	0	106	106	175	125	109	0	106	0	0	0	0	152	112	0	0	0	0
165	110	110	0	118	189	0	110	132	110	0	132	0	0	157	220	165	147	106	165	110	103	189	0	110	165	0	0	0	110	0	0	0	0	0	165	118	103	0	0	0	0	0	0	143	106	0	0	0	0
165	110	110	0	118	189	0	110	132	110	0	132	0	0	157	220	165	147	106	165	110	103	189	0	110	165	0	0	0	110	0	0	0	0	0	165	118	103	0	0	0	0	0	0	143	106	0	0	0	0
0	0	0	0	0	113	0	0	0	0	0	0	0	0	0	133	0	0	0	0	0	0	113	0	0	0	0	0	0	0	0	0	0	0	0	0	0	0	0	0	0	0	0	0	0	0	0	0	0	0
140	0	0	0	0	160	0	0	112	0	0	112	0	0	133	187	140	124	0	140	0	0	160	0	0	140	0	0	0	0	0	0	0	0	0	140	0	0	0	0	0	0	0	0	122	0	0	0	0	0
160	107	107	0	113	183	0	107	128	107	0	128	0	0	152	213	160	142	103	160	107	0	183	0	107	160	0	0	0	107	0	0	0	0	0	160	113	0	0	0	0	0	0	0	139	103	0	0	0	0
635	423	423	114	454	726	159	423	508	423	282	508	254	235	605	847	635	564	409	635	423	397	726	0	423	635	0	0	254	423	282	219	363	385	385	635	454	397	0	385	227	318	0	318	552	409	363	254	0	282
165	110	110	0	118	189	0	110	132	110	0	132	0	0	157	220	165	147	106	165	110	103	189	0	110	165	0	0	0	110	0	0	0	0	0	165	118	103	0	0	0	0	0	0	143	106	0	0	0	0
280	187	187	0	200	320	0	187	224	187	124	224	112	104	267	373	280	249	181	280	187	175	320	0	187	280	0	0	112	187	124	0	160	170	170	280	200	175	0	170	0	140	0	140	243	181	160	112	0	124
200	133	133	0	143	229	0	133	160	133	0	160	0	0	190	267	200	178	129	200	133	125	229	0	133	200	0	0	0	133	0	0	113	121	121	200	143	125	0	121	0	0	0	0	174	129	113	0	0	0
635	423	423	114	454	726	159	423	508	423	282	508	254	235	605	847	635	564	409	635	423	397	726	0	423	635	0	0	254	423	282	219	363	385	385	635	454	397	0	385	227	318	0	318	552	409	363	254	0	282
200	133	133	0	143	229	0	133	160	133	0	160	0	0	190	267	200	178	129	200	133	125	229	0	133	200	0	0	0	133	0	0	113	121	121	200	143	125	0	121	0	0	0	0	174	129	113	0	0	0
114	0	0	0	0	131	0	0	0	0	0	0	0	0	110	153	114	102	0	114	0	0	131	0	0	114	0	0	0	0	0	0	0	0	0	114	0	0	0	0	0	0	0	0	0	0	0	0	0	0
155	103	103	0	111	177	0	103	124	103	0	124	0	0	148	206	155	138	0	155	103	0	177	0	103	155	0	0	0	103	0	0	0	0	0	155	111	0	0	0	0	0	0	0	135	0	0	0	0	0
175	117	117	0	125	200	0	117	140	117	0	140	0	0	167	233	175	156	112	175	117	109	200	0	117	175	0	0	0	117	0	0	0	106	106	175	125	109	0	106	0	0	0	0	152	112	0	0	0	0
250	167	167	0	179	286	0	167	200	167	111	200	0	0	238	333	250	222	161	250	167	156	286	0	167	250	0	0	0	167	111	0	143	152	152	250	179	156	0	152	0	125	0	125	217	161	143	0	0	111
750	500	500	136	536	857	188	500	600	500	333	600	300	278	714	1000	750	667	484	750	500	469	857	118	500	750	118	118	300	500	333	259	429	455	455	750	536	469	118	455	268	375	118	375	652	484	429	300	0	333
225	150	150	0	161	257	0	150	180	150	0	180	0	0	214	300	225	200	145	225	150	141	257	0	150	225	0	0	0	150	0	0	129	136	136	225	161	141	0	136	0	112	0	112	196	145	129	0	0	0