1752 1768 1823 1787 1645 1872 1793 1815 1820 1796 1804 1792 1772 1841 1773 1792 1757 1756 1793 1832 1785 1789 1757 1799 1794 1835 1789 1783 1770 1833 1830 1770 1824 1832 1746 1794 1770 1806 1794 1748 1836 1831 1805 1794 1755 1799 1735 1671 1773 1614

2

1066 1038 946 1006 1244 864 996 960 952 991 978 998 1032 916 1030 998 1056 1059 996 932 1010 1003 1057 987 994 926 1003 1014 1034 930 935 1034 944 932 1076 994 1036 976 996 1072 925 934 977 994 1060 986 1094 1201 1030 1296

10.999563224504913 5.997088152561055 43.00414066697142 39.992965716759024

22077.0

0	28	0	27	0	0	0	27	0	28	0	0	0	0	0	0	28	0	0	0	0	0	0	30	0	0	0	0	0	26	0	0	0	0	30	0	0	28	0	28	0	0	0	0	0	26	0	0	28	27
0	0	0	28	0	0	0	27	0	30	0	0	0	0	0	0	28	0	0	0	0	0	0	0	0	0	0	0	0	27	0	0	0	0	0	0	0	28	0	28	0	0	0	0	0	27	0	0	30	28
23	22	0	20	25	25	30	20	24	22	24	28	27	23	24	26	21	23	28	0	28	27	27	22	27	23	25	27	28	20	25	27	24	0	23	30	27	21	25	22	23	25	28	28	28	20	28	25	22	20
0	0	0	0	0	0	0	30	0	0	0	0	0	0	0	0	0	0	0	0	0	0	0	0	0	0	0	0	0	28	0	0	0	0	0	0	0	0	0	0	0	0	0	0	0	28	0	0	0	0
28	27	0	25	0	28	0	24	28	27	28	0	0	28	28	0	25	28	0	0	0	0	0	27	0	28	0	0	0	24	0	0	28	0	27	0	0	26	0	26	28	0	0	0	0	24	0	0	27	25
28	27	0	25	0	0	0	25	28	27	30	0	0	28	30	0	26	28	0	0	0	0	0	28	0	28	0	0	0	24	0	0	28	0	28	0	0	26	0	27	28	0	0	0	0	24	0	0	27	25
23	22	0	20	25	25	0	20	24	22	24	28	27	23	24	26	21	23	28	0	28	27	27	22	27	23	25	27	28	20	26	27	24	0	23	30	27	21	25	22	23	25	28	28	30	20	28	25	22	20
0	0	0	0	0	0	0	0	0	0	0	0	0	0	0	0	0	0	0	0	0	0	0	0	0	0	0	0	0	30	0	0	0	0	0	0	0	0	0	0	0	0	0	0	0	30	0	0	0	0
28	28	0	26	0	0	0	26	0	28	0	0	0	28	0	0	27	30	0	0	0	0	0	28	0	30	0	0	0	25	0	0	0	0	28	0	0	27	0	28	28	0	0	0	0	25	0	0	28	26
0	0	0	28	0	0	0	28	0	0	0	0	0	0	0	0	28	0	0	0	0	0	0	0	0	0	0	0	0	27	0	0	0	0	0	0	0	28	0	30	0	0	0	0	0	27	0	0	0	28
28	28	0	26	0	0	0	25	30	28	0	0	0	28	0	0	27	28	0	0	0	0	0	28	0	28	0	0	0	25	0	0	30	0	28	0	0	27	0	27	28	0	0	0	0	25	0	0	28	26
24	23	0	21	26	26	0	21	25	23	25	0	28	24	25	27	22	25	0	0	28	28	28	23	28	25	27	28	28	21	27	28	25	0	24	0	28	22	26	23	24	27	0	30	0	21	0	27	23	21
25	25	0	23	28	27	0	22	26	24	27	0	0	25	27	28	23	26	0	0	0	28	30	25	0	26	28	30	0	22	28	28	27	0	25	0	30	24	28	24	25	28	0	0	0	22	0	28	24	23
30	28	0	27	0	0	0	27	0	28	0	0	0	0	0	0	28	0	0	0	0	0	0	28	0	0	0	0	0	26	0	0	0	0	30	0	0	28	0	28	30	0	0	0	0	26	0	0	28	27
28	28	0	25	0	0	0	25	28	27	30	0	0	28	0	0	26	28	0	0	0	0	0	28	0	28	0	0	0	25	0	0	30	0	28	0	0	27	0	27	28	0	0	0	0	24	0	0	27	25
27	26	0	24	28	28	0	23	27	26	28	0	0	27	28	0	25	27	0	0	0	0	0	26	0	27	28	0	0	23	30	0	28	0	26	0	0	25	28	25	27	28	0	0	0	23	0	28	26	24
0	0	0	28	0	0	0	28	0	0	0	0	0	0	0	0	0	0	0	0	0	0	0	0	0	0	0	0	0	28	0	0	0	0	0	0	0	0	0	0	0	0	0	0	0	28	0	0	0	28
28	28	0	26	0	0	0	26	0	28	0	0	0	28	0	0	27	0	0	0	0	0	0	28	0	0	0	0	0	25	0	0	0	0	28	0	0	28	0	28	28	0	0	0	0	25	0	0	28	26
24	23	0	21	26	25	0	21	24	23	25	30	28	24	25	27	22	24	0	0	28	28	28	23	28	24	26	28	28	20	26	28	25	0	24	0	28	22	26	22	24	26	30	30	0	20	30	26	23	21
18	18	24	16	20	20	24	16	19	18	19	23	22	18	19	21	17	19	24	0	23	21	22	18	22	19	20	22	23	16	20	21	19	26	18	24	22	17	20	17	18	20	23	23	24	16	23	20	18	16
24	24	0	22	27	26	0	22	25	24	26	0	28	25	26	28	23	25	0	0	0	28	28	24	28	25	27	28	30	21	27	28	26	0	24	0	28	23	27	23	25	27	0	0	0	21	0	27	24	22
26	25	0	23	28	28	0	23	27	25	27	0	0	26	28	30	24	27	0	0	0	0	0	26	0	27	28	0	0	22	28	0	27	0	26	0	0	24	28	25	26	28	0	0	0	22	0	28	25	23
25	25	0	23	28	27	0	22	26	25	27	0	0	26	27	28	24	26	0	0	0	30	0	25	0	26	28	30	0	22	28	30	27	0	25	0	30	24	28	24	26	28	0	0	0	22	0	28	25	23
0	30	0	28	0	0	0	27	0	30	0	0	0	0	0	0	28	0	0	0	0	0	0	0	0	0	0	0	0	27	0	0	0	0	0	0	0	28	0	28	0	0	0	0	0	27	0	0	30	28
25	25	0	23	28	27	0	22	26	24	27	0	0	25	27	28	23	26	0	0	0	28	30	25	0	26	28	30	0	22	28	28	27	0	25	0	30	24	28	24	25	28	0	0	0	22	0	28	24	23
28	28	0	26	0	0	0	26	0	28	0	0	0	28	0	0	27	0	0	0	0	0	0	28	0	0	0	0	0	25	0	0	0	0	28	0	0	28	0	28	28	0	0	0	0	25	0	0	28	26
27	27	0	24	30	28	0	24	28	26	28	0	0	27	28	0	25	28	0	0	0	0	0	27	0	28	0	0	0	24	0	0	28	0	27	0	0	25	30	26	27	0	0	0	0	24	0	0	26	24
26	25	0	23	28	28	0	23	27	25	27	0	0	26	27	28	24	26	0	0	0	30	0	25	0	26	28	0	0	22	28	30	27	0	26	0	0	24	28	24	26	28	0	0	0	22	0	28	25	23
25	24	0	22	27	26	0	22	25	24	26	0	28	25	26	28	23	25	0	0	0	28	28	24	28	25	27	28	0	21	27	28	26	0	24	0	28	23	27	23	25	27	0	0	0	21	0	27	24	22
0	0	0	0	0	0	0	0	0	0	0	0	0	0	0	0	0	0	0	0	0	0	0	0	0	0	0	0	0	0	0	0	0	0	0	0	0	0	0	0	0	0	0	0	0	30	0	0	0	0
27	26	0	24	30	28	0	24	28	26	28	0	0	27	28	0	25	28	0	0	0	0	0	27	0	28	30	0	0	23	0	0	28	0	27	0	0	25	30	26	27	30	0	0	0	23	0	30	26	24
26	25	0	23	28	28	0	23	27	25	27	0	0	26	28	28	24	27	0	0	0	30	0	25	0	27	28	0	0	22	28	0	27	0	26	0	0	24	28	25	26	28	0	0	0	22	0	28	25	23
28	28	0	26	0	0	0	25	30	28	0	0	0	28	0	0	27	28	0	0	0	0	0	28	0	28	0	0	0	25	0	0	0	0	28	0	0	27	0	27	28	0	0	0	0	25	0	0	28	26
21	20	28	19	23	23	28	18	22	20	22	27	25	21	22	24	19	22	27	0	26	25	25	21	25	22	23	25	26	18	24	25	22	0	21	27	25	20	23	20	21	23	27	26	27	18	27	23	20	19
0	30	0	27	0	0	0	27	0	28	0	0	0	0	0	0	28	0	0	0	0	0	0	30	0	0	0	0	0	26	0	0	0	0	0	0	0	28	0	28	0	0	0	0	0	26	0	0	28	27
23	23	0	21	26	25	0	20	24	22	25	28	28	23	25	27	21	24	30	0	28	27	28	23	28	24	26	27	28	20	26	27	24	0	23	0	28	22	26	22	23	26	30	28	30	20	28	26	22	21
26	25	0	23	28	27	0	22	26	25	27	0	0	26	27	28	24	26	0	0	0	30	0	25	0	26	28	30	0	22	28	30	27	0	25	0	0	24	28	24	26	28	0	0	0	22	0	28	25	23
0	0	0	28	0	0	0	28	0	0	0	0	0	0	0	0	30	0	0	0	0	0	0	0	0	0	0	0	0	28	0	0	0	0	0	0	0	0	0	0	0	0	0	0	0	28	0	0	0	28
28	27	0	25	30	28	0	24	28	27	28	0	0	28	28	0	25	28	0	0	0	0	0	27	0	28	0	0	0	24	0	0	28	0	27	0	0	26	0	26	28	0	0	0	0	24	0	0	27	25
0	0	0	28	0	0	0	28	0	0	0	0	0	0	0	0	28	0	0	0	0	0	0	0	0	0	0	0	0	28	0	0	0	0	0	0	0	30	0	0	0	0	0	0	0	28	0	0	0	28
30	28	0	27	0	0	0	27	0	28	0	0	0	0	0	0	28	0	0	0	0	0	0	30	0	0	0	0	0	26	0	0	0	0	30	0	0	28	0	28	0	0	0	0	0	26	0	0	28	27
27	27	0	24	30	28	0	24	28	26	28	0	0	27	28	0	25	28	0	0	0	0	0	27	0	28	0	0	0	24	0	0	28	0	27	0	0	25	30	26	27	0	0	0	0	24	0	0	26	24
24	23	0	21	26	26	0	21	25	23	25	30	28	24	25	27	22	24	0	0	28	28	28	23	28	24	26	28	28	20	27	28	25	0	24	0	28	22	26	23	24	26	0	30	0	20	30	26	23	21
24	24	0	22	27	26	0	21	25	23	25	0	28	24	26	28	22	25	0	0	30	28	28	24	28	25	27	28	30	21	27	28	25	0	24	0	28	23	27	23	24	27	0	0	0	21	0	27	23	22
23	23	0	21	26	25	0	20	24	22	25	28	28	23	25	27	22	24	30	0	28	27	28	23	28	24	26	27	28	20	26	27	24	0	23	0	28	22	26	22	23	26	30	28	0	20	28	26	23	21
0	0	0	0	0	0	0	0	0	0	0	0	0	0	0	0	0	0	0	0	0	0	0	0	0	0	0	0	0	0	0	0	0	0	0	0	0	0	0	0	0	0	0	0	0	0	0	0	0	0
24	23	0	21	26	26	0	21	25	23	25	0	28	24	25	27	22	25	0	0	28	28	28	23	28	25	27	28	28	21	27	28	25	0	24	0	28	22	26	23	24	27	0	30	0	21	0	27	23	21
27	26	0	24	30	28	0	24	28	26	28	0	0	27	28	0	25	28	0	0	0	0	0	27	0	28	30	0	0	23	0	0	28	0	27	0	0	25	30	26	27	30	0	0	0	23	0	0	26	24
0	0	0	28	0	0	0	28	0	30	0	0	0	0	0	0	28	0	0	0	0	0	0	0	0	0	0	0	0	27	0	0	0	0	0	0	0	28	0	30	0	0	0	0	0	27	0	0	0	28
0	0	0	0	0	0	0	30	0	0	0	0	0	0	0	0	0	0	0	0	0	0	0	0	0	0	0	0	0	28	0	0	0	0	0	0	0	0	0	0	0	0	0	0	0	28	0	0	0	0

0	0	39	0	33	32	39	0	31	0	32	37	36	30	32	34	0	31	38	47	37	35	35	0	36	31	33	35	36	0	33	35	32	42	0	38	35	0	33	0	30	33	37	37	38	0	37	33	0	0
31	0	40	0	34	33	40	0	32	0	32	38	36	31	33	35	0	32	38	47	37	35	36	30	36	32	34	36	37	0	34	36	32	42	31	39	36	0	34	0	31	34	38	38	39	0	38	34	0	0
0	0	0	0	0	0	0	0	0	0	0	0	0	0	0	0	0	0	0	37	0	0	0	0	0	0	0	0	0	0	0	0	0	32	0	0	0	0	0	0	0	0	0	0	0	0	0	0	0	0
33	33	43	0	36	36	43	0	34	32	35	41	39	33	35	37	31	34	41	51	40	38	39	33	39	34	37	38	40	0	37	38	35	46	33	42	39	31	36	32	33	37	41	41	42	0	41	37	32	0
0	0	36	0	0	0	36	0	0	0	0	34	33	0	0	31	0	0	35	43	34	32	32	0	33	0	30	32	33	0	31	32	0	38	0	35	32	0	30	0	0	30	35	34	35	0	34	31	0	0
0	0	37	0	31	0	36	0	0	0	0	35	33	0	0	32	0	0	35	44	34	32	33	0	33	0	31	33	34	0	31	33	0	39	0	36	33	0	31	0	0	31	35	35	36	0	35	31	0	0
0	0	30	0	0	0	0	0	0	0	0	0	0	0	0	0	0	0	0	37	0	0	0	0	0	0	0	0	0	0	0	0	0	32	0	0	0	0	0	0	0	0	0	0	0	0	0	0	0	0
34	33	43	31	37	36	43	0	35	33	35	42	40	34	36	38	32	35	42	51	41	39	39	33	40	35	37	39	41	0	37	39	35	46	34	43	39	32	37	32	34	37	42	41	43	0	42	37	33	31
0	0	38	0	32	31	38	0	0	0	31	36	35	0	31	33	0	0	37	45	36	34	34	0	35	0	32	34	35	0	32	34	31	40	0	37	34	0	32	0	0	32	36	36	37	0	36	32	0	0
31	30	40	0	34	33	40	0	32	0	33	39	37	31	33	35	0	32	39	48	38	36	36	31	37	32	34	36	38	0	35	36	33	43	31	39	36	0	34	0	31	34	39	38	39	0	39	34	30	0
0	0	37	0	31	31	37	0	0	0	0	36	34	0	30	32	0	0	36	45	35	33	34	0	34	0	32	33	35	0	32	33	0	40	0	37	34	0	31	0	0	32	36	35	36	0	36	32	0	0
0	0	31	0	0	0	31	0	0	0	0	0	0	0	0	0	0	0	30	38	0	0	0	0	0	0	0	0	0	0	0	0	0	34	0	31	0	0	0	0	0	0	30	0	31	0	0	0	0	0
0	0	33	0	0	0	33	0	0	0	0	32	0	0	0	0	0	0	32	40	31	0	0	0	0	0	0	0	31	0	0	0	0	36	0	32	0	0	0	0	0	0	32	31	32	0	32	0	0	0
0	0	39	0	33	32	39	0	31	0	32	37	35	0	32	34	0	31	38	46	37	35	35	0	35	31	33	35	36	0	33	35	31	42	0	38	35	0	33	0	0	33	37	37	38	0	37	33	0	0
0	0	37	0	31	30	37	0	0	0	0	35	34	0	0	32	0	0	36	44	35	33	33	0	34	0	31	33	34	0	31	33	0	39	0	36	33	0	31	0	0	31	35	35	36	0	35	31	0	0
0	0	35	0	0	0	35	0	0	0	0	33	32	0	0	0	0	0	33	42	32	31	31	0	32	0	0	31	32	0	0	31	0	37	0	34	31	0	0	0	0	0	33	33	34	0	33	0	0	0
32	32	42	0	35	35	42	0	33	31	34	40	38	32	34	36	0	33	40	50	39	37	38	32	38	33	36	37	39	0	36	37	34	44	32	41	38	30	35	31	32	36	40	40	41	0	40	36	31	0
0	0	38	0	32	31	38	0	30	0	31	37	35	0	31	33	0	0	37	46	36	34	34	0	35	0	32	34	36	0	33	34	31	41	0	37	34	0	32	0	0	32	37	36	37	0	37	33	0	0
0	0	31	0	0	0	31	0	0	0	0	0	0	0	0	0	0	0	0	38	0	0	0	0	0	0	0	0	0	0	0	0	0	34	0	31	0	0	0	0	0	0	0	0	31	0	0	0	0	0
0	0	0	0	0	0	0	0	0	0	0	0	0	0	0	0	0	0	0	0	0	0	0	0	0	0	0	0	0	0	0	0	0	0	0	0	0	0	0	0	0	0	0	0	0	0	0	0	0	0
0	0	32	0	0	0	32	0	0	0	0	31	0	0	0	0	0	0	31	39	0	0	0	0	0	0	0	0	0	0	0	0	0	35	0	32	0	0	0	0	0	0	31	30	32	0	31	0	0	0
0	0	34	0	0	0	34	0	0	0	0	33	31	0	0	0	0	0	33	41	32	0	31	0	31	0	0	30	32	0	0	30	0	37	0	33	31	0	0	0	0	0	33	32	33	0	33	0	0	0
0	0	33	0	0	0	33	0	0	0	0	32	30	0	0	0	0	0	32	40	31	0	0	0	30	0	0	0	31	0	0	0	0	36	0	33	0	0	0	0	0	0	32	32	33	0	32	0	0	0
31	0	40	0	33	33	39	0	32	0	32	38	36	31	33	35	0	31	38	47	37	35	36	0	36	31	34	36	37	0	34	35	32	42	31	39	36	0	33	0	31	34	38	38	39	0	38	34	0	0
0	0	33	0	0	0	33	0	0	0	0	32	0	0	0	0	0	0	32	40	31	0	0	0	0	0	0	0	31	0	0	0	0	36	0	32	0	0	0	0	0	0	32	31	32	0	32	0	0	0
0	0	38	0	32	31	38	0	30	0	31	37	35	0	31	33	0	0	37	46	36	34	34	0	35	0	32	34	36	0	33	34	31	41	0	37	34	0	32	0	0	32	37	36	37	0	37	33	0	0
0	0	35	0	0	0	35	0	0	0	0	34	32	0	0	31	0	0	34	43	33	31	32	0	32	0	0	32	33	0	30	32	0	38	0	35	32	0	0	0	0	0	34	34	35	0	34	30	0	0
0	0	34	0	0	0	34	0	0	0	0	32	31	0	0	0	0	0	33	41	32	0	30	0	31	0	0	0	31	0	0	0	0	36	0	33	30	0	0	0	0	0	32	32	33	0	32	0	0	0
0	0	32	0	0	0	32	0	0	0	0	31	0	0	0	0	0	0	31	39	30	0	0	0	0	0	0	0	0	0	0	0	0	35	0	32	0	0	0	0	0	0	31	31	32	0	31	0	0	0
34	34	44	31	37	37	44	31	35	33	36	42	40	35	37	39	32	35	43	52	42	39	40	34	40	35	38	40	41	0	38	40	36	47	34	43	40	32	37	33	35	38	43	42	43	0	42	38	33	31
0	0	35	0	0	0	35	0	0	0	0	34	32	0	0	31	0	0	34	42	33	31	32	0	32	0	0	32	33	0	0	31	0	38	0	35	32	0	0	0	0	0	34	33	35	0	34	0	0	0
0	0	34	0	0	0	34	0	0	0	0	32	31	0	0	0	0	0	33	41	32	0	31	0	31	0	0	30	32	0	0	0	0	36	0	33	30	0	0	0	0	0	33	32	33	0	32	0	0	0
0	0	37	0	31	31	37	0	0	0	30	36	34	0	31	33	0	0	36	45	35	33	34	0	34	0	32	33	35	0	32	33	0	40	0	37	34	0	31	0	0	32	36	35	37	0	36	32	0	0
0	0	0	0	0	0	0	0	0	0	0	0	0	0	0	0	0	0	0	34	0	0	0	0	0	0	0	0	0	0	0	0	0	0	0	0	0	0	0	0	0	0	0	0	0	0	0	0	0	0
30	0	39	0	33	32	39	0	31	0	32	37	36	30	32	34	0	31	38	47	37	35	35	0	36	31	33	35	37	0	33	35	32	42	0	38	35	0	33	0	30	33	38	37	38	0	37	33	0	0
0	0	31	0	0	0	31	0	0	0	0	0	0	0	0	0	0	0	0	37	0	0	0	0	0	0	0	0	0	0	0	0	0	33	0	0	0	0	0	0	0	0	0	0	0	0	0	0	0	0
0	0	33	0	0	0	33	0	0	0	0	32	30	0	0	0	0	0	32	40	31	0	30	0	30	0	0	0	31	0	0	0	0	36	0	33	0	0	0	0	0	0	32	32	33	0	32	0	0	0
32	31	41	0	35	34	41	0	33	31	34	40	38	32	34	36	0	33	40	49	39	37	37	31	38	33	35	37	39	0	35	37	34	44	32	40	37	0	35	30	32	35	40	39	40	0	40	35	31	0
0	0	36	0	0	0	36	0	0	0	0	34	33	0	0	31	0	0	35	43	34	32	32	0	33	0	30	32	33	0	31	32	0	38	0	35	32	0	0	0	0	30	34	34	35	0	34	30	0	0
32	31	41	0	35	34	41	0	33	31	33	39	37	32	34	36	0	32	39	49	38	36	37	31	37	32	35	37	38	0	35	37	33	44	32	40	37	0	35	0	32	35	39	39	40	0	39	35	31	0
0	0	39	0	33	32	39	0	31	0	32	37	36	30	32	34	0	31	38	46	37	35	35	0	36	31	33	35	36	0	33	35	31	42	0	38	35	0	33	0	0	33	37	37	38	0	37	33	0	0
0	0	35	0	0	0	35	0	0	0	0	34	32	0	0	31	0	0	34	43	33	31	32	0	32	0	0	32	33	0	30	32	0	38	0	35	32	0	0	0	0	0	34	34	35	0	34	30	0	0
0	0	31	0	0	0	31	0	0	0	0	0	0	0	0	0	0	0	30	38	0	0	0	0	0	0	0	0	0	0	0	0	0	34	0	31	0	0	0	0	0	0	0	0	31	0	0	0	0	0
0	0	32	0	0	0	32	0	0	0	0	30	0	0	0	0	0	0	31	39	0	0	0	0	0	0	0	0	0	0	0	0	0	34	0	31	0	0	0	0	0	0	31	0	31	0	30	0	0	0
0	0	31	0	0	0	31	0	0	0	0	0	0	0	0	0	0	0	0	37	0	0	0	0	0	0	0	0	0	0	0	0	0	33	0	30	0	0	0	0	0	0	0	0	0	0	0	0	0	0
35	34	44	31	38	37	44	31	36	33	36	42	40	35	37	39	32	35	43	52	42	39	40	34	40	35	38	40	41	30	38	40	36	47	34	43	40	32	38	33	35	38	43	42	43	0	42	38	33	31
0	0	31	0	0	0	31	0	0	0	0	0	0	0	0	0	0	0	30	38	0	0	0	0	0	0	0	0	0	0	0	0	0	34	0	31	0	0	0	0	0	0	30	0	31	0	0	0	0	0
0	0	35	0	0	0	35	0	0	0	0	34	32	0	0	31	0	0	34	43	33	31	32	0	32	0	0	32	33	0	30	32	0	38	0	35	32	0	0	0	0	0	34	34	35	0	34	0	0	0
31	30	40	0	34	33	40	0	32	0	33	38	37	31	33	35	0	32	39	48	38	36	36	31	37	32	34	36	38	0	34	36	33	43	31	39	36	0	34	0	31	34	39	38	39	0	38	34	0	0
33	33	43	0	36	36	43	0	34	32	35	41	39	33	35	37	31	34	41	51	40	38	39	33	39	34	37	38	40	0	37	38	35	46	33	42	39	31	36	32	33	37	41	41	42	0	41	37	32	0

0	78	0	0	0	31	0	0	0	0	0	0	78	39	63	0	94	91	0	0	62	0	89	0	0	0	0	62	78	0	0	0	0	0	69	0	78	0	0	82	0	0	0	0	89	0	79	52	62	39
0	0	0	0	0	40	0	0	0	0	0	0	0	50	82	0	0	0	0	0	80	0	0	0	0	0	0	80	0	0	0	0	0	0	89	0	0	0	0	0	0	0	0	0	0	0	0	67	80	51
65	50	0	71	91	20	67	0	0	67	87	67	50	25	41	67	61	59	67	0	40	80	56	71	71	0	80	40	50	0	0	65	0	0	44	67	50	87	67	53	0	0	95	71	56	71	51	33	40	25
90	70	0	0	0	28	93	0	0	93	0	93	70	35	56	93	85	82	93	0	56	0	80	0	0	0	0	56	70	0	0	90	0	0	62	93	70	0	93	74	0	0	0	0	80	0	72	47	56	36
71	55	0	79	0	22	73	0	0	73	96	73	55	28	45	73	67	65	73	0	44	88	63	79	79	0	88	44	55	0	0	71	0	0	49	73	55	96	73	57	0	0	0	79	63	79	56	37	44	28
0	0	0	0	0	0	0	0	0	0	0	0	0	0	0	0	0	0	0	0	0	0	0	0	0	0	0	0	0	0	0	0	0	0	0	0	0	0	0	0	0	0	0	0	0	0	0	0	0	0
97	75	0	0	0	30	0	0	0	0	0	0	75	38	61	0	91	88	0	0	60	0	86	0	0	0	0	60	75	0	0	97	0	0	67	0	75	0	0	79	0	0	0	0	86	0	77	50	60	38
50	39	78	55	70	16	52	0	86	52	67	52	39	19	32	52	47	46	52	78	31	62	44	55	55	78	62	31	39	78	78	50	86	78	34	52	39	67	52	41	78	78	74	55	44	55	40	26	31	20
57	45	90	64	82	18	60	0	0	60	78	60	45	22	37	60	55	53	60	90	36	72	51	64	64	90	72	36	45	90	90	57	0	90	40	60	45	78	60	47	90	90	86	64	51	64	46	30	36	23
97	75	0	0	0	30	0	0	0	0	0	0	75	38	61	0	91	88	0	0	60	0	86	0	0	0	0	60	75	0	0	97	0	0	67	0	75	0	0	79	0	0	0	0	86	0	77	50	60	38
74	56	0	82	0	23	77	0	0	77	0	77	56	28	47	77	70	68	77	0	46	92	66	82	82	0	92	46	56	0	0	74	0	0	51	77	56	0	77	61	0	0	0	82	66	82	59	38	46	28
97	75	0	0	0	30	0	0	0	0	0	0	75	38	61	0	91	88	0	0	60	0	86	0	0	0	0	60	75	0	0	97	0	0	67	0	75	0	0	79	0	0	0	0	86	0	77	50	60	38
0	0	0	0	0	40	0	0	0	0	0	0	0	50	82	0	0	0	0	0	80	0	0	0	0	0	0	80	0	0	0	0	0	0	89	0	0	0	0	0	0	0	0	0	0	0	0	67	80	51
0	0	0	0	0	80	0	0	0	0	0	0	0	0	0	0	0	0	0	0	0	0	0	0	0	0	0	0	0	0	0	0	0	0	0	0	0	0	0	0	0	0	0	0	0	0	0	0	0	0
0	0	0	0	0	49	0	0	0	0	0	0	0	61	0	0	0	0	0	0	98	0	0	0	0	0	0	98	0	0	0	0	0	0	0	0	0	0	0	0	0	0	0	0	0	0	0	82	98	62
97	75	0	0	0	30	0	0	0	0	0	0	75	38	61	0	91	88	0	0	60	0	86	0	0	0	0	60	75	0	0	97	0	0	67	0	75	0	0	79	0	0	0	0	86	0	77	50	60	38
0	82	0	0	0	33	0	0	0	0	0	0	82	41	67	0	0	97	0	0	66	0	94	0	0	0	0	66	82	0	0	0	0	0	73	0	82	0	0	87	0	0	0	0	94	0	85	55	66	42
0	85	0	0	0	34	0	0	0	0	0	0	85	42	69	0	0	0	0	0	68	0	97	0	0	0	0	68	85	0	0	0	0	0	76	0	85	0	0	89	0	0	0	0	97	0	87	56	68	43
97	75	0	0	0	30	0	0	0	0	0	0	75	38	61	0	91	88	0	0	60	0	86	0	0	0	0	60	75	0	0	97	0	0	67	0	75	0	0	79	0	0	0	0	86	0	77	50	60	38
65	50	0	71	91	20	67	0	0	67	87	67	50	25	41	67	61	59	67	0	40	80	56	71	71	0	80	40	50	0	0	65	0	0	44	67	50	87	67	53	0	0	95	71	56	71	51	33	40	25
0	0	0	0	0	50	0	0	0	0	0	0	0	62	0	0	0	0	0	0	0	0	0	0	0	0	0	0	0	0	0	0	0	0	0	0	0	0	0	0	0	0	0	0	0	0	0	83	0	64
81	62	0	89	0	25	83	0	0	83	0	83	62	31	51	83	76	74	83	0	50	0	71	89	89	0	0	50	62	0	0	81	0	0	56	83	62	0	83	66	0	0	0	89	71	89	64	42	50	32
0	88	0	0	0	35	0	0	0	0	0	0	88	44	71	0	0	0	0	0	70	0	0	0	0	0	0	70	88	0	0	0	0	0	78	0	88	0	0	92	0	0	0	0	0	0	90	57	70	45
90	70	0	0	0	28	93	0	0	93	0	93	70	35	56	93	85	82	93	0	56	0	80	0	0	0	0	56	70	0	0	90	0	0	62	93	70	0	93	74	0	0	0	0	80	0	72	47	56	36
90	70	0	0	0	28	93	0	0	93	0	93	70	35	56	93	85	82	93	0	56	0	80	0	0	0	0	56	70	0	0	90	0	0	62	93	70	0	93	74	0	0	0	0	80	0	72	47	56	36
65	50	0	71	91	20	67	0	0	67	87	67	50	25	41	67	61	59	67	0	40	80	56	71	71	0	80	40	50	0	0	65	0	0	44	67	50	87	67	53	0	0	95	71	56	71	51	33	40	25
81	62	0	89	0	25	83	0	0	83	0	83	62	31	51	83	76	74	83	0	50	0	71	89	89	0	0	50	62	0	0	81	0	0	56	83	62	0	83	66	0	0	0	89	71	89	64	42	50	32
0	0	0	0	0	50	0	0	0	0	0	0	0	62	0	0	0	0	0	0	0	0	0	0	0	0	0	0	0	0	0	0	0	0	0	0	0	0	0	0	0	0	0	0	0	0	0	83	0	64
0	0	0	0	0	40	0	0	0	0	0	0	0	50	82	0	0	0	0	0	80	0	0	0	0	0	0	80	0	0	0	0	0	0	89	0	0	0	0	0	0	0	0	0	0	0	0	67	80	51
65	50	0	71	91	20	67	0	0	67	87	67	50	25	41	67	61	59	67	0	40	80	56	71	71	0	80	40	50	0	0	65	0	0	44	67	50	87	67	53	0	0	95	71	56	71	51	33	40	25
65	50	0	71	91	20	67	0	0	67	87	67	50	25	41	67	61	59	67	0	40	80	56	71	71	0	80	40	50	0	0	65	0	0	44	67	50	87	67	53	0	0	95	71	56	71	51	33	40	25
0	78	0	0	0	31	0	0	0	0	0	0	78	39	63	0	94	91	0	0	62	0	89	0	0	0	0	62	78	0	0	0	0	0	69	0	78	0	0	82	0	0	0	0	89	0	79	52	62	39
57	45	90	64	82	18	60	0	0	60	78	60	45	22	37	60	55	53	60	90	36	72	51	64	64	90	72	36	45	90	90	57	0	90	40	60	45	78	60	47	90	90	86	64	51	64	46	30	36	23
65	50	0	71	91	20	67	0	0	67	87	67	50	25	41	67	61	59	67	0	40	80	56	71	71	0	80	40	50	0	0	65	0	0	44	67	50	87	67	53	0	0	95	71	56	71	51	33	40	25
0	0	0	0	0	45	0	0	0	0	0	0	0	56	92	0	0	0	0	0	90	0	0	0	0	0	0	90	0	0	0	0	0	0	0	0	0	0	0	0	0	0	0	0	0	0	0	75	90	56
97	75	0	0	0	30	0	0	0	0	0	0	75	38	61	0	91	88	0	0	60	0	86	0	0	0	0	60	75	0	0	97	0	0	67	0	75	0	0	79	0	0	0	0	86	0	77	50	60	38
0	0	0	0	0	40	0	0	0	0	0	0	0	50	82	0	0	0	0	0	80	0	0	0	0	0	0	80	0	0	0	0	0	0	89	0	0	0	0	0	0	0	0	0	0	0	0	67	80	51
74	56	0	82	0	23	77	0	0	77	0	77	56	28	47	77	70	68	77	0	46	92	66	82	82	0	92	46	56	0	0	74	0	0	51	77	56	0	77	61	0	0	0	82	66	82	59	38	46	28
97	75	0	0	0	30	0	0	0	0	0	0	75	38	61	0	91	88	0	0	60	0	86	0	0	0	0	60	75	0	0	97	0	0	67	0	75	0	0	79	0	0	0	0	86	0	77	50	60	38
0	95	0	0	0	38	0	0	0	0	0	0	95	48	78	0	0	0	0	0	76	0	0	0	0	0	0	76	95	0	0	0	0	0	84	0	95	0	0	0	0	0	0	0	0	0	97	63	76	48
65	50	0	71	91	20	67	0	0	67	87	67	50	25	41	67	61	59	67	0	40	80	56	71	71	0	80	40	50	0	0	65	0	0	44	67	50	87	67	53	0	0	95	71	56	71	51	33	40	25
65	50	0	71	91	20	67	0	0	67	87	67	50	25	41	67	61	59	67	0	40	80	56	71	71	0	80	40	50	0	0	65	0	0	44	67	50	87	67	53	0	0	95	71	56	71	51	33	40	25
68	52	0	75	95	21	70	0	0	70	91	70	52	26	43	70	64	62	70	0	42	84	60	75	75	0	84	42	52	0	0	68	0	0	47	70	52	91	70	55	0	0	0	75	60	75	54	35	42	27
90	70	0	0	0	28	93	0	0	93	0	93	70	35	56	93	85	82	93	0	56	0	80	0	0	0	0	56	70	0	0	90	0	0	62	93	70	0	93	74	0	0	0	0	80	0	72	47	56	36
0	88	0	0	0	35	0	0	0	0	0	0	88	44	71	0	0	0	0	0	70	0	0	0	0	0	0	70	88	0	0	0	0	0	78	0	88	0	0	92	0	0	0	0	0	0	90	57	70	45
90	70	0	0	0	28	93	0	0	93	0	93	70	35	56	93	85	82	93	0	56	0	80	0	0	0	0	56	70	0	0	90	0	0	62	93	70	0	93	74	0	0	0	0	80	0	72	47	56	36
0	98	0	0	0	39	0	0	0	0	0	0	98	49	80	0	0	0	0	0	78	0	0	0	0	0	0	78	98	0	0	0	0	0	87	0	98	0	0	0	0	0	0	0	0	0	0	65	78	50
0	0	0	0	0	60	0	0	0	0	0	0	0	75	0	0	0	0	0	0	0	0	0	0	0	0	0	0	0	0	0	0	0	0	0	0	0	0	0	0	0	0	0	0	0	0	0	0	0	76
0	0	0	0	0	50	0	0	0	0	0	0	0	62	0	0	0	0	0	0	0	0	0	0	0	0	0	0	0	0	0	0	0	0	0	0	0	0	0	0	0	0	0	0	0	0	0	83	0	64
0	0	0	0	0	78	0	0	0	0	0	0	0	98	0	0	0	0	0	0	0	0	0	0	0	0	0	0	0	0	0	0	0	0	0	0	0	0	0	0	0	0	0	0	0	0	0	0	0	0

0	0	155	111	141	0	103	200	172	103	135	103	0	0	0	103	0	0	103	155	0	124	0	111	111	155	124	0	0	155	155	0	172	155	0	103	0	135	103	0	155	155	148	111	0	111	0	0	0	0
129	0	200	143	182	0	133	258	222	133	174	133	0	0	0	133	121	118	133	200	0	160	113	143	143	200	160	0	0	200	200	129	222	200	0	133	0	174	133	105	200	200	190	143	113	143	103	0	0	0
0	0	0	0	0	0	0	129	111	0	0	0	0	0	0	0	0	0	0	0	0	0	0	0	0	0	0	0	0	0	0	0	111	0	0	0	0	0	0	0	0	0	0	0	0	0	0	0	0	0
0	0	140	0	127	0	0	181	156	0	122	0	0	0	0	0	0	0	0	140	0	112	0	0	0	140	112	0	0	140	140	0	156	140	0	0	0	122	0	0	140	140	133	0	0	0	0	0	0	0
0	0	110	0	0	0	0	142	122	0	0	0	0	0	0	0	0	0	0	110	0	0	0	0	0	110	0	0	0	110	110	0	122	110	0	0	0	0	0	0	110	110	105	0	0	0	0	0	0	0
323	250	500	357	455	0	333	645	556	333	434	333	250	125	204	333	303	294	333	500	200	400	286	357	357	500	400	200	250	500	500	323	556	500	222	333	250	434	333	263	500	500	476	357	286	357	256	167	200	127
0	0	150	107	136	0	0	194	167	0	130	0	0	0	0	0	0	0	0	150	0	120	0	107	107	150	120	0	0	150	150	0	167	150	0	0	0	130	0	0	150	150	143	107	0	107	0	0	0	0
0	0	0	0	0	0	0	0	0	0	0	0	0	0	0	0	0	0	0	0	0	0	0	0	0	0	0	0	0	0	0	0	0	0	0	0	0	0	0	0	0	0	0	0	0	0	0	0	0	0
0	0	0	0	0	0	0	115	0	0	0	0	0	0	0	0	0	0	0	0	0	0	0	0	0	0	0	0	0	0	0	0	0	0	0	0	0	0	0	0	0	0	0	0	0	0	0	0	0	0
0	0	150	107	136	0	0	194	167	0	130	0	0	0	0	0	0	0	0	150	0	120	0	107	107	150	120	0	0	150	150	0	167	150	0	0	0	130	0	0	150	150	143	107	0	107	0	0	0	0
0	0	114	0	105	0	0	148	128	0	0	0	0	0	0	0	0	0	0	114	0	0	0	0	0	114	0	0	0	114	114	0	128	114	0	0	0	0	0	0	114	114	110	0	0	0	0	0	0	0
0	0	150	107	136	0	0	194	167	0	130	0	0	0	0	0	0	0	0	150	0	120	0	107	107	150	120	0	0	150	150	0	167	150	0	0	0	130	0	0	150	150	143	107	0	107	0	0	0	0
129	0	200	143	182	0	133	258	222	133	174	133	0	0	0	133	121	118	133	200	0	160	113	143	143	200	160	0	0	200	200	129	222	200	0	133	0	174	133	105	200	200	190	143	113	143	103	0	0	0
258	200	400	286	364	0	267	516	444	267	348	267	200	0	163	267	242	235	267	400	160	320	229	286	286	400	320	160	200	400	400	258	444	400	178	267	200	348	267	211	400	400	381	286	229	286	204	133	160	102
158	123	245	175	223	0	163	316	272	163	213	163	123	0	0	163	148	144	163	245	0	196	140	175	175	245	196	0	123	245	245	158	272	245	109	163	123	213	163	129	245	245	233	175	140	175	126	0	0	0
0	0	150	107	136	0	0	194	167	0	130	0	0	0	0	0	0	0	0	150	0	120	0	107	107	150	120	0	0	150	150	0	167	150	0	0	0	130	0	0	150	150	143	107	0	107	0	0	0	0
106	0	165	118	150	0	110	213	183	110	143	110	0	0	0	110	0	0	110	165	0	132	0	118	118	165	132	0	0	165	165	106	183	165	0	110	0	143	110	0	165	165	157	118	0	118	0	0	0	0
110	0	170	121	155	0	112	219	189	112	148	112	0	0	0	112	103	0	112	170	0	136	0	121	121	170	136	0	0	170	170	110	189	170	0	112	0	148	112	0	170	170	162	121	0	121	0	0	0	0
0	0	150	107	136	0	0	194	167	0	130	0	0	0	0	0	0	0	0	150	0	120	0	107	107	150	120	0	0	150	150	0	167	150	0	0	0	130	0	0	150	150	143	107	0	107	0	0	0	0
0	0	0	0	0	0	0	129	111	0	0	0	0	0	0	0	0	0	0	0	0	0	0	0	0	0	0	0	0	0	0	0	111	0	0	0	0	0	0	0	0	0	0	0	0	0	0	0	0	0
161	125	250	179	227	0	167	323	278	167	217	167	125	0	102	167	152	147	167	250	0	200	143	179	179	250	200	0	125	250	250	161	278	250	111	167	125	217	167	132	250	250	238	179	143	179	128	0	0	0
0	0	125	0	113	0	0	161	139	0	109	0	0	0	0	0	0	0	0	125	0	0	0	0	0	125	0	0	0	125	125	0	139	125	0	0	0	109	0	0	125	125	119	0	0	0	0	0	0	0
112	0	175	125	159	0	117	225	194	117	152	117	0	0	0	117	106	103	117	175	0	140	0	125	125	175	140	0	0	175	175	112	194	175	0	117	0	152	117	0	175	175	167	125	0	125	0	0	0	0
0	0	140	0	127	0	0	181	156	0	122	0	0	0	0	0	0	0	0	140	0	112	0	0	0	140	112	0	0	140	140	0	156	140	0	0	0	122	0	0	140	140	133	0	0	0	0	0	0	0
0	0	140	0	127	0	0	181	156	0	122	0	0	0	0	0	0	0	0	140	0	112	0	0	0	140	112	0	0	140	140	0	156	140	0	0	0	122	0	0	140	140	133	0	0	0	0	0	0	0
0	0	0	0	0	0	0	129	111	0	0	0	0	0	0	0	0	0	0	0	0	0	0	0	0	0	0	0	0	0	0	0	111	0	0	0	0	0	0	0	0	0	0	0	0	0	0	0	0	0
0	0	125	0	113	0	0	161	139	0	109	0	0	0	0	0	0	0	0	125	0	0	0	0	0	125	0	0	0	125	125	0	139	125	0	0	0	109	0	0	125	125	119	0	0	0	0	0	0	0
161	125	250	179	227	0	167	323	278	167	217	167	125	0	102	167	152	147	167	250	0	200	143	179	179	250	200	0	125	250	250	161	278	250	111	167	125	217	167	132	250	250	238	179	143	179	128	0	0	0
129	0	200	143	182	0	133	258	222	133	174	133	0	0	0	133	121	118	133	200	0	160	113	143	143	200	160	0	0	200	200	129	222	200	0	133	0	174	133	105	200	200	190	143	113	143	103	0	0	0
0	0	0	0	0	0	0	129	111	0	0	0	0	0	0	0	0	0	0	0	0	0	0	0	0	0	0	0	0	0	0	0	111	0	0	0	0	0	0	0	0	0	0	0	0	0	0	0	0	0
0	0	0	0	0	0	0	129	111	0	0	0	0	0	0	0	0	0	0	0	0	0	0	0	0	0	0	0	0	0	0	0	111	0	0	0	0	0	0	0	0	0	0	0	0	0	0	0	0	0
0	0	155	111	141	0	103	200	172	103	135	103	0	0	0	103	0	0	103	155	0	124	0	111	111	155	124	0	0	155	155	0	172	155	0	103	0	135	103	0	155	155	148	111	0	111	0	0	0	0
0	0	0	0	0	0	0	115	0	0	0	0	0	0	0	0	0	0	0	0	0	0	0	0	0	0	0	0	0	0	0	0	0	0	0	0	0	0	0	0	0	0	0	0	0	0	0	0	0	0
0	0	0	0	0	0	0	129	111	0	0	0	0	0	0	0	0	0	0	0	0	0	0	0	0	0	0	0	0	0	0	0	111	0	0	0	0	0	0	0	0	0	0	0	0	0	0	0	0	0
145	112	225	161	204	0	150	290	250	150	196	150	112	0	0	150	136	132	150	225	0	180	129	161	161	225	180	0	112	225	225	145	250	225	0	150	112	196	150	118	225	225	214	161	129	161	114	0	0	0
0	0	150	107	136	0	0	194	167	0	130	0	0	0	0	0	0	0	0	150	0	120	0	107	107	150	120	0	0	150	150	0	167	150	0	0	0	130	0	0	150	150	143	107	0	107	0	0	0	0
129	0	200	143	182	0	133	258	222	133	174	133	0	0	0	133	121	118	133	200	0	160	113	143	143	200	160	0	0	200	200	129	222	200	0	133	0	174	133	105	200	200	190	143	113	143	103	0	0	0
0	0	114	0	105	0	0	148	128	0	0	0	0	0	0	0	0	0	0	114	0	0	0	0	0	114	0	0	0	114	114	0	128	114	0	0	0	0	0	0	114	114	110	0	0	0	0	0	0	0
0	0	150	107	136	0	0	194	167	0	130	0	0	0	0	0	0	0	0	150	0	120	0	107	107	150	120	0	0	150	150	0	167	150	0	0	0	130	0	0	150	150	143	107	0	107	0	0	0	0
123	0	190	136	173	0	127	245	211	127	165	127	0	0	0	127	114	112	127	190	0	152	109	136	136	190	152	0	0	190	190	123	211	190	0	127	0	165	127	0	190	190	181	136	109	136	0	0	0	0
0	0	0	0	0	0	0	129	111	0	0	0	0	0	0	0	0	0	0	0	0	0	0	0	0	0	0	0	0	0	0	0	111	0	0	0	0	0	0	0	0	0	0	0	0	0	0	0	0	0
0	0	0	0	0	0	0	129	111	0	0	0	0	0	0	0	0	0	0	0	0	0	0	0	0	0	0	0	0	0	0	0	111	0	0	0	0	0	0	0	0	0	0	0	0	0	0	0	0	0
0	0	105	0	0	0	0	135	117	0	0	0	0	0	0	0	0	0	0	105	0	0	0	0	0	105	0	0	0	105	105	0	117	105	0	0	0	0	0	0	105	105	0	0	0	0	0	0	0	0
0	0	140	0	127	0	0	181	156	0	122	0	0	0	0	0	0	0	0	140	0	112	0	0	0	140	112	0	0	140	140	0	156	140	0	0	0	122	0	0	140	140	133	0	0	0	0	0	0	0
112	0	175	125	159	0	117	225	194	117	152	117	0	0	0	117	106	103	117	175	0	140	0	125	125	175	140	0	0	175	175	112	194	175	0	117	0	152	117	0	175	175	167	125	0	125	0	0	0	0
0	0	140	0	127	0	0	181	156	0	122	0	0	0	0	0	0	0	0	140	0	112	0	0	0	140	112	0	0	140	140	0	156	140	0	0	0	122	0	0	140	140	133	0	0	0	0	0	0	0
126	0	195	139	177	0	130	252	217	130	170	130	0	0	0	130	118	114	130	195	0	156	111	139	139	195	156	0	0	195	195	126	217	195	0	130	0	170	130	103	195	195	186	139	111	139	0	0	0	0
194	150	300	214	273	0	200	387	333	200	261	200	150	0	122	200	182	176	200	300	120	240	171	214	214	300	240	120	150	300	300	194	333	300	133	200	150	261	200	158	300	300	286	214	171	214	154	0	120	0
161	125	250	179	227	0	167	323	278	167	217	167	125	0	102	167	152	147	167	250	0	200	143	179	179	250	200	0	125	250	250	161	278	250	111	167	125	217	167	132	250	250	238	179	143	179	128	0	0	0
252	196	392	280	357	0	262	505	436	262	341	262	196	0	160	262	238	231	262	392	157	314	224	280	280	392	314	157	196	392	392	252	436	392	174	262	196	341	262	206	392	392	374	280	224	280	200	131	157	0