1770 1729 1754 1800 1732 1733 1772 1820 1754 1800 1754 1805 1828 1743 1821 1819 1832 1817 1802 1819 1757 1741 1813 1811 1737 1801 1759 1831 1800 1782 1785 1799 1814 1791 1854 1788 1821 1789 1821 1817 1818 1824 1846 1795 1811 1787 1840 1818 1820 1838

2

1164 1242 1195 1109 1236 1235 1160 1070 1194 1108 1194 1100 1056 1216 1069 1073 1048 1076 1104 1074 1190 1220 1084 1088 1226 1107 1185 1050 1109 1142 1136 1110 1082 1126 1008 1130 1068 1130 1069 1076 1074 1064 1022 1118 1088 1132 1033 1075 1070 1037

11.003838021320167 5.990662658256551 43.00132145685617 39.99626142559349

21898.0

0	0	0	0	26	0	27	0	25	0	0	26	28	0	0	0	0	25	27	0	0	28	0	25	28	0	28	28	0	30	0	0	27	0	0	0	30	30	0	0	0	28	0	28	0	26	30	0	27	0
30	0	0	0	26	0	27	0	25	0	30	26	28	0	0	0	0	25	27	0	0	28	0	25	28	0	28	28	0	30	0	0	27	0	0	0	30	28	0	0	0	28	0	28	0	26	30	0	27	0
27	27	0	0	23	0	24	0	22	27	27	23	26	0	0	0	0	22	24	0	0	25	0	22	24	28	25	25	0	26	0	0	24	0	28	27	26	26	27	0	0	26	27	26	0	22	26	0	24	27
23	23	26	0	20	26	21	26	19	23	23	20	22	28	28	28	27	19	21	28	0	21	27	19	21	24	22	22	28	23	27	28	21	0	26	23	23	23	23	27	28	22	23	22	0	19	23	27	21	23
0	0	0	0	0	0	0	0	28	0	0	30	0	0	0	0	0	28	0	0	0	0	0	28	0	0	0	0	0	0	0	0	0	0	0	0	0	0	0	0	0	0	0	0	0	30	0	0	0	0
26	26	30	0	23	0	24	0	22	27	26	23	25	0	0	0	0	22	24	0	0	24	0	22	24	28	25	25	0	26	0	0	24	0	28	27	26	26	27	0	0	26	27	26	0	22	26	0	24	27
0	0	0	0	28	0	0	0	28	0	0	28	0	0	0	0	0	28	30	0	0	0	0	27	0	0	0	0	0	0	0	0	30	0	0	0	0	0	0	0	0	0	0	0	0	28	0	0	0	0
26	26	30	0	22	30	24	0	22	27	26	22	25	0	0	0	0	22	24	0	0	24	0	22	24	28	25	25	0	26	0	0	24	0	28	27	26	26	27	0	0	26	26	26	0	22	26	0	24	27
0	0	0	0	0	0	0	0	0	0	0	0	0	0	0	0	0	30	0	0	0	0	0	30	0	0	0	0	0	0	0	0	0	0	0	0	0	0	0	0	0	0	0	0	0	0	0	0	0	0
30	30	0	0	25	0	27	0	25	0	30	25	28	0	0	0	0	25	27	0	0	28	0	24	27	0	28	28	0	30	0	0	27	0	0	30	28	28	30	0	0	28	30	28	0	25	28	0	27	30
30	0	0	0	26	0	27	0	25	0	0	26	28	0	0	0	0	25	27	0	0	28	0	25	28	0	28	28	0	30	0	0	27	0	0	0	30	28	0	0	0	28	0	28	0	26	30	0	27	0
0	0	0	0	0	0	0	0	28	0	0	0	0	0	0	0	0	28	0	0	0	0	0	28	0	0	0	0	0	0	0	0	0	0	0	0	0	0	0	0	0	0	0	0	0	30	0	0	0	0
0	0	0	0	27	0	28	0	26	0	0	27	0	0	0	0	0	26	28	0	0	28	0	26	28	0	30	30	0	0	0	0	28	0	0	0	0	0	0	0	0	0	0	0	0	27	0	0	28	0
25	25	28	0	21	28	23	28	21	25	25	21	24	0	0	0	30	21	23	0	0	23	28	20	23	26	24	24	0	25	28	0	23	0	28	25	25	25	25	30	0	24	25	24	0	21	25	28	23	25
24	24	27	0	20	27	22	27	20	24	24	20	23	28	0	28	28	20	22	28	0	22	28	19	22	25	23	23	28	24	28	28	22	0	27	24	24	23	24	28	0	23	24	23	0	20	24	28	22	24
24	25	28	0	21	28	22	28	20	25	24	21	23	28	0	0	28	20	22	0	0	23	28	20	22	26	23	23	0	24	28	30	22	0	27	25	24	24	25	28	0	24	25	24	0	21	24	28	22	25
26	26	28	0	22	28	23	28	21	26	26	22	25	0	0	0	0	21	23	0	0	24	30	21	23	27	24	24	0	25	30	0	23	0	28	26	25	25	26	0	0	25	26	25	0	22	25	30	23	26
0	0	0	0	0	0	0	0	0	0	0	0	0	0	0	0	0	0	0	0	0	0	0	30	0	0	0	0	0	0	0	0	0	0	0	0	0	0	0	0	0	0	0	0	0	0	0	0	0	0
0	0	0	0	28	0	0	0	28	0	0	28	0	0	0	0	0	28	0	0	0	0	0	27	0	0	0	0	0	0	0	0	0	0	0	0	0	0	0	0	0	0	0	0	0	28	0	0	0	0
24	24	28	0	21	28	22	28	20	25	24	21	23	28	0	30	28	20	22	0	0	22	28	20	22	26	23	23	30	24	28	30	22	0	27	25	24	24	25	28	0	24	24	24	0	20	24	28	22	25
19	19	22	25	16	22	17	22	16	19	19	16	18	23	25	24	23	16	17	24	0	18	23	15	17	20	18	18	24	19	22	24	17	25	21	19	19	19	19	23	25	19	19	19	25	16	19	23	17	19
0	0	0	0	28	0	30	0	27	0	0	28	0	0	0	0	0	27	28	0	0	0	0	27	30	0	0	0	0	0	0	0	28	0	0	0	0	0	0	0	0	0	0	0	0	28	0	0	30	0
26	26	28	0	22	30	23	30	21	26	26	22	25	0	0	0	0	21	23	0	0	24	0	21	24	27	25	25	0	26	30	0	23	0	28	26	26	25	26	0	0	25	26	25	0	22	26	0	23	26
0	0	0	0	0	0	0	0	0	0	0	0	0	0	0	0	0	0	0	0	0	0	0	0	0	0	0	0	0	0	0	0	0	0	0	0	0	0	0	0	0	0	0	0	0	0	0	0	0	0
0	0	0	0	28	0	30	0	27	0	0	28	0	0	0	0	0	27	30	0	0	0	0	27	0	0	0	0	0	0	0	0	30	0	0	0	0	0	0	0	0	0	0	0	0	28	0	0	30	0
28	28	0	0	25	0	26	0	24	28	28	25	28	0	0	0	0	24	26	0	0	27	0	24	26	0	27	27	0	28	0	0	26	0	0	28	28	28	28	0	0	28	28	28	0	24	28	0	26	28
0	0	0	0	27	0	28	0	26	0	0	27	0	0	0	0	0	26	28	0	0	28	0	26	28	0	0	0	0	0	0	0	28	0	0	0	0	0	0	0	0	0	0	0	0	27	0	0	28	0
0	0	0	0	27	0	28	0	26	0	0	27	0	0	0	0	0	26	28	0	0	28	0	26	28	0	0	0	0	0	0	0	28	0	0	0	0	0	0	0	0	0	0	0	0	27	0	0	28	0
24	24	28	0	21	28	22	28	20	25	24	21	23	28	0	30	28	20	22	0	0	23	28	20	22	26	23	23	0	24	28	30	22	0	27	25	24	24	25	28	0	24	25	24	0	21	24	28	22	25
0	0	0	0	26	0	28	0	25	0	0	26	28	0	0	0	0	25	27	0	0	28	0	25	28	0	28	28	0	0	0	0	27	0	0	0	30	30	0	0	0	28	0	28	0	26	30	0	28	0
26	26	30	0	22	30	24	30	22	26	26	22	25	0	0	0	0	22	24	0	0	24	0	21	24	27	25	25	0	26	0	0	24	0	28	26	26	26	26	0	0	25	26	25	0	22	26	0	24	26
25	25	28	0	21	28	22	28	20	25	25	21	24	30	0	0	28	20	22	0	0	23	28	20	23	26	24	24	0	25	28	0	22	0	28	25	24	24	25	28	0	24	25	24	0	21	24	28	22	25
0	0	0	0	28	0	0	0	28	0	0	28	0	0	0	0	0	28	0	0	0	0	0	27	0	0	0	0	0	0	0	0	0	0	0	0	0	0	0	0	0	0	0	0	0	28	0	0	0	0
23	23	26	30	19	26	21	26	19	23	23	19	22	28	28	28	27	19	21	28	0	21	27	19	21	24	22	22	28	23	27	28	21	0	26	23	23	22	23	27	28	22	23	22	30	19	23	27	21	23
27	27	0	0	23	0	25	0	22	28	27	23	26	0	0	0	0	22	25	0	0	25	0	22	25	28	26	26	0	27	0	0	25	0	0	27	27	27	27	0	0	26	27	26	0	23	27	0	25	27
30	30	0	0	26	0	27	0	25	0	30	26	28	0	0	0	0	25	27	0	0	28	0	25	27	0	28	28	0	30	0	0	27	0	0	0	30	28	0	0	0	28	30	28	0	25	30	0	27	0
0	0	0	0	26	0	28	0	25	0	0	26	28	0	0	0	0	25	28	0	0	28	0	25	28	0	28	28	0	0	0	0	28	0	0	0	0	30	0	0	0	30	0	30	0	26	30	0	28	0
0	0	0	0	26	0	28	0	26	0	0	26	30	0	0	0	0	26	28	0	0	28	0	25	28	0	28	28	0	0	0	0	28	0	0	0	0	0	0	0	0	30	0	30	0	26	0	0	28	0
30	30	0	0	26	0	27	0	25	0	30	26	28	0	0	0	0	25	27	0	0	28	0	25	27	0	28	28	0	30	0	0	27	0	0	30	30	28	0	0	0	28	30	28	0	25	30	0	27	0
26	26	28	0	22	28	23	28	21	26	26	22	25	0	0	0	0	21	23	0	0	24	30	21	23	27	24	24	0	25	30	0	23	0	28	26	25	25	26	0	0	25	26	25	0	22	25	30	23	26
24	24	27	0	20	27	21	27	20	24	24	20	23	28	30	28	28	19	21	28	0	22	28	19	22	25	23	23	28	24	27	28	21	0	26	24	23	23	24	28	0	23	24	23	0	20	23	28	21	24
0	0	0	0	27	0	28	0	26	0	0	27	30	0	0	0	0	26	28	0	0	28	0	26	28	0	30	30	0	0	0	0	28	0	0	0	0	0	0	0	0	0	0	0	0	26	0	0	28	0
30	30	0	0	26	0	27	0	25	0	30	26	28	0	0	0	0	25	27	0	0	28	0	25	28	0	28	28	0	30	0	0	27	0	0	0	30	28	0	0	0	28	0	28	0	25	30	0	27	0
0	0	0	0	27	0	28	0	26	0	0	27	30	0	0	0	0	26	28	0	0	28	0	26	28	0	30	30	0	0	0	0	28	0	0	0	0	0	0	0	0	0	0	0	0	26	0	0	28	0
23	23	26	30	20	26	21	26	19	23	23	19	22	28	28	28	27	19	21	28	0	21	27	19	21	24	22	22	28	23	27	28	21	0	26	23	23	23	23	27	28	22	23	22	0	19	23	27	21	23
0	0	0	0	0	0	0	0	28	0	0	0	0	0	0	0	0	28	0	0	0	0	0	28	0	0	0	0	0	0	0	0	0	0	0	0	0	0	0	0	0	0	0	0	0	0	0	0	0	0
0	0	0	0	26	0	28	0	25	0	0	26	28	0	0	0	0	25	28	0	0	28	0	25	28	0	28	28	0	0	0	0	28	0	0	0	0	30	0	0	0	30	0	30	0	26	0	0	28	0
26	26	28	0	22	30	23	30	21	26	26	22	25	0	0	0	0	21	23	0	0	24	0	21	24	27	25	25	0	26	30	0	23	0	28	26	26	25	26	0	0	25	26	25	0	22	26	0	23	26
0	0	0	0	28	0	0	0	28	0	0	28	0	0	0	0	0	28	30	0	0	0	0	27	0	0	0	0	0	0	0	0	30	0	0	0	0	0	0	0	0	0	0	0	0	28	0	0	0	0
30	30	0	0	26	0	27	0	25	0	30	26	28	0	0	0	0	25	27	0	0	28	0	25	27	0	28	28	0	30	0	0	27	0	0	30	30	28	0	0	0	28	30	28	0	25	30	0	27	0

0	30	34	39	0	34	0	34	0	31	30	0	0	36	38	37	35	0	0	37	45	0	35	0	0	32	0	0	37	0	35	36	0	39	33	30	0	0	30	35	38	0	30	0	39	0	0	35	0	30
0	0	34	38	0	34	0	34	0	30	0	0	0	36	37	37	35	0	0	37	45	0	35	0	0	31	0	0	37	0	34	36	0	39	33	30	0	0	30	35	38	0	30	0	39	0	0	35	0	30
0	0	0	34	0	30	0	30	0	0	0	0	0	32	33	33	31	0	0	33	40	0	31	0	0	0	0	0	33	0	31	32	0	35	0	0	0	0	0	31	33	0	0	0	34	0	0	31	0	0
0	0	0	0	0	0	0	0	0	0	0	0	0	0	0	0	0	0	0	0	36	0	0	0	0	0	0	0	0	0	0	0	0	30	0	0	0	0	0	0	0	0	0	0	30	0	0	0	0	0
35	35	39	44	0	39	32	39	0	35	35	0	34	41	43	42	40	0	32	42	51	32	40	0	32	36	33	33	42	35	40	42	32	44	38	35	35	34	35	40	43	34	35	34	44	0	34	40	32	35
0	0	0	34	0	0	0	30	0	0	0	0	0	32	33	32	31	0	0	32	40	0	31	0	0	0	0	0	32	0	30	32	0	34	0	0	0	0	0	31	33	0	0	0	34	0	0	31	0	0
33	33	37	42	0	37	0	37	0	33	33	0	32	39	41	40	38	0	0	40	48	31	38	0	30	34	32	32	40	33	38	39	0	42	36	33	33	32	33	38	41	32	33	32	42	0	33	38	0	33
0	0	0	34	0	0	0	0	0	0	0	0	0	32	33	32	31	0	0	32	40	0	31	0	0	0	0	0	32	0	30	32	0	34	0	0	0	0	0	31	33	0	0	0	34	0	0	31	0	0
36	36	40	45	31	40	33	40	0	36	36	31	35	42	44	43	41	0	33	43	52	33	41	0	33	37	34	34	43	36	41	43	33	45	39	36	35	35	36	41	44	35	36	35	45	31	35	41	33	36
0	0	33	38	0	34	0	34	0	0	0	0	0	35	37	36	35	0	0	36	44	0	34	0	0	31	0	0	36	0	34	36	0	38	33	0	0	0	0	35	37	0	0	0	38	0	0	34	0	0
0	30	34	38	0	34	0	34	0	31	0	0	0	36	37	37	35	0	0	37	45	0	35	0	0	31	0	0	37	0	34	36	0	39	33	30	0	0	30	35	38	0	30	0	39	0	0	35	0	30
35	35	39	44	30	39	32	39	0	35	35	0	34	41	43	42	40	0	32	42	51	32	40	0	32	36	33	33	42	35	40	42	32	44	38	35	35	34	35	40	43	34	35	34	44	0	35	40	32	35
31	31	35	40	0	35	0	35	0	32	31	0	0	37	39	38	36	0	0	38	46	0	36	0	0	33	0	0	38	31	36	38	0	40	35	32	31	31	32	36	39	30	31	30	40	0	31	36	0	32
0	0	0	32	0	0	0	0	0	0	0	0	0	0	32	31	0	0	0	31	38	0	0	0	0	0	0	0	31	0	0	30	0	33	0	0	0	0	0	0	32	0	0	0	33	0	0	0	0	0
0	0	0	31	0	0	0	0	0	0	0	0	0	0	0	0	0	0	0	0	37	0	0	0	0	0	0	0	0	0	0	0	0	31	0	0	0	0	0	0	30	0	0	0	31	0	0	0	0	0
0	0	0	32	0	0	0	0	0	0	0	0	0	0	31	0	0	0	0	30	37	0	0	0	0	0	0	0	30	0	0	0	0	32	0	0	0	0	0	0	31	0	0	0	32	0	0	0	0	0
0	0	0	33	0	0	0	0	0	0	0	0	0	31	32	31	0	0	0	32	39	0	0	0	0	0	0	0	31	0	0	31	0	33	0	0	0	0	0	0	32	0	0	0	33	0	0	0	0	0
36	36	40	45	31	40	33	40	30	36	36	31	35	42	44	43	41	0	33	43	52	33	41	0	33	37	34	34	43	36	41	43	33	45	39	36	35	35	36	41	44	35	36	35	45	31	35	41	33	36
33	33	37	42	0	37	30	37	0	34	33	0	32	39	41	40	38	0	0	40	49	31	38	0	30	35	32	32	40	33	38	40	0	42	36	33	33	32	33	38	41	32	33	32	42	0	33	38	30	33
0	0	0	32	0	0	0	0	0	0	0	0	0	0	31	0	0	0	0	0	37	0	0	0	0	0	0	0	0	0	0	0	0	32	0	0	0	0	0	0	31	0	0	0	32	0	0	0	0	0
0	0	0	0	0	0	0	0	0	0	0	0	0	0	0	0	0	0	0	0	0	0	0	0	0	0	0	0	0	0	0	0	0	0	0	0	0	0	0	0	0	0	0	0	0	0	0	0	0	0
32	32	36	41	0	37	0	37	0	33	32	0	31	38	40	39	38	0	0	39	48	0	37	0	0	34	31	31	39	32	37	39	0	41	36	33	32	32	33	38	40	31	32	31	41	0	32	37	0	33
0	0	0	33	0	0	0	0	0	0	0	0	0	31	33	32	30	0	0	32	39	0	0	0	0	0	0	0	32	0	0	31	0	34	0	0	0	0	0	30	33	0	0	0	34	0	0	0	0	0
36	36	40	45	31	41	33	41	30	37	36	31	35	42	44	43	42	30	33	43	52	34	41	0	33	38	35	35	43	36	41	43	33	46	40	36	36	35	36	42	44	35	36	35	46	31	36	41	33	36
33	33	37	42	0	37	0	37	0	33	33	0	31	39	40	40	38	0	0	40	48	30	38	0	0	34	31	31	40	33	37	39	0	42	36	33	32	32	33	38	41	32	33	32	42	0	32	38	0	33
0	0	32	37	0	33	0	33	0	0	0	0	0	34	36	35	34	0	0	35	43	0	33	0	0	0	0	0	35	0	33	35	0	37	32	0	0	0	0	34	36	0	0	0	37	0	0	33	0	0
31	32	35	40	0	36	0	36	0	32	31	0	30	37	39	38	37	0	0	38	47	0	36	0	0	33	0	0	38	31	36	38	0	40	35	32	31	31	32	37	39	31	32	31	40	0	31	36	0	32
31	32	35	40	0	36	0	36	0	32	31	0	30	37	39	38	37	0	0	38	47	0	36	0	0	33	0	0	38	31	36	38	0	40	35	32	31	31	32	37	39	31	32	31	40	0	31	36	0	32
0	0	0	32	0	0	0	0	0	0	0	0	0	0	31	0	0	0	0	30	37	0	0	0	0	0	0	0	0	0	0	0	0	32	0	0	0	0	0	0	31	0	0	0	32	0	0	0	0	0
30	30	34	39	0	34	0	34	0	31	30	0	0	36	38	37	35	0	0	37	45	0	35	0	0	32	0	0	37	0	35	36	0	39	33	30	0	0	30	35	38	0	30	0	39	0	0	35	0	30
0	0	0	34	0	0	0	0	0	0	0	0	0	31	33	32	31	0	0	32	40	0	30	0	0	0	0	0	32	0	0	32	0	34	0	0	0	0	0	31	33	0	0	0	34	0	0	30	0	0
0	0	0	32	0	0	0	0	0	0	0	0	0	0	31	30	0	0	0	31	38	0	0	0	0	0	0	0	30	0	0	0	0	32	0	0	0	0	0	0	31	0	0	0	32	0	0	0	0	0
33	33	37	42	0	37	30	37	0	34	33	0	32	39	41	40	38	0	0	40	49	31	38	0	30	35	32	32	40	33	38	40	0	42	36	33	33	32	33	38	41	32	33	32	42	0	33	38	30	33
0	0	0	0	0	0	0	0	0	0	0	0	0	0	0	0	0	0	0	0	35	0	0	0	0	0	0	0	0	0	0	0	0	0	0	0	0	0	0	0	0	0	0	0	0	0	0	0	0	0
0	0	31	35	0	31	0	31	0	0	0	0	0	32	34	33	32	0	0	33	41	0	32	0	0	0	0	0	33	0	31	33	0	35	0	0	0	0	0	32	34	0	0	0	35	0	0	32	0	0
0	0	34	38	0	34	0	34	0	30	0	0	0	36	37	36	35	0	0	37	45	0	35	0	0	31	0	0	36	0	34	36	0	38	33	0	0	0	30	35	37	0	0	0	38	0	0	35	0	30
30	30	34	39	0	34	0	35	0	31	30	0	0	36	38	37	36	0	0	37	45	0	35	0	0	32	0	0	37	30	35	37	0	39	34	31	0	0	31	36	38	0	31	0	39	0	0	35	0	31
31	31	35	39	0	35	0	35	0	31	31	0	0	36	38	37	36	0	0	37	46	0	35	0	0	32	0	0	37	31	35	37	0	39	34	31	30	0	31	36	38	0	31	0	39	0	30	35	0	31
0	0	34	38	0	34	0	34	0	30	0	0	0	36	37	36	35	0	0	36	44	0	35	0	0	31	0	0	36	0	34	36	0	38	33	0	0	0	0	35	37	0	0	0	38	0	0	35	0	0
0	0	0	33	0	0	0	0	0	0	0	0	0	31	32	31	0	0	0	32	39	0	0	0	0	0	0	0	31	0	0	31	0	33	0	0	0	0	0	0	32	0	0	0	33	0	0	0	0	0
0	0	0	31	0	0	0	0	0	0	0	0	0	0	0	0	0	0	0	0	36	0	0	0	0	0	0	0	0	0	0	0	0	31	0	0	0	0	0	0	0	0	0	0	31	0	0	0	0	0
31	31	35	40	0	35	0	35	0	31	31	0	0	37	38	38	36	0	0	38	46	0	36	0	0	32	0	0	38	31	36	37	0	40	34	31	31	30	31	36	39	0	31	0	40	0	31	36	0	31
0	0	34	38	0	34	0	34	0	30	0	0	0	36	37	36	35	0	0	37	45	0	35	0	0	31	0	0	37	0	34	36	0	39	33	30	0	0	30	35	37	0	0	0	38	0	0	35	0	30
31	31	35	40	0	35	0	35	0	31	31	0	0	37	38	38	36	0	0	38	46	0	36	0	0	32	0	0	38	31	36	37	0	40	34	31	31	30	31	36	39	0	31	0	40	0	31	36	0	31
0	0	0	0	0	0	0	0	0	0	0	0	0	0	0	0	0	0	0	0	35	0	0	0	0	0	0	0	0	0	0	0	0	30	0	0	0	0	0	0	0	0	0	0	0	0	0	0	0	0
35	35	39	44	30	40	32	40	0	36	35	30	34	41	43	42	41	0	32	42	51	33	40	0	32	37	34	34	42	35	40	42	32	45	39	35	35	34	35	41	43	34	35	34	44	0	35	40	32	35
30	31	34	39	0	35	0	35	0	31	30	0	0	36	38	37	36	0	0	37	45	0	35	0	0	32	0	0	37	30	35	37	0	39	34	31	30	0	31	36	38	0	31	0	39	0	0	35	0	31
0	0	0	33	0	0	0	0	0	0	0	0	0	31	33	32	30	0	0	32	39	0	0	0	0	0	0	0	32	0	0	31	0	34	0	0	0	0	0	30	33	0	0	0	34	0	0	0	0	0
33	33	37	42	0	37	0	37	0	33	33	0	32	39	41	40	38	0	0	40	48	31	38	0	30	34	32	32	40	33	38	39	0	42	36	33	33	32	33	38	41	32	33	32	42	0	33	38	0	33
0	0	34	38	0	34	0	34	0	30	0	0	0	36	37	36	35	0	0	36	44	0	35	0	0	31	0	0	36	0	34	36	0	38	33	0	0	0	0	35	37	0	0	0	38	0	0	35	0	0

0	0	82	51	0	74	0	56	82	49	82	77	0	0	38	56	0	56	77	56	82	61	92	92	70	77	52	0	40	66	0	77	56	51	18	66	56	66	92	92	56	0	0	79	77	66	0	56	92	0
91	0	75	47	0	68	91	52	75	45	75	70	0	0	35	52	0	52	70	52	75	55	84	84	64	70	48	0	36	60	91	70	52	47	17	60	52	60	84	84	52	95	0	72	70	60	0	52	84	0
0	0	0	62	0	90	0	70	0	60	0	93	0	0	47	70	0	70	93	70	0	74	0	0	85	93	64	0	48	80	0	93	70	62	22	80	70	80	0	0	70	0	0	97	93	80	0	70	0	0
0	0	0	0	0	0	0	0	0	96	0	0	0	0	75	0	0	0	0	0	0	0	0	0	0	0	0	0	78	0	0	0	0	0	35	0	0	0	0	0	0	0	0	0	0	0	0	0	0	0
91	0	75	47	0	68	91	52	75	45	75	70	0	0	35	52	0	52	70	52	75	55	84	84	64	70	48	0	36	60	91	70	52	47	17	60	52	60	84	84	52	95	0	72	70	60	0	52	84	0
0	0	0	69	0	0	0	78	0	66	0	0	0	0	52	78	0	78	0	78	0	82	0	0	94	0	70	0	53	89	0	0	78	69	24	89	78	89	0	0	78	0	0	0	0	89	0	78	0	0
0	0	82	51	0	74	0	56	82	49	82	77	0	0	38	56	0	56	77	56	82	61	92	92	70	77	52	0	40	66	0	77	56	51	18	66	56	66	92	92	56	0	0	79	77	66	0	56	92	0
0	0	0	89	0	0	0	0	0	85	0	0	0	0	67	0	0	0	0	0	0	0	0	0	0	0	91	0	69	0	0	0	0	89	31	0	0	0	0	0	0	0	0	0	0	0	0	0	0	0
0	0	0	62	0	90	0	70	0	60	0	93	0	0	47	70	0	70	93	70	0	74	0	0	85	93	64	0	48	80	0	93	70	62	22	80	70	80	0	0	70	0	0	97	93	80	0	70	0	0
0	0	0	0	0	0	0	0	0	0	0	0	0	0	78	0	0	0	0	0	0	0	0	0	0	0	0	0	81	0	0	0	0	0	37	0	0	0	0	0	0	0	0	0	0	0	0	0	0	0
0	0	0	62	0	90	0	70	0	60	0	93	0	0	47	70	0	70	93	70	0	74	0	0	85	93	64	0	48	80	0	93	70	62	22	80	70	80	0	0	70	0	0	97	93	80	0	70	0	0
0	0	0	67	0	97	0	75	0	64	0	0	0	0	50	75	0	75	0	75	0	79	0	0	91	0	68	0	52	86	0	0	75	67	24	86	75	86	0	0	75	0	0	0	0	86	0	75	0	0
87	95	71	44	95	65	87	50	71	43	71	67	0	95	33	50	0	50	67	50	71	53	80	80	61	67	45	0	34	56	87	67	50	44	16	56	50	56	80	80	50	91	0	69	67	56	0	50	80	0
91	0	75	47	0	68	91	52	75	45	75	70	0	0	35	52	0	52	70	52	75	55	84	84	64	70	48	0	36	60	91	70	52	47	17	60	52	60	84	84	52	95	0	72	70	60	0	52	84	0
0	0	0	0	0	0	0	0	0	0	0	0	0	0	0	0	0	0	0	0	0	0	0	0	0	0	0	0	0	0	0	0	0	0	47	0	0	0	0	0	0	0	0	0	0	0	0	0	0	0
0	0	0	89	0	0	0	0	0	85	0	0	0	0	67	0	0	0	0	0	0	0	0	0	0	0	91	0	69	0	0	0	0	89	31	0	0	0	0	0	0	0	0	0	0	0	0	0	0	0
87	95	71	44	95	65	87	50	71	43	71	67	0	95	33	50	0	50	67	50	71	53	80	80	61	67	45	0	34	56	87	67	50	44	16	56	50	56	80	80	50	91	0	69	67	56	0	50	80	0
0	0	0	89	0	0	0	0	0	85	0	0	0	0	67	0	0	0	0	0	0	0	0	0	0	0	91	0	69	0	0	0	0	89	31	0	0	0	0	0	0	0	0	0	0	0	0	0	0	0
0	0	0	67	0	97	0	75	0	64	0	0	0	0	50	75	0	75	0	75	0	79	0	0	91	0	68	0	52	86	0	0	75	67	24	86	75	86	0	0	75	0	0	0	0	86	0	75	0	0
0	0	0	89	0	0	0	0	0	85	0	0	0	0	67	0	0	0	0	0	0	0	0	0	0	0	91	0	69	0	0	0	0	89	31	0	0	0	0	0	0	0	0	0	0	0	0	0	0	0
0	0	0	62	0	90	0	70	0	60	0	93	0	0	47	70	0	70	93	70	0	74	0	0	85	93	64	0	48	80	0	93	70	62	22	80	70	80	0	0	70	0	0	97	93	80	0	70	0	0
0	0	0	84	0	0	0	95	0	81	0	0	0	0	63	95	0	95	0	95	0	0	0	0	0	0	86	0	66	0	0	0	95	84	30	0	95	0	0	0	95	0	0	0	0	0	0	95	0	0
0	0	89	56	0	81	0	62	89	53	89	83	0	0	42	62	0	62	83	62	89	66	0	0	76	83	56	0	43	71	0	83	62	56	20	71	62	71	0	0	62	0	0	86	83	71	0	62	0	0
0	0	89	56	0	81	0	62	89	53	89	83	0	0	42	62	0	62	83	62	89	66	0	0	76	83	56	0	43	71	0	83	62	56	20	71	62	71	0	0	62	0	0	86	83	71	0	62	0	0
0	0	0	73	0	0	0	82	0	70	0	0	0	0	55	82	0	82	0	82	0	87	0	0	0	0	75	0	56	94	0	0	82	73	26	94	82	94	0	0	82	0	0	0	0	94	0	82	0	0
0	0	0	67	0	97	0	75	0	64	0	0	0	0	50	75	0	75	0	75	0	79	0	0	91	0	68	0	52	86	0	0	75	67	24	86	75	86	0	0	75	0	0	0	0	86	0	75	0	0
0	0	0	98	0	0	0	0	0	94	0	0	0	0	73	0	0	0	0	0	0	0	0	0	0	0	0	0	76	0	0	0	0	98	35	0	0	0	0	0	0	0	0	0	0	0	0	0	0	0
87	95	71	44	95	65	87	50	71	43	71	67	0	95	33	50	0	50	67	50	71	53	80	80	61	67	45	0	34	56	87	67	50	44	16	56	50	56	80	80	50	91	0	69	67	56	0	50	80	0
0	0	0	0	0	0	0	0	0	0	0	0	0	0	97	0	0	0	0	0	0	0	0	0	0	0	0	0	0	0	0	0	0	0	46	0	0	0	0	0	0	0	0	0	0	0	0	0	0	0
0	0	0	78	0	0	0	88	0	74	0	0	0	0	57	88	0	88	0	88	0	92	0	0	0	0	80	0	60	0	0	0	88	78	28	0	88	0	0	0	88	0	0	0	0	0	0	88	0	0
0	0	82	51	0	74	0	56	82	49	82	77	0	0	38	56	0	56	77	56	82	61	92	92	70	77	52	0	40	66	0	77	56	51	18	66	56	66	92	92	56	0	0	79	77	66	0	56	92	0
0	0	0	67	0	97	0	75	0	64	0	0	0	0	50	75	0	75	0	75	0	79	0	0	91	0	68	0	52	86	0	0	75	67	24	86	75	86	0	0	75	0	0	0	0	86	0	75	0	0
0	0	0	89	0	0	0	0	0	85	0	0	0	0	67	0	0	0	0	0	0	0	0	0	0	0	91	0	69	0	0	0	0	89	31	0	0	0	0	0	0	0	0	0	0	0	0	0	0	0
0	0	0	0	0	0	0	0	0	96	0	0	0	0	75	0	0	0	0	0	0	0	0	0	0	0	0	0	78	0	0	0	0	0	35	0	0	0	0	0	0	0	0	0	0	0	0	0	0	0
0	0	0	0	0	0	0	0	0	0	0	0	0	0	0	0	0	0	0	0	0	0	0	0	0	0	0	0	0	0	0	0	0	0	0	0	0	0	0	0	0	0	0	0	0	0	0	0	0	0
0	0	0	78	0	0	0	88	0	74	0	0	0	0	57	88	0	88	0	88	0	92	0	0	0	0	80	0	60	0	0	0	88	78	28	0	88	0	0	0	88	0	0	0	0	0	0	88	0	0
0	0	0	89	0	0	0	0	0	85	0	0	0	0	67	0	0	0	0	0	0	0	0	0	0	0	91	0	69	0	0	0	0	89	31	0	0	0	0	0	0	0	0	0	0	0	0	0	0	0
0	0	0	78	0	0	0	88	0	74	0	0	0	0	57	88	0	88	0	88	0	92	0	0	0	0	80	0	60	0	0	0	88	78	28	0	88	0	0	0	88	0	0	0	0	0	0	88	0	0
0	0	89	56	0	81	0	62	89	53	89	83	0	0	42	62	0	62	83	62	89	66	0	0	76	83	56	0	43	71	0	83	62	56	20	71	62	71	0	0	62	0	0	86	83	71	0	62	0	0
0	0	89	56	0	81	0	62	89	53	89	83	0	0	42	62	0	62	83	62	89	66	0	0	76	83	56	0	43	71	0	83	62	56	20	71	62	71	0	0	62	0	0	86	83	71	0	62	0	0
0	0	0	89	0	0	0	0	0	85	0	0	0	0	67	0	0	0	0	0	0	0	0	0	0	0	91	0	69	0	0	0	0	89	31	0	0	0	0	0	0	0	0	0	0	0	0	0	0	0
96	0	79	49	0	71	96	55	79	47	79	73	0	0	37	55	0	55	73	55	79	57	88	88	67	73	50	0	38	63	96	73	55	49	17	63	55	63	88	88	55	0	0	76	73	63	0	55	88	0
76	83	62	39	83	56	76	44	62	37	62	57	88	83	28	44	88	44	57	44	62	46	70	70	53	57	40	88	30	50	76	57	44	39	14	50	44	50	70	70	44	80	0	60	57	50	88	44	70	92
0	0	0	64	0	94	0	72	0	62	0	97	0	0	48	72	0	72	97	72	0	76	0	0	88	97	66	0	50	83	0	97	72	64	23	83	72	83	0	0	72	0	0	0	97	83	0	72	0	0
0	0	0	67	0	97	0	75	0	64	0	0	0	0	50	75	0	75	0	75	0	79	0	0	91	0	68	0	52	86	0	0	75	67	24	86	75	86	0	0	75	0	0	0	0	86	0	75	0	0
0	0	0	78	0	0	0	88	0	74	0	0	0	0	57	88	0	88	0	88	0	92	0	0	0	0	80	0	60	0	0	0	88	78	28	0	88	0	0	0	88	0	0	0	0	0	0	88	0	0
87	95	71	44	95	65	87	50	71	43	71	67	0	95	33	50	0	50	67	50	71	53	80	80	61	67	45	0	34	56	87	67	50	44	16	56	50	56	80	80	50	91	0	69	67	56	0	50	80	0
0	0	0	89	0	0	0	0	0	85	0	0	0	0	67	0	0	0	0	0	0	0	0	0	0	0	91	0	69	0	0	0	0	89	31	0	0	0	0	0	0	0	0	0	0	0	0	0	0	0
0	0	89	56	0	81	0	62	89	53	89	83	0	0	42	62	0	62	83	62	89	66	0	0	76	83	56	0	43	71	0	83	62	56	20	71	62	71	0	0	62	0	0	86	83	71	0	62	0	0
83	90	68	42	90	61	83	48	68	40	68	63	95	90	32	48	95	48	63	48	68	50	76	76	57	63	43	95	33	54	83	63	48	42	15	54	48	54	76	76	48	86	0	66	63	54	95	48	76	0

0	110	0	0	110	0	0	0	0	0	0	0	114	110	0	0	114	0	0	0	0	0	0	0	0	0	0	114	0	0	0	0	0	0	0	0	0	0	0	0	0	105	131	0	0	0	114	0	0	121
0	0	0	0	0	0	0	0	0	0	0	0	105	0	0	0	105	0	0	0	0	0	0	0	0	0	0	105	0	0	0	0	0	0	0	0	0	0	0	0	0	0	120	0	0	0	105	0	0	111
122	133	0	0	133	0	122	0	0	0	0	0	140	133	0	0	140	0	0	0	0	0	112	112	0	0	0	140	0	0	122	0	0	0	0	0	0	0	112	112	0	127	160	0	0	0	140	0	112	147
196	214	161	0	214	145	196	112	161	0	161	150	225	214	0	112	225	112	150	112	161	118	180	180	136	150	102	225	0	129	196	150	112	0	0	129	112	129	180	180	112	204	257	155	150	129	225	112	180	237
0	0	0	0	0	0	0	0	0	0	0	0	105	0	0	0	105	0	0	0	0	0	0	0	0	0	0	105	0	0	0	0	0	0	0	0	0	0	0	0	0	0	120	0	0	0	105	0	0	111
135	148	111	0	148	0	135	0	111	0	111	103	155	148	0	0	155	0	103	0	111	0	124	124	0	103	0	155	0	0	135	103	0	0	0	0	0	0	124	124	0	141	177	107	103	0	155	0	124	163
0	110	0	0	110	0	0	0	0	0	0	0	114	110	0	0	114	0	0	0	0	0	0	0	0	0	0	114	0	0	0	0	0	0	0	0	0	0	0	0	0	105	131	0	0	0	114	0	0	121
174	190	143	0	190	129	174	0	143	0	143	133	200	190	0	0	200	0	133	0	143	105	160	160	121	133	0	200	0	113	174	133	0	0	0	113	0	113	160	160	0	182	229	138	133	113	200	0	160	211
122	133	0	0	133	0	122	0	0	0	0	0	140	133	0	0	140	0	0	0	0	0	112	112	0	0	0	140	0	0	122	0	0	0	0	0	0	0	112	112	0	127	160	0	0	0	140	0	112	147
204	224	168	104	224	152	204	118	168	0	168	157	235	224	0	118	235	118	157	118	168	124	188	188	142	157	107	235	0	134	204	157	118	104	0	134	118	134	188	188	118	214	269	162	157	134	235	118	188	247
122	133	0	0	133	0	122	0	0	0	0	0	140	133	0	0	140	0	0	0	0	0	112	112	0	0	0	140	0	0	122	0	0	0	0	0	0	0	112	112	0	127	160	0	0	0	140	0	112	147
130	143	107	0	143	0	130	0	107	0	107	0	150	143	0	0	150	0	0	0	107	0	120	120	0	0	0	150	0	0	130	0	0	0	0	0	0	0	120	120	0	136	171	103	0	0	150	0	120	158
0	0	0	0	0	0	0	0	0	0	0	0	0	0	0	0	0	0	0	0	0	0	0	0	0	0	0	0	0	0	0	0	0	0	0	0	0	0	0	0	0	0	113	0	0	0	0	0	0	105
0	0	0	0	0	0	0	0	0	0	0	0	105	0	0	0	105	0	0	0	0	0	0	0	0	0	0	105	0	0	0	0	0	0	0	0	0	0	0	0	0	0	120	0	0	0	105	0	0	111
261	286	214	133	286	194	261	150	214	128	214	200	300	286	0	150	300	150	200	150	214	158	240	240	182	200	136	300	103	171	261	200	150	133	0	171	150	171	240	240	150	273	343	206	200	171	300	150	240	316
174	190	143	0	190	129	174	0	143	0	143	133	200	190	0	0	200	0	133	0	143	105	160	160	121	133	0	200	0	113	174	133	0	0	0	113	0	113	160	160	0	182	229	138	133	113	200	0	160	211
0	0	0	0	0	0	0	0	0	0	0	0	0	0	0	0	0	0	0	0	0	0	0	0	0	0	0	0	0	0	0	0	0	0	0	0	0	0	0	0	0	0	113	0	0	0	0	0	0	105
174	190	143	0	190	129	174	0	143	0	143	133	200	190	0	0	200	0	133	0	143	105	160	160	121	133	0	200	0	113	174	133	0	0	0	113	0	113	160	160	0	182	229	138	133	113	200	0	160	211
130	143	107	0	143	0	130	0	107	0	107	0	150	143	0	0	150	0	0	0	107	0	120	120	0	0	0	150	0	0	130	0	0	0	0	0	0	0	120	120	0	136	171	103	0	0	150	0	120	158
174	190	143	0	190	129	174	0	143	0	143	133	200	190	0	0	200	0	133	0	143	105	160	160	121	133	0	200	0	113	174	133	0	0	0	113	0	113	160	160	0	182	229	138	133	113	200	0	160	211
122	133	0	0	133	0	122	0	0	0	0	0	140	133	0	0	140	0	0	0	0	0	112	112	0	0	0	140	0	0	122	0	0	0	0	0	0	0	112	112	0	127	160	0	0	0	140	0	112	147
165	181	136	0	181	123	165	0	136	0	136	127	190	181	0	0	190	0	127	0	136	0	152	152	114	127	0	190	0	109	165	127	0	0	0	109	0	109	152	152	0	173	217	131	127	109	190	0	152	200
109	119	0	0	119	0	109	0	0	0	0	0	125	119	0	0	125	0	0	0	0	0	0	0	0	0	0	125	0	0	109	0	0	0	0	0	0	0	0	0	0	113	143	0	0	0	125	0	0	132
109	119	0	0	119	0	109	0	0	0	0	0	125	119	0	0	125	0	0	0	0	0	0	0	0	0	0	125	0	0	109	0	0	0	0	0	0	0	0	0	0	113	143	0	0	0	125	0	0	132
143	157	118	0	157	106	143	0	118	0	118	110	165	157	0	0	165	0	110	0	118	0	132	132	0	110	0	165	0	0	143	110	0	0	0	0	0	0	132	132	0	150	189	113	110	0	165	0	132	174
130	143	107	0	143	0	130	0	107	0	107	0	150	143	0	0	150	0	0	0	107	0	120	120	0	0	0	150	0	0	130	0	0	0	0	0	0	0	120	120	0	136	171	103	0	0	150	0	120	158
191	210	157	0	210	142	191	110	157	0	157	147	220	210	0	110	220	110	147	110	157	115	176	176	133	147	0	220	0	126	191	147	110	0	0	126	110	126	176	176	110	200	250	152	147	126	220	110	176	231
0	0	0	0	0	0	0	0	0	0	0	0	0	0	0	0	0	0	0	0	0	0	0	0	0	0	0	0	0	0	0	0	0	0	0	0	0	0	0	0	0	0	113	0	0	0	0	0	0	105
252	276	206	129	276	187	252	145	206	123	206	193	290	276	0	145	290	145	193	145	206	153	231	231	176	193	132	290	0	166	252	193	145	129	0	166	145	166	231	231	145	264	331	200	193	166	290	145	231	305
152	167	125	0	167	112	152	0	125	0	125	117	175	167	0	0	175	0	117	0	125	0	140	140	106	117	0	175	0	0	152	117	0	0	0	0	0	0	140	140	0	159	200	121	117	0	175	0	140	184
0	110	0	0	110	0	0	0	0	0	0	0	114	110	0	0	114	0	0	0	0	0	0	0	0	0	0	114	0	0	0	0	0	0	0	0	0	0	0	0	0	105	131	0	0	0	114	0	0	121
130	143	107	0	143	0	130	0	107	0	107	0	150	143	0	0	150	0	0	0	107	0	120	120	0	0	0	150	0	0	130	0	0	0	0	0	0	0	120	120	0	136	171	103	0	0	150	0	120	158
174	190	143	0	190	129	174	0	143	0	143	133	200	190	0	0	200	0	133	0	143	105	160	160	121	133	0	200	0	113	174	133	0	0	0	113	0	113	160	160	0	182	229	138	133	113	200	0	160	211
196	214	161	0	214	145	196	112	161	0	161	150	225	214	0	112	225	112	150	112	161	118	180	180	136	150	102	225	0	129	196	150	112	0	0	129	112	129	180	180	112	204	257	155	150	129	225	112	180	237
552	605	454	282	605	409	552	318	454	270	454	423	635	605	212	318	635	318	423	318	454	334	508	508	385	423	289	635	219	363	552	423	318	282	0	363	318	363	508	508	318	577	726	438	423	363	635	318	508	668
152	167	125	0	167	112	152	0	125	0	125	117	175	167	0	0	175	0	117	0	125	0	140	140	106	117	0	175	0	0	152	117	0	0	0	0	0	0	140	140	0	159	200	121	117	0	175	0	140	184
174	190	143	0	190	129	174	0	143	0	143	133	200	190	0	0	200	0	133	0	143	105	160	160	121	133	0	200	0	113	174	133	0	0	0	113	0	113	160	160	0	182	229	138	133	113	200	0	160	211
152	167	125	0	167	112	152	0	125	0	125	117	175	167	0	0	175	0	117	0	125	0	140	140	106	117	0	175	0	0	152	117	0	0	0	0	0	0	140	140	0	159	200	121	117	0	175	0	140	184
109	119	0	0	119	0	109	0	0	0	0	0	125	119	0	0	125	0	0	0	0	0	0	0	0	0	0	125	0	0	109	0	0	0	0	0	0	0	0	0	0	113	143	0	0	0	125	0	0	132
109	119	0	0	119	0	109	0	0	0	0	0	125	119	0	0	125	0	0	0	0	0	0	0	0	0	0	125	0	0	109	0	0	0	0	0	0	0	0	0	0	113	143	0	0	0	125	0	0	132
174	190	143	0	190	129	174	0	143	0	143	133	200	190	0	0	200	0	133	0	143	105	160	160	121	133	0	200	0	113	174	133	0	0	0	113	0	113	160	160	0	182	229	138	133	113	200	0	160	211
0	105	0	0	105	0	0	0	0	0	0	0	110	105	0	0	110	0	0	0	0	0	0	0	0	0	0	110	0	0	0	0	0	0	0	0	0	0	0	0	0	0	126	0	0	0	110	0	0	115
0	0	0	0	0	0	0	0	0	0	0	0	0	0	0	0	0	0	0	0	0	0	0	0	0	0	0	0	0	0	0	0	0	0	0	0	0	0	0	0	0	0	0	0	0	0	0	0	0	0
126	138	104	0	138	0	126	0	104	0	104	0	145	138	0	0	145	0	0	0	104	0	115	115	0	0	0	145	0	0	126	0	0	0	0	0	0	0	115	115	0	132	166	0	0	0	145	0	115	153
130	143	107	0	143	0	130	0	107	0	107	0	150	143	0	0	150	0	0	0	107	0	120	120	0	0	0	150	0	0	130	0	0	0	0	0	0	0	120	120	0	136	171	103	0	0	150	0	120	158
152	167	125	0	167	112	152	0	125	0	125	117	175	167	0	0	175	0	117	0	125	0	140	140	106	117	0	175	0	0	152	117	0	0	0	0	0	0	140	140	0	159	200	121	117	0	175	0	140	184
0	0	0	0	0	0	0	0	0	0	0	0	0	0	0	0	0	0	0	0	0	0	0	0	0	0	0	0	0	0	0	0	0	0	0	0	0	0	0	0	0	0	113	0	0	0	0	0	0	105
174	190	143	0	190	129	174	0	143	0	143	133	200	190	0	0	200	0	133	0	143	105	160	160	121	133	0	200	0	113	174	133	0	0	0	113	0	113	160	160	0	182	229	138	133	113	200	0	160	211
109	119	0	0	119	0	109	0	0	0	0	0	125	119	0	0	125	0	0	0	0	0	0	0	0	0	0	125	0	0	109	0	0	0	0	0	0	0	0	0	0	113	143	0	0	0	125	0	0	132
0	0	0	0	0	0	0	0	0	0	0	0	0	0	0	0	0	0	0	0	0	0	0	0	0	0	0	0	0	0	0	0	0	0	0	0	0	0	0	0	0	0	109	0	0	0	0	0	0	0