1821 1794 1863 1800 1879 1762 1878 1840 1811 1848 1813 1864 1808 1817 1864 1854 1819 1837 1861 1835 1844 1821 1824 1854 1822 1851 1816 1818 1853 1825 1808 1827 1835 1826 1810 1821 1856 1844 1849 1822 1858 1859 1874 1856 1833 1789 1846 1781 1807 1858

92

18 19 16 18 16 20 16 17 18 17 18 16 18 18 16 17 18 17 16 17 17 18 18 17 18 17 18 18 17 18 18 17 17 18 18 18 17 17 17 18 17 16 16 17 17 19 17 19 18 17

24.00003274123902 38.99958129742677 10.999730715315732 25.999366210099424

22592.0

0	0	26	0	22	0	24	28	25	23	0	26	0	28	25	0	26	26	24	0	24	26	27	0	0	0	0	26	0	0	23	25	27	28	0	26	0	25	26	26	0	0	0	0	25	25	26	28	0	0
23	0	19	24	16	0	18	21	19	17	24	19	26	21	19	28	19	19	18	25	18	20	20	23	24	25	24	20	24	27	17	19	20	22	24	19	24	19	20	19	28	23	25	25	19	19	20	22	23	24
0	0	0	0	26	0	28	0	30	27	0	30	0	0	28	0	30	0	28	0	28	0	0	0	0	0	0	0	0	0	26	28	0	0	0	30	0	30	0	30	0	0	0	0	28	30	0	0	0	0
28	0	25	0	21	0	23	27	25	22	0	25	0	27	24	0	25	25	23	0	23	25	26	28	30	0	0	25	0	0	22	24	26	28	0	25	0	25	25	25	0	28	0	0	24	25	25	28	28	0
0	0	0	0	0	0	0	0	0	0	0	0	0	0	0	0	0	0	0	0	0	0	0	0	0	0	0	0	0	0	0	0	0	0	0	0	0	0	0	0	0	0	0	0	0	0	0	0	0	0
22	28	19	23	15	0	17	20	18	16	23	18	25	20	18	28	18	19	17	24	17	19	19	22	23	24	23	19	23	26	16	18	20	21	23	19	23	18	19	18	28	22	24	24	18	18	19	21	22	23
0	0	0	0	27	0	0	0	0	28	0	0	0	0	0	0	0	0	0	0	28	0	0	0	0	0	0	0	0	0	28	0	0	0	0	0	0	0	0	0	0	0	0	0	0	0	0	0	0	0
0	0	28	0	23	0	26	0	27	25	0	27	0	30	27	0	27	28	26	0	25	28	28	0	0	0	0	28	0	0	24	27	28	0	0	28	0	27	28	27	0	0	0	0	27	27	28	0	0	0
0	0	0	0	26	0	28	0	0	27	0	0	0	0	30	0	0	0	28	0	28	0	0	0	0	0	0	0	0	0	27	30	0	0	0	0	0	0	0	0	0	0	0	0	30	30	0	0	0	0
0	0	0	0	28	0	0	0	0	0	0	0	0	0	0	0	0	0	0	0	0	0	0	0	0	0	0	0	0	0	30	0	0	0	0	0	0	0	0	0	0	0	0	0	0	0	0	0	0	0
28	0	24	28	21	0	23	27	24	22	0	24	0	26	24	0	24	24	23	0	22	25	25	28	28	0	30	25	30	0	21	24	26	28	30	24	28	24	25	24	0	28	0	0	24	24	25	27	28	30
0	0	0	0	26	0	28	0	30	27	0	0	0	0	28	0	0	0	28	0	28	0	0	0	0	0	0	0	0	0	27	30	0	0	0	0	0	30	0	0	0	0	0	0	30	30	0	0	0	0
27	0	23	28	19	0	21	25	23	20	28	23	0	25	22	0	23	23	21	28	21	23	24	27	28	28	28	23	28	0	20	22	24	26	28	23	28	23	23	23	0	27	28	28	22	22	23	25	27	28
0	0	28	0	24	0	26	0	28	25	0	28	0	0	27	0	28	28	26	0	26	28	28	0	0	0	0	28	0	0	25	27	28	0	0	28	0	28	28	28	0	0	0	0	27	28	28	0	0	0
0	0	0	0	27	0	28	0	0	28	0	0	0	0	0	0	0	0	28	0	28	0	0	0	0	0	0	0	0	0	27	0	0	0	0	0	0	0	0	0	0	0	0	0	0	0	0	0	0	0
24	0	21	25	17	0	19	22	20	18	25	20	27	22	20	0	20	21	19	26	19	21	21	24	25	26	25	21	25	28	18	20	22	23	25	20	25	20	21	20	0	24	26	26	20	20	21	23	24	25
0	0	0	0	26	0	28	0	30	27	0	30	0	0	28	0	0	0	28	0	28	0	0	0	0	0	0	0	0	0	27	30	0	0	0	0	0	30	0	30	0	0	0	0	30	30	0	0	0	0
0	0	30	0	26	0	28	0	30	27	0	30	0	0	28	0	30	0	28	0	28	0	0	0	0	0	0	0	0	0	26	28	0	0	0	30	0	30	0	30	0	0	0	0	28	30	0	0	0	0
0	0	0	0	27	0	0	0	0	28	0	0	0	0	0	0	0	0	0	0	28	0	0	0	0	0	0	0	0	0	28	0	0	0	0	0	0	0	0	0	0	0	0	0	0	0	0	0	0	0
28	0	24	28	20	0	22	26	23	21	28	23	0	25	23	0	23	24	22	0	22	24	25	28	28	0	28	24	28	0	21	23	25	27	28	24	28	23	24	23	0	28	0	30	23	23	24	26	28	28
0	0	0	0	28	0	0	0	0	28	0	0	0	0	0	0	0	0	0	0	0	0	0	0	0	0	0	0	0	0	28	0	0	0	0	0	0	0	0	0	0	0	0	0	0	0	0	0	0	0
0	0	30	0	25	0	28	0	28	27	0	30	0	0	28	0	30	30	28	0	27	0	0	0	0	0	0	0	0	0	26	28	0	0	0	30	0	28	0	30	0	0	0	0	28	28	0	0	0	0
0	0	28	0	25	0	27	0	28	26	0	28	0	0	28	0	28	28	27	0	27	28	0	0	0	0	0	28	0	0	25	28	0	0	0	28	0	28	28	28	0	0	0	0	28	28	28	0	0	0
30	0	26	0	22	0	24	28	25	23	0	25	0	28	25	0	26	26	24	0	24	26	27	0	0	0	0	26	0	0	23	25	27	28	0	26	0	25	26	26	0	30	0	0	25	25	26	28	0	0
28	0	25	0	21	0	23	27	25	22	0	25	0	27	24	0	25	25	23	0	23	25	26	28	0	0	0	25	0	0	22	24	26	28	0	25	0	25	26	25	0	28	0	0	24	25	25	28	28	0
28	0	24	28	20	0	22	26	23	21	28	23	0	25	23	0	23	24	22	0	22	24	25	28	28	0	28	24	28	0	21	23	25	27	28	24	28	23	24	23	0	28	0	30	23	23	24	26	28	28
28	0	25	30	21	0	23	27	25	22	0	25	0	27	24	0	25	25	23	0	23	25	26	28	30	0	0	25	0	0	22	24	26	28	0	25	30	25	25	25	0	28	0	0	24	24	25	28	28	0
0	0	30	0	25	0	28	0	28	27	0	28	0	0	28	0	30	30	28	0	27	30	0	0	0	0	0	0	0	0	26	28	0	0	0	30	0	28	0	30	0	0	0	0	28	28	0	0	0	0
28	0	25	30	21	0	23	27	25	22	0	25	0	27	24	0	25	25	23	0	23	25	26	28	30	0	0	25	0	0	22	24	26	28	0	25	30	25	25	25	0	28	0	0	24	24	25	28	28	0
26	0	22	27	19	0	21	24	22	20	27	22	28	24	21	0	22	22	21	28	20	22	23	26	27	28	27	22	27	0	19	21	23	25	27	22	27	22	22	22	0	26	28	28	21	22	22	24	26	27
0	0	0	0	28	0	0	0	0	0	0	0	0	0	0	0	0	0	0	0	0	0	0	0	0	0	0	0	0	0	0	0	0	0	0	0	0	0	0	0	0	0	0	0	0	0	0	0	0	0
0	0	0	0	26	0	28	0	0	28	0	0	0	0	30	0	0	0	28	0	28	0	0	0	0	0	0	0	0	0	27	0	0	0	0	0	0	0	0	0	0	0	0	0	0	0	0	0	0	0
0	0	28	0	24	0	27	0	28	26	0	28	0	0	28	0	28	28	27	0	26	28	30	0	0	0	0	28	0	0	25	28	0	0	0	28	0	28	28	28	0	0	0	0	28	28	28	0	0	0
0	0	27	0	23	0	25	28	26	24	0	26	0	28	26	0	26	27	25	0	24	27	28	0	0	0	0	27	0	0	23	26	28	0	0	27	0	26	27	26	0	0	0	0	26	26	27	28	0	0
28	0	25	30	21	0	23	27	24	22	0	25	0	27	24	0	25	25	23	0	23	25	26	28	30	0	30	25	30	0	22	24	26	28	0	25	30	24	25	25	0	28	0	0	24	24	25	27	28	30
0	0	0	0	26	0	28	0	30	27	0	30	0	0	28	0	30	0	28	0	28	0	0	0	0	0	0	0	0	0	27	28	0	0	0	0	0	30	0	30	0	0	0	0	28	30	0	0	0	0
28	0	25	0	21	0	23	27	25	22	0	25	0	27	24	0	25	25	23	0	23	25	26	28	30	0	0	25	0	0	22	24	26	28	0	25	0	25	25	25	0	28	0	0	24	25	25	28	28	0
0	0	0	0	26	0	28	0	0	27	0	0	0	0	30	0	0	0	28	0	28	0	0	0	0	0	0	0	0	0	27	30	0	0	0	0	0	0	0	0	0	0	0	0	30	30	0	0	0	0
0	0	30	0	25	0	28	0	28	26	0	28	0	0	28	0	28	30	28	0	27	30	0	0	0	0	0	30	0	0	26	28	0	0	0	30	0	28	0	28	0	0	0	0	28	28	30	0	0	0
0	0	0	0	26	0	28	0	30	27	0	30	0	0	28	0	0	0	28	0	28	0	0	0	0	0	0	0	0	0	27	30	0	0	0	0	0	30	0	0	0	0	0	0	30	30	0	0	0	0
24	0	20	25	17	0	19	22	20	18	25	20	27	22	20	30	20	20	19	26	18	20	21	24	25	26	25	20	25	28	18	20	21	23	25	20	25	20	21	20	0	24	26	26	20	20	21	23	24	25
0	0	26	0	22	0	24	28	25	23	0	26	0	28	25	0	26	26	24	0	24	26	27	0	0	0	0	26	0	0	23	25	27	28	0	26	0	25	26	26	0	0	0	0	25	25	26	28	0	0
28	0	24	28	20	0	22	26	23	21	28	23	0	25	23	0	23	24	22	0	22	24	25	28	28	0	28	24	28	0	21	23	25	27	28	24	28	23	24	23	0	28	0	30	23	23	24	26	28	28
28	0	24	28	20	0	22	26	23	21	28	23	0	25	23	0	23	24	22	0	22	24	25	28	28	0	28	24	28	0	21	23	25	27	28	24	28	23	24	23	0	28	0	0	23	23	24	26	28	28
0	0	0	0	26	0	28	0	0	28	0	0	0	0	30	0	0	0	28	0	28	0	0	0	0	0	0	0	0	0	27	0	0	0	0	0	0	0	0	0	0	0	0	0	0	0	0	0	0	0
0	0	0	0	26	0	28	0	0	27	0	0	0	0	30	0	0	0	28	0	28	0	0	0	0	0	0	0	0	0	27	30	0	0	0	0	0	0	0	0	0	0	0	0	30	0	0	0	0	0
0	0	30	0	25	0	28	0	28	27	0	28	0	0	28	0	28	30	28	0	27	30	0	0	0	0	0	30	0	0	26	28	0	0	0	30	0	28	0	28	0	0	0	0	28	28	0	0	0	0
0	0	27	0	23	0	26	30	27	24	0	27	0	28	26	0	27	27	26	0	25	27	28	0	0	0	0	28	0	0	24	27	28	0	0	27	0	27	28	27	0	0	0	0	27	27	28	0	0	0
30	0	26	0	22	0	24	28	25	23	0	25	0	28	25	0	26	26	24	0	24	26	27	0	0	0	0	26	0	0	23	25	27	28	0	26	0	25	26	26	0	30	0	0	25	25	26	28	0	0
28	0	25	30	21	0	23	27	25	22	0	25	0	27	24	0	25	25	23	0	23	25	26	28	30	0	0	25	0	0	22	24	26	28	0	25	30	25	25	25	0	28	0	0	24	24	25	28	28	0

0	39	0	31	0	40	0	0	0	0	32	0	34	0	0	37	0	0	0	33	0	0	0	30	31	33	31	0	31	35	0	0	0	0	31	0	31	0	0	0	37	0	33	33	0	0	0	0	30	31
0	0	0	0	0	31	0	0	0	0	0	0	0	0	0	0	0	0	0	0	0	0	0	0	0	0	0	0	0	0	0	0	0	0	0	0	0	0	0	0	0	0	0	0	0	0	0	0	0	0
35	44	0	36	0	46	0	33	0	0	37	0	39	32	0	42	0	30	0	38	0	30	31	35	36	38	36	30	36	40	0	0	32	34	36	0	36	0	31	0	43	35	38	38	0	0	30	33	35	36
0	38	0	0	0	39	0	0	0	0	31	0	33	0	0	36	0	0	0	32	0	0	0	0	0	32	30	0	30	34	0	0	0	0	30	0	0	0	0	0	36	0	32	32	0	0	0	0	0	30
40	51	35	41	0	52	33	38	35	32	42	35	45	38	34	49	35	35	33	44	32	35	36	40	41	44	42	35	42	46	31	34	37	39	42	35	41	35	36	35	49	40	44	43	34	35	36	38	40	42
0	0	0	0	0	0	0	0	0	0	0	0	0	0	0	0	0	0	0	0	0	0	0	0	0	0	0	0	0	0	0	0	0	0	0	0	0	0	0	0	0	0	0	0	0	0	0	0	0	0
37	47	32	38	0	48	0	35	32	0	39	32	41	34	31	45	32	32	0	40	0	32	33	37	38	40	38	32	38	42	0	31	34	36	38	32	38	32	33	32	45	37	40	40	31	32	32	35	37	38
32	41	0	33	0	43	0	0	0	0	34	0	36	0	0	39	0	0	0	35	0	0	0	32	33	35	33	0	33	37	0	0	0	31	33	0	33	0	0	0	40	32	35	35	0	0	0	30	32	33
35	45	31	36	0	46	0	33	0	0	37	30	39	33	0	43	30	31	0	38	0	31	32	35	36	38	36	31	36	40	0	0	32	34	37	30	36	0	31	30	43	35	38	38	0	0	31	34	35	36
39	49	34	40	0	50	32	36	33	0	41	33	43	36	33	47	33	34	32	42	31	34	35	39	40	42	40	34	40	44	0	33	35	38	40	34	40	33	34	33	47	39	42	42	33	33	34	37	39	40
0	37	0	0	0	38	0	0	0	0	0	0	32	0	0	35	0	0	0	31	0	0	0	0	0	31	0	0	0	33	0	0	0	0	0	0	0	0	0	0	36	0	31	31	0	0	0	0	0	0
35	45	30	36	0	46	0	33	0	0	37	0	39	33	0	43	30	31	0	38	0	31	32	35	36	38	36	31	36	40	0	0	32	34	37	30	36	0	31	30	43	35	38	38	0	0	31	33	35	36
0	35	0	0	0	36	0	0	0	0	0	0	0	0	0	33	0	0	0	0	0	0	0	0	0	0	0	0	0	31	0	0	0	0	0	0	0	0	0	0	34	0	0	0	0	0	0	0	0	0
33	42	0	34	0	43	0	31	0	0	34	0	36	0	0	40	0	0	0	35	0	0	0	33	33	35	34	0	34	37	0	0	0	32	34	0	34	0	0	0	40	33	35	35	0	0	0	31	33	34
36	46	31	37	0	47	0	34	31	0	38	31	40	33	0	44	31	31	0	39	0	31	32	36	37	39	37	31	37	41	0	30	33	35	37	31	37	31	32	31	44	36	39	39	30	31	31	34	36	37
0	32	0	0	0	33	0	0	0	0	0	0	0	0	0	0	0	0	0	0	0	0	0	0	0	0	0	0	0	0	0	0	0	0	0	0	0	0	0	0	30	0	0	0	0	0	0	0	0	0
35	45	30	36	0	46	0	33	0	0	37	0	39	33	0	43	0	31	0	38	0	31	32	35	36	38	36	31	36	40	0	0	32	34	36	30	36	0	31	0	43	35	38	38	0	0	31	33	35	36
35	44	0	36	0	46	0	33	0	0	37	0	39	32	0	42	0	0	0	38	0	30	31	35	36	38	36	30	36	40	0	0	31	34	36	0	36	0	30	0	43	35	38	38	0	0	30	33	35	36
37	47	32	38	0	48	0	35	32	0	39	32	41	34	31	45	32	32	0	40	0	32	33	37	38	40	38	32	38	42	0	31	34	36	38	32	38	32	33	32	45	37	40	40	31	32	32	35	37	38
0	36	0	0	0	37	0	0	0	0	0	0	31	0	0	34	0	0	0	0	0	0	0	0	0	0	0	0	0	32	0	0	0	0	0	0	0	0	0	0	35	0	0	0	0	0	0	0	0	0
38	48	33	39	0	49	31	36	32	0	40	32	42	35	32	46	32	33	31	41	0	33	34	38	39	41	39	33	39	43	0	32	34	37	39	33	39	32	33	32	46	38	41	41	32	32	33	36	38	39
35	44	0	36	0	46	0	33	0	0	36	0	39	32	0	42	0	0	0	38	0	0	31	35	36	38	36	30	36	40	0	0	31	34	36	0	36	0	30	0	43	35	38	37	0	0	30	33	35	36
34	43	0	35	0	44	0	32	0	0	35	0	37	31	0	41	0	0	0	36	0	0	0	34	34	36	35	0	35	39	0	0	30	33	35	0	35	0	0	0	41	34	36	36	0	0	0	32	34	35
0	39	0	31	0	40	0	0	0	0	32	0	34	0	0	37	0	0	0	33	0	0	0	0	31	33	31	0	31	35	0	0	0	0	31	0	31	0	0	0	37	0	33	33	0	0	0	0	0	31
0	38	0	30	0	39	0	0	0	0	31	0	33	0	0	36	0	0	0	32	0	0	0	0	0	32	30	0	30	34	0	0	0	0	30	0	30	0	0	0	37	0	32	32	0	0	0	0	0	30
0	36	0	0	0	37	0	0	0	0	0	0	31	0	0	34	0	0	0	0	0	0	0	0	0	0	0	0	0	32	0	0	0	0	0	0	0	0	0	0	35	0	0	0	0	0	0	0	0	0
0	38	0	0	0	39	0	0	0	0	31	0	33	0	0	36	0	0	0	32	0	0	0	0	0	32	0	0	0	34	0	0	0	0	30	0	0	0	0	0	36	0	32	32	0	0	0	0	0	0
35	44	0	36	0	46	0	32	0	0	36	0	38	32	0	42	0	0	0	37	0	0	31	35	35	37	36	0	36	40	0	0	31	33	36	0	36	0	30	0	43	35	37	37	0	0	30	33	35	36
0	38	0	0	0	39	0	0	0	0	31	0	33	0	0	36	0	0	0	32	0	0	0	0	0	32	0	0	0	34	0	0	0	0	30	0	0	0	0	0	36	0	32	32	0	0	0	0	0	0
0	34	0	0	0	35	0	0	0	0	0	0	0	0	0	32	0	0	0	0	0	0	0	0	0	0	0	0	0	0	0	0	0	0	0	0	0	0	0	0	33	0	0	0	0	0	0	0	0	0
39	49	34	40	0	51	32	37	34	31	41	34	43	36	33	47	34	34	32	42	31	34	35	39	40	42	40	34	40	45	0	33	36	38	41	34	40	34	35	34	48	39	42	42	33	34	35	37	39	40
36	45	31	37	0	47	0	34	30	0	38	31	40	33	0	43	31	31	0	39	0	31	32	36	37	39	37	31	37	41	0	0	32	35	37	31	37	30	31	31	44	36	39	39	0	30	31	34	36	37
33	43	0	34	0	44	0	31	0	0	35	0	37	31	0	41	0	0	0	36	0	0	0	33	34	36	34	0	34	38	0	0	0	32	35	0	34	0	0	0	41	33	36	36	0	0	0	32	33	34
31	40	0	32	0	41	0	0	0	0	33	0	35	0	0	38	0	0	0	34	0	0	0	31	32	34	32	0	32	36	0	0	0	0	32	0	32	0	0	0	39	31	34	34	0	0	0	0	31	32
0	38	0	0	0	39	0	0	0	0	31	0	32	0	0	36	0	0	0	32	0	0	0	0	0	32	0	0	0	34	0	0	0	0	0	0	0	0	0	0	36	0	32	32	0	0	0	0	0	0
35	44	30	36	0	46	0	33	0	0	37	0	39	32	0	43	0	30	0	38	0	30	31	35	36	38	36	30	36	40	0	0	32	34	36	0	36	0	31	0	43	35	38	38	0	0	31	33	35	36
0	38	0	0	0	39	0	0	0	0	31	0	33	0	0	36	0	0	0	32	0	0	0	0	0	32	30	0	30	34	0	0	0	0	30	0	0	0	0	0	36	0	32	32	0	0	0	0	0	30
35	45	31	36	0	46	0	33	0	0	37	30	39	33	0	43	30	31	0	38	0	31	32	35	36	38	36	31	36	40	0	0	32	34	37	30	36	0	31	30	43	35	38	38	0	0	31	34	35	36
34	44	0	35	0	45	0	32	0	0	36	0	38	32	0	42	0	0	0	37	0	0	31	34	35	37	35	0	35	39	0	0	31	33	36	0	35	0	0	0	42	34	37	37	0	0	0	33	34	35
35	45	30	36	0	46	0	33	0	0	37	0	39	33	0	43	30	31	0	38	0	31	32	35	36	38	36	31	36	40	0	0	32	34	36	30	36	0	31	0	43	35	38	38	0	0	31	33	35	36
0	31	0	0	0	33	0	0	0	0	0	0	0	0	0	0	0	0	0	0	0	0	0	0	0	0	0	0	0	0	0	0	0	0	0	0	0	0	0	0	0	0	0	0	0	0	0	0	0	0
0	39	0	31	0	40	0	0	0	0	32	0	34	0	0	37	0	0	0	33	0	0	0	30	31	33	31	0	31	35	0	0	0	0	31	0	31	0	0	0	37	0	33	33	0	0	0	0	30	31
0	36	0	0	0	37	0	0	0	0	0	0	31	0	0	34	0	0	0	0	0	0	0	0	0	0	0	0	0	32	0	0	0	0	0	0	0	0	0	0	35	0	0	0	0	0	0	0	0	0
0	36	0	0	0	37	0	0	0	0	0	0	31	0	0	34	0	0	0	30	0	0	0	0	0	30	0	0	0	32	0	0	0	0	0	0	0	0	0	0	35	0	30	0	0	0	0	0	0	0
36	45	31	37	0	47	0	34	30	0	38	31	40	33	0	43	31	31	0	39	0	31	32	36	37	39	37	31	37	41	0	0	32	35	37	31	37	30	31	31	44	36	39	39	0	30	31	34	36	37
35	45	31	36	0	47	0	33	30	0	37	30	39	33	0	43	30	31	0	38	0	31	32	35	36	38	37	31	37	41	0	0	32	34	37	31	36	30	31	30	43	35	38	38	0	0	31	34	35	37
34	44	0	35	0	45	0	32	0	0	36	0	38	32	0	42	0	0	0	37	0	0	31	34	35	37	36	0	36	40	0	0	31	33	36	0	35	0	30	0	42	34	37	37	0	0	0	33	34	36
32	41	0	33	0	42	0	0	0	0	33	0	35	0	0	39	0	0	0	34	0	0	0	32	33	34	33	0	33	37	0	0	0	31	33	0	33	0	0	0	39	32	34	34	0	0	0	0	32	33
0	39	0	31	0	40	0	0	0	0	32	0	34	0	0	37	0	0	0	33	0	0	0	0	31	33	31	0	31	35	0	0	0	0	31	0	31	0	0	0	37	0	33	33	0	0	0	0	0	31
0	38	0	0	0	39	0	0	0	0	31	0	33	0	0	36	0	0	0	32	0	0	0	0	0	32	0	0	0	34	0	0	0	0	30	0	0	0	0	0	36	0	32	32	0	0	0	0	0	0

0	67	67	80	67	65	44	0	0	0	69	67	77	91	45	67	91	61	0	87	0	0	80	67	50	95	68	71	67	16	0	0	95	80	51	80	67	0	0	91	95	0	0	67	0	20	67	56	61	67
0	0	0	0	0	97	67	0	0	0	0	0	0	0	67	0	0	91	0	0	0	0	0	0	75	0	0	0	0	24	0	0	0	0	77	0	0	0	0	0	0	0	0	0	0	30	0	86	91	0
0	0	0	0	0	97	67	0	0	0	0	0	0	0	67	0	0	91	0	0	0	0	0	0	75	0	0	0	0	24	0	0	0	0	77	0	0	0	0	0	0	0	0	0	0	30	0	86	91	0
0	83	83	0	83	81	56	0	0	0	86	83	96	0	56	83	0	76	0	0	0	0	0	83	62	0	85	89	83	20	0	0	0	0	64	0	83	0	0	0	0	0	0	83	0	25	83	71	76	83
0	0	0	0	0	97	67	0	0	0	0	0	0	0	67	0	0	91	0	0	0	0	0	0	75	0	0	0	0	24	0	0	0	0	77	0	0	0	0	0	0	0	0	0	0	30	0	86	91	0
0	0	0	0	0	0	69	0	0	0	0	0	0	0	69	0	0	94	0	0	0	0	0	0	78	0	0	0	0	24	0	0	0	0	79	0	0	0	0	0	0	0	0	0	0	31	0	89	94	0
0	0	0	0	0	0	0	0	0	0	0	0	0	0	0	0	0	0	0	0	0	0	0	0	0	0	0	0	0	35	0	0	0	0	0	0	0	0	0	0	0	0	0	0	0	45	0	0	0	0
0	67	67	80	67	65	44	0	0	0	69	67	77	91	45	67	91	61	0	87	0	0	80	67	50	95	68	71	67	16	0	0	95	80	51	80	67	0	0	91	95	0	0	67	0	20	67	56	61	67
95	63	63	76	63	61	42	95	0	95	66	63	73	86	42	63	86	57	95	83	95	0	76	63	48	90	64	68	63	15	0	0	90	76	49	76	63	95	95	86	90	95	95	63	95	19	63	54	57	63
0	67	67	80	67	65	44	0	0	0	69	67	77	91	45	67	91	61	0	87	0	0	80	67	50	95	68	71	67	16	0	0	95	80	51	80	67	0	0	91	95	0	0	67	0	20	67	56	61	67
0	97	97	0	97	94	64	0	0	0	0	97	0	0	65	97	0	88	0	0	0	0	0	97	72	0	98	0	97	23	0	0	0	0	74	0	97	0	0	0	0	0	0	97	0	28	97	83	88	97
0	0	0	0	0	97	67	0	0	0	0	0	0	0	67	0	0	91	0	0	0	0	0	0	75	0	0	0	0	24	0	0	0	0	77	0	0	0	0	0	0	0	0	0	0	30	0	86	91	0
0	87	87	0	87	84	57	0	0	0	90	87	0	0	57	87	0	79	0	0	0	0	0	87	65	0	88	93	87	20	0	0	0	0	67	0	87	0	0	0	0	0	0	87	0	26	87	74	79	87
0	73	73	88	73	71	49	0	0	0	76	73	85	0	49	73	0	67	0	96	0	0	88	73	55	0	75	79	73	17	0	0	0	88	56	88	73	0	0	0	0	0	0	73	0	22	73	63	67	73
0	0	0	0	0	0	100	0	0	0	0	0	0	0	0	0	0	0	0	0	0	0	0	0	0	0	0	0	0	35	0	0	0	0	0	0	0	0	0	0	0	0	0	0	0	45	0	0	0	0
0	0	0	0	0	97	67	0	0	0	0	0	0	0	67	0	0	91	0	0	0	0	0	0	75	0	0	0	0	24	0	0	0	0	77	0	0	0	0	0	0	0	0	0	0	30	0	86	91	0
0	73	73	88	73	71	49	0	0	0	76	73	85	0	49	73	0	67	0	96	0	0	88	73	55	0	75	79	73	17	0	0	0	88	56	88	73	0	0	0	0	0	0	73	0	22	73	63	67	73
0	0	0	0	0	0	73	0	0	0	0	0	0	0	74	0	0	0	0	0	0	0	0	0	82	0	0	0	0	26	0	0	0	0	85	0	0	0	0	0	0	0	0	0	0	33	0	94	0	0
0	67	67	80	67	65	44	0	0	0	69	67	77	91	45	67	91	61	0	87	0	0	80	67	50	95	68	71	67	16	0	0	95	80	51	80	67	0	0	91	95	0	0	67	0	20	67	56	61	67
0	77	77	92	77	74	51	0	0	0	79	77	88	0	51	77	0	70	0	0	0	0	92	77	56	0	78	82	77	18	0	0	0	92	59	92	77	0	0	0	0	0	0	77	0	23	77	66	70	77
0	67	67	80	67	65	44	0	0	0	69	67	77	91	45	67	91	61	0	87	0	0	80	67	50	95	68	71	67	16	0	0	95	80	51	80	67	0	0	91	95	0	0	67	0	20	67	56	61	67
95	63	63	76	63	61	42	95	0	95	66	63	73	86	42	63	86	57	95	83	95	0	76	63	48	90	64	68	63	15	0	0	90	76	49	76	63	95	95	86	90	95	95	63	95	19	63	54	57	63
0	83	83	0	83	81	56	0	0	0	86	83	96	0	56	83	0	76	0	0	0	0	0	83	62	0	85	89	83	20	0	0	0	0	64	0	83	0	0	0	0	0	0	83	0	25	83	71	76	83
0	0	0	0	0	97	67	0	0	0	0	0	0	0	67	0	0	91	0	0	0	0	0	0	75	0	0	0	0	24	0	0	0	0	77	0	0	0	0	0	0	0	0	0	0	30	0	86	91	0
0	0	0	0	0	0	89	0	0	0	0	0	0	0	89	0	0	0	0	0	0	0	0	0	0	0	0	0	0	31	0	0	0	0	0	0	0	0	0	0	0	0	0	0	0	40	0	0	0	0
0	70	70	84	70	68	47	0	0	0	72	70	81	95	47	70	95	64	0	91	0	0	84	70	52	0	71	75	70	17	0	0	0	84	54	84	70	0	0	95	0	0	0	70	0	21	70	60	64	70
0	98	98	0	98	95	66	0	0	0	0	98	0	0	66	98	0	89	0	0	0	0	0	98	74	0	0	0	98	23	0	0	0	0	76	0	98	0	0	0	0	0	0	98	0	30	98	84	89	98
0	93	93	0	93	90	62	0	0	0	97	93	0	0	62	93	0	85	0	0	0	0	0	93	70	0	95	0	93	22	0	0	0	0	72	0	93	0	0	0	0	0	0	93	0	28	93	80	85	93
0	0	0	0	0	97	67	0	0	0	0	0	0	0	67	0	0	91	0	0	0	0	0	0	75	0	0	0	0	24	0	0	0	0	77	0	0	0	0	0	0	0	0	0	0	30	0	86	91	0
0	0	0	0	0	0	0	0	0	0	0	0	0	0	0	0	0	0	0	0	0	0	0	0	0	0	0	0	0	0	0	0	0	0	0	0	0	0	0	0	0	0	0	0	0	0	0	0	0	0
76	50	50	60	50	49	34	76	79	76	52	50	57	69	34	50	69	46	76	66	76	79	60	50	38	72	51	54	50	12	0	97	72	60	39	60	50	76	76	69	72	76	76	50	76	15	50	43	46	50
78	52	52	62	52	50	34	78	82	78	53	52	60	70	35	52	70	47	78	67	78	82	62	52	39	74	53	55	52	12	0	0	74	62	40	62	52	78	78	70	74	78	78	52	78	16	52	44	47	52
0	70	70	84	70	68	47	0	0	0	72	70	81	95	47	70	95	64	0	91	0	0	84	70	52	0	71	75	70	17	0	0	0	84	54	84	70	0	0	95	0	0	0	70	0	21	70	60	64	70
0	83	83	0	83	81	56	0	0	0	86	83	96	0	56	83	0	76	0	0	0	0	0	83	62	0	85	89	83	20	0	0	0	0	64	0	83	0	0	0	0	0	0	83	0	25	83	71	76	83
0	0	0	0	0	0	87	0	0	0	0	0	0	0	87	0	0	0	0	0	0	0	0	0	98	0	0	0	0	31	0	0	0	0	0	0	0	0	0	0	0	0	0	0	0	39	0	0	0	0
0	83	83	0	83	81	56	0	0	0	86	83	96	0	56	83	0	76	0	0	0	0	0	83	62	0	85	89	83	20	0	0	0	0	64	0	83	0	0	0	0	0	0	83	0	25	83	71	76	83
0	0	0	0	0	97	67	0	0	0	0	0	0	0	67	0	0	91	0	0	0	0	0	0	75	0	0	0	0	24	0	0	0	0	77	0	0	0	0	0	0	0	0	0	0	30	0	86	91	0
0	67	67	80	67	65	44	0	0	0	69	67	77	91	45	67	91	61	0	87	0	0	80	67	50	95	68	71	67	16	0	0	95	80	51	80	67	0	0	91	95	0	0	67	0	20	67	56	61	67
0	67	67	80	67	65	44	0	0	0	69	67	77	91	45	67	91	61	0	87	0	0	80	67	50	95	68	71	67	16	0	0	95	80	51	80	67	0	0	91	95	0	0	67	0	20	67	56	61	67
0	73	73	88	73	71	49	0	0	0	76	73	85	0	49	73	0	67	0	96	0	0	88	73	55	0	75	79	73	17	0	0	0	88	56	88	73	0	0	0	0	0	0	73	0	22	73	63	67	73
0	70	70	84	70	68	47	0	0	0	72	70	81	95	47	70	95	64	0	91	0	0	84	70	52	0	71	75	70	17	0	0	0	84	54	84	70	0	0	95	0	0	0	70	0	21	70	60	64	70
0	67	67	80	67	65	44	0	0	0	69	67	77	91	45	67	91	61	0	87	0	0	80	67	50	95	68	71	67	16	0	0	95	80	51	80	67	0	0	91	95	0	0	67	0	20	67	56	61	67
0	67	67	80	67	65	44	0	0	0	69	67	77	91	45	67	91	61	0	87	0	0	80	67	50	95	68	71	67	16	0	0	95	80	51	80	67	0	0	91	95	0	0	67	0	20	67	56	61	67
0	0	0	0	0	97	67	0	0	0	0	0	0	0	67	0	0	91	0	0	0	0	0	0	75	0	0	0	0	24	0	0	0	0	77	0	0	0	0	0	0	0	0	0	0	30	0	86	91	0
0	67	67	80	67	65	44	0	0	0	69	67	77	91	45	67	91	61	0	87	0	0	80	67	50	95	68	71	67	16	0	0	95	80	51	80	67	0	0	91	95	0	0	67	0	20	67	56	61	67
0	0	0	0	0	0	0	0	0	0	0	0	0	0	0	0	0	0	0	0	0	0	0	0	0	0	0	0	0	79	0	0	0	0	0	0	0	0	0	0	0	0	0	0	0	0	0	0	0	0
0	0	0	0	0	97	67	0	0	0	0	0	0	0	67	0	0	91	0	0	0	0	0	0	75	0	0	0	0	24	0	0	0	0	77	0	0	0	0	0	0	0	0	0	0	30	0	86	91	0
0	0	0	0	0	0	78	0	0	0	0	0	0	0	78	0	0	0	0	0	0	0	0	0	88	0	0	0	0	28	0	0	0	0	90	0	0	0	0	0	0	0	0	0	0	35	0	0	0	0
0	0	0	0	0	0	73	0	0	0	0	0	0	0	74	0	0	0	0	0	0	0	0	0	82	0	0	0	0	26	0	0	0	0	85	0	0	0	0	0	0	0	0	0	0	33	0	94	0	0
0	0	0	0	0	97	67	0	0	0	0	0	0	0	67	0	0	91	0	0	0	0	0	0	75	0	0	0	0	24	0	0	0	0	77	0	0	0	0	0	0	0	0	0	0	30	0	86	91	0

0	0	0	0	0	0	0	0	105	0	0	0	0	0	0	0	0	0	0	0	0	105	0	0	0	0	0	0	0	0	132	129	0	0	0	0	0	0	0	0	0	0	0	0	0	0	0	0	0	0
150	0	0	120	0	0	0	150	158	150	103	0	114	136	0	0	136	0	150	130	150	158	120	0	0	143	102	107	0	0	199	194	143	120	0	120	0	150	150	136	143	150	150	0	150	0	0	0	0	0
150	0	0	120	0	0	0	150	158	150	103	0	114	136	0	0	136	0	150	130	150	158	120	0	0	143	102	107	0	0	199	194	143	120	0	120	0	150	150	136	143	150	150	0	150	0	0	0	0	0
125	0	0	0	0	0	0	125	132	125	0	0	0	113	0	0	113	0	125	109	125	132	0	0	0	119	0	0	0	0	166	161	119	0	0	0	0	125	125	113	119	125	125	0	125	0	0	0	0	0
150	0	0	120	0	0	0	150	158	150	103	0	114	136	0	0	136	0	150	130	150	158	120	0	0	143	102	107	0	0	199	194	143	120	0	120	0	150	150	136	143	150	150	0	150	0	0	0	0	0
155	103	103	124	103	0	0	155	163	155	107	103	119	141	0	103	141	0	155	135	155	163	124	103	0	148	105	111	103	0	204	200	148	124	0	124	103	155	155	141	148	155	155	103	155	0	103	0	0	103
225	150	150	180	150	145	0	225	237	225	155	150	173	204	100	150	204	136	225	196	225	237	180	150	112	214	153	161	150	0	298	290	214	180	114	180	150	225	225	204	214	225	225	150	225	0	150	129	136	150
0	0	0	0	0	0	0	0	105	0	0	0	0	0	0	0	0	0	0	0	0	105	0	0	0	0	0	0	0	0	132	129	0	0	0	0	0	0	0	0	0	0	0	0	0	0	0	0	0	0
0	0	0	0	0	0	0	0	0	0	0	0	0	0	0	0	0	0	0	0	0	0	0	0	0	0	0	0	0	0	126	123	0	0	0	0	0	0	0	0	0	0	0	0	0	0	0	0	0	0
0	0	0	0	0	0	0	0	105	0	0	0	0	0	0	0	0	0	0	0	0	105	0	0	0	0	0	0	0	0	132	129	0	0	0	0	0	0	0	0	0	0	0	0	0	0	0	0	0	0
145	0	0	115	0	0	0	145	153	145	0	0	112	132	0	0	132	0	145	126	145	153	115	0	0	138	0	104	0	0	192	187	138	115	0	115	0	145	145	132	138	145	145	0	145	0	0	0	0	0
150	0	0	120	0	0	0	150	158	150	103	0	114	136	0	0	136	0	150	130	150	158	120	0	0	143	102	107	0	0	199	194	143	120	0	120	0	150	150	136	143	150	150	0	150	0	0	0	0	0
130	0	0	104	0	0	0	130	137	130	0	0	0	118	0	0	118	0	130	112	130	137	104	0	0	124	0	0	0	0	172	168	124	104	0	104	0	130	130	118	124	130	130	0	130	0	0	0	0	0
110	0	0	0	0	0	0	110	115	110	0	0	0	0	0	0	0	0	110	0	110	115	0	0	0	105	0	0	0	0	146	142	105	0	0	0	0	110	110	0	105	110	110	0	110	0	0	0	0	0
224	149	149	179	149	145	0	224	236	224	154	149	172	204	0	149	204	136	224	195	224	236	179	149	112	213	152	160	149	0	297	289	213	179	114	179	149	224	224	204	213	224	224	149	224	0	149	128	136	149
150	0	0	120	0	0	0	150	158	150	103	0	114	136	0	0	136	0	150	130	150	158	120	0	0	143	102	107	0	0	199	194	143	120	0	120	0	150	150	136	143	150	150	0	150	0	0	0	0	0
110	0	0	0	0	0	0	110	115	110	0	0	0	0	0	0	0	0	110	0	110	115	0	0	0	105	0	0	0	0	146	142	105	0	0	0	0	110	110	0	105	110	110	0	110	0	0	0	0	0
165	110	110	132	110	106	0	165	174	165	113	110	127	150	0	110	150	0	165	143	165	174	132	110	0	157	112	118	110	0	219	213	157	132	0	132	110	165	165	150	157	165	165	110	165	0	110	0	0	110
0	0	0	0	0	0	0	0	105	0	0	0	0	0	0	0	0	0	0	0	0	105	0	0	0	0	0	0	0	0	132	129	0	0	0	0	0	0	0	0	0	0	0	0	0	0	0	0	0	0
114	0	0	0	0	0	0	114	121	114	0	0	0	105	0	0	105	0	114	0	114	121	0	0	0	110	0	0	0	0	152	148	110	0	0	0	0	114	114	105	110	114	114	0	114	0	0	0	0	0
0	0	0	0	0	0	0	0	105	0	0	0	0	0	0	0	0	0	0	0	0	105	0	0	0	0	0	0	0	0	132	129	0	0	0	0	0	0	0	0	0	0	0	0	0	0	0	0	0	0
0	0	0	0	0	0	0	0	0	0	0	0	0	0	0	0	0	0	0	0	0	0	0	0	0	0	0	0	0	0	126	123	0	0	0	0	0	0	0	0	0	0	0	0	0	0	0	0	0	0
125	0	0	0	0	0	0	125	132	125	0	0	0	113	0	0	113	0	125	109	125	132	0	0	0	119	0	0	0	0	166	161	119	0	0	0	0	125	125	113	119	125	125	0	125	0	0	0	0	0
150	0	0	120	0	0	0	150	158	150	103	0	114	136	0	0	136	0	150	130	150	158	120	0	0	143	102	107	0	0	199	194	143	120	0	120	0	150	150	136	143	150	150	0	150	0	0	0	0	0
200	133	133	160	133	129	0	200	211	200	138	133	154	182	0	133	182	121	200	174	200	211	160	133	0	190	136	143	133	0	265	258	190	160	103	160	133	200	200	182	190	200	200	133	200	0	133	113	121	133
105	0	0	0	0	0	0	105	111	105	0	0	0	0	0	0	0	0	105	0	105	111	0	0	0	0	0	0	0	0	139	135	0	0	0	0	0	105	105	0	0	105	105	0	105	0	0	0	0	0
148	0	0	118	0	0	0	148	155	148	102	0	112	134	0	0	134	0	148	128	148	155	118	0	0	140	0	105	0	0	195	190	140	118	0	118	0	148	148	134	140	148	148	0	148	0	0	0	0	0
140	0	0	112	0	0	0	140	147	140	0	0	108	127	0	0	127	0	140	122	140	147	112	0	0	133	0	0	0	0	185	181	133	112	0	112	0	140	140	127	133	140	140	0	140	0	0	0	0	0
150	0	0	120	0	0	0	150	158	150	103	0	114	136	0	0	136	0	150	130	150	158	120	0	0	143	102	107	0	0	199	194	143	120	0	120	0	150	150	136	143	150	150	0	150	0	0	0	0	0
635	423	423	508	423	409	282	635	668	635	438	423	488	577	283	423	577	385	635	552	635	668	508	423	318	605	430	454	423	0	841	819	605	508	326	508	423	635	635	577	605	635	635	423	635	127	423	363	385	423
0	0	0	0	0	0	0	0	0	0	0	0	0	0	0	0	0	0	0	0	0	0	0	0	0	0	0	0	0	0	0	0	0	0	0	0	0	0	0	0	0	0	0	0	0	0	0	0	0	0
0	0	0	0	0	0	0	0	0	0	0	0	0	0	0	0	0	0	0	0	0	0	0	0	0	0	0	0	0	0	103	0	0	0	0	0	0	0	0	0	0	0	0	0	0	0	0	0	0	0
105	0	0	0	0	0	0	105	111	105	0	0	0	0	0	0	0	0	105	0	105	111	0	0	0	0	0	0	0	0	139	135	0	0	0	0	0	105	105	0	0	105	105	0	105	0	0	0	0	0
125	0	0	0	0	0	0	125	132	125	0	0	0	113	0	0	113	0	125	109	125	132	0	0	0	119	0	0	0	0	166	161	119	0	0	0	0	125	125	113	119	125	125	0	125	0	0	0	0	0
195	130	130	156	130	126	0	195	204	195	134	130	150	177	0	130	177	118	195	170	195	204	156	130	0	186	132	139	130	0	258	252	186	156	0	156	130	195	195	177	186	195	195	130	195	0	130	111	118	130
125	0	0	0	0	0	0	125	132	125	0	0	0	113	0	0	113	0	125	109	125	132	0	0	0	119	0	0	0	0	166	161	119	0	0	0	0	125	125	113	119	125	125	0	125	0	0	0	0	0
150	0	0	120	0	0	0	150	158	150	103	0	114	136	0	0	136	0	150	130	150	158	120	0	0	143	102	107	0	0	199	194	143	120	0	120	0	150	150	136	143	150	150	0	150	0	0	0	0	0
0	0	0	0	0	0	0	0	105	0	0	0	0	0	0	0	0	0	0	0	0	105	0	0	0	0	0	0	0	0	132	129	0	0	0	0	0	0	0	0	0	0	0	0	0	0	0	0	0	0
0	0	0	0	0	0	0	0	105	0	0	0	0	0	0	0	0	0	0	0	0	105	0	0	0	0	0	0	0	0	132	129	0	0	0	0	0	0	0	0	0	0	0	0	0	0	0	0	0	0
110	0	0	0	0	0	0	110	115	110	0	0	0	0	0	0	0	0	110	0	110	115	0	0	0	105	0	0	0	0	146	142	105	0	0	0	0	110	110	0	105	110	110	0	110	0	0	0	0	0
105	0	0	0	0	0	0	105	111	105	0	0	0	0	0	0	0	0	105	0	105	111	0	0	0	0	0	0	0	0	139	135	0	0	0	0	0	105	105	0	0	105	105	0	105	0	0	0	0	0
0	0	0	0	0	0	0	0	105	0	0	0	0	0	0	0	0	0	0	0	0	105	0	0	0	0	0	0	0	0	132	129	0	0	0	0	0	0	0	0	0	0	0	0	0	0	0	0	0	0
0	0	0	0	0	0	0	0	105	0	0	0	0	0	0	0	0	0	0	0	0	105	0	0	0	0	0	0	0	0	132	129	0	0	0	0	0	0	0	0	0	0	0	0	0	0	0	0	0	0
150	0	0	120	0	0	0	150	158	150	103	0	114	136	0	0	136	0	150	130	150	158	120	0	0	143	102	107	0	0	199	194	143	120	0	120	0	150	150	136	143	150	150	0	150	0	0	0	0	0
0	0	0	0	0	0	0	0	105	0	0	0	0	0	0	0	0	0	0	0	0	105	0	0	0	0	0	0	0	0	132	129	0	0	0	0	0	0	0	0	0	0	0	0	0	0	0	0	0	0
500	333	333	400	333	323	222	500	526	500	345	333	385	455	223	333	455	303	500	434	500	526	400	333	250	476	339	357	333	0	662	645	476	400	256	400	333	500	500	455	476	500	500	333	500	0	333	286	303	333
150	0	0	120	0	0	0	150	158	150	103	0	114	136	0	0	136	0	150	130	150	158	120	0	0	143	102	107	0	0	199	194	143	120	0	120	0	150	150	136	143	150	150	0	150	0	0	0	0	0
175	117	117	140	117	112	0	175	184	175	121	117	135	159	0	117	159	106	175	152	175	184	140	117	0	167	119	125	117	0	231	225	167	140	0	140	117	175	175	159	167	175	175	117	175	0	117	0	106	117
165	110	110	132	110	106	0	165	174	165	113	110	127	150	0	110	150	0	165	143	165	174	132	110	0	157	112	118	110	0	219	213	157	132	0	132	110	165	165	150	157	165	165	110	165	0	110	0	0	110
150	0	0	120	0	0	0	150	158	150	103	0	114	136	0	0	136	0	150	130	150	158	120	0	0	143	102	107	0	0	199	194	143	120	0	120	0	150	150	136	143	150	150	0	150	0	0	0	0	0