1815 1839 1806 1866 1803 1813 1788 1810 1817 1808 1820 1852 1842 1798 1836 1863 1834 1811 1827 1812 1820 1819 1810 1809 1792 1803 1825 1783 1856 1790 1854 1804 1816 1804 1801 1813 1810 1773 1803 1809 1859 1803 1848 1789 1792 1816 1845 1814 1782 1851

92

14 14 14 13 15 14 15 14 14 14 14 13 14 15 14 13 14 14 14 14 14 14 14 14 15 15 14 15 13 15 13 14 14 14 15 14 14 15 15 14 13 15 13 15 15 14 13 14 15 13

23.999508601769925 39.00016181541076 11.000516056957744 26.00078927702523

22495.0

0	26	0	30	0	0	0	28	0	0	30	26	28	0	0	30	26	0	0	0	0	0	27	30	30	30	0	28	30	28	0	0	0	0	0	0	0	0	26	27	0	0	0	28	28	0	0	0	27	0
0	0	0	0	0	0	0	0	0	0	0	0	0	0	0	0	0	0	0	0	0	0	0	0	0	0	0	0	0	0	0	0	0	0	0	0	0	0	0	0	0	0	0	0	0	0	0	0	0	0
30	26	0	30	0	0	0	28	0	0	30	26	28	0	30	30	26	0	0	0	0	0	27	30	30	30	0	28	30	28	0	0	0	0	0	0	0	0	26	27	0	0	0	28	28	0	0	0	27	0
0	26	0	0	0	0	0	28	0	0	30	26	28	0	0	0	26	0	0	0	0	0	27	30	30	30	0	28	0	28	0	0	0	0	0	0	0	0	26	27	0	0	0	28	28	0	0	0	27	0
28	24	28	28	0	0	0	27	0	28	28	24	26	28	28	28	24	0	0	0	0	0	25	28	28	28	0	27	28	27	0	0	0	0	0	28	28	0	24	25	0	28	0	27	27	0	0	0	25	0
26	22	26	26	28	0	0	24	0	26	26	22	24	27	26	26	22	0	0	30	0	0	23	25	26	25	28	24	26	25	0	0	0	0	0	26	26	0	22	23	0	26	0	24	25	0	28	0	23	0
25	22	26	25	27	30	0	24	0	26	25	22	24	27	25	25	22	0	0	30	0	0	22	25	25	25	28	24	25	25	0	0	0	0	0	26	26	0	22	23	0	26	0	24	24	0	28	0	23	30
0	27	0	0	0	0	0	0	0	0	0	27	30	0	0	0	27	0	0	0	0	0	28	0	0	0	0	30	0	0	0	0	0	0	0	0	0	0	27	28	0	0	0	30	0	0	0	0	28	0
22	19	22	22	24	26	26	21	0	23	22	19	21	23	22	22	19	28	28	26	27	0	19	22	22	22	24	21	22	22	0	0	27	27	27	22	22	0	19	20	28	23	27	21	21	0	25	28	20	26
30	25	30	28	0	0	0	28	0	0	28	25	28	0	30	28	25	0	0	0	0	0	26	28	28	28	0	28	28	28	0	0	0	0	0	30	30	0	25	27	0	0	0	28	28	0	0	0	27	0
0	26	0	0	0	0	0	28	0	0	0	26	28	0	0	0	26	0	0	0	0	0	27	30	0	30	0	28	0	28	0	0	0	0	0	0	0	0	26	27	0	0	0	28	28	0	0	0	27	0
0	30	0	0	0	0	0	0	0	0	0	0	0	0	0	0	0	0	0	0	0	0	0	0	0	0	0	0	0	0	0	0	0	0	0	0	0	0	0	0	0	0	0	0	0	0	0	0	0	0
0	27	0	0	0	0	0	0	0	0	0	28	0	0	0	0	28	0	0	0	0	0	28	0	0	0	0	0	0	0	0	0	0	0	0	0	0	0	28	28	0	0	0	0	0	0	0	0	28	0
28	25	28	28	0	0	0	28	0	30	28	25	27	0	28	28	25	0	0	0	0	0	26	28	28	28	0	27	28	28	0	0	0	0	0	28	28	0	25	26	0	30	0	28	28	0	0	0	26	0
0	26	0	30	0	0	0	28	0	0	30	26	28	0	0	30	26	0	0	0	0	0	27	30	30	30	0	28	30	28	0	0	0	0	0	0	0	0	26	27	0	0	0	28	28	0	0	0	27	0
0	26	0	30	0	0	0	28	0	0	30	26	28	0	0	0	26	0	0	0	0	0	27	30	30	30	0	28	30	28	0	0	0	0	0	0	0	0	26	27	0	0	0	28	28	0	0	0	27	0
0	30	0	0	0	0	0	0	0	0	0	0	0	0	0	0	0	0	0	0	0	0	0	0	0	0	0	0	0	0	0	0	0	0	0	0	0	0	0	0	0	0	0	0	0	0	0	0	0	0
24	20	24	24	26	28	28	23	0	25	24	20	23	25	24	24	20	0	0	28	30	0	21	24	24	24	26	23	24	23	0	0	28	28	28	24	24	0	20	21	0	25	28	23	23	0	27	30	22	28
23	20	23	23	25	28	28	22	0	24	23	20	22	24	23	23	20	28	0	27	28	0	20	23	23	23	26	22	23	23	0	0	28	28	28	23	23	0	20	21	0	24	28	22	22	0	26	28	21	28
26	22	26	26	28	0	0	25	0	26	26	22	24	27	26	26	22	0	0	0	0	0	23	26	26	26	28	24	26	25	0	0	0	0	0	26	26	0	22	23	0	27	0	24	25	0	28	0	23	0
25	21	25	24	26	28	28	23	0	25	24	21	23	26	25	24	21	0	0	28	0	0	21	24	24	24	27	23	24	24	0	0	30	28	30	25	25	0	21	22	0	25	28	23	24	0	27	0	22	28
20	16	20	19	21	23	23	19	27	20	19	17	18	20	20	19	17	25	25	23	24	0	17	19	19	19	22	18	19	19	28	0	24	24	24	20	20	27	17	17	26	20	24	18	19	27	22	24	17	23
0	28	0	0	0	0	0	0	0	0	0	28	0	0	0	0	28	0	0	0	0	0	0	0	0	0	0	0	0	0	0	0	0	0	0	0	0	0	28	0	0	0	0	0	0	0	0	0	0	0
0	26	0	0	0	0	0	28	0	0	0	26	28	0	0	0	26	0	0	0	0	0	27	0	0	30	0	28	0	28	0	0	0	0	0	0	0	0	26	27	0	0	0	28	28	0	0	0	27	0
0	26	0	0	0	0	0	28	0	0	0	26	28	0	0	0	26	0	0	0	0	0	27	30	0	30	0	28	0	28	0	0	0	0	0	0	0	0	26	27	0	0	0	28	28	0	0	0	27	0
0	26	0	0	0	0	0	28	0	0	0	26	28	0	0	0	26	0	0	0	0	0	27	0	0	0	0	28	0	30	0	0	0	0	0	0	0	0	26	27	0	0	0	28	28	0	0	0	28	0
27	23	28	27	30	0	0	26	0	28	27	24	26	28	27	27	24	0	0	0	0	0	24	27	27	27	0	26	27	27	0	0	0	0	0	28	28	0	24	25	0	28	0	26	26	0	0	0	25	0
0	27	0	0	0	0	0	0	0	0	0	27	30	0	0	0	27	0	0	0	0	0	28	0	0	0	0	0	0	0	0	0	0	0	0	0	0	0	27	28	0	0	0	0	0	0	0	0	28	0
0	26	0	0	0	0	0	28	0	0	30	26	28	0	0	0	26	0	0	0	0	0	27	30	30	30	0	28	0	28	0	0	0	0	0	0	0	0	26	27	0	0	0	28	28	0	0	0	27	0
0	27	0	0	0	0	0	30	0	0	0	27	28	0	0	0	27	0	0	0	0	0	27	0	0	0	0	28	0	0	0	0	0	0	0	0	0	0	27	28	0	0	0	28	30	0	0	0	28	0
21	18	21	21	23	25	25	20	28	21	21	18	20	22	21	21	18	26	27	25	26	0	18	21	21	21	23	20	21	20	0	0	26	25	26	21	21	28	18	19	28	22	25	20	20	28	23	26	19	25
20	16	20	19	21	23	23	19	27	20	19	17	18	20	20	19	17	25	25	23	24	0	17	19	19	19	22	18	19	19	28	0	24	24	24	20	20	27	17	17	26	20	24	18	19	27	22	24	17	23
25	21	25	25	26	28	28	23	0	25	24	21	23	26	25	25	21	0	0	28	0	0	22	24	24	24	27	23	25	24	0	0	0	28	30	25	25	0	21	22	0	25	28	23	24	0	28	0	22	28
25	21	25	25	27	30	30	24	0	26	25	22	24	26	25	25	22	0	0	30	0	0	22	25	25	25	28	24	25	25	0	0	0	0	0	25	25	0	22	23	0	26	0	24	24	0	28	0	23	30
25	21	25	25	27	28	28	24	0	25	25	21	23	26	25	25	21	0	0	28	0	0	22	24	25	24	27	23	25	24	0	0	0	28	0	25	25	0	21	22	0	25	30	23	24	0	28	0	22	28
30	26	0	30	0	0	0	28	0	0	30	26	28	0	30	30	26	0	0	0	0	0	27	30	30	30	0	28	30	28	0	0	0	0	0	0	0	0	26	27	0	0	0	28	28	0	0	0	27	0
30	26	30	30	0	0	0	28	0	0	30	26	28	0	30	30	26	0	0	0	0	0	27	30	30	30	0	28	30	28	0	0	0	0	0	30	0	0	26	27	0	0	0	28	28	0	0	0	27	0
22	18	22	22	24	26	26	21	30	22	22	19	21	23	22	22	19	28	28	26	27	0	19	22	22	22	24	21	22	21	0	0	27	26	27	22	22	0	19	20	28	23	26	21	21	0	25	27	20	26
0	30	0	0	0	0	0	0	0	0	0	0	0	0	0	0	0	0	0	0	0	0	0	0	0	0	0	0	0	0	0	0	0	0	0	0	0	0	0	0	0	0	0	0	0	0	0	0	0	0
0	28	0	0	0	0	0	0	0	0	0	28	0	0	0	0	28	0	0	0	0	0	30	0	0	0	0	0	0	0	0	0	0	0	0	0	0	0	28	0	0	0	0	0	0	0	0	0	0	0
23	19	23	23	25	27	27	22	0	23	23	19	21	24	23	23	19	28	28	27	28	0	20	23	23	23	25	22	23	22	0	0	28	27	28	23	23	0	19	20	0	24	27	22	22	0	26	28	20	27
28	25	28	28	0	0	0	28	0	30	28	25	28	0	28	28	25	0	0	0	0	0	26	28	28	28	0	28	28	28	0	0	0	0	0	28	28	0	25	26	0	0	0	28	28	0	0	0	26	0
25	21	25	25	27	30	30	24	0	26	25	22	24	26	25	25	22	0	0	28	0	0	22	25	25	25	28	24	25	24	0	0	0	30	0	25	25	0	22	23	0	26	0	24	24	0	28	0	23	30
0	27	0	0	0	0	0	0	0	0	0	27	30	0	0	0	27	0	0	0	0	0	28	0	0	0	0	30	0	0	0	0	0	0	0	0	0	0	27	28	0	0	0	0	0	0	0	0	28	0
0	27	0	0	0	0	0	30	0	0	0	27	28	0	0	0	27	0	0	0	0	0	28	0	0	0	0	30	0	0	0	0	0	0	0	0	0	0	27	28	0	0	0	30	0	0	0	0	28	0
22	18	22	22	23	26	26	21	28	22	22	18	20	23	22	22	18	27	28	25	27	0	19	21	22	21	24	20	22	21	0	0	27	26	27	22	22	30	18	19	28	22	26	20	21	0	24	27	19	26
27	23	27	27	28	0	0	26	0	28	27	23	25	28	27	27	23	0	0	0	0	0	24	27	27	27	30	26	27	26	0	0	0	0	0	27	27	0	23	24	0	28	0	26	26	0	0	0	24	0
24	21	24	24	26	28	28	23	0	25	24	21	23	25	24	24	21	0	0	28	30	0	21	24	24	24	27	23	24	24	0	0	30	28	30	24	24	0	21	22	0	25	28	23	23	0	27	0	22	28
0	28	0	0	0	0	0	0	0	0	0	28	0	0	0	0	28	0	0	0	0	0	28	0	0	0	0	0	0	0	0	0	0	0	0	0	0	0	28	30	0	0	0	0	0	0	0	0	0	0
26	22	26	25	27	30	0	24	0	26	25	22	24	27	26	26	22	0	0	30	0	0	22	25	25	25	28	24	25	25	0	0	0	0	0	26	26	0	22	23	0	26	0	24	25	0	28	0	23	0

0	0	30	0	32	35	35	0	40	31	0	0	0	31	0	0	0	37	38	35	37	44	0	0	0	0	33	0	0	0	42	44	36	36	36	30	30	40	0	0	39	31	36	0	0	41	33	37	0	35
35	0	35	35	37	40	41	33	46	36	35	30	33	36	35	35	30	43	44	40	42	50	31	35	35	35	38	33	35	34	48	50	42	41	42	35	35	46	30	32	45	36	41	33	34	46	39	42	32	41
0	0	0	0	32	35	35	0	40	31	0	0	0	31	0	0	0	37	38	35	36	44	0	0	0	0	33	0	0	0	42	44	36	35	36	0	30	40	0	0	39	31	36	0	0	41	33	37	0	35
30	0	30	0	32	35	35	0	40	31	0	0	0	31	30	30	0	37	38	35	37	44	0	0	0	0	33	0	0	0	42	44	36	36	36	30	30	40	0	0	39	31	36	0	0	41	34	37	0	35
0	0	0	0	0	33	33	0	37	0	0	0	0	0	0	0	0	35	36	33	34	41	0	0	0	0	31	0	0	0	39	41	34	33	34	0	0	38	0	0	36	0	33	0	0	38	31	34	0	33
0	0	0	0	0	0	30	0	34	0	0	0	0	0	0	0	0	32	33	0	31	38	0	0	0	0	0	0	0	0	36	38	31	31	31	0	0	35	0	0	34	0	31	0	0	35	0	32	0	30
0	0	0	0	0	0	0	0	34	0	0	0	0	0	0	0	0	32	33	0	31	38	0	0	0	0	0	0	0	0	36	38	31	30	31	0	0	35	0	0	33	0	30	0	0	35	0	31	0	0
32	0	32	31	34	37	37	0	41	32	31	0	0	33	32	31	0	39	40	36	38	46	0	31	31	31	34	0	31	31	44	46	38	37	38	32	32	42	0	0	40	32	37	0	30	42	35	38	0	37
0	0	0	0	0	0	0	0	0	0	0	0	0	0	0	0	0	0	0	0	0	34	0	0	0	0	0	0	0	0	32	34	0	0	0	0	0	30	0	0	0	0	0	0	0	31	0	0	0	0
0	0	0	0	32	34	35	0	39	0	0	0	0	31	0	0	0	36	37	34	36	43	0	0	0	0	32	0	0	0	41	43	36	35	36	0	0	39	0	0	38	30	35	0	0	40	33	36	0	35
30	0	30	30	32	35	35	0	40	31	0	0	0	31	30	30	0	37	38	35	37	44	0	0	0	0	33	0	30	0	42	44	37	36	36	30	30	40	0	0	39	31	36	0	0	41	34	37	0	35
35	0	35	35	37	40	40	33	45	35	35	0	33	36	35	35	0	42	43	40	42	50	31	34	35	34	38	33	35	34	47	50	42	41	41	35	35	46	0	31	44	36	41	33	33	46	38	42	32	40
32	0	32	32	34	37	37	31	42	33	32	0	0	33	32	32	0	39	40	37	39	47	0	32	32	32	35	30	32	31	44	47	39	38	38	32	32	42	0	0	41	33	38	30	31	43	35	39	0	37
0	0	0	0	31	34	34	0	38	0	0	0	0	0	0	0	0	36	37	34	35	43	0	0	0	0	32	0	0	0	40	43	35	34	35	0	0	39	0	0	37	0	34	0	0	39	32	35	0	34
0	0	30	0	32	35	35	0	40	31	0	0	0	31	0	0	0	37	38	35	37	44	0	0	0	0	33	0	0	0	42	44	36	36	36	30	30	40	0	0	39	31	36	0	0	41	33	37	0	35
30	0	30	0	32	35	35	0	40	31	0	0	0	31	30	0	0	37	38	35	37	44	0	0	0	0	33	0	0	0	42	44	36	36	36	30	30	40	0	0	39	31	36	0	0	41	34	37	0	35
35	0	35	35	37	40	40	33	45	35	35	0	33	36	35	35	0	42	43	40	42	50	31	34	35	34	38	33	35	34	47	50	42	41	41	35	35	46	0	31	44	36	41	33	33	46	38	42	32	40
0	0	0	0	0	0	0	0	32	0	0	0	0	0	0	0	0	0	31	0	0	36	0	0	0	0	0	0	0	0	34	36	0	0	0	0	0	33	0	0	32	0	0	0	0	33	0	0	0	0
0	0	0	0	0	0	0	0	32	0	0	0	0	0	0	0	0	0	0	0	0	35	0	0	0	0	0	0	0	0	33	35	0	0	0	0	0	32	0	0	31	0	0	0	0	32	0	0	0	0
0	0	0	0	0	30	30	0	35	0	0	0	0	0	0	0	0	32	33	0	32	39	0	0	0	0	0	0	0	0	36	39	31	31	31	0	0	35	0	0	34	0	31	0	0	35	0	32	0	30
0	0	0	0	0	0	0	0	33	0	0	0	0	0	0	0	0	31	31	0	0	37	0	0	0	0	0	0	0	0	35	37	0	0	0	0	0	33	0	0	32	0	0	0	0	34	0	30	0	0
0	0	0	0	0	0	0	0	0	0	0	0	0	0	0	0	0	0	0	0	0	0	0	0	0	0	0	0	0	0	0	0	0	0	0	0	0	0	0	0	0	0	0	0	0	0	0	0	0	0
34	0	34	34	36	39	40	32	44	35	34	0	32	35	34	34	0	42	43	39	41	49	0	34	34	34	37	32	34	33	47	49	41	40	41	34	34	45	0	31	43	35	40	32	33	45	38	41	31	39
30	0	30	30	33	35	36	0	40	31	30	0	0	32	30	30	0	37	38	35	37	44	0	0	30	0	33	0	30	0	42	44	37	36	37	30	30	41	0	0	39	31	36	0	0	41	34	37	0	35
30	0	30	30	32	35	35	0	40	31	0	0	0	31	30	30	0	37	38	35	37	44	0	0	0	0	33	0	30	0	42	44	37	36	36	30	30	40	0	0	39	31	36	0	0	41	34	37	0	35
30	0	30	30	33	35	36	0	40	31	30	0	0	32	30	30	0	38	38	35	37	45	0	30	30	0	33	0	30	0	42	45	37	36	37	30	30	41	0	0	39	31	36	0	0	41	34	37	0	36
0	0	0	0	0	32	32	0	37	0	0	0	0	0	0	0	0	34	35	32	34	41	0	0	0	0	0	0	0	0	39	41	33	33	33	0	0	37	0	0	36	0	33	0	0	37	31	34	0	32
32	0	32	32	34	37	37	30	42	32	32	0	0	33	32	32	0	39	40	37	38	46	0	31	32	31	35	0	32	31	44	46	38	37	38	32	32	42	0	0	41	33	37	30	31	43	35	39	0	37
30	0	30	0	32	35	35	0	40	31	0	0	0	31	30	30	0	37	38	35	37	44	0	0	0	0	33	0	0	0	42	44	36	36	36	30	30	40	0	0	39	31	36	0	0	41	34	37	0	35
31	0	31	31	33	36	36	0	41	32	31	0	0	32	31	31	0	38	39	36	38	45	0	31	31	31	34	0	31	0	43	45	37	37	37	31	31	41	0	0	40	32	37	0	0	42	34	38	0	36
0	0	0	0	0	0	0	0	0	0	0	0	0	0	0	0	0	0	0	0	0	32	0	0	0	0	0	0	0	0	0	32	0	0	0	0	0	0	0	0	0	0	0	0	0	0	0	0	0	0
0	0	0	0	0	0	0	0	0	0	0	0	0	0	0	0	0	0	0	0	0	0	0	0	0	0	0	0	0	0	0	0	0	0	0	0	0	0	0	0	0	0	0	0	0	0	0	0	0	0
0	0	0	0	0	0	0	0	33	0	0	0	0	0	0	0	0	31	32	0	30	37	0	0	0	0	0	0	0	0	35	37	0	0	0	0	0	33	0	0	32	0	0	0	0	34	0	30	0	0
0	0	0	0	0	0	0	0	34	0	0	0	0	0	0	0	0	32	32	0	31	38	0	0	0	0	0	0	0	0	36	38	31	0	31	0	0	34	0	0	33	0	30	0	0	35	0	31	0	0
0	0	0	0	0	0	0	0	33	0	0	0	0	0	0	0	0	31	32	0	30	37	0	0	0	0	0	0	0	0	35	37	30	0	0	0	0	34	0	0	32	0	0	0	0	34	0	31	0	0
0	0	0	0	32	35	35	0	40	31	0	0	0	31	0	0	0	37	38	35	36	44	0	0	0	0	33	0	0	0	42	44	36	35	36	0	30	40	0	0	39	31	36	0	0	41	33	37	0	35
0	0	0	0	32	35	35	0	40	31	0	0	0	31	0	0	0	37	38	35	36	44	0	0	0	0	33	0	0	0	42	44	36	35	36	0	0	40	0	0	39	31	36	0	0	41	33	37	0	35
0	0	0	0	0	0	0	0	0	0	0	0	0	0	0	0	0	0	0	0	0	33	0	0	0	0	0	0	0	0	31	33	0	0	0	0	0	0	0	0	0	0	0	0	0	30	0	0	0	0
35	0	35	35	37	40	40	33	45	35	35	0	33	36	35	35	0	42	43	40	42	50	31	34	35	34	38	33	35	34	47	50	42	41	41	35	35	46	0	31	44	36	41	33	33	46	38	42	32	40
33	0	33	33	36	39	39	32	44	34	33	0	31	35	33	33	0	41	42	38	40	48	0	33	33	33	36	32	33	32	46	48	40	39	40	33	33	44	0	0	43	34	39	32	32	45	37	40	30	39
0	0	0	0	0	0	0	0	31	0	0	0	0	0	0	0	0	0	0	0	0	35	0	0	0	0	0	0	0	0	33	35	0	0	0	0	0	31	0	0	0	0	0	0	0	32	0	0	0	0
0	0	0	0	31	34	34	0	39	0	0	0	0	30	0	0	0	36	37	34	36	43	0	0	0	0	32	0	0	0	41	43	35	35	35	0	0	39	0	0	38	0	35	0	0	40	33	36	0	34
0	0	0	0	0	0	0	0	34	0	0	0	0	0	0	0	0	31	32	0	31	38	0	0	0	0	0	0	0	0	36	38	31	0	31	0	0	34	0	0	33	0	0	0	0	35	0	31	0	0
32	0	32	32	34	37	37	30	42	32	32	0	0	33	32	32	0	39	40	37	38	46	0	31	32	31	35	0	32	31	44	46	38	37	38	32	32	42	0	0	41	32	37	0	30	42	35	39	0	37
31	0	31	31	34	36	37	0	41	32	31	0	0	32	31	31	0	39	39	36	38	46	0	31	31	31	34	0	31	30	43	46	38	37	38	31	31	42	0	0	40	32	37	0	0	42	35	38	0	36
0	0	0	0	0	0	0	0	0	0	0	0	0	0	0	0	0	0	0	0	0	33	0	0	0	0	0	0	0	0	31	33	0	0	0	0	0	0	0	0	0	0	0	0	0	0	0	0	0	0
0	0	0	0	0	32	32	0	36	0	0	0	0	0	0	0	0	34	34	31	33	40	0	0	0	0	0	0	0	0	38	40	33	32	33	0	0	36	0	0	35	0	32	0	0	37	0	33	0	32
0	0	0	0	0	0	0	0	33	0	0	0	0	0	0	0	0	30	31	0	0	37	0	0	0	0	0	0	0	0	35	37	0	0	0	0	0	33	0	0	32	0	0	0	0	33	0	0	0	0
33	0	33	33	36	38	39	32	43	34	33	0	31	34	33	33	0	41	42	38	40	48	0	33	33	33	36	32	33	32	46	48	40	39	40	33	33	44	0	0	42	34	39	32	32	44	37	40	0	39
0	0	0	0	0	0	30	0	34	0	0	0	0	0	0	0	0	32	33	0	31	38	0	0	0	0	0	0	0	0	36	38	31	30	31	0	0	35	0	0	33	0	31	0	0	35	0	32	0	0

0	92	0	46	0	88	0	0	0	0	0	88	88	0	65	35	0	0	0	0	88	0	97	0	0	0	0	0	0	0	0	0	88	0	0	0	0	81	0	0	0	0	0	0	0	0	0	88	92	0
0	0	0	50	0	95	0	0	0	0	0	95	95	0	70	38	0	0	0	0	95	0	0	0	0	0	0	0	0	0	0	0	95	0	0	0	0	88	0	0	0	0	0	0	0	0	0	95	0	0
71	66	0	33	83	62	81	76	0	0	0	62	62	78	46	25	74	83	0	0	62	83	69	74	0	0	0	0	0	83	0	71	62	81	76	0	0	57	89	0	0	89	0	0	0	74	0	62	66	0
0	0	0	0	0	0	0	0	0	0	0	0	0	0	0	76	0	0	0	0	0	0	0	0	0	0	0	0	0	0	0	0	0	0	0	0	0	0	0	0	0	0	0	0	0	0	0	0	0	0
86	79	0	39	0	75	97	91	0	0	0	75	75	94	56	30	88	0	0	0	75	0	83	88	0	0	0	0	0	0	0	86	75	97	91	0	0	70	0	0	0	0	0	0	0	88	0	75	79	0
0	0	0	53	0	0	0	0	0	0	0	0	0	0	74	40	0	0	0	0	0	0	0	0	0	0	0	0	0	0	0	0	0	0	0	0	0	93	0	0	0	0	0	0	0	0	0	0	0	0
89	82	0	41	0	78	0	94	0	0	0	78	78	97	56	31	91	0	0	0	78	0	86	91	0	0	0	0	0	0	0	89	78	0	94	0	0	72	0	0	0	0	0	0	0	91	0	78	82	0
94	87	0	43	0	82	0	0	0	0	0	82	82	0	61	33	97	0	0	0	82	0	92	97	0	0	0	0	0	0	0	94	82	0	0	0	0	77	0	0	0	0	0	0	0	97	0	82	87	0
56	53	80	26	67	50	65	61	0	80	0	50	50	62	37	20	59	67	80	87	50	67	56	59	83	80	80	95	0	67	0	56	50	65	61	83	87	47	71	0	0	71	0	80	80	59	0	50	53	0
71	66	0	33	83	62	81	76	0	0	0	62	62	78	46	25	74	83	0	0	62	83	69	74	0	0	0	0	0	83	0	71	62	81	76	0	0	57	89	0	0	89	0	0	0	74	0	62	66	0
56	53	80	26	67	50	65	61	0	80	0	50	50	62	37	20	59	67	80	87	50	67	56	59	83	80	80	95	0	67	0	56	50	65	61	83	87	47	71	0	0	71	0	80	80	59	0	50	53	0
0	0	0	53	0	0	0	0	0	0	0	0	0	0	74	40	0	0	0	0	0	0	0	0	0	0	0	0	0	0	0	0	0	0	0	0	0	93	0	0	0	0	0	0	0	0	0	0	0	0
0	0	0	53	0	0	0	0	0	0	0	0	0	0	74	40	0	0	0	0	0	0	0	0	0	0	0	0	0	0	0	0	0	0	0	0	0	93	0	0	0	0	0	0	0	0	0	0	0	0
91	84	0	42	0	80	0	97	0	0	0	80	80	0	59	32	94	0	0	0	80	0	89	94	0	0	0	0	0	0	0	91	80	0	97	0	0	74	0	0	0	0	0	0	0	94	0	80	84	0
0	0	0	71	0	0	0	0	0	0	0	0	0	0	0	54	0	0	0	0	0	0	0	0	0	0	0	0	0	0	0	0	0	0	0	0	0	0	0	0	0	0	0	0	0	0	0	0	0	0
0	0	0	0	0	0	0	0	0	0	0	0	0	0	0	0	0	0	0	0	0	0	0	0	0	0	0	0	0	0	0	0	0	0	0	0	0	0	0	0	0	0	0	0	0	0	0	0	0	0
97	89	0	45	0	85	0	0	0	0	0	85	85	0	63	34	0	0	0	0	85	0	94	0	0	0	0	0	0	0	0	97	85	0	0	0	0	79	0	0	0	0	0	0	0	0	0	85	89	0
86	79	0	39	0	75	97	91	0	0	0	75	75	94	56	30	88	0	0	0	75	0	83	88	0	0	0	0	0	0	0	86	75	97	91	0	0	70	0	0	0	0	0	0	0	88	0	75	79	0
71	66	0	33	83	62	81	76	0	0	0	62	62	78	46	25	74	83	0	0	62	83	69	74	0	0	0	0	0	83	0	71	62	81	76	0	0	57	89	0	0	89	0	0	0	74	0	62	66	0
66	61	92	30	77	56	74	70	0	92	0	56	56	72	43	23	68	77	92	0	56	77	64	68	96	92	92	0	0	77	0	66	56	74	70	96	0	53	82	0	0	82	0	92	92	68	0	56	61	0
0	0	0	53	0	0	0	0	0	0	0	0	0	0	74	40	0	0	0	0	0	0	0	0	0	0	0	0	0	0	0	0	0	0	0	0	0	93	0	0	0	0	0	0	0	0	0	0	0	0
86	79	0	39	0	75	97	91	0	0	0	75	75	94	56	30	88	0	0	0	75	0	83	88	0	0	0	0	0	0	0	86	75	97	91	0	0	70	0	0	0	0	0	0	0	88	0	75	79	0
0	95	0	47	0	90	0	0	0	0	0	90	90	0	67	36	0	0	0	0	90	0	0	0	0	0	0	0	0	0	0	0	90	0	0	0	0	84	0	0	0	0	0	0	0	0	0	90	95	0
97	89	0	45	0	85	0	0	0	0	0	85	85	0	63	34	0	0	0	0	85	0	94	0	0	0	0	0	0	0	0	97	85	0	0	0	0	79	0	0	0	0	0	0	0	0	0	85	89	0
69	63	96	32	80	60	77	73	0	96	0	60	60	75	44	24	71	80	96	0	60	80	67	71	0	96	96	0	0	80	0	69	60	77	73	0	0	56	86	0	0	86	0	96	96	71	0	60	63	0
71	66	0	33	83	62	81	76	0	0	0	62	62	78	46	25	74	83	0	0	62	83	69	74	0	0	0	0	0	83	0	71	62	81	76	0	0	57	89	0	0	89	0	0	0	74	0	62	66	0
71	66	0	33	83	62	81	76	0	0	0	62	62	78	46	25	74	83	0	0	62	83	69	74	0	0	0	0	0	83	0	71	62	81	76	0	0	57	89	0	0	89	0	0	0	74	0	62	66	0
60	55	84	28	70	52	68	64	0	84	0	52	52	66	39	21	62	70	84	91	52	70	57	62	88	84	84	0	0	70	0	60	52	68	64	88	91	49	75	0	0	75	0	84	84	62	0	52	55	0
56	53	80	26	67	50	65	61	0	80	0	50	50	62	37	20	59	67	80	87	50	67	56	59	83	80	80	95	0	67	0	56	50	65	61	83	87	47	71	0	0	71	0	80	80	59	0	50	53	0
86	79	0	39	0	75	97	91	0	0	0	75	75	94	56	30	88	0	0	0	75	0	83	88	0	0	0	0	0	0	0	86	75	97	91	0	0	70	0	0	0	0	0	0	0	88	0	75	79	0
56	53	80	26	67	50	65	61	0	80	0	50	50	62	37	20	59	67	80	87	50	67	56	59	83	80	80	95	0	67	0	56	50	65	61	83	87	47	71	0	0	71	0	80	80	59	0	50	53	0
0	92	0	46	0	88	0	0	0	0	0	88	88	0	65	35	0	0	0	0	88	0	97	0	0	0	0	0	0	0	0	0	88	0	0	0	0	81	0	0	0	0	0	0	0	0	0	88	92	0
0	0	0	53	0	0	0	0	0	0	0	0	0	0	74	40	0	0	0	0	0	0	0	0	0	0	0	0	0	0	0	0	0	0	0	0	0	93	0	0	0	0	0	0	0	0	0	0	0	0
89	82	0	41	0	78	0	94	0	0	0	78	78	97	56	31	91	0	0	0	78	0	86	91	0	0	0	0	0	0	0	89	78	0	94	0	0	72	0	0	0	0	0	0	0	91	0	78	82	0
94	87	0	43	0	82	0	0	0	0	0	82	82	0	61	33	97	0	0	0	82	0	92	97	0	0	0	0	0	0	0	94	82	0	0	0	0	77	0	0	0	0	0	0	0	97	0	82	87	0
69	63	96	32	80	60	77	73	0	96	0	60	60	75	44	24	71	80	96	0	60	80	67	71	0	96	96	0	0	80	0	69	60	77	73	0	0	56	86	0	0	86	0	96	96	71	0	60	63	0
66	61	92	30	77	56	74	70	0	92	0	56	56	72	43	23	68	77	92	0	56	77	64	68	96	92	92	0	0	77	0	66	56	74	70	96	0	53	82	0	0	82	0	92	92	68	0	56	61	0
0	0	0	56	0	0	0	0	0	0	0	0	0	0	80	43	0	0	0	0	0	0	0	0	0	0	0	0	0	0	0	0	0	0	0	0	0	0	0	0	0	0	0	0	0	0	0	0	0	0
80	74	0	37	93	70	90	85	0	0	0	70	70	87	52	28	82	93	0	0	70	93	78	82	0	0	0	0	0	93	0	80	70	90	85	0	0	65	0	0	0	0	0	0	0	82	0	70	74	0
56	53	80	26	67	50	65	61	0	80	0	50	50	62	37	20	59	67	80	87	50	67	56	59	83	80	80	95	0	67	0	56	50	65	61	83	87	47	71	0	0	71	0	80	80	59	0	50	53	0
46	42	64	21	53	40	52	48	80	64	80	40	40	50	30	16	47	53	64	70	40	53	44	47	67	64	64	76	80	53	80	46	40	52	48	67	70	37	56	80	0	56	80	64	64	47	80	40	42	80
80	74	0	37	93	70	90	85	0	0	0	70	70	87	52	28	82	93	0	0	70	93	78	82	0	0	0	0	0	93	0	80	70	90	85	0	0	65	0	0	0	0	0	0	0	82	0	70	74	0
56	53	80	26	67	50	65	61	0	80	0	50	50	62	37	20	59	67	80	87	50	67	56	59	83	80	80	95	0	67	0	56	50	65	61	83	87	47	71	0	0	71	0	80	80	59	0	50	53	0
71	66	0	33	83	62	81	76	0	0	0	62	62	78	46	25	74	83	0	0	62	83	69	74	0	0	0	0	0	83	0	71	62	81	76	0	0	57	89	0	0	89	0	0	0	74	0	62	66	0
71	66	0	33	83	62	81	76	0	0	0	62	62	78	46	25	74	83	0	0	62	83	69	74	0	0	0	0	0	83	0	71	62	81	76	0	0	57	89	0	0	89	0	0	0	74	0	62	66	0
97	89	0	45	0	85	0	0	0	0	0	85	85	0	63	34	0	0	0	0	85	0	94	0	0	0	0	0	0	0	0	97	85	0	0	0	0	79	0	0	0	0	0	0	0	0	0	85	89	0
56	53	80	26	67	50	65	61	0	80	0	50	50	62	37	20	59	67	80	87	50	67	56	59	83	80	80	95	0	67	0	56	50	65	61	83	87	47	71	0	0	71	0	80	80	59	0	50	53	0
0	0	0	53	0	0	0	0	0	0	0	0	0	0	74	40	0	0	0	0	0	0	0	0	0	0	0	0	0	0	0	0	0	0	0	0	0	93	0	0	0	0	0	0	0	0	0	0	0	0
0	0	0	50	0	95	0	0	0	0	0	95	95	0	70	38	0	0	0	0	95	0	0	0	0	0	0	0	0	0	0	0	95	0	0	0	0	88	0	0	0	0	0	0	0	0	0	95	0	0
56	53	80	26	67	50	65	61	0	80	0	50	50	62	37	20	59	67	80	87	50	67	56	59	83	80	80	95	0	67	0	56	50	65	61	83	87	47	71	0	0	71	0	80	80	59	0	50	53	0

0	0	140	0	117	0	112	106	175	140	175	0	0	109	0	0	103	117	140	152	0	117	0	103	146	140	140	167	175	117	175	0	0	112	106	146	152	0	125	175	219	125	175	140	140	103	175	0	0	175
109	0	152	0	127	0	123	114	190	152	190	0	0	119	0	0	112	127	152	165	0	127	106	112	158	152	152	181	190	127	190	109	0	123	114	158	165	0	136	190	237	136	190	152	152	112	190	0	0	190
0	0	0	0	0	0	0	0	125	0	125	0	0	0	0	0	0	0	0	109	0	0	0	0	104	0	0	119	125	0	125	0	0	0	0	104	109	0	0	125	156	0	125	0	0	0	125	0	0	125
217	200	304	0	252	190	245	229	380	304	380	190	190	237	141	0	224	252	304	330	190	252	211	224	317	304	304	362	380	252	380	217	190	245	229	317	330	177	271	380	475	271	380	304	304	224	380	190	200	380
0	0	120	0	0	0	0	0	150	120	150	0	0	0	0	0	0	0	120	130	0	0	0	0	125	120	120	143	150	0	150	0	0	0	0	125	130	0	107	150	188	107	150	120	120	0	150	0	0	150
113	105	160	0	133	0	129	121	200	160	200	0	0	125	0	0	118	133	160	174	0	133	111	118	167	160	160	190	200	133	200	113	0	129	121	167	174	0	143	200	250	143	200	160	160	118	200	0	105	200
0	0	124	0	103	0	0	0	155	124	155	0	0	0	0	0	0	103	124	135	0	103	0	0	129	124	124	148	155	103	155	0	0	0	0	129	135	0	111	155	194	111	155	124	124	0	155	0	0	155
0	0	132	0	110	0	106	0	165	132	165	0	0	103	0	0	0	110	132	143	0	110	0	0	138	132	132	157	165	110	165	0	0	106	0	138	143	0	118	165	206	118	165	132	132	0	165	0	0	165
0	0	0	0	0	0	0	0	0	0	0	0	0	0	0	0	0	0	0	0	0	0	0	0	0	0	0	0	0	0	0	0	0	0	0	0	0	0	0	0	125	0	0	0	0	0	0	0	0	0
0	0	0	0	0	0	0	0	125	0	125	0	0	0	0	0	0	0	0	109	0	0	0	0	104	0	0	119	125	0	125	0	0	0	0	104	109	0	0	125	156	0	125	0	0	0	125	0	0	125
0	0	0	0	0	0	0	0	0	0	0	0	0	0	0	0	0	0	0	0	0	0	0	0	0	0	0	0	0	0	0	0	0	0	0	0	0	0	0	0	125	0	0	0	0	0	0	0	0	0
113	105	160	0	133	0	129	121	200	160	200	0	0	125	0	0	118	133	160	174	0	133	111	118	167	160	160	190	200	133	200	113	0	129	121	167	174	0	143	200	250	143	200	160	160	118	200	0	105	200
113	105	160	0	133	0	129	121	200	160	200	0	0	125	0	0	118	133	160	174	0	133	111	118	167	160	160	190	200	133	200	113	0	129	121	167	174	0	143	200	250	143	200	160	160	118	200	0	105	200
0	0	128	0	107	0	103	0	160	128	160	0	0	0	0	0	0	107	128	139	0	107	0	0	133	128	128	152	160	107	160	0	0	103	0	133	139	0	113	160	200	113	160	128	128	0	160	0	0	160
154	142	216	0	180	135	174	164	270	216	270	135	135	169	0	0	159	180	216	235	135	180	150	159	225	216	216	257	270	180	270	154	135	174	164	225	235	126	193	270	338	193	270	216	216	159	270	135	142	270
286	263	400	132	333	250	323	303	500	400	500	250	250	312	185	0	294	333	400	434	250	333	278	294	417	400	400	476	500	333	500	286	250	323	303	417	434	233	357	500	625	357	500	400	400	294	500	250	263	500
0	0	136	0	112	0	110	103	170	136	170	0	0	106	0	0	0	112	136	148	0	112	0	0	142	136	136	162	170	112	170	0	0	110	103	142	148	0	121	170	212	121	170	136	136	0	170	0	0	170
0	0	120	0	0	0	0	0	150	120	150	0	0	0	0	0	0	0	120	130	0	0	0	0	125	120	120	143	150	0	150	0	0	0	0	125	130	0	107	150	188	107	150	120	120	0	150	0	0	150
0	0	0	0	0	0	0	0	125	0	125	0	0	0	0	0	0	0	0	109	0	0	0	0	104	0	0	119	125	0	125	0	0	0	0	104	109	0	0	125	156	0	125	0	0	0	125	0	0	125
0	0	0	0	0	0	0	0	114	0	114	0	0	0	0	0	0	0	0	0	0	0	0	0	0	0	0	110	114	0	114	0	0	0	0	0	0	0	0	114	144	0	114	0	0	0	114	0	0	114
113	105	160	0	133	0	129	121	200	160	200	0	0	125	0	0	118	133	160	174	0	133	111	118	167	160	160	190	200	133	200	113	0	129	121	167	174	0	143	200	250	143	200	160	160	118	200	0	105	200
0	0	120	0	0	0	0	0	150	120	150	0	0	0	0	0	0	0	120	130	0	0	0	0	125	120	120	143	150	0	150	0	0	0	0	125	130	0	107	150	188	107	150	120	120	0	150	0	0	150
103	0	144	0	120	0	115	109	180	144	180	0	0	112	0	0	106	120	144	157	0	120	0	106	150	144	144	171	180	120	180	103	0	115	109	150	157	0	129	180	225	129	180	144	144	106	180	0	0	180
0	0	136	0	112	0	110	103	170	136	170	0	0	106	0	0	0	112	136	148	0	112	0	0	142	136	136	162	170	112	170	0	0	110	103	142	148	0	121	170	212	121	170	136	136	0	170	0	0	170
0	0	0	0	0	0	0	0	120	0	120	0	0	0	0	0	0	0	0	104	0	0	0	0	0	0	0	113	120	0	120	0	0	0	0	0	104	0	0	120	150	0	120	0	0	0	120	0	0	120
0	0	0	0	0	0	0	0	125	0	125	0	0	0	0	0	0	0	0	109	0	0	0	0	104	0	0	119	125	0	125	0	0	0	0	104	109	0	0	125	156	0	125	0	0	0	125	0	0	125
0	0	0	0	0	0	0	0	125	0	125	0	0	0	0	0	0	0	0	109	0	0	0	0	104	0	0	119	125	0	125	0	0	0	0	104	109	0	0	125	156	0	125	0	0	0	125	0	0	125
0	0	0	0	0	0	0	0	105	0	105	0	0	0	0	0	0	0	0	0	0	0	0	0	0	0	0	0	105	0	105	0	0	0	0	0	0	0	0	105	131	0	105	0	0	0	105	0	0	105
0	0	0	0	0	0	0	0	0	0	0	0	0	0	0	0	0	0	0	0	0	0	0	0	0	0	0	0	0	0	0	0	0	0	0	0	0	0	0	0	125	0	0	0	0	0	0	0	0	0
0	0	120	0	0	0	0	0	150	120	150	0	0	0	0	0	0	0	120	130	0	0	0	0	125	120	120	143	150	0	150	0	0	0	0	125	130	0	107	150	188	107	150	120	120	0	150	0	0	150
0	0	0	0	0	0	0	0	0	0	0	0	0	0	0	0	0	0	0	0	0	0	0	0	0	0	0	0	0	0	0	0	0	0	0	0	0	0	0	0	125	0	0	0	0	0	0	0	0	0
0	0	140	0	117	0	112	106	175	140	175	0	0	109	0	0	103	117	140	152	0	117	0	103	146	140	140	167	175	117	175	0	0	112	106	146	152	0	125	175	219	125	175	140	140	103	175	0	0	175
113	105	160	0	133	0	129	121	200	160	200	0	0	125	0	0	118	133	160	174	0	133	111	118	167	160	160	190	200	133	200	113	0	129	121	167	174	0	143	200	250	143	200	160	160	118	200	0	105	200
0	0	124	0	103	0	0	0	155	124	155	0	0	0	0	0	0	103	124	135	0	103	0	0	129	124	124	148	155	103	155	0	0	0	0	129	135	0	111	155	194	111	155	124	124	0	155	0	0	155
0	0	132	0	110	0	106	0	165	132	165	0	0	103	0	0	0	110	132	143	0	110	0	0	138	132	132	157	165	110	165	0	0	106	0	138	143	0	118	165	206	118	165	132	132	0	165	0	0	165
0	0	0	0	0	0	0	0	120	0	120	0	0	0	0	0	0	0	0	104	0	0	0	0	0	0	0	113	120	0	120	0	0	0	0	0	104	0	0	120	150	0	120	0	0	0	120	0	0	120
0	0	0	0	0	0	0	0	114	0	114	0	0	0	0	0	0	0	0	0	0	0	0	0	0	0	0	110	114	0	114	0	0	0	0	0	0	0	0	114	144	0	114	0	0	0	114	0	0	114
123	112	172	0	143	108	139	130	215	172	215	108	108	134	0	0	126	143	172	187	108	143	119	126	179	172	172	204	215	143	215	123	108	139	130	179	187	0	154	215	269	154	215	172	172	126	215	108	112	215
0	0	112	0	0	0	0	0	140	112	140	0	0	0	0	0	0	0	112	122	0	0	0	0	117	112	112	133	140	0	140	0	0	0	0	117	122	0	0	140	175	0	140	112	112	0	140	0	0	140
0	0	0	0	0	0	0	0	0	0	0	0	0	0	0	0	0	0	0	0	0	0	0	0	0	0	0	0	0	0	0	0	0	0	0	0	0	0	0	0	125	0	0	0	0	0	0	0	0	0
0	0	0	0	0	0	0	0	0	0	0	0	0	0	0	0	0	0	0	0	0	0	0	0	0	0	0	0	0	0	0	0	0	0	0	0	0	0	0	0	0	0	0	0	0	0	0	0	0	0
0	0	112	0	0	0	0	0	140	112	140	0	0	0	0	0	0	0	112	122	0	0	0	0	117	112	112	133	140	0	140	0	0	0	0	117	122	0	0	140	175	0	140	112	112	0	140	0	0	140
0	0	0	0	0	0	0	0	0	0	0	0	0	0	0	0	0	0	0	0	0	0	0	0	0	0	0	0	0	0	0	0	0	0	0	0	0	0	0	0	125	0	0	0	0	0	0	0	0	0
0	0	0	0	0	0	0	0	125	0	125	0	0	0	0	0	0	0	0	109	0	0	0	0	104	0	0	119	125	0	125	0	0	0	0	104	109	0	0	125	156	0	125	0	0	0	125	0	0	125
0	0	0	0	0	0	0	0	125	0	125	0	0	0	0	0	0	0	0	109	0	0	0	0	104	0	0	119	125	0	125	0	0	0	0	104	109	0	0	125	156	0	125	0	0	0	125	0	0	125
0	0	136	0	112	0	110	103	170	136	170	0	0	106	0	0	0	112	136	148	0	112	0	0	142	136	136	162	170	112	170	0	0	110	103	142	148	0	121	170	212	121	170	136	136	0	170	0	0	170
0	0	0	0	0	0	0	0	0	0	0	0	0	0	0	0	0	0	0	0	0	0	0	0	0	0	0	0	0	0	0	0	0	0	0	0	0	0	0	0	125	0	0	0	0	0	0	0	0	0
113	105	160	0	133	0	129	121	200	160	200	0	0	125	0	0	118	133	160	174	0	133	111	118	167	160	160	190	200	133	200	113	0	129	121	167	174	0	143	200	250	143	200	160	160	118	200	0	105	200
109	0	152	0	127	0	123	114	190	152	190	0	0	119	0	0	112	127	152	165	0	127	106	112	158	152	152	181	190	127	190	109	0	123	114	158	165	0	136	190	237	136	190	152	152	112	190	0	0	190
0	0	0	0	0	0	0	0	0	0	0	0	0	0	0	0	0	0	0	0	0	0	0	0	0	0	0	0	0	0	0	0	0	0	0	0	0	0	0	0	125	0	0	0	0	0	0	0	0	0