1839 1767 1846 1824 1778 1804 1821 1789 1801 1773 1845 1831 1808 1844 1826 1792 1819 1818 1815 1843 1796 1803 1828 1839 1827 1801 1809 1836 1805 1837 1809 1824 1819 1801 1807 1826 1803 1828 1802 1805 1831 1860 1830 1773 1724 1823 1849 1780 1632 1647

92

17 19 17 18 19 18 18 19 18 19 17 17 18 17 18 19 18 18 18 17 19 18 18 17 18 18 18 17 18 17 18 18 18 18 18 18 18 18 18 18 17 17 17 19 21 18 17 19 24 23

23.99955993349433 38.99938070118526 10.999853550089759 25.999196448138804

22350.0

0	0	27	28	0	0	0	0	27	0	25	26	0	26	0	0	0	27	28	26	27	0	0	28	27	28	27	0	0	0	28	28	0	0	28	24	27	23	27	0	28	0	27	30	0	26	30	27	23	0
23	0	20	21	28	24	23	25	21	26	19	19	25	19	24	27	26	20	22	19	20	25	24	21	21	21	21	25	23	25	22	21	24	24	22	18	21	17	20	26	22	27	21	22	0	19	22	20	17	26
0	0	0	0	0	0	0	0	0	0	28	28	0	28	0	0	0	30	0	28	30	0	0	0	0	0	0	0	0	0	0	0	0	0	0	27	0	26	30	0	0	0	0	0	0	28	0	0	26	0
0	0	28	0	0	0	0	0	28	0	27	28	0	28	0	0	0	28	0	28	28	0	0	30	28	30	28	0	0	0	0	30	0	0	0	26	28	25	28	0	0	0	28	0	0	28	0	28	25	0
25	0	22	23	0	26	25	26	22	28	21	21	27	21	26	28	28	22	24	21	22	27	26	23	22	23	22	27	25	27	24	23	26	26	24	20	22	19	22	28	23	28	22	24	0	21	24	22	19	28
28	0	25	26	0	0	28	0	25	0	24	24	0	24	28	0	0	25	28	24	25	0	30	26	26	26	25	0	28	0	27	26	0	30	27	23	26	22	25	0	27	0	26	28	0	24	28	25	22	0
30	0	27	28	0	0	0	0	27	0	25	25	0	26	0	0	0	27	28	26	26	0	0	28	27	28	27	0	0	0	28	28	0	0	28	24	27	23	26	0	28	0	27	28	0	26	28	27	23	0
28	0	25	26	0	30	28	0	25	0	24	24	0	24	28	0	0	25	27	24	25	0	30	26	26	26	25	0	28	0	27	26	30	30	27	23	26	22	25	0	27	0	26	28	0	24	28	25	22	0
0	0	30	0	0	0	0	0	0	0	28	28	0	28	0	0	0	30	0	28	28	0	0	0	0	0	0	0	0	0	0	0	0	0	0	27	0	26	28	0	0	0	0	0	0	28	0	30	26	0
27	0	24	25	0	28	27	28	24	0	23	23	30	23	28	0	0	24	26	23	24	28	28	25	24	25	24	28	27	28	26	25	28	28	26	22	24	21	24	0	26	0	25	27	0	23	27	24	21	0
0	0	0	0	0	0	0	0	0	0	0	0	0	0	0	0	0	0	0	0	0	0	0	0	0	0	0	0	0	0	0	0	0	0	0	28	0	28	0	0	0	0	0	0	0	0	0	0	28	0
0	0	0	0	0	0	0	0	0	0	30	0	0	0	0	0	0	0	0	0	0	0	0	0	0	0	0	0	0	0	0	0	0	0	0	28	0	28	0	0	0	0	0	0	0	0	0	0	28	0
27	0	24	25	0	28	28	28	25	0	23	23	0	23	28	0	0	24	27	23	24	30	28	25	25	25	25	30	28	28	26	25	28	28	26	22	25	21	24	0	26	0	25	27	0	23	27	25	21	0
0	0	0	0	0	0	0	0	0	0	28	30	0	0	0	0	0	0	0	0	0	0	0	0	0	0	0	0	0	0	0	0	0	0	0	28	0	27	0	0	0	0	0	0	0	0	0	0	27	0
28	0	26	27	0	0	28	0	26	0	24	25	0	25	0	0	0	26	28	25	26	0	0	27	26	27	26	0	28	0	28	27	0	0	28	23	26	23	26	0	28	0	26	28	0	25	28	26	23	0
25	0	23	24	0	27	26	27	23	28	21	22	28	22	26	0	28	23	25	22	22	28	27	24	23	24	23	28	26	28	25	24	27	27	24	20	23	20	22	28	24	0	23	25	0	22	25	23	20	28
27	0	24	25	0	28	27	28	24	30	22	23	30	23	28	0	0	24	26	23	24	28	28	25	24	25	24	28	27	28	26	25	28	28	26	22	24	21	24	0	26	0	24	26	0	23	26	24	21	30
0	0	0	0	0	0	0	0	0	0	28	28	0	28	0	0	0	0	0	28	30	0	0	0	0	0	0	0	0	0	0	0	0	0	0	27	0	26	30	0	0	0	0	0	0	28	0	0	26	0
0	0	28	28	0	0	0	0	28	0	26	26	0	27	0	0	0	27	0	27	27	0	0	28	28	28	28	0	0	0	30	28	0	0	30	25	28	24	27	0	28	0	28	0	0	27	0	28	24	0
0	0	0	0	0	0	0	0	0	0	28	30	0	0	0	0	0	0	0	0	0	0	0	0	0	0	0	0	0	0	0	0	0	0	0	28	0	27	0	0	0	0	0	0	0	0	0	0	27	0
0	0	0	0	0	0	0	0	0	0	28	28	0	28	0	0	0	0	0	28	0	0	0	0	0	0	0	0	0	0	0	0	0	0	0	28	0	27	0	0	0	0	0	0	0	28	0	0	27	0
28	0	25	26	0	30	28	30	25	0	23	24	0	24	28	0	0	25	27	24	24	0	30	26	25	26	25	0	28	30	27	26	30	28	27	22	25	21	24	0	26	0	25	27	0	24	27	25	21	0
28	0	25	26	0	0	28	0	26	0	24	24	0	24	28	0	0	25	28	24	25	0	0	26	26	26	26	0	28	0	27	26	0	30	27	23	26	22	25	0	27	0	26	28	0	24	28	26	22	0
0	0	28	0	0	0	0	0	28	0	27	28	0	28	0	0	0	28	0	28	28	0	0	0	28	30	28	0	0	0	0	30	0	0	0	26	28	25	28	0	0	0	28	0	0	28	0	28	25	0
0	0	30	0	0	0	0	0	30	0	28	28	0	28	0	0	0	30	0	28	28	0	0	0	0	0	30	0	0	0	0	0	0	0	0	27	0	26	28	0	0	0	0	0	0	28	0	30	26	0
0	0	28	0	0	0	0	0	28	0	27	28	0	28	0	0	0	28	0	28	28	0	0	0	30	0	28	0	0	0	0	0	0	0	0	26	30	25	28	0	0	0	30	0	0	28	0	28	25	0
0	0	30	0	0	0	0	0	0	0	28	28	0	28	0	0	0	30	0	28	28	0	0	0	0	0	0	0	0	0	0	0	0	0	0	27	0	26	28	0	0	0	0	0	0	28	0	30	26	0
28	0	25	26	0	30	28	30	25	0	23	23	0	24	28	0	0	25	27	24	24	30	28	26	25	26	25	0	28	30	27	26	30	28	27	22	25	21	24	0	26	0	25	27	0	24	27	25	21	0
30	0	27	28	0	0	0	0	27	0	25	25	0	26	0	0	0	27	28	26	26	0	0	28	27	28	27	0	0	0	28	28	0	0	28	24	27	23	26	0	28	0	27	28	0	26	28	27	23	0
28	0	25	26	0	30	28	30	25	0	23	24	0	24	28	0	0	25	27	24	25	0	30	26	25	26	25	0	28	0	27	26	30	28	27	22	25	22	25	0	26	0	25	27	0	24	27	25	22	0
0	0	28	28	0	0	0	0	28	0	26	27	0	27	0	0	0	28	0	27	28	0	0	28	28	28	28	0	0	0	0	28	0	0	30	25	28	24	28	0	30	0	28	0	0	27	0	28	24	0
0	0	28	0	0	0	0	0	28	0	27	28	0	28	0	0	0	28	0	28	28	0	0	0	30	30	28	0	0	0	0	0	0	0	0	26	30	25	28	0	0	0	30	0	0	28	0	28	25	0
28	0	25	26	0	0	28	0	25	0	24	24	0	24	28	0	0	25	28	24	25	0	30	26	26	26	25	0	28	0	27	26	0	30	27	23	26	22	25	0	27	0	26	28	0	24	28	25	22	0
28	0	26	27	0	0	28	0	26	0	24	24	0	25	30	0	0	26	28	25	25	0	0	27	26	27	26	0	28	0	28	27	0	0	28	23	26	22	25	0	27	0	26	28	0	25	28	26	22	0
0	0	28	28	0	0	0	0	28	0	26	27	0	27	0	0	0	28	0	27	28	0	0	28	28	28	28	0	0	0	0	28	0	0	0	25	28	24	28	0	30	0	28	0	0	27	0	28	24	0
0	0	0	0	0	0	0	0	0	0	0	0	0	0	0	0	0	0	0	0	0	0	0	0	0	0	0	0	0	0	0	0	0	0	0	0	0	28	0	0	0	0	0	0	0	0	0	0	28	0
0	0	30	0	0	0	0	0	30	0	28	28	0	28	0	0	0	30	0	28	28	0	0	0	0	0	30	0	0	0	0	0	0	0	0	27	0	26	28	0	0	0	0	0	0	28	0	30	26	0
0	0	0	0	0	0	0	0	0	0	0	0	0	0	0	0	0	0	0	0	0	0	0	0	0	0	0	0	0	0	0	0	0	0	0	0	0	0	0	0	0	0	0	0	0	0	0	0	0	0
0	0	0	0	0	0	0	0	0	0	28	28	0	28	0	0	0	0	0	28	0	0	0	0	0	0	0	0	0	0	0	0	0	0	0	28	0	27	0	0	0	0	0	0	0	28	0	0	27	0
26	0	23	24	0	28	27	28	24	28	22	22	28	22	27	0	28	23	26	22	23	28	28	24	24	24	24	28	27	28	25	24	28	28	25	21	24	20	23	0	25	0	24	26	0	22	26	24	20	28
0	0	28	30	0	0	0	0	28	0	27	27	0	27	0	0	0	28	0	27	28	0	0	28	28	28	28	0	0	0	0	28	0	0	0	26	28	25	28	0	0	0	28	0	0	27	0	28	25	0
25	0	23	24	0	27	26	27	23	28	21	21	28	22	26	30	28	22	25	22	22	28	27	23	23	23	23	28	26	27	24	23	27	27	24	20	23	19	22	28	24	0	23	25	0	22	25	23	19	28
0	0	30	0	0	0	0	0	30	0	28	28	0	28	0	0	0	28	0	28	28	0	0	0	30	0	30	0	0	0	0	0	0	0	0	27	30	26	28	0	0	0	0	0	0	28	0	30	26	0
0	0	27	28	0	0	0	0	28	0	26	26	0	26	0	0	0	27	30	26	27	0	0	28	28	28	28	0	0	0	30	28	0	0	28	25	28	24	27	0	28	0	28	0	0	26	0	28	24	0
20	27	18	19	25	22	21	22	18	23	17	17	23	17	21	24	23	18	20	17	18	22	22	19	18	19	18	22	21	22	19	19	22	21	19	16	18	15	18	23	19	24	18	20	0	17	20	18	15	23
0	0	0	0	0	0	0	0	0	0	28	30	0	0	0	0	0	0	0	0	0	0	0	0	0	0	0	0	0	0	0	0	0	0	0	28	0	27	0	0	0	0	0	0	0	0	0	0	27	0
0	0	27	28	0	0	0	0	28	0	26	26	0	26	0	0	0	27	30	26	27	0	0	28	28	28	28	0	0	0	28	28	0	0	28	25	28	24	27	0	28	0	28	30	0	26	0	28	24	0
0	0	30	0	0	0	0	0	0	0	28	28	0	28	0	0	0	30	0	28	30	0	0	0	0	0	0	0	0	0	0	0	0	0	0	27	0	26	30	0	0	0	0	0	0	28	0	0	26	0
0	0	0	0	0	0	0	0	0	0	0	0	0	0	0	0	0	0	0	0	0	0	0	0	0	0	0	0	0	0	0	0	0	0	0	0	0	0	0	0	0	0	0	0	0	0	0	0	0	0
27	0	24	25	0	28	27	28	24	30	23	23	30	23	28	0	0	24	26	23	24	28	28	25	24	25	24	28	27	28	26	25	28	28	26	22	24	21	24	0	26	0	25	27	0	23	27	24	21	0

0	39	0	0	36	32	30	32	0	33	0	0	33	0	31	35	34	0	0	0	0	33	32	0	0	0	0	33	30	32	0	0	32	32	0	0	0	0	0	34	0	35	0	0	43	0	0	0	0	33
0	0	0	0	0	0	0	0	0	0	0	0	0	0	0	0	0	0	0	0	0	0	0	0	0	0	0	0	0	0	0	0	0	0	0	0	0	0	0	0	0	0	0	0	33	0	0	0	0	0
34	43	0	31	40	36	34	36	30	37	0	0	37	0	35	39	37	0	33	0	0	36	36	31	31	31	30	36	34	36	32	31	36	35	32	0	31	0	0	38	32	39	31	33	47	0	33	30	0	37
32	41	0	0	39	34	33	34	0	36	0	0	35	0	33	38	36	0	31	0	0	35	34	0	0	0	0	35	33	35	31	0	34	34	31	0	0	0	0	37	31	38	0	32	45	0	32	0	0	36
0	32	0	0	0	0	0	0	0	0	0	0	0	0	0	0	0	0	0	0	0	0	0	0	0	0	0	0	0	0	0	0	0	0	0	0	0	0	0	0	0	0	0	0	36	0	0	0	0	0
0	37	0	0	34	0	0	30	0	31	0	0	31	0	0	33	31	0	0	0	0	31	0	0	0	0	0	31	0	30	0	0	0	0	0	0	0	0	0	32	0	33	0	0	40	0	0	0	0	31
0	38	0	0	36	32	0	32	0	33	0	0	33	0	31	35	33	0	0	0	0	32	32	0	0	0	0	32	0	32	0	0	32	31	0	0	0	0	0	34	0	35	0	0	42	0	0	0	0	33
0	37	0	0	34	0	0	0	0	31	0	0	31	0	0	33	31	0	0	0	0	30	0	0	0	0	0	31	0	30	0	0	0	0	0	0	0	0	0	32	0	33	0	0	40	0	0	0	0	31
33	42	0	31	40	35	33	35	0	37	0	0	36	0	34	39	37	0	32	0	0	36	35	31	30	31	0	36	33	36	32	31	35	35	32	0	30	0	0	38	32	39	30	33	47	0	33	0	0	37
0	35	0	0	33	0	0	0	0	0	0	0	0	0	0	32	30	0	0	0	0	0	0	0	0	0	0	0	0	0	0	0	0	0	0	0	0	0	0	31	0	32	0	0	39	0	0	0	0	30
36	45	32	33	42	38	36	38	32	39	0	31	39	31	37	41	39	32	35	31	32	38	38	33	32	33	32	38	36	38	34	33	38	37	34	0	32	0	32	40	34	42	33	35	50	31	35	32	0	39
35	45	31	33	42	37	35	37	32	39	0	0	38	30	36	41	39	31	34	30	31	38	37	33	32	33	32	38	35	38	34	33	37	37	34	0	32	0	31	40	33	41	32	34	49	30	35	32	0	39
0	36	0	0	33	0	0	0	0	30	0	0	0	0	0	32	31	0	0	0	0	0	0	0	0	0	0	0	0	0	0	0	0	0	0	0	0	0	0	31	0	32	0	0	39	0	0	0	0	30
35	44	31	33	42	37	35	37	32	38	0	0	38	0	36	40	39	31	34	0	31	37	37	32	32	32	32	38	35	37	34	32	37	36	33	0	32	0	31	39	33	41	32	34	49	0	34	32	0	38
0	38	0	0	35	31	0	31	0	32	0	0	32	0	0	34	32	0	0	0	0	31	31	0	0	0	0	32	0	31	0	0	31	30	0	0	0	0	0	33	0	34	0	0	41	0	0	0	0	32
0	33	0	0	31	0	0	0	0	0	0	0	0	0	0	0	0	0	0	0	0	0	0	0	0	0	0	0	0	0	0	0	0	0	0	0	0	0	0	0	0	30	0	0	37	0	0	0	0	0
0	35	0	0	33	0	0	0	0	0	0	0	0	0	0	32	0	0	0	0	0	0	0	0	0	0	0	0	0	0	0	0	0	0	0	0	0	0	0	31	0	32	0	0	39	0	0	0	0	0
34	43	30	32	40	36	34	36	31	37	0	0	37	0	35	39	37	0	33	0	0	36	36	31	31	31	31	36	34	36	32	31	36	35	32	0	31	0	0	38	32	39	31	33	47	0	33	30	0	37
31	40	0	0	37	33	31	33	0	34	0	0	34	0	32	36	34	0	0	0	0	33	33	0	0	0	0	33	31	33	0	0	33	32	0	0	0	0	0	35	0	36	0	30	44	0	30	0	0	34
35	44	31	33	42	37	35	37	32	38	0	0	38	0	36	40	39	31	34	0	31	37	37	32	32	32	32	38	35	37	34	32	37	36	33	0	32	0	31	39	33	41	32	34	49	0	34	32	0	38
34	43	30	32	41	36	34	36	31	37	0	0	37	0	35	39	38	30	33	0	0	37	36	32	31	31	31	37	34	36	33	31	36	35	33	0	31	0	0	38	32	40	31	33	47	0	33	31	0	38
0	36	0	0	34	0	0	0	0	31	0	0	31	0	0	33	31	0	0	0	0	0	0	0	0	0	0	30	0	0	0	0	0	0	0	0	0	0	0	32	0	33	0	0	40	0	0	0	0	31
0	37	0	0	34	30	0	30	0	32	0	0	31	0	0	33	32	0	0	0	0	31	0	0	0	0	0	31	0	31	0	0	30	0	0	0	0	0	0	32	0	34	0	0	41	0	0	0	0	32
32	41	0	30	39	34	33	34	0	36	0	0	35	0	33	38	36	0	32	0	0	35	34	0	0	0	0	35	33	35	31	0	34	34	31	0	0	0	0	37	31	38	0	32	46	0	32	0	0	36
33	42	0	31	40	35	33	35	0	37	0	0	36	0	34	39	37	0	32	0	0	36	35	31	0	31	0	36	33	36	32	31	35	35	32	0	0	0	0	38	31	39	30	33	46	0	33	0	0	37
32	42	0	30	39	35	33	35	0	36	0	0	36	0	34	38	36	0	32	0	0	35	34	30	0	0	0	35	33	35	31	30	35	34	31	0	0	0	0	37	31	38	0	32	46	0	32	0	0	36
33	42	0	31	40	35	33	35	0	37	0	0	36	0	34	39	37	0	32	0	0	36	35	31	30	31	0	36	33	36	32	31	35	35	32	0	30	0	0	38	32	39	30	33	47	0	33	0	0	37
0	36	0	0	34	0	0	0	0	31	0	0	30	0	0	33	31	0	0	0	0	0	0	0	0	0	0	0	0	0	0	0	0	0	0	0	0	0	0	32	0	33	0	0	40	0	0	0	0	31
0	38	0	0	36	32	0	32	0	33	0	0	33	0	31	35	33	0	0	0	0	32	32	0	0	0	0	32	0	32	0	0	32	31	0	0	0	0	0	34	0	35	0	0	42	0	0	0	0	33
0	36	0	0	34	0	0	0	0	31	0	0	31	0	0	33	31	0	0	0	0	30	0	0	0	0	0	30	0	0	0	0	0	0	0	0	0	0	0	32	0	33	0	0	40	0	0	0	0	31
31	40	0	0	38	33	32	33	0	35	0	0	34	0	32	36	35	0	30	0	0	34	33	0	0	0	0	34	32	34	0	0	33	33	0	0	0	0	0	36	0	37	0	31	44	0	31	0	0	35
32	42	0	30	39	35	33	35	0	36	0	0	36	0	34	38	36	0	32	0	0	35	34	30	0	0	0	35	33	35	31	0	35	34	31	0	0	0	0	37	31	38	0	32	46	0	32	0	0	36
0	37	0	0	34	0	0	30	0	31	0	0	31	0	0	33	31	0	0	0	0	31	0	0	0	0	0	31	0	30	0	0	0	0	0	0	0	0	0	32	0	33	0	0	40	0	0	0	0	31
0	37	0	0	35	31	0	31	0	32	0	0	32	0	0	34	32	0	0	0	0	31	30	0	0	0	0	31	0	31	0	0	31	0	0	0	0	0	0	33	0	34	0	0	41	0	0	0	0	32
31	40	0	0	38	33	32	33	0	35	0	0	34	0	32	37	35	0	31	0	0	34	33	0	0	0	0	34	32	34	30	0	33	33	0	0	0	0	0	36	0	37	0	31	44	0	31	0	0	35
37	47	33	34	44	39	37	39	34	41	31	32	40	32	38	43	41	33	36	32	33	40	39	34	34	34	34	40	37	39	36	34	39	38	35	0	34	0	33	42	35	43	34	36	51	32	36	33	0	41
33	42	0	31	40	35	33	35	0	37	0	0	36	0	34	39	37	0	32	0	0	36	35	31	0	31	0	36	33	36	32	31	35	35	32	0	0	0	0	38	31	39	30	33	46	0	33	0	0	37
38	48	34	36	45	40	38	40	35	42	32	33	41	33	39	44	42	34	37	33	34	41	40	36	35	35	35	41	38	41	37	35	40	40	37	31	35	0	34	43	36	44	35	37	52	33	38	35	0	42
34	43	30	32	41	36	34	36	31	37	0	0	37	0	35	39	38	30	33	0	0	37	36	32	31	31	31	37	34	36	33	31	36	35	33	0	31	0	0	38	32	40	31	33	47	0	33	31	0	38
0	34	0	0	32	0	0	0	0	0	0	0	0	0	0	31	0	0	0	0	0	0	0	0	0	0	0	0	0	0	0	0	0	0	0	0	0	0	0	0	0	31	0	0	38	0	0	0	0	0
32	41	0	0	38	34	32	34	0	35	0	0	35	0	33	37	35	0	31	0	0	34	34	0	0	0	0	34	32	34	31	0	34	33	30	0	0	0	0	36	0	37	0	31	45	0	31	0	0	35
0	33	0	0	31	0	0	0	0	0	0	0	0	0	0	0	0	0	0	0	0	0	0	0	0	0	0	0	0	0	0	0	0	0	0	0	0	0	0	0	0	0	0	0	37	0	0	0	0	0
33	42	0	31	40	35	33	35	0	37	0	0	36	0	34	38	37	0	32	0	0	36	35	31	0	31	0	36	33	35	32	31	35	35	32	0	0	0	0	37	31	39	0	32	46	0	33	0	0	37
31	39	0	0	37	33	31	33	0	34	0	0	34	0	32	36	34	0	0	0	0	33	32	0	0	0	0	33	31	33	0	0	33	32	0	0	0	0	0	35	0	36	0	0	43	0	30	0	0	34
0	0	0	0	0	0	0	0	0	0	0	0	0	0	0	0	0	0	0	0	0	0	0	0	0	0	0	0	0	0	0	0	0	0	0	0	0	0	0	0	0	0	0	0	0	0	0	0	0	0
35	44	31	33	42	37	35	37	32	38	0	0	38	0	36	40	39	31	34	0	31	37	37	32	32	32	32	38	35	37	34	32	37	36	33	0	32	0	31	39	33	41	32	34	49	0	34	32	0	38
31	39	0	0	37	33	31	33	0	34	0	0	34	0	32	36	34	0	0	0	0	33	32	0	0	0	0	33	31	33	0	0	33	32	0	0	0	0	0	35	0	36	0	0	43	0	0	0	0	34
33	43	0	31	40	35	34	35	30	37	0	0	36	0	34	39	37	0	33	0	0	36	35	31	30	31	30	36	34	36	32	31	35	35	32	0	30	0	0	38	32	39	30	33	47	0	33	0	0	37
38	48	34	36	45	40	38	40	35	42	32	33	41	33	39	44	42	34	37	33	34	41	40	36	35	35	35	41	38	41	37	35	40	40	37	31	35	0	34	43	36	44	35	37	52	33	38	35	0	42
0	35	0	0	33	0	0	0	0	0	0	0	0	0	0	32	30	0	0	0	0	0	0	0	0	0	0	0	0	0	0	0	0	0	0	0	0	0	0	31	0	32	0	0	39	0	0	0	0	0

0	0	0	0	0	0	0	0	0	0	0	0	0	0	86	0	66	0	0	0	0	0	0	0	0	0	0	0	0	0	0	0	0	0	0	0	0	0	83	39	0	0	0	0	62	0	0	0	71	62
66	0	0	92	0	0	82	0	0	0	0	92	0	0	56	0	43	97	82	0	0	0	0	0	73	0	0	0	94	0	73	0	0	0	0	0	97	0	55	26	0	0	0	87	41	0	0	0	47	41
60	91	0	83	0	97	75	0	0	0	0	83	0	0	52	0	39	88	75	0	0	91	0	0	67	0	0	0	86	0	67	0	0	91	0	0	88	0	50	24	0	0	0	79	38	0	0	97	43	38
72	0	0	0	0	0	90	0	0	0	0	0	0	0	62	0	47	0	90	0	0	0	0	0	80	0	0	0	0	0	80	0	0	0	0	0	0	0	60	28	0	0	0	95	45	0	0	0	51	45
40	61	67	56	0	65	50	80	87	74	67	56	95	67	34	83	26	59	50	67	71	61	95	67	44	69	91	95	56	95	44	0	80	61	80	67	59	67	33	16	87	67	0	53	25	91	95	65	28	25
62	94	0	86	0	0	78	0	0	0	0	86	0	0	53	0	41	91	78	0	0	94	0	0	69	0	0	0	89	0	69	0	0	94	0	0	91	0	52	24	0	0	0	82	39	0	0	0	44	39
80	0	0	0	0	0	0	0	0	0	0	0	0	0	69	0	53	0	0	0	0	0	0	0	89	0	0	0	0	0	89	0	0	0	0	0	0	0	67	31	0	0	0	0	50	0	0	0	56	50
50	76	83	69	0	81	62	0	0	93	83	69	0	83	43	0	33	74	62	83	89	76	0	83	56	86	0	0	71	0	56	0	0	76	0	83	74	83	42	20	0	83	0	66	31	0	0	81	36	31
46	70	77	64	0	74	56	92	0	85	77	64	0	77	40	96	30	68	56	77	82	70	0	77	51	79	0	0	66	0	51	0	92	70	92	77	68	77	38	18	0	77	0	61	28	0	0	74	33	28
54	82	90	75	0	87	68	0	0	0	90	75	0	90	47	0	36	79	68	90	96	82	0	90	60	93	0	0	77	0	60	0	0	82	0	90	79	90	45	21	0	90	0	71	34	0	0	87	39	34
60	91	0	83	0	97	75	0	0	0	0	83	0	0	52	0	39	88	75	0	0	91	0	0	67	0	0	0	86	0	67	0	0	91	0	0	88	0	50	24	0	0	0	79	38	0	0	97	43	38
72	0	0	0	0	0	90	0	0	0	0	0	0	0	62	0	47	0	90	0	0	0	0	0	80	0	0	0	0	0	80	0	0	0	0	0	0	0	60	28	0	0	0	95	45	0	0	0	51	45
42	64	70	57	0	68	52	84	91	78	70	57	0	70	36	88	28	62	52	70	75	64	0	70	47	72	95	0	60	0	47	0	84	64	84	70	62	70	35	17	91	70	0	55	26	95	0	68	30	26
60	91	0	83	0	97	75	0	0	0	0	83	0	0	52	0	39	88	75	0	0	91	0	0	67	0	0	0	86	0	67	0	0	91	0	0	88	0	50	24	0	0	0	79	38	0	0	97	43	38
0	0	0	0	0	0	0	0	0	0	0	0	0	0	0	0	76	0	0	0	0	0	0	0	0	0	0	0	0	0	0	0	0	0	0	0	0	0	97	46	0	0	0	0	72	0	0	0	83	72
48	73	80	67	0	77	60	96	0	89	80	67	0	80	41	0	32	71	60	80	86	73	0	80	53	83	0	0	69	0	53	0	96	73	96	80	71	80	40	19	0	80	0	63	30	0	0	77	34	30
0	0	0	0	0	0	0	0	0	0	0	0	0	0	0	0	0	0	0	0	0	0	0	0	0	0	0	0	0	0	0	0	0	0	0	0	0	0	0	60	0	0	0	0	95	0	0	0	0	95
68	0	0	94	0	0	85	0	0	0	0	94	0	0	59	0	45	0	85	0	0	0	0	0	76	0	0	0	97	0	76	0	0	0	0	0	0	0	56	27	0	0	0	89	42	0	0	0	49	42
80	0	0	0	0	0	0	0	0	0	0	0	0	0	69	0	53	0	0	0	0	0	0	0	89	0	0	0	0	0	89	0	0	0	0	0	0	0	67	31	0	0	0	0	50	0	0	0	56	50
60	91	0	83	0	97	75	0	0	0	0	83	0	0	52	0	39	88	75	0	0	91	0	0	67	0	0	0	86	0	67	0	0	91	0	0	88	0	50	24	0	0	0	79	38	0	0	97	43	38
56	85	93	78	0	90	70	0	0	0	93	78	0	93	48	0	37	82	70	93	0	85	0	93	62	97	0	0	80	0	62	0	0	85	0	93	82	93	47	22	0	93	0	74	35	0	0	90	40	35
66	0	0	92	0	0	82	0	0	0	0	92	0	0	56	0	43	97	82	0	0	0	0	0	73	0	0	0	94	0	73	0	0	0	0	0	97	0	55	26	0	0	0	87	41	0	0	0	47	41
42	64	70	57	0	68	52	84	91	78	70	57	0	70	36	88	28	62	52	70	75	64	0	70	47	72	95	0	60	0	47	0	84	64	84	70	62	70	35	17	91	70	0	55	26	95	0	68	30	26
60	91	0	83	0	97	75	0	0	0	0	83	0	0	52	0	39	88	75	0	0	91	0	0	67	0	0	0	86	0	67	0	0	91	0	0	88	0	50	24	0	0	0	79	38	0	0	97	43	38
90	0	0	0	0	0	0	0	0	0	0	0	0	0	78	0	59	0	0	0	0	0	0	0	0	0	0	0	0	0	0	0	0	0	0	0	0	0	75	35	0	0	0	0	56	0	0	0	64	56
57	88	97	81	0	94	72	0	0	0	97	81	0	97	50	0	38	85	72	97	0	88	0	97	64	0	0	0	83	0	64	0	0	88	0	97	85	97	48	23	0	97	0	76	36	0	0	94	41	36
44	67	73	61	0	71	55	88	96	81	73	61	0	73	38	92	28	65	55	73	79	67	0	73	49	76	0	0	63	0	49	0	88	67	88	73	65	73	37	17	96	73	0	57	28	0	0	71	31	28
42	64	70	57	0	68	52	84	91	78	70	57	0	70	36	88	28	62	52	70	75	64	0	70	47	72	95	0	60	0	47	0	84	64	84	70	62	70	35	17	91	70	0	55	26	95	0	68	30	26
70	0	0	97	0	0	88	0	0	0	0	97	0	0	60	0	46	0	88	0	0	0	0	0	78	0	0	0	0	0	78	0	0	0	0	0	0	0	57	28	0	0	0	92	44	0	0	0	50	44
42	64	70	57	0	68	52	84	91	78	70	57	0	70	36	88	28	62	52	70	75	64	0	70	47	72	95	0	60	0	47	0	84	64	84	70	62	70	35	17	91	70	0	55	26	95	0	68	30	26
90	0	0	0	0	0	0	0	0	0	0	0	0	0	78	0	59	0	0	0	0	0	0	0	0	0	0	0	0	0	0	0	0	0	0	0	0	0	75	35	0	0	0	0	56	0	0	0	64	56
30	46	50	42	76	49	38	60	66	56	50	42	72	50	26	63	20	44	38	50	54	46	72	50	34	52	69	72	43	72	34	0	60	46	60	50	44	50	25	12	66	50	76	40	19	69	72	49	22	19
50	76	83	69	0	81	62	0	0	93	83	69	0	83	43	0	33	74	62	83	89	76	0	83	56	86	0	0	71	0	56	0	0	76	0	83	74	83	42	20	0	83	0	66	31	0	0	81	36	31
66	0	0	92	0	0	82	0	0	0	0	92	0	0	56	0	43	97	82	0	0	0	0	0	73	0	0	0	94	0	73	0	0	0	0	0	97	0	55	26	0	0	0	87	41	0	0	0	47	41
50	76	83	69	0	81	62	0	0	93	83	69	0	83	43	0	33	74	62	83	89	76	0	83	56	86	0	0	71	0	56	0	0	76	0	83	74	83	42	20	0	83	0	66	31	0	0	81	36	31
60	91	0	83	0	97	75	0	0	0	0	83	0	0	52	0	39	88	75	0	0	91	0	0	67	0	0	0	86	0	67	0	0	91	0	0	88	0	50	24	0	0	0	79	38	0	0	97	43	38
68	0	0	94	0	0	85	0	0	0	0	94	0	0	59	0	45	0	85	0	0	0	0	0	76	0	0	0	97	0	76	0	0	0	0	0	0	0	56	27	0	0	0	89	42	0	0	0	49	42
60	91	0	83	0	97	75	0	0	0	0	83	0	0	52	0	39	88	75	0	0	91	0	0	67	0	0	0	86	0	67	0	0	91	0	0	88	0	50	24	0	0	0	79	38	0	0	97	43	38
0	0	0	0	0	0	0	0	0	0	0	0	0	0	0	0	79	0	0	0	0	0	0	0	0	0	0	0	0	0	0	0	0	0	0	0	0	0	0	47	0	0	0	0	75	0	0	0	86	75
0	0	0	0	0	0	0	0	0	0	0	0	0	0	0	0	0	0	0	0	0	0	0	0	0	0	0	0	0	0	0	0	0	0	0	0	0	0	0	0	0	0	0	0	0	0	0	0	0	0
46	70	77	64	0	74	56	92	0	85	77	64	0	77	40	96	30	68	56	77	82	70	0	77	51	79	0	0	66	0	51	0	92	70	92	77	68	77	38	18	0	77	0	61	28	0	0	74	33	28
60	91	0	83	0	97	75	0	0	0	0	83	0	0	52	0	39	88	75	0	0	91	0	0	67	0	0	0	86	0	67	0	0	91	0	0	88	0	50	24	0	0	0	79	38	0	0	97	43	38
40	61	67	56	0	65	50	80	87	74	67	56	95	67	34	83	26	59	50	67	71	61	95	67	44	69	91	95	56	95	44	0	80	61	80	67	59	67	33	16	87	67	0	53	25	91	95	65	28	25
76	0	0	0	0	0	95	0	0	0	0	0	0	0	66	0	50	0	95	0	0	0	0	0	84	0	0	0	0	0	84	0	0	0	0	0	0	0	63	30	0	0	0	0	48	0	0	0	54	48
0	0	0	0	0	0	0	0	0	0	0	0	0	0	0	0	0	0	0	0	0	0	0	0	0	0	0	0	0	0	0	0	0	0	0	0	0	0	0	63	0	0	0	0	0	0	0	0	0	0
44	67	73	61	0	71	55	88	96	81	73	61	0	73	38	92	28	65	55	73	79	67	0	73	49	76	0	0	63	0	49	0	88	67	88	73	65	73	37	17	96	73	0	57	28	0	0	71	31	28
42	64	70	57	0	68	52	84	91	78	70	57	0	70	36	88	28	62	52	70	75	64	0	70	47	72	95	0	60	0	47	0	84	64	84	70	62	70	35	17	91	70	0	55	26	95	0	68	30	26
62	94	0	86	0	0	78	0	0	0	0	86	0	0	53	0	41	91	78	0	0	94	0	0	69	0	0	0	89	0	69	0	0	94	0	0	91	0	52	24	0	0	0	82	39	0	0	0	44	39
0	0	0	0	0	0	0	0	0	0	0	0	0	0	0	0	92	0	0	0	0	0	0	0	0	0	0	0	0	0	0	0	0	0	0	0	0	0	0	55	0	0	0	0	88	0	0	0	0	88
0	0	0	0	0	0	0	0	0	0	0	0	0	0	0	0	0	0	0	0	0	0	0	0	0	0	0	0	0	0	0	0	0	0	0	0	0	0	0	63	0	0	0	0	0	0	0	0	0	0

0	152	167	139	250	161	125	200	217	185	167	139	238	167	0	208	0	147	125	167	179	152	238	167	111	172	227	238	143	238	111	331	200	152	200	167	147	167	0	0	217	167	250	132	0	227	238	161	0	0
0	0	110	0	165	106	0	132	143	122	110	0	157	110	0	138	0	0	0	110	118	0	157	110	0	113	150	157	0	157	0	219	132	0	132	110	0	110	0	0	143	110	165	0	0	150	157	106	0	0
0	0	0	0	150	0	0	120	130	111	0	0	143	0	0	125	0	0	0	0	107	0	143	0	0	103	136	143	0	143	0	199	120	0	120	0	0	0	0	0	130	0	150	0	0	136	143	0	0	0
0	109	120	0	180	115	0	144	157	133	120	0	171	120	0	150	0	106	0	120	129	109	171	120	0	124	164	171	103	171	0	238	144	109	144	120	106	120	0	0	157	120	180	0	0	164	171	115	0	0
0	0	0	0	0	0	0	0	0	0	0	0	0	0	0	0	0	0	0	0	0	0	0	0	0	0	0	0	0	0	0	132	0	0	0	0	0	0	0	0	0	0	0	0	0	0	0	0	0	0
0	0	103	0	155	0	0	124	135	114	103	0	148	103	0	129	0	0	0	103	111	0	148	103	0	107	141	148	0	148	0	204	124	0	124	103	0	103	0	0	135	103	155	0	0	141	148	0	0	0
0	121	133	111	200	129	0	160	174	148	133	111	190	133	0	167	0	118	0	133	143	121	190	133	0	138	182	190	113	190	0	265	160	121	160	133	118	133	0	0	174	133	200	105	0	182	190	129	0	0
0	0	0	0	125	0	0	0	109	0	0	0	119	0	0	104	0	0	0	0	0	0	119	0	0	0	113	119	0	119	0	166	0	0	0	0	0	0	0	0	109	0	125	0	0	113	119	0	0	0
0	0	0	0	114	0	0	0	0	0	0	0	110	0	0	0	0	0	0	0	0	0	110	0	0	0	105	110	0	110	0	152	0	0	0	0	0	0	0	0	0	0	114	0	0	105	110	0	0	0
0	0	0	0	135	0	0	108	117	0	0	0	129	0	0	112	0	0	0	0	0	0	129	0	0	0	123	129	0	129	0	179	108	0	108	0	0	0	0	0	117	0	135	0	0	123	129	0	0	0
0	0	0	0	150	0	0	120	130	111	0	0	143	0	0	125	0	0	0	0	107	0	143	0	0	103	136	143	0	143	0	199	120	0	120	0	0	0	0	0	130	0	150	0	0	136	143	0	0	0
0	109	120	0	180	115	0	144	157	133	120	0	171	120	0	150	0	106	0	120	129	109	171	120	0	124	164	171	103	171	0	238	144	109	144	120	106	120	0	0	157	120	180	0	0	164	171	115	0	0
0	0	0	0	105	0	0	0	0	0	0	0	0	0	0	0	0	0	0	0	0	0	0	0	0	0	0	0	0	0	0	139	0	0	0	0	0	0	0	0	0	0	105	0	0	0	0	0	0	0
0	0	0	0	150	0	0	120	130	111	0	0	143	0	0	125	0	0	0	0	107	0	143	0	0	103	136	143	0	143	0	199	120	0	120	0	0	0	0	0	130	0	150	0	0	136	143	0	0	0
115	176	193	161	290	187	145	231	252	215	193	161	276	193	0	242	0	171	145	193	206	176	276	193	129	200	264	276	166	276	129	384	231	176	231	193	171	193	0	0	252	193	290	153	0	264	276	187	0	0
0	0	0	0	120	0	0	0	104	0	0	0	113	0	0	0	0	0	0	0	0	0	113	0	0	0	109	113	0	113	0	159	0	0	0	0	0	0	0	0	104	0	120	0	0	109	113	0	0	0
152	229	252	211	380	245	190	304	330	281	252	211	362	252	131	317	0	224	190	252	271	229	362	252	169	262	345	362	217	362	169	503	304	229	304	252	224	252	127	0	330	252	380	200	0	345	362	245	109	0
0	103	112	0	170	110	0	136	148	126	112	0	162	112	0	142	0	0	0	112	121	103	162	112	0	117	155	162	0	162	0	225	136	103	136	112	0	112	0	0	148	112	170	0	0	155	162	110	0	0
0	121	133	111	200	129	0	160	174	148	133	111	190	133	0	167	0	118	0	133	143	121	190	133	0	138	182	190	113	190	0	265	160	121	160	133	118	133	0	0	174	133	200	105	0	182	190	129	0	0
0	0	0	0	150	0	0	120	130	111	0	0	143	0	0	125	0	0	0	0	107	0	143	0	0	103	136	143	0	143	0	199	120	0	120	0	0	0	0	0	130	0	150	0	0	136	143	0	0	0
0	0	0	0	140	0	0	112	122	104	0	0	133	0	0	117	0	0	0	0	0	0	133	0	0	0	127	133	0	133	0	185	112	0	112	0	0	0	0	0	122	0	140	0	0	127	133	0	0	0
0	0	110	0	165	106	0	132	143	122	110	0	157	110	0	138	0	0	0	110	118	0	157	110	0	113	150	157	0	157	0	219	132	0	132	110	0	110	0	0	143	110	165	0	0	150	157	106	0	0
0	0	0	0	105	0	0	0	0	0	0	0	0	0	0	0	0	0	0	0	0	0	0	0	0	0	0	0	0	0	0	139	0	0	0	0	0	0	0	0	0	0	105	0	0	0	0	0	0	0
0	0	0	0	150	0	0	120	130	111	0	0	143	0	0	125	0	0	0	0	107	0	143	0	0	103	136	143	0	143	0	199	120	0	120	0	0	0	0	0	130	0	150	0	0	136	143	0	0	0
0	136	150	125	225	145	112	180	196	167	150	125	214	150	0	188	0	132	112	150	161	136	214	150	0	155	204	214	129	214	0	298	180	136	180	150	132	150	0	0	196	150	225	118	0	204	214	145	0	0
0	0	0	0	145	0	0	115	126	107	0	0	138	0	0	121	0	0	0	0	104	0	138	0	0	0	132	138	0	138	0	192	115	0	115	0	0	0	0	0	126	0	145	0	0	132	138	0	0	0
0	0	0	0	110	0	0	0	0	0	0	0	105	0	0	0	0	0	0	0	0	0	105	0	0	0	0	105	0	105	0	146	0	0	0	0	0	0	0	0	0	0	110	0	0	0	105	0	0	0
0	0	0	0	105	0	0	0	0	0	0	0	0	0	0	0	0	0	0	0	0	0	0	0	0	0	0	0	0	0	0	139	0	0	0	0	0	0	0	0	0	0	105	0	0	0	0	0	0	0
0	106	117	0	175	112	0	140	152	130	117	0	167	117	0	146	0	103	0	117	125	106	167	117	0	121	159	167	0	167	0	231	140	106	140	117	103	117	0	0	152	117	175	0	0	159	167	112	0	0
0	0	0	0	105	0	0	0	0	0	0	0	0	0	0	0	0	0	0	0	0	0	0	0	0	0	0	0	0	0	0	139	0	0	0	0	0	0	0	0	0	0	105	0	0	0	0	0	0	0
0	136	150	125	225	145	112	180	196	167	150	125	214	150	0	188	0	132	112	150	161	136	214	150	0	155	204	214	129	214	0	298	180	136	180	150	132	150	0	0	196	150	225	118	0	204	214	145	0	0
0	0	0	0	0	0	0	0	0	0	0	0	0	0	0	0	0	0	0	0	0	0	0	0	0	0	0	0	0	0	0	0	0	0	0	0	0	0	0	0	0	0	0	0	0	0	0	0	0	0
0	0	0	0	125	0	0	0	109	0	0	0	119	0	0	104	0	0	0	0	0	0	119	0	0	0	113	119	0	119	0	166	0	0	0	0	0	0	0	0	109	0	125	0	0	113	119	0	0	0
0	0	110	0	165	106	0	132	143	122	110	0	157	110	0	138	0	0	0	110	118	0	157	110	0	113	150	157	0	157	0	219	132	0	132	110	0	110	0	0	143	110	165	0	0	150	157	106	0	0
0	0	0	0	125	0	0	0	109	0	0	0	119	0	0	104	0	0	0	0	0	0	119	0	0	0	113	119	0	119	0	166	0	0	0	0	0	0	0	0	109	0	125	0	0	113	119	0	0	0
0	0	0	0	150	0	0	120	130	111	0	0	143	0	0	125	0	0	0	0	107	0	143	0	0	103	136	143	0	143	0	199	120	0	120	0	0	0	0	0	130	0	150	0	0	136	143	0	0	0
0	103	112	0	170	110	0	136	148	126	112	0	162	112	0	142	0	0	0	112	121	103	162	112	0	117	155	162	0	162	0	225	136	103	136	112	0	112	0	0	148	112	170	0	0	155	162	110	0	0
0	0	0	0	150	0	0	120	130	111	0	0	143	0	0	125	0	0	0	0	107	0	143	0	0	103	136	143	0	143	0	199	120	0	120	0	0	0	0	0	130	0	150	0	0	136	143	0	0	0
120	182	200	167	300	194	150	240	261	222	200	167	286	200	103	250	0	176	150	200	214	182	286	200	133	206	273	286	171	286	133	397	240	182	240	200	176	200	0	0	261	200	300	158	0	273	286	194	0	0
254	385	423	353	635	409	318	508	552	470	423	353	605	423	219	529	167	374	318	423	454	385	605	423	282	438	577	605	363	605	282	841	508	385	508	423	374	423	212	0	552	423	635	334	159	577	605	409	181	159
0	0	0	0	114	0	0	0	0	0	0	0	110	0	0	0	0	0	0	0	0	0	110	0	0	0	105	110	0	110	0	152	0	0	0	0	0	0	0	0	0	0	114	0	0	105	110	0	0	0
0	0	0	0	150	0	0	120	130	111	0	0	143	0	0	125	0	0	0	0	107	0	143	0	0	103	136	143	0	143	0	199	120	0	120	0	0	0	0	0	130	0	150	0	0	136	143	0	0	0
0	0	0	0	0	0	0	0	0	0	0	0	0	0	0	0	0	0	0	0	0	0	0	0	0	0	0	0	0	0	0	132	0	0	0	0	0	0	0	0	0	0	0	0	0	0	0	0	0	0
0	114	127	106	190	123	0	152	165	141	127	106	181	127	0	158	0	112	0	127	136	114	181	127	0	131	173	181	109	181	0	252	152	114	152	127	112	127	0	0	165	127	190	0	0	173	181	123	0	0
160	242	267	222	400	258	200	320	348	296	267	222	381	267	138	333	105	235	200	267	286	242	381	267	178	276	364	381	229	381	178	530	320	242	320	267	235	267	133	0	348	267	400	211	0	364	381	258	113	0
0	0	0	0	110	0	0	0	0	0	0	0	105	0	0	0	0	0	0	0	0	0	105	0	0	0	0	105	0	105	0	146	0	0	0	0	0	0	0	0	0	0	110	0	0	0	105	0	0	0
0	0	0	0	105	0	0	0	0	0	0	0	0	0	0	0	0	0	0	0	0	0	0	0	0	0	0	0	0	0	0	139	0	0	0	0	0	0	0	0	0	0	105	0	0	0	0	0	0	0
0	0	103	0	155	0	0	124	135	114	103	0	148	103	0	129	0	0	0	103	111	0	148	103	0	107	141	148	0	148	0	204	124	0	124	103	0	103	0	0	135	103	155	0	0	141	148	0	0	0
140	212	233	194	350	225	175	280	304	259	233	194	333	233	121	292	0	206	175	233	250	212	333	233	156	241	318	333	200	333	156	463	280	212	280	233	206	233	117	0	304	233	350	184	0	318	333	225	0	0
160	242	267	222	400	258	200	320	348	296	267	222	381	267	138	333	105	235	200	267	286	242	381	267	178	276	364	381	229	381	178	530	320	242	320	267	235	267	133	0	348	267	400	211	0	364	381	258	113	0