1674 1674 1812 1778 1777 1816 1850 1837 1791 1803 1817 1806 1791 1866 1825 1846 1807 1818 1823 1805 1819 1813 1843 1810 1805 1831 1828 1799 1863 1857 1843 1820 1817 1829 1836 1862 1816 1815 1830 1844 1806 1791 1805 1847 1837 1813 1771 1842 1812 1749

92

20 20 16 17 17 16 15 15 17 16 16 16 17 15 16 15 16 16 16 16 16 16 15 16 16 16 16 17 15 15 15 16 16 16 16 15 16 16 16 15 16 17 16 15 15 16 17 15 16 18

23.99926707283601 38.99985330897881 10.999716603475866 26.000869686686045

22065.0

0	30	22	0	0	0	24	26	27	0	0	0	0	23	0	26	0	0	26	0	26	28	0	0	28	22	27	28	26	26	0	23	0	28	27	0	23	0	26	0	0	24	25	0	27	27	27	28	0	28
0	0	22	0	0	0	24	26	27	0	0	0	0	23	0	26	0	0	26	0	26	30	0	0	28	22	27	28	26	26	0	23	0	28	27	0	23	0	26	0	0	24	25	0	27	27	27	28	0	28
0	0	0	0	0	0	0	0	0	0	0	0	0	0	0	0	0	0	0	0	0	0	0	0	0	30	0	0	0	0	0	0	0	0	0	0	0	0	0	0	0	0	0	0	0	0	0	0	0	0
27	26	19	0	0	28	21	22	24	28	28	28	28	20	27	23	0	27	22	28	22	26	0	27	25	19	24	25	22	22	28	20	28	24	24	0	20	28	23	28	28	21	22	27	24	23	24	24	27	25
24	24	18	28	0	25	19	20	21	26	26	26	27	18	24	21	0	25	20	25	20	24	0	24	22	17	21	23	20	20	26	18	26	22	22	0	19	27	20	25	27	19	20	24	22	21	21	22	25	23
28	28	21	0	0	0	23	25	26	0	0	0	0	22	28	25	0	30	25	0	25	28	0	28	27	21	26	27	25	25	0	22	0	27	26	0	22	0	25	0	0	23	24	28	26	26	26	27	30	27
0	0	28	0	0	0	0	0	0	0	0	0	0	28	0	0	0	0	0	0	0	0	0	0	0	28	0	0	0	0	0	28	0	0	0	0	28	0	0	0	0	0	0	0	0	0	0	0	0	0
0	0	26	0	0	0	28	0	0	0	0	0	0	27	0	0	0	0	0	0	0	0	0	0	0	26	0	0	0	0	0	27	0	0	0	0	28	0	0	0	0	28	28	0	0	0	0	0	0	0
0	0	25	0	0	0	27	28	0	0	0	0	0	26	0	30	0	0	28	0	28	0	0	0	0	25	0	0	28	28	0	26	0	0	0	0	26	0	28	0	0	27	28	0	0	30	0	0	0	0
28	28	21	0	0	30	23	24	25	0	0	0	0	21	28	25	0	28	24	30	24	28	0	28	26	21	25	27	24	24	0	21	0	26	25	0	22	0	24	30	0	23	24	28	26	25	25	26	28	27
28	28	21	0	0	28	22	24	25	30	0	30	0	21	28	24	0	28	24	28	24	27	0	28	26	20	25	26	24	24	0	21	30	26	25	0	22	0	24	28	0	22	23	28	25	25	25	26	28	26
28	28	21	0	0	28	22	24	25	30	0	0	0	21	28	25	0	28	24	28	24	27	0	28	26	20	25	26	24	24	0	21	0	26	25	0	22	0	24	28	0	23	23	28	25	25	25	26	28	26
27	27	20	0	0	28	22	23	24	28	28	28	0	20	28	24	0	28	23	28	23	27	0	28	25	20	24	26	23	23	28	20	28	25	24	0	21	30	23	28	0	22	23	28	25	24	24	25	28	26
0	0	30	0	0	0	0	0	0	0	0	0	0	0	0	0	0	0	0	0	0	0	0	0	0	28	0	0	0	0	0	0	0	0	0	0	0	0	0	0	0	0	0	0	0	0	0	0	0	0
30	30	22	0	0	0	24	25	27	0	0	0	0	22	0	26	0	0	25	0	25	28	0	30	28	22	27	28	25	25	0	22	0	27	27	0	23	0	25	0	0	24	25	0	27	26	27	27	0	28
0	0	25	0	0	0	27	28	0	0	0	0	0	26	0	0	0	0	28	0	28	0	0	0	0	25	0	0	28	28	0	26	0	0	0	0	27	0	28	0	0	28	28	0	0	0	0	0	0	0
24	24	17	27	28	25	19	20	21	25	26	25	26	17	24	21	0	24	20	25	20	23	0	24	22	17	21	22	20	20	26	18	25	22	21	0	18	26	20	25	26	19	19	24	21	21	21	22	25	22
28	28	22	0	0	0	23	25	26	0	0	0	0	22	30	26	0	0	25	0	25	28	0	30	27	21	26	28	25	25	0	22	0	27	26	0	23	0	25	0	0	24	24	30	27	26	26	27	0	27
0	0	26	0	0	0	28	0	0	0	0	0	0	27	0	0	0	0	0	0	0	0	0	0	0	26	0	0	0	0	0	27	0	0	0	0	28	0	0	0	0	28	28	0	0	0	0	0	0	0
28	28	21	0	0	30	23	25	26	0	0	0	0	22	28	25	0	30	25	0	25	28	0	28	27	21	26	27	25	25	0	22	0	27	26	0	22	0	25	0	0	23	24	28	26	26	26	27	30	27
0	0	26	0	0	0	28	0	0	0	0	0	0	27	0	0	0	0	0	0	0	0	0	0	0	26	0	0	0	0	0	27	0	0	0	0	28	0	0	0	0	28	28	0	0	0	0	0	0	0
0	0	23	0	0	0	25	26	27	0	0	0	0	23	0	27	0	0	26	0	26	0	0	0	28	22	27	28	26	26	0	23	0	28	28	0	24	0	26	0	0	25	26	0	28	27	27	28	0	28
24	24	17	27	28	25	19	20	21	25	26	25	26	17	24	21	0	24	20	25	20	23	0	24	22	17	21	22	20	20	26	18	25	22	21	0	18	26	20	25	26	19	19	24	21	21	21	22	25	22
30	30	22	0	0	0	24	25	27	0	0	0	0	22	0	26	0	0	25	0	25	28	0	0	28	22	27	28	25	25	0	23	0	27	27	0	23	0	26	0	0	24	25	0	27	26	27	27	0	28
0	0	24	0	0	0	26	28	28	0	0	0	0	24	0	28	0	0	28	0	28	0	0	0	0	24	28	0	28	28	0	24	0	30	28	0	25	0	28	0	0	26	27	0	28	28	28	30	0	0
0	0	0	0	0	0	0	0	0	0	0	0	0	0	0	0	0	0	0	0	0	0	0	0	0	0	0	0	0	0	0	0	0	0	0	0	0	0	0	0	0	0	0	0	0	0	0	0	0	0
0	0	25	0	0	0	27	28	0	0	0	0	0	26	0	30	0	0	28	0	28	0	0	0	0	25	0	0	28	28	0	26	0	0	0	0	26	0	28	0	0	27	28	0	0	30	0	0	0	0
0	0	24	0	0	0	25	27	28	0	0	0	0	24	0	28	0	0	27	0	27	0	0	0	30	23	28	0	27	27	0	24	0	28	28	0	25	0	27	0	0	26	27	0	28	28	28	28	0	30
0	0	26	0	0	0	28	0	0	0	0	0	0	27	0	0	0	0	0	0	0	0	0	0	0	26	0	0	0	0	0	27	0	0	0	0	28	0	0	0	0	28	28	0	0	0	0	0	0	0
0	0	26	0	0	0	28	0	0	0	0	0	0	27	0	0	0	0	0	0	0	0	0	0	0	26	0	0	0	0	0	27	0	0	0	0	28	0	0	0	0	28	28	0	0	0	0	0	0	0
28	28	21	0	0	28	22	24	25	30	0	30	0	21	28	24	0	28	24	28	24	27	0	28	26	20	25	26	24	24	0	21	30	26	25	0	22	0	24	28	0	22	23	28	25	25	25	26	28	26
0	0	28	0	0	0	0	0	0	0	0	0	0	30	0	0	0	0	0	0	0	0	0	0	0	28	0	0	0	0	0	0	0	0	0	0	0	0	0	0	0	0	0	0	0	0	0	0	0	0
28	28	21	0	0	28	22	24	25	30	0	0	0	21	28	25	0	28	24	28	24	27	0	28	26	20	25	26	24	24	0	21	0	26	25	0	22	0	24	28	0	23	23	28	25	25	25	26	28	26
0	0	24	0	0	0	26	28	28	0	0	0	0	25	0	28	0	0	28	0	28	0	0	0	0	24	28	0	28	28	0	25	0	0	28	0	25	0	28	0	0	26	27	0	30	28	28	0	0	0
0	0	25	0	0	0	27	28	30	0	0	0	0	25	0	28	0	0	28	0	28	0	0	0	0	25	30	0	28	28	0	25	0	0	0	0	26	0	28	0	0	27	28	0	0	30	30	0	0	0
23	23	17	26	28	24	18	19	20	24	25	25	25	17	23	20	28	24	19	24	19	22	28	23	21	16	20	22	19	19	25	17	25	21	21	0	18	25	19	24	26	18	19	23	21	20	20	21	24	21
0	0	28	0	0	0	0	0	0	0	0	0	0	28	0	0	0	0	0	0	0	0	0	0	0	28	0	0	0	0	0	28	0	0	0	0	0	0	0	0	0	0	0	0	0	0	0	0	0	0
27	27	20	0	0	28	22	23	24	28	28	28	0	20	28	24	0	28	23	28	23	27	0	28	25	20	24	26	23	23	28	20	28	25	24	0	21	0	23	28	0	22	23	28	25	24	24	25	28	26
0	0	26	0	0	0	28	30	0	0	0	0	0	27	0	0	0	0	30	0	30	0	0	0	0	26	0	0	30	30	0	27	0	0	0	0	27	0	0	0	0	28	28	0	0	0	0	0	0	0
28	28	21	0	0	30	23	24	26	0	0	0	0	22	28	25	0	30	24	30	24	28	0	28	27	21	26	27	24	24	0	22	0	26	26	0	22	0	25	0	0	23	24	28	26	25	26	26	30	27
27	27	20	0	0	28	21	23	24	28	28	28	30	20	27	24	0	28	23	28	23	27	0	27	25	20	24	26	23	23	28	20	28	25	24	0	21	30	23	28	0	22	22	27	25	24	24	25	28	25
0	0	28	0	0	0	30	0	0	0	0	0	0	28	0	0	0	0	0	0	0	0	0	0	0	27	0	0	0	0	0	28	0	0	0	0	28	0	0	0	0	0	0	0	0	0	0	0	0	0
0	0	27	0	0	0	28	0	0	0	0	0	0	27	0	0	0	0	0	0	0	0	0	0	0	26	0	0	0	0	0	27	0	0	0	0	28	0	0	0	0	28	0	0	0	0	0	0	0	0
30	30	22	0	0	0	24	25	27	0	0	0	0	22	0	26	0	0	25	0	25	28	0	30	28	22	27	28	25	25	0	22	0	27	27	0	23	0	25	0	0	24	25	0	27	26	27	27	0	28
0	0	25	0	0	0	27	28	30	0	0	0	0	25	0	28	0	0	28	0	28	0	0	0	0	24	30	0	28	28	0	25	0	0	30	0	26	0	28	0	0	27	28	0	0	28	30	0	0	0
0	0	25	0	0	0	27	28	0	0	0	0	0	26	0	30	0	0	28	0	28	0	0	0	0	25	0	0	28	28	0	26	0	0	0	0	26	0	28	0	0	27	28	0	0	0	0	0	0	0
0	0	25	0	0	0	27	28	30	0	0	0	0	25	0	30	0	0	28	0	28	0	0	0	0	25	30	0	28	28	0	26	0	0	0	0	26	0	28	0	0	27	28	0	0	30	0	0	0	0
0	0	24	0	0	0	26	28	28	0	0	0	0	25	0	28	0	0	28	0	28	0	0	0	0	24	28	0	28	28	0	25	0	0	28	0	25	0	28	0	0	26	27	0	30	28	28	0	0	0
28	28	21	0	0	0	23	25	26	0	0	0	0	22	28	25	0	30	25	0	25	28	0	28	27	21	26	27	25	25	0	22	0	27	26	0	22	0	25	0	0	23	24	28	26	26	26	27	0	27
0	0	24	0	0	0	26	27	28	0	0	0	0	24	0	28	0	0	27	0	27	0	0	0	30	23	28	0	27	27	0	24	0	30	28	0	25	0	28	0	0	26	27	0	28	28	28	30	0	0

0	0	0	34	37	31	0	0	0	32	32	32	33	0	30	0	38	31	0	31	0	0	38	30	0	0	0	0	0	0	32	0	32	0	0	38	0	33	0	31	33	0	0	30	0	0	0	0	31	0
30	0	0	34	37	31	0	0	0	32	32	32	33	0	30	0	38	31	0	31	0	0	38	30	0	0	0	0	0	0	32	0	32	0	0	39	0	33	0	32	33	0	0	30	0	0	0	0	31	0
40	40	0	44	48	41	32	34	36	42	42	42	43	31	40	35	49	41	34	41	34	39	49	40	37	0	36	38	34	34	42	31	42	37	36	50	32	43	34	41	44	33	34	40	36	36	36	37	41	37
0	0	0	0	33	0	0	0	0	0	0	0	0	0	0	0	33	0	0	0	0	0	33	0	0	0	0	0	0	0	0	0	0	0	0	34	0	0	0	0	0	0	0	0	0	0	0	0	0	0
0	0	0	0	0	0	0	0	0	0	0	0	0	0	0	0	31	0	0	0	0	0	31	0	0	0	0	0	0	0	0	0	0	0	0	32	0	0	0	0	0	0	0	0	0	0	0	0	0	0
0	0	0	33	36	0	0	0	0	31	31	31	32	0	0	0	36	0	0	30	0	0	36	0	0	0	0	0	0	0	31	0	31	0	0	37	0	32	0	30	32	0	0	0	0	0	0	0	0	0
37	37	0	42	45	39	0	32	33	39	40	40	41	0	38	33	46	38	32	39	32	36	46	37	35	0	33	35	32	32	40	0	40	34	34	47	0	41	32	39	41	30	31	38	34	33	33	34	38	35
35	35	0	39	43	36	0	0	31	37	37	37	38	0	35	31	43	36	0	36	0	34	43	35	33	0	31	33	0	0	37	0	37	32	32	44	0	38	30	37	39	0	0	35	32	31	31	32	36	33
34	34	0	38	41	35	0	0	0	35	36	36	37	0	34	0	42	34	0	35	0	33	42	34	31	0	0	32	0	0	36	0	36	31	30	43	0	37	0	35	37	0	0	34	31	0	30	31	35	32
0	0	0	32	35	0	0	0	0	0	31	30	31	0	0	0	36	0	0	0	0	0	36	0	0	0	0	0	0	0	31	0	30	0	0	37	0	31	0	0	32	0	0	0	0	0	0	0	0	0
0	0	0	32	35	0	0	0	0	0	0	0	31	0	0	0	35	0	0	0	0	0	35	0	0	0	0	0	0	0	0	0	0	0	0	36	0	31	0	0	31	0	0	0	0	0	0	0	0	0
0	0	0	32	35	0	0	0	0	0	30	0	31	0	0	0	35	0	0	0	0	0	35	0	0	0	0	0	0	0	30	0	0	0	0	36	0	31	0	0	31	0	0	0	0	0	0	0	0	0
0	0	0	31	34	0	0	0	0	0	0	0	0	0	0	0	34	0	0	0	0	0	34	0	0	0	0	0	0	0	0	0	0	0	0	35	0	0	0	0	30	0	0	0	0	0	0	0	0	0
39	39	0	44	47	40	32	34	35	41	42	42	43	0	39	35	48	40	34	41	34	38	48	39	37	0	35	37	34	34	42	30	42	36	35	49	31	43	34	41	43	32	33	39	36	35	35	36	40	37
0	0	0	34	37	31	0	0	0	31	32	32	33	0	0	0	37	31	0	31	0	0	37	0	0	0	0	0	0	0	32	0	32	0	0	38	0	33	0	31	33	0	0	0	0	0	0	0	31	0
34	34	0	38	42	35	0	0	31	36	37	36	37	0	35	0	42	35	0	36	0	33	42	34	32	0	31	32	0	0	37	0	36	32	31	43	0	37	0	36	38	0	0	35	31	30	31	32	35	32
0	0	0	0	0	0	0	0	0	0	0	0	0	0	0	0	0	0	0	0	0	0	0	0	0	0	0	0	0	0	0	0	0	0	0	31	0	0	0	0	0	0	0	0	0	0	0	0	0	0
0	0	0	33	36	30	0	0	0	31	32	31	32	0	0	0	37	0	0	31	0	0	37	0	0	0	0	0	0	0	32	0	31	0	0	38	0	32	0	31	33	0	0	0	0	0	0	0	30	0
35	35	0	39	43	36	0	0	31	37	37	37	38	0	35	31	43	36	0	36	0	34	43	35	33	0	31	33	0	0	37	0	37	32	32	44	0	38	30	37	39	0	0	35	32	31	31	32	36	33
0	0	0	33	36	0	0	0	0	31	31	31	32	0	0	0	36	0	0	0	0	0	36	0	0	0	0	0	0	0	31	0	31	0	0	37	0	32	0	30	32	0	0	0	0	0	0	0	0	0
35	35	0	39	43	36	0	0	31	37	37	37	38	0	35	31	43	36	0	36	0	34	43	35	33	0	31	33	0	0	37	0	37	32	32	44	0	38	30	37	39	0	0	35	32	31	31	32	36	33
31	31	0	35	38	32	0	0	0	33	33	33	34	0	31	0	38	32	0	32	0	0	38	31	0	0	0	0	0	0	33	0	33	0	0	39	0	34	0	32	34	0	0	31	0	0	0	0	32	0
0	0	0	0	0	0	0	0	0	0	0	0	0	0	0	0	0	0	0	0	0	0	0	0	0	0	0	0	0	0	0	0	0	0	0	31	0	0	0	0	0	0	0	0	0	0	0	0	0	0
0	0	0	34	37	31	0	0	0	32	32	32	33	0	30	0	37	31	0	31	0	0	37	0	0	0	0	0	0	0	32	0	32	0	0	38	0	33	0	31	33	0	0	30	0	0	0	0	31	0
32	32	0	36	39	33	0	0	0	34	35	34	35	0	33	0	40	33	0	34	0	32	40	32	0	0	0	30	0	0	35	0	34	0	0	41	0	35	0	34	36	0	0	33	0	0	0	0	33	30
40	40	30	45	48	42	33	35	36	42	43	43	44	31	41	36	49	41	35	42	35	39	49	41	38	0	36	38	35	35	43	31	43	37	37	50	32	44	35	42	44	33	34	41	37	36	36	37	42	38
34	34	0	38	41	35	0	0	0	35	36	36	37	0	34	0	42	34	0	35	0	33	42	34	31	0	0	32	0	0	36	0	36	31	30	43	0	37	0	35	37	0	0	34	31	0	30	31	35	32
32	32	0	36	39	33	0	0	0	34	34	34	35	0	32	0	40	33	0	33	0	31	40	32	0	0	0	0	0	0	34	0	34	0	0	41	0	35	0	33	35	0	0	32	0	0	0	0	33	0
35	35	0	39	43	36	0	0	31	37	37	37	38	0	35	31	43	36	0	36	0	34	43	35	33	0	31	33	0	0	37	0	37	32	32	44	0	38	30	37	39	0	0	35	32	31	31	32	36	33
35	35	0	39	43	36	0	0	31	37	37	37	38	0	35	31	43	36	0	36	0	34	43	35	33	0	31	33	0	0	37	0	37	32	32	44	0	38	30	37	39	0	0	35	32	31	31	32	36	33
0	0	0	32	35	0	0	0	0	0	0	0	31	0	0	0	35	0	0	0	0	0	35	0	0	0	0	0	0	0	0	0	0	0	0	36	0	31	0	0	31	0	0	0	0	0	0	0	0	0
39	39	0	44	47	40	32	34	35	41	42	42	43	0	39	35	48	40	34	41	34	38	48	39	37	0	35	37	34	34	42	0	42	36	35	49	31	43	34	41	43	32	33	39	36	35	35	36	40	37
0	0	0	32	35	0	0	0	0	0	30	0	31	0	0	0	35	0	0	0	0	0	35	0	0	0	0	0	0	0	30	0	0	0	0	36	0	31	0	0	31	0	0	0	0	0	0	0	0	0
33	33	0	37	40	34	0	0	0	34	35	35	36	0	33	0	41	33	0	34	0	32	41	33	30	0	0	31	0	0	35	0	35	0	0	42	0	36	0	34	36	0	0	33	0	0	0	0	34	31
33	33	0	38	41	35	0	0	0	35	36	36	37	0	34	0	41	34	0	35	0	33	41	34	31	0	0	32	0	0	36	0	36	31	0	42	0	37	0	35	37	0	0	34	30	0	0	31	35	31
0	0	0	0	0	0	0	0	0	0	0	0	0	0	0	0	0	0	0	0	0	0	0	0	0	0	0	0	0	0	0	0	0	0	0	0	0	0	0	0	0	0	0	0	0	0	0	0	0	0
38	38	0	43	46	39	31	33	34	40	41	41	42	0	38	34	47	39	33	40	33	37	47	38	36	0	34	36	33	33	41	0	41	35	34	48	0	42	33	40	42	31	32	38	35	34	34	35	39	36
0	0	0	31	34	0	0	0	0	0	0	0	30	0	0	0	34	0	0	0	0	0	34	0	0	0	0	0	0	0	0	0	0	0	0	35	0	0	0	0	30	0	0	0	0	0	0	0	0	0
35	35	0	39	42	36	0	0	31	37	37	37	38	0	35	31	43	36	0	36	0	34	43	35	33	0	31	33	0	0	37	0	37	32	32	44	0	38	0	36	39	0	0	35	32	31	31	32	36	33
0	0	0	33	35	0	0	0	0	30	31	31	32	0	0	0	36	0	0	0	0	0	36	0	0	0	0	0	0	0	31	0	31	0	0	37	0	32	0	0	32	0	0	0	0	0	0	0	0	0
0	0	0	31	33	0	0	0	0	0	0	0	0	0	0	0	34	0	0	0	0	0	34	0	0	0	0	0	0	0	0	0	0	0	0	35	0	0	0	0	0	0	0	0	0	0	0	0	0	0
37	37	0	41	45	38	0	32	33	39	39	39	40	0	37	33	45	38	32	38	32	36	45	37	35	0	33	35	32	32	39	0	39	34	33	46	0	40	32	38	41	0	31	37	34	33	33	34	38	35
36	36	0	40	43	37	0	31	32	38	38	38	39	0	36	32	44	37	31	37	31	35	44	36	34	0	32	34	31	31	38	0	38	33	32	45	0	39	31	37	39	0	0	36	33	32	32	33	37	34
0	0	0	34	37	31	0	0	0	31	32	32	33	0	0	0	37	31	0	31	0	0	37	0	0	0	0	0	0	0	32	0	32	0	0	38	0	33	0	31	33	0	0	0	0	0	0	0	31	0
33	33	0	37	40	34	0	0	0	35	35	35	36	0	33	0	41	34	0	34	0	32	41	33	31	0	0	31	0	0	35	0	35	30	0	42	0	36	0	34	36	0	0	33	0	0	0	30	34	31
34	34	0	38	41	35	0	0	30	36	36	36	37	0	34	0	42	35	0	35	0	33	42	34	32	0	30	32	0	0	36	0	36	31	30	43	0	37	0	35	37	0	0	34	31	0	30	31	35	32
34	34	0	38	41	35	0	0	0	35	36	36	37	0	34	0	42	34	0	35	0	33	42	34	31	0	0	32	0	0	36	0	36	31	30	43	0	37	0	35	37	0	0	34	31	0	0	31	35	32
33	33	0	37	40	34	0	0	0	34	35	35	36	0	33	0	41	33	0	34	0	32	41	33	30	0	0	31	0	0	35	0	35	0	0	42	0	36	0	34	36	0	0	33	0	0	0	0	34	31
0	0	0	33	36	30	0	0	0	31	31	31	32	0	0	0	36	0	0	30	0	0	36	0	0	0	0	0	0	0	31	0	31	0	0	37	0	32	0	30	32	0	0	0	0	0	0	0	0	0
32	32	0	36	39	33	0	0	0	34	34	34	35	0	32	0	40	33	0	33	0	31	40	32	0	0	0	30	0	0	34	0	34	0	0	41	0	35	0	34	35	0	0	32	0	0	0	0	33	0

0	0	80	56	67	95	67	67	83	44	67	87	87	28	47	33	50	0	56	83	56	50	95	80	80	67	67	56	16	67	87	40	65	80	67	95	67	61	0	95	53	20	16	67	87	16	25	87	50	27
0	0	80	56	67	95	67	67	83	44	67	87	87	28	47	33	50	0	56	83	56	50	95	80	80	67	67	56	16	67	87	40	65	80	67	95	67	61	0	95	53	20	16	67	87	16	25	87	50	27
0	0	0	71	83	0	83	83	0	56	83	0	0	36	57	42	62	0	71	0	69	62	0	0	0	83	83	71	20	83	0	50	81	0	83	0	83	76	0	0	66	25	20	83	0	20	31	0	62	33
0	0	0	0	0	0	0	0	0	78	0	0	0	50	81	57	88	0	0	0	97	88	0	0	0	0	0	0	28	0	0	70	0	0	0	0	0	0	0	0	92	35	28	0	0	28	44	0	88	47
0	0	0	86	0	0	0	0	0	67	0	0	0	43	70	50	75	0	86	0	83	75	0	0	0	0	0	86	24	0	0	60	97	0	0	0	0	91	0	0	79	30	24	0	0	24	38	0	75	40
0	0	84	60	70	0	70	70	88	47	70	91	91	30	49	35	52	0	60	88	57	52	0	84	84	70	70	60	17	70	91	42	68	84	70	0	70	64	0	0	55	21	17	70	91	17	26	91	52	28
0	0	0	86	0	0	0	0	0	67	0	0	0	43	70	50	75	0	86	0	83	75	0	0	0	0	0	86	24	0	0	60	97	0	0	0	0	91	0	0	79	30	24	0	0	24	38	0	75	40
0	0	0	86	0	0	0	0	0	67	0	0	0	43	70	50	75	0	86	0	83	75	0	0	0	0	0	86	24	0	0	60	97	0	0	0	0	91	0	0	79	30	24	0	0	24	38	0	75	40
0	0	96	69	80	0	80	80	0	53	80	0	0	34	56	40	60	0	69	0	67	60	0	96	96	80	80	69	19	80	0	48	77	96	80	0	80	73	0	0	63	24	19	80	0	19	30	0	60	32
0	0	0	0	0	0	0	0	0	0	0	0	0	64	0	75	0	0	0	0	0	0	0	0	0	0	0	0	35	0	0	90	0	0	0	0	0	0	0	0	0	45	35	0	0	35	56	0	0	60
0	0	0	86	0	0	0	0	0	67	0	0	0	43	70	50	75	0	86	0	83	75	0	0	0	0	0	86	24	0	0	60	97	0	0	0	0	91	0	0	79	30	24	0	0	24	38	0	75	40
0	0	92	66	77	0	77	77	96	51	77	0	0	33	53	38	56	0	66	96	64	56	0	92	92	77	77	66	18	77	0	46	74	92	77	0	77	70	0	0	61	23	18	77	0	18	28	0	56	31
0	0	92	66	77	0	77	77	96	51	77	0	0	33	53	38	56	0	66	96	64	56	0	92	92	77	77	66	18	77	0	46	74	92	77	0	77	70	0	0	61	23	18	77	0	18	28	0	56	31
0	0	0	0	0	0	0	0	0	0	0	0	0	0	0	0	0	0	0	0	0	0	0	0	0	0	0	0	55	0	0	0	0	0	0	0	0	0	0	0	0	70	55	0	0	55	88	0	0	93
0	0	0	0	0	0	0	0	0	96	0	0	0	61	0	72	0	0	0	0	0	0	0	0	0	0	0	0	34	0	0	86	0	0	0	0	0	0	0	0	0	43	34	0	0	34	54	0	0	56
0	0	0	0	0	0	0	0	0	0	0	0	0	86	0	0	0	0	0	0	0	0	0	0	0	0	0	0	47	0	0	0	0	0	0	0	0	0	0	0	0	60	47	0	0	47	75	0	0	80
0	0	0	0	0	0	0	0	0	89	0	0	0	56	93	67	0	0	0	0	0	0	0	0	0	0	0	0	31	0	0	80	0	0	0	0	0	0	0	0	0	40	31	0	0	31	50	0	0	53
90	90	72	51	60	86	60	60	75	40	60	78	78	26	42	30	45	0	51	75	50	45	86	72	72	60	60	51	14	60	78	36	57	72	60	86	60	55	0	86	47	18	14	60	78	14	22	78	45	24
0	0	0	0	0	0	0	0	0	78	0	0	0	50	81	57	88	0	0	0	97	88	0	0	0	0	0	0	28	0	0	70	0	0	0	0	0	0	0	0	92	35	28	0	0	28	44	0	88	47
0	0	96	69	80	0	80	80	0	53	80	0	0	34	56	40	60	0	69	0	67	60	0	96	96	80	80	69	19	80	0	48	77	96	80	0	80	73	0	0	63	24	19	80	0	19	30	0	60	32
0	0	0	0	0	0	0	0	0	80	0	0	0	51	84	60	90	0	0	0	0	90	0	0	0	0	0	0	28	0	0	72	0	0	0	0	0	0	0	0	95	36	28	0	0	28	45	0	90	48
0	0	0	0	0	0	0	0	0	89	0	0	0	56	93	67	0	0	0	0	0	0	0	0	0	0	0	0	31	0	0	80	0	0	0	0	0	0	0	0	0	40	31	0	0	31	50	0	0	53
0	0	84	60	70	0	70	70	88	47	70	91	91	30	49	35	52	0	60	88	57	52	0	84	84	70	70	60	17	70	91	42	68	84	70	0	70	64	0	0	55	21	17	70	91	17	26	91	52	28
0	0	0	71	83	0	83	83	0	56	83	0	0	36	57	42	62	0	71	0	69	62	0	0	0	83	83	71	20	83	0	50	81	0	83	0	83	76	0	0	66	25	20	83	0	20	31	0	62	33
0	0	0	71	83	0	83	83	0	56	83	0	0	36	57	42	62	0	71	0	69	62	0	0	0	83	83	71	20	83	0	50	81	0	83	0	83	76	0	0	66	25	20	83	0	20	31	0	62	33
0	0	0	86	0	0	0	0	0	67	0	0	0	43	70	50	75	0	86	0	83	75	0	0	0	0	0	86	24	0	0	60	97	0	0	0	0	91	0	0	79	30	24	0	0	24	38	0	75	40
0	0	0	86	0	0	0	0	0	67	0	0	0	43	70	50	75	0	86	0	83	75	0	0	0	0	0	86	24	0	0	60	97	0	0	0	0	91	0	0	79	30	24	0	0	24	38	0	75	40
0	0	0	0	0	0	0	0	0	78	0	0	0	50	81	57	88	0	0	0	97	88	0	0	0	0	0	0	28	0	0	70	0	0	0	0	0	0	0	0	92	35	28	0	0	28	44	0	88	47
0	0	0	0	0	0	0	0	0	0	0	0	0	0	0	0	0	0	0	0	0	0	0	0	0	0	0	0	0	0	0	0	0	0	0	0	0	0	0	0	0	0	0	0	0	0	0	0	0	0
0	0	0	86	0	0	0	0	0	67	0	0	0	43	70	50	75	0	86	0	83	75	0	0	0	0	0	86	24	0	0	60	97	0	0	0	0	91	0	0	79	30	24	0	0	24	38	0	75	40
0	0	92	66	77	0	77	77	96	51	77	0	0	33	53	38	56	0	66	96	64	56	0	92	92	77	77	66	18	77	0	46	74	92	77	0	77	70	0	0	61	23	18	77	0	18	28	0	56	31
0	0	0	0	0	0	0	0	0	0	0	0	0	71	0	83	0	0	0	0	0	0	0	0	0	0	0	0	39	0	0	0	0	0	0	0	0	0	0	0	0	50	39	0	0	39	62	0	0	67
0	0	0	89	0	0	0	0	0	69	0	0	0	44	72	52	78	0	89	0	86	78	0	0	0	0	0	89	24	0	0	62	0	0	0	0	0	94	0	0	82	31	24	0	0	24	39	0	78	41
0	0	0	71	83	0	83	83	0	56	83	0	0	36	57	42	62	0	71	0	69	62	0	0	0	83	83	71	20	83	0	50	81	0	83	0	83	76	0	0	66	25	20	83	0	20	31	0	62	33
0	0	0	86	0	0	0	0	0	67	0	0	0	43	70	50	75	0	86	0	83	75	0	0	0	0	0	86	24	0	0	60	97	0	0	0	0	91	0	0	79	30	24	0	0	24	38	0	75	40
0	0	84	60	70	0	70	70	88	47	70	91	91	30	49	35	52	0	60	88	57	52	0	84	84	70	70	60	17	70	91	42	68	84	70	0	70	64	0	0	55	21	17	70	91	17	26	91	52	28
0	0	0	86	0	0	0	0	0	67	0	0	0	43	70	50	75	0	86	0	83	75	0	0	0	0	0	86	24	0	0	60	97	0	0	0	0	91	0	0	79	30	24	0	0	24	38	0	75	40
0	0	0	94	0	0	0	0	0	73	0	0	0	47	77	55	82	0	94	0	92	82	0	0	0	0	0	94	26	0	0	66	0	0	0	0	0	0	0	0	87	33	26	0	0	26	41	0	82	44
88	88	70	50	57	83	57	57	73	39	57	76	76	25	41	28	44	97	50	73	49	44	83	70	70	57	57	50	14	57	76	35	56	70	57	83	57	53	0	83	46	18	14	57	76	14	22	76	44	23
0	0	84	60	70	0	70	70	88	47	70	91	91	30	49	35	52	0	60	88	57	52	0	84	84	70	70	60	17	70	91	42	68	84	70	0	70	64	0	0	55	21	17	70	91	17	26	91	52	28
0	0	0	0	0	0	0	0	0	84	0	0	0	54	88	63	95	0	0	0	0	95	0	0	0	0	0	0	30	0	0	76	0	0	0	0	0	0	0	0	0	38	30	0	0	30	48	0	95	51
0	0	0	0	0	0	0	0	0	0	0	0	0	0	0	0	0	0	0	0	0	0	0	0	0	0	0	0	79	0	0	0	0	0	0	0	0	0	0	0	0	0	79	0	0	79	0	0	0	0
0	0	0	0	0	0	0	0	0	0	0	0	0	0	0	0	0	0	0	0	0	0	0	0	0	0	0	0	0	0	0	0	0	0	0	0	0	0	0	0	0	0	0	0	0	0	0	0	0	0
0	0	0	86	0	0	0	0	0	67	0	0	0	43	70	50	75	0	86	0	83	75	0	0	0	0	0	86	24	0	0	60	97	0	0	0	0	91	0	0	79	30	24	0	0	24	38	0	75	40
0	0	92	66	77	0	77	77	96	51	77	0	0	33	53	38	56	0	66	96	64	56	0	92	92	77	77	66	18	77	0	46	74	92	77	0	77	70	0	0	61	23	18	77	0	18	28	0	56	31
0	0	0	0	0	0	0	0	0	0	0	0	0	0	0	0	0	0	0	0	0	0	0	0	0	0	0	0	0	0	0	0	0	0	0	0	0	0	0	0	0	0	0	0	0	0	0	0	0	0
0	0	0	0	0	0	0	0	0	0	0	0	0	0	0	0	0	0	0	0	0	0	0	0	0	0	0	0	63	0	0	0	0	0	0	0	0	0	0	0	0	80	63	0	0	63	0	0	0	0
0	0	92	66	77	0	77	77	96	51	77	0	0	33	53	38	56	0	66	96	64	56	0	92	92	77	77	66	18	77	0	46	74	92	77	0	77	70	0	0	61	23	18	77	0	18	28	0	56	31
0	0	0	0	0	0	0	0	0	89	0	0	0	56	93	67	0	0	0	0	0	0	0	0	0	0	0	0	31	0	0	80	0	0	0	0	0	0	0	0	0	40	31	0	0	31	50	0	0	53
0	0	0	0	0	0	0	0	0	0	0	0	0	0	0	0	0	0	0	0	0	0	0	0	0	0	0	0	59	0	0	0	0	0	0	0	0	0	0	0	0	75	59	0	0	59	94	0	0	0

0	0	0	0	0	0	0	0	0	0	0	0	0	0	0	0	0	111	0	0	0	0	0	0	0	0	0	0	0	0	0	0	0	0	0	0	0	0	113	0	0	0	0	0	0	0	0	0	0	0
0	0	0	0	0	0	0	0	0	0	0	0	0	0	0	0	0	111	0	0	0	0	0	0	0	0	0	0	0	0	0	0	0	0	0	0	0	0	113	0	0	0	0	0	0	0	0	0	0	0
125	125	0	0	0	119	0	0	104	0	0	109	109	0	0	0	0	139	0	104	0	0	119	0	0	0	0	0	0	0	109	0	0	0	0	119	0	0	143	119	0	0	0	0	109	0	0	109	0	0
175	175	140	0	117	167	117	117	146	0	117	152	152	0	0	0	0	194	0	146	0	0	167	140	140	117	117	0	0	117	152	0	112	140	117	167	117	106	200	167	0	0	0	117	152	0	0	152	0	0
150	150	120	0	0	143	0	0	125	0	0	130	130	0	0	0	0	167	0	125	0	0	143	120	120	0	0	0	0	0	130	0	0	120	0	143	0	0	171	143	0	0	0	0	130	0	0	130	0	0
105	105	0	0	0	0	0	0	0	0	0	0	0	0	0	0	0	117	0	0	0	0	0	0	0	0	0	0	0	0	0	0	0	0	0	0	0	0	120	0	0	0	0	0	0	0	0	0	0	0
150	150	120	0	0	143	0	0	125	0	0	130	130	0	0	0	0	167	0	125	0	0	143	120	120	0	0	0	0	0	130	0	0	120	0	143	0	0	171	143	0	0	0	0	130	0	0	130	0	0
150	150	120	0	0	143	0	0	125	0	0	130	130	0	0	0	0	167	0	125	0	0	143	120	120	0	0	0	0	0	130	0	0	120	0	143	0	0	171	143	0	0	0	0	130	0	0	130	0	0
120	120	0	0	0	113	0	0	0	0	0	104	104	0	0	0	0	133	0	0	0	0	113	0	0	0	0	0	0	0	104	0	0	0	0	113	0	0	137	113	0	0	0	0	104	0	0	104	0	0
225	225	180	129	150	214	150	150	188	0	150	196	196	0	105	0	112	250	129	188	125	112	214	180	180	150	150	129	0	150	196	0	145	180	150	214	150	136	257	214	118	0	0	150	196	0	0	196	112	0
150	150	120	0	0	143	0	0	125	0	0	130	130	0	0	0	0	167	0	125	0	0	143	120	120	0	0	0	0	0	130	0	0	120	0	143	0	0	171	143	0	0	0	0	130	0	0	130	0	0
114	114	0	0	0	110	0	0	0	0	0	0	0	0	0	0	0	128	0	0	0	0	110	0	0	0	0	0	0	0	0	0	0	0	0	110	0	0	131	110	0	0	0	0	0	0	0	0	0	0
114	114	0	0	0	110	0	0	0	0	0	0	0	0	0	0	0	128	0	0	0	0	110	0	0	0	0	0	0	0	0	0	0	0	0	110	0	0	131	110	0	0	0	0	0	0	0	0	0	0
350	350	280	200	233	333	233	233	292	156	233	304	304	0	163	117	175	389	200	292	194	175	333	280	280	233	233	200	0	233	304	140	225	280	233	333	233	212	400	333	184	0	0	233	304	0	0	304	175	0
215	215	172	123	143	204	143	143	179	0	143	187	187	0	0	0	108	239	123	179	119	108	204	172	172	143	143	123	0	143	187	0	139	172	143	204	143	130	246	204	112	0	0	143	187	0	0	187	108	0
300	300	240	171	200	286	200	200	250	133	200	261	261	0	140	0	150	333	171	250	167	150	286	240	240	200	200	171	0	200	261	120	194	240	200	286	200	182	343	286	158	0	0	200	261	0	0	261	150	0
200	200	160	113	133	190	133	133	167	0	133	174	174	0	0	0	0	222	113	167	111	0	190	160	160	133	133	113	0	133	174	0	129	160	133	190	133	121	229	190	105	0	0	133	174	0	0	174	0	0
0	0	0	0	0	0	0	0	0	0	0	0	0	0	0	0	0	0	0	0	0	0	0	0	0	0	0	0	0	0	0	0	0	0	0	0	0	0	103	0	0	0	0	0	0	0	0	0	0	0
175	175	140	0	117	167	117	117	146	0	117	152	152	0	0	0	0	194	0	146	0	0	167	140	140	117	117	0	0	117	152	0	112	140	117	167	117	106	200	167	0	0	0	117	152	0	0	152	0	0
120	120	0	0	0	113	0	0	0	0	0	104	104	0	0	0	0	133	0	0	0	0	113	0	0	0	0	0	0	0	104	0	0	0	0	113	0	0	137	113	0	0	0	0	104	0	0	104	0	0
180	180	144	103	120	171	120	120	150	0	120	157	157	0	0	0	0	200	103	150	0	0	171	144	144	120	120	103	0	120	157	0	115	144	120	171	120	109	206	171	0	0	0	120	157	0	0	157	0	0
200	200	160	113	133	190	133	133	167	0	133	174	174	0	0	0	0	222	113	167	111	0	190	160	160	133	133	113	0	133	174	0	129	160	133	190	133	121	229	190	105	0	0	133	174	0	0	174	0	0
105	105	0	0	0	0	0	0	0	0	0	0	0	0	0	0	0	117	0	0	0	0	0	0	0	0	0	0	0	0	0	0	0	0	0	0	0	0	120	0	0	0	0	0	0	0	0	0	0	0
125	125	0	0	0	119	0	0	104	0	0	109	109	0	0	0	0	139	0	104	0	0	119	0	0	0	0	0	0	0	109	0	0	0	0	119	0	0	143	119	0	0	0	0	109	0	0	109	0	0
125	125	0	0	0	119	0	0	104	0	0	109	109	0	0	0	0	139	0	104	0	0	119	0	0	0	0	0	0	0	109	0	0	0	0	119	0	0	143	119	0	0	0	0	109	0	0	109	0	0
150	150	120	0	0	143	0	0	125	0	0	130	130	0	0	0	0	167	0	125	0	0	143	120	120	0	0	0	0	0	130	0	0	120	0	143	0	0	171	143	0	0	0	0	130	0	0	130	0	0
150	150	120	0	0	143	0	0	125	0	0	130	130	0	0	0	0	167	0	125	0	0	143	120	120	0	0	0	0	0	130	0	0	120	0	143	0	0	171	143	0	0	0	0	130	0	0	130	0	0
175	175	140	0	117	167	117	117	146	0	117	152	152	0	0	0	0	194	0	146	0	0	167	140	140	117	117	0	0	117	152	0	112	140	117	167	117	106	200	167	0	0	0	117	152	0	0	152	0	0
635	635	508	363	423	605	423	423	529	282	423	552	552	181	295	212	318	706	363	529	353	318	605	508	508	423	423	363	0	423	552	254	409	508	423	605	423	385	726	605	334	127	0	423	552	0	159	552	318	169
150	150	120	0	0	143	0	0	125	0	0	130	130	0	0	0	0	167	0	125	0	0	143	120	120	0	0	0	0	0	130	0	0	120	0	143	0	0	171	143	0	0	0	0	130	0	0	130	0	0
114	114	0	0	0	110	0	0	0	0	0	0	0	0	0	0	0	128	0	0	0	0	110	0	0	0	0	0	0	0	0	0	0	0	0	110	0	0	131	110	0	0	0	0	0	0	0	0	0	0
250	250	200	143	167	238	167	167	208	111	167	217	217	0	115	0	125	278	143	208	139	125	238	200	200	167	167	143	0	167	217	0	161	200	167	238	167	152	286	238	132	0	0	167	217	0	0	217	125	0
155	155	124	0	103	148	103	103	129	0	103	135	135	0	0	0	0	172	0	129	0	0	148	124	124	103	103	0	0	103	135	0	0	124	103	148	103	0	177	148	0	0	0	103	135	0	0	135	0	0
125	125	0	0	0	119	0	0	104	0	0	109	109	0	0	0	0	139	0	104	0	0	119	0	0	0	0	0	0	0	109	0	0	0	0	119	0	0	143	119	0	0	0	0	109	0	0	109	0	0
150	150	120	0	0	143	0	0	125	0	0	130	130	0	0	0	0	167	0	125	0	0	143	120	120	0	0	0	0	0	130	0	0	120	0	143	0	0	171	143	0	0	0	0	130	0	0	130	0	0
105	105	0	0	0	0	0	0	0	0	0	0	0	0	0	0	0	117	0	0	0	0	0	0	0	0	0	0	0	0	0	0	0	0	0	0	0	0	120	0	0	0	0	0	0	0	0	0	0	0
150	150	120	0	0	143	0	0	125	0	0	130	130	0	0	0	0	167	0	125	0	0	143	120	120	0	0	0	0	0	130	0	0	120	0	143	0	0	171	143	0	0	0	0	130	0	0	130	0	0
165	165	132	0	110	157	110	110	138	0	110	143	143	0	0	0	0	183	0	138	0	0	157	132	132	110	110	0	0	110	143	0	106	132	110	157	110	0	189	157	0	0	0	110	143	0	0	143	0	0
0	0	0	0	0	0	0	0	0	0	0	0	0	0	0	0	0	0	0	0	0	0	0	0	0	0	0	0	0	0	0	0	0	0	0	0	0	0	0	0	0	0	0	0	0	0	0	0	0	0
105	105	0	0	0	0	0	0	0	0	0	0	0	0	0	0	0	117	0	0	0	0	0	0	0	0	0	0	0	0	0	0	0	0	0	0	0	0	120	0	0	0	0	0	0	0	0	0	0	0
190	190	152	109	127	181	127	127	158	0	127	165	165	0	0	0	0	211	109	158	106	0	181	152	152	127	127	109	0	127	165	0	123	152	127	181	127	114	217	181	0	0	0	127	165	0	0	165	0	0
500	500	400	286	333	476	333	333	417	222	333	434	434	143	233	167	250	556	286	417	278	250	476	400	400	333	333	286	0	333	434	200	323	400	333	476	333	303	571	476	263	0	0	333	434	0	125	434	250	133
635	635	508	363	423	605	423	423	529	282	423	552	552	181	295	212	318	706	363	529	353	318	605	508	508	423	423	363	0	423	552	254	409	508	423	605	423	385	726	605	334	127	0	423	552	0	159	552	318	169
150	150	120	0	0	143	0	0	125	0	0	130	130	0	0	0	0	167	0	125	0	0	143	120	120	0	0	0	0	0	130	0	0	120	0	143	0	0	171	143	0	0	0	0	130	0	0	130	0	0
114	114	0	0	0	110	0	0	0	0	0	0	0	0	0	0	0	128	0	0	0	0	110	0	0	0	0	0	0	0	0	0	0	0	0	110	0	0	131	110	0	0	0	0	0	0	0	0	0	0
635	635	508	363	423	605	423	423	529	282	423	552	552	181	295	212	318	706	363	529	353	318	605	508	508	423	423	363	0	423	552	254	409	508	423	605	423	385	726	605	334	127	0	423	552	0	159	552	318	169
400	400	320	229	267	381	267	267	333	178	267	348	348	113	186	133	200	444	229	333	222	200	381	320	320	267	267	229	0	267	348	160	258	320	267	381	267	242	457	381	211	0	0	267	348	0	0	348	200	107
114	114	0	0	0	110	0	0	0	0	0	0	0	0	0	0	0	128	0	0	0	0	110	0	0	0	0	0	0	0	0	0	0	0	0	110	0	0	131	110	0	0	0	0	0	0	0	0	0	0
200	200	160	113	133	190	133	133	167	0	133	174	174	0	0	0	0	222	113	167	111	0	190	160	160	133	133	113	0	133	174	0	129	160	133	190	133	121	229	190	105	0	0	133	174	0	0	174	0	0
375	375	300	214	250	357	250	250	312	167	250	326	326	107	174	125	188	417	214	312	208	188	357	300	300	250	250	214	0	250	326	150	242	300	250	357	250	227	429	357	197	0	0	250	326	0	0	326	188	0