1874 1813 1853 1903 1830 1846 1833 1842 1811 1844 1850 1829 1898 1814 1844 1854 1854 1856 1854 1849 1863 1858 1841 1855 1857 1871 1849 1855 1873 1852 1851 1859 1870 1871 1858 1845 1855 1879 1849 1864 1855 1888 1840 1883 1831 1853 1845 1842 1801 1807

92

16 18 17 15 17 17 17 17 18 17 17 17 15 18 17 17 17 17 17 17 16 17 17 17 17 16 17 17 16 17 17 17 16 16 17 17 17 16 17 16 17 16 17 16 17 17 17 17 18 18

23.99902566949914 38.999614479124105 11.000176008903237 26.000016775989025

22825.0

0	0	27	25	0	0	0	0	25	0	24	0	23	23	0	26	26	28	28	28	0	25	0	28	0	0	23	0	0	30	27	0	28	0	0	26	28	0	27	27	30	0	0	0	25	28	26	25	26	23
28	0	26	24	0	0	0	0	24	30	23	0	23	22	0	25	25	27	27	28	0	25	0	28	0	0	22	0	0	28	26	0	27	0	0	25	28	0	26	26	28	0	0	0	24	28	25	24	25	22
0	0	0	28	0	0	0	0	28	0	26	0	26	26	0	28	28	0	0	0	0	28	0	0	0	0	26	0	0	0	30	0	0	0	0	28	0	0	30	30	0	0	0	0	28	0	28	28	28	25
0	0	0	0	0	0	0	0	30	0	28	0	28	28	0	0	0	0	0	0	0	0	0	0	0	0	28	0	0	0	0	0	0	0	0	0	0	0	0	0	0	0	0	0	0	0	0	0	0	28
22	23	20	18	0	27	25	24	18	23	17	26	17	17	25	19	19	21	21	21	28	19	25	22	25	27	17	24	27	22	20	23	21	24	24	19	22	26	20	20	22	25	28	24	18	22	19	18	19	17
25	26	23	21	0	0	28	27	21	26	20	28	20	19	28	22	22	24	23	24	0	21	28	25	28	0	19	27	0	25	23	26	24	27	27	22	24	28	23	23	25	28	0	27	21	25	22	21	22	19
27	28	24	22	0	0	0	28	22	28	21	0	21	20	0	24	24	25	25	26	0	23	0	26	30	0	21	28	0	27	24	28	25	28	28	24	26	0	24	24	27	30	0	28	22	26	24	22	24	20
28	28	25	23	0	0	0	0	23	28	22	0	22	21	0	24	25	26	26	27	0	24	0	27	0	0	22	30	0	28	25	28	26	0	0	24	27	0	25	25	28	0	0	0	23	27	25	23	25	21
0	0	0	0	0	0	0	0	0	0	28	0	28	28	0	0	0	0	0	0	0	0	0	0	0	0	28	0	0	0	0	0	0	0	0	0	0	0	0	0	0	0	0	0	0	0	0	0	0	28
28	0	26	24	0	0	0	0	24	0	23	0	23	22	0	25	25	27	27	28	0	25	0	28	0	0	22	0	0	28	26	0	27	0	0	25	28	0	26	26	28	0	0	0	24	28	25	24	25	22
0	0	0	0	0	0	0	0	0	0	0	0	30	28	0	0	0	0	0	0	0	0	0	0	0	0	30	0	0	0	0	0	0	0	0	0	0	0	0	0	0	0	0	0	0	0	0	0	0	28
26	27	23	21	0	0	28	28	21	27	20	0	20	20	28	23	23	24	24	25	0	22	28	25	28	0	20	28	0	26	23	27	24	28	28	23	25	30	23	23	26	28	0	28	22	25	23	22	23	19
0	0	0	0	0	0	0	0	0	0	0	0	0	28	0	0	0	0	0	0	0	0	0	0	0	0	30	0	0	0	0	0	0	0	0	0	0	0	0	0	0	0	0	0	0	0	0	0	0	28
0	0	0	0	0	0	0	0	0	0	0	0	0	0	0	0	0	0	0	0	0	0	0	0	0	0	0	0	0	0	0	0	0	0	0	0	0	0	0	0	0	0	0	0	0	0	0	0	0	30
27	28	24	22	0	0	30	28	22	28	21	0	21	20	0	23	23	25	25	26	0	22	30	26	30	0	20	28	0	26	24	28	25	28	28	23	26	0	24	24	27	28	0	28	22	26	23	22	23	20
0	0	0	28	0	0	0	0	28	0	27	0	27	26	0	0	0	0	0	0	0	28	0	0	0	0	27	0	0	0	0	0	0	0	0	0	0	0	0	0	0	0	0	0	28	0	0	28	0	26
0	0	0	28	0	0	0	0	28	0	27	0	27	26	0	30	0	0	0	0	0	28	0	0	0	0	27	0	0	0	0	0	0	0	0	30	0	0	0	0	0	0	0	0	28	0	0	28	0	26
0	0	28	27	0	0	0	0	27	0	25	0	25	25	0	28	28	0	30	0	0	27	0	0	0	0	25	0	0	0	28	0	30	0	0	28	0	0	28	28	0	0	0	0	27	0	28	27	28	24
0	0	28	27	0	0	0	0	27	0	26	0	25	25	0	28	28	0	0	0	0	28	0	0	0	0	25	0	0	0	28	0	0	0	0	28	0	0	28	28	0	0	0	0	27	0	28	27	28	25
0	0	28	26	0	0	0	0	26	0	25	0	24	24	0	27	28	28	28	0	0	27	0	0	0	0	24	0	0	0	28	0	28	0	0	27	0	0	28	28	0	0	0	0	26	0	28	26	28	24
23	24	21	19	0	28	26	25	19	24	18	27	18	17	26	20	20	22	21	22	0	19	26	22	26	28	18	25	28	23	21	24	21	25	25	20	22	27	21	21	23	26	28	25	19	22	20	19	20	17
0	0	0	28	0	0	0	0	28	0	28	0	28	27	0	0	0	0	0	0	0	0	0	0	0	0	28	0	0	0	0	0	0	0	0	0	0	0	0	0	0	0	0	0	30	0	0	30	0	27
27	28	24	22	0	0	30	28	22	28	21	0	21	20	0	23	24	25	25	26	0	23	0	26	30	0	21	28	0	27	24	28	25	28	28	24	26	0	24	24	27	30	0	28	22	26	24	22	24	20
0	0	28	26	0	0	0	0	26	0	24	0	24	24	0	27	27	28	28	30	0	26	0	0	0	0	24	0	0	0	28	0	28	0	0	27	30	0	28	28	0	0	0	0	26	30	27	26	27	23
27	28	24	22	0	0	0	28	22	28	21	0	21	20	0	24	24	25	25	26	0	23	0	26	0	0	21	28	0	27	24	28	25	28	28	24	26	0	24	24	27	30	0	28	22	26	24	22	24	20
25	26	23	21	0	30	28	27	21	26	20	28	19	19	28	22	22	24	23	24	0	21	28	25	28	0	19	27	0	25	22	26	24	27	27	22	24	28	23	23	25	28	0	27	21	25	22	21	22	19
0	0	0	0	0	0	0	0	0	0	0	0	0	30	0	0	0	0	0	0	0	0	0	0	0	0	0	0	0	0	0	0	0	0	0	0	0	0	0	0	0	0	0	0	0	0	0	0	0	28
28	28	25	23	0	0	0	0	23	28	22	0	22	21	0	25	25	26	26	27	0	24	0	28	0	0	22	0	0	28	25	28	26	0	0	25	27	0	25	25	28	0	0	0	23	28	25	23	25	21
25	26	22	20	0	30	28	27	20	26	19	28	19	19	28	22	22	23	23	24	0	21	28	24	28	30	19	27	0	25	22	26	23	27	27	22	24	28	22	22	25	28	0	27	21	24	22	21	22	19
0	0	28	25	0	0	0	0	25	0	24	0	24	23	0	27	27	28	28	28	0	26	0	30	0	0	24	0	0	0	27	0	28	0	0	27	28	0	28	28	0	0	0	0	26	30	27	26	27	23
0	0	0	28	0	0	0	0	28	0	26	0	26	26	0	28	28	0	0	0	0	28	0	0	0	0	26	0	0	0	0	0	0	0	0	28	0	0	0	0	0	0	0	0	28	0	28	28	28	25
28	0	26	24	0	0	0	0	24	30	23	0	23	22	0	25	25	27	27	28	0	25	0	28	0	0	22	0	0	28	26	0	27	0	0	25	28	0	26	26	28	0	0	0	24	28	25	24	25	22
0	0	28	27	0	0	0	0	27	0	25	0	25	25	0	28	28	0	30	0	0	27	0	0	0	0	25	0	0	0	28	0	0	0	0	28	0	0	28	28	0	0	0	0	27	0	28	27	28	24
28	28	25	23	0	0	0	0	23	28	22	0	22	21	0	24	25	26	26	27	0	24	0	27	0	0	22	30	0	28	25	28	26	0	0	24	27	0	25	25	28	0	0	0	23	27	25	23	25	21
28	28	25	23	0	0	0	0	23	28	22	0	22	21	0	24	25	26	26	27	0	24	0	27	0	0	22	30	0	28	25	28	26	0	0	24	27	0	25	25	28	0	0	0	23	27	25	23	25	21
0	0	0	28	0	0	0	0	28	0	27	0	27	26	0	30	0	0	0	0	0	28	0	0	0	0	27	0	0	0	0	0	0	0	0	0	0	0	0	0	0	0	0	0	28	0	0	28	0	26
0	0	28	26	0	0	0	0	26	0	25	0	24	24	0	27	27	28	28	30	0	27	0	0	0	0	24	0	0	0	28	0	28	0	0	27	0	0	28	28	0	0	0	0	26	0	27	26	27	24
26	27	23	21	0	0	28	28	21	27	20	0	20	20	30	23	23	24	24	25	0	22	28	25	28	0	20	28	0	26	23	27	24	28	28	23	25	0	23	23	26	28	0	28	22	25	23	22	23	19
0	0	0	28	0	0	0	0	28	0	26	0	26	26	0	28	28	0	0	0	0	28	0	0	0	0	26	0	0	0	30	0	0	0	0	28	0	0	0	30	0	0	0	0	28	0	28	28	28	25
0	0	0	28	0	0	0	0	28	0	26	0	26	26	0	28	28	0	0	0	0	28	0	0	0	0	26	0	0	0	30	0	0	0	0	28	0	0	0	0	0	0	0	0	28	0	28	28	28	25
0	0	27	25	0	0	0	0	25	0	24	0	24	23	0	26	26	28	28	28	0	26	0	28	0	0	23	0	0	30	27	0	28	0	0	26	28	0	27	27	0	0	0	0	25	28	26	25	26	23
27	28	25	22	0	0	0	28	22	28	21	0	21	21	0	24	24	26	25	26	0	23	0	27	0	0	21	28	0	27	24	28	26	28	28	24	26	0	25	24	27	0	0	30	23	27	24	23	24	20
24	25	22	20	0	28	27	26	20	25	19	28	19	18	28	21	21	23	22	23	0	20	27	24	27	28	19	26	28	24	22	25	23	26	26	21	23	28	22	22	24	27	0	27	20	24	21	20	21	18
28	28	25	23	0	0	0	30	23	28	22	0	22	21	0	24	24	26	26	27	0	23	0	27	0	0	21	30	0	27	25	28	26	30	30	24	27	0	25	25	28	0	0	0	23	27	24	23	24	21
0	0	0	30	0	0	0	0	30	0	28	0	28	28	0	0	0	0	0	0	0	0	0	0	0	0	28	0	0	0	0	0	0	0	0	0	0	0	0	0	0	0	0	0	0	0	0	0	0	27
0	0	28	26	0	0	0	0	26	0	24	0	24	24	0	27	27	28	28	30	0	26	0	0	0	0	24	0	0	0	28	0	28	0	0	27	30	0	28	28	0	0	0	0	26	0	27	26	27	23
0	0	0	28	0	0	0	0	28	0	27	0	27	26	0	30	0	0	0	0	0	28	0	0	0	0	27	0	0	0	0	0	0	0	0	30	0	0	0	0	0	0	0	0	28	0	0	28	0	26
0	0	0	30	0	0	0	0	30	0	28	0	28	28	0	0	0	0	0	0	0	0	0	0	0	0	28	0	0	0	0	0	0	0	0	0	0	0	0	0	0	0	0	0	0	0	0	0	0	27
0	0	0	28	0	0	0	0	28	0	27	0	27	26	0	30	0	0	0	0	0	28	0	0	0	0	27	0	0	0	0	0	0	0	0	30	0	0	0	0	0	0	0	0	28	0	0	28	0	26
0	0	0	0	0	0	0	0	0	0	0	0	0	0	0	0	0	0	0	0	0	0	0	0	0	0	0	0	0	0	0	0	0	0	0	0	0	0	0	0	0	0	0	0	0	0	0	0	0	0

0	31	0	0	39	35	33	32	0	31	0	34	0	0	34	0	0	0	0	0	38	0	33	0	33	36	0	32	36	0	0	31	0	32	32	0	0	34	0	0	0	33	37	33	0	0	0	0	0	0
0	0	0	0	38	34	32	31	0	0	0	33	0	0	33	0	0	0	0	0	37	0	32	0	32	34	0	31	35	0	0	0	0	31	31	0	0	33	0	0	0	32	35	31	0	0	0	0	0	0
33	34	0	0	43	39	37	36	0	34	0	38	0	0	37	0	0	31	31	32	42	0	37	32	37	39	0	35	40	33	0	34	31	36	36	0	32	38	0	0	33	36	40	36	0	32	0	0	0	0
36	37	33	0	46	42	40	38	0	37	0	41	0	0	40	32	32	34	34	35	45	31	40	35	40	42	0	38	43	35	33	37	34	38	38	32	35	41	33	33	36	39	43	39	30	35	32	30	32	0
0	0	0	0	0	0	0	0	0	0	0	0	0	0	0	0	0	0	0	0	0	0	0	0	0	0	0	0	0	0	0	0	0	0	0	0	0	0	0	0	0	0	0	0	0	0	0	0	0	0
0	0	0	0	34	0	0	0	0	0	0	0	0	0	0	0	0	0	0	0	33	0	0	0	0	30	0	0	31	0	0	0	0	0	0	0	0	0	0	0	0	0	31	0	0	0	0	0	0	0
0	0	0	0	36	32	0	0	0	0	0	31	0	0	31	0	0	0	0	0	35	0	30	0	0	32	0	0	33	0	0	0	0	0	0	0	0	31	0	0	0	0	33	0	0	0	0	0	0	0
0	0	0	0	37	33	31	0	0	0	0	32	0	0	32	0	0	0	0	0	36	0	31	0	31	33	0	0	34	0	0	0	0	0	0	0	0	32	0	0	0	31	34	30	0	0	0	0	0	0
36	37	33	30	47	42	40	39	0	37	0	41	0	0	40	32	32	34	34	35	45	31	40	35	40	42	0	38	43	36	33	37	34	39	39	32	35	41	33	33	36	39	43	39	30	35	32	30	32	0
0	30	0	0	38	34	32	31	0	0	0	33	0	0	33	0	0	0	0	0	37	0	32	0	32	34	0	31	35	0	0	30	0	31	31	0	0	33	0	0	0	32	36	31	0	0	0	0	0	0
38	39	34	32	48	44	42	40	32	39	0	43	0	0	42	33	33	36	35	36	47	32	42	37	42	44	0	40	45	37	34	39	36	40	40	33	36	43	34	34	38	41	45	41	32	37	33	32	33	0
0	0	0	0	35	31	0	0	0	0	0	0	0	0	0	0	0	0	0	0	34	0	0	0	0	31	0	0	31	0	0	0	0	0	0	0	0	0	0	0	0	0	32	0	0	0	0	0	0	0
38	39	34	32	49	44	42	40	32	39	30	43	0	0	42	33	34	36	35	37	48	32	42	37	42	44	0	40	45	37	34	39	36	40	40	34	37	43	34	34	38	41	46	41	32	37	34	32	34	0
39	40	35	32	49	45	42	41	32	40	31	44	31	0	43	34	34	36	36	37	48	33	43	38	42	45	31	41	46	38	35	40	36	41	41	34	37	44	35	35	39	42	46	42	33	38	34	33	34	0
0	0	0	0	35	32	0	0	0	0	0	31	0	0	0	0	0	0	0	0	34	0	0	0	0	32	0	0	32	0	0	0	0	0	0	0	0	31	0	0	0	0	33	0	0	0	0	0	0	0
34	35	31	0	44	40	38	37	0	35	0	39	0	0	38	0	30	32	32	33	43	0	38	33	38	40	0	36	41	34	31	35	32	37	37	30	33	39	31	31	34	38	41	37	0	33	30	0	30	0
34	35	31	0	44	40	38	36	0	35	0	39	0	0	38	0	0	32	32	33	43	0	38	33	38	40	0	36	41	34	31	35	32	36	36	0	33	39	31	31	34	37	41	37	0	33	0	0	0	0
32	33	0	0	42	38	35	34	0	33	0	37	0	0	36	0	0	0	0	31	41	0	36	31	35	38	0	34	38	32	0	33	0	34	34	0	31	37	0	0	32	35	39	35	0	31	0	0	0	0
32	34	0	0	42	38	36	35	0	34	0	37	0	0	36	0	0	30	0	31	41	0	36	32	36	38	0	34	39	32	0	34	30	35	35	0	31	37	0	0	32	36	39	35	0	32	0	0	0	0
31	32	0	0	41	37	35	34	0	32	0	36	0	0	35	0	0	0	0	0	40	0	35	31	35	37	0	33	37	31	0	32	0	34	34	0	30	36	0	0	31	34	38	34	0	30	0	0	0	0
0	0	0	0	31	0	0	0	0	0	0	0	0	0	0	0	0	0	0	0	0	0	0	0	0	0	0	0	0	0	0	0	0	0	0	0	0	0	0	0	0	0	0	0	0	0	0	0	0	0
35	37	32	0	46	41	39	38	0	36	0	40	0	0	39	31	31	33	33	34	45	0	39	34	39	41	0	37	42	35	32	37	33	38	38	31	34	40	32	32	35	39	43	38	0	34	31	0	31	0
0	0	0	0	36	32	0	0	0	0	0	31	0	0	30	0	0	0	0	0	35	0	0	0	0	32	0	0	32	0	0	0	0	0	0	0	0	31	0	0	0	0	33	0	0	0	0	0	0	0
31	32	0	0	40	36	34	33	0	32	0	35	0	0	35	0	0	0	0	0	39	0	34	0	34	37	0	33	37	30	0	32	0	33	33	0	0	35	0	0	31	34	38	33	0	0	0	0	0	0
0	0	0	0	36	32	30	0	0	0	0	31	0	0	31	0	0	0	0	0	35	0	30	0	0	32	0	0	33	0	0	0	0	0	0	0	0	31	0	0	0	0	33	0	0	0	0	0	0	0
0	0	0	0	34	0	0	0	0	0	0	0	0	0	0	0	0	0	0	0	33	0	0	0	0	0	0	0	30	0	0	0	0	0	0	0	0	0	0	0	0	0	31	0	0	0	0	0	0	0
38	39	35	32	49	44	42	41	32	39	30	43	30	0	42	34	34	36	36	37	48	33	42	37	42	45	0	40	45	38	35	39	36	41	41	34	37	43	35	35	38	42	46	41	32	37	34	32	34	0
0	0	0	0	37	33	31	30	0	0	0	33	0	0	32	0	0	0	0	0	36	0	31	0	31	34	0	0	34	0	0	0	0	30	30	0	0	32	0	0	0	31	35	31	0	0	0	0	0	0
0	0	0	0	33	0	0	0	0	0	0	0	0	0	0	0	0	0	0	0	32	0	0	0	0	0	0	0	0	0	0	0	0	0	0	0	0	0	0	0	0	0	31	0	0	0	0	0	0	0
31	32	0	0	40	36	34	33	0	32	0	35	0	0	34	0	0	0	0	0	39	0	34	0	34	36	0	33	37	0	0	32	0	33	33	0	0	35	0	0	31	34	37	33	0	0	0	0	0	0
33	35	30	0	43	39	37	36	0	35	0	38	0	0	37	0	0	31	31	32	42	0	37	33	37	39	0	35	40	33	0	35	31	36	36	0	32	38	30	30	33	37	40	36	0	33	0	0	0	0
0	0	0	0	38	34	32	31	0	0	0	33	0	0	33	0	0	0	0	0	37	0	32	0	32	34	0	31	35	0	0	0	0	31	31	0	0	33	0	0	0	32	35	31	0	0	0	0	0	0
32	33	0	0	42	38	36	34	0	33	0	37	0	0	36	0	0	30	0	31	41	0	36	31	36	38	0	34	38	32	0	33	0	34	34	0	31	37	0	0	32	35	39	35	0	31	0	0	0	0
0	0	0	0	37	33	31	0	0	0	0	32	0	0	32	0	0	0	0	0	36	0	31	0	31	33	0	0	34	0	0	0	0	0	0	0	0	32	0	0	0	31	34	30	0	0	0	0	0	0
0	0	0	0	37	33	31	0	0	0	0	32	0	0	32	0	0	0	0	0	36	0	31	0	31	33	0	0	34	0	0	0	0	0	0	0	0	32	0	0	0	31	34	30	0	0	0	0	0	0
34	35	31	0	44	40	38	37	0	35	0	39	0	0	38	0	30	32	32	33	43	0	38	33	38	40	0	36	41	34	31	35	32	37	37	0	33	39	31	31	34	37	41	37	0	33	30	0	30	0
31	32	0	0	41	37	35	33	0	32	0	36	0	0	35	0	0	0	0	0	40	0	35	30	35	37	0	33	37	31	0	32	0	33	33	0	0	36	0	0	31	34	38	34	0	30	0	0	0	0
0	0	0	0	35	31	0	0	0	0	0	30	0	0	0	0	0	0	0	0	34	0	0	0	0	31	0	0	31	0	0	0	0	0	0	0	0	0	0	0	0	0	32	0	0	0	0	0	0	0
33	35	30	0	43	39	37	36	0	34	0	38	0	0	37	0	0	31	31	32	42	0	37	32	37	39	0	35	40	33	0	35	31	36	36	0	32	38	0	0	33	37	40	36	0	32	0	0	0	0
33	35	30	0	43	39	37	36	0	35	0	38	0	0	37	0	0	31	31	32	42	0	37	33	37	39	0	35	40	33	0	35	31	36	36	0	32	38	30	0	33	37	40	36	0	33	0	0	0	0
30	31	0	0	40	36	33	32	0	31	0	35	0	0	34	0	0	0	0	0	39	0	33	0	33	36	0	32	36	0	0	31	0	32	32	0	0	35	0	0	0	33	37	33	0	0	0	0	0	0
0	0	0	0	36	32	30	0	0	0	0	31	0	0	31	0	0	0	0	0	35	0	30	0	30	32	0	0	33	0	0	0	0	0	0	0	0	31	0	0	0	0	33	0	0	0	0	0	0	0
0	0	0	0	33	0	0	0	0	0	0	0	0	0	0	0	0	0	0	0	32	0	0	0	0	0	0	0	0	0	0	0	0	0	0	0	0	0	0	0	0	0	0	0	0	0	0	0	0	0
0	0	0	0	37	33	31	0	0	0	0	32	0	0	31	0	0	0	0	0	36	0	31	0	31	33	0	0	33	0	0	0	0	0	0	0	0	32	0	0	0	31	34	0	0	0	0	0	0	0
36	37	32	0	46	42	39	38	0	37	0	41	0	0	40	32	32	34	33	34	45	31	40	35	39	42	0	38	42	35	32	37	34	38	38	32	35	41	32	32	36	39	43	39	0	35	32	0	32	0
31	32	0	0	40	36	34	33	0	32	0	35	0	0	35	0	0	0	0	0	39	0	34	30	34	37	0	33	37	30	0	32	0	33	33	0	0	35	0	0	31	34	38	33	0	0	0	0	0	0
34	35	31	0	44	40	38	36	0	35	0	39	0	0	38	0	0	32	32	33	43	0	38	33	38	40	0	36	41	34	31	35	32	36	36	0	33	39	31	31	34	37	41	37	0	33	0	0	0	0
36	37	32	0	46	42	39	38	0	37	0	41	0	0	40	32	32	34	33	34	45	31	40	35	39	42	0	38	42	35	32	37	34	38	38	32	35	41	32	32	36	39	43	39	0	35	32	0	32	0
34	35	31	0	44	40	38	36	0	35	0	39	0	0	38	0	0	32	32	33	43	0	38	33	38	40	0	36	41	34	31	35	32	36	36	0	33	39	31	31	34	37	41	37	0	33	0	0	0	0
39	40	36	33	50	45	43	42	33	40	31	44	31	30	43	35	35	37	36	38	49	34	43	38	43	46	31	41	46	38	35	40	37	42	42	35	38	44	35	35	39	43	47	42	33	38	35	33	35	0

0	0	0	85	0	0	0	0	0	0	0	0	68	0	0	0	0	0	0	0	0	0	67	0	0	0	0	0	0	69	0	0	0	0	0	0	0	0	0	0	0	0	0	0	0	0	0	0	0	0
33	0	70	28	65	0	67	0	0	0	82	56	22	0	67	62	64	70	56	65	82	0	22	0	93	0	70	80	0	23	47	70	0	0	80	56	82	0	90	0	85	0	47	0	62	70	70	90	36	97
47	0	0	40	93	0	95	0	0	0	0	80	32	0	95	89	91	0	80	93	0	0	31	0	0	0	0	0	0	33	67	0	0	0	0	80	0	0	0	0	0	0	67	0	89	0	0	0	51	0
0	0	0	0	0	0	0	0	0	0	0	0	80	0	0	0	0	0	0	0	0	0	79	0	0	0	0	0	0	81	0	0	0	0	0	0	0	0	0	0	0	0	0	0	0	0	0	0	0	0
51	0	0	43	0	0	0	0	0	0	0	86	34	0	0	96	98	0	86	0	0	0	34	0	0	0	0	0	0	35	72	0	0	0	0	86	0	0	0	0	0	0	72	0	96	0	0	0	55	0
27	82	56	23	53	0	55	0	0	0	68	46	18	0	55	51	52	56	46	53	68	0	18	82	77	92	56	66	92	19	38	56	0	0	66	46	68	0	74	0	70	0	38	0	51	56	56	74	28	79
49	0	0	42	98	0	0	0	0	0	0	84	34	0	0	93	95	0	84	98	0	0	33	0	0	0	0	0	0	34	70	0	0	0	0	84	0	0	0	0	0	0	70	0	93	0	0	0	54	0
26	80	56	22	52	98	54	0	0	0	66	45	18	0	54	50	51	56	45	52	66	0	18	80	75	90	56	64	90	18	38	56	0	98	64	45	66	0	73	0	68	0	38	0	50	56	56	73	28	78
25	75	52	21	49	91	50	93	0	0	62	42	17	0	50	47	48	52	42	49	62	0	17	75	70	84	52	60	84	17	35	52	0	91	60	42	62	95	68	0	64	0	35	0	47	52	52	68	27	72
25	75	52	21	49	91	50	93	0	0	62	42	17	0	50	47	48	52	42	49	62	0	17	75	70	84	52	60	84	17	35	52	0	91	60	42	62	95	68	0	64	0	35	0	47	52	52	68	27	72
40	0	85	34	79	0	81	0	0	0	0	68	27	0	81	76	77	85	68	79	0	0	27	0	0	0	85	97	0	28	56	85	0	0	97	68	0	0	0	0	0	0	56	0	76	85	85	0	43	0
59	0	0	50	0	0	0	0	0	0	0	0	40	0	0	0	0	0	0	0	0	0	39	0	0	0	0	0	0	41	83	0	0	0	0	0	0	0	0	0	0	0	83	0	0	0	0	0	64	0
0	0	0	0	0	0	0	0	0	0	0	0	0	0	0	0	0	0	0	0	0	0	98	0	0	0	0	0	0	0	0	0	0	0	0	0	0	0	0	0	0	0	0	0	0	0	0	0	0	0
25	75	52	21	49	91	50	93	0	0	62	42	17	0	50	47	48	52	42	49	62	0	17	75	70	84	52	60	84	17	35	52	0	91	60	42	62	95	68	0	64	0	35	0	47	52	52	68	27	72
49	0	0	42	98	0	0	0	0	0	0	84	34	0	0	93	95	0	84	98	0	0	33	0	0	0	0	0	0	34	70	0	0	0	0	84	0	0	0	0	0	0	70	0	93	0	0	0	54	0
53	0	0	45	0	0	0	0	0	0	0	90	36	0	0	0	0	0	90	0	0	0	35	0	0	0	0	0	0	37	75	0	0	0	0	90	0	0	0	0	0	0	75	0	0	0	0	0	56	0
52	0	0	44	0	0	0	0	0	0	0	88	35	0	0	98	0	0	88	0	0	0	35	0	0	0	0	0	0	36	73	0	0	0	0	88	0	0	0	0	0	0	73	0	98	0	0	0	56	0
47	0	0	40	93	0	95	0	0	0	0	80	32	0	95	89	91	0	80	93	0	0	31	0	0	0	0	0	0	33	67	0	0	0	0	80	0	0	0	0	0	0	67	0	89	0	0	0	51	0
59	0	0	50	0	0	0	0	0	0	0	0	40	0	0	0	0	0	0	0	0	0	39	0	0	0	0	0	0	41	83	0	0	0	0	0	0	0	0	0	0	0	83	0	0	0	0	0	64	0
51	0	0	43	0	0	0	0	0	0	0	86	34	0	0	96	98	0	86	0	0	0	34	0	0	0	0	0	0	35	72	0	0	0	0	86	0	0	0	0	0	0	72	0	96	0	0	0	55	0
40	0	85	34	79	0	81	0	0	0	0	68	27	0	81	76	77	85	68	79	0	0	27	0	0	0	85	97	0	28	56	85	0	0	97	68	0	0	0	0	0	0	56	0	76	85	85	0	43	0
24	71	50	20	47	87	48	89	95	95	59	40	16	95	48	44	45	50	40	47	59	0	16	71	67	80	50	56	80	16	33	50	0	87	56	40	59	91	65	0	61	0	33	0	44	50	50	65	25	69
0	0	0	0	0	0	0	0	0	0	0	0	0	0	0	0	0	0	0	0	0	0	0	0	0	0	0	0	0	0	0	0	0	0	0	0	0	0	0	0	0	0	0	0	0	0	0	0	0	0
33	0	70	28	65	0	67	0	0	0	82	56	22	0	67	62	64	70	56	65	82	0	22	0	93	0	70	80	0	23	47	70	0	0	80	56	82	0	90	0	85	0	47	0	62	70	70	90	36	97
35	0	75	30	70	0	71	0	0	0	88	60	24	0	71	67	68	75	60	70	88	0	24	0	0	0	75	86	0	24	50	75	0	0	86	60	88	0	97	0	91	0	50	0	67	75	75	97	38	0
28	89	62	25	57	0	60	0	0	0	74	50	20	0	60	56	56	62	50	57	74	0	20	89	83	0	62	71	0	20	42	62	0	0	71	50	74	0	81	0	76	0	42	0	56	62	62	81	32	86
47	0	0	40	93	0	95	0	0	0	0	80	32	0	95	89	91	0	80	93	0	0	31	0	0	0	0	0	0	33	67	0	0	0	0	80	0	0	0	0	0	0	67	0	89	0	0	0	51	0
41	0	88	35	81	0	83	0	0	0	0	70	28	0	83	78	80	88	70	81	0	0	28	0	0	0	88	0	0	28	57	88	0	0	0	70	0	0	0	0	0	0	57	0	78	88	88	0	45	0
28	89	62	25	57	0	60	0	0	0	74	50	20	0	60	56	56	62	50	57	74	0	20	89	83	0	62	71	0	20	42	62	0	0	71	50	74	0	81	0	76	0	42	0	56	62	62	81	32	86
0	0	0	0	0	0	0	0	0	0	0	0	98	0	0	0	0	0	0	0	0	0	97	0	0	0	0	0	0	0	0	0	0	0	0	0	0	0	0	0	0	0	0	0	0	0	0	0	0	0
71	0	0	60	0	0	0	0	0	0	0	0	48	0	0	0	0	0	0	0	0	0	47	0	0	0	0	0	0	49	0	0	0	0	0	0	0	0	0	0	0	0	0	0	0	0	0	0	76	0
47	0	0	40	93	0	95	0	0	0	0	80	32	0	95	89	91	0	80	93	0	0	31	0	0	0	0	0	0	33	67	0	0	0	0	80	0	0	0	0	0	0	67	0	89	0	0	0	51	0
18	55	39	16	36	67	37	69	74	74	46	31	12	74	37	34	35	39	31	36	46	78	12	55	52	62	39	44	62	13	26	39	0	67	44	31	46	70	50	78	47	97	26	78	34	39	39	50	20	53
27	82	56	23	53	0	55	0	0	0	68	46	18	0	55	51	52	56	46	53	68	0	18	82	77	92	56	66	92	19	38	56	0	0	66	46	68	0	74	0	70	0	38	0	51	56	56	74	28	79
41	0	88	35	81	0	83	0	0	0	0	70	28	0	83	78	80	88	70	81	0	0	28	0	0	0	88	0	0	28	57	88	0	0	0	70	0	0	0	0	0	0	57	0	78	88	88	0	45	0
59	0	0	50	0	0	0	0	0	0	0	0	40	0	0	0	0	0	0	0	0	0	39	0	0	0	0	0	0	41	83	0	0	0	0	0	0	0	0	0	0	0	83	0	0	0	0	0	64	0
40	0	85	34	79	0	81	0	0	0	0	68	27	0	81	76	77	85	68	79	0	0	27	0	0	0	85	97	0	28	56	85	0	0	97	68	0	0	0	0	0	0	56	0	76	85	85	0	43	0
26	79	55	22	51	96	52	98	0	0	65	44	18	0	52	49	50	55	44	51	65	0	17	79	73	88	55	63	88	18	37	55	0	96	63	44	65	0	71	0	67	0	37	0	49	55	55	71	28	76
36	0	78	31	72	0	74	0	0	0	91	62	25	0	74	69	70	78	62	72	91	0	24	0	0	0	78	89	0	25	52	78	0	0	89	62	91	0	0	0	94	0	52	0	69	78	78	0	39	0
24	71	50	20	47	87	48	89	95	95	59	40	16	95	48	44	45	50	40	47	59	0	16	71	67	80	50	56	80	16	33	50	0	87	56	40	59	91	65	0	61	0	33	0	44	50	50	65	25	69
39	0	82	33	77	0	79	0	0	0	97	66	26	0	79	73	75	82	66	77	97	0	26	0	0	0	82	94	0	27	55	82	0	0	94	66	97	0	0	0	0	0	55	0	73	82	82	0	42	0
19	56	40	16	37	70	38	71	76	76	47	32	13	76	38	36	36	40	32	37	47	80	13	56	53	64	40	46	64	13	27	40	0	70	46	32	47	73	52	80	48	0	27	80	36	40	40	52	20	55
71	0	0	60	0	0	0	0	0	0	0	0	48	0	0	0	0	0	0	0	0	0	47	0	0	0	0	0	0	49	0	0	0	0	0	0	0	0	0	0	0	0	0	0	0	0	0	0	76	0
24	71	50	20	47	87	48	89	95	95	59	40	16	95	48	44	45	50	40	47	59	0	16	71	67	80	50	56	80	16	33	50	0	87	56	40	59	91	65	0	61	0	33	0	44	50	50	65	25	69
53	0	0	45	0	0	0	0	0	0	0	90	36	0	0	0	0	0	90	0	0	0	35	0	0	0	0	0	0	37	75	0	0	0	0	90	0	0	0	0	0	0	75	0	0	0	0	0	56	0
47	0	0	40	93	0	95	0	0	0	0	80	32	0	95	89	91	0	80	93	0	0	31	0	0	0	0	0	0	33	67	0	0	0	0	80	0	0	0	0	0	0	67	0	89	0	0	0	51	0
47	0	0	40	93	0	95	0	0	0	0	80	32	0	95	89	91	0	80	93	0	0	31	0	0	0	0	0	0	33	67	0	0	0	0	80	0	0	0	0	0	0	67	0	89	0	0	0	51	0
36	0	78	31	72	0	74	0	0	0	91	62	25	0	74	69	70	78	62	72	91	0	24	0	0	0	78	89	0	25	52	78	0	0	89	62	91	0	0	0	94	0	52	0	69	78	78	0	39	0
92	0	0	78	0	0	0	0	0	0	0	0	63	0	0	0	0	0	0	0	0	0	62	0	0	0	0	0	0	64	0	0	0	0	0	0	0	0	0	0	0	0	0	0	0	0	0	0	0	0
34	0	72	28	67	0	69	0	0	0	85	57	23	0	69	64	66	72	57	67	85	0	23	0	97	0	72	83	0	24	48	72	0	0	83	57	85	0	94	0	88	0	48	0	64	72	72	94	37	0

0	304	212	0	198	370	202	378	405	405	250	170	0	405	202	189	193	212	170	198	250	425	0	304	283	340	212	243	340	0	142	212	548	370	243	170	250	386	274	425	258	531	142	425	189	212	212	274	108	293
0	0	0	0	0	122	0	124	133	133	0	0	0	133	0	0	0	0	0	0	0	140	0	0	0	112	0	0	112	0	0	0	181	122	0	0	0	127	0	140	0	175	0	140	0	0	0	0	0	0
0	143	0	0	0	174	0	178	190	190	118	0	0	190	0	0	0	0	0	0	118	200	0	143	133	160	0	113	160	0	0	0	258	174	113	0	118	182	129	200	121	250	0	200	0	0	0	129	0	138
118	357	250	0	233	434	238	444	476	476	294	200	0	476	238	222	227	250	200	233	294	500	0	357	333	400	250	286	400	0	167	250	645	434	286	200	294	455	323	500	303	625	167	500	222	250	250	323	127	345
0	154	108	0	0	187	102	191	204	204	126	0	0	204	102	0	0	108	0	0	126	215	0	154	143	172	108	123	172	0	0	108	277	187	123	0	126	195	139	215	130	269	0	215	0	108	108	139	0	148
0	0	0	0	0	0	0	102	110	110	0	0	0	110	0	0	0	0	0	0	0	114	0	0	0	0	0	0	0	0	0	0	148	0	0	0	0	105	0	114	0	144	0	114	0	0	0	0	0	0
0	150	105	0	0	183	0	187	200	200	124	0	0	200	0	0	0	105	0	0	124	210	0	150	140	168	105	120	168	0	0	105	271	183	120	0	124	191	135	210	127	262	0	210	0	105	105	135	0	145
0	0	0	0	0	0	0	0	107	107	0	0	0	107	0	0	0	0	0	0	0	112	0	0	0	0	0	0	0	0	0	0	145	0	0	0	0	102	0	112	0	141	0	112	0	0	0	0	0	0
0	0	0	0	0	0	0	0	0	0	0	0	0	0	0	0	0	0	0	0	0	105	0	0	0	0	0	0	0	0	0	0	135	0	0	0	0	0	0	105	0	131	0	105	0	0	0	0	0	0
0	0	0	0	0	0	0	0	0	0	0	0	0	0	0	0	0	0	0	0	0	105	0	0	0	0	0	0	0	0	0	0	135	0	0	0	0	0	0	105	0	131	0	105	0	0	0	0	0	0
0	121	0	0	0	148	0	151	162	162	0	0	0	162	0	0	0	0	0	0	0	170	0	121	112	136	0	0	136	0	0	0	219	148	0	0	0	155	110	170	103	212	0	170	0	0	0	110	0	117
0	179	125	0	115	217	119	222	238	238	147	0	0	238	119	111	113	125	0	115	147	250	0	179	167	200	125	143	200	0	0	125	323	217	143	0	147	227	161	250	152	312	0	250	111	125	125	161	0	172
147	446	312	125	291	543	298	556	595	595	368	250	0	595	298	278	284	312	250	291	368	625	0	446	417	500	312	357	500	102	208	312	806	543	357	250	368	568	403	625	379	781	208	625	278	312	312	403	159	430
0	0	0	0	0	0	0	0	0	0	0	0	0	0	0	0	0	0	0	0	0	105	0	0	0	0	0	0	0	0	0	0	135	0	0	0	0	0	0	105	0	131	0	105	0	0	0	0	0	0
0	150	105	0	0	183	0	187	200	200	124	0	0	200	0	0	0	105	0	0	124	210	0	150	140	168	105	120	168	0	0	105	271	183	120	0	124	191	135	210	127	262	0	210	0	105	105	135	0	145
0	161	112	0	105	196	107	200	214	214	132	0	0	214	107	0	102	112	0	105	132	225	0	161	150	180	112	129	180	0	0	112	290	196	129	0	132	204	145	225	136	281	0	225	0	112	112	145	0	155
0	157	110	0	102	191	105	196	210	210	129	0	0	210	105	0	0	110	0	102	129	220	0	157	147	176	110	126	176	0	0	110	284	191	126	0	129	200	142	220	133	275	0	220	0	110	110	142	0	152
0	143	0	0	0	174	0	178	190	190	118	0	0	190	0	0	0	0	0	0	118	200	0	143	133	160	0	113	160	0	0	0	258	174	113	0	118	182	129	200	121	250	0	200	0	0	0	129	0	138
0	179	125	0	115	217	119	222	238	238	147	0	0	238	119	111	113	125	0	115	147	250	0	179	167	200	125	143	200	0	0	125	323	217	143	0	147	227	161	250	152	312	0	250	111	125	125	161	0	172
0	154	108	0	0	187	102	191	204	204	126	0	0	204	102	0	0	108	0	0	126	215	0	154	143	172	108	123	172	0	0	108	277	187	123	0	126	195	139	215	130	269	0	215	0	108	108	139	0	148
0	121	0	0	0	148	0	151	162	162	0	0	0	162	0	0	0	0	0	0	0	170	0	121	112	136	0	0	136	0	0	0	219	148	0	0	0	155	110	170	103	212	0	170	0	0	0	110	0	117
0	0	0	0	0	0	0	0	0	0	0	0	0	0	0	0	0	0	0	0	0	0	0	0	0	0	0	0	0	0	0	0	129	0	0	0	0	0	0	0	0	125	0	0	0	0	0	0	0	0
149	454	318	127	295	552	302	564	605	605	374	254	102	605	302	282	289	318	254	295	374	635	0	454	423	508	318	363	508	103	212	318	819	552	363	254	374	577	409	635	385	794	212	635	282	318	318	409	162	438
0	0	0	0	0	122	0	124	133	133	0	0	0	133	0	0	0	0	0	0	0	140	0	0	0	112	0	0	112	0	0	0	181	122	0	0	0	127	0	140	0	175	0	140	0	0	0	0	0	0
0	107	0	0	0	130	0	133	143	143	0	0	0	143	0	0	0	0	0	0	0	150	0	107	0	120	0	0	120	0	0	0	194	130	0	0	0	136	0	150	0	188	0	150	0	0	0	0	0	103
0	0	0	0	0	109	0	111	119	119	0	0	0	119	0	0	0	0	0	0	0	125	0	0	0	0	0	0	0	0	0	0	161	109	0	0	0	113	0	125	0	156	0	125	0	0	0	0	0	0
0	143	0	0	0	174	0	178	190	190	118	0	0	190	0	0	0	0	0	0	118	200	0	143	133	160	0	113	160	0	0	0	258	174	113	0	118	182	129	200	121	250	0	200	0	0	0	129	0	138
0	125	0	0	0	152	0	156	167	167	103	0	0	167	0	0	0	0	0	0	103	175	0	125	117	140	0	0	140	0	0	0	225	152	0	0	103	159	112	175	106	219	0	175	0	0	0	112	0	121
0	0	0	0	0	109	0	111	119	119	0	0	0	119	0	0	0	0	0	0	0	125	0	0	0	0	0	0	0	0	0	0	161	109	0	0	0	113	0	125	0	156	0	125	0	0	0	0	0	0
145	438	308	123	286	535	293	547	586	586	362	246	0	586	293	273	280	308	246	286	362	615	0	438	409	492	308	351	492	0	204	308	794	535	351	246	362	559	397	615	373	769	204	615	273	308	308	397	157	424
0	214	150	0	140	261	143	267	286	286	176	120	0	286	143	133	136	150	120	140	176	300	0	214	200	240	150	171	240	0	0	150	387	261	171	120	176	273	194	300	182	375	0	300	133	150	150	194	0	206
0	143	0	0	0	174	0	178	190	190	118	0	0	190	0	0	0	0	0	0	118	200	0	143	133	160	0	113	160	0	0	0	258	174	113	0	118	182	129	200	121	250	0	200	0	0	0	129	0	138
0	0	0	0	0	0	0	0	0	0	0	0	0	0	0	0	0	0	0	0	0	0	0	0	0	0	0	0	0	0	0	0	0	0	0	0	0	0	0	0	0	0	0	0	0	0	0	0	0	0
0	0	0	0	0	0	0	102	110	110	0	0	0	110	0	0	0	0	0	0	0	114	0	0	0	0	0	0	0	0	0	0	148	0	0	0	0	105	0	114	0	144	0	114	0	0	0	0	0	0
0	125	0	0	0	152	0	156	167	167	103	0	0	167	0	0	0	0	0	0	103	175	0	125	117	140	0	0	140	0	0	0	225	152	0	0	103	159	112	175	106	219	0	175	0	0	0	112	0	121
0	179	125	0	115	217	119	222	238	238	147	0	0	238	119	111	113	125	0	115	147	250	0	179	167	200	125	143	200	0	0	125	323	217	143	0	147	227	161	250	152	312	0	250	111	125	125	161	0	172
0	121	0	0	0	148	0	151	162	162	0	0	0	162	0	0	0	0	0	0	0	170	0	121	112	136	0	0	136	0	0	0	219	148	0	0	0	155	110	170	103	212	0	170	0	0	0	110	0	117
0	0	0	0	0	0	0	0	105	105	0	0	0	105	0	0	0	0	0	0	0	110	0	0	0	0	0	0	0	0	0	0	142	0	0	0	0	0	0	110	0	138	0	110	0	0	0	0	0	0
0	111	0	0	0	135	0	138	148	148	0	0	0	148	0	0	0	0	0	0	0	155	0	111	103	124	0	0	124	0	0	0	200	135	0	0	0	141	0	155	0	194	0	155	0	0	0	0	0	107
0	0	0	0	0	0	0	0	0	0	0	0	0	0	0	0	0	0	0	0	0	0	0	0	0	0	0	0	0	0	0	0	129	0	0	0	0	0	0	0	0	125	0	0	0	0	0	0	0	0
0	118	0	0	0	143	0	147	157	157	0	0	0	157	0	0	0	0	0	0	0	165	0	118	110	132	0	0	132	0	0	0	213	143	0	0	0	150	106	165	0	206	0	165	0	0	0	106	0	113
0	0	0	0	0	0	0	0	0	0	0	0	0	0	0	0	0	0	0	0	0	0	0	0	0	0	0	0	0	0	0	0	103	0	0	0	0	0	0	0	0	0	0	0	0	0	0	0	0	0
0	214	150	0	140	261	143	267	286	286	176	120	0	286	143	133	136	150	120	140	176	300	0	214	200	240	150	171	240	0	0	150	387	261	171	120	176	273	194	300	182	375	0	300	133	150	150	194	0	206
0	0	0	0	0	0	0	0	0	0	0	0	0	0	0	0	0	0	0	0	0	0	0	0	0	0	0	0	0	0	0	0	129	0	0	0	0	0	0	0	0	125	0	0	0	0	0	0	0	0
0	161	112	0	105	196	107	200	214	214	132	0	0	214	107	0	102	112	0	105	132	225	0	161	150	180	112	129	180	0	0	112	290	196	129	0	132	204	145	225	136	281	0	225	0	112	112	145	0	155
0	143	0	0	0	174	0	178	190	190	118	0	0	190	0	0	0	0	0	0	118	200	0	143	133	160	0	113	160	0	0	0	258	174	113	0	118	182	129	200	121	250	0	200	0	0	0	129	0	138
0	143	0	0	0	174	0	178	190	190	118	0	0	190	0	0	0	0	0	0	118	200	0	143	133	160	0	113	160	0	0	0	258	174	113	0	118	182	129	200	121	250	0	200	0	0	0	129	0	138
0	111	0	0	0	135	0	138	148	148	0	0	0	148	0	0	0	0	0	0	0	155	0	111	103	124	0	0	124	0	0	0	200	135	0	0	0	141	0	155	0	194	0	155	0	0	0	0	0	107
0	280	196	0	183	341	187	349	374	374	231	157	0	374	187	174	178	196	157	183	231	392	0	280	262	314	196	224	314	0	131	196	505	341	224	157	231	357	252	392	238	491	131	392	174	196	196	252	0	271
0	104	0	0	0	126	0	129	138	138	0	0	0	138	0	0	0	0	0	0	0	145	0	104	0	115	0	0	115	0	0	0	187	126	0	0	0	132	0	145	0	181	0	145	0	0	0	0	0	0