1808 1837 1791 1868 1829 1764 1842 1807 1816 1837 1838 1846 1823 1813 1809 1851 1824 1819 1814 1831 1817 1849 1846 1839 1815 1825 1840 1823 1821 1824 1819 1843 1794 1824 1838 1826 1836 1798 1816 1814 1823 1829 1846 1792 1814 1816 1812 1795 1882 1797

92

18 17 18 16 17 19 17 18 18 17 17 17 17 18 18 16 17 17 18 17 17 17 17 17 18 17 17 17 17 17 17 17 18 17 17 17 17 18 18 18 17 17 17 18 18 18 18 18 16 18

23.999133464675513 39.000000310226355 10.999056430865098 26.000287385538048

22521.0

0	30	0	25	0	24	30	28	28	28	26	23	27	0	0	26	25	0	26	25	23	28	27	28	0	0	24	0	0	28	27	0	24	0	0	23	0	0	0	0	28	0	0	0	0	26	28	0	0	26
0	0	0	26	0	24	0	30	28	28	26	23	28	0	0	26	26	0	27	25	23	28	27	28	0	0	24	0	0	30	27	0	24	0	0	24	0	0	0	0	28	0	0	0	0	27	30	0	0	26
26	25	0	21	28	20	25	25	24	24	22	19	23	0	27	22	21	28	22	21	19	25	23	24	28	0	20	26	27	25	23	0	20	26	27	20	28	26	26	28	24	26	26	27	26	22	25	27	28	22
0	0	0	0	0	28	0	0	0	0	0	27	0	0	0	0	0	0	0	30	27	0	0	0	0	0	28	0	0	0	0	0	28	0	0	28	0	0	0	0	0	0	0	0	0	0	0	0	0	0
27	26	0	22	0	21	26	26	26	25	23	20	24	0	28	23	22	28	24	22	20	26	24	26	30	0	21	27	28	26	24	0	21	27	28	21	28	27	27	28	25	27	27	28	28	23	26	28	30	23
0	0	0	0	0	0	0	0	0	0	0	28	0	0	0	0	0	0	0	0	28	0	0	0	0	0	0	0	0	0	0	0	0	0	0	30	0	0	0	0	0	0	0	0	0	0	0	0	0	0
0	0	0	26	0	24	0	30	28	28	26	23	28	0	0	26	26	0	27	25	23	28	27	28	0	0	24	0	0	30	27	0	24	0	0	24	0	0	0	0	28	0	0	0	0	27	30	0	0	26
0	0	0	26	0	25	0	0	30	28	27	24	28	0	0	27	26	0	27	26	24	30	28	30	0	0	25	0	0	0	28	0	25	0	0	24	0	0	0	0	28	0	0	0	0	27	0	0	0	27
0	0	0	26	0	25	0	0	0	30	27	24	28	0	0	27	27	0	28	26	24	0	28	30	0	0	25	0	0	0	28	0	25	0	0	25	0	0	0	0	28	0	0	0	0	27	0	0	0	27
0	0	0	27	0	25	0	0	0	0	28	24	28	0	0	27	27	0	28	26	24	0	28	0	0	0	25	0	0	0	28	0	25	0	0	25	0	0	0	0	30	0	0	0	0	28	0	0	0	27
0	0	0	28	0	28	0	0	0	0	0	26	0	0	0	30	28	0	0	28	26	0	0	0	0	0	28	0	0	0	0	0	28	0	0	27	0	0	0	0	0	0	0	0	0	0	0	0	0	30
0	0	0	0	0	0	0	0	0	0	0	0	0	0	0	0	0	0	0	0	0	0	0	0	0	0	0	0	0	0	0	0	0	0	0	0	0	0	0	0	0	0	0	0	0	0	0	0	0	0
0	0	0	28	0	26	0	0	0	0	28	25	0	0	0	28	28	0	28	27	25	0	30	0	0	0	26	0	0	0	30	0	27	0	0	26	0	0	0	0	0	0	0	0	0	28	0	0	0	28
25	24	28	20	28	19	24	24	24	23	21	18	22	0	26	21	21	27	22	20	18	24	22	23	28	0	19	25	26	24	22	0	19	25	26	19	27	25	25	27	23	25	25	26	26	21	24	26	27	21
28	28	0	24	0	22	28	27	27	27	24	21	26	0	0	24	24	0	25	23	21	27	25	27	0	0	22	28	30	28	25	0	23	28	30	22	0	28	28	0	26	28	28	0	28	25	27	30	0	24
0	0	0	28	0	28	0	0	0	0	0	26	0	0	0	0	28	0	0	28	26	0	0	0	0	0	28	0	0	0	0	0	28	0	0	27	0	0	0	0	0	0	0	0	0	0	0	0	0	30
0	0	0	30	0	28	0	0	0	0	0	27	0	0	0	0	0	0	0	28	27	0	0	0	0	0	28	0	0	0	0	0	28	0	0	28	0	0	0	0	0	0	0	0	0	0	0	0	0	0
28	27	0	23	0	22	27	27	26	26	24	21	25	0	28	24	23	0	24	23	21	27	25	26	0	0	22	28	28	27	25	0	22	28	28	22	0	28	28	0	26	28	28	30	28	24	27	28	0	24
0	0	0	28	0	27	0	0	0	0	30	26	0	0	0	28	28	0	0	28	26	0	0	0	0	0	27	0	0	0	0	0	27	0	0	27	0	0	0	0	0	0	0	0	0	30	0	0	0	28
0	0	0	0	0	28	0	0	0	0	0	28	0	0	0	0	0	0	0	0	28	0	0	0	0	0	28	0	0	0	0	0	28	0	0	28	0	0	0	0	0	0	0	0	0	0	0	0	0	0
0	0	0	0	0	0	0	0	0	0	0	0	0	0	0	0	0	0	0	0	0	0	0	0	0	0	0	0	0	0	0	0	0	0	0	0	0	0	0	0	0	0	0	0	0	0	0	0	0	0
0	0	0	26	0	25	0	0	30	30	27	24	28	0	0	27	26	0	28	26	24	0	28	30	0	0	25	0	0	0	28	0	25	0	0	25	0	0	0	0	28	0	0	0	0	27	0	0	0	27
0	0	0	28	0	27	0	0	0	0	28	25	0	0	0	28	28	0	30	28	25	0	0	0	0	0	27	0	0	0	30	0	27	0	0	26	0	0	0	0	0	0	0	0	0	28	0	0	0	28
0	0	0	26	0	25	0	0	0	30	27	24	28	0	0	27	27	0	28	26	24	0	28	0	0	0	25	0	0	0	28	0	25	0	0	25	0	0	0	0	28	0	0	0	0	28	0	0	0	27
27	27	0	22	0	21	27	26	26	26	23	20	24	0	28	23	23	28	24	22	20	26	24	26	0	0	21	27	28	26	24	0	21	27	28	21	28	28	28	28	25	28	28	28	28	23	26	28	30	23
21	21	25	18	24	16	21	21	20	20	18	16	19	26	23	18	18	23	19	17	16	20	19	20	24	0	17	22	23	21	19	28	17	21	23	16	23	22	22	23	20	22	22	23	22	18	21	22	24	18
0	0	0	0	0	30	0	0	0	0	0	28	0	0	0	0	0	0	0	0	28	0	0	0	0	0	0	0	0	0	0	0	0	0	0	30	0	0	0	0	0	0	0	0	0	0	0	0	0	0
30	28	0	25	0	23	28	28	28	28	26	22	27	0	0	26	25	0	26	24	22	28	27	28	0	0	23	0	0	28	26	0	24	30	0	23	0	0	0	0	28	0	0	0	0	26	28	0	0	26
28	28	0	24	0	22	28	28	27	27	25	21	26	0	0	24	24	0	25	23	21	27	25	27	0	0	22	28	0	28	25	0	23	28	30	22	0	28	28	0	26	28	28	0	28	25	28	30	0	24
0	0	0	26	0	24	0	30	28	28	27	23	28	0	0	27	26	0	27	25	23	30	28	28	0	0	24	0	0	0	27	0	25	0	0	24	0	0	0	0	28	0	0	0	0	27	30	0	0	27
0	0	0	28	0	27	0	0	0	0	28	26	0	0	0	28	28	0	30	28	26	0	0	0	0	0	27	0	0	0	0	0	27	0	0	27	0	0	0	0	0	0	0	0	0	28	0	0	0	28
23	22	27	19	26	18	22	22	22	21	19	17	20	28	24	19	19	25	20	18	17	22	20	22	25	0	18	23	24	22	20	0	18	23	24	17	25	23	23	25	21	23	23	24	24	20	22	24	25	19
0	0	0	0	0	30	0	0	0	0	0	28	0	0	0	0	0	0	0	0	28	0	0	0	0	0	30	0	0	0	0	0	0	0	0	30	0	0	0	0	0	0	0	0	0	0	0	0	0	0
30	30	0	25	0	24	30	28	28	28	26	23	27	0	0	26	25	0	26	25	23	28	27	28	0	0	24	0	0	28	27	0	24	0	0	23	0	0	0	0	28	0	0	0	0	26	28	0	0	26
28	28	0	24	0	22	28	28	27	27	25	21	26	0	0	25	24	0	25	23	21	27	26	27	0	0	23	28	0	28	25	0	23	28	0	22	0	28	28	0	27	28	28	0	28	25	28	30	0	25
0	0	0	0	0	0	0	0	0	0	0	28	0	0	0	0	0	0	0	0	28	0	0	0	0	0	0	0	0	0	0	0	0	0	0	0	0	0	0	0	0	0	0	0	0	0	0	0	0	0
28	27	0	23	0	22	27	27	26	26	24	21	25	0	28	24	23	30	24	23	21	27	25	26	0	0	22	28	28	27	25	0	22	28	28	22	0	28	28	0	26	28	28	30	28	24	27	28	0	24
30	28	0	25	0	23	28	28	28	28	26	22	27	0	0	25	25	0	26	24	22	28	27	28	0	0	23	30	0	28	26	0	24	30	0	23	0	0	0	0	28	0	0	0	0	26	28	0	0	25
30	28	0	25	0	23	28	28	28	28	26	22	27	0	0	25	25	0	26	24	22	28	26	28	0	0	23	30	0	28	26	0	24	30	0	23	0	30	0	0	27	0	0	0	0	26	28	0	0	25
28	27	0	23	0	22	27	27	26	26	24	21	25	0	28	24	23	30	24	23	21	27	25	26	0	0	22	28	28	27	25	0	22	28	28	22	0	28	28	0	26	28	28	30	28	24	27	28	0	24
0	0	0	27	0	26	0	0	0	0	28	25	28	0	0	28	27	0	28	27	25	0	28	0	0	0	26	0	0	0	28	0	26	0	0	25	0	0	0	0	0	0	0	0	0	28	0	0	0	28
28	28	0	25	0	23	28	28	28	28	25	22	27	0	0	25	25	0	26	24	22	28	26	28	0	0	23	30	0	28	26	0	23	30	0	23	0	30	30	0	27	0	0	0	0	26	28	0	0	25
28	28	0	25	0	23	28	28	28	28	25	22	27	0	0	25	25	0	26	24	22	28	26	28	0	0	23	30	0	28	26	0	23	30	0	23	0	30	30	0	27	0	0	0	0	26	28	0	0	25
28	28	0	24	0	22	28	27	27	27	24	21	26	0	30	24	24	0	25	23	21	27	25	27	0	0	22	28	30	28	25	0	22	28	30	22	0	28	28	0	26	28	28	0	28	25	27	30	0	24
28	28	0	24	0	23	28	28	28	28	25	22	26	0	0	25	25	0	26	24	22	28	26	28	0	0	23	30	0	28	26	0	23	28	0	23	0	30	30	0	27	30	30	0	0	25	28	0	0	25
0	0	0	28	0	27	0	0	0	0	30	26	0	0	0	30	28	0	0	28	26	0	0	0	0	0	28	0	0	0	0	0	28	0	0	27	0	0	0	0	0	0	0	0	0	0	0	0	0	30
0	0	0	26	0	25	0	30	30	28	27	23	28	0	0	27	26	0	27	25	23	30	28	30	0	0	25	0	0	0	28	0	25	0	0	24	0	0	0	0	28	0	0	0	0	27	0	0	0	27
28	28	0	24	0	23	28	28	27	27	25	22	26	0	0	25	24	0	25	23	22	28	26	27	0	0	23	28	0	28	26	0	23	28	0	22	0	28	28	0	27	28	28	0	30	25	28	0	0	25
27	27	0	23	0	21	27	26	26	26	24	21	25	0	28	24	23	30	24	22	21	26	24	26	0	0	22	28	28	27	24	0	22	27	28	21	30	28	28	30	25	28	28	28	28	24	27	28	0	24
0	0	0	28	0	28	0	0	0	0	0	26	0	0	0	0	28	0	0	28	26	0	0	0	0	0	28	0	0	0	0	0	28	0	0	27	0	0	0	0	0	0	0	0	0	0	0	0	0	0

0	0	35	0	34	0	0	0	0	0	0	0	0	36	32	0	0	33	0	0	0	0	0	0	33	41	0	31	32	0	0	39	0	30	32	0	33	31	31	33	0	31	31	32	31	0	0	31	33	0
31	0	36	0	34	0	0	0	0	0	0	0	0	37	32	0	0	33	0	0	0	0	0	0	34	42	0	31	32	0	0	40	0	31	32	0	33	31	31	33	0	31	31	33	31	0	0	32	33	0
0	0	0	0	0	0	0	0	0	0	0	0	0	31	0	0	0	0	0	0	0	0	0	0	0	36	0	0	0	0	0	34	0	0	0	0	0	0	0	0	0	0	0	0	0	0	0	0	0	0
36	35	41	0	40	0	35	35	34	34	31	0	32	42	38	31	30	38	32	0	0	34	32	34	39	48	0	36	38	35	32	45	0	36	37	0	39	36	36	39	33	36	36	38	37	31	35	37	39	31
0	0	32	0	0	0	0	0	0	0	0	0	0	33	0	0	0	0	0	0	0	0	0	0	0	37	0	0	0	0	0	35	0	0	0	0	0	0	0	0	0	0	0	0	0	0	0	0	0	0
38	37	43	32	42	0	37	36	36	36	33	0	34	45	40	33	32	40	33	31	0	36	34	36	41	50	30	38	39	37	34	48	30	38	39	0	40	38	38	40	35	38	38	40	39	33	36	39	41	33
31	0	36	0	34	0	0	0	0	0	0	0	0	37	32	0	0	33	0	0	0	0	0	0	34	42	0	31	32	0	0	40	0	31	32	0	33	31	31	33	0	31	31	33	31	0	0	32	33	0
31	31	36	0	35	0	31	0	0	0	0	0	0	37	33	0	0	34	0	0	0	0	0	0	34	42	0	32	33	30	0	40	0	31	33	0	34	32	32	34	0	32	32	33	32	0	30	33	34	0
32	31	37	0	35	0	31	30	0	0	0	0	0	38	33	0	0	34	0	0	0	30	0	0	35	43	0	32	33	31	0	41	0	32	33	0	34	32	32	34	0	32	32	33	32	0	31	33	34	0
32	31	37	0	35	0	31	31	30	0	0	0	0	38	34	0	0	34	0	0	0	31	0	30	35	43	0	32	34	31	0	41	0	32	33	0	34	32	32	34	0	32	32	34	33	0	31	33	35	0
35	34	40	0	38	0	34	33	33	33	0	0	31	41	37	0	0	37	31	0	0	33	31	33	38	47	0	35	36	34	31	44	0	35	36	0	37	35	35	37	32	35	35	37	36	30	34	36	38	0
39	38	45	33	43	31	38	38	37	37	34	0	36	46	41	34	33	42	35	32	0	38	35	37	43	52	31	40	41	38	35	49	32	39	41	31	42	40	40	42	37	40	40	41	40	34	38	41	42	34
33	33	39	0	37	0	33	32	32	31	0	0	0	40	35	0	0	36	0	0	0	32	0	32	37	45	0	34	35	33	0	43	0	33	35	0	36	34	34	36	31	34	34	35	34	0	32	35	36	0
0	0	0	0	0	0	0	0	0	0	0	0	0	0	0	0	0	0	0	0	0	0	0	0	0	34	0	0	0	0	0	33	0	0	0	0	0	0	0	0	0	0	0	0	0	0	0	0	0	0
0	0	33	0	32	0	0	0	0	0	0	0	0	34	0	0	0	31	0	0	0	0	0	0	32	39	0	0	0	0	0	37	0	0	0	0	31	0	0	31	0	0	0	30	0	0	0	0	31	0
35	34	40	0	39	0	34	34	33	33	30	0	32	41	37	0	0	37	31	0	0	33	31	33	38	47	0	35	37	34	31	44	0	35	36	0	37	35	35	37	32	35	35	37	36	30	34	36	38	0
36	35	41	0	39	0	35	34	34	34	31	0	32	42	38	31	0	38	31	0	0	34	32	34	39	48	0	36	37	35	32	45	0	36	37	0	38	36	36	38	33	36	36	38	36	31	34	37	39	31
0	0	33	0	31	0	0	0	0	0	0	0	0	34	0	0	0	0	0	0	0	0	0	0	31	38	0	0	0	0	0	36	0	0	0	0	30	0	0	30	0	0	0	0	0	0	0	0	31	0
34	33	39	0	38	0	33	33	33	32	0	0	31	41	36	0	0	37	0	0	0	33	31	32	38	46	0	35	36	33	30	44	0	34	36	0	37	35	35	37	32	35	35	36	35	0	33	36	37	0
36	36	42	31	40	0	36	35	35	35	32	0	33	43	38	32	31	39	32	0	0	35	33	35	40	49	0	37	38	36	33	46	0	36	38	0	39	37	37	39	34	37	37	38	37	32	35	38	40	32
39	38	45	33	43	31	38	38	37	37	34	0	36	46	41	34	33	42	35	32	0	38	35	37	43	52	31	40	41	38	35	49	32	39	41	31	42	40	40	42	37	40	40	41	40	34	38	41	42	34
31	31	37	0	35	0	31	30	0	0	0	0	0	38	33	0	0	34	0	0	0	0	0	0	35	43	0	32	33	31	0	40	0	31	33	0	34	32	32	34	0	32	32	33	32	0	30	33	34	0
33	33	39	0	37	0	33	32	32	32	0	0	30	40	35	0	0	36	0	0	0	32	0	32	37	45	0	34	35	33	0	43	0	34	35	0	36	34	34	36	31	34	34	36	34	0	32	35	37	0
32	31	37	0	35	0	31	31	30	0	0	0	0	38	33	0	0	34	0	0	0	30	0	0	35	43	0	32	33	31	0	41	0	32	33	0	34	32	32	34	0	32	32	34	33	0	31	33	35	0
0	0	32	0	30	0	0	0	0	0	0	0	0	33	0	0	0	0	0	0	0	0	0	0	0	37	0	0	0	0	0	35	0	0	0	0	0	0	0	0	0	0	0	0	0	0	0	0	0	0
0	0	0	0	0	0	0	0	0	0	0	0	0	0	0	0	0	0	0	0	0	0	0	0	0	0	0	0	0	0	0	0	0	0	0	0	0	0	0	0	0	0	0	0	0	0	0	0	0	0
37	37	43	32	41	0	37	36	36	36	33	0	34	44	40	33	32	40	33	31	0	36	34	36	41	50	0	38	39	37	34	47	30	38	39	0	40	38	38	40	35	38	38	40	38	33	36	39	41	33
0	0	35	0	33	0	0	0	0	0	0	0	0	36	31	0	0	32	0	0	0	0	0	0	33	41	0	0	31	0	0	38	0	0	31	0	32	30	30	32	0	30	30	32	31	0	0	31	33	0
0	0	33	0	32	0	0	0	0	0	0	0	0	34	30	0	0	31	0	0	0	0	0	0	32	39	0	0	0	0	0	37	0	0	0	0	31	0	0	31	0	0	0	30	0	0	0	0	31	0
31	30	36	0	34	0	30	0	0	0	0	0	0	37	33	0	0	33	0	0	0	0	0	0	34	42	0	31	32	0	0	40	0	31	32	0	33	31	31	33	0	31	31	33	32	0	0	32	34	0
34	33	39	0	37	0	33	33	32	32	0	0	31	40	36	0	0	36	0	0	0	32	30	32	37	45	0	34	35	33	0	43	0	34	35	0	36	34	34	36	31	34	34	36	35	0	33	35	37	0
0	0	0	0	0	0	0	0	0	0	0	0	0	0	0	0	0	0	0	0	0	0	0	0	0	32	0	0	0	0	0	0	0	0	0	0	0	0	0	0	0	0	0	0	0	0	0	0	0	0
37	37	43	31	41	0	37	36	36	35	33	0	34	44	39	32	32	40	33	31	0	36	34	36	41	50	0	38	39	36	33	47	0	37	39	0	40	38	38	40	35	38	38	39	38	33	36	39	41	32
0	0	35	0	34	0	0	0	0	0	0	0	0	36	32	0	0	32	0	0	0	0	0	0	33	41	0	30	32	0	0	39	0	0	32	0	33	31	31	33	0	31	31	32	31	0	0	31	33	0
0	0	33	0	32	0	0	0	0	0	0	0	0	34	30	0	0	31	0	0	0	0	0	0	32	39	0	0	30	0	0	37	0	0	0	0	31	0	0	31	0	0	0	30	0	0	0	0	31	0
38	37	44	32	42	30	37	37	36	36	33	0	35	45	40	33	32	41	34	31	0	36	34	36	42	50	30	38	40	37	34	48	31	38	40	0	41	38	39	41	35	39	39	40	39	33	37	39	41	33
0	0	32	0	31	0	0	0	0	0	0	0	0	33	0	0	0	0	0	0	0	0	0	0	31	38	0	0	0	0	0	36	0	0	0	0	0	0	0	0	0	0	0	0	0	0	0	0	30	0
0	0	35	0	33	0	0	0	0	0	0	0	0	36	31	0	0	32	0	0	0	0	0	0	33	40	0	0	31	0	0	38	0	0	31	0	32	0	30	32	0	30	30	31	30	0	0	31	32	0
0	0	35	0	33	0	0	0	0	0	0	0	0	36	31	0	0	32	0	0	0	0	0	0	33	40	0	0	31	0	0	38	0	0	31	0	32	0	0	32	0	30	30	31	30	0	0	31	32	0
0	0	32	0	31	0	0	0	0	0	0	0	0	33	0	0	0	0	0	0	0	0	0	0	31	38	0	0	0	0	0	36	0	0	0	0	0	0	0	0	0	0	0	0	0	0	0	0	30	0
32	32	38	0	36	0	32	31	31	31	0	0	0	39	34	0	0	35	0	0	0	31	0	31	36	44	0	33	34	32	0	42	0	32	34	0	35	33	33	35	0	33	33	34	33	0	31	34	35	0
0	0	34	0	33	0	0	0	0	0	0	0	0	35	31	0	0	32	0	0	0	0	0	0	33	40	0	0	31	0	0	38	0	0	31	0	32	0	0	32	0	0	0	31	30	0	0	31	32	0
0	0	34	0	33	0	0	0	0	0	0	0	0	35	31	0	0	32	0	0	0	0	0	0	33	40	0	0	31	0	0	38	0	0	31	0	32	0	0	32	0	0	0	31	30	0	0	31	32	0
0	0	33	0	32	0	0	0	0	0	0	0	0	34	0	0	0	31	0	0	0	0	0	0	31	39	0	0	0	0	0	37	0	0	0	0	31	0	0	31	0	0	0	0	0	0	0	0	31	0
0	0	34	0	33	0	0	0	0	0	0	0	0	35	31	0	0	32	0	0	0	0	0	0	32	40	0	0	31	0	0	38	0	0	31	0	32	0	0	32	0	0	0	31	0	0	0	31	32	0
34	34	40	0	38	0	34	33	33	33	0	0	31	41	36	0	0	37	31	0	0	33	31	33	38	46	0	35	36	34	31	44	0	35	36	0	37	35	35	37	32	35	35	37	35	0	33	36	38	0
31	31	36	0	35	0	31	0	0	0	0	0	0	37	33	0	0	34	0	0	0	0	0	0	34	42	0	32	33	30	0	40	0	31	33	0	34	32	32	34	0	32	32	33	32	0	0	32	34	0
0	0	34	0	32	0	0	0	0	0	0	0	0	35	31	0	0	31	0	0	0	0	0	0	32	39	0	0	30	0	0	37	0	0	30	0	31	0	0	31	0	0	0	31	0	0	0	0	32	0
0	0	32	0	31	0	0	0	0	0	0	0	0	33	0	0	0	0	0	0	0	0	0	0	31	38	0	0	0	0	0	36	0	0	0	0	0	0	0	0	0	0	0	0	0	0	0	0	0	0
35	34	40	0	39	0	34	34	33	33	30	0	32	41	37	30	0	37	31	0	0	33	31	33	38	47	0	35	37	34	31	44	0	35	36	0	37	35	35	37	32	35	35	37	36	30	34	36	38	0

0	73	97	64	64	0	71	0	0	73	84	0	0	0	0	71	0	68	0	84	0	0	0	71	0	71	0	97	55	80	94	0	0	97	0	64	0	62	80	25	0	80	0	63	25	0	28	56	0	97
0	0	0	88	88	0	98	0	0	0	0	0	0	0	0	98	0	94	0	0	0	0	0	98	0	98	0	0	76	0	0	0	0	0	0	88	0	85	0	35	0	0	0	86	35	0	40	77	0	0
0	75	0	66	66	0	73	0	0	75	87	0	0	0	0	73	0	70	0	87	0	0	0	73	0	73	0	0	56	82	97	0	0	0	0	66	0	63	82	26	0	82	0	65	26	0	30	57	0	0
0	0	0	0	0	0	0	0	0	0	0	0	0	0	0	0	0	0	0	0	0	0	0	0	0	0	0	0	86	0	0	0	0	0	0	0	0	96	0	39	0	0	0	98	39	0	45	88	0	0
0	0	0	0	0	0	0	0	0	0	0	0	0	0	0	0	0	0	0	0	0	0	0	0	0	0	0	0	86	0	0	0	0	0	0	0	0	96	0	39	0	0	0	98	39	0	45	88	0	0
48	35	47	31	31	0	34	55	48	35	41	78	62	67	52	34	50	33	0	41	67	78	78	34	50	34	78	47	27	39	46	70	86	47	67	31	62	30	39	12	65	39	74	30	12	55	14	27	78	47
0	0	0	90	90	0	0	0	0	0	0	0	0	0	0	0	0	96	0	0	0	0	0	0	0	0	0	0	78	0	0	0	0	0	0	90	0	87	0	35	0	0	0	88	35	0	41	79	0	0
87	64	85	56	56	0	62	0	87	64	74	0	0	0	93	62	90	60	0	74	0	0	0	62	90	62	0	85	48	70	82	0	0	85	0	56	0	54	70	22	0	70	0	55	22	0	25	49	0	85
0	73	97	64	64	0	71	0	0	73	84	0	0	0	0	71	0	68	0	84	0	0	0	71	0	71	0	97	55	80	94	0	0	97	0	64	0	62	80	25	0	80	0	63	25	0	28	56	0	97
0	0	0	88	88	0	98	0	0	0	0	0	0	0	0	98	0	94	0	0	0	0	0	98	0	98	0	0	76	0	0	0	0	0	0	88	0	85	0	35	0	0	0	86	35	0	40	77	0	0
0	86	0	76	76	0	84	0	0	86	0	0	0	0	0	84	0	81	0	0	0	0	0	84	0	84	0	0	66	95	0	0	0	0	0	76	0	73	95	30	0	95	0	75	30	0	35	67	0	0
62	45	61	40	40	0	44	71	62	45	53	0	80	87	67	44	65	43	0	53	87	0	0	44	65	44	0	61	34	50	59	91	0	61	87	40	80	38	50	16	83	50	95	39	16	71	18	35	0	61
78	56	76	50	50	0	56	89	78	56	66	0	0	0	83	56	81	53	0	66	0	0	0	56	81	56	0	76	43	62	74	0	0	76	0	50	0	48	62	20	0	62	0	49	20	89	23	44	0	76
72	52	70	46	46	0	51	82	72	52	61	0	92	0	77	51	74	49	0	61	0	0	0	51	74	51	0	70	40	56	68	0	0	70	0	46	92	44	56	18	96	56	0	45	18	82	21	40	0	70
94	68	91	60	60	0	67	0	94	68	79	0	0	0	0	67	97	64	0	79	0	0	0	67	97	67	0	91	52	75	88	0	0	91	0	60	0	57	75	24	0	75	0	59	24	0	27	53	0	91
0	0	0	90	90	0	0	0	0	0	0	0	0	0	0	0	0	96	0	0	0	0	0	0	0	0	0	0	78	0	0	0	0	0	0	90	0	87	0	35	0	0	0	88	35	0	41	79	0	0
97	70	94	62	62	0	69	0	97	70	82	0	0	0	0	69	0	66	0	82	0	0	0	69	0	69	0	94	53	78	91	0	0	94	0	62	0	60	78	24	0	78	0	61	24	0	28	54	0	94
0	0	0	94	94	0	0	0	0	0	0	0	0	0	0	0	0	0	0	0	0	0	0	0	0	0	0	0	81	0	0	0	0	0	0	94	0	90	0	37	0	0	0	92	37	0	43	82	0	0
48	35	47	31	31	0	34	55	48	35	41	78	62	67	52	34	50	33	0	41	67	78	78	34	50	34	78	47	27	39	46	70	86	47	67	31	62	30	39	12	65	39	74	30	12	55	14	27	78	47
0	86	0	76	76	0	84	0	0	86	0	0	0	0	0	84	0	81	0	0	0	0	0	84	0	84	0	0	66	95	0	0	0	0	0	76	0	73	95	30	0	95	0	75	30	0	35	67	0	0
72	52	70	46	46	0	51	82	72	52	61	0	92	0	77	51	74	49	0	61	0	0	0	51	74	51	0	70	40	56	68	0	0	70	0	46	92	44	56	18	96	56	0	45	18	82	21	40	0	70
62	45	61	40	40	0	44	71	62	45	53	0	80	87	67	44	65	43	0	53	87	0	0	44	65	44	0	61	34	50	59	91	0	61	87	40	80	38	50	16	83	50	95	39	16	71	18	35	0	61
62	45	61	40	40	0	44	71	62	45	53	0	80	87	67	44	65	43	0	53	87	0	0	44	65	44	0	61	34	50	59	91	0	61	87	40	80	38	50	16	83	50	95	39	16	71	18	35	0	61
0	0	0	90	90	0	0	0	0	0	0	0	0	0	0	0	0	96	0	0	0	0	0	0	0	0	0	0	78	0	0	0	0	0	0	90	0	87	0	35	0	0	0	88	35	0	41	79	0	0
97	70	94	62	62	0	69	0	97	70	82	0	0	0	0	69	0	66	0	82	0	0	0	69	0	69	0	94	53	78	91	0	0	94	0	62	0	60	78	24	0	78	0	61	24	0	28	54	0	94
0	0	0	90	90	0	0	0	0	0	0	0	0	0	0	0	0	96	0	0	0	0	0	0	0	0	0	0	78	0	0	0	0	0	0	90	0	87	0	35	0	0	0	88	35	0	41	79	0	0
62	45	61	40	40	0	44	71	62	45	53	0	80	87	67	44	65	43	0	53	87	0	0	44	65	44	0	61	34	50	59	91	0	61	87	40	80	38	50	16	83	50	95	39	16	71	18	35	0	61
0	75	0	66	66	0	73	0	0	75	87	0	0	0	0	73	0	70	0	87	0	0	0	73	0	73	0	0	56	82	97	0	0	0	0	66	0	63	82	26	0	82	0	65	26	0	30	57	0	0
0	0	0	0	0	0	0	0	0	0	0	0	0	0	0	0	0	0	0	0	0	0	0	0	0	0	0	0	0	0	0	0	0	0	0	0	0	0	0	46	0	0	0	0	46	0	53	0	0	0
0	91	0	80	80	0	89	0	0	91	0	0	0	0	0	89	0	85	0	0	0	0	0	89	0	89	0	0	69	0	0	0	0	0	0	80	0	77	0	31	0	0	0	78	31	0	36	70	0	0
0	77	0	68	68	0	76	0	0	77	89	0	0	0	0	76	0	72	0	89	0	0	0	76	0	76	0	0	59	85	0	0	0	0	0	68	0	65	85	27	0	85	0	67	27	0	31	60	0	0
69	50	67	44	44	0	49	79	69	50	57	0	88	96	73	49	71	47	0	57	96	0	0	49	71	49	0	67	38	55	65	0	0	67	96	44	88	42	55	17	92	55	0	43	17	79	20	39	0	67
56	41	55	36	36	0	40	64	56	41	47	90	72	78	60	40	57	38	0	47	78	90	90	40	57	40	90	55	31	45	53	82	0	55	78	36	72	35	45	14	75	45	86	35	14	64	16	32	90	55
0	75	0	66	66	0	73	0	0	75	87	0	0	0	0	73	0	70	0	87	0	0	0	73	0	73	0	0	56	82	97	0	0	0	0	66	0	63	82	26	0	82	0	65	26	0	30	57	0	0
72	52	70	46	46	0	51	82	72	52	61	0	92	0	77	51	74	49	0	61	0	0	0	51	74	51	0	70	40	56	68	0	0	70	0	46	92	44	56	18	96	56	0	45	18	82	21	40	0	70
0	0	0	0	0	0	0	0	0	0	0	0	0	0	0	0	0	0	0	0	0	0	0	0	0	0	0	0	86	0	0	0	0	0	0	0	0	96	0	39	0	0	0	98	39	0	45	88	0	0
78	56	76	50	50	0	56	89	78	56	66	0	0	0	83	56	81	53	0	66	0	0	0	56	81	56	0	76	43	62	74	0	0	76	0	50	0	48	62	20	0	62	0	49	20	89	23	44	0	76
0	0	0	0	0	0	0	0	0	0	0	0	0	0	0	0	0	0	0	0	0	0	0	0	0	0	0	0	90	0	0	0	0	0	0	0	0	0	0	41	0	0	0	0	41	0	47	91	0	0
0	91	0	80	80	0	89	0	0	91	0	0	0	0	0	89	0	85	0	0	0	0	0	89	0	89	0	0	69	0	0	0	0	0	0	80	0	77	0	31	0	0	0	78	31	0	36	70	0	0
0	0	0	0	0	0	0	0	0	0	0	0	0	0	0	0	0	0	0	0	0	0	0	0	0	0	0	0	0	0	0	0	0	0	0	0	0	0	0	0	0	0	0	0	0	0	0	0	0	0
75	55	73	48	48	0	53	86	75	55	63	0	96	0	80	53	77	51	0	63	0	0	0	53	77	53	0	73	41	60	71	0	0	73	0	48	96	46	60	19	0	60	0	47	19	86	22	42	0	73
0	91	0	80	80	0	89	0	0	91	0	0	0	0	0	89	0	85	0	0	0	0	0	89	0	89	0	0	69	0	0	0	0	0	0	80	0	77	0	31	0	0	0	78	31	0	36	70	0	0
66	48	64	42	42	0	47	75	66	48	55	0	84	91	70	47	68	45	0	55	91	0	0	47	68	47	0	64	36	52	62	95	0	64	91	42	84	40	52	17	88	52	0	41	17	75	19	37	0	64
0	0	0	0	0	0	0	0	0	0	0	0	0	0	0	0	0	0	0	0	0	0	0	0	0	0	0	0	88	0	0	0	0	0	0	0	0	98	0	40	0	0	0	0	40	0	46	89	0	0
0	0	0	0	0	0	0	0	0	0	0	0	0	0	0	0	0	0	0	0	0	0	0	0	0	0	0	0	0	0	0	0	0	0	0	0	0	0	0	0	0	0	0	0	0	0	0	0	0	0
87	64	85	56	56	0	62	0	87	64	74	0	0	0	93	62	90	60	0	74	0	0	0	62	90	62	0	85	48	70	82	0	0	85	0	56	0	54	70	22	0	70	0	55	22	0	25	49	0	85
0	0	0	0	0	0	0	0	0	0	0	0	0	0	0	0	0	0	0	0	0	0	0	0	0	0	0	0	0	0	0	0	0	0	0	0	0	0	0	87	0	0	0	0	87	0	0	0	0	0
0	0	0	0	0	0	0	0	0	0	0	0	0	0	0	0	0	0	0	0	0	0	0	0	0	0	0	0	98	0	0	0	0	0	0	0	0	0	0	45	0	0	0	0	45	0	52	0	0	0
62	45	61	40	40	0	44	71	62	45	53	0	80	87	67	44	65	43	0	53	87	0	0	44	65	44	0	61	34	50	59	91	0	61	87	40	80	38	50	16	83	50	95	39	16	71	18	35	0	61
0	75	0	66	66	0	73	0	0	75	87	0	0	0	0	73	0	70	0	87	0	0	0	73	0	73	0	0	56	82	97	0	0	0	0	66	0	63	82	26	0	82	0	65	26	0	30	57	0	0

0	0	0	0	0	206	0	113	0	0	0	160	128	139	107	0	103	0	206	0	139	160	160	0	103	0	160	0	0	0	0	145	178	0	139	0	128	0	0	0	133	0	152	0	0	113	0	0	160	0
138	0	133	0	0	284	0	157	138	0	115	220	176	191	147	0	142	0	284	115	191	220	220	0	142	0	220	133	0	110	129	200	244	133	191	0	176	0	110	0	183	110	210	0	0	157	0	0	220	133
103	0	0	0	0	213	0	118	103	0	0	165	132	143	110	0	106	0	213	0	143	165	165	0	106	0	165	0	0	0	0	150	183	0	143	0	132	0	0	0	138	0	157	0	0	118	0	0	165	0
156	113	152	0	0	323	111	179	156	113	132	250	200	217	167	111	161	106	323	132	217	250	250	111	161	111	250	152	0	125	147	227	278	152	217	0	200	0	125	0	208	125	238	0	0	179	0	0	250	152
156	113	152	0	0	323	111	179	156	113	132	250	200	217	167	111	161	106	323	132	217	250	250	111	161	111	250	152	0	125	147	227	278	152	217	0	200	0	125	0	208	125	238	0	0	179	0	0	250	152
0	0	0	0	0	0	0	0	0	0	0	0	0	0	0	0	0	0	0	0	0	0	0	0	0	0	0	0	0	0	0	0	0	0	0	0	0	0	0	0	0	0	0	0	0	0	0	0	0	0
141	102	136	0	0	290	0	161	141	102	118	225	180	196	150	0	145	0	290	118	196	225	225	0	145	0	225	136	0	112	132	204	250	136	196	0	180	0	112	0	188	112	214	0	0	161	0	0	225	136
0	0	0	0	0	181	0	0	0	0	0	140	112	122	0	0	0	0	181	0	122	140	140	0	0	0	140	0	0	0	0	127	156	0	122	0	112	0	0	0	117	0	133	0	0	0	0	0	140	0
0	0	0	0	0	206	0	113	0	0	0	160	128	139	107	0	103	0	206	0	139	160	160	0	103	0	160	0	0	0	0	145	178	0	139	0	128	0	0	0	133	0	152	0	0	113	0	0	160	0
138	0	133	0	0	284	0	157	138	0	115	220	176	191	147	0	142	0	284	115	191	220	220	0	142	0	220	133	0	110	129	200	244	133	191	0	176	0	110	0	183	110	210	0	0	157	0	0	220	133
119	0	114	0	0	245	0	136	119	0	0	190	152	165	127	0	123	0	245	0	165	190	190	0	123	0	190	114	0	0	112	173	211	114	165	0	152	0	0	0	158	0	181	0	0	136	0	0	190	114
0	0	0	0	0	129	0	0	0	0	0	0	0	0	0	0	0	0	129	0	0	0	0	0	0	0	0	0	0	0	0	0	111	0	0	0	0	0	0	0	0	0	0	0	0	0	0	0	0	0
0	0	0	0	0	161	0	0	0	0	0	125	0	109	0	0	0	0	161	0	109	125	125	0	0	0	125	0	0	0	0	113	139	0	109	0	0	0	0	0	104	0	119	0	0	0	0	0	125	0
0	0	0	0	0	148	0	0	0	0	0	114	0	0	0	0	0	0	148	0	0	114	114	0	0	0	114	0	0	0	0	105	128	0	0	0	0	0	0	0	0	0	110	0	0	0	0	0	114	0
0	0	0	0	0	194	0	107	0	0	0	150	120	130	0	0	0	0	194	0	130	150	150	0	0	0	150	0	0	0	0	136	167	0	130	0	120	0	0	0	125	0	143	0	0	107	0	0	150	0
141	102	136	0	0	290	0	161	141	102	118	225	180	196	150	0	145	0	290	118	196	225	225	0	145	0	225	136	0	112	132	204	250	136	196	0	180	0	112	0	188	112	214	0	0	161	0	0	225	136
0	0	0	0	0	200	0	111	0	0	0	155	124	135	103	0	0	0	200	0	135	155	155	0	0	0	155	0	0	0	0	141	172	0	135	0	124	0	0	0	129	0	148	0	0	111	0	0	155	0
147	107	142	0	0	303	104	168	147	107	124	235	188	204	157	104	152	0	303	124	204	235	235	104	152	104	235	142	0	118	138	214	261	142	204	0	188	0	118	0	196	118	224	0	0	168	0	0	235	142
0	0	0	0	0	0	0	0	0	0	0	0	0	0	0	0	0	0	0	0	0	0	0	0	0	0	0	0	0	0	0	0	0	0	0	0	0	0	0	0	0	0	0	0	0	0	0	0	0	0
119	0	114	0	0	245	0	136	119	0	0	190	152	165	127	0	123	0	245	0	165	190	190	0	123	0	190	114	0	0	112	173	211	114	165	0	152	0	0	0	158	0	181	0	0	136	0	0	190	114
0	0	0	0	0	148	0	0	0	0	0	114	0	0	0	0	0	0	148	0	0	114	114	0	0	0	114	0	0	0	0	105	128	0	0	0	0	0	0	0	0	0	110	0	0	0	0	0	114	0
0	0	0	0	0	129	0	0	0	0	0	0	0	0	0	0	0	0	129	0	0	0	0	0	0	0	0	0	0	0	0	0	111	0	0	0	0	0	0	0	0	0	0	0	0	0	0	0	0	0
0	0	0	0	0	129	0	0	0	0	0	0	0	0	0	0	0	0	129	0	0	0	0	0	0	0	0	0	0	0	0	0	111	0	0	0	0	0	0	0	0	0	0	0	0	0	0	0	0	0
141	102	136	0	0	290	0	161	141	102	118	225	180	196	150	0	145	0	290	118	196	225	225	0	145	0	225	136	0	112	132	204	250	136	196	0	180	0	112	0	188	112	214	0	0	161	0	0	225	136
0	0	0	0	0	200	0	111	0	0	0	155	124	135	103	0	0	0	200	0	135	155	155	0	0	0	155	0	0	0	0	141	172	0	135	0	124	0	0	0	129	0	148	0	0	111	0	0	155	0
141	102	136	0	0	290	0	161	141	102	118	225	180	196	150	0	145	0	290	118	196	225	225	0	145	0	225	136	0	112	132	204	250	136	196	0	180	0	112	0	188	112	214	0	0	161	0	0	225	136
0	0	0	0	0	129	0	0	0	0	0	0	0	0	0	0	0	0	129	0	0	0	0	0	0	0	0	0	0	0	0	0	111	0	0	0	0	0	0	0	0	0	0	0	0	0	0	0	0	0
103	0	0	0	0	213	0	118	103	0	0	165	132	143	110	0	106	0	213	0	143	165	165	0	106	0	165	0	0	0	0	150	183	0	143	0	132	0	0	0	138	0	157	0	0	118	0	0	165	0
181	132	176	115	115	374	129	206	181	132	153	290	231	252	193	129	187	123	374	153	252	290	290	129	187	129	290	176	0	145	171	264	322	176	252	115	231	112	145	0	242	145	276	113	0	206	0	102	290	176
125	0	121	0	0	258	0	143	125	0	105	200	160	174	133	0	129	0	258	105	174	200	200	0	129	0	200	121	0	0	118	182	222	121	174	0	160	0	0	0	167	0	190	0	0	143	0	0	200	121
106	0	103	0	0	219	0	121	106	0	0	170	136	148	112	0	110	0	219	0	148	170	170	0	110	0	170	103	0	0	0	155	189	103	148	0	136	0	0	0	142	0	162	0	0	121	0	0	170	103
0	0	0	0	0	142	0	0	0	0	0	110	0	0	0	0	0	0	142	0	0	110	110	0	0	0	110	0	0	0	0	0	122	0	0	0	0	0	0	0	0	0	105	0	0	0	0	0	110	0
0	0	0	0	0	115	0	0	0	0	0	0	0	0	0	0	0	0	115	0	0	0	0	0	0	0	0	0	0	0	0	0	0	0	0	0	0	0	0	0	0	0	0	0	0	0	0	0	0	0
103	0	0	0	0	213	0	118	103	0	0	165	132	143	110	0	106	0	213	0	143	165	165	0	106	0	165	0	0	0	0	150	183	0	143	0	132	0	0	0	138	0	157	0	0	118	0	0	165	0
0	0	0	0	0	148	0	0	0	0	0	114	0	0	0	0	0	0	148	0	0	114	114	0	0	0	114	0	0	0	0	105	128	0	0	0	0	0	0	0	0	0	110	0	0	0	0	0	114	0
156	113	152	0	0	323	111	179	156	113	132	250	200	217	167	111	161	106	323	132	217	250	250	111	161	111	250	152	0	125	147	227	278	152	217	0	200	0	125	0	208	125	238	0	0	179	0	0	250	152
0	0	0	0	0	161	0	0	0	0	0	125	0	109	0	0	0	0	161	0	109	125	125	0	0	0	125	0	0	0	0	113	139	0	109	0	0	0	0	0	104	0	119	0	0	0	0	0	125	0
162	118	158	104	104	335	115	186	162	118	137	260	208	225	173	115	168	111	335	137	225	260	260	115	168	115	260	158	0	130	153	236	289	158	225	104	208	0	130	0	217	130	248	102	0	186	0	0	260	158
125	0	121	0	0	258	0	143	125	0	105	200	160	174	133	0	129	0	258	105	174	200	200	0	129	0	200	121	0	0	118	182	222	121	174	0	160	0	0	0	167	0	190	0	0	143	0	0	200	121
397	289	385	254	254	819	282	454	397	289	334	635	508	552	423	282	409	270	819	334	552	635	635	282	409	282	635	385	219	318	374	577	706	385	552	254	508	244	318	0	529	318	605	249	0	454	114	223	635	385
0	0	0	0	0	155	0	0	0	0	0	120	0	104	0	0	0	0	155	0	104	120	120	0	0	0	120	0	0	0	0	109	133	0	104	0	0	0	0	0	0	0	113	0	0	0	0	0	120	0
125	0	121	0	0	258	0	143	125	0	105	200	160	174	133	0	129	0	258	105	174	200	200	0	129	0	200	121	0	0	118	182	222	121	174	0	160	0	0	0	167	0	190	0	0	143	0	0	200	121
0	0	0	0	0	135	0	0	0	0	0	105	0	0	0	0	0	0	135	0	0	105	105	0	0	0	105	0	0	0	0	0	117	0	0	0	0	0	0	0	0	0	0	0	0	0	0	0	105	0
159	115	155	102	102	329	112	182	159	115	134	254	204	222	170	112	165	109	329	134	222	254	254	112	165	112	254	155	0	127	150	231	283	155	222	102	204	0	127	0	212	127	243	0	0	182	0	0	254	155
397	289	385	254	254	819	282	454	397	289	334	635	508	552	423	282	409	270	819	334	552	635	635	282	409	282	635	385	219	318	374	577	706	385	552	254	508	244	318	0	529	318	605	249	0	454	114	223	635	385
0	0	0	0	0	181	0	0	0	0	0	140	112	122	0	0	0	0	181	0	122	140	140	0	0	0	140	0	0	0	0	127	156	0	122	0	112	0	0	0	117	0	133	0	0	0	0	0	140	0
344	250	333	220	220	710	244	393	344	250	289	550	440	478	367	244	355	234	710	289	478	550	550	244	355	244	550	333	190	275	324	500	611	333	478	220	440	212	275	0	458	275	524	216	0	393	0	193	550	333
178	130	173	113	113	368	127	204	178	130	150	285	227	248	190	127	184	121	368	150	248	285	285	127	184	127	285	173	0	142	168	259	317	173	248	113	227	110	142	0	238	142	271	112	0	204	0	0	285	173
0	0	0	0	0	129	0	0	0	0	0	0	0	0	0	0	0	0	129	0	0	0	0	0	0	0	0	0	0	0	0	0	111	0	0	0	0	0	0	0	0	0	0	0	0	0	0	0	0	0
103	0	0	0	0	213	0	118	103	0	0	165	132	143	110	0	106	0	213	0	143	165	165	0	106	0	165	0	0	0	0	150	183	0	143	0	132	0	0	0	138	0	157	0	0	118	0	0	165	0