1839 1831 1751 1844 1862 1875 1861 1844 1854 1844 1855 1841 1862 1810 1838 1848 1847 1842 1889 1794 1852 1852 1859 1835 1858 1850 1850 1857 1866 1870 1860 1869 1833 1850 1840 1876 1859 1862 1828 1868 1875 1841 1843 1880 1845 1836 1867 1858 1854 1861

92

17 17 19 16 16 15 16 16 16 16 16 16 16 17 17 16 16 16 15 18 16 16 16 17 16 16 16 16 16 16 16 16 17 16 16 15 16 16 17 16 15 16 16 15 16 17 16 16 16 16

24.000535941679722 39.00025534583836 10.999962043359144 26.00063828282537

22765.0

0	0	0	0	27	26	0	24	24	28	0	0	28	0	28	0	0	0	28	24	0	24	26	0	0	0	28	25	0	0	28	0	0	27	24	0	28	0	28	0	0	0	0	0	30	27	0	30	0	0
26	0	28	27	23	22	28	20	20	24	28	0	24	28	24	27	28	28	23	20	26	20	22	28	0	26	24	21	28	26	24	30	28	23	20	0	25	26	24	28	0	28	28	28	25	23	26	26	28	26
28	0	0	30	25	24	0	22	22	26	0	0	26	0	26	30	0	0	26	22	28	22	24	0	0	28	26	23	0	28	26	0	0	25	22	0	27	28	26	0	0	0	0	0	27	25	28	28	0	28
28	0	0	0	26	24	0	22	22	26	0	0	26	0	26	30	0	0	26	22	28	22	25	0	0	28	26	23	0	28	26	0	0	26	22	0	28	28	26	0	0	0	0	0	28	25	28	28	0	28
0	0	0	0	0	28	0	26	27	0	0	0	0	0	0	0	0	0	0	26	0	26	28	0	0	0	0	28	0	0	0	0	0	0	26	0	0	0	0	0	0	0	0	0	0	30	0	0	0	0
0	0	0	0	0	0	0	28	28	0	0	0	0	0	0	0	0	0	0	27	0	27	0	0	0	0	0	28	0	0	0	0	0	0	27	0	0	0	0	0	0	0	0	0	0	0	0	0	0	0
28	0	30	30	25	24	0	22	22	26	0	0	26	0	26	28	0	30	25	22	28	22	24	30	0	28	26	23	0	28	26	0	30	25	22	0	27	28	26	0	0	0	0	0	27	25	28	28	0	28
0	0	0	0	0	0	0	0	0	0	0	0	0	0	0	0	0	0	0	30	0	30	0	0	0	0	0	0	0	0	0	0	0	0	30	0	0	0	0	0	0	0	0	0	0	0	0	0	0	0
0	0	0	0	0	0	0	30	0	0	0	0	0	0	0	0	0	0	0	30	0	30	0	0	0	0	0	0	0	0	0	0	0	0	30	0	0	0	0	0	0	0	0	0	0	0	0	0	0	0
0	0	0	0	28	28	0	26	26	0	0	0	0	0	0	0	0	0	30	25	0	25	28	0	0	0	30	27	0	0	0	0	0	28	25	0	0	0	0	0	0	0	0	0	0	28	0	0	0	0
27	0	28	28	24	23	28	21	21	25	0	0	25	0	25	28	0	28	25	21	27	21	24	28	0	27	25	22	0	27	25	0	28	24	21	0	26	27	25	0	0	30	0	0	26	24	28	27	0	27
26	0	28	27	23	22	28	20	20	24	28	0	24	28	24	27	28	28	23	20	26	20	22	28	0	26	24	21	28	26	24	30	28	23	20	0	25	26	24	28	0	28	28	28	25	23	26	26	28	26
0	0	0	0	28	28	0	26	26	30	0	0	0	0	0	0	0	0	30	25	0	25	28	0	0	0	30	27	0	0	30	0	0	28	25	0	0	0	30	0	0	0	0	0	0	28	0	0	0	0
27	0	28	28	24	23	28	21	21	25	30	0	25	0	25	28	30	28	25	21	27	21	23	28	0	27	25	22	0	27	25	0	28	24	21	0	26	27	25	30	0	30	30	30	26	24	28	27	0	27
0	0	0	0	28	28	0	26	26	30	0	0	30	0	0	0	0	0	28	25	0	25	28	0	0	0	30	27	0	0	30	0	0	28	25	0	0	0	30	0	0	0	0	0	0	28	0	0	0	0
28	0	0	0	26	25	0	23	23	26	0	0	26	0	27	0	0	0	26	22	28	22	25	0	0	28	26	24	0	28	26	0	0	26	22	0	28	28	26	0	0	0	0	0	28	25	28	28	0	28
27	0	28	28	24	23	28	21	21	25	30	0	25	0	25	28	0	28	25	21	27	21	23	28	0	27	25	22	0	27	25	0	28	24	21	0	26	27	25	30	0	30	30	0	26	24	28	27	0	27
28	0	30	30	25	24	0	22	22	26	0	0	26	0	26	30	0	0	25	22	28	22	24	30	0	28	26	23	0	28	26	0	0	25	22	0	27	28	26	0	0	0	0	0	27	25	28	28	0	28
0	0	0	0	30	28	0	26	26	0	0	0	0	0	0	0	0	0	0	26	0	26	28	0	0	0	0	27	0	0	0	0	0	30	26	0	0	0	0	0	0	0	0	0	0	28	0	0	0	0
0	0	0	0	0	0	0	0	0	0	0	0	0	0	0	0	0	0	0	0	0	0	0	0	0	0	0	0	0	0	0	0	0	0	0	0	0	0	0	0	0	0	0	0	0	0	0	0	0	0
30	0	0	0	27	26	0	24	24	28	0	0	28	0	28	0	0	0	27	23	0	23	26	0	0	30	28	25	0	30	28	0	0	27	23	0	28	0	28	0	0	0	0	0	28	26	0	30	0	30
0	0	0	0	0	0	0	0	0	0	0	0	0	0	0	0	0	0	0	0	0	0	0	0	0	0	0	0	0	0	0	0	0	0	0	0	0	0	0	0	0	0	0	0	0	0	0	0	0	0
0	0	0	0	0	30	0	28	28	0	0	0	0	0	0	0	0	0	0	27	0	27	0	0	0	0	0	28	0	0	0	0	0	0	27	0	0	0	0	0	0	0	0	0	0	0	0	0	0	0
28	0	0	30	25	24	0	22	22	26	0	0	26	0	26	30	0	0	26	22	28	22	24	0	0	28	26	23	0	28	26	0	0	25	22	0	27	28	26	0	0	0	0	0	27	25	28	28	0	28
25	28	27	27	22	21	27	20	20	23	28	28	23	28	23	26	28	27	23	19	25	19	22	27	0	25	23	20	28	25	23	28	27	22	19	0	24	25	23	28	0	28	28	28	24	22	26	25	28	25
30	0	0	0	27	26	0	24	24	28	0	0	28	0	28	0	0	0	27	24	0	24	26	0	0	0	28	25	0	30	28	0	0	27	24	0	28	0	28	0	0	0	0	0	28	27	0	30	0	0
0	0	0	0	28	28	0	26	26	0	0	0	0	0	0	0	0	0	30	25	0	25	28	0	0	0	0	27	0	0	0	0	0	28	25	0	0	0	0	0	0	0	0	0	0	28	0	0	0	0
0	0	0	0	0	0	0	28	28	0	0	0	0	0	0	0	0	0	0	28	0	28	0	0	0	0	0	0	0	0	0	0	0	0	28	0	0	0	0	0	0	0	0	0	0	0	0	0	0	0
27	0	28	28	24	23	28	21	21	25	30	0	25	30	25	28	30	28	24	21	27	21	23	28	0	27	25	22	0	27	25	0	28	24	21	0	26	27	25	30	0	30	30	30	26	24	28	27	0	27
0	0	0	0	27	26	0	24	24	28	0	0	28	0	28	0	0	0	28	24	0	24	26	0	0	0	28	25	0	0	28	0	0	27	24	0	28	0	28	0	0	0	0	0	30	27	0	30	0	0
0	0	0	0	28	28	0	26	26	0	0	0	0	0	0	0	0	0	30	25	0	25	28	0	0	0	30	27	0	0	0	0	0	28	25	0	0	0	0	0	0	0	0	0	0	28	0	0	0	0
26	0	28	28	24	22	28	20	21	24	28	0	24	28	24	28	28	28	24	20	26	20	23	28	0	26	24	21	28	26	24	0	28	24	20	0	25	26	24	28	0	28	28	28	25	23	27	26	30	26
28	0	30	30	25	24	0	22	22	26	0	0	26	0	26	30	0	0	25	22	28	22	24	30	0	28	26	23	0	28	26	0	0	25	22	0	27	28	26	0	0	0	0	0	27	25	28	28	0	28
0	0	0	0	0	28	0	26	27	0	0	0	0	0	0	0	0	0	0	26	0	26	28	0	0	0	0	28	0	0	0	0	0	0	26	0	0	0	0	0	0	0	0	0	0	30	0	0	0	0
0	0	0	0	0	0	0	0	0	0	0	0	0	0	0	0	0	0	0	0	0	0	0	0	0	0	0	0	0	0	0	0	0	0	0	0	0	0	0	0	0	0	0	0	0	0	0	0	0	0
23	27	25	25	21	20	25	18	18	21	26	27	21	26	21	24	26	25	21	18	23	18	20	25	28	23	21	19	26	23	21	27	25	21	18	0	22	23	21	26	0	26	26	26	23	20	24	23	26	23
0	0	0	0	28	27	0	25	25	28	0	0	28	0	28	0	0	0	28	24	0	24	27	0	0	0	28	26	0	0	28	0	0	28	24	0	0	0	28	0	0	0	0	0	0	27	0	0	0	0
30	0	0	0	27	26	0	24	24	28	0	0	28	0	28	0	0	0	27	23	0	23	26	0	0	30	28	25	0	30	28	0	0	27	23	0	28	0	28	0	0	0	0	0	28	26	0	30	0	30
0	0	0	0	28	28	0	26	26	0	0	0	0	0	0	0	0	0	30	25	0	25	28	0	0	0	30	27	0	0	0	0	0	28	25	0	0	0	0	0	0	0	0	0	0	28	0	0	0	0
27	0	28	28	24	23	28	21	21	25	0	0	25	0	25	28	0	28	25	21	27	21	24	28	0	27	25	22	0	27	25	0	28	24	21	0	26	27	25	0	0	30	0	0	26	24	28	27	0	27
22	26	24	23	20	19	24	17	17	20	24	26	20	25	20	23	25	24	20	17	22	17	19	24	27	22	20	18	25	22	20	25	24	20	17	28	21	22	20	24	0	24	24	25	21	19	23	22	25	22
27	0	28	28	25	23	30	22	22	25	0	0	25	0	25	28	0	28	25	21	28	21	24	28	0	27	25	23	0	27	25	0	28	25	21	0	27	28	25	0	0	0	0	0	27	24	28	27	0	27
27	0	28	28	24	23	28	21	21	25	0	0	25	0	25	28	0	28	25	21	27	21	24	28	0	27	25	22	0	27	25	0	28	24	21	0	26	27	25	0	0	30	0	0	26	24	28	27	0	27
27	0	28	28	24	23	28	21	21	25	30	0	25	0	25	28	0	28	25	21	27	21	23	28	0	27	25	22	0	27	25	0	28	24	21	0	26	27	25	30	0	30	30	0	26	24	28	27	0	27
0	0	0	0	28	27	0	25	25	28	0	0	28	0	28	0	0	0	28	24	0	24	27	0	0	0	28	26	0	0	28	0	0	28	24	0	30	0	28	0	0	0	0	0	0	27	0	0	0	0
0	0	0	0	0	28	0	27	27	0	0	0	0	0	0	0	0	0	0	27	0	27	30	0	0	0	0	28	0	0	0	0	0	0	27	0	0	0	0	0	0	0	0	0	0	0	0	0	0	0
28	0	0	0	27	25	0	23	23	27	0	0	27	0	27	0	0	0	27	23	30	23	25	0	0	28	27	24	0	28	27	0	0	27	23	0	28	30	27	0	0	0	0	0	28	26	0	28	0	28
0	0	0	0	27	26	0	24	24	28	0	0	28	0	28	0	0	0	28	24	0	24	26	0	0	0	28	25	0	0	28	0	0	27	24	0	28	0	28	0	0	0	0	0	30	27	0	0	0	0
26	0	28	28	24	23	28	21	21	24	28	0	24	30	25	28	30	28	24	20	27	20	23	28	0	26	24	22	30	26	24	0	28	24	20	0	26	27	24	28	0	28	28	30	26	23	27	26	0	26
30	0	0	0	27	26	0	24	24	28	0	0	28	0	28	0	0	0	27	24	0	24	26	0	0	30	28	25	0	30	28	0	0	27	24	0	28	0	28	0	0	0	0	0	28	27	0	30	0	0

0	35	32	32	0	0	33	0	0	0	33	35	0	34	0	32	34	32	0	0	30	0	0	32	36	30	0	0	34	0	0	35	32	0	0	39	0	30	0	33	40	33	33	34	0	0	31	0	34	30
0	0	0	0	0	0	0	0	0	0	0	0	0	0	0	0	0	0	0	0	0	0	0	0	31	0	0	0	0	0	0	0	0	0	0	33	0	0	0	0	35	0	0	0	0	0	0	0	0	0
0	33	0	0	0	0	30	0	0	0	31	33	0	31	0	0	31	30	0	0	0	0	0	0	34	0	0	0	32	0	0	32	30	0	0	36	0	0	0	31	38	31	31	31	0	0	0	0	32	0
0	33	30	0	0	0	31	0	0	0	31	33	0	32	0	0	32	30	0	0	0	0	0	30	34	0	0	0	32	0	0	33	30	0	0	36	0	0	0	31	38	31	31	32	0	0	0	0	32	0
33	38	35	35	0	0	36	0	0	31	37	38	31	37	31	35	37	35	30	0	33	0	0	35	39	33	31	0	37	33	31	38	35	0	0	42	32	33	31	37	44	36	37	37	32	0	34	33	37	33
35	40	37	37	32	0	37	0	0	32	38	40	32	38	32	37	38	37	32	0	35	0	30	37	41	35	32	0	39	35	32	40	37	32	0	44	34	35	32	38	46	38	38	38	34	31	36	35	39	35
0	32	0	0	0	0	0	0	0	0	31	32	0	31	0	0	31	0	0	0	0	0	0	0	33	0	0	0	31	0	0	32	0	0	0	36	0	0	0	31	38	31	31	31	0	0	0	0	32	0
37	43	40	39	34	33	40	0	30	35	41	43	35	41	35	39	41	40	34	0	38	0	33	40	44	37	35	31	41	37	35	42	40	34	0	47	36	38	35	41	49	41	41	41	37	33	38	37	42	37
37	43	40	39	34	32	40	0	0	35	41	43	35	41	35	39	41	40	34	0	38	0	33	40	44	37	35	31	41	37	35	42	40	34	0	47	36	38	35	41	49	41	41	41	36	33	38	37	42	37
32	38	35	34	0	0	35	0	0	0	36	38	30	36	30	34	36	35	0	0	33	0	0	35	39	32	0	0	36	32	0	37	35	0	0	41	32	33	0	36	43	36	36	36	32	0	33	32	37	32
0	32	0	0	0	0	0	0	0	0	0	32	0	30	0	0	30	0	0	0	0	0	0	0	33	0	0	0	30	0	0	31	0	0	0	35	0	0	0	0	37	0	0	30	0	0	0	0	31	0
0	0	0	0	0	0	0	0	0	0	0	0	0	0	0	0	0	0	0	0	0	0	0	0	31	0	0	0	0	0	0	0	0	0	0	33	0	0	0	0	35	0	0	0	0	0	0	0	0	0
32	37	35	34	0	0	35	0	0	0	36	37	0	36	30	34	36	35	0	0	33	0	0	35	39	32	0	0	36	32	0	37	35	0	0	41	32	33	0	36	43	36	36	36	32	0	33	32	37	32
0	31	0	0	0	0	0	0	0	0	0	31	0	0	0	0	0	0	0	0	0	0	0	0	32	0	0	0	30	0	0	31	0	0	0	35	0	0	0	0	36	0	0	0	0	0	0	0	31	0
32	37	34	34	0	0	35	0	0	0	36	37	0	36	0	34	36	34	0	0	32	0	0	34	38	32	0	0	36	32	0	37	34	0	0	41	31	32	0	36	43	35	36	36	31	0	33	32	36	32
0	33	30	30	0	0	31	0	0	0	32	33	0	32	0	0	32	31	0	0	0	0	0	30	34	0	0	0	32	0	0	33	31	0	0	37	0	0	0	32	38	31	32	32	0	0	0	0	32	0
0	32	0	0	0	0	0	0	0	0	0	32	0	30	0	0	0	0	0	0	0	0	0	0	32	0	0	0	30	0	0	31	0	0	0	35	0	0	0	0	37	0	0	0	0	0	0	0	31	0
0	33	0	0	0	0	30	0	0	0	31	33	0	31	0	0	31	0	0	0	0	0	0	0	34	0	0	0	31	0	0	32	0	0	0	36	0	0	0	31	38	31	31	31	0	0	0	0	32	0
33	38	35	35	0	0	36	0	0	31	36	38	31	37	31	35	37	35	0	0	33	0	0	35	39	33	31	0	37	33	31	38	35	0	0	42	32	33	31	36	44	36	36	37	32	0	34	33	37	33
38	43	40	40	35	33	41	31	31	35	42	43	35	42	36	40	42	40	35	0	38	0	33	40	45	38	35	32	42	38	35	43	40	35	0	47	37	38	35	42	50	41	42	42	37	34	39	38	42	38
0	35	32	32	0	0	32	0	0	0	33	35	0	33	0	32	33	32	0	0	0	0	0	32	36	0	0	0	33	0	0	34	32	0	0	38	0	0	0	33	40	33	33	33	0	0	31	0	34	0
38	43	40	40	35	33	41	31	31	35	42	43	35	42	36	40	42	40	35	0	38	0	33	40	45	38	35	32	42	38	35	43	40	35	0	47	37	38	35	42	50	41	42	42	37	34	39	38	42	38
34	40	37	36	31	0	37	0	0	32	38	40	32	38	32	36	38	37	31	0	35	0	0	37	41	34	32	0	38	34	32	39	37	31	0	43	34	35	32	38	45	38	38	38	34	31	35	34	39	34
0	33	0	0	0	0	30	0	0	0	31	33	0	31	0	0	31	30	0	0	0	0	0	0	34	0	0	0	32	0	0	32	30	0	0	36	0	0	0	31	38	31	31	31	0	0	0	0	32	0
0	0	0	0	0	0	0	0	0	0	0	0	0	0	0	0	0	0	0	0	0	0	0	0	0	0	0	0	0	0	0	0	0	0	0	32	0	0	0	0	34	0	0	0	0	0	0	0	0	0
0	35	32	32	0	0	33	0	0	0	33	35	0	34	0	32	34	32	0	0	30	0	0	32	36	0	0	0	34	0	0	35	32	0	0	39	0	30	0	33	40	33	33	34	0	0	31	0	34	30
32	38	35	34	0	0	35	0	0	30	36	38	30	36	30	34	36	35	0	0	33	0	0	35	39	32	0	0	36	32	30	37	35	0	0	41	32	33	30	36	43	36	36	36	32	0	33	32	37	32
36	41	38	38	33	31	39	0	0	33	40	41	34	40	34	38	40	38	33	0	36	0	32	38	43	36	33	0	40	36	33	41	38	33	0	45	35	36	33	40	47	39	40	40	35	32	37	36	40	36
0	31	0	0	0	0	0	0	0	0	0	31	0	0	0	0	0	0	0	0	0	0	0	0	32	0	0	0	0	0	0	31	0	0	0	35	0	0	0	0	36	0	0	0	0	0	0	0	30	0
0	35	32	32	0	0	33	0	0	0	33	35	0	34	0	32	34	32	0	0	30	0	0	32	36	30	0	0	34	0	0	35	32	0	0	39	0	30	0	33	40	33	33	34	0	0	31	0	34	30
32	38	35	34	0	0	35	0	0	0	36	38	30	36	30	34	36	35	0	0	33	0	0	35	39	32	0	0	36	32	0	37	35	0	0	41	32	33	0	36	43	36	36	36	32	0	33	32	37	32
0	30	0	0	0	0	0	0	0	0	0	30	0	0	0	0	0	0	0	0	0	0	0	0	31	0	0	0	0	0	0	0	0	0	0	34	0	0	0	0	35	0	0	0	0	0	0	0	0	0
0	33	0	0	0	0	30	0	0	0	31	33	0	31	0	0	31	0	0	0	0	0	0	0	34	0	0	0	31	0	0	32	0	0	0	36	0	0	0	31	38	31	31	31	0	0	0	0	32	0
33	38	35	35	0	0	36	0	0	31	37	38	31	37	31	35	37	35	30	0	33	0	0	35	39	33	31	0	37	33	31	38	35	0	0	42	32	33	31	37	44	36	37	37	32	0	34	33	37	33
38	43	40	40	35	33	41	31	31	35	42	43	35	42	36	40	42	40	35	0	38	0	33	40	45	38	35	32	42	38	35	43	40	35	0	47	37	38	35	42	50	41	42	42	37	34	39	38	42	38
0	0	0	0	0	0	0	0	0	0	0	0	0	0	0	0	0	0	0	0	0	0	0	0	0	0	0	0	0	0	0	0	0	0	0	0	0	0	0	0	32	0	0	0	0	0	0	0	0	0
31	36	33	33	0	0	33	0	0	0	34	36	0	34	0	33	34	33	0	0	31	0	0	33	37	31	0	0	35	31	0	35	33	0	0	39	0	31	0	34	41	34	34	34	30	0	32	31	35	31
0	35	32	32	0	0	32	0	0	0	33	35	0	33	0	32	33	32	0	0	0	0	0	32	36	0	0	0	33	0	0	34	32	0	0	38	0	0	0	33	40	33	33	33	0	0	31	0	34	0
32	38	35	34	0	0	35	0	0	0	36	38	30	36	30	34	36	35	0	0	33	0	0	35	39	32	0	0	36	32	0	37	35	0	0	41	32	33	0	36	43	36	36	36	32	0	33	32	37	32
0	32	0	0	0	0	0	0	0	0	0	32	0	30	0	0	30	0	0	0	0	0	0	0	33	0	0	0	30	0	0	31	0	0	0	35	0	0	0	0	37	0	0	30	0	0	0	0	31	0
0	0	0	0	0	0	0	0	0	0	0	0	0	0	0	0	0	0	0	0	0	0	0	0	0	0	0	0	0	0	0	0	0	0	0	0	0	0	0	0	0	0	0	0	0	0	0	0	0	0
0	32	0	0	0	0	0	0	0	0	30	32	0	30	0	0	30	0	0	0	0	0	0	0	33	0	0	0	31	0	0	32	0	0	0	35	0	0	0	30	37	0	30	30	0	0	0	0	31	0
0	32	0	0	0	0	0	0	0	0	0	32	0	30	0	0	30	0	0	0	0	0	0	0	33	0	0	0	30	0	0	31	0	0	0	35	0	0	0	0	37	0	0	30	0	0	0	0	31	0
0	32	0	0	0	0	0	0	0	0	0	32	0	30	0	0	0	0	0	0	0	0	0	0	32	0	0	0	30	0	0	31	0	0	0	35	0	0	0	0	37	0	0	0	0	0	0	0	31	0
31	36	33	33	0	0	33	0	0	0	34	36	0	34	0	33	34	33	0	0	31	0	0	33	37	31	0	0	34	31	0	35	33	0	0	39	0	31	0	34	41	34	34	34	0	0	32	31	35	31
34	39	36	36	31	0	36	0	0	31	37	39	31	37	32	36	37	36	31	0	34	0	0	36	40	34	31	0	38	34	31	39	36	31	0	43	33	34	31	37	45	37	37	37	33	0	35	34	38	34
0	34	31	31	0	0	32	0	0	0	32	34	0	33	0	31	33	31	0	0	0	0	0	31	35	0	0	0	33	0	0	34	31	0	0	37	0	0	0	32	39	32	32	33	0	0	0	0	33	0
30	35	32	32	0	0	33	0	0	0	33	35	0	34	0	32	34	32	0	0	31	0	0	32	36	30	0	0	34	30	0	35	32	0	0	39	0	31	0	33	40	33	33	34	0	0	31	0	34	30
0	31	0	0	0	0	0	0	0	0	0	31	0	0	0	0	0	0	0	0	0	0	0	0	32	0	0	0	0	0	0	31	0	0	0	34	0	0	0	0	36	0	0	0	0	0	0	0	0	0
0	35	32	32	0	0	33	0	0	0	33	35	0	33	0	32	33	32	0	0	30	0	0	32	36	0	0	0	34	0	0	35	32	0	0	38	0	30	0	33	40	33	33	33	0	0	31	0	34	0

0	0	0	0	0	66	42	0	0	94	0	0	66	0	87	0	77	0	24	0	0	82	0	82	0	0	0	0	0	25	0	0	59	0	73	0	0	0	92	0	0	66	0	0	0	0	0	0	0	0
91	0	0	0	0	60	38	0	0	86	0	0	60	0	79	0	70	0	21	0	0	75	0	75	0	0	0	0	0	23	0	0	54	0	67	0	0	0	83	0	0	60	91	0	0	0	0	0	0	0
64	70	0	70	70	42	27	0	84	60	70	0	42	72	55	70	49	84	15	95	84	52	70	52	93	91	84	70	70	16	70	70	38	70	47	84	0	70	57	84	91	42	64	0	91	0	0	70	75	70
91	0	0	0	0	60	38	0	0	86	0	0	60	0	79	0	70	0	21	0	0	75	0	75	0	0	0	0	0	23	0	0	54	0	67	0	0	0	83	0	0	60	91	0	0	0	0	0	0	0
91	0	0	0	0	60	38	0	0	86	0	0	60	0	79	0	70	0	21	0	0	75	0	75	0	0	0	0	0	23	0	0	54	0	67	0	0	0	83	0	0	60	91	0	0	0	0	0	0	0
0	0	0	0	0	0	64	0	0	0	0	0	0	0	0	0	0	0	36	0	0	0	0	0	0	0	0	0	0	38	0	0	89	0	0	0	0	0	0	0	0	0	0	0	0	0	0	0	0	0
0	0	0	0	0	0	0	0	0	0	0	0	0	0	0	0	0	0	56	0	0	0	0	0	0	0	0	0	0	59	0	0	0	0	0	0	0	0	0	0	0	0	0	0	0	0	0	0	0	0
61	67	95	67	67	40	25	0	80	56	67	0	40	69	53	67	47	80	14	91	80	50	67	50	89	87	80	67	67	15	67	67	36	67	44	80	0	67	56	80	87	40	61	0	87	0	0	67	71	67
76	83	0	83	83	50	32	0	0	71	83	0	50	86	66	83	57	0	18	0	0	62	83	62	0	0	0	83	83	19	83	83	45	83	56	0	0	83	69	0	0	50	76	0	0	0	0	83	89	83
0	0	0	0	0	70	45	0	0	0	0	0	70	0	92	0	81	0	25	0	0	88	0	88	0	0	0	0	0	27	0	0	62	0	78	0	0	0	97	0	0	70	0	0	0	0	0	0	0	0
91	0	0	0	0	60	38	0	0	86	0	0	60	0	79	0	70	0	21	0	0	75	0	75	0	0	0	0	0	23	0	0	54	0	67	0	0	0	83	0	0	60	91	0	0	0	0	0	0	0
61	67	95	67	67	40	25	0	80	56	67	0	40	69	53	67	47	80	14	91	80	50	67	50	89	87	80	67	67	15	67	67	36	67	44	80	0	67	56	80	87	40	61	0	87	0	0	67	71	67
0	0	0	0	0	0	64	0	0	0	0	0	0	0	0	0	0	0	36	0	0	0	0	0	0	0	0	0	0	38	0	0	89	0	0	0	0	0	0	0	0	0	0	0	0	0	0	0	0	0
88	97	0	97	97	57	37	0	0	83	97	0	57	0	76	97	67	0	21	0	0	72	97	72	0	0	0	97	97	22	97	97	52	97	64	0	0	97	81	0	0	57	88	0	0	0	0	97	0	97
0	0	0	0	0	76	48	0	0	0	0	0	76	0	0	0	88	0	27	0	0	95	0	95	0	0	0	0	0	28	0	0	68	0	84	0	0	0	0	0	0	76	0	0	0	0	0	0	0	0
91	0	0	0	0	60	38	0	0	86	0	0	60	0	79	0	70	0	21	0	0	75	0	75	0	0	0	0	0	23	0	0	54	0	67	0	0	0	83	0	0	60	91	0	0	0	0	0	0	0
0	0	0	0	0	86	55	0	0	0	0	0	86	0	0	0	0	0	31	0	0	0	0	0	0	0	0	0	0	33	0	0	77	0	96	0	0	0	0	0	0	86	0	0	0	0	0	0	0	0
76	83	0	83	83	50	32	0	0	71	83	0	50	86	66	83	57	0	18	0	0	62	83	62	0	0	0	83	83	19	83	83	45	83	56	0	0	83	69	0	0	50	76	0	0	0	0	83	89	83
0	0	0	0	0	0	0	0	0	0	0	0	0	0	0	0	0	0	0	0	0	0	0	0	0	0	0	0	0	0	0	0	0	0	0	0	0	0	0	0	0	0	0	0	0	0	0	0	0	0
67	73	0	73	73	44	28	0	88	63	73	0	44	76	57	73	51	88	16	0	88	55	73	55	98	96	88	73	73	17	73	73	39	73	49	88	0	73	61	88	96	44	67	0	96	0	0	73	79	73
76	83	0	83	83	50	32	0	0	71	83	0	50	86	66	83	57	0	18	0	0	62	83	62	0	0	0	83	83	19	83	83	45	83	56	0	0	83	69	0	0	50	76	0	0	0	0	83	89	83
0	0	0	0	0	80	51	0	0	0	0	0	80	0	0	0	93	0	28	0	0	0	0	0	0	0	0	0	0	30	0	0	71	0	89	0	0	0	0	0	0	80	0	0	0	0	0	0	0	0
91	0	0	0	0	60	38	0	0	86	0	0	60	0	79	0	70	0	21	0	0	75	0	75	0	0	0	0	0	23	0	0	54	0	67	0	0	0	83	0	0	60	91	0	0	0	0	0	0	0
0	0	0	0	0	80	51	0	0	0	0	0	80	0	0	0	93	0	28	0	0	0	0	0	0	0	0	0	0	30	0	0	71	0	89	0	0	0	0	0	0	80	0	0	0	0	0	0	0	0
68	75	0	75	75	45	28	0	90	64	75	0	45	78	59	75	52	90	16	0	90	56	75	56	0	98	90	75	75	17	75	75	40	75	50	90	0	75	62	90	98	45	68	0	98	0	0	75	80	75
70	77	0	77	77	46	28	0	92	66	77	0	46	79	61	77	53	92	16	0	92	56	77	56	0	0	92	77	77	17	77	77	41	77	51	92	0	77	64	92	0	46	70	0	0	0	0	77	82	77
76	83	0	83	83	50	32	0	0	71	83	0	50	86	66	83	57	0	18	0	0	62	83	62	0	0	0	83	83	19	83	83	45	83	56	0	0	83	69	0	0	50	76	0	0	0	0	83	89	83
91	0	0	0	0	60	38	0	0	86	0	0	60	0	79	0	70	0	21	0	0	75	0	75	0	0	0	0	0	23	0	0	54	0	67	0	0	0	83	0	0	60	91	0	0	0	0	0	0	0
91	0	0	0	0	60	38	0	0	86	0	0	60	0	79	0	70	0	21	0	0	75	0	75	0	0	0	0	0	23	0	0	54	0	67	0	0	0	83	0	0	60	91	0	0	0	0	0	0	0
0	0	0	0	0	0	0	0	0	0	0	0	0	0	0	0	0	0	94	0	0	0	0	0	0	0	0	0	0	0	0	0	0	0	0	0	0	0	0	0	0	0	0	0	0	0	0	0	0	0
91	0	0	0	0	60	38	0	0	86	0	0	60	0	79	0	70	0	21	0	0	75	0	75	0	0	0	0	0	23	0	0	54	0	67	0	0	0	83	0	0	60	91	0	0	0	0	0	0	0
91	0	0	0	0	60	38	0	0	86	0	0	60	0	79	0	70	0	21	0	0	75	0	75	0	0	0	0	0	23	0	0	54	0	67	0	0	0	83	0	0	60	91	0	0	0	0	0	0	0
0	0	0	0	0	0	71	0	0	0	0	0	0	0	0	0	0	0	40	0	0	0	0	0	0	0	0	0	0	42	0	0	0	0	0	0	0	0	0	0	0	0	0	0	0	0	0	0	0	0
91	0	0	0	0	60	38	0	0	86	0	0	60	0	79	0	70	0	21	0	0	75	0	75	0	0	0	0	0	23	0	0	54	0	67	0	0	0	83	0	0	60	91	0	0	0	0	0	0	0
0	0	0	0	0	90	56	0	0	0	0	0	90	0	0	0	0	0	32	0	0	0	0	0	0	0	0	0	0	34	0	0	80	0	0	0	0	0	0	0	0	90	0	0	0	0	0	0	0	0
76	83	0	83	83	50	32	0	0	71	83	0	50	86	66	83	57	0	18	0	0	62	83	62	0	0	0	83	83	19	83	83	45	83	56	0	0	83	69	0	0	50	76	0	0	0	0	83	89	83
55	60	86	60	60	36	23	90	72	51	60	90	36	62	47	60	42	72	13	82	72	45	60	45	80	78	72	60	60	14	60	60	32	60	40	72	0	60	50	72	78	36	55	90	78	90	0	60	64	60
91	0	0	0	0	60	38	0	0	86	0	0	60	0	79	0	70	0	21	0	0	75	0	75	0	0	0	0	0	23	0	0	54	0	67	0	0	0	83	0	0	60	91	0	0	0	0	0	0	0
0	0	0	0	0	72	46	0	0	0	0	0	72	0	95	0	84	0	26	0	0	90	0	90	0	0	0	0	0	27	0	0	64	0	80	0	0	0	0	0	0	72	0	0	0	0	0	0	0	0
76	83	0	83	83	50	32	0	0	71	83	0	50	86	66	83	57	0	18	0	0	62	83	62	0	0	0	83	83	19	83	83	45	83	56	0	0	83	69	0	0	50	76	0	0	0	0	83	89	83
70	77	0	77	77	46	28	0	92	66	77	0	46	79	61	77	53	92	16	0	92	56	77	56	0	0	92	77	77	17	77	77	41	77	51	92	0	77	64	92	0	46	70	0	0	0	0	77	82	77
0	0	0	0	0	0	64	0	0	0	0	0	0	0	0	0	0	0	36	0	0	0	0	0	0	0	0	0	0	38	0	0	89	0	0	0	0	0	0	0	0	0	0	0	0	0	0	0	0	0
0	0	0	0	0	66	42	0	0	94	0	0	66	0	87	0	77	0	24	0	0	82	0	82	0	0	0	0	0	25	0	0	59	0	73	0	0	0	92	0	0	66	0	0	0	0	0	0	0	0
61	67	95	67	67	40	25	0	80	56	67	0	40	69	53	67	47	80	14	91	80	50	67	50	89	87	80	67	67	15	67	67	36	67	44	80	0	67	56	80	87	40	61	0	87	0	0	67	71	67
70	77	0	77	77	46	28	0	92	66	77	0	46	79	61	77	53	92	16	0	92	56	77	56	0	0	92	77	77	17	77	77	41	77	51	92	0	77	64	92	0	46	70	0	0	0	0	77	82	77
61	67	95	67	67	40	25	0	80	56	67	0	40	69	53	67	47	80	14	91	80	50	67	50	89	87	80	67	67	15	67	67	36	67	44	80	0	67	56	80	87	40	61	0	87	0	0	67	71	67
55	60	86	60	60	36	23	90	72	51	60	90	36	62	47	60	42	72	13	82	72	45	60	45	80	78	72	60	60	14	60	60	32	60	40	72	0	60	50	72	78	36	55	90	78	90	0	60	64	60
91	0	0	0	0	60	38	0	0	86	0	0	60	0	79	0	70	0	21	0	0	75	0	75	0	0	0	0	0	23	0	0	54	0	67	0	0	0	83	0	0	60	91	0	0	0	0	0	0	0
85	93	0	93	93	56	36	0	0	80	93	0	56	97	74	93	65	0	20	0	0	70	93	70	0	0	0	93	93	21	93	93	50	93	62	0	0	93	78	0	0	56	85	0	0	0	0	93	0	93
91	0	0	0	0	60	38	0	0	86	0	0	60	0	79	0	70	0	21	0	0	75	0	75	0	0	0	0	0	23	0	0	54	0	67	0	0	0	83	0	0	60	91	0	0	0	0	0	0	0

0	110	157	110	110	0	0	165	132	0	110	165	0	113	0	110	0	132	0	150	132	0	110	0	147	143	132	110	110	0	110	110	0	110	0	132	183	110	0	132	143	0	0	165	143	165	183	110	118	110
0	0	143	0	0	0	0	150	120	0	0	150	0	103	0	0	0	120	0	136	120	0	0	0	133	130	120	0	0	0	0	0	0	0	0	120	167	0	0	120	130	0	0	150	130	150	167	0	107	0
0	0	0	0	0	0	0	105	0	0	0	105	0	0	0	0	0	0	0	0	0	0	0	0	0	0	0	0	0	0	0	0	0	0	0	0	117	0	0	0	0	0	0	105	0	105	117	0	0	0
0	0	143	0	0	0	0	150	120	0	0	150	0	103	0	0	0	120	0	136	120	0	0	0	133	130	120	0	0	0	0	0	0	0	0	120	167	0	0	120	130	0	0	150	130	150	167	0	107	0
0	0	143	0	0	0	0	150	120	0	0	150	0	103	0	0	0	120	0	136	120	0	0	0	133	130	120	0	0	0	0	0	0	0	0	120	167	0	0	120	130	0	0	150	130	150	167	0	107	0
152	167	238	167	167	0	0	250	200	143	167	250	0	172	132	167	115	200	0	227	200	125	167	125	222	217	200	167	167	0	167	167	0	167	111	200	278	167	139	200	217	0	152	250	217	250	278	167	179	167
238	262	374	262	262	157	0	392	314	224	262	392	157	271	206	262	183	314	0	357	314	196	262	196	349	341	314	262	262	0	262	262	140	262	174	314	436	262	218	314	341	157	238	392	341	392	436	262	280	262
0	0	0	0	0	0	0	0	0	0	0	0	0	0	0	0	0	0	0	0	0	0	0	0	0	0	0	0	0	0	0	0	0	0	0	0	111	0	0	0	0	0	0	0	0	0	111	0	0	0
0	0	119	0	0	0	0	125	0	0	0	125	0	0	0	0	0	0	0	113	0	0	0	0	111	109	0	0	0	0	0	0	0	0	0	0	139	0	0	0	109	0	0	125	109	125	139	0	0	0
106	117	167	117	117	0	0	175	140	0	117	175	0	121	0	117	0	140	0	159	140	0	117	0	156	152	140	117	117	0	117	117	0	117	0	140	194	117	0	140	152	0	106	175	152	175	194	117	125	117
0	0	143	0	0	0	0	150	120	0	0	150	0	103	0	0	0	120	0	136	120	0	0	0	133	130	120	0	0	0	0	0	0	0	0	120	167	0	0	120	130	0	0	150	130	150	167	0	107	0
0	0	0	0	0	0	0	0	0	0	0	0	0	0	0	0	0	0	0	0	0	0	0	0	0	0	0	0	0	0	0	0	0	0	0	0	111	0	0	0	0	0	0	0	0	0	111	0	0	0
152	167	238	167	167	0	0	250	200	143	167	250	0	172	132	167	115	200	0	227	200	125	167	125	222	217	200	167	167	0	167	167	0	167	111	200	278	167	139	200	217	0	152	250	217	250	278	167	179	167
0	0	138	0	0	0	0	145	115	0	0	145	0	0	0	0	0	115	0	132	115	0	0	0	129	126	115	0	0	0	0	0	0	0	0	115	161	0	0	115	126	0	0	145	126	145	161	0	104	0
114	127	181	127	127	0	0	190	152	109	127	190	0	131	0	127	0	152	0	173	152	0	127	0	169	165	152	127	127	0	127	127	0	127	0	152	211	127	106	152	165	0	114	190	165	190	211	127	136	127
0	0	143	0	0	0	0	150	120	0	0	150	0	103	0	0	0	120	0	136	120	0	0	0	133	130	120	0	0	0	0	0	0	0	0	120	167	0	0	120	130	0	0	150	130	150	167	0	107	0
130	143	204	143	143	0	0	215	172	123	143	215	0	148	112	143	0	172	0	195	172	108	143	108	191	187	172	143	143	0	143	143	0	143	0	172	239	143	119	172	187	0	130	215	187	215	239	143	154	143
0	0	119	0	0	0	0	125	0	0	0	125	0	0	0	0	0	0	0	113	0	0	0	0	111	109	0	0	0	0	0	0	0	0	0	0	139	0	0	0	109	0	0	125	109	125	139	0	0	0
424	467	667	467	467	280	178	700	560	400	467	700	280	483	368	467	326	560	0	636	560	350	467	350	622	609	560	467	467	106	467	467	250	467	311	560	778	467	389	560	609	280	424	700	609	700	778	467	500	467
0	0	105	0	0	0	0	110	0	0	0	110	0	0	0	0	0	0	0	0	0	0	0	0	0	0	0	0	0	0	0	0	0	0	0	0	122	0	0	0	0	0	0	110	0	110	122	0	0	0
0	0	119	0	0	0	0	125	0	0	0	125	0	0	0	0	0	0	0	113	0	0	0	0	111	109	0	0	0	0	0	0	0	0	0	0	139	0	0	0	109	0	0	125	109	125	139	0	0	0
121	133	190	133	133	0	0	200	160	113	133	200	0	138	105	133	0	160	0	182	160	0	133	0	178	174	160	133	133	0	133	133	0	133	0	160	222	133	111	160	174	0	121	200	174	200	222	133	143	133
0	0	143	0	0	0	0	150	120	0	0	150	0	103	0	0	0	120	0	136	120	0	0	0	133	130	120	0	0	0	0	0	0	0	0	120	167	0	0	120	130	0	0	150	130	150	167	0	107	0
121	133	190	133	133	0	0	200	160	113	133	200	0	138	105	133	0	160	0	182	160	0	133	0	178	174	160	133	133	0	133	133	0	133	0	160	222	133	111	160	174	0	121	200	174	200	222	133	143	133
0	0	107	0	0	0	0	112	0	0	0	112	0	0	0	0	0	0	0	102	0	0	0	0	0	0	0	0	0	0	0	0	0	0	0	0	125	0	0	0	0	0	0	112	0	112	125	0	0	0
0	0	110	0	0	0	0	114	0	0	0	114	0	0	0	0	0	0	0	105	0	0	0	0	102	0	0	0	0	0	0	0	0	0	0	0	128	0	0	0	0	0	0	114	0	114	128	0	0	0
0	0	119	0	0	0	0	125	0	0	0	125	0	0	0	0	0	0	0	113	0	0	0	0	111	109	0	0	0	0	0	0	0	0	0	0	139	0	0	0	109	0	0	125	109	125	139	0	0	0
0	0	143	0	0	0	0	150	120	0	0	150	0	103	0	0	0	120	0	136	120	0	0	0	133	130	120	0	0	0	0	0	0	0	0	120	167	0	0	120	130	0	0	150	130	150	167	0	107	0
0	0	143	0	0	0	0	150	120	0	0	150	0	103	0	0	0	120	0	136	120	0	0	0	133	130	120	0	0	0	0	0	0	0	0	120	167	0	0	120	130	0	0	150	130	150	167	0	107	0
400	440	629	440	440	264	168	660	528	377	440	660	264	455	347	440	307	528	0	600	528	330	440	330	587	574	528	440	440	0	440	440	236	440	293	528	733	440	367	528	574	264	400	660	574	660	733	440	471	440
0	0	143	0	0	0	0	150	120	0	0	150	0	103	0	0	0	120	0	136	120	0	0	0	133	130	120	0	0	0	0	0	0	0	0	120	167	0	0	120	130	0	0	150	130	150	167	0	107	0
0	0	143	0	0	0	0	150	120	0	0	150	0	103	0	0	0	120	0	136	120	0	0	0	133	130	120	0	0	0	0	0	0	0	0	120	167	0	0	120	130	0	0	150	130	150	167	0	107	0
170	187	267	187	187	112	0	280	224	160	187	280	112	193	147	187	130	224	0	254	224	140	187	140	249	243	224	187	187	0	187	187	0	187	124	224	311	187	156	224	243	112	170	280	243	280	311	187	200	187
0	0	143	0	0	0	0	150	120	0	0	150	0	103	0	0	0	120	0	136	120	0	0	0	133	130	120	0	0	0	0	0	0	0	0	120	167	0	0	120	130	0	0	150	130	150	167	0	107	0
136	150	214	150	150	0	0	225	180	129	150	225	0	155	118	150	105	180	0	204	180	112	150	112	200	196	180	150	150	0	150	150	0	150	0	180	250	150	125	180	196	0	136	225	196	225	250	150	161	150
0	0	119	0	0	0	0	125	0	0	0	125	0	0	0	0	0	0	0	113	0	0	0	0	111	109	0	0	0	0	0	0	0	0	0	0	139	0	0	0	109	0	0	125	109	125	139	0	0	0
0	0	0	0	0	0	0	0	0	0	0	0	0	0	0	0	0	0	0	0	0	0	0	0	0	0	0	0	0	0	0	0	0	0	0	0	0	0	0	0	0	0	0	0	0	0	0	0	0	0
0	0	143	0	0	0	0	150	120	0	0	150	0	103	0	0	0	120	0	136	120	0	0	0	133	130	120	0	0	0	0	0	0	0	0	120	167	0	0	120	130	0	0	150	130	150	167	0	107	0
109	120	171	120	120	0	0	180	144	103	120	180	0	124	0	120	0	144	0	164	144	0	120	0	160	157	144	120	120	0	120	120	0	120	0	144	200	120	0	144	157	0	109	180	157	180	200	120	129	120
0	0	119	0	0	0	0	125	0	0	0	125	0	0	0	0	0	0	0	113	0	0	0	0	111	109	0	0	0	0	0	0	0	0	0	0	139	0	0	0	109	0	0	125	109	125	139	0	0	0
0	0	110	0	0	0	0	114	0	0	0	114	0	0	0	0	0	0	0	105	0	0	0	0	102	0	0	0	0	0	0	0	0	0	0	0	128	0	0	0	0	0	0	114	0	114	128	0	0	0
152	167	238	167	167	0	0	250	200	143	167	250	0	172	132	167	115	200	0	227	200	125	167	125	222	217	200	167	167	0	167	167	0	167	111	200	278	167	139	200	217	0	152	250	217	250	278	167	179	167
0	110	157	110	110	0	0	165	132	0	110	165	0	113	0	110	0	132	0	150	132	0	110	0	147	143	132	110	110	0	110	110	0	110	0	132	183	110	0	132	143	0	0	165	143	165	183	110	118	110
0	0	0	0	0	0	0	0	0	0	0	0	0	0	0	0	0	0	0	0	0	0	0	0	0	0	0	0	0	0	0	0	0	0	0	0	111	0	0	0	0	0	0	0	0	0	111	0	0	0
0	0	110	0	0	0	0	114	0	0	0	114	0	0	0	0	0	0	0	105	0	0	0	0	102	0	0	0	0	0	0	0	0	0	0	0	128	0	0	0	0	0	0	114	0	114	128	0	0	0
0	0	0	0	0	0	0	0	0	0	0	0	0	0	0	0	0	0	0	0	0	0	0	0	0	0	0	0	0	0	0	0	0	0	0	0	111	0	0	0	0	0	0	0	0	0	111	0	0	0
0	0	0	0	0	0	0	0	0	0	0	0	0	0	0	0	0	0	0	0	0	0	0	0	0	0	0	0	0	0	0	0	0	0	0	0	0	0	0	0	0	0	0	0	0	0	0	0	0	0
0	0	143	0	0	0	0	150	120	0	0	150	0	103	0	0	0	120	0	136	120	0	0	0	133	130	120	0	0	0	0	0	0	0	0	120	167	0	0	120	130	0	0	150	130	150	167	0	107	0
0	0	133	0	0	0	0	140	112	0	0	140	0	0	0	0	0	112	0	127	112	0	0	0	124	122	112	0	0	0	0	0	0	0	0	112	156	0	0	112	122	0	0	140	122	140	156	0	0	0
0	0	143	0	0	0	0	150	120	0	0	150	0	103	0	0	0	120	0	136	120	0	0	0	133	130	120	0	0	0	0	0	0	0	0	120	167	0	0	120	130	0	0	150	130	150	167	0	107	0