1810 1860 1859 1824 1815 1812 1842 1835 1841 1849 1837 1859 1822 1859 1835 1826 1847 1848 1870 1828 1846 1820 1851 1853 1855 1846 1842 1832 1828 1833 1812 1837 1842 1828 1842 1838 1827 1821 1818 1825 1806 1859 1807 1781 1811 1775 1854 1881 1774 1854

92

18 17 17 18 18 18 17 17 17 17 17 17 18 17 17 18 17 17 16 18 17 18 17 17 17 17 17 17 18 17 18 17 17 18 17 17 18 18 18 18 18 17 18 19 18 19 17 16 19 17

24.000553671612323 38.99925411656127 11.00016318861822 25.99941693509158

22672.0

0	28	28	0	0	0	28	0	0	28	0	0	0	26	0	0	27	25	26	0	28	0	0	28	0	26	0	28	0	27	0	28	27	24	0	0	28	28	28	30	25	0	0	0	30	0	27	0	24	27
0	0	30	0	0	0	30	0	0	30	0	0	0	27	0	0	28	26	28	0	0	0	0	0	0	28	0	28	0	28	0	30	28	25	0	0	30	30	0	0	27	0	0	0	0	0	28	0	26	28
0	0	0	0	0	0	30	0	0	0	0	0	0	27	0	0	28	27	28	0	0	0	0	0	0	28	0	30	0	28	0	0	28	26	0	0	0	30	0	0	27	0	0	0	0	0	28	0	26	28
25	24	24	0	30	0	24	0	28	24	28	30	30	21	28	0	22	21	22	0	24	26	0	24	26	22	0	23	28	22	0	24	22	20	26	28	24	24	24	25	21	0	28	0	25	28	22	28	20	22
26	24	24	0	0	0	24	0	28	24	28	30	30	22	28	0	23	21	22	0	25	26	0	25	26	22	0	24	30	23	0	24	23	20	26	28	24	24	25	25	21	0	30	0	25	30	23	28	20	23
22	21	21	26	26	0	20	27	24	21	25	26	26	18	25	28	19	18	19	0	21	23	27	21	23	19	28	20	26	19	28	21	19	17	23	24	21	20	21	22	18	0	26	27	22	26	19	25	17	19
0	0	0	0	0	0	0	0	0	0	0	0	0	27	0	0	28	27	28	0	0	0	0	0	0	28	0	30	0	28	0	0	28	26	0	0	0	30	0	0	27	0	0	0	0	0	28	0	26	28
25	24	23	30	28	0	23	0	28	23	28	28	28	21	28	0	22	20	22	0	24	26	0	24	26	21	0	23	28	22	0	23	22	20	26	27	23	23	24	25	21	0	28	0	24	28	22	28	20	22
27	26	26	0	0	0	26	0	0	26	0	0	0	23	0	0	24	22	24	0	26	28	0	26	28	24	0	25	0	24	0	26	24	22	28	30	26	25	26	27	23	0	0	0	27	0	24	0	22	24
0	0	30	0	0	0	30	0	0	0	0	0	0	27	0	0	28	27	28	0	0	0	0	0	0	28	0	30	0	28	0	0	28	26	0	0	0	30	0	0	27	0	0	0	0	0	28	0	26	28
27	25	25	0	0	0	25	0	30	25	0	0	0	23	0	0	24	22	23	0	26	28	0	26	27	23	0	25	0	24	0	25	24	21	28	28	25	25	26	26	22	0	0	0	26	0	24	30	21	24
26	24	24	0	0	0	24	0	28	24	28	0	30	22	30	0	23	21	22	0	25	26	0	25	26	22	0	24	30	23	0	24	23	20	27	28	24	24	25	25	21	0	30	0	25	30	23	28	20	23
26	25	24	0	0	0	24	0	28	24	28	0	0	22	30	0	23	21	22	0	25	27	0	25	26	22	0	24	30	23	0	24	23	21	27	28	24	24	25	25	22	0	30	0	25	30	23	28	21	23
0	0	0	0	0	0	0	0	0	0	0	0	0	0	0	0	0	28	0	0	0	0	0	0	0	0	0	0	0	0	0	0	0	28	0	0	0	0	0	0	30	0	0	0	0	0	0	0	28	0
26	25	25	0	0	0	24	0	28	25	28	0	0	22	0	0	23	21	23	0	25	27	0	25	27	23	0	24	0	23	0	25	23	21	27	28	25	24	25	26	22	0	0	0	26	0	23	28	21	23
24	23	22	28	28	0	22	28	26	22	27	28	28	20	27	0	21	19	21	0	23	24	28	23	24	20	0	22	28	21	0	22	21	19	25	26	22	22	23	23	20	0	28	28	23	28	21	27	19	21
0	0	0	0	0	0	0	0	0	0	0	0	0	28	0	0	0	28	30	0	0	0	0	0	0	28	0	0	0	0	0	0	0	27	0	0	0	0	0	0	28	0	0	0	0	0	0	0	27	0
0	0	0	0	0	0	0	0	0	0	0	0	0	0	0	0	0	0	0	0	0	0	0	0	0	0	0	0	0	0	0	0	0	28	0	0	0	0	0	0	0	0	0	0	0	0	0	0	28	0
0	0	0	0	0	0	0	0	0	0	0	0	0	28	0	0	0	28	0	0	0	0	0	0	0	30	0	0	0	0	0	0	0	28	0	0	0	0	0	0	28	0	0	0	0	0	0	0	28	0
21	20	20	25	25	28	20	26	23	20	24	25	25	18	25	27	19	17	18	0	20	22	26	20	22	18	27	19	25	19	27	20	19	17	22	23	20	20	20	21	18	0	25	26	21	25	19	24	17	19
0	30	28	0	0	0	28	0	0	28	0	0	0	27	0	0	28	26	27	0	0	0	0	0	0	27	0	28	0	28	0	28	28	25	0	0	28	28	0	0	26	0	0	0	0	0	28	0	25	28
28	28	28	0	0	0	27	0	0	28	0	0	0	25	0	0	26	24	26	0	28	0	0	28	30	25	0	27	0	26	0	28	26	24	0	0	28	27	28	28	25	0	0	0	28	0	26	0	24	26
25	24	23	30	28	0	23	0	28	23	28	28	28	21	28	0	22	20	22	0	24	26	0	24	26	21	0	23	28	22	0	23	22	20	26	27	23	23	24	25	21	0	28	0	24	28	22	28	20	22
0	30	28	0	0	0	28	0	0	28	0	0	0	27	0	0	28	26	27	0	30	0	0	0	0	27	0	28	0	28	0	28	28	25	0	0	28	28	30	0	26	0	0	0	0	0	28	0	25	28
28	28	28	0	0	0	28	0	0	28	0	0	0	25	0	0	26	24	26	0	28	0	0	28	0	26	0	27	0	26	0	28	26	24	0	0	28	27	28	28	25	0	0	0	28	0	26	0	24	26
0	0	0	0	0	0	0	0	0	0	0	0	0	28	0	0	0	28	0	0	0	0	0	0	0	0	0	0	0	0	0	0	0	28	0	0	0	0	0	0	28	0	0	0	0	0	0	0	28	0
24	22	22	28	28	0	22	28	26	22	27	28	28	20	27	30	21	19	20	0	23	24	28	23	24	20	0	22	28	21	30	22	21	19	25	26	22	22	23	23	20	0	28	28	23	28	21	26	19	21
0	0	0	0	0	0	0	0	0	0	0	0	0	28	0	0	28	27	28	0	0	0	0	0	0	28	0	0	0	28	0	0	28	26	0	0	0	0	0	0	27	0	0	0	0	0	28	0	26	28
26	25	24	0	0	0	24	0	28	24	28	0	0	22	30	0	23	21	22	0	25	27	0	25	27	22	0	24	0	23	0	24	23	21	27	28	24	24	25	26	22	0	0	0	25	0	23	28	21	23
0	0	0	0	0	0	0	0	0	0	0	0	0	28	0	0	30	28	30	0	0	0	0	0	0	28	0	0	0	0	0	0	0	27	0	0	0	0	0	0	28	0	0	0	0	0	0	0	27	0
24	23	22	28	28	0	22	28	26	22	27	28	28	20	27	0	21	19	21	0	23	24	28	23	24	20	0	22	28	21	0	22	21	19	25	26	22	22	23	23	20	0	28	28	23	28	21	27	19	21
0	0	30	0	0	0	30	0	0	30	0	0	0	27	0	0	28	27	28	0	0	0	0	0	0	28	0	30	0	28	0	0	28	26	0	0	0	30	0	0	27	0	0	0	0	0	28	0	26	28
0	0	0	0	0	0	0	0	0	0	0	0	0	28	0	0	30	28	28	0	0	0	0	0	0	28	0	0	0	30	0	0	0	27	0	0	0	0	0	0	28	0	0	0	0	0	0	0	27	0
0	0	0	0	0	0	0	0	0	0	0	0	0	0	0	0	0	0	0	0	0	0	0	0	0	0	0	0	0	0	0	0	0	0	0	0	0	0	0	0	0	0	0	0	0	0	0	0	0	0
28	28	27	0	0	0	27	0	0	27	0	0	0	25	0	0	26	24	25	0	28	30	0	28	30	25	0	27	0	26	0	27	26	23	0	0	27	27	28	28	24	0	0	0	28	0	26	0	23	26
28	26	26	0	0	0	26	0	0	26	0	0	0	24	0	0	25	23	24	0	27	28	0	27	28	24	0	26	0	25	0	26	25	22	28	0	26	26	27	27	23	0	0	0	27	0	25	0	22	25
0	0	30	0	0	0	30	0	0	30	0	0	0	27	0	0	28	27	28	0	0	0	0	0	0	28	0	30	0	28	0	30	28	26	0	0	0	30	0	0	27	0	0	0	0	0	28	0	26	28
0	0	0	0	0	0	0	0	0	0	0	0	0	27	0	0	28	27	28	0	0	0	0	0	0	28	0	30	0	28	0	0	28	26	0	0	0	0	0	0	27	0	0	0	0	0	28	0	26	28
0	30	28	0	0	0	28	0	0	28	0	0	0	27	0	0	28	26	27	0	30	0	0	0	0	27	0	28	0	28	0	28	28	25	0	0	28	28	0	0	26	0	0	0	0	0	28	0	25	28
0	28	28	0	0	0	28	0	0	28	0	0	0	26	0	0	27	25	27	0	28	0	0	28	0	27	0	28	0	27	0	28	27	25	0	0	28	28	28	0	26	0	0	0	30	0	27	0	25	27
0	0	0	0	0	0	0	0	0	0	0	0	0	0	0	0	0	30	0	0	0	0	0	0	0	0	0	0	0	0	0	0	0	28	0	0	0	0	0	0	0	0	0	0	0	0	0	0	28	0
21	20	20	25	25	28	19	25	23	20	24	25	25	18	24	27	18	17	18	30	20	21	25	20	21	18	27	19	24	18	27	20	18	16	22	23	20	19	20	21	17	0	24	26	21	24	18	24	17	18
26	25	24	0	0	0	24	0	28	24	28	0	0	22	30	0	23	21	22	0	25	27	0	25	27	22	0	24	0	23	0	24	23	21	27	28	24	24	25	26	22	0	0	0	25	0	23	28	21	23
25	23	23	28	28	0	23	30	27	23	28	28	28	21	28	0	22	20	21	0	24	25	30	24	25	21	0	23	28	22	0	23	22	20	26	27	23	23	24	24	21	0	28	0	24	28	22	28	20	22
0	28	28	0	0	0	28	0	0	28	0	0	0	26	0	0	27	25	27	0	28	0	0	30	0	27	0	28	0	27	0	28	27	25	0	0	28	28	28	0	26	0	0	0	0	0	27	0	25	27
26	25	24	0	0	0	24	0	28	24	28	0	0	22	30	0	23	21	22	0	25	27	0	25	27	22	0	24	0	23	0	24	23	21	27	28	24	24	25	26	22	0	0	0	25	0	23	28	21	23
0	0	0	0	0	0	0	0	0	0	0	0	0	28	0	0	30	28	28	0	0	0	0	0	0	28	0	0	0	30	0	0	0	27	0	0	0	0	0	0	28	0	0	0	0	0	0	0	27	0
27	26	25	0	0	0	25	0	30	25	0	0	0	23	0	0	24	22	23	0	26	28	0	26	28	23	0	25	0	24	0	25	24	22	28	28	25	25	26	27	23	0	0	0	26	0	24	0	22	24
0	0	0	0	0	0	0	0	0	0	0	0	0	0	0	0	0	0	0	0	0	0	0	0	0	0	0	0	0	0	0	0	0	30	0	0	0	0	0	0	0	0	0	0	0	0	0	0	0	0
0	0	0	0	0	0	0	0	0	0	0	0	0	28	0	0	30	28	28	0	0	0	0	0	0	28	0	0	0	30	0	0	0	27	0	0	0	0	0	0	28	0	0	0	0	0	0	0	27	0

0	0	0	36	35	40	0	36	33	0	34	35	35	0	34	38	0	0	0	41	0	31	36	0	31	0	38	0	35	0	38	0	0	0	31	33	0	0	0	0	0	42	35	36	0	35	0	34	0	0
32	0	0	37	37	42	0	38	35	0	35	37	37	0	36	39	0	0	0	43	30	32	38	31	32	0	39	0	36	0	39	0	0	0	33	34	0	0	30	31	0	44	36	38	31	36	0	35	0	0
32	30	0	38	37	42	0	38	35	30	36	37	37	0	37	40	0	0	0	44	31	33	38	31	33	0	40	0	37	0	40	30	0	0	33	35	30	0	31	32	0	44	37	38	31	37	0	36	0	0
0	0	0	0	0	34	0	31	0	0	0	0	0	0	0	32	0	0	0	35	0	0	31	0	0	0	32	0	0	0	32	0	0	0	0	0	0	0	0	0	0	36	0	31	0	0	0	0	0	0
0	0	0	30	0	35	0	31	0	0	0	0	0	0	0	32	0	0	0	36	0	0	31	0	0	0	32	0	0	0	32	0	0	0	0	0	0	0	0	0	0	36	0	31	0	0	0	0	0	0
0	0	0	0	0	0	0	0	0	0	0	0	0	0	0	0	0	0	0	31	0	0	0	0	0	0	0	0	0	0	0	0	0	0	0	0	0	0	0	0	0	31	0	0	0	0	0	0	0	0
32	31	30	38	37	43	0	38	35	30	36	37	37	0	37	40	0	0	0	44	31	33	38	31	33	0	40	0	37	0	40	30	0	0	33	35	30	0	31	32	0	44	37	38	32	37	0	36	0	0
0	0	0	0	0	34	0	0	0	0	0	0	0	0	0	31	0	0	0	35	0	0	0	0	0	0	32	0	0	0	31	0	0	0	0	0	0	0	0	0	0	35	0	30	0	0	0	0	0	0
0	0	0	32	32	37	0	33	0	0	31	32	32	0	31	34	0	0	0	38	0	0	33	0	0	0	34	0	32	0	34	0	0	0	0	0	0	0	0	0	0	38	32	33	0	32	0	30	0	0
32	30	0	38	37	42	0	38	35	0	36	37	37	0	37	40	0	0	0	44	31	33	38	31	33	0	40	0	37	0	40	30	0	0	33	35	30	0	31	32	0	44	37	38	31	37	0	35	0	0
0	0	0	32	32	36	0	32	0	0	0	31	31	0	31	34	0	0	0	37	0	0	32	0	0	0	34	0	31	0	34	0	0	0	0	0	0	0	0	0	0	38	31	32	0	31	0	0	0	0
0	0	0	30	30	35	0	31	0	0	0	0	0	0	0	32	0	0	0	36	0	0	31	0	0	0	32	0	0	0	32	0	0	0	0	0	0	0	0	0	0	36	0	31	0	0	0	0	0	0
0	0	0	31	30	35	0	31	0	0	0	30	0	0	0	33	0	0	0	36	0	0	31	0	0	0	33	0	0	0	33	0	0	0	0	0	0	0	0	0	0	36	0	31	0	0	0	0	0	0
35	33	33	41	41	46	33	42	38	33	39	41	40	0	40	43	31	0	31	47	34	36	42	34	36	31	43	33	40	31	43	33	31	0	36	38	33	33	34	35	0	48	40	42	35	40	31	39	0	31
0	0	0	31	31	35	0	32	0	0	0	31	30	0	0	33	0	0	0	36	0	0	32	0	0	0	33	0	30	0	33	0	0	0	0	0	0	0	0	0	0	37	30	32	0	30	0	0	0	0
0	0	0	0	0	32	0	0	0	0	0	0	0	0	0	0	0	0	0	33	0	0	0	0	0	0	30	0	0	0	0	0	0	0	0	0	0	0	0	0	0	34	0	0	0	0	0	0	0	0
34	32	32	40	39	45	32	40	37	32	38	39	39	0	38	42	0	0	0	46	32	35	40	33	35	0	42	31	39	30	42	32	30	0	35	36	32	32	33	33	0	46	39	40	33	39	30	37	0	30
36	34	34	42	42	47	34	43	39	34	40	42	41	31	41	44	32	0	32	49	35	37	43	35	37	32	44	33	41	32	44	34	32	0	37	39	34	34	35	35	31	49	41	43	35	41	32	40	0	32
34	33	32	40	40	45	32	41	38	32	38	40	40	0	39	42	31	0	0	47	33	35	41	33	35	0	43	32	39	31	42	32	31	0	35	37	32	32	33	34	0	47	39	41	34	39	31	38	0	31
0	0	0	0	0	0	0	0	0	0	0	0	0	0	0	0	0	0	0	0	0	0	0	0	0	0	0	0	0	0	0	0	0	0	0	0	0	0	0	0	0	30	0	0	0	0	0	0	0	0
31	0	0	37	37	42	0	37	34	0	35	36	36	0	36	39	0	0	0	43	0	32	37	30	32	0	39	0	36	0	39	0	0	0	32	34	0	0	30	31	0	43	36	38	31	36	0	35	0	0
0	0	0	35	34	39	0	35	32	0	33	34	34	0	34	37	0	0	0	40	0	0	35	0	0	0	37	0	34	0	37	0	0	0	30	32	0	0	0	0	0	41	34	35	0	34	0	33	0	0
0	0	0	0	0	34	0	0	0	0	0	0	0	0	0	31	0	0	0	35	0	0	0	0	0	0	32	0	0	0	31	0	0	0	0	0	0	0	0	0	0	35	0	30	0	0	0	0	0	0
31	0	0	37	36	41	0	37	34	0	35	36	36	0	36	39	0	0	0	43	0	32	37	0	32	0	39	0	36	0	39	0	0	0	32	34	0	0	0	31	0	43	36	37	31	36	0	35	0	0
0	0	0	35	34	39	0	35	32	0	33	34	34	0	34	37	0	0	0	41	0	30	35	0	0	0	37	0	34	0	37	0	0	0	30	32	0	0	0	0	0	41	34	35	0	34	0	33	0	0
34	33	32	40	40	45	32	41	38	32	38	40	40	0	39	43	31	0	30	47	33	35	41	33	35	0	43	32	39	31	43	32	31	0	36	37	32	32	33	34	0	47	39	41	34	39	31	38	0	31
0	0	0	0	0	32	0	0	0	0	0	0	0	0	0	0	0	0	0	33	0	0	0	0	0	0	0	0	0	0	0	0	0	0	0	0	0	0	0	0	0	34	0	0	0	0	0	0	0	0
32	31	31	38	38	43	30	39	36	31	36	38	37	0	37	40	0	0	0	44	31	33	39	31	33	0	40	0	37	0	40	31	0	0	34	35	31	30	31	32	0	45	37	39	32	37	0	36	0	0
0	0	0	31	31	35	0	31	0	0	0	30	30	0	0	33	0	0	0	36	0	0	31	0	0	0	33	0	0	0	33	0	0	0	0	0	0	0	0	0	0	37	0	32	0	0	0	0	0	0
34	32	32	40	39	44	32	40	37	32	38	39	39	0	38	42	0	0	0	46	32	35	40	33	34	0	42	31	39	0	42	32	30	0	35	36	32	32	32	33	0	46	39	40	33	39	30	37	0	30
0	0	0	0	0	32	0	0	0	0	0	0	0	0	0	0	0	0	0	33	0	0	0	0	0	0	30	0	0	0	0	0	0	0	0	0	0	0	0	0	0	34	0	0	0	0	0	0	0	0
32	30	0	38	37	42	0	38	35	0	36	37	37	0	36	40	0	0	0	44	31	33	38	31	33	0	40	0	37	0	40	0	0	0	33	35	30	0	31	31	0	44	37	38	31	37	0	35	0	0
34	32	32	39	39	44	32	40	37	32	37	39	39	0	38	42	0	0	0	46	32	34	40	32	34	0	42	31	39	0	42	32	0	0	35	36	32	31	32	33	0	46	39	40	33	39	0	37	0	0
37	35	35	43	43	48	35	44	40	35	41	43	42	32	42	45	33	31	33	50	36	38	44	36	38	32	46	34	42	33	45	35	33	0	38	40	35	35	36	36	31	50	42	44	36	42	33	41	30	33
0	0	0	34	34	39	0	35	32	0	33	34	34	0	33	36	0	0	0	40	0	0	35	0	0	0	37	0	34	0	36	0	0	0	0	32	0	0	0	0	0	41	34	35	0	34	0	32	0	0
0	0	0	33	33	37	0	33	31	0	31	32	32	0	32	35	0	0	0	39	0	0	33	0	0	0	35	0	32	0	35	0	0	0	0	0	0	0	0	0	0	39	32	34	0	32	0	31	0	0
32	30	0	38	37	42	0	38	35	0	36	37	37	0	36	40	0	0	0	44	31	33	38	31	33	0	40	0	37	0	40	0	0	0	33	35	0	0	31	31	0	44	37	38	31	37	0	35	0	0
32	31	30	38	38	43	30	38	35	30	36	37	37	0	37	40	0	0	0	44	31	33	38	31	33	0	40	0	37	0	40	30	0	0	33	35	30	0	31	32	0	44	37	39	32	37	0	36	0	0
31	0	0	37	36	42	0	37	34	0	35	36	36	0	36	39	0	0	0	43	0	32	37	30	32	0	39	0	36	0	39	0	0	0	32	34	0	0	0	31	0	43	36	38	31	36	0	35	0	0
31	0	0	36	36	41	0	37	34	0	34	36	35	0	35	38	0	0	0	42	0	31	37	0	31	0	38	0	35	0	38	0	0	0	32	33	0	0	0	0	0	42	35	37	0	35	0	34	0	0
35	34	33	41	41	47	33	42	39	33	39	41	41	30	40	44	32	0	31	48	34	36	42	34	36	31	44	33	41	32	44	33	32	0	37	38	33	33	34	35	0	48	41	42	35	41	32	39	0	32
0	0	0	0	0	0	0	0	0	0	0	0	0	0	0	0	0	0	0	0	0	0	0	0	0	0	0	0	0	0	0	0	0	0	0	0	0	0	0	0	0	0	0	0	0	0	0	0	0	0
0	0	0	31	31	35	0	31	0	0	0	30	30	0	0	33	0	0	0	36	0	0	31	0	0	0	33	0	0	0	33	0	0	0	0	0	0	0	0	0	0	37	0	32	0	0	0	0	0	0
0	0	0	0	0	34	0	0	0	0	0	0	0	0	0	31	0	0	0	35	0	0	0	0	0	0	31	0	0	0	31	0	0	0	0	0	0	0	0	0	0	35	0	0	0	0	0	0	0	0
31	0	0	36	36	41	0	37	34	0	34	36	35	0	35	38	0	0	0	42	0	31	37	0	31	0	38	0	35	0	38	0	0	0	32	33	0	0	0	30	0	42	35	37	0	35	0	34	0	0
0	0	0	31	31	35	0	31	0	0	0	30	30	0	0	33	0	0	0	36	0	0	31	0	0	0	33	0	0	0	33	0	0	0	0	0	0	0	0	0	0	37	0	32	0	0	0	0	0	0
34	32	32	39	39	44	32	40	37	32	37	39	39	0	38	42	0	0	0	46	32	34	40	32	34	0	42	31	39	0	42	32	0	0	35	36	32	31	32	33	0	46	39	40	33	39	0	37	0	0
0	0	0	32	32	36	0	32	0	0	30	32	31	0	31	34	0	0	0	38	0	0	32	0	0	0	34	0	31	0	34	0	0	0	0	0	0	0	0	0	0	38	31	33	0	31	0	0	0	0
37	35	35	43	43	48	35	43	40	35	41	42	42	32	42	45	33	31	32	50	35	38	43	36	38	32	45	34	42	33	45	35	33	0	38	40	35	35	36	36	31	50	42	44	36	42	33	41	0	33
34	32	32	39	39	44	32	40	37	32	37	39	39	0	38	42	0	0	0	46	32	34	40	32	34	0	42	31	39	0	42	32	0	0	35	36	32	31	32	33	0	46	39	40	33	39	0	37	0	0

0	60	64	0	97	0	0	66	57	72	57	20	97	72	0	0	0	0	48	23	72	0	0	0	0	0	0	97	97	97	67	51	97	97	97	0	0	0	83	0	83	0	80	23	74	25	0	0	67	0
0	0	0	0	0	0	0	0	96	0	96	34	0	0	0	0	0	0	80	38	0	0	0	0	0	0	0	0	0	0	0	84	0	0	0	0	0	0	0	0	0	0	0	38	0	41	0	0	0	0
0	94	0	0	0	0	0	0	90	0	90	31	0	0	0	0	0	0	75	35	0	0	0	0	0	0	0	0	0	0	0	79	0	0	0	0	0	0	0	0	0	0	0	35	0	39	0	0	0	0
86	52	56	0	83	0	0	56	50	62	50	17	83	62	0	0	0	0	42	20	62	0	0	0	0	0	0	83	83	83	57	44	83	83	83	0	0	0	71	89	71	0	69	20	64	22	0	0	57	0
0	62	67	0	0	0	0	68	60	75	60	21	0	75	0	0	0	0	50	24	75	0	0	0	0	0	0	0	0	0	70	53	0	0	0	0	0	0	86	0	86	0	83	24	77	26	0	0	70	0
69	42	44	80	67	0	0	45	40	50	40	14	67	50	0	87	0	0	33	16	50	83	0	0	0	0	87	67	67	67	47	35	67	67	67	87	87	91	56	71	56	80	55	16	51	17	0	0	47	0
69	42	44	80	67	0	0	45	40	50	40	14	67	50	0	87	0	0	33	16	50	83	0	0	0	0	87	67	67	67	47	35	67	67	67	87	87	91	56	71	56	80	55	16	51	17	0	0	47	0
0	92	98	0	0	0	0	0	88	0	88	31	0	0	0	0	0	0	73	35	0	0	0	0	0	0	0	0	0	0	0	77	0	0	0	0	0	0	0	0	0	0	0	35	0	38	0	0	0	0
0	0	0	0	0	0	0	0	0	0	0	35	0	0	0	0	0	0	83	39	0	0	0	0	0	0	0	0	0	0	0	88	0	0	0	0	0	0	0	0	0	0	0	39	0	43	0	0	0	0
0	83	89	0	0	0	0	91	80	0	80	28	0	0	0	0	0	0	67	31	0	0	0	0	0	0	0	0	0	0	93	70	0	0	0	0	0	0	0	0	0	0	0	31	0	34	0	0	93	0
0	0	0	0	0	0	0	0	0	0	0	35	0	0	0	0	0	0	83	39	0	0	0	0	0	0	0	0	0	0	0	88	0	0	0	0	0	0	0	0	0	0	0	39	0	43	0	0	0	0
0	0	0	0	0	0	0	0	0	0	0	0	0	0	0	0	0	0	0	0	0	0	0	0	0	0	0	0	0	0	0	0	0	0	0	0	0	0	0	0	0	0	0	0	0	0	0	0	0	0
0	62	67	0	0	0	0	68	60	75	60	21	0	75	0	0	0	0	50	24	75	0	0	0	0	0	0	0	0	0	70	53	0	0	0	0	0	0	86	0	86	0	83	24	77	26	0	0	70	0
0	83	89	0	0	0	0	91	80	0	80	28	0	0	0	0	0	0	67	31	0	0	0	0	0	0	0	0	0	0	93	70	0	0	0	0	0	0	0	0	0	0	0	31	0	34	0	0	93	0
69	42	44	80	67	0	0	45	40	50	40	14	67	50	0	87	0	0	33	16	50	83	0	0	0	0	87	67	67	67	47	35	67	67	67	87	87	91	56	71	56	80	55	16	51	17	0	0	47	0
79	48	51	92	77	0	0	52	46	56	46	16	77	56	0	0	0	0	38	18	56	96	0	0	0	0	0	77	77	77	53	40	77	77	77	0	0	0	66	82	66	92	64	18	59	20	0	0	53	0
69	42	44	80	67	0	0	45	40	50	40	14	67	50	0	87	0	0	33	16	50	83	0	0	0	0	87	67	67	67	47	35	67	67	67	87	87	91	56	71	56	80	55	16	51	17	0	0	47	0
69	42	44	80	67	0	0	45	40	50	40	14	67	50	0	87	0	0	33	16	50	83	0	0	0	0	87	67	67	67	47	35	67	67	67	87	87	91	56	71	56	80	55	16	51	17	0	0	47	0
0	0	0	0	0	0	0	0	0	0	0	42	0	0	0	0	0	0	0	47	0	0	0	0	0	0	0	0	0	0	0	0	0	0	0	0	0	0	0	0	0	0	0	47	0	52	0	0	0	0
0	0	0	0	0	0	0	0	0	0	0	89	0	0	0	0	0	0	0	0	0	0	0	0	0	0	0	0	0	0	0	0	0	0	0	0	0	0	0	0	0	0	0	0	0	0	0	0	0	0
0	83	89	0	0	0	0	91	80	0	80	28	0	0	0	0	0	0	67	31	0	0	0	0	0	0	0	0	0	0	93	70	0	0	0	0	0	0	0	0	0	0	0	31	0	34	0	0	93	0
83	50	53	96	80	0	0	55	48	60	48	17	80	60	0	0	0	0	40	19	60	0	0	0	0	0	0	80	80	80	56	42	80	80	80	0	0	0	69	86	69	96	66	19	62	21	0	0	56	0
60	36	39	70	57	88	88	40	35	44	35	12	57	44	88	76	88	88	28	14	44	73	0	88	88	88	76	57	57	57	41	31	57	57	57	76	76	80	50	62	50	70	48	14	45	15	88	88	41	88
69	42	44	80	67	0	0	45	40	50	40	14	67	50	0	87	0	0	33	16	50	83	0	0	0	0	87	67	67	67	47	35	67	67	67	87	87	91	56	71	56	80	55	16	51	17	0	0	47	0
69	42	44	80	67	0	0	45	40	50	40	14	67	50	0	87	0	0	33	16	50	83	0	0	0	0	87	67	67	67	47	35	67	67	67	87	87	91	56	71	56	80	55	16	51	17	0	0	47	0
69	42	44	80	67	0	0	45	40	50	40	14	67	50	0	87	0	0	33	16	50	83	0	0	0	0	87	67	67	67	47	35	67	67	67	87	87	91	56	71	56	80	55	16	51	17	0	0	47	0
79	48	51	92	77	0	0	52	46	56	46	16	77	56	0	0	0	0	38	18	56	96	0	0	0	0	0	77	77	77	53	40	77	77	77	0	0	0	66	82	66	92	64	18	59	20	0	0	53	0
0	62	67	0	0	0	0	68	60	75	60	21	0	75	0	0	0	0	50	24	75	0	0	0	0	0	0	0	0	0	70	53	0	0	0	0	0	0	86	0	86	0	83	24	77	26	0	0	70	0
0	62	67	0	0	0	0	68	60	75	60	21	0	75	0	0	0	0	50	24	75	0	0	0	0	0	0	0	0	0	70	53	0	0	0	0	0	0	86	0	86	0	83	24	77	26	0	0	70	0
0	62	67	0	0	0	0	68	60	75	60	21	0	75	0	0	0	0	50	24	75	0	0	0	0	0	0	0	0	0	70	53	0	0	0	0	0	0	86	0	86	0	83	24	77	26	0	0	70	0
0	90	96	0	0	0	0	98	86	0	86	30	0	0	0	0	0	0	72	34	0	0	0	0	0	0	0	0	0	0	0	75	0	0	0	0	0	0	0	0	0	0	0	34	0	37	0	0	0	0
0	0	0	0	0	0	0	0	0	0	0	40	0	0	0	0	0	0	95	45	0	0	0	0	0	0	0	0	0	0	0	0	0	0	0	0	0	0	0	0	0	0	0	45	0	49	0	0	0	0
0	62	67	0	0	0	0	68	60	75	60	21	0	75	0	0	0	0	50	24	75	0	0	0	0	0	0	0	0	0	70	53	0	0	0	0	0	0	86	0	86	0	83	24	77	26	0	0	70	0
0	62	67	0	0	0	0	68	60	75	60	21	0	75	0	0	0	0	50	24	75	0	0	0	0	0	0	0	0	0	70	53	0	0	0	0	0	0	86	0	86	0	83	24	77	26	0	0	70	0
0	62	67	0	0	0	0	68	60	75	60	21	0	75	0	0	0	0	50	24	75	0	0	0	0	0	0	0	0	0	70	53	0	0	0	0	0	0	86	0	86	0	83	24	77	26	0	0	70	0
79	48	51	92	77	0	0	52	46	56	46	16	77	56	0	0	0	0	38	18	56	96	0	0	0	0	0	77	77	77	53	40	77	77	77	0	0	0	66	82	66	92	64	18	59	20	0	0	53	0
79	48	51	92	77	0	0	52	46	56	46	16	77	56	0	0	0	0	38	18	56	96	0	0	0	0	0	77	77	77	53	40	77	77	77	0	0	0	66	82	66	92	64	18	59	20	0	0	53	0
76	46	49	88	73	0	0	50	44	55	44	15	73	55	0	96	0	0	37	17	55	92	0	0	0	0	96	73	73	73	51	39	73	73	73	96	96	0	63	79	63	88	61	17	56	19	0	0	51	0
0	73	78	0	0	0	0	80	70	88	70	24	0	88	0	0	0	0	57	28	88	0	0	0	0	0	0	0	0	0	81	61	0	0	0	0	0	0	0	0	0	0	97	28	90	30	0	0	81	0
97	57	62	0	93	0	0	64	56	70	56	20	93	70	0	0	0	0	47	22	70	0	0	0	0	0	0	93	93	93	65	49	93	93	93	0	0	0	80	0	80	0	78	22	72	24	0	0	65	0
0	73	78	0	0	0	0	80	70	88	70	24	0	88	0	0	0	0	57	28	88	0	0	0	0	0	0	0	0	0	81	61	0	0	0	0	0	0	0	0	0	0	97	28	90	30	0	0	81	0
86	52	56	0	83	0	0	56	50	62	50	17	83	62	0	0	0	0	42	20	62	0	0	0	0	0	0	83	83	83	57	44	83	83	83	0	0	0	71	89	71	0	69	20	64	22	0	0	57	0
0	75	80	0	0	0	0	82	72	90	72	25	0	90	0	0	0	0	60	28	90	0	0	0	0	0	0	0	0	0	84	63	0	0	0	0	0	0	0	0	0	0	0	28	93	31	0	0	84	0
0	0	0	0	0	0	0	0	0	0	0	89	0	0	0	0	0	0	0	0	0	0	0	0	0	0	0	0	0	0	0	0	0	0	0	0	0	0	0	0	0	0	0	0	0	0	0	0	0	0
0	81	87	0	0	0	0	89	78	98	78	27	0	98	0	0	0	0	65	31	98	0	0	0	0	0	0	0	0	0	91	68	0	0	0	0	0	0	0	0	0	0	0	31	0	34	0	0	91	0
0	0	0	0	0	0	0	0	0	0	0	81	0	0	0	0	0	0	0	91	0	0	0	0	0	0	0	0	0	0	0	0	0	0	0	0	0	0	0	0	0	0	0	91	0	0	0	0	0	0
69	42	44	80	67	0	0	45	40	50	40	14	67	50	0	87	0	0	33	16	50	83	0	0	0	0	87	67	67	67	47	35	67	67	67	87	87	91	56	71	56	80	55	16	51	17	0	0	47	0
69	42	44	80	67	0	0	45	40	50	40	14	67	50	0	87	0	0	33	16	50	83	0	0	0	0	87	67	67	67	47	35	67	67	67	87	87	91	56	71	56	80	55	16	51	17	0	0	47	0
0	90	96	0	0	0	0	98	86	0	86	30	0	0	0	0	0	0	72	34	0	0	0	0	0	0	0	0	0	0	0	75	0	0	0	0	0	0	0	0	0	0	0	34	0	37	0	0	0	0
69	42	44	80	67	0	0	45	40	50	40	14	67	50	0	87	0	0	33	16	50	83	0	0	0	0	87	67	67	67	47	35	67	67	67	87	87	91	56	71	56	80	55	16	51	17	0	0	47	0

0	0	0	115	0	145	145	0	0	0	0	0	0	0	145	126	145	145	0	0	0	121	166	145	145	145	126	0	0	0	0	0	0	0	0	126	126	132	0	104	0	115	0	0	0	0	145	145	0	145
166	0	107	192	160	240	240	109	0	120	0	0	160	120	240	209	240	240	0	0	120	200	274	240	240	240	209	160	160	160	112	0	160	160	160	209	209	218	137	171	137	192	133	0	123	0	240	240	112	240
155	0	0	180	150	225	225	102	0	112	0	0	150	112	225	196	225	225	0	0	112	188	257	225	225	225	196	150	150	150	105	0	150	150	150	196	196	204	129	161	129	180	125	0	114	0	225	225	105	225
0	0	0	0	0	125	125	0	0	0	0	0	0	0	125	109	125	125	0	0	0	104	143	125	125	125	109	0	0	0	0	0	0	0	0	109	109	113	0	0	0	0	0	0	0	0	125	125	0	125
103	0	0	120	0	150	150	0	0	0	0	0	0	0	150	130	150	150	0	0	0	125	171	150	150	150	130	0	0	0	0	0	0	0	0	130	130	136	0	107	0	120	0	0	0	0	150	150	0	150
0	0	0	0	0	0	0	0	0	0	0	0	0	0	0	0	0	0	0	0	0	0	113	0	0	0	0	0	0	0	0	0	0	0	0	0	0	0	0	0	0	0	0	0	0	0	0	0	0	0
0	0	0	0	0	0	0	0	0	0	0	0	0	0	0	0	0	0	0	0	0	0	113	0	0	0	0	0	0	0	0	0	0	0	0	0	0	0	0	0	0	0	0	0	0	0	0	0	0	0
152	0	0	176	147	220	220	0	0	110	0	0	147	110	220	191	220	220	0	0	110	183	250	220	220	220	191	147	147	147	102	0	147	147	147	191	191	200	126	157	126	176	122	0	112	0	220	220	102	220
172	104	111	200	167	250	250	113	0	125	0	0	167	125	250	217	250	250	0	0	125	208	286	250	250	250	217	167	167	167	115	0	167	167	167	217	217	227	143	179	143	200	139	0	128	0	250	250	115	250
138	0	0	160	133	200	200	0	0	0	0	0	133	0	200	174	200	200	0	0	0	167	229	200	200	200	174	133	133	133	0	0	133	133	133	174	174	182	113	143	113	160	111	0	103	0	200	200	0	200
172	104	111	200	167	250	250	113	0	125	0	0	167	125	250	217	250	250	0	0	125	208	286	250	250	250	217	167	167	167	115	0	167	167	167	217	217	227	143	179	143	200	139	0	128	0	250	250	115	250
493	298	318	572	476	715	715	325	286	358	286	0	476	358	715	622	715	715	238	112	358	596	817	715	715	715	622	476	476	476	333	250	476	476	476	622	622	650	409	511	409	572	396	112	367	123	715	715	333	715
103	0	0	120	0	150	150	0	0	0	0	0	0	0	150	130	150	150	0	0	0	125	171	150	150	150	130	0	0	0	0	0	0	0	0	130	130	136	0	107	0	120	0	0	0	0	150	150	0	150
138	0	0	160	133	200	200	0	0	0	0	0	133	0	200	174	200	200	0	0	0	167	229	200	200	200	174	133	133	133	0	0	133	133	133	174	174	182	113	143	113	160	111	0	103	0	200	200	0	200
0	0	0	0	0	0	0	0	0	0	0	0	0	0	0	0	0	0	0	0	0	0	113	0	0	0	0	0	0	0	0	0	0	0	0	0	0	0	0	0	0	0	0	0	0	0	0	0	0	0
0	0	0	0	0	114	114	0	0	0	0	0	0	0	114	0	114	114	0	0	0	0	131	114	114	114	0	0	0	0	0	0	0	0	0	0	0	105	0	0	0	0	0	0	0	0	114	114	0	114
0	0	0	0	0	0	0	0	0	0	0	0	0	0	0	0	0	0	0	0	0	0	113	0	0	0	0	0	0	0	0	0	0	0	0	0	0	0	0	0	0	0	0	0	0	0	0	0	0	0
0	0	0	0	0	0	0	0	0	0	0	0	0	0	0	0	0	0	0	0	0	0	113	0	0	0	0	0	0	0	0	0	0	0	0	0	0	0	0	0	0	0	0	0	0	0	0	0	0	0
206	125	133	240	200	300	300	136	120	150	120	0	200	150	300	261	300	300	0	0	150	250	343	300	300	300	261	200	200	200	140	105	200	200	200	261	261	273	171	214	171	240	166	0	154	0	300	300	140	300
438	265	282	508	423	635	635	289	254	318	254	0	423	318	635	552	635	635	212	0	318	529	726	635	635	635	552	423	423	423	295	223	423	423	423	552	552	577	363	454	363	508	352	0	326	109	635	635	295	635
138	0	0	160	133	200	200	0	0	0	0	0	133	0	200	174	200	200	0	0	0	167	229	200	200	200	174	133	133	133	0	0	133	133	133	174	174	182	113	143	113	160	111	0	103	0	200	200	0	200
0	0	0	0	0	120	120	0	0	0	0	0	0	0	120	104	120	120	0	0	0	0	137	120	120	120	104	0	0	0	0	0	0	0	0	104	104	109	0	0	0	0	0	0	0	0	120	120	0	120
0	0	0	0	0	0	0	0	0	0	0	0	0	0	0	0	0	0	0	0	0	0	0	0	0	0	0	0	0	0	0	0	0	0	0	0	0	0	0	0	0	0	0	0	0	0	0	0	0	0
0	0	0	0	0	0	0	0	0	0	0	0	0	0	0	0	0	0	0	0	0	0	113	0	0	0	0	0	0	0	0	0	0	0	0	0	0	0	0	0	0	0	0	0	0	0	0	0	0	0
0	0	0	0	0	0	0	0	0	0	0	0	0	0	0	0	0	0	0	0	0	0	113	0	0	0	0	0	0	0	0	0	0	0	0	0	0	0	0	0	0	0	0	0	0	0	0	0	0	0
0	0	0	0	0	0	0	0	0	0	0	0	0	0	0	0	0	0	0	0	0	0	113	0	0	0	0	0	0	0	0	0	0	0	0	0	0	0	0	0	0	0	0	0	0	0	0	0	0	0
0	0	0	0	0	114	114	0	0	0	0	0	0	0	114	0	114	114	0	0	0	0	131	114	114	114	0	0	0	0	0	0	0	0	0	0	0	105	0	0	0	0	0	0	0	0	114	114	0	114
103	0	0	120	0	150	150	0	0	0	0	0	0	0	150	130	150	150	0	0	0	125	171	150	150	150	130	0	0	0	0	0	0	0	0	130	130	136	0	107	0	120	0	0	0	0	150	150	0	150
103	0	0	120	0	150	150	0	0	0	0	0	0	0	150	130	150	150	0	0	0	125	171	150	150	150	130	0	0	0	0	0	0	0	0	130	130	136	0	107	0	120	0	0	0	0	150	150	0	150
103	0	0	120	0	150	150	0	0	0	0	0	0	0	150	130	150	150	0	0	0	125	171	150	150	150	130	0	0	0	0	0	0	0	0	130	130	136	0	107	0	120	0	0	0	0	150	150	0	150
148	0	0	172	143	215	215	0	0	108	0	0	143	108	215	187	215	215	0	0	108	179	246	215	215	215	187	143	143	143	0	0	143	143	143	187	187	195	123	154	123	172	119	0	110	0	215	215	0	215
197	119	127	227	190	285	285	130	113	142	113	0	190	142	285	248	285	285	0	0	142	238	326	285	285	285	248	190	190	190	133	0	190	190	190	248	248	259	163	204	163	227	158	0	146	0	285	285	133	285
103	0	0	120	0	150	150	0	0	0	0	0	0	0	150	130	150	150	0	0	0	125	171	150	150	150	130	0	0	0	0	0	0	0	0	130	130	136	0	107	0	120	0	0	0	0	150	150	0	150
103	0	0	120	0	150	150	0	0	0	0	0	0	0	150	130	150	150	0	0	0	125	171	150	150	150	130	0	0	0	0	0	0	0	0	130	130	136	0	107	0	120	0	0	0	0	150	150	0	150
103	0	0	120	0	150	150	0	0	0	0	0	0	0	150	130	150	150	0	0	0	125	171	150	150	150	130	0	0	0	0	0	0	0	0	130	130	136	0	107	0	120	0	0	0	0	150	150	0	150
0	0	0	0	0	114	114	0	0	0	0	0	0	0	114	0	114	114	0	0	0	0	131	114	114	114	0	0	0	0	0	0	0	0	0	0	0	105	0	0	0	0	0	0	0	0	114	114	0	114
0	0	0	0	0	114	114	0	0	0	0	0	0	0	114	0	114	114	0	0	0	0	131	114	114	114	0	0	0	0	0	0	0	0	0	0	0	105	0	0	0	0	0	0	0	0	114	114	0	114
0	0	0	0	0	110	110	0	0	0	0	0	0	0	110	0	110	110	0	0	0	0	126	110	110	110	0	0	0	0	0	0	0	0	0	0	0	0	0	0	0	0	0	0	0	0	110	110	0	110
121	0	0	140	117	175	175	0	0	0	0	0	117	0	175	152	175	175	0	0	0	146	200	175	175	175	152	117	117	117	0	0	117	117	117	152	152	159	0	125	0	140	0	0	0	0	175	175	0	175
0	0	0	112	0	140	140	0	0	0	0	0	0	0	140	122	140	140	0	0	0	117	160	140	140	140	122	0	0	0	0	0	0	0	0	122	122	127	0	0	0	112	0	0	0	0	140	140	0	140
121	0	0	140	117	175	175	0	0	0	0	0	117	0	175	152	175	175	0	0	0	146	200	175	175	175	152	117	117	117	0	0	117	117	117	152	152	159	0	125	0	140	0	0	0	0	175	175	0	175
0	0	0	0	0	125	125	0	0	0	0	0	0	0	125	109	125	125	0	0	0	104	143	125	125	125	109	0	0	0	0	0	0	0	0	109	109	113	0	0	0	0	0	0	0	0	125	125	0	125
124	0	0	144	120	180	180	0	0	0	0	0	120	0	180	157	180	180	0	0	0	150	206	180	180	180	157	120	120	120	0	0	120	120	120	157	157	164	103	129	103	144	0	0	0	0	180	180	0	180
438	265	282	508	423	635	635	289	254	318	254	0	423	318	635	552	635	635	212	0	318	529	726	635	635	635	552	423	423	423	295	223	423	423	423	552	552	577	363	454	363	508	352	0	326	109	635	635	295	635
134	0	0	156	130	195	195	0	0	0	0	0	130	0	195	170	195	195	0	0	0	162	223	195	195	195	170	130	130	130	0	0	130	130	130	170	170	177	111	139	111	156	108	0	0	0	195	195	0	195
400	242	258	463	387	580	580	264	231	290	231	0	387	290	580	504	580	580	193	0	290	483	663	580	580	580	504	387	387	387	270	204	387	387	387	504	504	527	331	413	331	463	321	0	297	0	580	580	270	580
0	0	0	0	0	0	0	0	0	0	0	0	0	0	0	0	0	0	0	0	0	0	113	0	0	0	0	0	0	0	0	0	0	0	0	0	0	0	0	0	0	0	0	0	0	0	0	0	0	0
0	0	0	0	0	0	0	0	0	0	0	0	0	0	0	0	0	0	0	0	0	0	113	0	0	0	0	0	0	0	0	0	0	0	0	0	0	0	0	0	0	0	0	0	0	0	0	0	0	0
148	0	0	172	143	215	215	0	0	108	0	0	143	108	215	187	215	215	0	0	108	179	246	215	215	215	187	143	143	143	0	0	143	143	143	187	187	195	123	154	123	172	119	0	110	0	215	215	0	215
0	0	0	0	0	0	0	0	0	0	0	0	0	0	0	0	0	0	0	0	0	0	113	0	0	0	0	0	0	0	0	0	0	0	0	0	0	0	0	0	0	0	0	0	0	0	0	0	0	0