1000 236406
50 50 50 50 347
5 6 5 5 10
50 50 50 50 900
50 50 50 50 877
50 50 50 50 772
33 33 31 34 189
50 50 50 50 363
50 50 50 50 388
5 6 5 5 58
50 50 50 50 546
50 50 50 50 598
50 50 50 50 860
18 18 17 19 140
50 50 50 50 266
50 50 50 50 379
50 50 50 50 607
50 50 50 50 716
34 34 34 32 185
50 50 50 50 739
50 50 50 50 929
50 50 50 50 290
50 50 50 50 419
13 13 14 11 107
50 50 50 50 528
50 50 50 50 723
50 50 50 50 717
50 50 50 50 766
50 50 50 50 317
50 50 50 50 472
50 50 50 50 422
50 50 50 50 954
50 50 50 50 713
50 50 50 50 436
50 50 50 50 532
50 50 50 50 689
50 50 50 50 806
50 50 50 50 460
6 6 6 4 27
50 50 50 50 712
47 47 49 45 221
50 50 50 50 504
50 50 50 50 858
50 50 50 50 742
50 50 50 50 941
50 50 50 50 872
15 15 16 13 117
4 4 2 5 17
50 50 50 50 276
50 50 50 50 691
50 50 50 50 649
6 6 6 4 27
50 50 50 50 726
50 50 50 50 914
50 50 50 50 505
17 17 17 17 133
50 50 50 50 237
50 49 50 50 232
50 50 50 50 710
50 50 50 50 587
50 50 50 50 546
50 50 50 50 973
50 50 50 50 622
34 34 34 34 190
50 50 50 50 876
50 50 50 50 872
50 50 50 50 826
17 17 16 18 136
50 50 50 50 835
50 50 50 50 771
50 50 50 50 582
50 50 50 50 364
50 50 50 50 608
50 50 50 50 521
3 3 2 5 18
50 50 50 50 886
5 6 5 5 58
50 50 50 50 537
50 50 50 50 947
50 50 50 50 630
50 50 50 50 605
50 50 50 50 661
5 5 5 5 57
50 50 50 50 471
50 50 50 50 845
12 12 12 10 101
34 33 34 37 197
50 50 50 50 256
50 50 50 50 235
50 50 50 50 483
50 50 50 50 572
50 50 50 50 281
50 50 50 50 846
50 50 50 50 995
50 50 50 50 529
12 11 12 12 110
9 9 9 9 93
50 50 50 50 863
30 30 29 32 183
50 50 50 50 661
50 50 50 50 691
9 9 9 7 81
50 50 50 50 399
50 50 50 50 316
23 23 22 25 161
50 50 50 50 488
50 50 50 50 247
50 50 50 50 471
50 50 50 50 858
8 8 8 9 92
50 50 50 50 979
50 50 50 50 515
4 4 4 5 13
14 14 13 16 127
50 50 50 50 982
4 4 3 6 3
50 50 50 50 827
50 50 50 50 969
50 50 50 50 376
50 50 50 50 312
50 50 50 50 933
7 8 7 5 62
50 50 50 50 924
50 50 50 50 466
50 50 50 50 890
50 50 50 50 359
50 50 50 50 703
50 50 50 50 643
50 50 50 50 462
13 13 15 12 112
50 50 50 50 235
50 50 50 50 423
50 50 50 50 254
47 47 47 50 231
50 50 50 50 399
50 50 50 50 765
50 50 50 50 630
50 50 50 50 522
50 50 50 50 801
50 50 50 50 866
50 50 50 50 467
50 50 50 50 585
50 50 50 50 294
50 50 50 50 890
50 50 50 50 844
50 50 50 50 804
50 50 50 50 744
6 6 7 5 7
3 3 1 5 20
39 39 38 40 206
50 50 50 50 959
50 50 50 50 944
50 50 50 50 866
6 6 6 4 27
50 50 50 50 554
50 50 50 50 996
50 50 50 50 250
50 50 50 50 828
50 50 50 50 486
4 4 2 5 51
50 50 50 50 828
5 4 5 5 56
50 50 50 50 836
50 50 50 50 438
50 50 50 50 660
50 50 50 50 780
50 50 50 50 778
50 50 50 50 681
4 4 2 6 4
50 50 50 50 476
3 3 3 5 52
50 50 50 50 508
50 50 50 50 463
50 50 50 50 334
50 50 50 50 864
38 37 38 38 201
50 50 50 50 618
50 50 50 50 974
50 50 50 50 925
50 50 50 50 854
50 50 50 50 858
50 50 50 50 273
50 50 50 50 732
17 17 15 19 139
5 5 5 5 11
4 4 3 6 3
50 50 50 50 682
50 50 50 50 419
50 50 50 50 307
21 21 20 21 148
50 50 50 50 409
16 16 16 15 125
47 47 47 49 229
4 4 2 6 4
50 50 50 50 237
50 50 50 50 934
50 50 50 50 818
50 50 50 50 431
50 50 50 50 776
7 7 7 4 45
50 50 50 50 959
50 50 50 50 554
50 50 50 50 290
34 34 34 32 185
50 50 50 50 281
50 50 50 50 971
11 11 11 9 95
50 50 50 50 777
50 50 50 50 713
5 5 6 4 30
6 6 6 5 59
50 50 50 50 473
50 50 50 50 581
50 50 50 50 304
50 50 50 50 244
50 50 50 50 774
50 50 50 50 366
50 50 50 50 899
50 50 50 50 977
17 17 16 18 136
50 50 50 50 275
50 50 50 50 535
50 50 50 50 946
6 6 7 5 7
30 29 30 30 178
50 50 50 50 761
10 10 11 8 89
50 50 50 50 932
50 50 50 50 511
50 50 50 50 891
50 50 50 50 414
50 50 50 50 566
50 50 50 50 366
50 50 50 50 285
50 50 50 50 394
50 50 50 50 655
50 50 50 50 500
17 17 16 18 136
50 50 50 50 891
50 50 50 50 954
50 50 50 50 492
50 50 50 50 411
23 23 22 24 158
27 27 27 26 166
50 50 50 50 541
50 50 50 50 321
50 50 50 50 256
35 36 35 35 193
6 6 4 6 1
50 50 50 50 291
24 25 24 24 159
50 50 50 50 799
50 50 50 50 605
50 50 50 50 461
23 23 22 25 161
50 50 50 50 721
50 50 50 50 688
50 50 50 50 359
28 28 27 30 177
50 50 50 50 504
50 50 50 50 805
50 50 50 50 314
5 5 7 5 60
50 50 50 50 434
8 7 8 8 86
50 50 50 50 446
50 50 50 50 281
50 50 50 50 817
50 50 50 50 838
50 50 50 50 577
50 50 50 50 808
50 50 50 50 895
50 50 50 50 769
50 50 50 50 646
50 50 50 50 696
50 50 50 50 872
50 50 50 50 984
17 17 17 14 122
29 29 29 26 167
50 50 50 50 592
15 15 16 13 117
50 50 50 50 546
15 15 16 13 117
50 50 50 50 275
50 50 50 50 546
50 50 50 50 567
50 50 50 50 850
35 35 35 38 200
24 25 24 24 159
10 10 9 12 108
50 50 50 50 395
7 7 7 5 61
50 50 50 50 515
50 50 50 50 456
50 50 50 50 771
50 50 50 50 395
50 50 50 50 334
50 50 50 50 600
12 12 11 14 118
50 50 50 50 791
50 50 50 50 762
50 50 50 50 389
39 39 37 41 208
50 50 50 50 752
50 50 50 50 983
50 50 50 50 941
50 50 50 50 618
50 50 50 50 703
50 50 50 50 331
27 27 27 26 166
50 50 50 50 433
35 35 35 33 188
50 50 50 50 544
50 50 50 50 605
3 3 2 5 50
50 50 50 50 364
50 50 50 50 775
50 50 50 50 406
50 50 50 50 898
50 50 50 50 295
50 50 50 50 526
50 50 50 50 351
50 50 50 50 729
44 43 44 44 217
50 50 50 50 494
50 50 50 50 829
50 50 50 50 446
50 50 50 50 713
6 6 7 4 23
50 50 50 50 396
37 37 39 37 199
50 50 50 50 829
50 50 50 50 603
50 50 50 50 931
50 50 50 50 731
50 50 50 50 925
50 50 50 50 444
50 50 50 50 367
40 39 40 42 211
50 50 50 50 754
50 50 50 50 350
41 41 40 41 209
50 50 50 50 427
7 7 5 7 77
50 50 50 50 524
50 50 50 50 886
21 21 20 23 154
50 50 50 50 447
6 6 4 6 1
50 50 50 50 552
8 7 8 10 97
50 50 50 50 588
50 50 50 50 541
19 19 20 18 138
12 12 12 10 101
50 50 50 50 358
50 50 50 50 301
50 50 50 50 416
50 50 50 50 905
5 5 7 4 42
50 50 50 50 634
50 50 50 50 265
50 50 50 50 286
50 50 50 50 313
50 50 50 50 473
50 50 50 50 389
50 50 50 50 419
50 50 50 50 406
50 50 50 50 915
50 50 50 50 844
50 50 50 50 434
50 50 50 50 999
6 6 5 6 68
50 50 50 50 979
50 50 50 50 913
50 50 50 50 515
50 50 50 50 736
10 10 10 7 82
50 50 50 50 888
50 50 50 50 427
4 4 2 6 4
50 50 50 50 900
50 50 50 50 385
50 50 50 50 657
50 50 50 50 932
50 50 50 50 355
50 50 50 50 714
19 19 21 17 135
50 50 50 50 239
5 5 6 4 30
50 50 50 50 447
50 50 50 50 929
50 50 50 50 451
50 50 50 50 875
50 50 50 50 873
50 50 50 50 829
48 48 47 48 227
50 50 50 50 566
50 50 50 50 829
20 20 18 21 147
23 23 22 24 158
50 50 50 50 546
50 50 50 50 914
50 50 50 50 990
18 18 18 16 130
50 50 50 50 540
50 50 50 50 703
50 50 50 50 958
15 15 14 15 124
50 50 50 50 405
13 13 15 13 116
50 50 50 50 584
50 50 50 50 654
50 50 50 50 395
50 50 50 50 411
50 50 50 50 924
50 50 50 50 971
50 50 50 50 881
50 50 50 50 517
50 50 50 50 485
50 50 50 50 713
50 50 50 50 442
50 50 50 50 825
50 50 50 50 935
50 50 50 50 986
5 5 5 8 83
50 50 50 50 613
6 6 4 6 1
50 50 50 50 775
42 41 42 43 214
50 50 50 50 532
50 50 50 50 315
6 6 6 4 27
26 26 26 23 157
50 50 50 50 333
50 50 50 50 267
50 50 50 50 529
50 50 50 50 597
50 50 50 50 315
50 50 50 50 315
50 50 50 50 684
19 18 19 20 144
50 50 50 50 544
50 50 50 50 340
50 50 50 50 542
50 50 50 50 743
50 50 50 50 697
18 18 17 19 140
50 50 50 50 823
32 32 32 30 179
50 50 50 50 555
50 50 50 50 332
50 50 50 50 756
50 50 50 50 244
5 5 5 5 11
50 50 50 50 471
50 50 50 50 738
50 50 50 50 530
50 50 50 50 766
8 7 8 8 86
50 50 50 50 467
50 50 50 50 421
50 50 50 50 587
50 50 50 50 743
50 50 50 50 481
37 37 38 35 194
50 50 50 50 827
50 50 50 50 294
50 50 50 50 491
50 50 50 50 978
50 50 50 50 447
50 50 50 50 404
50 50 50 50 364
50 50 50 50 735
50 50 50 50 998
50 50 50 50 388
50 50 50 50 643
50 50 50 50 803
50 50 50 50 944
50 50 50 50 497
50 50 50 50 502
3 3 1 5 47
50 50 50 50 353
50 50 50 50 934
50 50 50 50 385
8 7 8 11 102
50 50 50 50 927
50 50 50 50 604
50 50 50 50 779
50 50 50 50 398
13 13 13 12 111
50 50 50 50 285
50 50 50 50 829
7 7 7 6 71
50 50 50 50 699
47 47 47 50 231
27 28 27 27 169
50 50 50 50 910
50 50 50 50 497
50 50 50 50 538
50 50 50 50 572
50 50 50 50 450
50 50 50 50 843
50 50 50 50 479
11 12 11 11 105
50 50 50 50 305
50 50 50 50 558
50 50 50 50 415
50 50 50 50 630
50 50 50 50 909
50 50 50 50 409
50 50 50 50 492
50 50 50 50 586
10 9 10 10 99
50 50 50 50 837
50 50 50 50 255
50 50 50 50 423
50 50 50 50 792
50 50 50 50 366
50 50 50 50 507
50 50 50 50 551
50 50 50 50 377
50 50 50 50 877
50 50 50 50 444
50 50 50 50 784
50 50 50 50 385
28 28 26 29 174
50 50 50 50 294
50 50 50 50 615
50 50 50 50 837
44 43 44 44 217
50 50 50 50 950
50 50 50 50 986
50 50 50 50 766
50 50 50 50 910
50 50 50 50 336
50 50 50 50 634
50 50 50 50 322
50 50 50 50 374
50 50 50 50 903
50 50 50 50 705
50 50 50 50 817
50 50 50 50 986
50 50 50 50 926
50 50 50 50 500
24 24 24 22 153
50 50 50 50 299
12 11 12 12 110
50 50 50 50 652
50 50 50 50 857
50 50 50 50 587
50 50 50 50 327
50 50 50 50 436
5 5 7 5 60
50 50 50 50 250
50 50 50 50 593
50 50 50 50 262
50 50 50 50 446
50 50 50 50 778
50 50 50 50 524
23 23 22 25 161
17 17 17 20 143
50 50 50 50 993
50 50 50 50 731
25 25 24 25 162
4 4 3 6 3
30 30 29 32 183
50 50 50 50 624
50 50 50 50 479
19 18 19 20 144
50 50 50 50 593
31 30 31 31 181
50 50 50 50 819
50 50 50 50 824
50 50 50 50 528
50 50 50 50 577
50 50 50 50 704
50 50 50 50 999
50 50 50 50 370
50 50 50 50 533
50 50 50 50 762
50 50 50 50 930
50 50 50 50 601
31 31 31 29 176
50 50 50 50 922
50 50 50 50 637
50 50 50 50 271
50 50 50 50 644
50 50 50 50 272
50 50 50 50 883
50 50 50 50 701
5 5 7 4 43
50 50 50 50 593
37 37 38 35 194
50 50 50 50 832
50 50 50 50 352
50 50 50 50 247
50 50 50 50 978
50 50 50 50 399
50 50 50 50 694
19 20 19 19 141
24 24 24 23 156
50 50 50 50 856
50 50 50 50 690
50 50 50 50 750
50 50 50 50 598
50 50 50 50 633
50 50 50 50 239
4 4 2 5 17
50 50 50 50 721
50 50 50 50 586
50 50 50 50 669
50 50 50 50 546
50 50 50 50 327
10 10 11 8 89
5 5 5 7 76
47 47 47 50 231
50 50 50 50 532
50 50 50 50 391
50 50 50 50 915
50 50 50 50 444
50 50 50 50 867
50 50 50 50 807
50 50 50 50 363
50 50 50 50 778
50 50 50 50 664
50 50 50 50 764
50 50 50 50 617
50 50 50 50 736
50 50 50 50 775
14 14 12 14 119
50 50 50 50 715
50 50 50 50 510
19 19 20 18 138
50 50 50 50 483
6 5 6 6 69
7 8 7 5 62
50 50 50 50 515
50 50 50 50 834
50 50 50 50 844
50 50 50 50 864
50 50 50 50 567
20 20 18 21 147
50 50 50 50 281
50 50 50 50 703
50 50 50 50 490
50 50 50 50 527
50 50 50 50 741
50 50 50 50 965
50 50 50 50 857
50 50 50 50 492
50 50 50 50 408
50 50 50 50 900
50 50 50 50 269
6 7 6 6 70
50 50 50 50 881
50 50 50 50 398
50 50 50 50 529
5 5 5 7 76
50 50 50 50 563
34 34 34 32 185
4 4 4 6 2
50 50 50 50 409
50 50 50 50 559
50 50 50 50 994
5 5 3 5 14
50 50 50 50 908
50 50 50 50 686
50 50 50 50 928
4 4 3 6 65
50 50 50 50 439
50 50 50 50 997
50 50 50 50 971
50 50 50 50 939
50 50 50 50 823
50 50 50 50 986
50 50 50 50 682
50 50 50 50 610
50 50 50 50 320
50 50 50 50 863
5 5 7 4 24
10 10 10 7 82
50 50 50 50 788
50 50 50 50 981
50 50 50 50 656
50 50 50 50 919
50 50 50 50 441
50 50 50 50 708
50 50 50 50 431
30 31 30 28 173
38 37 38 41 208
50 50 50 50 955
41 41 41 40 207
50 50 50 50 326
4 4 4 5 13
50 50 50 50 635
50 50 50 50 853
50 50 50 50 526
5 5 4 5 12
50 50 50 50 328
50 50 50 50 963
50 50 50 50 600
50 50 50 50 750
3 3 2 5 49
50 50 50 50 709
50 50 50 50 355
50 50 50 50 704
50 50 50 50 875
50 50 50 50 533
50 50 50 50 561
7 7 7 4 22
50 50 50 50 293
50 50 50 50 665
24 25 24 24 159
50 50 50 50 514
7 7 7 9 91
50 50 50 50 858
50 50 50 50 435
50 50 50 50 529
50 50 50 50 326
50 50 50 50 300
6 6 6 4 40
46 46 46 45 220
50 50 50 50 633
50 50 50 50 831
50 50 50 50 791
47 47 48 47 225
16 16 16 15 125
50 50 50 50 853
27 28 27 27 169
12 12 12 10 101
50 50 50 50 352
50 50 50 50 791
5 5 6 4 34
50 50 50 50 593
50 50 50 50 547
50 50 50 50 617
50 50 50 50 535
50 50 50 50 395
50 50 50 50 609
33 32 33 33 187
50 50 50 50 459
50 50 50 50 354
50 50 50 50 668
5 5 6 4 29
50 50 50 50 894
50 50 50 50 572
50 50 50 50 655
13 12 13 13 115
50 50 50 50 344
50 50 50 50 436
50 50 50 50 406
5 5 6 4 30
50 50 50 50 984
50 50 50 50 718
5 5 6 4 38
13 12 13 13 115
50 50 50 50 306
50 50 50 50 359
50 50 50 50 761
50 50 50 50 907
50 50 50 50 787
50 50 50 50 455
44 44 45 42 213
50 50 50 50 565
50 50 50 50 611
50 50 50 50 521
50 50 50 50 967
50 50 50 50 927
43 43 45 43 215
50 50 50 50 233
50 50 50 50 810
50 50 50 50 843
50 50 50 50 736
24 24 24 22 153
50 50 50 50 510
50 50 50 50 651
50 50 50 50 706
50 50 50 50 716
50 50 50 50 558
50 50 50 50 640
50 50 50 50 588
50 50 50 50 510
33 32 33 33 187
50 50 50 50 283
50 50 50 50 844
50 50 50 50 905
46 46 45 46 222
7 7 5 7 77
5 5 5 7 76
16 16 16 15 125
50 50 50 50 720
29 28 29 29 175
50 50 50 50 873
50 50 50 50 265
50 50 50 50 707
50 50 50 50 503
50 50 50 50 783
50 50 50 50 606
50 50 50 50 430
50 50 50 50 938
50 50 50 50 277
33 32 33 33 187
50 50 50 50 599
50 50 50 50 483
50 50 50 50 795
50 50 50 50 461
50 50 50 50 832
50 50 50 50 362
50 50 50 50 803
50 50 50 50 531
50 50 50 50 762
35 35 34 36 195
50 50 50 50 562
50 50 50 50 932
8 7 8 8 86
9 9 7 11 102
50 50 50 50 631
50 50 50 50 717
50 50 50 50 911
50 50 50 50 613
50 50 50 50 933
5 5 4 5 55
13 12 13 13 115
50 50 50 50 852
50 50 50 50 472
50 50 50 50 385
50 50 50 50 332
50 50 50 50 295
26 26 25 27 168
50 50 50 50 642
50 50 50 50 388
50 50 50 50 578
50 50 50 50 542
50 50 50 50 906
18 18 17 19 140
50 50 50 50 950
50 50 50 50 400
50 50 50 50 532
50 51 50 47 226
50 50 50 50 351
50 50 50 50 518
7 7 7 6 71
50 50 50 50 939
50 50 50 50 911
4 4 3 6 65
50 50 50 50 259
50 50 50 50 631
50 50 50 50 710
3 3 2 5 49
50 50 50 50 594
50 50 50 50 762
15 15 16 14 121
50 50 50 50 952
5 5 5 7 76
3 3 1 5 20
50 50 50 50 300
50 50 50 50 272
50 50 50 50 740
50 50 50 50 712
50 50 50 50 776
50 50 50 50 869
50 50 50 50 792
50 50 50 50 584
50 50 50 50 552
50 50 50 50 573
40 39 40 42 211
3 3 2 5 49
50 50 50 50 758
5 5 5 7 76
50 50 50 50 763
50 50 50 50 768
26 26 26 28 171
50 50 50 50 397
40 39 40 42 211
50 50 50 50 377
50 50 50 50 764
50 50 50 50 784
50 50 50 50 715
50 50 50 50 620
9 9 10 8 88
50 50 50 50 752
50 50 50 50 839
50 50 50 50 677
50 50 50 50 344
25 25 27 25 163
50 50 50 50 731
50 50 50 50 625
50 50 50 50 448
50 50 50 50 895
44 44 45 42 213
50 50 50 50 602
50 50 50 50 820
5 5 6 4 32
50 50 50 50 938
50 50 50 50 262
50 50 50 50 918
31 31 31 29 176
5 5 7 4 43
50 50 50 50 308
50 50 50 50 382
18 18 17 19 140
50 50 50 50 283
50 50 50 50 671
50 50 50 50 235
50 50 50 50 419
48 48 48 46 223
7 7 7 4 22
50 50 50 50 501
12 12 10 12 109
50 50 50 50 968
50 50 50 50 436
50 50 50 50 380
50 50 50 50 964
50 50 50 50 854
50 50 50 50 388
50 50 50 50 672
50 50 50 50 782
50 50 50 50 272
50 50 50 50 330
27 26 27 29 174
5 5 7 4 42
50 50 50 50 868
50 50 50 50 411
50 50 50 50 853
50 50 50 50 412
50 50 50 50 303
50 50 50 50 997
50 50 50 50 616
3 3 2 5 49
50 50 50 50 729
50 50 50 50 976
50 50 50 50 904
50 50 50 50 644
50 50 50 50 837
50 50 50 50 260
30 30 29 32 183
50 50 50 50 927
50 50 50 50 392
50 50 50 50 786
50 50 50 50 925
50 50 50 50 757
50 50 50 50 876
50 50 50 50 854
50 50 50 50 741
50 50 50 50 780
50 50 50 50 460
50 50 50 50 865
50 50 50 50 627
50 50 50 50 640
5 5 3 7 74
31 31 31 29 176
50 50 50 50 593
50 50 50 50 488
26 26 25 27 168
50 50 50 50 774
50 50 50 50 303
50 50 50 50 768
50 50 50 50 558
50 50 50 50 316
50 50 50 50 848
50 50 50 50 314
50 50 50 50 454
50 50 50 50 796
5 5 4 5 55
20 20 18 21 147
18 18 19 17 134
50 50 50 50 482
12 12 11 13 114
50 50 50 50 465
50 50 50 50 994
18 18 17 19 140
50 50 50 50 725
50 50 50 50 551
50 50 50 50 769
50 50 50 50 405
50 50 50 50 608
4 4 2 5 51
50 50 50 50 770
50 50 50 50 377
50 50 50 50 310
50 50 50 50 811
50 50 50 50 374
50 50 50 50 253
50 50 50 50 949
50 50 50 50 698
41 41 41 40 207
50 50 50 50 473
3 3 1 5 47
50 50 50 50 952
50 50 50 50 614
50 50 50 50 802
50 50 50 50 413
50 50 50 50 925
50 50 50 50 734
50 50 50 50 563
50 50 50 50 294
50 50 50 50 588
50 50 50 50 434
50 50 50 50 333
50 50 50 50 401
