1000 917126
45 45 46 45 902
51 51 52 49 987
47 47 48 46 925
45 45 46 45 902
47 47 45 48 952
47 47 47 46 923
47 47 48 46 925
49 49 49 50 996
49 49 50 49 981
52 52 52 49 988
45 45 44 47 931
47 47 46 47 938
48 48 46 49 972
47 47 49 47 944
46 45 46 46 918
46 45 46 46 918
49 49 49 47 945
49 49 49 49 980
50 50 50 49 982
49 49 50 48 964
46 46 44 47 932
47 47 49 47 944
48 48 50 47 947
46 46 47 45 905
47 47 49 47 944
47 47 48 46 925
48 48 50 47 946
48 48 47 50 991
48 48 47 49 974
49 49 49 46 929
51 51 51 48 968
46 46 45 46 917
46 46 47 45 904
46 46 45 46 917
48 48 48 48 960
44 44 44 46 913
49 49 49 49 980
47 47 47 48 957
49 49 48 50 995
50 50 50 48 966
50 50 50 48 966
45 45 45 47 933
49 49 49 46 929
48 48 50 47 946
50 49 50 50 999
46 46 45 47 934
46 46 46 46 920
47 47 49 46 927
46 47 46 46 921
45 45 45 48 951
45 45 45 48 951
46 46 46 49 970
48 48 46 48 956
46 46 47 45 904
48 48 47 50 991
47 47 47 47 939
46 46 46 47 937
48 48 48 50 994
47 47 45 48 953
48 48 48 50 994
46 45 46 49 969
46 46 47 45 905
46 46 47 45 904
48 48 50 47 946
46 46 46 49 970
48 48 48 47 942
46 46 46 47 937
47 47 45 48 953
46 46 46 48 954
49 49 50 48 964
47 48 47 45 906
48 48 50 47 946
49 49 49 48 962
48 48 49 46 928
48 48 50 48 963
46 47 46 46 921
50 51 50 47 949
47 47 47 46 923
49 49 49 50 996
50 51 50 47 950
46 46 47 45 905
46 46 44 46 916
49 49 47 49 976
46 46 46 45 903
48 48 47 49 974
50 51 50 47 950
47 47 47 47 939
52 52 52 49 989
46 46 48 46 924
47 47 49 47 944
51 51 52 49 987
46 46 44 46 916
45 45 45 48 951
52 52 52 49 989
50 50 50 49 983
48 47 48 48 958
46 46 46 48 954
48 49 48 48 961
49 49 49 50 996
50 51 50 50 1000
47 47 45 48 952
50 50 49 50 998
46 46 46 48 954
45 45 45 47 933
50 51 50 47 949
50 50 51 48 967
46 46 45 47 935
45 45 45 47 933
49 49 48 50 995
45 45 46 45 902
51 51 52 49 987
47 47 47 48 957
46 46 46 48 954
48 48 48 47 942
49 49 47 49 975
50 50 50 49 983
48 48 46 49 972
47 47 46 47 938
46 46 47 45 905
48 48 50 47 947
45 45 45 48 951
47 47 46 47 938
46 46 47 45 904
47 47 49 45 910
50 50 50 48 966
48 48 50 48 963
48 48 46 49 973
47 47 48 45 907
47 47 47 50 990
48 48 46 48 955
46 46 45 47 935
48 48 50 47 947
49 49 48 50 995
50 50 50 47 948
49 49 47 49 976
46 46 46 45 903
48 47 48 48 959
45 45 44 46 914
46 45 46 49 969
46 46 46 48 954
46 45 46 46 919
46 46 44 46 915
50 50 50 48 966
48 48 49 46 928
45 45 45 48 951
47 47 45 47 936
49 49 49 46 929
48 48 46 49 972
48 49 48 48 961
47 47 49 47 944
49 49 48 50 995
45 45 45 48 951
50 50 50 48 966
48 48 49 46 928
50 50 50 47 948
47 47 48 46 925
46 45 46 49 969
47 48 47 47 941
48 48 46 49 972
50 51 50 47 950
50 50 50 48 965
48 47 48 48 958
50 50 51 48 967
49 49 49 49 979
48 48 49 46 928
46 46 46 45 903
46 47 46 46 921
49 49 49 49 980
51 51 51 49 985
50 49 50 50 999
48 48 46 48 956
46 45 46 46 918
47 47 49 45 909
48 48 50 47 947
46 45 46 46 918
49 49 47 49 976
50 51 50 47 950
47 47 45 48 953
48 48 48 49 977
48 48 49 46 928
46 45 46 46 919
49 49 49 49 980
44 44 43 46 911
50 50 50 48 966
49 49 49 49 980
47 47 45 47 936
46 46 44 46 916
46 46 45 47 934
46 46 44 47 932
46 46 45 47 934
49 49 49 49 979
46 45 46 46 918
50 50 50 48 965
50 50 50 48 965
49 49 49 50 996
47 47 47 48 957
47 47 47 48 957
46 46 46 45 903
47 47 47 48 957
49 49 48 50 995
50 51 50 47 950
47 47 49 46 926
46 45 46 49 969
46 46 45 47 935
46 46 47 46 922
46 45 46 46 919
47 47 49 47 944
47 47 45 48 952
48 48 49 46 928
47 48 47 47 940
48 48 48 49 977
48 48 50 47 946
46 45 46 46 919
49 49 47 49 976
47 47 49 47 944
46 46 45 47 934
48 48 48 50 994
45 45 46 45 902
49 49 49 49 980
48 48 48 48 960
52 52 52 49 989
52 52 52 49 989
46 46 46 46 920
49 49 49 50 996
48 48 50 47 947
47 47 45 48 952
50 50 49 50 998
47 47 47 46 923
50 50 51 49 984
48 47 48 48 959
50 50 50 49 983
46 46 46 47 937
46 46 46 47 937
49 49 49 46 929
50 49 50 50 999
50 50 50 48 966
47 47 45 47 936
51 52 51 49 986
48 48 48 48 960
49 49 48 50 995
50 51 50 47 949
48 48 50 47 947
46 46 44 46 915
46 46 44 46 916
47 47 49 47 944
50 49 50 50 999
45 45 45 48 951
48 48 50 47 947
48 48 48 50 994
49 49 47 49 976
46 46 46 45 903
48 48 48 50 994
46 46 48 46 924
51 51 52 49 987
50 50 50 49 983
50 50 50 48 966
50 50 50 48 966
44 43 44 46 912
46 46 47 45 905
48 48 49 46 928
50 49 50 50 999
48 48 46 48 956
49 49 49 50 996
48 48 50 47 947
50 49 50 50 999
47 47 49 46 927
47 47 47 48 957
50 51 50 50 1000
50 51 50 47 949
47 47 48 46 925
47 47 45 47 936
51 51 51 49 985
47 47 49 47 944
50 49 50 50 999
46 46 47 46 922
50 50 50 49 983
46 46 44 46 916
48 48 48 48 960
46 46 46 46 920
47 47 49 46 927
45 45 46 45 901
49 49 49 50 996
47 47 49 45 910
45 45 45 48 951
45 45 45 45 899
50 50 50 48 966
46 46 46 46 920
49 49 49 49 980
49 49 49 46 929
47 47 45 48 952
50 49 50 50 999
51 51 52 49 987
48 48 49 46 928
52 52 52 49 989
47 47 49 46 927
49 49 48 50 995
47 47 45 48 953
50 51 50 50 1000
47 47 47 46 923
45 45 46 45 902
45 46 45 45 900
48 48 50 47 947
45 45 45 45 899
46 47 46 46 921
46 46 46 49 970
44 44 44 46 913
50 50 50 48 966
47 47 49 47 944
48 48 46 48 956
47 48 47 47 941
48 48 48 50 993
49 49 49 46 929
48 48 48 50 994
46 46 47 45 905
46 46 45 47 935
51 51 51 48 968
49 49 47 49 976
49 49 49 46 929
50 49 50 50 999
46 46 46 46 920
48 48 46 48 956
49 49 49 46 929
46 46 45 46 917
48 48 47 50 991
49 49 47 49 975
46 46 45 46 917
47 48 47 47 940
48 47 48 48 959
48 48 46 48 956
45 45 46 45 901
47 47 45 48 953
49 49 48 50 995
48 48 47 50 991
46 46 44 46 916
49 49 48 50 995
50 51 50 47 950
48 48 48 49 977
47 47 49 47 944
50 50 51 49 984
49 49 49 46 929
50 50 49 50 997
46 46 45 47 935
46 46 48 46 924
46 46 46 49 970
46 47 46 46 921
47 47 45 48 952
49 49 49 49 979
48 47 48 48 959
47 47 47 48 957
48 48 48 48 960
47 47 45 48 953
44 44 43 46 911
50 50 50 49 982
51 51 52 49 987
49 49 50 48 964
50 51 50 47 950
44 43 44 46 912
46 45 46 46 919
47 47 49 47 944
47 47 45 47 936
47 47 49 45 909
46 46 44 46 915
48 48 46 48 956
46 46 46 46 920
44 44 43 46 911
52 52 52 49 988
46 46 46 49 970
49 49 49 46 929
50 51 50 47 950
45 45 46 45 901
47 47 47 46 923
47 47 47 46 923
46 45 46 46 918
50 49 50 50 999
44 43 44 46 912
48 48 48 49 977
48 48 50 48 963
46 46 48 46 924
46 46 45 47 934
49 49 50 48 964
50 50 49 50 998
47 47 46 49 971
47 47 49 47 944
46 46 46 49 970
46 47 46 46 921
49 49 49 46 929
46 46 44 46 915
46 46 44 46 916
44 44 42 46 910
48 48 48 45 908
46 46 47 45 905
49 49 49 49 980
44 43 44 46 912
46 46 45 47 935
46 46 46 48 954
49 49 49 50 996
48 48 47 50 991
45 45 45 47 933
46 46 46 45 903
48 48 48 50 994
48 48 49 46 928
45 46 45 45 900
46 46 47 46 922
49 49 49 49 980
47 47 49 47 943
49 49 49 46 929
48 48 48 50 994
46 46 48 46 924
50 50 50 48 965
47 47 45 48 953
48 47 48 48 958
48 49 48 48 961
50 49 50 50 999
46 46 47 46 922
46 46 44 46 916
47 48 47 47 941
47 47 45 48 953
48 48 50 47 947
48 48 46 48 956
46 46 45 47 935
47 48 47 45 906
50 50 49 50 998
46 45 46 46 919
46 46 47 46 922
48 48 48 48 960
47 47 49 45 910
50 50 49 50 998
44 43 44 46 912
46 46 46 48 954
46 46 44 46 916
47 47 48 46 925
45 45 44 47 931
48 48 46 49 973
46 46 47 46 922
47 47 47 46 923
46 46 48 46 924
45 45 46 45 902
49 49 49 46 929
47 47 48 45 907
48 48 48 50 994
49 49 49 46 929
47 47 47 47 939
50 50 49 50 998
47 47 46 49 971
47 47 45 48 953
47 48 47 47 941
52 52 52 49 989
48 48 48 50 993
50 51 50 47 950
49 49 49 46 929
51 51 51 48 968
46 46 46 47 937
47 47 49 45 910
45 45 44 46 914
48 49 48 48 961
46 47 46 46 921
48 48 50 47 947
47 47 49 46 927
48 47 48 48 959
47 47 49 47 944
45 46 45 45 900
50 51 50 47 950
51 51 51 49 985
50 50 50 48 965
49 49 49 49 980
45 46 45 45 900
48 47 48 48 959
47 47 48 45 907
47 47 49 47 944
50 50 50 48 966
46 46 47 46 922
49 49 49 48 962
47 47 49 46 927
44 44 43 46 911
50 51 50 47 949
47 47 45 47 936
47 47 46 47 938
46 46 47 46 922
47 47 49 45 910
48 48 46 49 973
45 46 45 45 900
45 45 45 47 933
50 50 49 50 998
47 47 49 47 944
48 47 48 48 959
50 50 50 49 982
46 46 46 48 954
48 49 48 48 961
49 49 49 50 996
47 47 49 46 927
50 51 50 50 1000
48 48 46 49 973
50 50 50 47 948
48 48 48 49 977
45 45 46 45 902
46 46 47 45 905
46 46 46 45 903
49 49 49 48 962
48 48 48 50 994
50 49 50 50 999
47 48 47 47 940
47 48 47 47 941
50 50 49 50 998
48 48 46 48 956
48 48 46 48 955
50 50 49 50 998
46 46 47 46 922
47 47 49 45 910
46 46 44 46 916
46 46 47 45 905
47 47 49 46 927
47 48 47 47 941
45 45 46 45 902
46 46 48 46 924
47 47 47 50 990
50 50 52 49 986
50 50 50 49 983
47 47 45 48 953
51 51 51 48 968
50 49 50 50 999
46 46 46 48 954
46 45 46 49 969
45 45 46 45 902
47 47 48 46 925
48 49 48 48 961
48 48 46 48 956
47 47 46 47 938
49 49 49 48 962
48 48 46 48 956
46 46 47 45 905
49 49 47 49 976
46 46 44 46 916
48 48 46 48 956
47 47 47 48 957
46 46 46 45 903
45 45 45 45 899
49 49 49 49 979
45 45 45 48 951
48 48 48 48 960
45 45 46 45 901
49 49 50 48 964
48 48 50 48 963
46 46 46 46 920
47 47 46 49 971
48 49 48 48 961
47 47 45 48 952
51 51 52 49 987
47 47 49 46 927
50 51 50 47 950
48 48 47 49 974
48 48 47 50 991
49 49 49 47 945
45 45 44 47 931
48 48 48 49 977
50 49 50 50 999
48 48 46 48 956
48 48 49 46 928
48 48 46 48 956
46 46 45 47 935
50 50 50 49 983
52 52 52 49 989
47 47 47 47 939
47 47 48 46 925
49 49 47 49 976
46 46 46 47 937
49 49 47 49 976
48 48 46 48 956
50 49 50 50 999
47 47 49 46 927
46 46 47 45 905
49 49 49 46 929
47 48 47 47 941
48 48 49 46 928
48 48 46 48 956
45 45 45 47 933
48 48 49 46 928
48 48 46 48 956
49 49 50 48 964
48 48 48 50 994
48 47 48 48 959
47 47 49 46 927
52 52 52 49 989
49 49 48 50 995
49 49 48 50 995
46 46 46 48 954
48 48 46 49 973
46 46 47 46 922
46 46 44 46 916
52 52 52 49 989
47 47 46 49 971
51 52 51 49 986
47 47 49 46 927
48 48 48 50 994
49 49 49 46 929
48 48 46 49 972
47 47 45 47 936
49 49 47 49 975
46 46 47 46 922
48 48 48 50 993
45 45 46 45 902
50 50 50 47 948
48 48 46 49 972
47 47 49 45 910
47 47 47 46 923
47 47 45 47 936
46 46 47 45 905
46 46 48 46 924
47 47 49 45 910
50 49 50 50 999
48 48 47 50 991
48 48 47 50 991
48 48 46 48 955
48 49 48 48 961
48 48 48 50 994
45 46 45 45 900
50 50 50 49 983
46 45 46 46 918
49 49 47 50 992
49 49 47 49 975
47 47 45 48 952
46 45 46 46 919
49 49 48 50 995
52 52 52 49 988
49 49 49 48 962
48 48 48 50 994
50 50 50 48 965
46 46 45 47 935
45 45 46 45 902
47 47 46 47 938
49 49 49 48 962
49 49 48 50 995
50 49 50 50 999
47 47 47 46 923
49 49 50 48 964
46 46 47 45 905
51 51 51 48 968
44 44 43 46 911
47 47 48 45 907
46 46 44 46 916
45 45 46 45 902
50 50 49 50 997
47 47 46 47 938
47 48 47 47 941
45 45 44 46 914
47 47 49 47 944
48 48 48 48 960
48 48 50 47 947
50 51 50 50 1000
47 47 45 47 936
48 48 48 50 994
47 47 46 47 938
45 45 45 48 951
46 46 45 47 935
48 48 48 50 994
49 49 47 49 976
47 48 47 47 941
49 49 49 50 996
48 48 46 48 956
50 50 49 50 997
46 46 46 46 920
50 49 50 50 999
45 45 44 46 914
47 47 47 46 923
48 48 48 50 993
50 50 50 49 983
50 50 50 49 983
47 47 45 47 936
45 45 45 48 951
48 48 46 48 955
50 51 50 47 950
48 48 46 49 973
47 47 45 47 936
46 46 45 47 935
48 48 46 49 973
47 47 49 45 909
44 43 44 46 912
47 47 47 48 957
48 48 48 48 960
46 46 46 46 920
48 48 48 49 977
47 48 47 45 906
50 50 50 49 982
46 46 47 45 905
47 47 49 45 910
47 47 47 48 957
48 48 47 49 974
46 46 46 45 903
46 46 46 48 954
52 52 52 49 989
45 45 46 45 902
50 50 50 48 966
51 51 51 48 968
47 47 45 48 953
50 50 51 49 984
46 46 47 46 922
46 46 47 46 922
45 46 45 45 900
46 46 46 47 937
47 48 47 47 940
47 47 45 48 953
52 52 52 49 988
46 46 46 47 937
48 48 48 49 977
50 50 50 47 948
49 49 49 49 979
46 46 46 47 937
48 49 48 48 961
47 47 48 46 925
45 45 45 48 951
48 47 48 48 959
50 50 50 49 982
44 44 44 47 930
46 46 46 45 903
50 50 50 49 983
46 46 48 46 924
45 45 45 45 899
46 46 45 47 935
47 47 47 46 923
46 46 47 45 905
46 46 44 46 916
50 50 50 48 966
52 52 52 49 988
47 47 45 48 953
49 49 47 49 976
52 52 52 49 989
45 45 44 46 914
48 49 48 46 926
47 47 47 48 957
46 46 44 47 932
50 50 50 47 948
46 46 46 48 954
46 46 46 47 937
47 47 49 47 944
50 50 49 50 998
47 47 46 47 938
50 51 50 50 1000
46 46 46 47 937
48 48 50 47 947
48 48 46 49 973
47 47 47 46 923
47 47 47 48 957
48 49 48 46 927
48 47 48 48 959
48 48 48 48 960
47 47 49 46 927
47 47 46 47 938
48 47 48 48 959
46 46 44 46 916
47 47 45 47 936
50 51 50 47 950
46 47 46 46 921
48 48 50 47 947
49 49 47 49 976
49 49 49 46 929
45 45 46 45 902
45 45 45 48 951
50 50 49 50 997
46 46 48 46 924
48 49 48 48 961
45 45 45 48 951
45 45 46 45 902
46 46 46 46 920
48 48 50 47 947
47 47 45 48 953
44 44 44 47 930
47 47 47 46 923
45 45 43 46 912
48 48 50 47 947
45 45 45 45 899
47 47 46 47 938
46 46 47 46 922
46 45 46 46 918
48 48 49 46 928
46 46 47 45 904
45 45 45 45 899
46 46 45 47 934
46 46 46 46 920
47 47 45 47 936
47 47 47 46 923
48 48 50 47 947
50 51 50 47 950
50 50 51 49 984
47 48 47 47 941
48 48 47 50 991
47 47 47 47 939
48 48 46 48 956
48 47 48 48 958
46 46 45 46 917
50 50 50 48 966
50 50 50 49 982
46 46 48 46 924
46 46 47 45 904
47 48 47 47 941
48 47 48 48 959
46 46 48 46 924
46 46 47 45 904
48 48 50 47 947
49 49 47 49 976
49 48 49 49 978
52 52 52 49 989
49 50 49 47 947
48 48 48 48 960
49 48 49 49 978
45 45 45 47 933
50 50 51 48 967
50 49 50 50 999
49 49 49 49 980
50 50 50 49 982
45 45 45 47 933
45 45 45 45 899
48 48 50 47 947
48 48 46 49 973
48 47 48 48 959
49 49 49 47 945
49 49 49 49 980
50 49 50 50 999
46 46 45 46 917
50 50 50 48 966
46 46 47 46 922
50 50 50 47 948
46 46 46 45 903
48 48 48 50 994
49 49 47 49 976
46 45 46 46 918
47 47 47 47 939
46 46 46 48 954
48 47 48 48 959
46 46 47 46 922
48 48 46 49 972
46 46 46 48 954
48 49 48 46 927
50 50 50 49 983
49 48 49 49 978
48 48 47 49 974
46 45 46 46 919
46 46 46 47 937
46 46 44 46 916
47 47 49 47 944
46 46 45 47 934
46 46 44 46 916
48 47 48 48 959
48 48 49 46 928
48 49 48 48 961
44 43 44 46 912
48 48 47 50 991
47 48 47 47 940
48 48 48 45 908
46 46 47 45 905
49 49 49 50 996
49 49 47 49 976
47 48 47 47 941
50 50 49 50 998
48 48 46 48 956
45 45 44 47 931
50 50 50 49 983
47 47 47 50 990
47 47 47 48 957
50 50 50 49 982
49 49 49 50 996
46 46 46 46 920
48 48 50 47 946
46 46 48 46 924
45 45 46 45 902
48 48 50 47 947
46 46 46 46 920
48 48 48 50 993
44 44 43 46 911
47 47 47 46 923
47 48 47 47 941
48 47 48 48 959
52 52 52 49 989
50 50 50 48 966
48 48 48 50 994
51 51 51 48 968
50 50 50 48 965
45 45 44 47 931
50 51 50 47 950
46 46 46 48 954
47 47 46 49 971
47 47 47 47 939
48 48 48 47 942
48 48 47 50 991
50 50 49 50 998
47 47 45 48 953
46 46 44 47 932
46 46 47 45 904
50 51 50 47 950
47 47 48 45 907
48 48 50 47 947
47 47 49 46 926
46 45 46 46 918
45 45 46 45 902
48 48 50 47 947
46 46 47 46 922
46 46 46 46 920
48 47 48 48 959
46 46 47 45 904
49 49 49 46 929
46 46 45 47 935
46 46 44 46 916
49 49 49 49 980
48 49 48 46 927
46 46 46 48 954
47 47 49 47 944
47 47 49 47 944
48 48 46 48 956
48 48 48 48 960
47 47 45 47 936
47 47 47 47 939
50 50 50 48 966
46 46 47 46 922
50 49 50 50 999
48 48 50 47 946
52 52 52 49 989
49 49 49 50 996
46 46 47 45 905
48 49 48 48 961
47 47 49 45 910
50 49 50 50 999
49 49 49 50 996
48 49 48 48 961
47 47 47 46 923
48 48 46 49 973
52 52 52 49 989
47 47 48 46 925
47 47 45 48 953
48 48 46 49 972
50 50 49 50 998
48 48 47 50 991
47 47 47 50 990
48 48 48 49 977
46 45 46 48 952
50 49 50 50 999
46 46 46 47 937
47 47 48 46 925
44 43 44 46 912
49 49 49 48 962
44 44 44 46 913
49 49 49 49 979
49 48 49 49 978
47 47 45 48 952
50 49 50 50 999
47 47 49 46 926
47 47 48 46 925
45 46 45 45 900
46 46 44 46 915
50 50 49 50 998
47 48 47 47 940
46 46 45 47 935
45 45 46 45 902
50 50 49 50 998
49 49 49 49 979
46 46 47 46 922
47 47 45 48 953
49 49 48 50 995
48 49 48 48 961
46 45 46 49 969
48 48 48 48 960
51 51 52 49 987
50 50 50 48 966
48 47 48 48 959
47 47 47 48 957
46 46 47 45 905
51 51 51 49 985
45 45 45 45 899
46 46 46 46 920
49 49 48 50 995
46 46 46 46 920
49 49 47 49 975
46 46 46 49 970
44 43 44 46 912
50 50 50 49 982
49 48 49 49 978
48 48 50 47 947
46 46 48 45 906
46 46 46 48 954
52 52 52 49 989
50 50 50 48 966
46 46 46 45 903
46 46 46 47 937
46 46 46 45 903
45 45 46 45 902
45 45 45 48 951
46 46 45 47 935
47 47 47 50 990
47 47 47 48 957
45 45 46 45 902
48 48 49 46 928
47 47 49 45 910
48 47 48 48 959
45 45 46 45 902
44 44 44 47 930
46 47 46 46 921
46 46 47 45 905
49 49 49 47 945
49 49 48 50 995
45 45 44 46 914
52 52 52 49 989
46 46 45 47 934
47 47 49 47 944
