1000 490775
30 30 29 31 301
55 55 55 54 588
59 58 59 59 865
63 63 64 62 750
44 44 43 46 417
31 31 31 32 323
34 33 34 35 201
67 68 67 67 846
34 33 34 35 201
40 40 40 42 520
44 44 44 42 351
46 46 45 46 423
29 29 28 30 281
19 19 21 18 53
22 22 22 20 92
30 30 30 30 105
60 61 60 60 887
62 62 60 62 922
36 36 35 37 421
27 27 28 26 30
51 51 53 51 710
52 52 52 51 528
39 39 39 42 336
30 30 30 30 105
53 53 53 54 582
33 33 32 34 361
53 52 53 53 745
43 43 43 41 512
56 56 56 57 642
67 68 67 64 795
43 43 44 43 548
60 61 60 60 887
41 41 41 42 523
38 38 36 40 476
38 38 38 38 446
32 32 33 32 328
62 62 62 59 875
46 46 46 44 572
21 21 19 23 136
47 47 48 47 447
47 47 49 45 596
35 36 35 33 353
31 31 31 33 340
39 39 39 36 415
44 44 44 41 515
63 63 63 60 714
39 39 39 38 449
41 41 41 41 506
32 31 32 32 144
65 64 65 65 804
48 49 48 48 647
58 58 57 60 878
61 62 61 61 726
34 34 34 35 383
30 30 29 31 301
47 47 49 46 432
57 57 55 59 675
48 48 49 47 631
64 64 64 66 819
41 41 43 40 493
47 47 46 49 477
50 50 50 47 635
73 73 74 71 933
31 31 32 29 93
44 44 43 46 417
56 56 54 56 621
62 61 62 62 744
18 18 18 17 29
22 22 22 21 109
58 58 59 56 633
42 42 43 41 511
58 58 57 58 844
63 63 63 63 946
50 50 48 50 682
56 56 57 55 791
29 29 29 30 283
57 57 55 58 839
29 29 30 29 268
35 35 37 34 192
30 30 30 33 337
25 25 25 26 203
38 38 38 39 463
55 54 55 55 785
18 18 18 18 46
39 39 40 37 434
62 62 62 63 762
47 46 47 47 444
55 55 53 56 799
52 52 52 50 692
56 56 56 54 772
42 42 44 42 530
32 32 33 31 311
19 18 19 20 82
56 55 56 56 805
40 40 39 40 303
65 65 65 66 822
36 36 36 39 457
50 49 50 50 504
61 62 61 61 726
42 42 41 43 541
24 25 24 24 167
64 64 63 64 783
42 42 41 43 541
32 32 33 32 328
32 32 32 33 162
42 41 42 44 378
31 31 32 29 274
19 20 19 19 67
58 58 57 58 663
45 45 46 43 554
33 33 34 32 331
72 72 72 69 894
56 56 56 59 857
35 35 37 34 373
49 49 50 47 634
23 23 21 25 176
42 42 42 42 345
50 50 50 51 522
30 30 31 29 90
44 44 44 45 583
54 54 53 54 764
62 62 62 60 711
39 40 39 39 467
18 18 18 18 46
35 36 35 33 353
59 59 59 62 917
61 61 63 61 910
23 23 23 23 146
42 42 42 42 345
17 17 18 17 28
35 35 35 33 171
60 60 60 63 756
41 41 40 43 538
39 39 40 38 270
57 57 57 56 809
17 16 17 17 25
46 46 47 46 608
55 55 55 56 803
36 36 36 36 406
24 24 24 24 166
45 45 46 43 554
27 27 27 26 209
51 50 51 53 558
20 20 20 17 35
44 43 44 46 599
58 59 58 58 847
54 54 54 51 715
64 64 62 65 979
23 22 23 26 15
52 52 52 50 692
28 29 28 28 247
22 22 23 22 128
40 39 40 41 502
27 26 27 28 242
61 61 62 61 908
38 38 38 41 497
72 72 72 72 945
30 30 30 33 156
68 68 66 68 861
72 72 72 72 945
63 63 63 62 929
44 44 43 45 581
58 58 59 58 848
63 63 63 63 765
64 64 64 66 819
38 38 39 38 448
41 41 41 39 291
53 53 53 50 695
56 56 55 58 838
27 27 25 29 256
23 22 23 26 196
34 33 34 35 382
70 70 70 72 939
56 55 56 56 624
28 28 28 30 99
51 51 51 54 757
55 56 55 55 606
29 29 28 30 281
36 36 35 37 240
23 23 23 20 95
22 22 22 23 143
27 28 27 27 227
35 35 36 35 388
58 58 57 58 844
49 49 49 48 649
60 60 60 59 869
55 55 55 53 752
30 30 30 33 156
65 65 63 65 801
41 41 42 41 327
27 27 25 29 75
56 56 57 55 791
28 28 29 28 248
65 65 65 65 986
38 38 38 41 497
54 55 54 54 767
53 53 53 54 763
29 28 29 29 84
31 32 31 31 307
63 63 63 66 816
68 67 68 71 915
25 25 24 27 218
65 64 65 68 855
18 18 18 21 97
56 56 56 57 642
61 60 61 62 741
59 59 59 57 651
65 65 63 65 801
52 52 53 50 694
46 46 45 46 423
61 62 61 61 907
49 49 49 51 519
26 26 28 25 12
65 64 65 68 855
40 41 40 40 306
67 67 67 66 828
61 61 61 60 889
56 56 56 53 755
25 26 25 25 187
50 51 50 49 670
73 73 73 72 948
44 44 45 44 568
44 44 43 46 417
63 63 63 60 895
26 26 26 26 206
63 63 63 66 816
24 24 24 24 166
54 54 54 57 817
55 55 57 55 609
26 27 26 24 173
37 37 37 38 443
62 62 62 60 711
67 67 67 65 992
42 42 42 42 345
29 29 28 31 298
29 29 29 30 283
28 28 28 27 48
26 26 25 28 57
32 31 32 32 325
45 45 45 48 456
27 27 27 30 96
35 36 35 33 353
68 68 68 65 995
51 51 51 53 740
45 45 45 42 354
64 63 64 64 965
36 36 37 35 391
55 55 56 53 754
63 63 63 60 895
30 31 30 28 72
41 41 43 40 312
65 66 65 64 789
64 65 64 64 967
38 38 36 40 476
16 16 16 17 23
21 21 21 18 55
38 38 39 38 267
51 51 51 53 740
63 63 64 62 931
17 17 16 18 41
69 69 70 68 870
65 65 65 62 935
25 26 25 25 6
63 63 62 64 780
57 57 56 58 841
64 64 64 63 768
58 58 58 57 648
53 53 52 55 597
64 65 64 64 786
56 55 56 56 624
72 72 72 69 894
64 64 63 64 783
16 16 16 17 23
55 55 56 55 788
31 31 31 30 108
69 69 70 68 870
56 56 56 57 642
73 73 75 73 969
35 35 35 38 437
63 63 63 63 946
62 61 62 62 744
21 22 21 21 107
45 45 45 45 405
30 30 30 33 156
42 42 40 43 539
26 26 26 23 155
63 63 63 63 765
59 58 59 61 899
44 44 45 44 387
24 24 24 21 115
18 18 18 20 80
22 22 21 22 124
33 33 35 31 135
31 32 31 31 126
62 62 63 62 928
65 65 65 66 822
16 16 16 17 23
25 25 25 23 152
43 42 43 43 545
49 49 47 49 662
38 38 36 38 442
18 18 17 19 61
56 56 56 54 591
20 20 21 20 88
62 62 64 61 732
29 29 28 30 281
47 46 47 47 444
34 34 34 35 383
55 55 54 55 603
30 30 31 28 254
48 49 48 48 647
43 44 43 43 547
57 57 56 58 841
29 29 29 29 266
56 56 55 58 657
64 65 64 64 967
61 61 63 61 910
42 42 42 42 345
38 37 38 38 445
55 55 54 57 818
45 45 46 44 390
31 31 32 29 274
52 52 52 54 579
40 41 40 40 487
58 59 58 58 666
57 57 57 54 775
25 25 26 25 188
58 57 58 58 845
32 33 32 31 129
51 51 50 52 540
30 30 28 31 299
48 48 47 49 661
41 41 43 40 312
28 28 28 30 99
69 69 68 70 900
48 48 48 51 516
50 50 50 48 471
50 50 49 51 701
69 69 68 70 900
51 51 51 51 525
26 26 25 27 221
54 54 55 52 734
46 45 46 46 605
29 29 30 28 251
70 70 69 70 903
56 56 56 57 823
30 30 29 30 284
47 47 47 50 677
62 62 62 62 926
68 68 68 65 995
55 55 53 56 618
64 65 64 61 916
52 52 52 53 743
18 18 17 18 44
37 37 36 37 243
31 31 31 29 272
39 39 41 39 470
58 58 58 57 648
42 42 42 42 345
30 30 29 30 284
54 55 54 52 552
53 53 54 53 567
39 39 40 38 270
44 44 43 46 598
64 64 65 62 753
45 45 45 48 637
27 27 25 29 256
33 33 32 34 361
18 18 19 16 14
32 32 31 34 177
16 16 18 16 10
51 51 51 53 740
22 22 23 20 94
15 15 15 17 20
42 42 43 40 494
37 37 35 38 258
29 29 29 29 266
45 45 45 48 456
56 57 56 55 790
34 33 34 34 365
37 37 35 37 422
26 26 26 27 42
42 42 42 39 475
34 34 35 34 368
65 65 63 65 982
21 21 20 22 121
74 74 72 74 981
41 40 41 41 505
50 50 50 47 635
67 68 67 67 846
72 72 72 69 894
55 56 55 55 787
39 39 39 38 449
16 16 14 16 2
34 34 35 32 153
18 19 18 18 47
38 38 36 38 442
49 49 49 48 468
43 43 42 43 363
61 61 62 61 908
35 34 35 38 255
41 41 41 41 506
47 47 46 49 477
60 60 60 57 654
27 27 26 27 224
19 19 18 19 64
50 50 50 48 471
65 64 65 65 804
41 41 42 41 327
56 55 56 56 805
53 53 52 55 597
61 61 62 59 874
59 59 57 59 681
42 42 42 41 509
50 50 50 48 471
39 39 39 36 234
27 27 27 30 96
20 20 18 20 82
60 60 58 61 899
56 57 56 55 609
63 63 63 66 997
42 43 42 42 527
38 38 39 38 448
18 19 18 18 47
55 55 53 56 799
38 38 38 39 282
37 37 39 37 249
57 57 57 59 860
57 57 57 56 809
54 55 54 51 716
59 59 59 57 651
29 28 29 29 265
60 60 60 57 654
25 25 24 27 218
24 24 25 23 151
67 67 68 65 813
35 34 35 35 204
21 22 21 21 107
58 59 58 58 847
45 45 45 45 586
59 58 59 59 684
26 26 27 26 27
71 70 71 71 924
56 56 56 57 642
23 22 23 23 145
26 25 26 26 24
50 50 51 49 671
59 58 59 59 865
65 65 65 63 952
44 44 42 44 562
41 42 41 39 473
69 69 70 68 870
48 48 48 45 414
48 48 47 49 480
64 65 64 61 735
56 55 56 56 624
29 29 29 30 102
33 34 33 33 347
20 20 20 21 103
52 53 52 52 546
22 22 21 22 124
20 20 21 19 71
59 59 61 57 836
28 28 29 28 248
52 53 52 52 546
20 20 22 19 73
33 33 31 35 376
67 67 68 65 994
40 40 41 40 488
61 61 61 63 759
59 59 58 61 717
40 40 40 39 469
53 52 53 53 564
59 58 59 59 684
19 19 18 21 98
31 30 31 31 305
58 58 57 58 844
59 59 59 60 702
62 63 62 60 893
26 26 26 26 206
63 63 63 66 997
40 40 39 40 303
70 70 70 72 939
66 66 67 65 810
58 58 57 58 844
35 36 35 33 353
47 47 47 48 462
22 22 22 24 160
42 41 42 44 559
32 33 32 31 310
62 62 63 62 747
47 48 47 45 593
49 49 50 47 453
59 59 59 60 702
54 54 54 51 534
63 63 62 63 944
29 28 29 29 84
54 54 54 54 585
50 49 50 50 504
75 75 76 74 990
64 64 62 64 962
57 56 57 58 842
60 60 59 60 884
41 40 41 41 505
17 17 18 17 28
73 73 73 72 948
45 45 45 44 569
59 59 59 62 917
48 48 49 47 450
44 44 44 47 617
47 47 46 48 641
20 20 21 20 88
52 52 51 52 543
28 28 27 28 63
45 45 45 45 586
33 33 34 31 314
34 34 32 34 362
34 34 32 34 362
31 31 32 29 274
23 23 23 24 163
52 52 52 50 692
16 16 16 17 23
38 38 37 40 478
21 21 19 23 136
67 67 68 65 994
30 30 29 31 301
56 56 56 54 591
28 28 28 26 212
69 69 68 70 900
51 51 52 49 674
75 75 75 72 954
18 18 17 18 44
59 58 59 61 899
39 39 38 39 464
42 41 42 43 542
56 56 55 57 821
47 47 46 49 477
27 27 28 26 30
61 62 61 61 726
30 30 29 31 120
34 33 34 35 201
70 70 68 71 918
36 36 37 34 374
30 30 29 31 301
57 57 57 57 645
52 52 51 54 758
29 29 30 29 87
39 39 40 38 270
61 60 61 62 741
53 53 51 53 561
27 27 26 28 60
56 55 56 56 805
67 67 66 67 843
32 32 30 32 141
46 46 47 44 574
51 51 51 53 740
55 56 55 55 787
57 57 58 56 811
36 36 37 35 210
28 28 30 28 250
61 61 62 61 908
65 65 63 65 801
57 56 57 58 842
33 33 33 33 346
17 17 18 16 11
30 30 32 30 290
45 45 47 43 375
63 63 64 61 914
43 43 43 42 529
69 69 70 68 870
63 63 63 60 714
34 34 34 36 400
56 57 56 54 773
61 61 63 61 729
40 40 41 38 273
42 42 42 44 560
48 48 47 49 480
16 15 16 16 5
34 34 35 32 153
42 41 42 43 542
23 22 23 26 15
43 43 44 41 333
52 53 52 52 727
47 47 47 44 575
24 24 24 24 166
26 26 25 28 238
72 72 73 71 930
63 63 63 65 980
22 22 21 24 158
53 53 53 56 797
56 56 55 58 838
42 42 41 42 524
53 54 53 51 713
72 72 72 75 996
36 36 37 35 391
45 45 45 42 535
59 59 59 57 651
46 46 46 47 623
42 42 42 42 526
38 38 36 40 476
18 18 18 21 97
39 39 39 39 466
56 57 56 55 790
44 43 44 47 616
52 52 52 53 743
50 50 51 49 671
59 59 57 61 896
28 28 28 27 229
57 57 57 60 696
56 56 57 56 808
25 25 25 24 169
42 42 42 42 345
30 30 29 31 120
24 24 24 26 200
23 23 24 23 148
19 19 18 21 98
51 51 50 51 704
49 50 49 49 667
63 63 64 61 914
62 61 62 62 925
66 66 66 63 955
48 48 49 47 450
24 24 25 22 134
45 45 45 45 586
22 22 22 20 92
30 30 29 31 120
38 38 39 38 267
56 55 56 58 839
39 39 39 36 415
48 48 47 49 661
56 57 56 54 773
42 42 42 45 396
74 74 74 72 951
27 27 27 24 175
54 55 54 51 716
23 22 23 23 145
30 31 30 28 72
70 71 70 67 855
44 44 44 45 583
64 64 62 64 962
61 61 61 59 872
47 47 47 50 677
63 63 63 65 980
48 48 48 45 595
27 28 27 25 193
25 25 25 26 203
51 52 51 51 707
74 73 74 74 984
41 41 40 42 521
56 56 56 59 857
26 26 28 25 12
52 53 52 49 495
34 33 34 35 201
56 56 55 58 838
69 69 69 66 834
46 45 46 46 605
53 53 54 53 567
32 31 32 32 325
60 60 61 59 871
67 67 66 67 843
34 34 34 33 168
18 18 18 20 80
52 52 52 54 760
34 34 34 36 219
31 31 30 31 123
45 45 47 43 556
38 37 38 41 496
22 22 21 22 124
29 29 29 32 317
36 36 35 36 404
41 42 41 40 309
37 37 36 37 243
22 22 20 23 139
35 34 35 35 204
61 61 62 59 874
24 24 23 25 181
64 64 62 64 962
35 35 37 34 373
66 66 66 63 955
54 54 55 53 751
25 26 25 25 6
51 51 50 52 721
46 45 46 46 605
39 39 41 39 470
17 18 17 16 10
22 22 20 23 139
54 54 55 53 570
29 29 30 29 87
46 47 46 46 607
65 64 65 65 804
36 36 38 36 410
52 52 54 52 549
74 74 76 73 972
49 49 50 47 453
66 67 66 64 973
44 44 44 47 617
42 43 42 42 527
38 38 37 40 478
58 57 58 58 845
54 55 54 52 733
34 34 35 32 334
22 22 22 23 143
75 75 75 72 954
38 38 37 40 478
59 59 59 57 832
52 51 52 52 725
21 21 19 23 136
24 24 24 27 217
25 25 27 25 9
49 48 49 49 665
27 27 26 28 241
51 51 51 51 525
44 44 44 47 617
56 56 56 54 591
38 37 38 38 445
65 65 65 66 822
52 53 52 49 495
42 42 41 43 360
46 47 46 46 607
31 31 31 29 272
65 64 65 65 985
57 58 57 57 827
43 43 45 43 550
49 49 49 48 468
28 28 29 26 33
42 42 44 42 530
26 26 25 27 221
56 56 55 57 821
17 17 17 20 77
53 52 53 53 745
20 20 20 18 52
50 50 50 47 635
58 58 58 56 812
73 73 74 71 933
21 21 22 20 91
39 39 39 42 336
30 30 30 30 105
59 59 58 61 717
52 52 52 54 760
44 43 44 46 599
56 56 55 58 838
59 59 60 58 851
45 46 45 45 587
37 37 37 35 392
54 55 54 52 552
52 52 52 50 692
30 30 32 30 290
55 54 55 55 785
45 45 46 44 571
58 58 58 57 648
59 59 57 59 681
53 53 53 56 797
51 52 51 48 656
14 13 14 17 16
64 63 64 65 801
30 30 30 27 54
49 49 49 48 649
51 51 51 51 525
62 62 64 61 913
28 28 27 28 244
32 32 33 32 328
25 25 25 27 220
24 24 24 27 36
68 68 68 69 882
32 32 33 32 147
41 41 41 39 472
39 39 39 38 449
29 29 30 29 87
63 64 63 63 947
57 57 58 56 811
31 31 31 30 289
66 66 66 66 825
41 40 41 41 324
71 71 69 71 921
41 41 40 43 538
67 67 66 67 843
62 62 61 63 941
41 41 42 41 327
16 16 17 16 8
24 25 24 24 167
20 20 20 23 137
62 62 63 62 928
23 23 23 26 197
49 49 47 49 662
30 30 31 29 90
33 33 33 33 165
44 44 45 44 387
51 51 51 50 689
27 26 27 29 78
21 21 21 24 157
53 53 53 54 582
40 40 41 38 273
40 40 41 38 273
34 34 34 36 219
63 63 63 63 946
47 47 47 45 592
72 72 73 71 930
75 75 75 72 954
59 59 61 57 836
19 20 19 19 67
54 54 54 54 585
65 65 63 65 801
50 50 50 48 652
48 48 48 51 697
27 27 26 28 60
30 31 30 30 287
40 40 41 38 273
41 41 43 40 312
58 58 58 57 829
29 29 27 29 81
27 27 28 25 194
28 28 28 27 229
44 44 44 42 351
39 39 40 38 451
33 33 33 35 380
56 56 55 58 657
46 46 44 47 438
53 53 51 53 742
23 22 23 25 179
61 61 60 61 904
36 36 37 34 374
29 29 29 30 102
42 42 43 41 511
65 65 66 65 988
44 44 44 44 566
56 56 56 57 823
44 44 44 44 566
69 69 70 68 870
47 47 48 47 447
53 53 52 55 597
17 17 18 17 28
46 46 45 46 423
53 53 54 53 567
21 21 19 22 119
40 40 40 39 469
26 26 25 28 57
42 42 44 42 530
72 72 71 73 960
55 55 55 57 820
72 72 71 73 960
33 33 32 34 361
40 40 40 41 503
56 56 56 57 823
60 60 60 57 835
34 34 35 32 153
56 56 54 56 621
62 62 62 59 875
63 63 61 64 959
61 61 63 61 910
63 63 64 62 750
56 56 56 54 591
72 73 72 70 912
27 27 26 27 224
63 63 63 66 997
66 66 67 64 974
34 35 34 34 186
50 50 50 50 686
65 65 64 67 837
34 34 33 34 364
59 59 59 62 917
53 53 53 56 797
34 34 33 36 398
53 54 53 52 549
61 61 59 61 902
38 38 38 35 395
49 48 49 49 665
40 40 41 38 273
54 54 54 51 715
23 22 23 25 179
62 62 61 63 941
62 62 64 61 913
34 34 34 33 349
63 63 64 62 750
27 26 27 29 78
51 51 49 53 736
43 43 43 44 563
56 56 58 55 793
32 32 33 31 311
27 27 28 25 194
57 57 57 60 696
27 27 25 28 239
44 44 44 45 402
30 31 30 28 72
54 54 56 54 770
31 31 29 32 138
37 37 36 37 424
33 33 33 30 295
17 17 17 17 26
31 31 31 32 323
56 56 56 57 642
57 57 56 58 660
31 31 33 30 293
19 19 21 19 70
40 40 39 40 484
27 27 25 29 256
65 64 65 68 855
16 16 15 16 4
35 34 35 35 385
37 37 37 39 460
29 28 29 32 316
68 68 69 68 867
46 46 47 44 574
36 37 36 33 356
48 48 49 47 631
39 39 39 42 517
61 61 62 61 908
30 30 30 33 156
38 38 38 39 463
31 31 30 33 338
22 22 21 22 124
29 29 30 29 268
36 36 36 39 457
55 55 55 56 803
56 56 54 56 802
55 55 56 55 788
27 27 27 30 277
47 47 47 45 411
56 57 56 54 773
32 32 32 30 111
55 55 53 55 782
49 49 47 49 662
63 63 62 64 780
64 64 65 62 753
57 57 56 58 660
25 24 25 26 202
62 62 62 62 926
50 50 48 50 682
63 63 61 64 959
59 58 59 59 865
58 58 58 60 880
40 40 42 40 309
64 65 64 64 967
31 31 31 32 323
26 26 26 23 155
18 18 18 17 29
45 45 47 43 375
35 35 34 37 237
67 68 67 64 795
52 52 50 53 558
56 57 56 55 790
26 26 26 27 42
54 54 55 53 751
17 18 17 16 10
48 49 48 48 647
40 41 40 40 487
26 26 26 23 155
41 41 40 43 357
21 21 19 22 119
63 63 63 63 946
56 56 56 53 755
56 56 56 53 755
32 32 33 32 328
54 54 55 53 751
19 19 19 18 49
59 58 59 59 684
43 43 45 43 369
51 50 51 52 722
51 52 51 49 673
51 51 50 52 540
52 52 53 50 513
55 55 55 54 769
41 42 41 40 309
60 60 60 63 937
71 72 71 70 909
28 27 28 28 245
25 25 26 25 188
40 40 38 41 499
32 32 32 30 292
46 46 46 44 572
23 22 23 25 179
31 31 29 32 319
41 41 40 43 538
47 47 47 45 592
51 52 51 49 673
59 59 57 59 681
49 50 49 49 667
56 57 56 54 773
49 50 49 49 667
47 48 47 45 593
62 62 61 64 777
18 18 18 18 46
39 39 37 40 479
29 29 29 32 317
21 21 21 18 55
28 28 30 28 69
30 30 30 30 286
18 18 18 17 29
58 59 58 58 666
21 21 20 22 121
66 66 67 64 974
31 30 31 31 305
53 53 53 50 695
48 48 49 47 450
54 55 54 54 767
51 51 52 50 691
50 50 49 51 701
48 48 49 46 614
30 30 30 33 156
67 68 67 64 795
52 52 51 54 758
