1000 277051
39 39 40 38 672
21 22 21 21 468
40 40 40 42 992
11 11 12 9 210
12 12 10 13 348
44 44 44 46 922
40 40 40 41 709
39 39 39 40 694
34 34 32 36 637
44 44 42 44 761
12 13 12 10 170
10 10 8 10 188
11 11 11 10 175
38 38 38 41 705
44 43 44 47 854
8 8 6 10 203
19 19 20 17 422
12 12 10 13 125
13 13 12 14 367
15 15 14 16 87
41 40 41 41 711
9 9 8 11 301
16 17 16 15 390
43 43 43 45 780
27 27 29 27 540
17 17 18 15 91
23 23 25 23 26
23 23 23 21 471
47 47 49 46 840
10 9 10 10 280
48 48 48 45 929
44 44 44 47 865
43 43 43 45 780
24 24 24 22 483
13 14 13 13 119
45 45 47 45 794
10 11 10 10 283
47 47 48 46 901
11 12 11 11 314
11 12 11 9 244
11 12 11 10 289
10 10 8 12 324
44 43 44 46 923
17 17 17 14 379
18 18 18 15 394
45 45 47 44 953
49 49 49 46 889
11 11 12 9 212
11 11 12 10 173
46 46 48 46 903
44 44 44 45 943
11 11 12 10 173
29 29 29 27 541
8 7 8 11 299
14 14 12 15 99
44 44 45 42 983
17 17 17 15 392
21 21 23 21 40
48 48 49 46 842
43 43 45 43 972
23 23 24 23 493
11 11 12 9 210
16 16 17 15 391
19 19 20 18 433
48 48 49 46 841
37 37 37 37 656
45 45 44 46 919
47 47 47 45 932
21 20 21 21 467
16 16 16 13 362
38 38 37 39 679
13 13 12 14 110
11 11 12 9 211
25 26 25 25 14
15 15 14 16 87
43 43 42 44 760
12 11 12 12 334
11 11 11 9 231
9 9 9 10 275
44 45 44 44 766
21 21 23 21 40
44 43 44 47 884
45 45 44 45 786
45 45 43 45 783
10 10 10 11 157
28 28 29 26 531
7 6 7 10 259
42 42 44 42 731
12 12 10 12 331
15 15 14 17 411
42 41 42 42 727
21 21 22 19 448
37 37 39 37 658
47 47 48 45 930
44 44 43 44 961
29 29 28 30 569
33 33 34 32 598
10 9 10 11 307
15 14 15 18 423
16 16 15 16 401
16 16 17 14 102
33 33 33 34 617
38 38 39 38 670
15 15 15 16 86
34 34 36 32 601
11 12 11 10 289
9 9 9 10 276
11 11 11 12 332
43 43 42 44 760
47 47 49 46 895
19 19 19 19 57
33 33 33 33 607
11 11 10 13 126
23 23 22 23 28
44 44 45 42 983
29 30 29 29 561
16 16 17 14 102
14 14 15 12 129
32 32 31 33 604
44 44 44 47 860
43 43 43 41 716
8 8 8 11 165
43 43 43 43 745
14 14 14 17 410
11 11 10 11 156
11 11 11 9 237
40 40 40 41 709
12 12 13 10 169
43 43 41 44 965
44 44 45 44 767
46 46 46 43 968
14 14 14 13 118
34 33 34 36 639
8 7 8 10 195
49 49 49 46 844
25 24 25 27 4
18 18 16 19 438
22 22 24 22 482
39 39 38 39 681
23 23 21 24 23
17 17 18 16 82
30 30 30 29 562
28 28 28 28 549
37 37 35 37 653
15 15 16 15 389
23 23 23 21 471
45 45 45 42 735
47 47 49 46 840
44 43 44 47 880
45 46 45 45 789
39 39 41 39 685
11 12 11 9 218
28 28 27 28 548
23 23 23 25 16
44 43 44 47 850
16 15 16 16 85
12 13 12 12 336
45 45 45 44 768
25 25 25 24 505
20 20 20 20 49
48 48 48 45 928
47 47 49 45 802
10 10 8 11 303
45 45 45 43 751
45 45 45 44 956
46 46 45 46 915
7 6 7 10 258
45 45 47 43 755
47 47 47 46 904
17 17 16 17 415
13 13 11 14 111
38 38 38 38 669
10 10 8 12 324
45 45 46 45 937
17 17 16 17 415
27 27 27 27 2
44 44 44 47 859
15 15 17 15 93
17 18 17 17 417
45 45 45 46 917
21 21 20 23 487
21 21 22 21 469
47 47 49 46 840
47 47 48 45 799
35 35 35 32 600
23 23 21 24 23
29 29 29 31 580
40 39 40 43 736
44 44 45 42 734
11 11 11 10 175
15 15 14 16 87
7 7 7 10 260
18 17 18 19 59
31 31 31 29 564
11 11 12 9 250
30 30 30 29 562
12 12 13 11 149
18 18 16 19 438
44 44 43 46 925
28 29 28 26 6
24 23 24 24 21
32 32 31 33 604
45 45 45 46 815
43 43 44 43 747
14 15 14 14 372
49 49 49 46 889
36 36 36 39 676
41 41 43 40 702
45 45 45 42 735
40 40 39 42 993
14 14 13 14 108
11 11 11 9 221
46 47 46 46 909
11 11 11 10 176
37 37 37 39 678
11 11 11 9 228
45 45 47 44 772
43 43 44 42 985
24 24 24 24 503
15 15 16 15 94
21 21 19 21 43
11 11 12 9 211
27 27 25 28 545
44 44 43 46 806
44 44 45 44 767
25 25 27 25 13
47 48 47 45 931
40 39 40 42 722
20 20 21 19 55
18 18 20 18 64
10 10 11 10 285
45 46 45 45 789
42 43 42 42 728
29 29 29 31 580
42 43 42 42 728
43 43 42 44 963
33 33 35 31 589
31 31 32 29 565
45 46 45 45 790
21 22 21 21 468
31 31 31 34 613
11 11 10 12 330
32 32 32 33 605
23 23 24 23 493
14 14 14 14 107
28 28 27 28 548
39 39 40 37 661
11 11 11 12 332
11 11 12 9 248
16 16 16 16 402
44 44 44 47 876
16 16 16 19 61
24 24 24 22 32
33 33 35 31 589
49 49 49 46 844
27 27 28 26 529
28 28 28 26 530
46 45 46 46 819
44 43 44 47 880
18 17 18 20 451
43 43 43 45 946
15 15 14 17 411
45 46 45 45 790
18 18 16 18 427
10 10 10 10 281
7 7 7 10 200
21 22 21 21 41
10 10 8 11 162
39 38 39 39 682
47 47 49 46 894
40 40 41 40 698
34 33 34 35 628
34 34 32 36 637
12 12 12 14 366
37 37 37 39 678
18 18 19 16 408
17 17 17 18 428
41 41 41 38 675
9 9 7 11 298
13 13 12 15 381
27 27 27 26 528
19 19 21 19 445
46 46 47 45 933
17 16 17 17 75
21 21 22 21 469
20 20 20 20 49
10 9 10 10 183
22 22 22 25 17
19 18 19 19 442
37 36 37 37 655
14 14 14 11 145
44 44 44 47 858
41 41 41 43 979
44 45 44 44 766
10 10 10 10 181
44 43 44 46 808
41 41 40 41 710
44 43 44 47 852
44 44 44 46 922
43 43 44 41 718
14 14 15 14 373
44 44 44 47 856
8 7 8 10 266
10 10 10 12 329
35 36 35 33 611
20 20 20 23 486
17 16 17 20 53
45 45 45 46 814
23 24 23 23 492
11 11 11 9 229
13 13 15 12 342
13 13 15 13 117
25 25 24 27 533
22 22 23 20 46
15 15 13 15 384
21 21 20 23 30
15 15 15 14 374
11 11 11 9 234
18 18 19 18 65
18 18 18 15 90
12 12 12 13 122
42 41 42 45 776
20 21 20 20 456
43 44 43 43 974
25 25 23 26 522
10 11 10 10 179
33 33 34 32 598
38 38 38 41 705
33 33 33 35 627
16 17 16 15 93
44 44 44 47 878
26 25 26 26 526
14 14 12 15 99
19 19 19 19 443
15 15 13 16 397
31 32 31 31 584
36 36 37 36 644
28 29 28 26 6
12 12 12 10 293
44 44 44 47 856
39 39 39 40 694
16 16 16 13 362
22 22 22 24 500
36 36 36 34 622
46 46 47 46 824
13 13 12 14 367
43 43 43 45 781
18 18 19 18 65
11 11 11 9 225
23 24 23 23 27
46 46 47 44 774
31 31 30 31 582
46 46 44 46 812
21 21 22 19 54
13 13 12 14 367
44 44 44 46 809
43 43 43 45 946
10 10 9 11 305
16 16 16 16 402
10 10 9 11 160
42 42 43 42 729
45 45 45 45 940
11 11 11 9 229
43 43 44 43 973
8 8 6 10 259
45 45 44 46 919
10 10 9 12 142
22 22 24 21 39
33 33 33 30 577
33 33 33 32 597
27 27 25 29 555
45 45 44 46 810
19 19 20 17 71
19 19 20 18 433
44 44 42 45 947
32 32 32 33 605
44 43 44 47 850
18 17 18 19 59
46 46 46 46 820
26 26 26 24 507
44 43 44 44 764
13 13 13 14 369
46 46 47 46 907
10 10 9 10 277
15 15 16 15 389
44 44 44 47 866
16 16 16 19 437
25 25 26 24 19
21 21 21 22 478
41 41 41 40 699
21 21 21 24 498
11 11 12 9 248
20 20 19 22 37
16 16 16 17 414
15 15 15 18 424
11 11 12 9 248
15 15 15 16 86
11 11 11 9 227
19 19 19 17 72
10 10 9 12 142
11 11 13 11 150
25 25 25 26 9
45 45 44 46 920
15 15 15 13 116
46 46 46 45 792
21 21 20 23 487
11 11 11 9 233
10 10 10 13 346
29 29 31 29 563
22 22 20 24 24
35 35 35 33 610
48 48 48 46 897
11 11 11 14 364
46 46 48 46 829
9 9 8 11 301
15 15 15 13 116
41 41 41 43 979
43 43 43 45 780
17 17 15 18 425
23 22 23 24 22
44 43 44 47 852
47 47 47 46 827
14 14 16 13 360
45 45 45 44 956
8 8 8 10 193
15 15 16 15 94
40 40 41 38 674
14 14 12 15 99
29 29 29 32 590
15 15 15 15 387
43 43 44 42 732
14 14 13 14 370
16 16 17 14 378
11 12 11 9 217
13 13 12 14 367
21 21 19 21 465
21 21 21 23 488
20 20 19 20 50
47 47 47 46 828
14 13 14 14 371
44 44 45 44 767
47 47 47 45 797
15 15 13 16 397
10 9 10 12 327
38 38 38 35 636
46 46 47 46 825
44 44 44 47 856
14 14 12 15 99
43 43 43 43 745
26 25 26 26 526
13 14 13 13 355
13 13 13 11 148
22 22 22 25 17
8 7 8 10 195
41 41 41 43 740
42 42 42 41 998
15 15 15 14 374
12 12 10 13 348
31 30 31 31 583
42 43 42 42 728
44 44 42 44 761
47 47 48 46 901
17 17 19 15 395
9 9 9 11 161
12 12 11 12 333
26 26 27 24 508
41 41 42 41 999
11 11 12 10 173
14 15 14 14 106
14 13 14 17 409
13 13 14 13 356
25 25 25 22 31
41 41 40 43 738
22 22 22 23 490
18 18 20 18 64
16 16 16 17 414
44 44 44 47 875
44 44 43 44 961
37 37 35 37 653
10 10 9 12 326
44 44 44 47 870
44 44 43 44 763
9 9 7 11 298
48 48 49 46 842
47 47 49 46 893
32 32 32 31 585
39 39 37 41 704
44 44 44 47 865
13 13 15 12 342
11 11 12 9 251
44 44 44 47 856
43 43 43 41 716
11 11 10 12 140
13 13 13 16 89
31 31 31 32 593
17 18 17 17 417
11 11 10 11 309
14 14 14 17 79
16 16 16 14 103
17 17 15 19 436
43 43 44 43 747
46 46 48 46 830
45 45 46 43 753
41 40 41 41 711
43 43 45 43 749
46 45 46 46 913
39 38 39 39 682
44 44 44 47 861
38 38 36 38 666
15 15 14 16 87
44 44 44 41 995
15 16 15 15 388
10 10 9 11 160
10 11 10 10 179
35 34 35 35 630
46 46 47 46 907
26 26 27 24 18
29 30 29 29 561
28 28 29 26 531
11 12 11 9 242
47 47 47 46 828
49 49 49 46 887
38 37 38 38 668
24 24 23 24 502
42 42 41 42 726
27 27 26 29 556
19 18 19 20 453
42 42 42 43 742
24 24 24 22 483
20 20 19 22 37
14 14 13 14 370
40 40 39 41 708
13 12 13 13 121
15 15 15 17 412
45 45 44 45 786
11 12 11 10 174
8 8 6 10 257
46 46 47 44 952
25 25 27 25 13
40 39 40 40 696
12 12 12 11 151
14 14 14 13 357
17 18 17 16 405
44 44 45 43 750
20 20 22 19 447
9 9 9 10 185
29 29 27 30 568
11 11 11 10 176
38 37 38 38 668
42 42 42 42 988
27 27 28 26 529
12 12 12 11 151
31 30 31 31 583
43 44 43 43 746
41 41 41 43 740
35 35 35 33 610
10 9 10 13 345
29 29 30 27 542
15 15 15 18 424
11 11 11 14 364
14 14 13 16 396
46 46 45 46 914
18 18 19 16 408
46 46 48 46 903
19 19 18 21 463
39 39 40 39 684
17 16 17 17 75
10 9 10 13 127
20 20 20 22 476
14 14 14 11 323
13 13 14 12 131
45 45 47 45 935
14 15 14 14 106
15 15 16 13 361
14 14 14 17 410
20 20 22 19 447
40 40 40 43 981
44 44 44 47 874
25 25 27 25 13
46 46 46 43 754
46 47 46 46 909
11 11 13 11 317
26 26 27 24 508
38 38 40 37 660
37 37 37 34 624
39 39 38 40 693
23 23 21 24 23
16 16 16 16 402
46 46 46 43 754
44 44 45 43 750
44 44 44 47 857
47 47 47 46 905
23 23 21 24 23
43 43 44 42 985
47 47 47 45 932
43 43 43 44 762
44 44 46 44 769
17 18 17 17 417
17 17 15 18 425
43 43 43 45 780
28 28 28 28 549
44 44 42 45 947
41 41 41 42 990
39 39 39 40 694
15 15 15 16 86
44 44 46 43 752
18 18 16 19 60
47 47 49 46 838
44 44 45 42 734
38 38 38 36 647
38 38 38 36 647
47 47 48 45 800
25 25 24 27 533
44 44 45 44 767
44 44 43 44 961
41 41 41 40 699
17 17 19 15 395
41 41 42 40 700
13 13 14 11 146
20 20 18 21 44
44 44 44 44 959
18 19 18 17 419
39 39 39 41 707
13 13 15 13 358
44 44 45 44 767
23 23 23 21 471
31 31 29 31 581
39 39 39 40 694
18 18 19 18 431
45 45 47 44 953
39 39 40 37 661
14 14 14 13 118
26 26 27 24 18
43 43 42 43 743
41 41 40 41 710
12 12 13 11 149
11 12 11 9 241
14 15 14 14 372
20 20 21 19 55
11 11 11 12 138
10 10 9 12 142
46 46 46 46 912
29 29 29 32 590
44 44 43 46 925
26 27 26 26 527
42 42 42 43 977
44 45 44 44 958
22 22 22 23 490
46 46 46 44 954
11 12 11 9 219
42 42 40 42 724
42 42 43 42 987
44 44 42 44 962
12 12 14 12 339
27 27 25 28 545
8 7 8 10 194
38 38 36 40 689
44 44 44 47 859
34 34 32 34 616
10 10 9 10 277
25 25 24 27 533
12 12 14 12 132
14 14 16 13 360
29 29 27 30 568
46 46 45 46 914
20 20 20 23 486
44 43 44 47 853
48 49 48 46 840
27 27 29 27 540
10 10 9 10 277
15 15 15 16 86
43 43 43 46 926
12 12 11 12 333
43 43 43 42 730
14 14 13 14 108
44 44 44 47 870
20 20 20 22 476
25 24 25 27 534
23 22 23 24 501
15 15 15 13 116
11 12 11 11 153
24 24 24 22 32
11 11 11 12 332
39 39 38 40 693
15 15 13 16 397
46 46 48 45 798
44 43 44 47 880
14 14 14 17 410
35 35 35 32 600
11 11 11 9 238
46 46 46 44 771
37 37 35 37 653
44 44 45 44 767
29 29 29 27 541
17 17 15 19 436
11 12 11 9 216
37 37 37 37 656
44 44 44 41 995
19 19 17 20 451
8 8 8 11 165
10 10 11 10 286
28 29 28 26 6
44 44 44 47 876
13 14 13 13 119
27 27 27 29 557
44 43 44 46 808
12 12 12 12 335
14 14 15 13 359
10 10 10 10 282
44 44 44 46 921
20 19 20 20 455
25 25 26 23 496
24 24 23 24 502
8 8 8 11 165
20 20 20 20 49
45 45 45 45 940
47 47 47 45 796
47 47 47 46 827
33 33 32 35 626
11 12 11 11 313
31 31 31 32 593
30 30 30 29 562
16 16 16 19 61
45 45 45 45 788
9 9 9 12 143
21 21 21 22 478
44 44 42 45 947
16 17 16 16 403
10 10 10 10 282
11 11 11 10 176
32 32 31 33 604
13 13 13 15 383
25 26 25 25 14
46 46 44 46 813
11 11 11 9 234
25 25 26 25 516
41 41 43 41 715
44 43 44 47 854
42 43 42 42 728
17 17 17 16 404
45 45 47 45 935
23 23 24 23 493
27 27 28 26 529
19 19 19 17 72
14 14 12 15 99
35 35 33 35 628
18 17 18 18 66
47 47 47 46 827
15 15 13 15 384
13 13 15 13 358
18 18 16 18 427
30 30 30 29 562
31 31 31 28 554
10 10 11 10 286
14 15 14 14 372
24 24 24 21 38
24 24 23 25 512
9 9 7 10 266
42 42 42 44 964
32 32 31 32 594
49 49 49 46 844
19 19 20 17 71
9 9 9 12 325
45 46 45 43 752
22 22 21 23 29
42 42 41 42 726
9 9 8 10 271
16 16 16 18 426
21 21 22 19 54
22 22 23 20 46
18 17 18 19 440
43 43 44 43 747
42 42 44 42 731
45 45 44 46 919
17 17 18 15 91
17 16 17 20 53
11 12 11 9 243
39 39 37 41 704
46 46 48 46 829
45 46 45 44 769
17 17 16 18 68
47 47 48 46 833
42 41 42 44 757
35 35 37 34 623
27 27 27 27 538
47 47 48 46 900
12 12 12 10 292
15 15 14 15 386
38 38 36 38 666
11 12 11 9 243
44 44 42 44 761
10 10 9 11 305
48 48 48 46 896
22 22 22 20 459
35 35 34 36 640
47 47 49 46 895
16 16 16 19 61
42 41 42 43 741
7 7 7 10 200
11 11 10 11 156
13 13 13 10 167
18 18 16 19 438
17 17 15 18 425
18 18 16 18 427
20 20 20 20 49
47 47 48 46 832
49 49 49 46 888
17 17 17 16 83
38 38 36 40 689
44 44 44 47 862
38 38 37 39 679
37 37 37 38 667
14 14 13 16 396
44 44 44 41 995
11 12 11 11 153
43 42 43 46 927
14 15 14 14 372
44 44 44 47 875
19 19 20 19 444
12 12 13 10 168
44 44 44 45 943
15 15 15 15 95
12 12 12 10 293
20 20 18 21 44
14 14 13 14 108
38 38 36 40 689
46 46 45 46 817
44 44 44 47 870
21 20 21 21 42
25 26 25 25 14
16 16 17 14 102
11 11 10 12 140
16 17 16 16 403
7 7 7 10 262
9 9 9 12 325
36 36 36 39 676
35 34 35 35 630
13 13 13 14 109
45 45 47 43 755
43 43 43 45 781
46 46 45 46 817
10 10 10 12 329
26 25 26 26 526
48 48 49 46 842
42 42 42 44 758
30 30 31 30 573
8 8 6 10 259
44 44 44 42 984
23 23 23 25 16
44 44 44 42 984
14 14 14 12 341
43 43 45 41 719
23 23 23 20 461
42 42 40 43 739
12 12 10 13 348
14 14 14 15 97
8 8 6 10 256
13 14 13 13 355
49 49 49 46 848
21 20 21 21 467
12 12 12 11 151
45 45 44 45 942
18 18 18 15 90
22 22 21 22 35
12 13 12 12 336
11 12 11 10 174
46 46 46 44 771
15 15 14 17 411
19 19 18 20 452
46 45 46 46 913
24 24 24 22 32
10 10 9 11 305
14 14 13 14 108
26 26 26 27 536
43 43 42 45 778
23 23 21 25 509
41 41 41 38 675
16 16 16 13 362
13 14 13 11 147
47 47 47 46 826
44 44 44 47 855
17 17 19 15 395
12 12 13 12 134
23 22 23 24 22
16 16 15 18 69
43 43 44 43 747
15 15 17 15 93
25 25 27 25 13
14 14 16 13 115
46 46 46 43 968
42 42 42 44 758
19 18 19 19 442
35 35 34 36 640
12 12 12 12 335
11 12 11 9 215
16 16 17 15 391
21 21 22 21 469
45 46 45 45 790
48 48 48 46 897
44 44 43 44 961
42 42 43 41 997
44 44 44 43 748
16 16 15 17 413
9 9 7 11 166
33 33 32 35 626
35 35 35 33 610
44 44 43 44 961
13 12 13 13 121
18 18 16 19 60
44 44 43 46 925
40 40 40 38 673
34 33 34 34 618
26 26 26 24 507
45 45 43 46 807
31 30 31 31 583
9 9 8 10 272
46 46 47 44 774
40 40 39 41 708
44 43 44 46 808
42 41 42 45 776
25 25 25 28 544
46 46 47 44 774
27 27 26 28 546
31 31 31 34 613
22 22 24 21 472
43 43 43 45 780
17 17 17 15 392
9 8 9 12 144
7 7 7 10 201
17 17 17 15 92
43 42 43 46 802
34 34 32 34 616
13 13 11 13 123
18 18 18 19 441
25 25 26 25 516
46 46 47 46 825
20 20 19 20 50
45 45 45 44 956
24 24 24 26 523
13 13 13 14 109
39 39 39 40 694
46 46 46 46 911
11 11 12 10 291
45 45 43 46 807
11 11 11 9 223
38 38 38 41 705
12 12 12 10 171
25 25 25 24 505
47 47 47 46 904
14 14 14 16 398
17 17 18 16 406
30 30 31 30 573
27 26 27 27 537
46 47 46 43 755
34 35 34 31 589
22 21 22 22 479
8 8 6 10 257
42 41 42 42 727
16 16 16 16 402
30 30 30 29 562
11 11 11 9 222
25 25 26 24 506
8 8 6 10 256
42 42 42 42 988
38 38 38 40 692
44 43 44 46 808
44 44 44 47 878
11 12 11 9 242
38 38 36 40 689
13 13 13 12 133
11 12 11 9 243
12 13 12 12 336
41 41 40 42 991
36 36 36 39 676
38 38 38 36 647
25 25 26 23 496
47 47 48 46 899
31 32 31 31 584
8 8 8 10 193
16 17 16 15 390
26 26 25 27 535
23 23 22 25 510
45 45 44 46 919
11 12 11 9 245
47 47 48 45 930
24 24 24 24 503
22 22 23 20 460
8 8 7 10 265
33 33 32 35 626
19 19 18 19 58
12 12 13 12 337
27 27 29 27 540
16 16 14 17 78
20 20 21 19 446
18 18 18 15 90
45 45 47 44 772
22 22 24 22 482
22 22 23 22 481
10 10 10 13 346
34 34 32 36 637
