1000 467989
16 16 15 18 326
35 35 37 35 678
23 24 23 23 435
19 19 21 17 324
35 34 35 35 673
3 3 3 4 51
16 17 16 16 295
5 5 7 5 78
50 50 50 49 957
14 14 12 14 250
39 39 39 37 720
47 47 48 47 916
44 44 44 41 803
44 44 44 42 820
14 14 15 12 222
9 9 9 10 171
49 49 49 49 954
23 23 23 24 451
41 42 41 41 795
41 41 39 42 807
36 36 35 36 692
44 44 44 41 803
4 4 4 2 20
15 15 14 16 289
50 50 49 51 989
46 46 46 43 843
18 18 18 18 334
6 6 4 8 124
44 44 44 45 871
23 23 23 24 451
15 15 16 15 276
3 3 5 3 38
51 52 51 51 995
29 29 31 27 524
17 17 19 15 284
45 45 43 45 870
48 48 48 46 900
35 35 35 37 708
44 44 45 42 822
39 39 40 37 722
16 16 16 14 260
31 31 31 31 594
30 30 30 31 591
25 24 25 27 507
32 32 30 32 610
7 7 8 5 82
51 52 51 49 961
34 33 34 37 704
22 22 24 22 418
34 34 33 35 669
1 0 1 2 10
34 34 35 32 622
34 35 34 33 638
24 24 24 24 454
31 31 32 31 596
49 49 47 50 967
43 43 43 41 800
17 17 18 16 299
23 23 23 20 383
16 16 17 14 262
31 31 31 34 645
26 25 26 26 493
52 52 52 49 963
20 20 21 20 376
9 10 9 9 155
44 43 44 46 887
29 29 29 32 605
24 24 25 22 422
44 44 44 47 905
44 43 44 44 853
4 4 3 4 52
46 46 45 46 892
28 28 27 29 549
25 25 23 25 470
29 29 29 27 520
26 26 26 26 494
45 45 47 45 878
35 35 37 34 661
26 26 25 28 526
38 38 39 36 702
50 51 50 50 975
32 33 32 31 598
3 2 3 3 33
4 4 4 5 71
38 38 38 39 751
47 47 46 47 912
12 11 12 12 213
26 26 25 26 492
42 41 42 43 830
34 34 32 35 667
38 38 37 38 732
40 41 40 38 741
16 17 16 14 261
11 10 11 14 244
23 23 21 23 430
4 4 6 2 24
32 32 31 32 612
23 22 23 24 450
33 33 33 32 617
34 33 34 37 704
42 42 41 43 829
35 35 37 35 678
6 5 6 7 110
35 35 35 38 725
49 50 49 49 955
41 41 41 43 828
52 52 53 50 982
25 25 25 22 423
30 30 29 30 572
25 24 25 25 473
40 41 40 40 775
3 3 3 6 85
38 38 36 40 764
44 44 44 41 803
51 52 51 50 978
9 9 10 8 139
15 15 15 18 325
19 19 19 18 337
4 4 2 4 50
18 18 17 20 366
24 24 24 21 403
33 32 33 33 633
46 46 46 47 911
41 42 41 41 795
17 18 17 15 281
9 9 10 7 122
23 22 23 26 484
35 35 34 37 706
37 37 39 36 701
13 13 11 13 230
2 2 2 5 65
20 20 20 22 408
42 42 44 41 801
20 21 20 20 375
30 30 28 31 587
40 40 40 38 740
11 11 11 10 177
23 23 24 21 402
50 50 50 50 974
24 24 26 24 458
35 35 34 37 706
42 41 42 45 864
18 18 18 16 300
50 50 48 50 970
33 33 33 35 668
10 10 10 11 191
23 23 25 23 438
14 15 14 14 255
27 27 27 25 480
23 23 23 20 383
25 25 26 24 459
9 9 8 11 186
18 18 18 20 368
3 3 3 4 51
49 49 49 49 954
4 4 3 5 69
47 47 49 47 918
7 7 5 7 110
6 6 6 6 94
30 30 30 29 557
41 41 41 39 760
35 36 35 33 641
32 33 32 32 615
6 6 4 6 90
23 23 24 21 402
12 12 14 12 218
37 37 38 35 682
2 2 1 2 12
28 28 27 29 549
49 49 49 47 920
3 3 3 2 17
8 8 8 8 134
6 6 7 4 62
12 13 12 12 215
16 17 16 16 295
5 5 7 5 78
33 33 34 33 636
46 45 46 46 893
38 38 36 40 764
6 6 6 7 111
40 39 40 41 790
42 41 42 43 830
28 28 28 29 551
7 7 7 8 131
8 9 8 8 135
22 22 22 21 397
3 3 3 6 85
22 23 22 22 415
10 10 11 9 159
5 5 4 6 89
2 2 1 2 12
26 26 27 26 496
41 42 41 41 795
14 14 14 13 237
16 16 15 16 292
10 10 9 12 206
32 32 32 32 614
27 27 27 25 480
27 26 27 29 547
35 35 35 34 657
46 45 46 46 893
32 31 32 32 613
28 28 29 26 502
40 41 40 38 741
0 0 0 2 8
37 37 37 38 731
8 7 8 9 150
42 41 42 43 830
42 42 43 42 816
39 40 39 39 755
29 29 29 32 605
13 13 14 13 236
5 5 3 7 104
39 39 38 40 769
16 17 16 13 244
42 42 44 41 801
12 12 10 13 227
28 28 28 29 551
46 46 47 44 862
19 18 19 19 353
40 40 41 39 759
27 27 27 28 531
4 4 4 3 37
3 3 2 3 32
31 31 32 30 579
46 45 46 46 893
44 44 42 45 867
41 41 43 40 781
3 3 4 3 36
0 0 0 2 8
34 34 35 33 639
29 29 29 27 520
19 19 19 21 388
15 16 15 14 258
3 3 3 5 68
6 6 4 7 107
11 11 11 13 228
30 30 29 31 589
4 4 5 3 39
50 51 50 49 958
27 27 27 25 480
47 47 47 45 880
34 33 34 35 670
26 26 26 24 460
9 10 9 8 138
6 6 7 4 62
2 1 2 2 13
24 23 24 24 453
46 45 46 49 944
45 45 45 42 823
49 49 49 48 937
43 44 43 43 835
26 26 25 28 526
37 37 36 37 712
29 29 28 29 552
9 10 9 9 155
45 45 45 46 891
9 9 8 11 186
21 21 21 19 360
46 46 45 48 926
45 44 45 45 861
26 26 26 28 528
12 12 11 12 212
46 46 48 46 898
42 42 40 43 827
40 40 40 37 723
28 28 28 29 551
47 47 47 46 897
8 8 8 8 134
21 22 21 21 395
16 16 16 15 277
26 27 26 26 495
4 4 2 4 50
34 33 34 37 704
45 44 45 45 873
29 29 29 28 537
42 42 42 41 797
49 49 49 49 954
36 36 36 33 643
23 23 21 24 447
14 14 15 13 239
28 28 28 28 534
5 5 5 5 74
9 9 9 11 188
5 5 7 4 61
48 48 50 47 921
21 21 23 20 381
30 30 30 31 591
26 26 26 23 443
44 45 44 44 855
42 42 43 40 782
17 17 17 16 297
31 31 31 30 577
32 32 33 30 582
25 25 25 26 491
10 9 10 11 190
34 33 34 34 653
32 33 32 31 598
30 30 28 30 570
12 12 13 11 199
48 48 48 46 900
26 26 25 27 509
31 31 32 31 596
37 37 37 40 765
27 27 27 28 531
28 27 28 28 533
32 33 32 32 615
39 39 39 38 737
34 34 33 34 652
10 9 10 11 190
13 13 12 14 249
51 51 51 48 943
40 39 40 43 824
6 5 6 6 93
18 18 17 18 332
24 23 24 24 453
26 25 26 26 493
30 30 31 28 542
9 9 9 11 188
27 27 27 29 548
24 24 25 23 439
32 32 30 33 627
16 16 16 18 328
37 37 37 38 731
1 1 0 3 26
5 6 5 3 41
10 10 11 9 159
9 9 10 9 156
32 32 31 32 612
37 37 37 38 731
47 47 46 47 912
28 28 28 31 585
10 10 8 12 204
40 41 40 40 775
32 32 30 32 610
37 36 37 37 713
17 18 17 16 298
3 3 2 5 66
3 3 5 1 4
3 3 3 5 68
18 18 17 18 332
6 6 4 8 124
10 10 8 12 204
17 17 16 19 346
31 31 32 30 579
39 39 39 40 771
3 3 5 3 38
5 6 5 4 58
40 40 40 38 740
30 30 31 30 576
47 47 47 46 897
19 19 19 19 354
44 43 44 46 887
12 13 12 12 215
14 14 15 14 256
5 6 5 5 75
38 38 37 38 732
18 18 19 17 319
33 33 33 35 668
44 44 46 43 841
43 43 44 41 802
12 13 12 12 215
11 11 12 10 179
45 45 45 45 874
35 35 36 33 642
35 35 35 35 674
43 44 43 43 835
11 11 11 10 177
36 36 35 38 726
15 15 15 15 274
16 16 15 17 309
43 43 43 46 885
24 23 24 24 453
40 40 42 40 778
48 48 46 48 930
47 47 47 47 914
17 17 17 16 297
5 5 3 7 104
43 43 43 40 783
28 28 29 26 502
14 14 13 15 269
50 50 49 50 972
45 45 44 47 906
39 40 39 39 755
21 21 21 20 377
9 9 9 10 171
8 8 9 6 102
50 50 50 50 974
40 40 39 42 806
18 18 16 18 330
49 50 49 49 955
39 39 39 41 788
37 37 38 36 699
48 48 48 45 883
2 2 4 2 18
9 9 8 11 186
49 48 49 49 953
18 17 18 20 367
12 12 13 11 199
46 46 45 46 892
34 34 32 35 667
42 42 43 40 782
25 25 24 26 489
6 6 4 8 124
23 22 23 24 450
27 27 28 25 482
23 24 23 23 435
11 12 11 11 195
38 38 36 40 764
30 30 31 28 542
8 8 8 5 83
26 26 26 29 545
17 17 17 16 297
10 10 11 10 176
51 51 51 50 977
50 50 49 50 972
8 9 8 8 135
38 38 36 38 730
21 21 21 23 428
22 22 21 22 412
49 49 49 47 920
15 15 15 12 223
11 11 11 12 211
39 39 39 40 771
44 44 43 44 852
6 6 5 7 109
33 33 33 31 600
8 8 8 5 83
38 38 36 38 730
21 21 19 21 390
1 1 0 2 9
18 18 18 17 317
11 11 10 13 226
21 21 23 21 398
50 51 50 48 941
5 5 5 8 125
23 23 24 22 419
50 50 50 51 991
31 31 32 31 596
50 50 50 47 923
6 6 6 3 43
35 35 37 35 678
16 15 16 16 293
37 38 37 35 681
33 33 33 32 617
47 48 47 45 881
22 22 24 21 401
44 44 44 47 905
43 43 45 41 804
40 40 41 39 759
41 41 39 41 790
33 33 33 35 668
29 30 29 29 555
16 16 16 15 277
23 23 24 22 419
6 6 6 9 145
44 44 43 46 886
22 22 21 24 446
11 11 10 13 226
14 14 15 13 239
5 5 5 2 23
39 39 38 41 786
30 31 30 28 541
40 40 40 40 774
36 36 35 36 692
25 26 25 25 475
27 26 27 27 513
42 42 44 41 801
27 27 25 28 527
35 36 35 35 675
45 44 45 45 873
9 9 11 9 158
30 30 28 30 570
45 45 45 42 823
17 17 17 17 314
29 29 29 30 571
2 1 2 3 30
13 13 15 12 221
2 2 2 4 48
23 22 23 24 450
13 14 13 13 235
9 9 9 8 137
6 6 6 8 128
42 42 42 43 831
15 15 16 13 242
24 24 25 24 456
39 39 41 39 758
4 5 4 4 55
8 7 8 10 167
27 27 25 28 527
23 23 21 25 464
23 24 23 23 435
26 26 26 29 545
1 1 1 2 11
27 27 27 29 548
46 46 47 45 879
21 21 22 20 379
6 5 6 6 93
10 9 10 10 173
21 21 21 21 394
6 6 5 6 92
5 5 4 5 72
11 11 10 11 192
10 10 10 9 157
1 0 1 2 10
7 7 8 6 99
41 41 42 39 762
46 46 46 43 843
7 7 5 7 110
33 33 33 32 617
9 9 8 11 186
3 3 1 4 47
43 43 42 45 866
46 46 45 47 909
43 43 45 41 804
37 36 37 37 713
43 43 45 43 838
48 48 47 49 949
2 2 4 1 1
12 13 12 10 181
48 48 48 51 985
30 30 31 29 559
33 33 34 32 619
52 53 52 49 964
21 21 19 21 390
44 43 44 45 870
43 44 43 43 835
6 6 6 8 128
24 25 24 22 421
21 21 22 19 362
15 15 15 15 274
10 10 10 11 191
45 45 44 45 872
30 30 29 32 606
27 27 27 25 480
49 49 50 49 956
15 15 14 17 306
46 46 46 48 928
7 7 7 9 148
20 20 21 20 376
40 39 40 42 807
16 16 16 15 277
18 18 16 18 330
3 3 1 5 64
16 16 17 15 279
30 30 30 29 557
28 28 28 29 551
34 34 34 31 603
50 50 51 48 942
16 16 17 16 296
47 47 49 47 918
5 5 5 2 23
35 35 36 33 642
27 27 28 25 482
20 20 20 21 391
8 8 10 7 121
7 7 5 8 127
27 27 27 30 565
41 42 41 40 778
41 41 43 40 781
30 30 31 30 576
44 43 44 47 904
42 41 42 43 830
50 50 50 48 940
9 10 9 8 138
37 37 36 38 729
43 43 43 40 783
7 7 8 5 82
9 10 9 8 138
9 9 9 10 171
19 19 21 17 324
39 38 39 39 753
9 9 10 7 122
43 43 43 40 783
14 15 14 14 255
21 21 20 22 409
39 39 40 37 722
32 31 32 32 613
0 0 0 2 8
32 32 31 32 612
11 11 12 10 179
2 1 2 2 13
6 6 4 7 107
5 6 5 5 75
25 25 23 25 470
3 3 4 2 19
20 20 20 22 408
28 28 28 29 551
1 1 1 2 11
6 6 7 6 96
41 41 41 38 743
35 35 35 33 640
33 33 33 36 685
7 7 8 6 99
40 40 42 40 778
41 40 41 41 793
29 29 31 29 558
27 26 27 29 547
24 24 25 23 439
18 18 18 20 368
14 14 13 16 286
32 31 32 32 613
19 19 19 22 405
36 36 35 36 692
22 22 23 22 416
37 37 35 38 727
38 38 39 38 736
25 25 25 24 457
37 37 39 37 718
24 25 24 22 421
3 3 3 4 51
28 28 28 29 551
11 11 10 11 192
20 20 22 19 361
16 17 16 16 295
3 3 3 3 34
47 47 47 47 914
15 15 15 15 274
53 53 53 51 1000
19 20 19 19 343
3 3 2 5 66
12 11 12 12 213
13 13 15 12 221
36 37 36 36 695
49 49 49 51 988
4 4 4 5 71
40 40 41 40 776
35 34 35 38 724
38 38 39 36 702
24 23 24 24 453
2 2 1 2 12
28 28 28 28 534
42 42 41 44 846
2 3 2 2 15
33 34 33 32 618
47 47 47 45 880
18 19 18 18 335
40 39 40 40 773
42 42 43 40 782
24 24 25 24 456
27 27 28 27 516
30 30 28 31 587
42 42 42 45 865
7 8 7 7 115
39 39 38 40 769
21 21 23 21 398
40 40 39 40 772
19 19 18 21 386
24 24 26 24 458
23 23 22 25 466
35 34 35 38 724
47 47 48 47 916
17 17 18 15 282
43 43 42 43 832
16 16 17 16 296
49 48 49 49 953
14 14 14 14 254
20 20 21 18 342
51 51 51 49 960
14 14 14 12 220
51 51 51 49 960
35 35 36 35 676
8 8 8 6 100
38 38 38 40 768
41 41 39 41 790
16 16 16 17 311
14 14 12 15 267
6 6 5 6 92
31 31 31 34 645
7 8 7 5 81
25 25 27 24 461
26 26 28 26 498
15 16 15 14 258
37 37 35 38 727
5 5 6 4 59
33 33 34 33 636
30 31 30 28 541
17 18 17 16 298
5 5 5 7 108
40 41 40 40 763
6 6 6 4 60
23 23 22 23 432
39 39 39 37 720
49 49 47 49 950
20 21 20 20 375
35 34 35 36 690
39 39 40 38 739
49 49 49 48 937
46 46 46 46 894
23 23 22 24 449
43 43 44 41 802
2 2 1 3 29
10 9 10 12 207
5 5 5 5 74
38 38 37 38 732
11 11 11 10 177
33 32 33 33 633
41 41 41 44 845
39 40 39 39 755
21 22 21 21 395
14 14 14 14 254
40 41 40 40 763
32 32 31 32 612
3 3 3 6 85
23 23 25 23 438
48 48 48 46 900
41 41 41 39 760
19 19 19 18 337
27 28 27 27 515
31 31 31 32 611
48 48 49 48 936
18 18 17 19 349
10 10 8 10 170
34 34 33 34 652
14 14 14 14 254
10 10 10 7 123
33 34 33 31 601
28 28 28 28 534
39 40 39 38 738
50 50 50 51 991
11 11 11 10 177
14 14 15 14 256
7 7 7 10 165
37 37 35 37 710
10 9 10 11 190
12 12 11 13 229
37 37 38 36 699
8 8 8 5 83
35 35 37 35 678
15 15 15 13 240
47 47 46 49 946
12 13 12 10 181
2 2 2 4 48
6 6 6 7 111
21 21 19 21 390
42 42 43 41 799
32 32 32 30 580
50 51 50 48 941
24 24 26 24 458
40 40 39 41 789
21 21 21 22 411
44 44 46 44 858
4 4 6 2 24
33 34 33 33 635
17 17 17 17 314
4 4 4 6 88
39 39 41 39 758
9 9 8 10 169
5 5 5 4 57
9 9 10 7 122
35 36 35 35 675
37 37 39 37 718
22 22 22 21 397
16 15 16 16 293
11 11 10 12 209
14 14 14 17 305
49 49 50 49 956
39 39 38 41 786
46 46 47 45 879
37 37 37 35 680
53 53 53 50 983
31 30 31 31 593
22 22 20 24 444
11 11 11 9 160
21 21 23 21 398
44 45 44 44 855
45 45 43 45 870
12 13 12 12 215
17 17 18 16 299
20 20 20 21 391
16 16 17 16 296
21 21 21 20 377
40 40 40 43 825
13 13 14 12 219
44 44 44 46 888
29 29 29 26 503
19 19 19 18 337
43 43 42 44 849
26 26 26 24 460
27 27 28 26 499
35 35 37 35 678
26 26 26 24 460
40 40 39 42 806
17 18 17 15 281
2 1 2 2 13
23 24 23 23 435
19 18 19 19 353
6 6 4 6 90
44 44 44 42 820
24 24 24 25 471
43 43 43 41 800
15 15 14 15 272
36 36 35 37 709
33 33 34 33 636
45 45 47 45 878
17 18 17 16 298
22 22 21 22 412
21 20 21 22 410
23 22 23 23 433
34 34 34 36 688
30 30 28 30 570
35 35 35 37 708
35 34 35 35 673
1 1 0 3 26
48 48 48 51 985
52 52 52 49 963
51 52 51 50 978
17 17 15 19 344
31 31 29 32 607
26 26 26 26 494
33 33 32 35 666
32 32 31 34 646
6 6 6 3 43
25 24 25 25 473
19 19 18 19 352
12 11 12 12 213
44 44 42 45 867
27 27 28 27 516
16 16 16 15 277
46 47 46 46 895
25 25 25 27 508
50 50 48 50 970
41 40 41 41 793
8 8 8 6 100
28 28 28 28 534
4 3 4 4 53
49 49 48 51 986
32 32 32 29 563
14 14 13 15 269
39 39 39 36 703
36 36 36 39 745
19 19 19 17 320
17 16 17 17 313
7 7 6 9 146
31 32 31 29 561
16 17 16 15 278
35 35 35 33 640
44 44 42 45 867
37 37 35 37 710
15 15 15 16 291
16 16 16 13 243
26 26 26 29 545
38 38 38 41 785
32 32 31 32 612
30 30 30 29 557
35 36 35 33 641
23 22 23 23 433
21 20 21 22 410
8 7 8 10 167
35 34 35 36 690
23 23 21 24 447
14 14 16 13 241
7 7 9 7 118
36 35 36 39 744
16 16 15 16 292
42 41 42 45 864
3 3 3 5 68
37 38 37 37 715
47 47 47 44 863
6 6 6 4 60
45 45 44 47 906
7 7 8 7 116
11 12 11 10 178
44 44 44 41 803
41 41 41 42 811
51 52 51 49 961
35 35 35 35 674
27 27 28 25 482
13 13 11 13 230
25 25 27 24 461
11 11 11 12 211
47 47 46 49 946
44 43 44 47 904
20 20 19 21 389
12 12 12 9 163
12 12 12 14 248
34 34 36 32 624
46 47 46 46 895
8 8 8 6 100
19 19 20 19 356
45 45 43 45 870
18 17 18 20 367
24 24 24 23 437
33 33 33 36 685
11 11 11 8 143
50 50 51 50 976
30 31 30 28 541
11 10 11 11 193
20 20 22 19 361
46 46 46 43 843
28 28 28 30 568
27 27 27 27 514
30 30 30 29 557
15 15 15 13 240
6 6 6 9 145
12 11 12 12 213
15 15 15 12 223
9 9 9 12 205
36 36 36 33 643
50 50 50 49 957
41 41 41 39 760
49 49 47 50 967
45 45 45 42 823
37 37 35 37 710
53 53 53 50 983
25 25 27 24 461
32 33 32 32 615
39 39 39 38 737
26 26 27 25 479
9 9 9 10 171
31 31 29 31 590
23 23 25 23 438
14 14 14 12 220
43 43 45 43 838
44 44 44 41 803
33 33 33 35 668
31 31 31 31 594
7 7 8 6 99
44 44 45 42 822
33 33 32 33 632
18 17 18 18 333
51 52 51 50 978
4 4 2 4 50
4 4 5 2 22
9 9 9 10 171
10 9 10 12 207
16 16 16 19 345
35 35 36 35 676
44 44 42 44 850
27 26 27 30 564
44 43 44 46 887
30 30 31 28 542
36 36 36 35 677
20 20 20 17 323
19 19 19 21 388
24 24 24 25 471
20 20 20 22 408
51 51 52 49 962
33 33 33 30 583
36 37 36 36 695
31 31 31 28 543
25 25 23 26 487
14 14 14 12 220
39 39 39 38 737
24 24 26 24 458
26 26 26 29 545
5 5 5 2 23
11 11 10 12 209
27 27 27 25 480
0 0 0 3 25
42 42 44 42 818
5 6 5 3 41
13 13 13 11 200
20 20 20 21 391
53 54 53 50 984
41 41 40 41 792
19 19 19 21 388
32 32 32 30 580
34 33 34 37 704
52 53 52 50 981
5 5 5 2 23
32 32 33 30 582
34 33 34 34 653
11 12 11 10 178
2 2 1 2 12
17 17 17 19 348
40 40 39 42 806
40 40 40 38 740
31 31 31 34 645
23 24 23 23 435
46 46 48 46 898
24 24 24 24 454
37 38 37 37 715
22 22 23 20 382
31 31 31 34 645
50 50 51 48 942
8 8 8 11 185
9 9 8 10 169
2 3 2 2 15
21 21 23 20 381
39 39 39 38 737
11 11 10 13 226
13 13 13 14 251
36 36 36 34 660
31 31 31 30 577
32 32 33 30 582
16 16 15 16 292
9 10 9 9 155
40 40 40 43 825
38 38 40 36 704
38 38 39 37 719
42 41 42 43 830
23 23 24 23 436
25 26 25 25 475
7 7 6 8 129
9 9 7 9 150
12 12 12 11 197
20 20 18 21 387
25 26 25 25 475
29 29 29 26 503
