1000 359049
37 37 37 40 294
40 40 40 37 562
72 71 72 72 942
45 45 46 45 715
13 13 13 13 73
31 32 31 29 90
39 39 39 39 593
27 27 28 27 355
16 17 16 13 83
58 58 58 57 956
10 10 9 11 28
51 51 51 49 799
25 25 27 25 317
38 38 40 37 560
24 24 23 25 308
60 60 58 60 699
69 70 69 68 867
74 74 74 73 966
30 30 30 31 430
33 33 33 34 490
54 54 54 55 600
34 33 34 36 216
42 42 43 41 638
20 21 20 20 214
55 56 55 53 880
44 44 42 45 396
47 47 48 47 755
31 31 30 31 431
23 23 23 21 239
60 60 61 60 705
53 52 53 54 889
54 55 54 52 860
20 20 22 19 200
15 15 13 15 109
34 35 34 34 494
56 56 56 57 950
28 28 28 25 322
45 45 45 43 679
33 33 34 33 475
54 54 53 56 615
33 34 33 32 457
26 26 25 26 331
31 31 31 28 382
25 25 25 25 313
37 37 37 34 502
38 38 38 37 246
37 38 37 37 554
61 61 62 60 708
59 59 59 58 976
51 51 49 51 519
53 53 53 52 856
47 47 47 46 736
25 25 25 27 347
23 23 23 21 239
55 55 55 58 964
22 22 24 22 257
25 24 25 27 36
57 57 58 57 955
37 38 37 37 554
21 21 19 23 263
32 33 32 31 437
33 33 31 35 503
23 22 23 26 323
71 71 72 69 891
37 37 37 34 502
72 72 70 72 939
9 8 9 12 43
55 55 53 56 926
56 56 55 56 931
19 19 21 17 163
29 29 29 27 359
34 34 32 35 506
28 28 28 30 407
33 32 33 33 162
31 31 32 30 108
35 35 35 36 530
19 19 19 19 193
58 58 58 57 956
23 23 24 21 241
44 44 45 44 695
17 17 17 16 136
56 56 56 58 967
40 40 40 40 303
29 29 29 27 359
72 72 72 70 909
36 36 35 38 565
57 57 56 59 985
37 37 36 38 568
68 68 68 67 846
53 53 51 53 869
15 15 16 15 115
48 48 47 50 805
34 34 34 37 544
38 38 36 39 586
43 44 43 43 674
23 22 23 24 289
19 19 19 21 227
37 37 37 40 294
50 50 49 52 845
9 9 8 11 25
46 46 44 47 746
35 36 35 35 204
47 47 47 45 719
31 31 29 32 446
14 14 12 14 89
54 54 52 54 889
35 35 34 37 545
36 36 37 36 535
56 56 58 55 920
33 33 34 33 165
28 28 28 25 12
36 35 36 36 532
62 62 62 64 777
26 26 26 24 299
17 17 19 16 140
34 34 34 31 442
59 59 59 57 959
25 25 24 26 18
26 26 26 25 316
50 51 50 50 814
52 52 52 49 802
42 42 44 40 623
26 26 27 24 301
57 57 58 57 645
49 49 49 52 844
28 28 28 30 407
58 58 58 57 956
26 26 26 24 299
42 42 41 43 668
18 18 20 17 160
53 54 53 50 823
43 43 43 46 724
36 36 36 33 482
26 25 26 26 332
29 29 29 31 427
38 38 38 36 539
33 33 32 35 505
19 19 19 16 142
34 34 35 33 478
54 54 54 52 549
55 55 56 54 898
44 44 46 43 680
17 16 17 20 203
48 48 50 47 450
10 10 10 13 64
44 44 45 42 661
48 48 48 45 722
57 57 55 57 949
43 43 43 42 656
50 50 51 48 471
33 33 33 31 439
66 66 66 67 840
56 55 56 56 932
47 46 47 47 752
74 74 75 72 951
50 50 50 49 796
10 10 9 11 28
52 52 52 55 904
17 17 18 17 155
10 11 10 10 14
44 44 45 44 695
49 49 47 50 806
45 45 46 45 405
32 32 32 33 470
41 42 41 41 634
65 65 65 64 786
47 47 48 45 411
31 31 32 30 108
24 25 24 22 260
12 13 12 10 20
12 13 12 10 20
25 25 26 24 298
14 14 13 16 125
48 48 48 46 739
35 34 35 36 529
42 42 43 41 638
68 68 67 68 861
29 29 29 31 427
39 39 39 40 300
38 38 38 40 607
68 68 68 67 846
17 17 18 15 121
58 58 58 58 663
28 28 28 30 407
31 32 31 31 434
26 26 28 25 320
48 47 48 48 462
44 44 44 46 727
55 55 55 54 896
52 52 52 54 887
50 50 50 51 830
27 27 27 30 404
21 21 21 18 182
70 70 71 69 888
28 28 27 28 371
27 27 28 27 355
54 54 54 57 944
53 53 53 55 907
32 32 32 30 419
59 59 59 58 666
29 29 28 31 425
24 24 24 22 259
41 40 41 41 632
20 20 22 20 217
41 41 42 39 601
57 57 56 58 968
25 24 25 27 346
28 28 28 25 12
55 56 55 55 914
50 49 50 50 812
65 65 65 64 786
43 43 43 45 707
18 18 18 15 122
30 30 29 31 428
53 53 54 51 841
17 16 17 20 203
72 72 72 70 909
48 47 48 48 772
42 42 40 42 339
41 41 41 42 650
27 27 28 27 355
54 54 56 53 880
24 24 23 25 308
24 24 24 24 293
14 13 14 17 143
34 34 34 31 132
58 58 60 58 977
23 23 21 24 286
35 34 35 38 563
30 30 29 32 445
11 11 12 9 1
56 56 55 58 965
23 24 23 23 274
23 23 22 25 305
40 41 40 38 580
26 26 25 26 331
33 32 33 33 472
41 41 39 41 629
56 56 55 58 965
23 23 21 24 286
34 33 34 35 509
57 57 55 59 983
28 28 28 25 12
18 17 18 18 172
42 42 43 42 655
36 36 36 36 533
31 31 32 29 401
32 32 30 32 449
21 21 22 21 235
43 43 45 41 643
13 13 11 14 86
62 62 64 62 747
11 10 11 11 32
51 52 51 50 817
13 13 15 13 77
25 25 25 28 364
34 34 33 34 491
56 57 56 55 917
19 19 21 19 197
50 50 49 52 845
18 18 18 18 173
34 34 36 32 463
53 53 54 53 875
46 46 48 44 393
51 51 50 53 865
40 40 40 37 252
57 57 56 59 675
54 53 54 54 582
47 47 47 48 770
60 60 62 59 1000
29 29 29 30 410
13 13 13 16 124
29 29 28 31 425
53 53 53 51 839
39 40 39 38 577
32 32 32 31 436
34 34 35 32 461
20 20 20 19 196
30 30 29 32 445
57 57 56 58 968
57 57 58 56 938
47 46 47 48 769
9 9 9 12 44
59 59 59 58 976
42 42 42 43 670
21 21 19 21 229
35 35 37 35 517
64 64 64 61 732
9 9 9 12 44
22 22 22 19 202
55 55 53 56 926
54 55 54 52 860
16 16 16 16 133
39 39 39 39 593
43 44 43 41 640
40 40 39 41 628
23 23 23 22 256
52 52 54 52 857
25 24 25 26 329
60 60 60 57 962
43 44 43 41 640
44 44 46 44 387
51 52 51 50 817
27 27 28 27 45
28 28 27 29 388
19 19 19 18 176
24 24 25 24 295
56 56 54 57 636
36 36 37 36 225
40 40 39 41 628
16 16 17 14 101
56 56 57 54 901
14 14 14 12 59
57 57 57 55 609
58 58 58 55 922
39 39 39 37 559
55 56 55 55 914
24 24 26 23 280
54 54 53 56 615
18 19 18 17 157
26 27 26 26 24
71 71 72 69 891
23 24 23 23 274
33 33 31 33 159
28 28 30 28 377
23 22 23 24 289
51 51 53 50 510
27 27 27 25 319
56 56 55 56 931
50 50 48 51 826
74 74 75 72 951
29 29 30 29 395
67 67 67 64 792
30 30 29 31 428
48 49 48 46 740
45 45 45 48 764
33 33 34 33 475
44 44 46 43 680
34 34 34 31 132
16 16 16 16 133
41 41 39 42 336
16 16 18 14 103
10 10 10 13 64
34 34 36 32 153
19 19 21 19 197
58 58 57 59 678
25 25 23 27 343
45 45 44 47 745
61 61 62 59 1001
55 55 55 57 947
42 42 42 45 704
25 25 26 24 298
52 52 53 50 821
27 27 28 27 355
28 29 28 26 30
43 43 41 44 686
55 55 55 55 913
27 26 27 29 386
36 36 36 34 499
41 42 41 41 634
57 57 57 57 953
44 44 45 42 661
40 40 40 43 354
36 36 36 36 533
34 34 34 31 132
44 43 44 44 692
23 23 21 23 269
15 15 14 16 128
9 9 9 12 44
39 39 40 39 595
63 63 62 65 795
52 52 51 52 851
53 54 53 50 513
35 35 34 37 545
28 28 28 31 114
51 52 51 50 817
23 23 22 23 271
26 27 26 26 24
53 54 53 53 874
48 48 48 48 773
52 52 52 54 887
10 10 10 10 13
49 49 49 46 742
33 32 33 33 162
58 58 56 59 986
61 61 61 58 982
9 9 8 10 8
33 33 32 34 488
58 58 57 58 971
30 29 30 30 412
31 31 31 34 484
18 18 18 21 224
42 42 42 39 602
31 31 30 32 448
20 19 20 20 212
40 41 40 38 270
47 47 48 45 721
24 24 24 24 293
19 19 19 21 227
39 40 39 38 577
30 31 30 28 380
76 76 76 73 972
37 37 36 38 568
47 48 47 47 754
40 40 40 37 562
63 62 63 63 762
30 30 30 28 379
71 72 71 71 924
48 48 48 45 722
40 40 39 41 318
36 36 36 34 499
17 17 15 18 166
60 60 60 57 962
20 21 20 20 214
20 20 21 20 215
54 54 54 54 893
26 26 25 28 365
16 17 16 16 134
31 31 31 33 467
10 10 10 13 64
13 13 12 14 88
53 53 51 53 869
34 34 36 32 153
42 42 42 40 619
57 57 57 58 970
12 12 11 14 85
52 52 51 52 851
68 67 68 69 879
51 51 51 49 799
27 27 27 25 319
51 51 49 51 519
44 43 44 45 709
28 28 28 28 63
58 58 58 58 973
49 49 50 48 778
43 43 45 41 643
56 56 55 56 931
52 53 52 49 803
12 12 12 10 19
34 34 33 35 198
38 38 36 39 586
61 61 61 61 723
38 39 38 38 574
39 39 40 39 595
14 13 14 17 143
17 17 15 18 166
30 30 31 30 415
32 32 32 31 436
59 59 57 60 696
53 52 53 54 579
17 18 17 16 137
26 26 27 26 335
49 49 49 48 776
48 48 46 48 769
14 14 13 16 125
66 66 64 66 819
35 35 34 35 201
36 36 36 37 550
47 48 47 47 444
24 24 26 23 280
23 23 22 23 271
23 23 23 22 256
31 31 31 34 484
65 65 66 63 771
35 35 34 35 511
55 55 55 57 947
24 24 24 27 344
56 56 57 54 901
43 43 44 41 641
60 60 61 59 998
37 38 37 35 520
53 54 53 50 823
24 23 24 24 292
32 33 32 31 437
37 38 37 35 210
22 22 22 25 304
26 27 26 26 334
29 29 30 29 395
59 60 59 59 994
17 17 16 19 185
29 29 29 28 66
41 42 41 40 617
10 9 10 11 29
56 56 56 55 606
50 50 48 50 809
28 28 28 30 407
53 53 53 55 907
56 57 56 56 934
55 56 55 53 880
71 70 71 72 939
40 40 39 40 611
18 18 18 18 173
58 58 58 55 922
17 17 17 16 136
40 40 41 38 581
56 55 56 59 983
29 29 27 30 406
22 22 22 19 202
44 44 46 43 680
17 17 18 17 155
64 64 65 63 768
33 33 31 33 469
22 22 20 23 266
48 48 50 47 450
57 56 57 57 642
73 73 74 72 948
41 41 41 40 306
48 48 48 51 824
25 25 25 22 262
34 35 34 34 494
59 59 59 57 959
42 42 41 43 668
35 35 35 37 237
16 16 18 14 103
25 25 27 25 317
73 73 73 70 912
55 55 57 53 883
24 24 25 24 295
33 33 33 30 422
54 54 54 54 893
58 58 57 59 988
70 70 70 67 852
50 50 48 50 809
50 50 48 51 826
45 44 45 45 712
54 54 53 55 908
56 56 56 54 899
38 38 37 38 571
34 34 32 36 523
26 26 24 26 329
37 37 37 34 502
42 42 42 40 309
23 22 23 23 272
23 23 23 21 239
18 18 19 17 158
24 24 24 24 293
22 22 22 24 287
48 48 50 47 450
50 50 51 50 815
16 16 16 13 82
13 13 15 13 77
56 56 57 56 935
13 13 14 11 41
16 16 17 14 101
10 9 10 12 46
40 40 40 43 354
69 68 69 72 933
18 18 19 18 175
51 51 50 53 865
32 33 32 32 454
40 40 39 41 628
14 14 15 14 95
48 48 48 46 739
27 27 27 25 319
30 30 30 33 464
36 36 36 39 584
44 44 44 46 417
48 48 48 49 790
40 40 40 37 252
64 64 64 61 732
69 68 69 72 933
38 38 36 39 586
53 53 54 51 531
63 63 63 61 729
64 64 66 62 753
13 13 13 12 56
65 65 63 66 816
46 46 46 49 784
69 70 69 68 867
47 47 49 47 447
21 21 21 19 199
59 59 60 59 995
46 46 45 47 748
30 30 29 32 135
35 36 35 35 514
22 22 23 20 221
37 37 38 36 538
42 42 43 41 638
28 28 29 26 341
35 34 35 36 529
50 50 48 51 826
65 65 65 64 786
25 25 26 23 281
39 40 39 38 267
45 45 45 42 662
23 23 22 25 305
35 35 37 35 517
31 31 32 29 401
52 52 52 49 492
42 42 40 42 649
11 11 12 9 1
42 42 42 40 619
45 44 45 45 402
60 60 60 57 962
43 43 45 41 333
32 32 30 32 449
59 60 59 59 684
55 55 54 56 928
12 12 12 13 70
46 46 48 46 737
36 36 36 34 189
56 56 55 58 965
40 40 41 39 288
21 22 21 19 200
59 60 59 59 994
43 43 45 41 643
39 39 40 39 595
24 24 24 21 242
38 39 38 38 574
42 42 42 42 653
30 30 31 30 105
25 25 24 25 311
25 25 25 22 262
27 26 27 30 403
29 30 29 29 394
67 67 69 65 813
24 24 25 23 278
43 43 43 43 673
61 61 62 59 1001
45 44 45 45 712
62 62 61 62 741
67 67 68 66 828
14 14 12 14 89
47 47 45 48 766
10 10 10 13 64
52 52 51 53 868
13 13 12 13 71
65 65 65 64 786
19 19 19 18 176
18 18 18 19 190
45 45 45 42 662
31 31 30 32 448
14 15 14 14 94
66 66 65 68 855
29 29 27 29 389
45 45 47 44 700
9 9 9 10 10
17 16 17 20 203
15 15 14 17 145
51 51 50 52 848
44 44 45 44 695
57 57 57 58 970
17 17 16 17 151
24 25 24 22 260
54 55 54 52 860
47 47 47 49 477
15 15 13 15 109
72 72 73 72 945
14 14 14 15 110
36 36 37 35 518
13 13 11 14 86
71 72 71 68 873
59 60 59 59 684
17 17 18 15 121
16 16 17 15 118
72 72 72 70 909
62 62 64 62 747
52 52 51 53 868
22 23 22 22 254
57 58 57 56 937
53 53 52 53 561
50 50 51 48 781
16 16 16 18 167
16 16 16 18 167
44 44 44 43 676
35 34 35 36 529
55 56 55 55 914
53 53 53 54 890
35 36 35 34 497
58 58 56 59 986
33 33 34 32 458
40 40 40 40 613
39 39 39 36 542
9 9 9 10 10
11 11 11 10 16
44 44 43 46 725
13 13 13 16 124
58 58 59 56 941
51 51 50 53 555
40 40 39 40 611
32 33 32 32 454
37 37 38 36 538
34 34 36 32 463
15 15 16 15 115
68 68 68 70 897
49 49 49 52 534
19 19 21 17 163
18 18 18 16 139
12 12 12 15 104
29 29 27 29 389
59 59 61 58 980
71 72 71 71 924
44 43 44 44 692
45 45 47 44 700
50 51 50 50 814
44 44 44 46 727
66 66 66 67 840
37 37 36 38 258
25 24 25 26 329
27 27 26 28 368
38 39 38 37 557
32 33 32 32 144
37 37 38 36 538
44 44 44 46 727
38 39 38 38 574
37 37 35 39 583
11 12 11 11 34
59 59 59 61 717
37 37 37 36 536
55 55 56 53 881
20 19 20 20 212
52 52 52 49 802
57 57 57 58 970
61 61 62 59 1001
50 50 51 48 781
41 41 41 39 599
58 58 58 57 956
35 35 34 35 201
67 67 69 65 813
71 71 71 70 906
39 39 38 40 608
41 41 41 39 599
34 34 32 36 523
24 24 23 26 325
25 25 26 24 298
36 36 35 38 565
67 68 67 65 810
38 38 38 37 556
49 49 49 52 844
33 33 34 33 165
20 20 19 22 245
34 34 36 32 153
39 39 39 37 559
36 36 36 39 584
44 44 46 43 680
49 49 49 49 793
46 46 46 43 682
64 65 64 62 750
56 56 54 57 636
50 50 50 52 847
20 20 22 19 200
25 26 25 25 314
42 42 41 44 685
47 47 46 49 785
42 42 43 41 638
38 38 39 36 231
47 47 47 48 770
25 25 25 22 262
47 46 47 47 752
31 32 31 29 400
13 13 14 12 58
53 53 51 53 869
10 10 10 10 13
42 42 41 44 685
21 20 21 21 232
62 62 61 62 741
35 35 35 36 530
53 53 54 51 841
16 16 17 14 101
14 14 13 16 125
16 16 15 16 131
39 38 39 42 643
47 47 48 47 755
43 44 43 43 674
14 14 14 13 76
19 19 19 21 227
42 42 43 41 638
31 31 31 33 467
27 27 27 24 302
23 23 22 25 305
52 52 51 53 868
54 54 52 54 889
50 50 49 50 501
56 56 54 57 946
26 26 25 26 331
38 38 39 36 541
45 45 44 46 728
51 52 51 50 507
41 41 42 39 291
58 58 57 58 971
21 21 21 22 250
61 61 60 62 738
28 28 29 26 341
54 53 54 54 892
46 46 48 46 737
48 48 48 49 480
58 58 57 59 678
42 42 41 43 668
33 33 31 33 469
24 24 23 26 15
28 28 28 31 424
30 30 28 30 409
29 28 29 29 392
45 45 45 43 369
21 21 19 23 263
38 38 39 36 541
21 21 21 21 233
39 39 37 41 623
11 11 13 11 37
17 17 16 17 151
50 50 51 48 781
47 48 47 47 754
59 59 58 59 681
50 50 48 51 516
46 46 48 46 737
35 36 35 34 497
25 25 25 27 347
40 40 40 37 562
27 27 27 24 302
40 40 41 38 581
29 29 28 31 425
46 46 47 44 701
8 8 7 10 5
58 58 58 55 612
36 36 37 36 535
33 33 33 30 422
44 44 44 43 676
58 58 56 59 986
41 41 43 41 637
10 10 10 12 47
66 66 66 67 840
49 49 50 48 778
24 24 24 21 242
57 57 55 59 983
45 45 45 48 764
70 70 70 70 903
61 61 62 60 708
11 12 11 11 34
34 34 34 33 476
48 48 49 47 758
18 18 19 18 175
57 57 57 55 609
49 49 47 50 806
55 55 56 53 881
55 56 55 53 880
20 21 20 20 214
26 26 27 24 301
41 41 43 41 637
12 12 13 12 55
38 38 37 40 605
26 26 26 25 6
55 55 55 58 964
26 26 26 25 316
51 52 51 49 800
32 32 32 33 470
39 38 39 39 592
38 38 37 38 261
26 25 26 26 332
12 12 13 12 55
47 47 46 49 785
34 34 33 35 508
39 38 39 39 592
74 74 76 74 987
71 72 71 71 924
16 17 16 14 100
22 22 24 22 257
17 17 17 18 170
25 25 26 24 298
23 23 24 21 241
49 49 47 50 806
30 29 30 30 412
24 24 23 26 325
50 50 49 52 845
14 14 12 14 89
22 22 24 22 257
37 37 38 35 521
35 34 35 36 529
49 49 50 48 778
70 70 70 73 954
59 59 58 59 991
57 57 58 57 955
25 24 25 26 329
27 27 25 27 39
15 15 15 16 130
40 40 41 39 288
42 42 40 42 339
33 33 33 36 524
54 54 54 51 842
41 41 41 40 616
36 36 35 38 255
34 34 34 34 493
38 38 36 39 276
17 16 17 20 203
59 58 59 59 992
72 72 73 72 945
54 54 54 54 893
13 13 13 12 56
12 13 12 10 20
50 49 50 50 812
52 52 53 50 821
42 42 40 42 339
46 46 44 47 746
32 31 32 32 452
30 30 29 31 428
35 36 35 32 463
32 32 32 34 177
52 52 52 49 802
48 48 48 46 429
47 47 47 49 477
58 58 59 57 958
22 23 22 22 254
33 33 33 34 180
22 22 22 21 236
35 35 36 33 481
71 71 71 70 906
29 28 29 29 392
46 46 45 46 731
57 57 55 57 949
15 15 15 12 62
60 60 60 61 720
49 49 49 48 776
55 55 54 55 911
44 44 43 46 725
51 52 51 49 800
54 54 54 55 910
18 18 19 17 158
21 21 21 21 233
16 17 16 14 100
37 37 37 37 243
47 47 46 47 441
51 50 51 51 832
43 43 44 42 658
35 35 34 35 511
27 27 27 24 302
55 55 55 57 947
15 15 15 15 113
33 33 34 33 165
40 41 40 38 580
8 8 8 10 7
53 53 53 52 546
23 23 23 24 290
37 37 38 36 538
50 50 48 51 826
55 55 55 54 896
26 26 26 27 350
25 25 25 25 3
41 41 41 43 667
25 25 25 25 313
35 34 35 36 219
55 55 55 54 896
46 46 46 43 372
52 53 52 50 820
35 35 35 37 237
52 52 51 52 851
14 15 14 14 94
49 49 49 52 844
29 29 31 29 397
54 54 53 56 925
29 29 29 31 117
41 41 41 39 599
7 7 7 10 4
46 46 46 43 682
37 37 35 38 566
39 40 39 38 577
42 42 40 42 339
47 47 45 47 749
43 43 45 41 643
26 26 25 26 21
26 26 26 28 57
29 29 29 31 427
60 60 59 62 735
52 52 52 49 802
28 28 28 28 373
19 18 19 20 209
42 42 42 42 653
42 41 42 42 652
13 13 14 11 41
23 22 23 24 289
15 15 15 16 130
45 45 46 44 698
74 74 72 75 996
47 47 46 49 785
49 49 48 50 498
51 51 51 49 799
58 58 56 59 986
33 33 32 35 505
47 47 47 46 736
27 27 27 24 302
29 29 29 28 376
31 32 31 31 434
71 71 73 71 927
26 26 26 25 316
66 66 65 68 855
48 48 48 49 790
21 21 21 19 199
49 49 49 48 776
13 13 13 10 22
13 13 14 12 58
13 13 13 16 124
16 16 17 15 118
46 46 46 48 767
25 25 23 27 343
23 23 25 23 277
35 34 35 36 529
49 50 49 49 794
58 58 57 58 971
26 26 25 28 365
37 37 35 38 566
42 42 40 42 339
56 57 56 55 917
