1000 363759
32 32 32 30 112
68 68 66 70 896
43 43 45 41 336
26 26 25 27 490
33 33 32 35 647
47 47 45 47 891
72 72 72 70 912
38 38 37 38 264
29 29 29 26 484
29 29 30 29 537
56 56 55 56 624
44 44 44 42 352
50 51 50 47 456
23 23 23 23 415
70 70 69 70 904
47 47 47 49 480
41 41 43 40 762
30 30 30 28 72
18 17 18 19 331
52 52 52 50 512
33 33 31 34 628
68 68 68 66 832
63 63 64 63 768
68 68 68 66 832
26 26 26 24 441
20 20 19 20 353
36 37 36 33 625
34 34 34 32 152
69 69 69 71 920
47 47 49 45 416
1 0 1 4 25
37 37 37 39 280
34 34 35 33 620
27 26 27 30 96
16 16 15 18 307
27 27 28 27 48
67 67 69 65 816
27 27 28 27 497
66 66 65 66 824
52 52 52 50 512
33 33 34 33 168
68 68 66 70 896
32 32 32 33 612
37 37 37 39 280
20 19 20 20 354
47 47 47 49 480
52 52 54 52 999
59 59 61 57 656
40 40 41 39 740
27 27 28 27 48
28 28 28 26 32
5 5 7 4 42
18 18 18 21 366
26 25 26 26 474
21 21 21 20 358
32 32 31 33 610
59 59 60 59 688
37 37 37 40 746
55 55 56 55 608
49 49 47 50 948
74 74 74 72 952
17 16 17 17 294
17 17 16 17 293
36 36 36 37 692
18 18 18 16 281
40 40 39 40 304
58 58 57 58 664
24 24 23 25 450
49 49 50 49 488
26 26 25 26 24
24 24 25 22 403
38 38 36 40 296
7 7 7 7 95
41 41 41 43 360
37 37 37 39 280
65 65 66 65 808
46 46 46 44 392
25 24 25 28 56
72 72 71 72 944
61 61 62 61 728
58 58 57 58 664
37 37 36 39 727
27 26 27 30 96
35 34 35 38 256
43 43 44 43 368
67 66 67 70 896
62 62 61 62 744
34 34 32 36 216
46 46 45 46 424
41 41 42 41 328
66 66 65 66 824
29 29 30 29 88
57 57 58 57 648
72 72 70 74 976
27 26 27 30 96
50 51 50 47 456
55 55 55 57 640
18 18 18 16 281
46 46 45 46 424
71 71 72 71 928
37 37 37 39 280
33 33 34 33 168
41 41 40 41 773
62 62 62 60 712
37 37 37 39 280
32 32 32 30 112
29 29 30 29 88
62 62 61 62 744
39 39 39 41 320
25 25 25 27 40
42 42 42 40 312
64 64 63 64 784
27 27 27 29 529
29 29 31 27 56
11 10 11 12 191
10 9 10 12 188
35 35 35 33 621
27 27 27 29 80
26 26 26 24 441
61 60 61 64 776
51 51 51 48 924
23 23 22 24 430
11 11 11 13 209
28 28 28 26 32
27 26 27 30 96
44 44 44 46 869
73 73 74 73 968
59 59 59 61 720
44 44 43 44 384
45 45 47 43 376
29 29 29 31 569
39 39 39 41 320
45 45 47 43 376
33 33 33 35 200
33 33 35 31 136
36 36 36 34 641
10 10 10 10 155
73 73 74 73 968
34 33 34 36 668
37 37 37 34 644
50 51 50 47 456
32 31 32 32 594
34 34 32 36 216
17 17 17 20 346
53 53 54 53 568
45 45 46 45 408
30 30 29 30 104
26 26 25 26 24
59 58 59 62 736
47 47 47 47 895
35 36 35 33 622
28 28 27 30 547
38 38 38 36 232
35 35 35 37 689
13 13 12 15 247
63 63 64 63 768
68 68 68 66 832
5 5 3 7 85
37 37 38 37 697
19 19 18 19 333
46 46 45 46 424
5 5 5 3 21
43 43 43 45 400
32 32 31 32 144
15 15 16 15 257
60 60 59 60 704
33 33 34 31 583
41 42 41 38 725
52 52 51 52 544
50 50 49 50 504
69 69 69 71 920
58 58 58 56 632
50 50 50 48 472
26 26 25 26 24
62 62 61 62 744
2 2 2 5 46
27 26 27 30 96
25 25 25 24 438
11 11 12 11 177
54 54 54 52 552
60 60 59 60 704
26 26 25 26 24
60 60 60 58 672
9 9 8 10 150
50 50 51 49 940
33 33 33 35 200
43 43 44 43 368
24 24 24 24 435
9 9 8 10 150
64 64 63 64 784
44 44 43 44 384
50 51 50 47 456
38 38 38 36 232
55 54 55 58 656
59 59 60 59 688
71 71 72 71 928
40 40 40 38 272
33 33 33 35 200
50 50 49 50 504
16 17 16 13 225
11 11 12 9 143
42 42 41 42 344
60 60 60 58 672
39 38 39 42 336
27 27 27 24 444
57 56 57 60 696
59 59 59 61 720
42 42 41 42 344
50 50 50 48 472
67 67 69 65 816
39 39 39 41 320
50 50 49 50 504
37 37 36 38 710
49 48 49 52 536
37 37 37 35 661
37 37 37 39 280
44 44 44 45 852
68 68 68 66 832
23 23 23 25 0
48 48 47 48 464
36 36 36 35 658
30 30 30 28 72
39 39 39 41 320
31 31 31 33 160
49 49 49 51 520
33 33 33 35 200
32 32 31 33 610
61 61 61 63 760
26 26 25 26 24
48 48 48 46 432
59 58 59 62 736
32 32 31 32 144
68 68 67 68 864
34 34 32 36 216
32 32 31 33 610
63 63 64 63 768
48 48 47 48 464
67 67 68 67 848
40 40 40 38 272
19 19 17 20 348
50 50 50 48 472
33 33 34 33 168
70 70 70 68 872
35 34 35 38 256
7 8 7 6 79
43 43 44 43 817
50 51 50 47 456
42 42 41 42 344
66 66 65 66 824
70 70 69 70 904
38 38 38 41 766
34 34 34 32 152
40 40 40 38 272
43 43 45 41 336
10 9 10 10 154
52 52 51 52 544
4 4 3 5 50
72 72 72 70 912
29 29 31 27 56
13 13 13 13 215
42 42 42 40 312
61 60 61 64 776
69 69 69 71 920
61 60 61 64 776
33 33 34 33 168
60 60 60 58 672
69 68 69 72 936
16 17 16 14 242
26 26 25 26 24
48 47 48 48 914
7 7 7 5 61
61 61 62 61 728
62 62 61 62 744
33 33 31 33 611
21 21 19 22 388
49 49 50 49 488
60 60 60 58 672
72 72 72 70 912
14 14 14 16 269
66 66 65 66 824
39 38 39 42 336
8 7 8 9 131
49 49 48 51 967
50 50 50 50 955
25 24 25 28 56
37 37 37 34 644
60 60 58 62 736
76 76 76 74 992
43 43 44 43 368
42 42 42 40 312
21 21 23 20 362
57 57 58 57 648
58 58 58 56 632
63 63 64 63 768
25 25 26 25 8
36 36 35 36 224
39 39 39 41 320
46 46 46 49 926
12 12 11 13 210
44 44 46 42 805
36 37 36 33 176
37 37 35 37 691
68 68 68 66 832
53 53 53 55 600
43 43 43 45 400
53 53 53 50 964
62 62 61 62 744
66 66 66 64 792
71 71 72 71 928
43 43 45 41 336
9 9 10 9 137
18 18 18 16 281
66 66 66 64 792
26 26 27 25 460
35 34 35 38 256
52 53 52 49 945
61 61 62 61 728
71 70 71 74 976
72 72 71 72 944
13 12 13 13 214
27 27 29 27 499
43 43 43 41 781
49 49 47 49 931
32 32 31 32 144
56 56 56 54 592
23 22 23 26 16
27 27 28 27 48
26 26 25 26 24
56 56 56 54 592
50 51 50 47 456
29 29 30 29 88
49 49 48 51 967
70 71 70 67 856
65 65 65 67 840
49 49 49 49 935
66 66 65 66 824
68 68 68 66 832
58 58 58 56 632
29 29 29 31 120
58 58 58 56 632
43 43 45 41 336
49 49 50 49 488
55 55 56 55 608
67 67 69 65 816
57 57 58 57 648
69 69 70 69 888
50 50 49 50 504
11 11 10 12 190
53 53 53 55 600
67 67 67 69 880
60 60 59 60 704
70 70 70 68 872
40 40 39 40 304
27 27 27 27 495
24 24 25 22 403
41 41 41 43 360
67 67 68 67 848
71 71 72 71 928
23 22 23 23 414
68 68 66 70 896
19 18 19 19 334
27 27 27 26 478
26 26 24 26 471
19 19 19 17 301
61 61 61 63 760
64 64 63 64 784
10 9 10 10 154
16 16 18 14 245
20 20 21 20 357
53 53 53 52 998
42 42 42 40 312
72 72 70 74 976
34 35 34 32 602
49 49 50 49 488
37 37 38 37 248
60 60 59 60 704
14 15 14 14 236
39 39 38 39 733
38 38 37 38 264
29 30 29 28 519
8 8 8 7 98
48 48 50 48 919
42 42 42 40 312
29 29 27 29 531
66 66 65 66 824
38 38 38 36 232
57 57 59 55 616
33 33 35 31 585
72 72 70 74 976
46 46 46 44 392
50 50 51 49 940
23 23 21 24 428
30 30 29 30 104
44 44 44 42 352
32 32 32 32 595
17 17 17 16 278
25 25 25 27 40
27 27 26 27 493
74 74 73 74 984
69 69 69 71 920
51 51 52 51 977
1 1 0 3 7
33 32 33 36 216
51 51 52 51 528
59 59 60 59 688
41 41 40 42 790
57 57 58 57 648
39 39 41 37 705
12 12 13 11 180
31 31 31 33 160
59 59 61 57 656
72 72 71 72 944
45 45 46 45 408
30 30 30 32 589
34 34 34 32 152
51 51 51 53 560
54 54 53 54 584
24 25 24 22 402
52 52 51 52 544
40 41 40 38 722
52 53 52 49 496
36 36 35 36 224
56 56 56 54 592
52 52 52 50 512
58 58 57 58 664
72 72 72 70 912
57 57 57 59 680
58 59 58 55 616
51 51 51 51 975
6 6 7 5 60
25 25 26 25 8
41 41 41 40 758
26 26 28 26 479
2 2 2 5 46
61 60 61 64 776
48 48 48 46 432
52 52 54 51 982
47 47 47 49 480
50 50 49 51 970
39 39 39 41 769
40 40 40 38 272
63 63 63 65 800
48 48 48 46 432
33 33 33 36 666
33 33 35 31 136
29 29 29 31 120
64 64 63 64 784
67 67 67 69 880
28 28 27 28 64
63 63 64 63 768
27 27 28 27 48
31 31 31 33 160
6 6 8 6 79
58 58 57 58 664
64 64 62 66 816
31 32 31 29 542
42 42 42 40 761
60 60 59 60 704
38 38 38 36 232
68 68 66 70 896
53 53 53 55 600
55 55 56 55 608
30 30 30 28 72
6 6 6 6 75
16 16 16 17 292
57 57 57 59 680
23 22 23 26 16
5 5 4 6 70
44 44 43 44 384
33 33 35 31 136
27 26 27 30 96
60 60 60 58 672
66 66 66 64 792
25 24 25 26 471
57 57 57 59 680
34 34 33 34 184
36 36 36 38 709
53 53 55 51 536
30 30 30 28 72
38 38 38 36 232
1 1 0 3 7
34 35 34 32 602
29 29 31 27 56
65 64 65 68 856
66 66 66 64 792
57 57 58 57 648
45 45 45 47 440
34 34 34 32 152
62 63 62 59 696
52 52 53 50 963
27 26 27 30 96
5 5 5 4 38
40 40 40 38 272
51 51 51 53 560
20 20 20 18 321
50 50 51 48 923
72 72 72 70 912
64 65 64 61 736
39 39 40 39 288
48 48 48 46 432
51 51 52 51 528
55 55 55 57 640
45 45 44 47 887
30 30 31 30 557
5 4 5 5 54
74 74 73 74 984
11 11 13 11 179
25 24 25 28 56
32 32 32 30 112
73 73 74 73 968
65 65 66 65 808
68 68 66 70 896
45 45 45 47 440
56 56 55 56 624
42 42 43 42 797
56 56 56 54 592
53 53 54 53 568
31 31 30 33 607
46 46 45 46 424
64 64 64 62 752
53 53 54 51 983
27 27 28 27 48
33 33 33 35 200
40 40 40 38 272
42 42 42 43 812
35 35 35 37 240
69 69 70 69 888
30 30 30 28 72
63 62 63 66 816
37 37 38 37 248
43 43 42 43 813
71 71 71 73 960
24 24 25 22 403
4 4 5 3 20
73 73 74 73 968
25 25 25 23 421
66 66 65 66 824
55 55 55 57 640
32 32 31 32 144
48 48 47 48 464
21 21 21 24 426
25 25 25 27 489
59 59 59 61 720
43 42 43 44 831
55 55 57 53 576
71 71 71 73 960
52 53 52 49 496
21 21 20 23 407
40 40 39 40 304
34 34 34 32 152
24 24 22 24 431
6 6 6 6 75
25 25 25 27 40
37 37 36 39 727
44 44 45 43 820
6 5 6 6 74
54 54 53 54 584
13 13 12 15 247
37 37 37 35 661
65 65 66 65 808
70 71 70 67 856
19 19 19 16 284
23 23 23 25 0
44 44 45 42 803
37 37 38 35 663
33 33 32 33 613
37 37 37 40 746
18 18 18 19 332
16 17 16 14 242
12 12 12 13 212
26 26 28 25 462
26 26 26 25 458
32 32 32 32 595
47 47 47 44 844
62 62 61 62 744
58 58 57 58 664
60 60 60 58 672
29 29 30 29 88
49 49 50 49 488
68 68 66 70 896
63 63 64 63 768
32 32 32 30 112
59 59 60 59 688
53 53 54 53 568
42 42 42 40 312
12 12 14 12 199
25 25 25 22 404
69 69 70 69 888
45 45 45 47 440
56 56 56 54 592
49 49 49 51 520
59 59 60 59 688
69 68 69 72 936
24 24 25 24 437
28 28 27 30 547
69 68 69 72 936
17 17 17 14 244
36 36 35 36 224
49 49 48 51 967
58 58 56 60 696
26 26 26 29 526
52 53 52 49 496
5 5 5 4 38
59 59 60 59 688
8 8 8 6 81
41 41 42 41 328
29 29 29 31 120
28 29 28 26 482
32 32 32 30 112
51 51 51 48 924
4 4 4 6 69
42 42 41 42 344
65 65 65 67 840
42 42 41 42 344
10 10 10 9 138
49 49 50 49 488
60 60 60 58 672
49 49 49 47 901
58 58 58 56 632
50 50 50 48 472
39 39 39 41 320
41 40 41 44 825
65 65 66 65 808
47 47 48 47 448
16 16 16 17 292
68 69 68 65 816
32 32 33 31 580
72 72 72 70 912
49 49 50 49 488
4 4 3 4 33
52 52 53 52 997
51 50 51 52 991
44 44 44 42 352
63 63 63 65 800
74 74 73 74 984
36 37 36 33 176
51 51 51 51 975
11 12 11 10 159
68 69 68 65 816
25 25 25 27 40
45 45 46 45 408
28 28 29 27 500
37 37 38 37 248
56 56 55 56 624
40 40 38 40 751
58 59 58 55 616
33 33 33 36 666
7 7 7 9 129
42 42 42 40 312
67 67 69 65 816
57 57 58 57 648
61 61 61 63 760
48 48 50 48 919
55 55 55 57 640
66 66 65 66 824
47 47 48 47 448
26 26 25 26 24
57 56 57 60 696
59 58 59 62 736
17 17 17 15 261
50 51 50 48 922
13 13 13 16 266
65 65 65 67 840
22 22 22 25 446
55 55 55 57 640
41 41 40 43 807
45 45 45 47 440
16 16 18 14 245
64 64 62 66 816
37 37 38 37 248
42 42 41 43 810
42 42 41 42 344
43 43 43 41 781
24 24 24 26 469
33 33 33 35 200
40 39 40 43 805
69 68 69 72 936
61 60 61 64 776
46 46 46 44 392
46 46 46 44 392
27 27 27 29 80
72 72 72 70 912
14 14 13 16 267
30 30 30 28 72
51 51 52 51 528
33 33 33 35 200
72 72 72 70 912
16 16 15 18 307
35 35 37 35 659
29 29 30 29 88
76 76 76 74 992
50 50 50 48 472
22 23 22 22 396
33 33 34 33 168
70 70 69 70 904
12 12 11 14 227
72 72 71 72 944
68 68 67 68 864
23 23 23 25 0
71 71 71 73 960
17 17 17 16 278
4 4 6 2 5
32 32 32 30 112
13 13 14 11 183
31 31 31 33 160
30 30 30 28 521
45 45 47 43 376
24 24 23 26 467
37 37 37 39 729
37 37 38 37 248
70 70 70 68 872
52 53 52 49 496
68 68 68 66 832
69 69 70 69 888
45 45 44 47 887
36 37 36 33 176
8 8 7 10 147
57 57 59 55 616
5 5 5 4 38
38 38 38 36 232
25 25 27 24 442
1 1 1 4 26
50 51 50 47 456
36 36 35 36 224
32 32 32 30 112
59 59 61 57 656
38 38 38 36 232
16 16 15 17 290
52 52 51 52 544
51 51 52 51 528
50 50 49 50 504
33 33 35 31 136
70 71 70 67 856
55 55 56 55 608
49 49 49 51 969
76 76 76 74 992
11 11 11 8 124
59 59 60 59 688
50 50 49 50 504
38 38 37 38 264
59 59 59 61 720
45 44 45 48 905
76 76 76 74 992
36 36 36 34 192
27 27 28 25 463
43 43 43 41 781
37 37 39 36 682
45 45 47 43 825
59 59 61 57 656
35 35 37 34 642
69 69 70 69 888
5 5 6 5 57
24 24 23 25 450
15 15 16 15 257
42 42 41 42 344
73 73 74 73 968
30 30 29 30 104
73 73 74 73 968
35 35 36 35 208
54 54 54 52 552
61 61 62 61 728
40 39 40 40 754
31 31 31 33 160
62 62 62 60 712
46 46 46 44 392
36 37 36 33 176
41 41 41 43 360
18 18 16 18 311
40 39 40 42 788
67 67 68 67 848
39 39 40 39 737
50 50 49 50 504
34 34 33 36 667
43 43 43 45 400
29 28 29 32 136
41 41 41 40 758
40 40 39 40 304
57 57 58 57 648
5 5 5 4 38
59 59 61 57 656
27 27 28 27 48
12 12 12 12 195
71 71 71 73 960
35 34 35 38 256
46 46 46 44 392
74 74 73 74 984
27 28 27 25 462
18 18 18 16 281
26 26 27 26 477
29 29 29 31 120
22 22 22 23 412
63 62 63 66 816
68 68 66 70 896
19 19 20 19 337
64 64 63 64 784
45 45 47 43 376
51 51 52 51 528
42 42 41 42 344
12 12 12 15 246
68 68 66 70 896
64 64 62 66 816
41 41 39 42 788
62 62 60 64 776
53 53 54 53 568
43 43 43 45 849
23 23 24 21 383
42 42 41 42 793
63 63 64 63 768
71 71 72 71 928
34 34 33 34 184
73 73 74 73 968
37 37 38 37 248
38 38 38 36 232
42 42 42 40 312
8 8 6 10 145
33 33 34 33 168
51 51 51 53 560
57 56 57 60 696
51 51 52 49 943
56 56 56 54 592
58 58 57 58 664
56 56 56 54 592
38 38 37 38 264
36 37 36 33 176
59 59 61 57 656
25 25 27 24 442
72 72 72 70 912
33 33 33 32 598
67 67 69 65 816
34 34 32 36 216
6 7 6 6 76
43 43 43 41 781
23 23 21 25 445
18 18 18 19 332
19 19 18 20 350
38 39 38 38 716
52 52 52 50 512
27 27 27 29 80
76 76 76 74 992
21 21 21 23 409
31 31 31 33 160
39 39 37 40 748
9 9 11 9 139
60 60 60 58 672
44 44 43 44 384
36 36 36 34 192
22 22 21 24 427
44 43 44 44 834
67 67 67 69 880
38 38 36 40 296
48 48 47 48 913
61 61 62 61 728
18 18 18 17 298
47 47 49 45 416
6 6 5 8 107
39 39 40 37 703
53 53 54 53 568
47 47 48 47 448
53 53 53 55 600
27 26 27 30 96
38 38 37 39 730
37 37 38 37 248
65 65 65 67 840
76 76 76 74 992
46 46 45 46 424
11 11 11 10 158
64 64 62 66 816
38 38 37 38 264
29 29 29 31 120
24 24 25 22 403
53 52 53 56 616
49 49 50 47 903
16 16 17 15 260
29 29 27 30 548
58 58 58 56 632
5 5 7 4 42
67 67 67 69 880
59 59 59 61 720
62 62 62 60 712
64 64 64 62 752
53 53 54 53 568
39 39 40 39 288
39 39 40 39 737
50 50 50 48 921
36 37 36 33 176
36 36 35 36 224
51 50 51 52 991
35 34 35 38 256
49 49 49 47 901
49 49 49 51 520
25 25 26 25 8
60 60 60 58 672
40 40 38 42 336
27 27 27 29 80
9 9 9 6 84
59 59 59 61 720
34 34 32 36 665
53 53 54 53 568
5 5 5 7 89
43 43 42 43 813
4 4 5 2 3
43 43 45 41 336
8 8 7 8 113
40 40 39 40 304
29 29 29 31 120
72 72 70 74 976
23 23 21 24 428
31 31 30 32 590
45 45 45 47 440
27 27 28 27 48
59 59 61 57 656
36 37 36 33 176
52 52 52 50 512
69 69 69 71 920
50 50 49 50 953
23 23 21 25 445
51 51 52 51 528
55 55 56 55 608
51 51 51 53 560
54 54 52 56 616
33 33 35 31 136
34 34 33 34 184
70 70 69 70 904
26 26 26 26 475
27 27 25 29 525
44 44 45 43 820
47 47 49 45 416
58 58 58 56 632
36 36 35 36 224
56 56 55 56 624
61 61 61 63 760
23 22 23 26 16
28 29 28 28 516
62 62 62 60 712
63 63 63 65 800
43 43 43 45 400
14 14 14 17 286
47 47 46 47 893
49 49 49 51 520
68 68 67 68 864
73 73 74 73 968
58 58 56 60 696
16 16 16 16 275
59 58 59 62 736
54 54 54 52 552
44 43 44 44 834
38 38 36 40 296
51 52 51 50 959
48 48 47 48 464
70 70 69 70 904
62 62 62 60 712
32 32 31 32 144
31 31 32 31 128
32 32 32 30 112
58 59 58 55 616
27 27 26 29 527
44 44 44 42 352
52 53 52 49 945
49 49 48 50 950
53 53 53 55 600
44 44 44 42 352
67 67 68 67 848
40 40 40 38 272
29 29 30 27 503
32 32 31 32 144
37 37 38 37 248
35 35 35 37 240
43 43 43 40 764
32 31 32 32 594
6 6 6 7 92
32 32 32 30 112
69 68 69 72 936
42 42 41 42 344
4 4 3 4 33
34 34 34 35 652
72 73 72 69 896
25 25 26 25 8
25 24 25 26 471
23 22 23 26 16
62 63 62 59 696
39 39 39 41 320
15 15 14 15 253
74 74 74 72 952
31 31 31 33 160
7 7 7 6 78
72 72 70 74 976
63 63 64 63 768
48 48 48 51 966
43 43 45 41 336
27 27 27 29 80
38 38 38 36 232
23 23 23 22 398
62 62 61 62 744
36 36 36 34 192
4 4 3 5 50
45 45 47 45 859
22 22 24 22 399
39 39 40 39 288
6 6 5 6 73
34 35 34 31 136
