1000 398261
75 75 75 72 950
47 47 47 44 390
8 8 7 10 16
36 36 36 33 493
42 41 42 42 340
45 44 45 45 400
64 63 64 64 780
58 57 58 58 660
68 68 68 65 810
27 27 26 29 396
69 69 69 66 830
33 32 33 33 160
20 20 22 20 228
70 69 70 70 900
50 50 51 50 826
47 46 47 47 440
73 73 73 70 910
31 30 31 31 120
40 39 40 40 300
58 58 58 55 610
63 63 63 60 710
74 74 74 71 930
49 49 49 46 430
41 41 41 38 270
32 31 32 32 140
30 30 30 27 50
69 68 69 69 880
13 13 14 11 52
17 17 16 19 196
29 29 29 26 30
27 27 27 29 398
55 55 56 55 926
58 58 58 55 610
28 27 28 28 60
45 45 45 42 350
74 73 74 74 980
57 57 57 58 981
44 44 44 41 330
51 50 51 51 520
70 69 70 70 900
25 24 25 25 0
24 24 25 24 306
53 52 53 53 560
35 35 34 37 556
14 14 15 13 89
44 43 44 44 380
26 26 28 26 348
45 45 45 42 350
54 54 54 51 530
27 26 27 27 363
43 42 43 43 360
45 45 46 45 726
49 49 50 48 789
49 49 48 49 802
74 73 74 74 980
61 61 61 58 670
47 48 47 45 731
21 21 23 20 231
13 13 14 12 69
66 65 66 66 820
38 38 38 35 210
17 17 17 14 113
62 62 62 59 690
55 55 55 55 924
52 52 52 49 490
33 32 33 33 160
27 27 26 29 396
50 50 50 47 450
15 15 16 13 92
12 12 12 9 13
53 54 53 53 885
62 62 62 59 690
30 30 30 27 50
66 66 66 63 770
15 15 15 17 158
38 37 38 38 260
45 44 45 45 400
29 28 29 29 80
36 35 36 36 220
47 47 48 47 766
54 53 54 54 903
41 40 41 41 320
59 59 59 56 630
45 45 45 42 350
73 73 73 70 910
49 48 49 49 480
54 54 56 54 908
40 39 40 40 300
49 48 49 49 480
34 33 34 34 180
51 50 51 51 520
39 39 39 36 230
62 62 62 59 690
76 76 76 73 970
54 53 54 54 580
67 66 67 67 840
55 55 55 52 550
54 54 54 51 530
56 56 58 55 931
43 42 43 43 360
64 63 64 64 780
34 33 34 34 180
48 47 48 51 834
40 40 40 37 250
71 70 71 71 920
55 54 55 55 600
49 48 49 49 480
72 72 72 69 890
34 33 34 34 180
51 51 51 48 470
55 55 55 57 958
18 18 18 20 218
32 32 32 29 90
76 76 76 73 970
51 50 51 51 520
60 60 60 57 650
28 28 28 25 10
57 56 57 57 640
39 39 39 36 230
12 13 12 10 31
32 31 32 32 140
64 64 64 61 730
73 72 73 73 960
60 60 60 57 650
33 32 33 33 160
40 41 40 40 625
43 43 44 41 652
73 72 73 73 960
62 61 62 62 740
20 20 20 23 275
47 47 47 44 390
39 39 39 39 604
68 68 68 65 810
35 35 35 32 150
20 21 20 20 225
42 42 42 39 290
54 53 54 54 580
46 46 47 45 729
42 42 42 39 290
66 66 66 63 770
33 33 33 32 467
68 67 68 68 860
69 69 69 66 830
37 36 37 37 240
42 41 42 42 340
38 38 38 35 210
25 24 25 25 0
35 35 35 32 150
23 23 23 26 335
60 59 60 60 700
49 48 49 49 480
48 48 48 45 410
41 41 41 38 270
66 66 66 63 770
51 50 51 51 843
52 52 51 53 879
65 64 65 65 800
27 27 27 30 415
56 55 56 56 620
69 68 69 69 880
29 28 29 29 80
37 37 37 34 190
24 24 26 24 308
51 51 50 51 842
64 64 64 61 730
27 26 27 27 40
42 42 43 40 632
71 70 71 71 920
38 38 38 40 618
70 70 70 67 850
67 66 67 67 840
27 26 27 27 40
64 63 64 64 780
34 34 35 33 489
45 45 45 47 758
37 37 37 34 190
66 66 66 63 770
56 56 57 55 929
36 36 36 33 170
59 58 59 59 680
53 53 55 51 854
45 45 45 42 350
48 48 48 45 410
51 50 51 51 520
43 43 43 40 310
25 25 27 25 328
43 42 43 43 360
25 25 25 22 273
33 32 33 33 160
76 76 76 73 970
43 43 43 40 310
70 69 70 70 900
48 48 49 48 786
77 77 77 74 990
57 57 57 54 590
43 42 43 43 360
74 73 74 74 980
68 68 68 65 810
55 56 55 53 891
41 40 41 41 320
68 68 68 65 810
57 56 57 57 640
54 55 54 52 871
69 69 69 66 830
36 36 36 35 527
49 48 49 49 480
33 32 33 33 160
57 56 57 57 963
62 61 62 62 740
52 52 52 49 490
34 33 34 34 503
41 40 41 41 320
51 51 51 52 861
62 62 62 59 690
21 21 22 21 246
77 77 77 74 990
32 32 32 33 481
30 30 30 27 50
23 23 23 20 233
30 30 30 27 50
41 40 41 41 320
58 58 58 55 610
33 33 33 30 433
18 19 18 18 185
33 33 32 33 482
51 50 51 51 520
48 48 48 45 410
42 42 43 41 649
36 37 36 33 494
36 35 36 36 220
59 59 59 56 630
45 45 46 45 726
55 55 55 52 550
30 29 30 30 100
42 43 42 42 665
28 27 28 28 60
40 40 40 37 250
70 69 70 70 900
53 52 53 53 560
67 67 67 64 790
32 32 32 33 481
77 77 77 74 990
42 42 42 41 647
36 36 36 33 170
45 45 46 45 726
66 65 66 66 820
67 66 67 67 840
43 42 43 43 360
56 56 56 53 570
68 67 68 68 860
28 27 28 28 60
48 47 48 48 783
56 56 57 56 946
55 55 55 52 550
47 47 47 44 390
29 28 29 29 80
47 46 47 47 440
67 66 67 67 840
9 9 9 11 38
44 44 46 44 708
47 47 47 47 764
49 49 49 46 430
54 54 54 51 530
48 47 48 48 460
14 14 14 16 138
11 12 11 11 45
58 58 59 57 969
39 39 39 36 230
71 71 71 68 870
57 57 57 54 590
74 73 74 74 980
26 26 27 25 329
28 27 28 28 60
70 70 70 67 850
74 74 74 71 930
69 68 69 69 880
47 46 47 47 440
55 55 55 52 550
43 43 43 40 310
76 76 76 73 970
49 49 49 46 430
68 68 68 65 810
31 31 31 28 70
48 48 49 46 752
65 65 65 62 750
66 66 66 63 770
18 19 18 18 185
45 45 45 44 707
62 61 62 62 740
42 42 42 42 664
29 28 29 29 80
47 47 48 47 766
56 56 56 58 978
32 32 32 29 90
61 61 61 58 670
67 67 67 64 790
37 36 37 37 240
39 38 39 39 280
36 36 36 33 493
68 68 68 65 810
29 29 29 26 30
38 38 38 35 210
65 65 65 62 750
34 34 34 31 130
55 54 55 55 600
67 66 67 67 840
72 71 72 72 940
26 26 26 25 327
28 28 28 25 10
52 52 52 49 490
69 68 69 69 880
72 71 72 72 940
40 40 38 41 637
53 53 53 50 510
66 65 66 66 820
30 29 30 30 100
41 41 41 38 270
36 36 36 33 170
58 58 58 55 610
72 71 72 72 940
63 62 63 63 760
33 32 33 33 160
21 21 23 20 231
71 70 71 71 920
70 70 70 67 850
48 48 49 47 769
50 49 50 50 500
49 49 49 46 430
42 41 42 42 340
48 47 48 48 460
29 28 29 29 403
37 36 37 37 240
37 36 37 37 240
62 62 62 59 690
61 61 61 58 670
27 26 27 27 363
31 31 31 28 70
57 56 57 57 640
59 58 59 59 680
54 54 54 57 955
74 74 74 71 930
54 53 54 54 580
51 51 51 48 470
41 40 41 41 320
71 71 71 68 870
27 27 28 26 349
60 59 60 60 700
34 33 34 34 180
51 51 51 48 470
55 55 53 56 937
45 44 45 45 400
36 36 36 39 595
68 68 68 65 810
76 76 76 73 970
52 53 52 50 831
30 30 30 27 50
41 40 41 41 643
52 52 52 52 864
33 34 33 32 468
42 41 42 42 340
75 75 75 72 950
59 59 59 56 630
47 47 47 49 798
30 30 30 27 50
71 70 71 71 920
72 71 72 72 940
67 66 67 67 840
39 38 39 39 280
56 56 57 55 929
74 74 74 71 930
38 37 38 38 260
59 58 59 59 680
58 57 58 58 660
62 62 62 59 690
15 15 14 17 156
54 54 52 55 917
13 13 13 10 33
59 58 59 59 680
73 72 73 73 960
43 42 43 43 360
59 59 60 58 989
73 73 73 70 910
46 45 46 46 420
31 30 31 31 120
58 57 58 58 660
69 69 69 66 830
8 8 8 10 18
42 42 44 41 651
55 55 55 52 550
52 51 52 52 540
37 37 37 34 190
22 22 20 23 277
31 30 31 31 120
74 73 74 74 980
74 73 74 74 980
71 70 71 71 920
55 55 55 52 550
52 52 52 49 490
66 65 66 66 820
66 66 66 63 770
53 52 53 53 560
9 9 9 12 55
43 43 43 40 310
30 30 31 30 426
61 61 61 58 670
40 40 40 42 658
67 66 67 67 840
46 45 46 46 420
40 39 40 40 300
65 65 65 62 750
21 22 21 21 245
42 41 42 42 340
58 58 58 55 610
68 67 68 68 860
50 49 50 50 500
73 73 73 70 910
34 34 34 31 130
39 38 39 39 280
38 38 38 35 210
50 50 50 51 841
38 38 38 35 210
48 48 48 45 410
36 35 36 36 543
48 47 48 48 460
32 32 32 29 90
74 73 74 74 980
60 59 60 60 700
34 33 34 34 180
64 63 64 64 780
56 55 56 56 620
74 73 74 74 980
43 43 43 40 310
42 42 44 41 651
67 66 67 67 840
71 71 71 68 870
62 61 62 62 740
57 56 57 57 640
60 59 60 60 700
73 72 73 73 960
10 10 11 10 26
37 36 37 37 240
49 49 49 46 430
57 56 57 57 640
61 60 61 61 720
75 75 75 72 950
41 42 41 39 611
18 19 18 18 185
64 63 64 64 780
13 13 13 14 101
26 26 25 27 359
62 62 62 59 690
48 48 49 47 769
27 26 27 27 40
13 13 12 13 82
26 25 26 26 20
37 38 37 37 565
34 33 34 34 180
25 24 25 25 0
51 51 51 48 470
42 42 42 42 664
72 72 72 69 890
34 34 32 36 534
33 33 35 31 454
42 41 42 42 340
53 53 52 54 899
59 59 59 56 630
37 36 37 37 240
34 34 34 31 130
33 33 33 30 110
70 69 70 70 900
52 51 52 52 540
21 21 20 21 242
72 71 72 72 940
72 72 72 69 890
38 37 38 38 260
25 25 27 24 311
47 47 49 45 734
18 19 18 18 185
40 40 40 37 250
12 13 12 10 31
50 50 50 47 450
26 26 26 27 361
44 44 44 41 330
21 20 21 21 243
70 69 70 70 900
40 39 40 40 300
26 26 26 29 395
30 29 30 30 100
41 40 41 41 320
71 71 71 68 870
48 48 48 45 410
46 45 46 46 420
71 70 71 71 920
77 77 77 74 990
49 48 49 49 480
60 59 60 60 700
41 41 41 38 270
64 63 64 64 780
53 52 53 53 560
77 77 77 74 990
35 34 35 35 200
70 70 70 67 850
68 68 68 65 810
12 12 12 11 47
31 31 31 28 70
30 30 29 32 456
17 17 15 18 177
41 41 42 41 646
48 47 48 48 460
37 36 37 37 240
71 71 71 68 870
68 67 68 68 860
26 26 27 26 346
70 69 70 70 900
30 30 30 30 424
59 58 59 59 680
70 69 70 70 900
65 64 65 65 800
28 28 28 25 10
47 47 47 44 390
65 65 65 62 750
48 48 49 46 752
39 39 39 36 230
33 32 33 33 160
66 65 66 66 820
18 18 16 19 197
23 23 21 24 297
47 47 47 44 390
26 25 26 26 20
52 52 54 52 868
57 57 57 59 998
72 72 72 69 890
76 76 76 73 970
75 75 75 72 950
60 60 61 58 992
43 42 43 43 360
52 51 52 52 540
33 32 33 33 160
68 68 68 65 810
51 50 51 51 520
48 47 48 48 460
33 32 33 33 160
36 36 36 33 493
69 69 69 66 830
65 65 65 62 750
40 39 40 40 300
26 25 26 26 20
46 45 46 46 420
37 36 37 37 240
26 26 25 28 376
41 41 41 38 270
59 58 59 59 680
45 45 46 44 709
73 73 73 70 910
52 51 52 54 897
30 29 30 30 100
45 46 45 45 725
32 32 32 29 90
53 53 53 50 510
30 29 30 30 100
45 45 45 42 350
68 67 68 68 860
74 73 74 74 980
38 38 38 35 210
58 57 58 58 660
54 54 54 51 530
63 63 63 60 710
64 64 64 61 730
51 50 51 51 520
9 9 9 11 38
65 65 65 62 750
59 59 59 56 630
30 30 30 27 50
66 65 66 66 820
55 55 55 52 873
56 55 56 56 620
65 65 65 62 750
70 70 70 67 850
57 57 57 54 590
52 52 52 49 490
29 28 29 29 80
72 72 72 69 890
46 45 46 46 420
45 45 45 42 350
65 64 65 65 800
69 68 69 69 880
39 38 39 39 280
53 52 53 53 560
66 66 66 63 770
41 41 41 38 270
46 45 46 46 420
34 34 34 31 453
33 33 33 32 467
36 35 36 36 220
40 40 41 38 592
32 33 32 31 448
59 59 59 56 630
21 21 22 19 212
43 43 43 40 310
33 32 33 33 160
50 50 50 47 450
50 51 50 50 825
49 49 50 48 789
69 69 69 66 830
35 35 34 37 556
29 28 29 29 80
69 69 69 66 830
20 20 22 19 211
63 62 63 63 760
21 21 21 22 261
52 52 54 51 851
71 70 71 71 920
35 34 35 35 200
44 43 44 44 380
56 56 56 53 570
20 20 20 20 224
54 54 54 51 530
64 63 64 64 780
27 26 27 27 40
27 26 27 27 363
25 25 24 26 339
48 48 48 45 410
34 35 34 33 488
50 49 50 50 500
25 24 25 25 0
68 67 68 68 860
66 65 66 66 820
41 40 41 41 320
34 34 34 34 504
72 72 72 69 890
26 26 26 28 378
40 39 40 40 300
30 29 30 30 423
48 48 48 45 410
54 54 54 51 530
42 42 42 39 290
54 54 54 51 530
38 39 38 38 585
68 67 68 68 860
28 28 28 28 384
73 72 73 73 960
53 52 53 53 560
65 64 65 65 800
9 9 10 9 6
17 16 17 20 214
29 29 29 26 30
71 71 71 68 870
59 59 60 58 989
28 27 28 28 60
48 47 48 48 460
58 57 58 58 660
56 56 56 53 570
67 67 67 64 790
37 36 37 37 240
44 44 44 41 330
48 47 48 48 460
63 62 63 63 760
69 69 69 66 830
37 37 39 37 568
59 59 59 56 953
37 37 37 34 190
72 72 72 69 890
12 12 12 15 115
75 75 75 72 950
37 37 35 39 594
61 60 61 61 720
42 42 42 43 681
37 37 37 34 190
33 33 33 33 484
52 51 52 52 540
29 29 29 32 455
58 58 58 55 610
38 38 38 35 210
34 34 34 31 130
20 20 22 19 211
46 45 46 46 420
61 61 61 58 670
71 71 71 68 870
51 51 51 48 470
46 45 46 46 420
63 62 63 63 760
42 41 42 42 340
25 24 25 25 0
54 53 54 54 580
33 32 33 33 160
38 38 38 35 210
29 29 29 26 30
23 22 23 23 283
47 47 47 44 390
51 51 49 53 874
38 38 38 35 210
64 64 64 61 730
35 34 35 35 200
28 27 28 28 60
76 76 76 73 970
36 35 36 36 220
37 37 37 34 190
72 72 72 69 890
61 61 61 58 670
62 61 62 62 740
55 55 55 52 550
39 40 39 37 571
32 32 32 33 481
53 53 53 50 510
26 25 26 26 20
55 55 55 52 550
35 34 35 35 200
45 44 45 45 400
68 68 68 65 810
48 47 48 48 460
31 30 31 31 120
33 33 32 34 499
36 35 36 36 220
75 75 75 72 950
14 14 14 14 104
71 70 71 71 920
35 34 35 35 200
54 53 54 54 580
42 41 42 42 340
43 43 43 40 310
74 73 74 74 980
36 35 36 36 220
47 48 47 46 748
26 26 27 24 312
14 14 15 12 72
77 77 77 74 990
47 47 48 47 766
37 37 37 34 190
69 69 69 66 830
43 43 43 40 310
19 19 19 20 221
23 23 23 22 267
52 52 53 50 832
39 39 39 42 655
62 61 62 62 740
29 28 29 29 80
36 36 36 33 493
42 41 42 42 340
59 58 59 59 680
63 63 63 60 710
33 33 33 30 110
17 17 16 19 196
40 40 40 37 250
68 67 68 68 860
16 16 17 16 146
58 57 58 58 660
30 30 30 27 50
77 77 77 74 990
31 30 31 31 120
54 53 54 54 580
51 51 51 53 878
33 34 33 33 485
69 68 69 69 880
73 73 73 70 910
24 24 24 25 321
41 41 41 38 270
32 31 32 32 140
69 68 69 69 880
46 45 46 46 420
42 42 40 43 677
56 56 55 56 942
45 45 45 42 350
27 28 27 27 365
70 70 70 67 850
42 42 42 39 290
20 19 20 20 223
33 33 32 35 516
64 63 64 64 780
43 42 43 43 360
68 68 68 65 810
43 43 43 40 310
51 50 51 51 520
43 43 44 43 686
14 14 13 16 136
69 68 69 69 880
72 71 72 72 940
64 64 64 61 730
54 53 54 54 580
55 55 55 58 975
64 63 64 64 780
77 77 77 74 990
35 34 35 35 200
60 60 60 57 650
33 33 32 35 516
49 48 49 49 480
41 41 41 38 270
43 42 43 43 360
65 64 65 65 800
51 51 51 48 470
56 56 56 53 570
26 26 26 26 344
71 70 71 71 920
71 70 71 71 920
52 52 52 49 490
73 72 73 73 960
55 55 55 52 550
45 45 45 42 350
34 33 34 34 180
31 31 31 28 70
35 34 35 35 200
44 43 44 44 380
58 59 58 58 985
33 34 33 33 485
30 30 30 27 50
53 52 53 53 560
77 77 77 74 990
27 27 26 29 396
76 76 76 73 970
39 39 38 39 602
55 54 55 55 600
74 74 74 71 930
28 28 28 30 418
35 34 35 35 200
36 35 36 36 543
52 51 52 52 540
52 51 52 52 540
44 45 44 44 705
72 72 72 69 890
43 43 43 44 701
47 47 47 44 390
56 56 56 55 927
44 44 44 41 330
51 51 50 51 842
22 22 23 22 266
52 52 52 49 490
65 64 65 65 800
13 14 13 11 51
59 58 59 59 680
76 76 76 73 970
43 43 43 40 310
44 44 44 41 330
46 46 46 43 370
36 35 36 36 220
42 41 42 42 663
73 73 73 70 910
49 49 49 46 430
30 29 30 30 100
55 55 55 52 550
53 52 53 53 560
60 59 60 60 700
29 29 29 26 30
18 17 18 21 234
26 25 26 26 20
46 45 46 49 794
55 55 55 52 550
34 34 34 31 130
27 26 27 27 40
27 26 27 27 40
8 8 8 10 18
32 32 32 29 90
66 66 66 63 770
28 27 28 28 60
52 53 52 51 848
74 74 74 71 930
35 36 35 33 491
74 73 74 74 980
39 38 39 39 603
58 57 58 58 660
39 38 39 39 280
30 29 30 30 100
57 57 57 54 590
49 49 49 46 430
23 23 23 24 301
42 42 42 39 290
73 73 73 70 910
54 54 53 56 936
64 63 64 64 780
57 57 57 54 590
47 46 47 47 440
18 17 18 20 217
38 38 38 35 210
43 42 43 43 360
30 29 30 30 100
22 22 21 24 296
33 33 33 36 535
26 25 26 26 20
33 34 33 32 468
32 32 32 29 90
55 55 57 55 928
69 68 69 69 880
30 29 30 30 100
67 67 67 64 790
64 63 64 64 780
33 32 33 33 160
71 71 71 68 870
42 41 42 45 714
47 47 47 44 390
57 56 57 57 640
61 61 61 58 670
58 58 58 55 610
46 46 47 44 712
51 50 51 51 843
58 58 58 55 610
60 60 61 58 992
51 51 51 48 470
63 62 63 63 760
42 42 42 45 715
54 54 54 51 530
24 24 25 24 306
63 63 63 60 710
45 44 45 45 400
58 57 58 58 983
34 33 34 34 180
52 51 52 52 540
52 52 52 49 490
53 52 53 53 560
43 43 43 46 735
76 76 76 73 970
26 25 26 26 20
70 69 70 70 900
28 28 28 25 333
54 54 54 51 853
23 22 23 23 283
72 72 72 69 890
48 48 48 45 410
29 29 29 26 30
63 63 63 60 710
45 45 45 42 350
17 17 18 15 132
67 66 67 67 840
40 39 40 40 300
42 42 41 42 662
42 42 43 41 649
41 41 41 38 270
31 30 31 31 120
51 51 51 48 470
47 46 47 47 440
44 44 44 41 330
54 54 54 51 530
54 53 54 54 580
35 35 34 37 556
60 59 60 60 700
75 74 75 75 1000
38 38 38 35 210
19 19 20 18 189
54 54 54 51 530
69 69 69 66 830
51 52 51 49 811
39 38 39 39 280
71 70 71 71 920
69 69 69 66 830
37 37 37 34 190
33 32 33 33 160
38 38 38 35 210
26 26 25 28 376
53 53 54 53 886
64 64 64 61 730
14 14 13 16 136
39 38 39 39 280
59 59 59 56 630
41 40 41 41 320
56 56 56 53 570
26 26 27 26 346
47 47 47 44 390
56 56 56 53 570
53 53 54 53 886
71 70 71 71 920
24 24 24 26 338
59 59 59 56 630
41 41 40 41 642
50 50 50 47 450
67 66 67 67 840
58 58 58 55 610
49 49 49 46 430
32 32 32 29 90
12 12 10 13 77
39 38 39 39 280
64 63 64 64 780
32 32 30 33 477
26 25 26 26 20
58 57 58 58 660
63 62 63 63 760
26 25 26 26 20
31 32 31 31 445
52 52 52 49 490
45 45 45 42 350
35 35 35 32 150
35 35 35 32 150
38 38 39 38 586
22 22 22 23 281
41 41 41 38 270
29 28 29 29 80
54 53 54 54 580
58 57 58 58 660
21 21 21 24 295
9 8 9 12 54
60 61 60 58 991
21 21 20 22 259
29 29 29 26 30
26 25 26 26 20
29 29 29 26 30
29 29 30 29 406
38 37 38 38 260
53 53 53 50 510
48 47 48 48 460
17 16 17 17 163
55 54 55 55 600
53 53 53 50 510
19 19 18 21 236
55 55 55 52 550
