1000 112413
54 54 54 52 912
30 30 29 31 481
30 30 30 33 517
37 37 35 37 343
28 28 30 27 154
40 41 40 37 357
19 19 20 19 248
34 33 34 36 579
64 64 64 67 938
53 52 53 55 700
46 46 46 43 476
34 34 33 35 561
68 68 69 67 952
29 29 27 29 442
59 59 61 59 791
26 26 26 28 161
26 26 25 26 384
39 40 39 39 647
50 50 50 48 832
31 31 31 29 452
25 25 25 22 56
23 23 23 22 309
30 30 28 31 479
7 7 6 9 38
58 58 58 55 975
29 29 27 29 442
13 13 14 12 111
30 30 28 30 203
45 45 45 47 800
45 45 45 44 490
45 45 45 44 490
25 25 25 22 56
27 26 27 28 422
51 51 51 52 644
14 14 15 13 131
54 54 55 52 914
18 18 18 19 243
12 13 12 12 107
61 61 62 60 812
27 27 27 26 389
14 14 14 14 146
8 8 8 7 9
37 37 37 36 589
22 22 21 24 338
38 38 37 38 624
28 28 27 29 182
38 38 40 37 613
30 30 29 32 498
42 42 44 41 434
50 50 50 53 658
56 56 58 55 714
8 8 6 8 22
58 58 58 59 784
64 64 65 64 889
43 43 44 43 469
55 55 57 53 936
31 31 33 30 473
49 50 49 49 588
23 23 23 24 84
55 55 54 56 981
26 26 27 25 112
26 25 26 26 126
21 22 21 21 28
32 32 32 29 196
61 61 61 63 861
25 25 25 22 56
57 56 57 58 763
67 67 69 65 917
62 62 62 62 847
27 27 28 25 374
65 65 66 63 875
39 39 38 40 661
53 53 55 51 637
55 55 54 56 981
19 19 20 19 248
29 29 29 32 238
8 8 7 10 58
52 52 52 51 630
38 38 40 37 613
25 25 27 25 370
45 46 45 43 733
10 10 11 10 68
18 18 16 18 222
16 17 16 13 136
32 32 32 34 540
54 53 54 54 686
44 44 45 42 455
24 24 25 23 331
34 34 34 34 287
22 22 23 21 291
29 29 28 29 444
49 49 49 47 553
25 25 24 25 105
52 52 51 54 679
34 34 33 35 561
48 48 50 47 813
54 54 56 54 950
28 28 28 25 375
26 25 26 26 126
34 33 34 35 562
51 51 51 53 920
17 17 17 14 155
29 29 30 29 189
37 37 37 39 640
44 44 44 45 504
33 33 34 32 252
50 50 49 52 898
49 48 49 52 637
36 36 36 38 620
66 66 66 65 910
10 10 8 12 96
18 18 18 19 243
30 30 28 30 203
25 25 23 26 379
53 53 53 56 977
36 36 36 39 378
27 27 27 27 147
47 48 47 44 497
36 35 36 36 585
46 46 46 46 786
17 17 17 18 223
43 43 44 43 469
21 21 21 24 337
22 22 23 22 49
53 54 53 50 876
18 18 18 19 243
24 24 24 23 70
21 21 22 21 288
30 30 30 27 415
54 55 54 52 913
38 38 37 40 399
48 48 48 49 843
67 67 67 64 896
16 16 16 15 169
67 67 67 64 896
46 46 45 46 525
21 21 20 22 42
41 40 41 41 685
29 29 28 30 461
43 43 45 42 713
19 19 19 21 21
58 58 59 56 735
66 66 68 66 931
55 55 55 55 707
40 40 40 43 717
39 39 39 41 680
24 25 24 22 313
23 23 24 22 311
21 21 20 22 42
23 23 21 23 63
16 16 17 16 188
41 41 41 41 427
21 21 21 24 337
44 44 44 45 504
41 41 43 40 673
33 33 31 34 280
31 31 31 31 486
21 21 20 23 318
26 26 26 27 403
39 39 38 39 385
67 67 66 67 945
39 39 39 37 612
28 29 28 28 168
18 18 19 17 211
41 41 42 40 671
43 43 44 41 694
51 51 52 49 595
32 33 32 31 231
51 51 50 51 884
56 57 56 56 728
21 21 19 22 299
53 53 53 54 943
54 54 54 51 895
41 41 41 39 652
67 67 66 67 945
50 50 51 50 609
21 22 21 21 28
30 30 31 30 468
40 40 38 40 662
44 44 45 42 455
60 61 60 59 791
54 55 54 54 947
34 34 34 31 495
35 36 35 35 308
61 60 61 61 826
58 58 58 59 784
31 31 30 31 484
16 16 16 14 152
67 67 66 67 945
43 42 43 43 725
54 54 53 55 961
26 26 27 25 112
38 38 38 39 643
15 15 15 12 115
49 49 50 49 848
46 46 45 46 525
56 56 56 54 693
58 59 58 56 993
55 56 55 53 933
44 44 44 43 729
65 65 63 65 903
35 35 34 36 322
27 26 27 27 405
60 60 60 57 756
23 23 22 25 358
64 64 62 66 917
30 30 30 31 224
36 36 36 38 620
48 48 50 48 830
43 43 44 43 469
18 18 20 17 213
26 26 27 25 112
49 50 49 49 588
59 59 59 58 770
41 41 41 43 720
28 28 27 29 182
58 58 56 58 763
28 28 30 27 154
38 38 39 38 628
39 39 39 42 697
18 18 18 20 260
24 23 24 24 345
15 15 14 16 181
31 31 33 30 473
58 58 58 56 992
68 67 68 68 966
25 25 25 22 56
28 28 28 26 133
19 19 19 19 246
28 28 30 27 154
12 12 13 12 108
46 46 46 43 476
24 24 24 21 295
65 65 66 63 875
48 48 47 50 858
66 66 65 68 959
18 18 18 18 226
33 33 31 35 556
15 15 15 17 200
35 35 36 35 568
40 39 40 40 406
21 21 23 20 14
41 41 42 39 654
23 23 21 24 339
25 25 24 25 105
25 25 25 25 366
23 23 23 22 309
24 24 26 24 91
67 67 69 65 917
43 43 42 44 741
30 30 29 32 498
7 7 8 7 8
57 57 58 57 749
23 23 22 25 358
23 22 23 23 325
55 55 55 55 707
54 55 54 52 913
64 64 65 64 889
9 9 9 9 46
67 67 69 65 917
41 42 41 41 687
11 11 12 10 71
47 47 45 48 560
68 68 66 69 980
24 24 25 22 314
35 35 35 33 273
57 57 55 59 777
15 15 17 15 170
13 14 13 11 93
42 41 42 45 497
59 59 61 59 791
30 30 31 28 175
14 14 14 13 129
36 36 36 39 378
8 8 9 7 11
19 18 19 20 262
42 42 42 40 413
15 16 15 14 150
25 25 25 23 332
12 12 14 12 110
28 28 28 31 477
26 26 26 25 369
54 54 55 54 948
10 10 8 10 62
28 28 28 26 133
51 51 52 50 871
52 52 52 51 630
33 34 33 32 510
61 61 59 62 840
28 28 30 27 154
25 25 25 22 56
32 33 32 31 231
37 37 37 38 364
30 30 31 28 175
9 9 11 9 50
39 39 39 40 663
22 22 23 22 49
20 20 19 21 281
14 14 13 16 178
51 51 49 51 623
35 35 37 34 294
61 61 61 63 861
54 54 54 54 946
63 64 63 63 868
29 29 29 32 238
14 14 15 14 148
23 23 21 23 63
33 34 33 30 217
39 39 39 36 336
50 50 49 50 864
40 40 40 39 649
54 54 52 55 700
64 64 64 67 938
58 58 56 58 763
52 52 51 54 679
22 22 20 24 77
52 52 51 54 679
16 16 15 16 184
39 39 38 39 385
45 45 47 45 511
51 52 51 51 887
52 52 52 50 872
47 47 45 48 560
56 56 58 55 714
29 29 28 30 461
51 51 49 51 623
44 44 44 46 780
27 27 27 27 147
61 61 61 63 861
61 60 61 61 826
27 27 27 27 147
62 62 62 62 847
47 46 47 47 546
12 13 12 12 107
31 31 30 33 259
27 27 26 29 438
25 25 25 27 400
23 23 24 23 328
34 34 34 37 597
51 52 51 50 870
52 52 51 54 679
48 48 46 48 822
33 34 33 30 217
20 20 20 21 283
13 14 13 13 127
48 48 49 48 828
37 37 37 35 572
35 34 35 35 565
41 41 41 41 427
61 61 59 62 840
30 30 31 30 468
49 49 48 49 844
52 52 54 52 651
53 53 52 53 665
57 56 57 58 763
36 36 36 39 378
22 22 23 21 291
38 38 38 41 677
51 51 50 52 901
27 27 27 27 147
66 66 65 68 959
22 22 23 22 49
63 63 63 61 833
14 14 15 13 131
29 29 29 29 446
24 24 24 23 70
52 52 52 51 630
64 64 65 64 889
19 19 20 17 214
52 52 52 51 630
63 63 62 64 882
36 36 37 36 329
30 30 31 30 468
57 57 57 60 798
12 12 14 12 110
30 30 28 30 203
45 45 46 44 751
65 65 65 66 924
31 31 32 29 454
42 42 42 44 740
53 53 53 50 616
24 24 24 23 70
53 53 53 50 616
38 38 37 40 399
40 40 38 41 420
24 24 23 26 119
9 9 8 10 61
7 7 6 7 4
26 26 25 28 418
41 41 41 41 427
17 18 17 17 207
33 33 33 35 301
62 62 62 62 847
32 32 31 33 521
30 30 31 28 175
69 69 69 69 987
54 54 55 53 672
53 52 53 54 942
51 51 50 52 901
30 30 30 27 415
54 54 55 53 672
59 59 59 58 770
20 20 22 19 253
29 29 30 29 189
31 31 31 30 210
21 20 21 21 285
25 25 26 24 351
50 50 50 53 658
38 38 38 37 350
50 50 50 48 832
14 14 14 11 95
30 30 28 31 479
39 39 41 39 650
28 28 28 26 133
35 35 35 38 617
41 41 41 41 427
61 61 61 63 861
42 41 42 45 497
28 29 28 28 168
54 54 56 53 933
39 39 39 37 612
40 40 38 41 420
42 42 42 40 413
52 52 51 54 679
33 33 33 33 526
15 15 15 12 115
43 43 44 43 469
47 47 49 46 793
32 32 31 32 245
53 53 53 50 616
27 27 27 30 457
52 52 52 51 630
51 51 51 52 644
58 58 58 55 975
35 35 37 34 294
37 37 35 37 343
33 34 33 32 510
49 49 50 49 848
31 32 31 29 453
26 26 28 26 390
39 39 40 39 648
23 23 23 24 84
40 40 41 39 392
67 67 66 67 945
8 8 6 8 22
21 20 21 21 285
17 17 17 14 155
45 45 44 47 539
56 57 56 56 728
26 26 26 25 369
63 63 63 61 833
9 9 9 9 46
47 47 45 48 560
19 19 19 21 21
42 42 41 44 738
30 30 30 31 224
64 64 62 66 917
28 28 27 30 458
17 17 17 19 240
16 16 16 18 220
52 51 52 54 939
54 55 54 51 637
67 67 67 64 896
35 35 37 34 294
24 24 24 21 295
52 53 52 51 890
61 60 61 61 826
42 41 42 43 722
10 10 10 13 117
13 13 14 11 94
54 54 54 54 946
28 28 29 28 428
17 18 17 16 190
40 39 40 40 406
32 32 30 33 519
52 52 53 52 908
57 57 55 59 777
55 55 55 57 1000
37 37 38 35 315
65 65 65 66 924
35 35 35 36 583
33 34 33 30 217
62 62 62 62 847
43 42 43 43 725
37 37 37 34 555
65 65 65 66 924
66 66 65 68 959
55 55 55 54 949
52 52 52 51 630
53 53 52 53 665
26 26 26 23 335
28 28 28 26 133
10 9 10 12 99
36 36 36 38 620
32 32 32 29 196
52 52 54 52 651
49 49 49 51 880
44 44 44 45 504
66 66 68 66 931
40 40 40 43 717
39 39 38 39 385
10 10 9 11 81
35 35 35 38 617
30 30 30 28 432
37 37 38 35 315
64 64 65 64 889
47 47 45 48 560
50 50 51 50 609
36 36 36 39 378
23 23 23 23 326
27 27 26 28 421
35 36 35 35 308
31 31 30 33 259
49 49 50 47 814
15 15 15 12 115
12 12 12 12 106
18 18 17 19 241
46 46 46 43 476
38 38 38 35 575
27 27 27 30 457
53 52 53 55 700
56 56 58 55 714
18 19 18 18 227
25 25 24 25 105
25 25 25 22 56
20 20 18 21 279
36 36 37 36 329
56 56 56 54 693
48 48 46 49 839
10 11 10 10 67
16 16 16 14 152
49 49 49 47 553
48 48 48 48 567
23 23 21 23 63
22 22 21 23 321
43 44 43 43 727
41 42 41 39 653
50 50 50 53 658
28 29 28 28 168
59 59 61 59 791
66 66 65 68 959
41 41 43 40 673
11 12 11 9 53
47 47 48 46 532
26 26 26 23 335
26 26 28 26 390
47 48 47 45 773
17 17 17 14 155
15 15 15 14 149
11 12 11 11 87
21 20 21 22 302
52 52 52 51 630
22 22 22 24 340
7 7 5 7 2
54 54 54 56 721
53 53 53 56 977
57 57 57 55 972
32 33 32 32 507
50 50 48 50 862
25 25 25 24 349
49 49 49 46 795
20 20 20 20 7
59 59 59 58 770
54 54 54 56 721
33 33 33 35 301
29 29 29 27 412
38 38 40 37 613
30 30 31 30 468
33 34 33 32 510
30 30 30 32 500
14 14 12 14 142
36 37 36 36 587
43 43 44 43 469
56 56 56 54 693
70 70 70 68 973
41 40 41 41 685
48 48 47 48 824
13 13 14 11 94
35 34 35 38 357
37 38 37 36 590
40 40 40 37 615
29 29 29 28 429
54 53 54 54 686
31 31 30 33 259
15 15 15 13 132
19 19 19 18 229
66 66 66 65 910
35 35 35 38 617
67 67 67 64 896
44 44 45 43 731
26 25 26 26 126
40 41 40 38 633
53 53 52 53 665
45 45 44 45 764
57 57 58 56 991
42 42 43 42 708
17 17 19 15 176
58 59 58 55 976
36 36 36 39 378
52 52 51 54 679
45 45 47 45 511
50 51 50 48 574
50 50 50 52 900
49 49 49 49 846
53 53 53 50 616
38 38 38 35 575
45 45 47 45 511
39 39 38 39 385
14 14 13 16 178
48 48 49 46 794
28 28 28 26 133
11 11 12 9 54
51 51 52 49 595
33 33 34 32 252
47 47 48 46 532
61 61 61 63 861
37 38 37 35 573
50 50 50 53 658
46 46 46 47 803
22 22 22 25 98
39 39 39 36 336
38 38 39 37 611
21 21 22 19 254
54 54 53 54 944
51 51 52 49 595
40 40 40 42 441
22 22 20 24 77
47 47 45 48 560
41 41 41 39 652
63 64 63 63 868
71 72 71 69 994
53 53 53 55 960
66 66 66 65 910
39 39 37 39 642
70 70 70 68 973
54 54 54 51 895
53 53 53 50 616
50 50 50 50 866
10 10 10 12 100
28 29 28 28 168
37 37 36 37 604
39 39 38 39 385
63 63 65 62 854
45 45 45 42 715
18 17 18 20 0
47 47 49 47 810
42 41 42 45 497
20 20 20 17 215
51 51 52 49 595
60 60 59 60 805
46 46 47 46 788
46 46 46 49 837
71 72 71 69 994
37 37 36 39 638
33 33 33 30 475
28 28 27 29 182
54 54 54 55 963
44 44 44 45 504
63 63 63 61 833
54 55 54 53 930
22 22 23 22 49
50 51 50 49 850
30 30 30 27 415
14 14 14 11 95
28 28 27 29 182
57 57 57 60 798
56 56 54 56 982
39 39 39 36 336
39 40 39 38 371
33 33 32 34 541
56 56 55 56 984
28 28 29 27 411
46 46 46 43 476
68 68 69 67 952
39 39 39 36 336
22 22 20 23 319
46 46 46 49 837
64 64 64 67 938
20 20 20 20 7
18 18 17 19 241
13 13 15 12 113
43 43 44 43 469
46 46 46 47 803
21 21 19 22 299
63 63 63 61 833
51 50 51 53 919
49 49 47 49 842
9 8 9 9 45
16 16 15 16 184
20 20 20 19 249
30 30 31 29 451
22 22 20 24 77
21 21 21 18 235
71 72 71 69 994
37 37 37 40 657
67 67 69 65 917
64 64 65 64 889
42 42 41 43 462
37 37 38 37 608
55 55 55 52 915
40 40 41 39 392
54 55 54 52 913
58 58 58 55 975
27 27 27 29 440
42 42 43 41 691
15 15 15 15 166
14 14 13 14 144
56 56 56 54 693
17 18 17 16 190
62 62 62 62 847
60 60 60 57 756
51 51 52 49 595
33 33 32 34 541
42 41 42 45 497
60 61 60 59 791
24 24 25 24 348
25 25 25 23 332
55 55 53 56 979
63 63 62 64 882
52 52 52 51 630
65 65 63 65 903
49 50 49 49 588
70 70 70 68 973
20 20 20 22 300
8 9 8 8 27
41 42 41 39 653
28 28 28 31 477
68 67 68 68 966
63 64 63 63 868
53 53 55 51 637
31 31 31 33 520
53 53 53 52 909
53 53 53 54 943
21 21 20 23 318
18 18 18 19 243
40 40 41 39 392
51 51 49 51 623
64 64 65 64 889
51 51 50 52 901
29 29 30 29 189
31 32 31 29 453
39 39 39 36 336
38 38 37 40 399
38 38 37 40 399
47 47 47 49 581
10 10 10 12 100
38 38 38 40 660
24 24 24 24 346
49 50 49 49 588
38 38 37 40 399
36 36 36 39 378
45 45 44 47 539
39 39 39 36 336
32 32 32 31 489
26 27 26 26 387
8 7 8 10 59
53 54 53 52 651
23 23 23 24 84
69 69 69 69 987
42 41 42 45 497
35 34 35 38 357
21 22 21 21 28
43 43 43 46 518
47 47 47 49 581
8 8 8 7 9
39 39 37 39 642
17 17 17 18 223
28 28 27 29 182
40 40 40 42 441
60 60 60 57 756
56 56 55 57 742
58 58 58 55 975
49 49 48 50 602
39 39 38 39 385
22 22 21 22 304
36 36 38 35 573
35 35 37 34 294
13 13 12 15 158
10 10 9 10 64
45 45 46 43 734
11 11 12 10 71
34 35 34 34 547
20 19 20 20 265
42 43 42 42 448
31 31 30 33 259
16 16 17 15 171
44 44 44 42 712
10 10 10 8 32
58 58 58 56 992
25 24 25 27 140
36 36 36 33 535
68 68 69 67 952
61 60 61 61 826
21 21 22 19 254
26 25 26 26 126
45 45 45 44 490
21 22 21 21 28
29 29 30 29 189
52 52 54 52 651
26 25 26 26 126
17 18 17 15 173
63 64 63 63 868
40 40 40 37 615
59 59 61 59 791
35 35 35 33 273
22 22 22 19 255
53 53 53 56 977
35 34 35 35 565
70 70 70 68 973
53 53 51 53 922
41 41 41 40 669
46 46 48 46 790
54 54 53 55 961
47 47 46 48 821
20 20 20 22 300
47 47 46 49 838
40 40 40 40 666
35 35 35 38 617
44 44 46 43 733
52 52 52 51 630
51 51 51 52 644
37 37 35 37 343
67 67 67 64 896
28 28 28 25 375
56 56 58 55 714
53 53 52 53 665
52 52 51 54 679
39 39 39 36 336
20 20 19 22 298
8 8 7 8 24
7 7 7 8 23
23 23 24 21 35
38 39 38 36 593
39 39 40 39 648
66 66 66 65 910
50 50 50 53 658
23 22 23 24 342
43 42 43 46 776
17 17 18 16 191
42 42 41 43 462
37 38 37 37 607
21 21 21 24 337
35 35 35 38 617
37 37 35 37 343
14 14 14 13 129
58 58 59 56 735
47 47 48 46 532
33 33 32 35 558
60 60 60 57 756
51 51 49 53 916
10 9 10 12 99
68 68 69 67 952
13 13 14 11 94
54 54 55 54 948
28 28 27 30 458
44 44 45 42 455
54 54 54 56 721
52 53 52 50 873
61 61 62 60 812
26 26 27 25 112
38 38 36 39 639
28 28 28 28 426
51 51 51 53 920
23 22 23 24 342
54 54 53 56 978
40 40 41 39 392
55 55 57 53 936
40 39 40 40 406
51 51 52 49 595
46 46 46 43 476
52 52 54 51 893
32 32 31 32 245
22 22 22 22 306
47 48 47 47 807
62 62 62 62 847
22 23 22 22 307
44 44 45 42 455
48 48 47 49 841
17 17 17 14 155
46 46 46 46 786
18 18 16 18 222
46 46 44 46 782
65 65 65 66 924
48 48 48 51 877
31 31 32 29 454
56 56 57 54 954
25 25 24 27 398
49 50 49 49 588
61 61 59 62 840
49 50 49 49 588
14 14 12 15 159
35 35 37 34 294
56 56 56 54 693
55 55 56 53 934
25 25 24 25 105
37 37 37 40 657
51 51 51 52 644
55 55 56 54 951
39 39 41 39 650
41 40 41 41 685
55 55 57 54 953
54 54 55 53 672
28 29 28 28 168
42 41 42 45 497
63 63 63 61 833
39 39 39 36 336
15 15 15 13 132
33 34 33 30 217
43 42 43 43 725
29 29 27 30 459
36 36 37 36 329
49 49 48 50 602
23 23 23 22 309
46 46 46 48 820
34 34 33 34 544
57 57 55 59 777
48 48 48 45 775
29 29 28 30 461
29 29 28 30 461
13 13 14 13 128
19 19 18 21 278
12 12 13 12 108
57 57 58 57 749
37 36 37 37 605
50 50 50 51 883
18 17 18 21 276
51 51 51 50 869
42 42 44 41 434
32 32 30 33 519
60 60 60 57 756
39 39 39 36 336
61 61 62 60 812
19 19 19 18 229
52 52 52 52 906
9 9 8 10 61
31 31 29 32 499
54 53 54 54 686
23 23 23 23 326
19 19 19 22 297
16 16 18 14 156
68 67 68 68 966
13 13 11 13 122
17 17 15 18 219
46 45 46 46 785
37 37 38 35 315
33 34 33 30 217
48 48 48 48 567
38 38 37 40 399
46 46 46 43 476
38 38 38 37 350
21 21 20 22 42
20 21 20 20 267
54 54 54 51 895
10 10 8 11 79
47 47 47 49 581
59 59 58 61 819
69 69 69 69 987
19 19 21 17 216
42 42 42 40 413
65 65 66 63 875
20 19 20 20 265
37 37 38 35 315
53 53 55 51 637
66 66 65 68 959
34 34 34 34 287
48 48 47 49 841
21 21 20 21 284
58 58 59 56 735
42 42 43 42 708
35 34 35 37 599
51 51 51 52 644
25 25 27 25 370
22 22 22 23 323
51 51 52 49 595
18 18 18 19 243
25 25 27 25 370
53 53 52 54 941
50 50 51 50 609
57 57 58 57 749
60 60 59 60 805
37 37 38 35 315
47 47 46 49 838
44 44 44 45 504
56 56 57 55 971
49 49 50 48 831
42 42 42 40 413
41 41 41 41 427
58 58 59 56 735
26 26 27 25 112
20 20 19 20 264
47 47 49 46 793
21 21 21 21 286
53 53 51 53 922
28 28 27 29 182
59 59 58 61 819
54 54 55 53 672
35 35 35 32 515
8 7 8 8 25
25 25 24 26 381
9 10 9 8 30
