1000 205616
35 35 35 37 211
50 50 50 50 891
50 50 50 50 892
50 50 50 50 838
50 50 50 50 666
29 29 29 31 182
47 47 45 48 261
50 50 50 50 820
50 50 50 50 731
50 50 50 50 321
25 25 24 27 161
50 50 50 50 879
50 50 50 50 276
50 50 50 50 344
33 34 33 30 181
50 50 50 50 838
28 28 29 26 160
50 50 50 50 761
50 50 50 50 302
50 50 50 50 611
50 50 50 50 452
11 11 12 9 59
50 50 50 50 566
50 50 50 50 307
52 52 52 49 269
50 50 50 50 847
50 50 50 50 961
30 30 30 33 191
13 13 13 10 66
50 50 50 50 346
50 50 50 50 293
50 50 50 50 272
10 10 10 13 80
50 50 50 50 494
50 50 50 50 637
50 50 50 50 897
50 50 50 50 451
50 50 50 50 612
25 25 25 24 148
50 50 50 50 318
50 50 50 50 509
50 50 50 50 853
50 50 50 50 615
50 50 50 50 954
50 50 50 50 515
28 28 29 26 160
50 50 50 50 838
50 50 50 50 576
28 28 27 29 172
50 50 50 50 326
50 50 50 50 447
50 50 50 50 703
8 8 10 7 44
50 50 50 50 813
50 50 50 50 625
50 50 50 50 385
50 50 50 50 590
50 50 50 50 636
50 50 50 50 978
50 50 50 50 959
50 50 50 50 920
25 25 24 25 152
50 50 50 50 590
50 50 50 50 670
50 50 50 50 800
50 50 50 50 355
35 36 35 33 195
50 50 50 50 891
50 50 51 49 268
50 50 50 50 780
14 14 13 15 94
50 50 50 50 382
50 50 50 50 866
50 50 50 50 443
50 50 50 50 360
10 10 10 8 51
50 50 50 50 932
35 36 35 33 195
41 40 41 41 231
50 50 50 50 529
50 50 50 50 397
12 12 11 14 87
50 50 50 50 635
50 50 50 50 683
34 33 34 35 202
38 38 38 41 229
50 50 50 50 337
33 32 33 33 193
44 44 44 43 241
50 50 50 50 766
39 39 39 38 218
34 34 34 33 194
50 50 50 50 466
50 50 50 50 959
5 6 5 3 12
50 50 50 50 387
50 50 50 50 714
50 50 50 50 806
50 50 50 50 440
6 6 6 9 53
5 5 4 6 32
50 50 50 50 482
47 47 48 45 251
50 50 50 50 341
4 4 5 2 4
6 6 6 3 13
50 50 50 50 903
50 50 50 50 350
50 50 50 50 320
50 50 50 50 885
50 50 50 50 298
20 20 20 21 130
39 39 37 39 221
50 50 50 50 636
34 35 34 32 190
34 33 34 35 202
50 50 50 50 671
50 50 50 50 365
50 50 50 50 726
50 50 50 50 334
50 50 50 50 460
50 50 50 50 668
27 27 25 27 162
50 50 50 50 373
43 43 43 45 248
11 11 12 9 59
24 24 24 22 138
46 46 46 45 250
50 50 50 50 713
50 50 50 50 568
50 50 50 50 371
50 50 50 50 841
50 50 50 50 991
50 50 50 50 674
50 50 50 50 432
50 50 50 50 649
50 50 50 50 797
50 50 50 50 761
50 50 50 50 409
8 8 8 6 36
49 49 47 49 266
50 50 50 50 321
50 50 50 50 480
27 27 27 30 176
50 50 50 50 500
50 50 50 50 320
48 48 49 48 263
50 50 50 50 832
50 50 50 50 842
4 4 2 5 23
50 50 50 50 817
3 3 4 3 10
50 50 50 50 828
34 33 34 37 210
50 50 50 50 568
50 50 50 50 529
50 50 50 50 806
50 50 50 50 347
50 50 50 50 426
50 50 50 50 655
50 50 50 50 391
50 50 50 50 794
16 16 16 13 86
12 12 12 13 82
50 50 50 50 837
50 50 50 50 861
20 20 20 21 130
50 50 50 50 711
32 31 32 32 188
50 50 50 50 565
50 50 50 50 797
50 50 50 50 617
50 50 50 50 854
50 50 50 50 967
50 50 50 50 852
50 50 50 50 733
50 50 50 50 422
50 50 50 50 520
46 47 46 46 254
50 50 50 50 722
19 19 20 19 120
50 50 50 50 832
50 50 50 50 869
50 50 50 50 893
36 37 36 36 208
25 25 23 26 156
50 50 50 50 658
50 50 50 50 575
50 50 50 50 645
50 50 50 50 865
6 6 6 5 27
50 50 50 50 532
9 9 8 11 67
50 50 50 50 873
50 50 50 50 694
18 17 18 21 128
50 50 50 50 851
50 50 51 49 268
50 50 50 50 777
50 50 50 50 697
50 50 50 50 629
50 50 50 50 508
6 6 6 6 34
50 50 50 50 867
50 50 50 50 325
50 50 50 50 400
50 50 50 50 758
50 50 50 50 938
50 50 50 50 883
50 50 50 50 958
16 17 16 16 102
50 50 50 50 542
50 50 50 50 567
50 50 50 50 947
50 50 50 50 430
50 50 50 50 297
50 50 50 50 829
50 50 50 50 653
37 37 38 36 209
50 50 50 50 791
50 50 50 50 366
50 50 50 50 318
50 50 50 50 274
50 50 50 50 929
50 50 50 50 359
50 50 50 50 613
50 50 50 50 844
11 11 11 10 64
50 50 50 50 538
11 11 11 10 64
50 50 50 50 968
50 50 50 50 851
28 27 28 28 168
50 50 50 50 660
50 50 50 50 513
50 50 50 50 895
50 50 50 50 630
50 50 50 50 803
50 50 50 50 746
50 50 50 50 503
50 50 50 50 641
50 50 50 50 320
50 50 50 50 474
50 50 50 50 464
50 50 50 50 791
3 3 4 3 10
50 50 50 50 409
50 50 50 50 883
50 50 50 50 472
17 17 16 17 107
50 50 50 50 762
7 6 7 7 41
50 50 50 50 454
29 29 29 31 182
43 42 43 43 240
50 50 50 50 769
50 50 50 50 675
6 6 5 8 46
12 12 12 13 82
37 37 36 39 220
15 15 14 15 95
40 39 40 43 238
50 50 50 50 650
50 50 50 50 476
20 20 21 19 121
30 30 31 30 179
27 27 27 27 163
50 50 50 50 390
50 50 50 50 882
50 50 50 50 806
50 50 50 50 579
50 50 50 50 848
50 50 50 50 970
28 28 28 25 155
50 50 50 50 899
50 50 50 50 626
50 50 50 50 566
23 24 23 23 142
50 50 50 50 288
50 50 50 50 782
34 33 34 34 198
50 50 50 50 637
13 13 13 10 66
50 50 50 50 476
50 50 50 50 321
50 50 50 50 551
50 50 50 50 352
14 14 12 14 88
50 50 50 50 292
50 50 50 50 990
50 50 50 50 328
14 14 15 12 79
50 50 50 50 790
50 50 50 50 427
50 50 50 50 565
50 50 50 50 675
50 50 50 50 401
50 50 50 50 698
37 37 36 38 216
50 50 50 50 866
50 50 50 50 818
14 14 13 15 94
7 7 7 10 60
14 14 12 14 88
50 50 50 50 780
41 40 41 41 231
50 50 50 50 697
50 50 50 50 651
50 50 50 50 716
50 50 50 50 507
50 50 50 50 933
50 50 50 50 681
50 50 50 50 597
50 50 50 50 720
9 9 9 9 56
50 50 50 50 618
50 50 50 50 573
50 50 50 50 979
50 50 50 50 977
50 50 50 50 781
50 50 50 50 865
2 2 2 3 8
50 50 50 48 264
50 50 50 50 583
20 20 21 19 121
50 50 50 50 513
50 50 50 50 746
50 50 50 50 892
23 23 25 23 143
39 39 37 39 221
50 50 50 50 592
50 50 50 50 850
19 19 20 18 115
50 50 50 50 693
50 50 50 50 640
50 50 50 50 922
50 50 50 50 507
50 50 50 50 310
50 50 50 50 663
50 50 50 50 621
50 50 50 50 954
50 50 50 50 344
50 50 50 50 852
50 50 50 50 912
50 50 50 50 935
15 15 15 13 85
50 50 50 50 680
50 50 50 50 322
50 50 50 50 525
50 50 50 50 652
27 27 26 28 167
50 50 50 50 521
50 50 50 50 802
50 50 50 50 714
50 50 50 50 583
30 31 30 28 170
50 50 50 50 624
42 42 41 44 243
28 28 29 26 160
50 50 50 50 321
50 50 50 50 745
2 2 2 4 15
50 50 50 50 813
4 4 3 4 17
35 35 35 36 207
50 50 50 50 365
41 40 41 41 231
50 50 50 50 532
50 50 50 50 823
50 50 50 50 844
50 50 50 50 522
50 50 50 50 794
50 50 50 50 614
50 50 50 50 494
50 50 50 50 521
8 8 7 8 48
50 50 50 50 558
7 7 9 7 43
50 50 50 50 951
50 50 50 50 722
50 50 50 50 856
50 50 50 50 703
14 14 15 12 79
50 50 50 50 844
50 50 50 50 684
50 50 50 50 921
21 22 21 21 131
50 50 50 50 635
50 50 50 50 407
50 50 50 50 346
50 50 50 50 769
50 50 50 50 712
5 5 6 4 20
50 50 50 50 614
50 50 50 50 732
42 42 41 44 243
50 50 50 50 690
46 46 46 45 250
7 7 7 9 54
50 50 50 50 789
50 50 50 50 730
11 11 10 12 75
23 24 23 23 142
24 24 24 22 138
50 50 50 50 610
50 50 50 50 813
50 50 50 50 633
29 28 29 29 173
50 50 50 50 445
50 50 50 50 537
22 22 20 23 140
50 50 50 50 634
50 50 50 50 297
50 50 50 50 978
50 50 50 50 281
50 50 50 50 778
50 50 50 50 275
50 50 50 50 455
50 50 50 50 908
50 50 50 50 436
50 50 50 50 850
50 50 50 50 760
50 50 50 50 817
50 50 50 50 994
10 10 10 11 69
50 50 50 50 693
48 48 49 48 263
26 26 28 26 159
50 50 50 50 821
50 50 50 50 661
50 50 50 50 586
50 50 50 50 621
4 4 2 4 16
50 50 50 50 871
50 50 50 50 997
50 50 50 50 402
50 50 50 50 293
50 50 50 50 272
50 50 50 50 663
44 43 44 47 256
20 20 19 22 134
4 4 3 4 17
50 50 50 50 669
16 16 17 15 97
50 50 50 50 657
50 50 50 50 549
50 50 50 50 548
17 17 16 17 107
50 50 50 50 331
47 47 45 48 261
50 50 50 50 980
50 50 50 50 836
2 2 2 3 8
50 50 50 50 873
18 18 19 16 104
50 50 50 50 387
50 50 50 50 326
50 50 50 50 813
34 33 34 36 206
46 47 46 46 254
50 50 50 50 308
39 40 39 39 222
50 50 50 50 300
50 50 50 50 401
45 44 45 45 249
50 50 50 50 892
13 13 13 11 72
25 25 24 25 152
50 50 50 50 907
28 28 27 29 172
48 48 48 50 270
50 50 50 50 800
50 50 50 50 365
50 50 50 50 389
23 24 23 23 142
50 50 50 50 573
50 50 50 50 767
50 50 50 50 599
50 50 50 50 652
50 50 50 50 948
32 31 32 32 188
50 50 50 50 981
31 32 31 29 175
46 46 45 47 257
50 50 50 50 692
50 50 50 50 809
32 32 31 33 192
50 50 50 50 432
45 45 45 46 253
50 50 50 50 543
37 37 36 39 220
50 50 50 50 299
50 50 50 50 581
22 22 22 23 141
50 50 50 50 569
5 5 4 6 32
13 13 13 16 99
50 50 50 50 842
50 50 50 50 487
50 50 50 50 899
50 50 50 50 284
50 50 50 50 465
20 20 21 18 116
50 50 50 50 984
50 50 50 50 851
50 50 50 50 963
50 50 50 50 697
49 49 50 47 260
50 50 50 50 517
50 50 50 50 463
50 50 50 50 698
50 50 50 50 353
50 50 50 50 725
50 50 50 50 388
50 50 50 50 869
50 50 50 50 642
38 37 38 38 217
35 36 35 33 195
50 50 50 50 282
50 50 50 50 434
50 50 50 50 533
50 50 50 50 827
50 50 50 50 777
50 50 50 50 967
31 31 30 31 183
12 12 12 10 65
50 50 50 50 282
1 0 1 3 6
50 50 50 50 541
19 19 19 21 129
15 15 14 15 95
19 19 19 21 129
50 50 50 50 971
10 10 10 7 45
50 50 50 50 396
50 50 50 50 998
50 50 50 50 374
50 50 50 50 434
50 50 50 50 677
50 50 50 50 859
50 50 50 50 511
50 50 50 50 739
50 50 50 50 764
50 50 50 50 989
50 50 50 50 387
7 7 7 9 54
37 37 38 36 209
50 50 50 50 881
28 28 27 29 172
50 50 50 50 853
22 22 21 24 145
34 33 34 35 202
50 50 50 50 386
50 50 50 50 830
14 14 15 14 90
50 50 50 50 523
50 50 50 50 810
21 22 21 21 131
50 50 50 50 400
50 50 50 50 360
50 50 50 50 519
50 50 50 50 423
50 50 50 50 799
2 2 2 4 15
50 50 50 50 856
50 50 50 50 428
50 50 50 50 554
44 43 44 47 256
10 10 9 12 74
50 50 50 50 815
50 50 50 50 873
50 50 50 50 358
50 50 50 50 665
34 33 34 35 202
50 50 50 50 307
50 50 50 50 822
50 50 50 50 782
34 33 34 34 198
50 50 50 50 442
50 50 50 50 701
50 50 50 50 351
50 50 50 50 818
25 25 23 26 156
50 50 50 50 720
50 50 50 50 411
48 48 49 48 263
50 50 50 50 641
50 50 50 50 556
50 50 50 50 478
50 50 50 50 958
50 50 50 50 364
50 50 50 50 658
50 50 50 50 494
50 50 50 50 519
50 50 50 50 460
50 50 50 50 938
50 50 50 50 769
50 50 50 50 926
16 16 17 15 97
50 50 50 50 643
50 50 50 50 761
50 50 50 50 398
16 16 16 18 112
50 50 50 50 684
50 50 50 50 560
40 40 39 41 230
50 50 50 50 889
50 50 50 50 747
50 50 50 50 864
43 43 44 41 233
50 50 50 50 396
50 50 50 50 492
50 50 50 50 554
50 50 50 50 341
5 5 4 5 25
50 50 50 50 709
48 48 48 46 255
50 50 50 50 738
50 50 50 50 973
50 50 50 50 710
50 50 50 50 283
35 35 37 35 204
50 50 50 50 773
50 50 50 50 275
50 50 50 50 565
50 50 50 50 979
50 50 50 50 849
50 50 50 50 615
50 50 50 50 374
50 50 50 50 863
50 50 50 50 736
50 50 50 50 885
50 50 50 50 493
15 15 15 13 85
50 50 50 50 294
50 50 50 50 908
50 50 50 50 862
50 50 50 50 690
50 50 50 50 738
50 50 50 50 763
50 50 50 50 782
50 50 50 50 591
50 50 50 50 322
50 50 50 50 935
50 50 50 50 690
50 50 50 50 570
33 33 33 31 185
50 50 50 50 690
50 50 50 50 630
50 50 50 50 667
50 50 50 50 304
50 50 50 50 761
50 50 50 50 396
50 50 50 50 820
50 50 50 50 501
50 50 50 50 491
50 50 50 50 551
50 50 50 50 295
50 50 50 50 960
50 50 50 50 870
50 50 50 50 864
50 50 50 50 391
18 18 17 18 113
50 50 50 50 874
4 5 4 4 18
50 50 50 50 487
50 50 50 50 913
50 50 50 50 727
33 33 32 35 201
50 50 50 50 392
50 50 50 50 279
50 50 50 50 516
50 50 50 50 509
50 50 50 50 697
50 50 50 50 520
50 50 50 50 340
50 50 50 50 879
50 50 50 50 647
32 32 31 33 192
50 50 50 50 947
5 5 5 4 19
50 50 50 50 333
50 50 50 50 824
50 50 50 50 818
13 13 12 15 93
50 50 50 50 549
50 50 50 50 393
50 50 50 50 344
23 23 25 23 143
50 50 50 50 733
50 50 50 50 570
12 12 11 14 87
50 50 50 50 847
50 50 50 50 920
50 50 50 50 948
24 23 24 24 147
50 50 50 50 884
50 50 50 50 275
50 50 50 50 287
50 50 50 50 989
50 50 50 50 379
50 50 50 50 859
50 50 50 50 686
39 39 37 39 221
38 37 38 38 217
50 50 50 50 644
50 50 50 50 406
35 35 37 35 204
6 6 6 3 13
50 50 50 50 556
40 39 40 42 234
50 50 50 50 534
41 41 41 42 235
28 28 27 29 172
50 50 50 50 456
50 50 50 50 458
50 50 50 50 795
50 50 50 50 981
50 50 50 50 694
50 50 50 50 303
50 50 50 50 841
50 50 50 50 634
50 50 50 50 507
50 50 50 50 686
14 14 15 14 90
50 50 50 50 340
50 50 50 50 456
50 50 50 50 813
50 50 50 50 905
50 50 50 50 360
6 6 7 5 28
50 50 50 50 721
50 50 50 50 398
40 39 40 43 238
6 6 6 3 13
50 50 50 50 881
50 50 50 50 560
50 50 50 50 752
44 44 44 43 241
50 50 50 50 740
50 50 50 50 780
50 50 50 50 675
50 50 50 50 542
50 50 50 50 583
50 50 50 50 890
50 50 50 50 485
50 50 50 50 557
50 50 50 50 875
50 50 50 50 903
50 50 50 50 705
50 50 50 50 561
50 50 50 50 502
50 50 50 50 960
50 50 50 50 656
50 50 51 49 268
50 50 50 50 376
50 50 50 50 898
50 50 50 50 567
50 50 50 50 991
50 50 50 50 494
35 35 35 35 203
50 50 50 50 757
50 50 50 50 766
50 50 50 50 300
14 14 14 13 84
50 50 50 50 483
23 23 23 25 151
25 25 27 24 149
1 0 1 3 6
50 50 50 50 988
50 50 50 50 507
50 50 50 50 286
50 50 50 50 744
3 3 4 3 10
50 50 50 50 420
50 50 50 50 832
50 50 50 50 665
3 3 1 5 22
50 50 50 50 981
20 20 18 20 124
50 50 50 50 499
50 50 50 50 325
50 50 50 50 809
42 42 42 39 224
50 50 50 50 593
50 50 50 50 517
50 50 50 50 650
50 50 50 50 426
50 50 50 50 967
50 50 50 50 502
22 22 21 24 145
50 50 50 50 727
50 50 50 50 803
49 49 47 49 266
50 50 50 50 899
5 5 3 6 31
19 19 20 19 120
45 45 46 43 242
10 10 10 11 69
50 50 50 50 948
7 7 6 8 47
50 50 50 50 827
50 50 50 50 842
50 50 50 50 659
50 50 50 50 620
50 50 50 50 962
50 50 50 50 474
50 50 50 50 898
50 50 50 50 397
14 14 14 16 100
50 50 50 50 417
50 50 50 50 406
50 50 50 50 464
50 50 50 50 587
50 50 50 50 693
50 50 50 50 572
6 6 4 7 39
9 9 9 9 56
50 50 50 50 932
50 50 50 50 529
50 50 50 50 995
50 50 50 50 537
50 50 50 50 914
50 50 50 50 524
50 50 50 50 756
50 50 50 50 582
50 50 50 50 765
50 50 50 50 467
50 50 50 50 709
34 34 34 33 194
50 50 50 50 494
50 50 50 50 571
50 50 50 50 857
46 46 46 45 250
50 50 50 50 666
10 10 9 12 74
50 50 50 50 469
41 41 43 41 232
50 50 50 50 365
45 45 46 43 242
50 50 50 50 590
50 50 50 50 517
50 50 50 50 777
50 50 50 50 710
50 50 50 50 381
27 27 27 30 176
50 50 50 50 479
50 50 50 50 589
50 50 50 50 929
38 38 38 35 205
50 50 50 50 343
50 50 50 50 472
33 33 32 35 201
50 50 50 50 508
38 38 38 35 205
3 3 3 3 9
50 50 50 50 660
14 13 14 14 89
50 50 50 50 813
50 50 50 50 308
50 50 50 50 749
50 50 50 50 789
50 50 50 50 660
50 50 50 50 421
50 50 50 50 844
50 50 50 50 785
50 50 50 50 937
16 17 16 16 102
50 50 50 50 355
50 50 50 50 947
50 50 50 50 307
50 50 50 50 698
50 50 50 50 585
10 10 10 7 45
50 50 50 50 674
50 50 50 50 633
50 50 50 50 504
50 50 50 50 843
50 50 50 50 605
50 50 50 50 943
50 50 50 50 713
50 50 50 50 274
50 50 50 50 569
50 50 50 50 596
50 50 50 50 303
50 50 50 50 298
50 50 50 50 490
50 50 50 50 433
50 50 50 50 384
19 19 20 19 120
28 28 27 29 172
50 50 50 50 374
33 32 33 33 193
50 50 50 50 930
50 50 50 50 828
50 50 50 50 774
50 50 50 50 575
50 50 50 50 770
13 13 12 15 93
50 50 50 50 361
50 50 50 50 909
50 50 50 50 954
50 50 50 50 481
50 50 50 50 394
50 50 50 50 287
30 30 30 33 191
50 50 50 50 663
50 50 50 50 836
50 50 50 50 819
50 50 50 50 734
50 50 50 50 512
50 50 50 50 357
45 45 46 44 246
50 50 50 50 783
50 50 50 50 273
50 50 50 50 282
50 50 50 50 568
50 50 50 50 965
50 50 50 50 564
50 50 50 50 529
50 50 50 50 942
50 50 50 50 966
50 50 50 50 728
50 50 50 50 303
50 50 50 50 531
11 11 11 8 52
50 50 50 50 650
50 50 50 50 861
50 50 50 50 619
50 50 50 50 891
50 50 50 50 428
19 19 19 21 129
50 50 50 50 518
50 50 50 50 287
32 32 31 33 192
50 50 50 50 312
40 39 40 43 238
50 50 50 50 453
50 50 50 50 802
50 50 50 50 823
50 50 50 50 590
7 8 7 7 42
41 40 41 41 231
50 50 50 50 482
50 50 50 50 909
30 30 30 33 191
24 24 24 22 138
50 50 50 50 953
50 50 50 50 901
50 50 50 50 410
14 14 13 15 94
19 19 19 21 129
50 50 50 50 558
50 50 50 50 484
47 47 49 47 259
50 50 50 50 825
10 10 10 9 57
50 50 50 50 677
50 50 50 50 932
50 50 50 50 635
50 50 50 50 500
8 8 8 8 49
4 4 4 2 3
5 5 3 6 31
50 50 50 50 893
33 32 33 33 193
50 50 50 50 454
11 11 11 8 52
50 50 50 50 787
50 50 50 50 860
50 50 50 50 438
50 50 50 50 858
50 50 50 50 845
50 50 50 50 286
7 7 7 9 54
50 50 50 50 675
50 50 50 50 629
50 50 50 50 786
50 50 50 50 717
35 35 37 35 204
50 50 50 50 660
40 40 39 40 226
50 50 50 50 925
50 50 50 50 784
50 50 50 50 297
50 50 50 50 288
50 50 50 50 631
50 50 50 50 297
31 31 30 31 183
50 50 50 50 589
50 50 50 50 744
50 50 50 50 597
50 50 50 50 288
20 20 19 22 134
50 50 50 50 521
50 50 50 50 535
50 50 50 50 784
50 50 50 50 847
50 50 50 50 352
50 50 50 50 377
