1000 63806
14 14 13 15 544
13 13 13 10 199
26 26 26 27 770
33 33 33 34 841
10 10 8 10 154
12 12 12 11 269
25 25 27 24 739
17 17 18 16 591
10 11 10 10 170
12 12 10 13 438
12 12 10 12 357
14 14 14 17 600
32 32 32 35 847
50 49 50 50 958
12 12 13 10 195
27 27 27 26 762
13 13 14 12 406
46 46 46 48 944
14 15 14 12 413
19 19 19 20 670
16 16 17 14 532
12 12 12 15 537
10 10 8 10 154
12 11 12 12 375
13 13 14 13 468
26 26 27 24 740
42 41 42 44 917
10 10 10 10 165
25 25 25 22 713
15 15 15 13 479
9 9 11 9 121
47 47 47 49 950
10 10 9 12 325
9 9 9 10 155
13 14 13 11 294
12 12 14 12 397
10 10 10 11 232
9 10 9 8 80
18 18 16 18 630
6 6 6 6 16
23 23 24 22 710
14 14 15 13 477
10 10 10 9 120
7 7 7 10 138
24 24 25 24 736
25 25 25 23 725
16 16 17 16 587
11 11 11 13 443
15 15 15 13 481
14 14 15 12 418
13 13 14 11 304
13 13 12 13 457
34 35 34 33 835
9 9 9 10 157
48 48 48 46 935
9 9 9 10 155
14 14 14 15 549
45 45 45 48 943
20 20 22 19 661
37 37 37 34 846
11 11 13 11 276
27 27 25 28 779
14 14 14 15 549
16 16 17 14 531
10 10 8 10 153
34 34 32 35 848
11 11 11 12 361
48 49 48 48 946
17 16 17 20 664
25 25 23 26 756
9 9 7 11 203
8 8 8 9 106
18 17 18 20 667
23 23 21 23 718
23 23 23 25 744
10 10 10 12 339
17 17 17 18 631
10 10 8 12 314
17 17 17 16 589
13 13 13 11 291
12 12 12 11 266
48 48 48 46 935
13 13 14 11 304
25 25 25 26 758
10 10 10 10 165
11 11 13 11 275
10 10 10 7 56
46 46 44 47 937
29 29 30 29 795
12 11 12 12 371
34 34 35 34 843
33 33 34 31 818
15 15 13 15 547
13 13 13 11 287
10 10 8 11 216
9 9 9 11 221
13 13 15 12 413
14 14 15 13 478
26 26 26 27 770
18 18 18 18 634
37 37 37 34 846
12 12 10 13 439
18 18 18 19 652
8 8 6 8 67
45 44 45 45 926
12 12 10 12 356
10 10 10 8 84
10 9 10 10 163
17 17 18 17 613
15 15 14 16 578
11 11 11 13 441
13 13 13 12 393
29 29 30 29 795
44 44 46 44 921
13 13 12 14 503
31 31 31 30 806
13 13 13 11 290
10 9 10 12 338
35 35 35 35 851
8 7 8 8 71
50 50 50 50 964
50 50 50 50 991
15 15 16 13 485
47 47 48 47 940
10 10 8 12 313
9 9 9 11 221
15 15 15 12 424
31 31 32 30 807
10 10 8 12 317
7 7 5 8 61
13 13 13 11 290
48 48 49 47 941
11 11 12 11 263
26 26 26 27 770
8 8 6 8 66
4 4 2 6 4
18 18 18 21 683
50 50 50 50 988
18 18 18 19 652
10 10 10 11 234
10 10 9 10 160
38 38 37 40 888
13 13 12 13 456
10 10 10 13 429
14 14 14 12 408
22 22 23 21 694
14 13 14 17 599
14 14 14 12 409
12 12 13 12 391
27 27 29 26 764
6 6 6 6 16
21 22 21 21 691
12 13 12 12 383
14 14 15 12 418
10 10 8 10 154
13 13 13 12 392
10 10 10 12 339
15 15 16 15 557
9 9 8 10 150
10 9 10 10 161
11 12 11 10 180
29 29 27 29 792
50 50 50 50 968
50 50 50 50 988
43 44 43 43 913
9 8 9 9 111
50 50 50 50 985
28 28 27 29 791
9 9 8 11 210
7 7 5 8 61
12 13 12 12 384
22 22 24 21 696
12 12 12 11 270
10 10 11 8 88
47 47 47 46 934
11 11 10 13 435
12 12 13 12 387
38 38 38 39 882
8 8 7 8 70
9 9 7 11 203
26 26 26 23 727
13 13 13 12 395
14 14 15 12 419
18 19 18 16 595
50 50 50 50 969
36 36 37 36 860
18 18 17 20 666
11 11 13 11 274
10 10 11 10 173
10 10 8 11 217
31 31 32 31 815
12 12 13 12 387
21 21 21 22 704
11 11 10 12 349
32 32 30 33 830
18 18 17 19 650
18 18 19 16 596
20 20 20 18 640
20 20 20 20 673
42 42 43 41 900
11 10 11 11 246
43 44 43 43 913
7 7 7 10 138
42 41 42 42 905
17 17 16 18 628
32 33 32 31 816
46 46 47 45 928
16 17 16 13 490
16 16 16 18 627
21 21 19 21 687
11 12 11 11 259
50 50 50 50 995
15 15 15 17 603
13 13 11 14 499
26 26 27 24 740
13 13 14 12 404
11 12 11 11 256
12 13 12 12 386
5 5 5 7 34
11 11 12 10 183
13 13 15 13 474
8 8 8 11 205
8 8 9 7 49
9 9 9 12 322
14 14 12 15 541
18 18 17 20 666
7 7 5 8 61
15 15 15 12 424
27 27 27 26 762
41 40 41 41 898
18 18 19 16 596
33 33 33 30 809
10 11 10 10 169
10 10 8 12 317
44 43 44 44 919
50 50 50 50 971
13 13 13 11 288
32 32 31 32 823
9 9 9 12 323
10 10 9 11 223
35 35 35 37 865
6 6 4 7 32
21 20 21 21 689
13 13 13 16 571
14 14 13 14 510
24 25 24 24 735
14 14 15 12 420
9 9 9 8 78
15 14 15 15 551
42 41 42 45 923
46 45 46 49 949
11 11 11 11 252
13 14 13 11 295
13 14 13 13 466
7 8 7 6 21
10 10 11 8 88
34 34 33 36 856
9 9 10 7 54
5 5 5 6 12
11 11 11 11 251
46 46 46 48 944
15 15 13 15 546
18 18 18 21 683
14 14 14 17 600
20 20 20 17 622
16 17 16 13 490
45 44 45 45 926
12 12 11 12 368
10 10 11 10 172
42 42 41 43 911
10 10 10 9 120
7 7 5 8 61
12 12 13 11 278
14 15 14 14 518
23 23 23 25 744
12 12 13 11 282
25 25 25 26 758
45 45 47 43 916
17 17 19 16 594
11 11 12 11 265
9 10 9 8 81
11 11 10 12 350
14 14 15 13 478
26 26 25 26 759
10 10 10 11 236
14 15 14 14 518
22 22 22 22 706
31 31 31 31 814
34 33 34 35 849
9 9 9 11 221
21 21 21 22 704
33 33 35 31 819
38 38 37 40 888
19 19 19 21 685
25 25 23 26 756
14 14 14 11 308
12 13 12 10 189
10 10 10 10 165
28 28 27 28 782
17 17 19 16 595
28 28 28 28 783
5 5 5 6 12
10 10 11 10 173
13 13 11 13 448
11 11 12 10 183
14 13 14 17 598
18 18 19 18 636
28 28 29 26 765
24 24 23 24 733
10 10 9 11 223
11 11 11 14 493
25 26 25 25 748
6 6 5 7 35
12 12 12 12 376
16 16 17 16 587
16 16 16 15 558
13 14 13 11 295
20 20 21 18 642
8 7 8 11 201
16 16 16 17 607
18 17 18 19 651
7 8 7 7 43
12 13 12 12 385
34 34 34 34 842
12 12 11 12 368
17 17 16 19 647
6 6 6 9 94
19 19 19 21 685
15 15 15 17 604
17 17 17 15 563
17 17 17 14 533
16 16 16 13 489
30 30 30 32 821
22 22 22 19 663
16 15 16 16 584
11 11 11 14 493
11 11 12 10 182
15 15 15 12 423
29 29 30 29 795
8 8 7 10 142
12 12 13 11 280
9 9 9 9 112
16 16 16 17 607
17 17 16 18 628
13 13 13 12 392
10 9 10 13 428
18 18 18 19 652
15 15 15 12 424
10 10 9 11 225
36 36 36 35 852
17 17 17 15 563
6 6 5 8 60
10 9 10 13 428
9 9 10 9 117
10 10 10 10 164
50 50 50 50 982
50 50 50 50 1000
19 19 19 20 670
11 11 10 13 434
10 10 10 12 341
50 50 50 50 975
47 47 47 49 950
15 15 14 17 601
7 7 5 8 61
18 18 16 18 630
10 9 10 12 338
19 19 19 17 618
9 9 9 7 51
29 29 29 28 785
8 8 9 8 76
44 43 44 44 919
17 17 19 16 595
16 16 16 13 489
22 22 22 22 706
18 18 18 16 593
18 18 18 15 569
11 10 11 11 247
37 38 37 37 868
14 14 15 12 419
6 6 6 9 94
14 14 14 12 409
12 12 12 13 454
15 15 15 13 481
25 24 25 27 768
34 34 34 34 842
15 15 14 15 550
10 10 9 12 330
12 12 10 12 353
45 45 47 44 922
29 29 29 28 785
15 15 16 14 526
37 38 37 36 861
4 4 4 7 30
12 12 11 13 445
13 14 13 11 296
36 36 36 38 873
29 29 30 28 786
8 8 8 10 147
16 16 17 14 532
22 22 24 21 696
8 7 8 8 72
12 12 12 15 538
42 41 42 42 905
15 15 15 15 553
16 16 17 16 588
16 16 16 13 489
8 8 6 9 97
21 22 21 21 691
22 22 21 24 729
19 19 19 17 618
25 26 25 25 748
12 12 12 15 538
11 12 11 11 254
9 9 9 11 221
13 13 12 13 456
7 7 7 6 19
11 12 11 11 257
15 15 14 17 601
20 20 19 20 671
28 28 28 30 801
27 27 29 27 774
11 11 12 9 132
50 50 50 50 959
11 11 10 13 433
21 22 21 21 691
19 19 21 19 658
14 15 14 14 517
16 16 16 18 627
50 50 50 50 980
14 14 14 12 407
8 8 8 11 208
12 12 11 12 364
7 7 6 8 65
20 20 22 19 661
10 9 10 13 425
50 50 50 50 974
7 7 7 7 42
17 17 18 17 613
43 43 43 46 930
13 13 14 13 468
41 40 41 41 898
50 50 50 50 990
22 22 21 24 729
9 9 10 8 82
50 50 50 50 965
11 11 10 13 433
13 13 15 12 413
10 9 10 13 427
11 11 10 12 347
10 9 10 11 228
10 10 8 11 215
11 12 11 11 256
39 39 39 41 896
11 11 12 9 131
21 21 21 18 644
12 12 12 13 454
8 8 8 9 105
11 11 10 11 237
50 50 50 50 982
39 38 39 39 883
16 16 16 19 646
10 10 8 10 153
13 13 12 13 455
7 6 7 7 40
51 51 51 49 954
8 8 10 7 53
12 12 11 13 444
11 11 10 11 239
21 21 19 21 687
11 11 10 12 348
28 28 28 25 753
13 13 15 13 474
26 26 25 26 759
10 9 10 11 227
23 23 24 21 697
7 7 7 9 100
46 46 46 48 944
13 12 13 13 458
18 18 18 19 652
47 46 47 47 939
11 11 11 12 362
20 20 20 22 701
14 14 15 12 420
16 16 16 18 627
13 14 13 11 294
9 9 8 9 107
11 11 12 9 130
23 22 23 23 720
16 16 15 17 605
8 7 8 10 145
22 22 22 21 693
7 7 9 6 25
9 9 8 11 209
12 12 12 9 133
12 12 10 12 352
13 13 13 13 461
10 10 10 7 56
48 48 48 46 935
15 16 15 14 524
17 17 16 18 628
17 17 18 15 566
10 10 8 11 213
18 18 18 19 652
12 12 10 13 438
12 12 13 11 279
17 17 17 19 649
32 32 32 35 847
31 31 33 30 808
10 10 10 11 235
12 12 13 12 390
25 25 25 26 758
22 22 22 20 678
8 8 8 11 204
21 21 23 20 679
25 25 24 26 757
4 4 4 6 8
24 24 26 24 737
39 39 41 39 885
7 7 6 9 96
12 12 10 12 352
11 11 12 10 182
8 8 6 9 97
16 16 15 16 582
32 32 32 35 847
50 50 50 50 964
33 33 35 31 819
11 11 12 11 264
20 19 20 20 672
38 38 37 40 888
12 12 12 11 267
17 16 17 20 664
10 9 10 11 228
11 11 11 11 252
9 9 8 9 108
27 27 25 28 779
8 8 6 10 137
17 17 17 20 665
38 38 38 41 895
43 44 43 43 913
17 17 15 17 606
12 12 12 10 186
11 11 11 13 443
12 13 12 10 191
12 12 13 12 389
15 15 15 14 521
9 9 9 9 112
12 12 11 12 368
11 11 12 11 264
6 5 6 9 91
8 8 7 8 70
25 25 23 27 766
11 11 11 9 125
10 10 9 12 325
11 12 11 11 258
10 9 10 12 333
17 17 16 18 629
12 12 12 11 270
48 48 47 48 945
7 6 7 7 40
31 31 32 31 815
10 10 8 12 312
6 6 4 7 32
9 9 11 8 85
12 12 12 15 538
11 11 10 12 350
9 9 9 11 218
10 10 8 11 215
16 16 15 18 625
19 19 19 22 699
15 15 15 16 581
9 9 11 8 86
14 13 14 17 599
12 12 12 10 186
12 11 12 12 371
37 38 37 37 868
50 50 50 50 989
10 10 11 8 87
16 16 16 17 607
47 47 47 46 934
42 42 41 43 911
16 17 16 15 561
19 19 18 20 669
11 12 11 11 259
10 10 8 11 213
21 22 21 21 691
11 10 11 11 244
14 14 14 11 308
26 26 28 25 752
9 9 9 12 324
6 6 6 8 64
5 5 5 7 34
10 9 10 13 427
31 31 32 31 815
12 12 13 10 195
39 39 38 40 889
6 6 6 9 94
8 7 8 11 203
17 18 17 16 590
14 14 15 13 477
20 20 18 22 698
10 9 10 12 335
6 6 6 6 16
12 12 11 12 368
23 23 22 24 731
21 20 21 22 703
14 14 14 12 407
24 25 24 22 711
10 10 8 11 216
14 14 15 12 420
8 8 8 8 74
10 10 10 8 84
5 5 5 6 12
10 10 8 11 213
15 15 15 17 603
22 22 22 20 678
11 11 11 8 90
12 12 11 12 366
29 29 31 29 796
39 39 39 36 863
29 29 30 29 795
20 20 18 22 698
5 5 3 6 7
17 17 18 15 566
35 35 35 38 872
33 33 35 31 819
12 12 10 12 356
8 8 8 5 3
12 12 12 12 376
12 12 12 11 268
9 8 9 9 111
11 11 11 8 89
19 19 19 22 699
13 13 13 16 571
50 50 50 50 999
13 13 15 13 474
13 13 14 11 299
14 14 15 13 477
28 28 28 28 783
13 13 13 14 508
8 9 8 8 75
10 10 9 11 223
8 8 7 8 70
12 12 12 13 454
11 11 10 12 347
11 11 11 11 251
29 29 30 29 795
25 25 25 28 778
39 39 39 41 896
12 12 11 12 366
11 12 11 11 254
14 14 14 13 471
13 14 13 11 292
6 6 4 7 32
7 7 7 8 69
14 14 14 11 305
10 10 10 12 339
35 35 37 34 845
12 12 11 12 369
17 18 17 15 565
22 22 22 25 742
13 13 12 14 503
28 28 28 28 783
11 11 11 13 443
50 50 50 50 973
12 11 12 12 373
13 13 15 12 415
17 17 17 14 534
12 12 13 11 284
21 21 23 20 679
9 9 9 12 319
19 19 19 19 655
21 21 21 19 660
11 11 10 12 349
13 13 13 12 394
12 12 12 11 271
8 8 8 8 74
12 12 13 10 192
8 8 8 8 73
32 32 33 32 825
15 15 16 13 487
36 36 36 35 852
13 13 13 13 462
50 50 50 50 978
22 22 22 25 742
11 11 11 9 125
14 14 14 14 515
50 50 50 50 972
16 16 17 16 588
17 17 18 17 614
15 15 15 12 421
12 12 12 13 453
9 9 9 9 112
7 7 5 7 36
50 50 50 50 999
22 22 24 21 696
25 25 25 28 778
17 17 19 16 595
48 48 48 49 951
12 12 13 11 281
12 12 14 12 401
9 9 7 11 200
50 50 50 50 970
13 13 11 13 450
8 8 10 7 53
15 15 16 15 557
16 16 14 16 579
14 13 14 17 598
25 24 25 27 768
14 14 14 11 307
35 35 35 36 858
48 48 48 49 951
35 35 35 37 865
13 13 11 14 499
25 25 26 25 749
13 13 13 11 289
25 25 26 24 738
44 43 44 47 936
14 14 16 13 483
14 14 14 12 410
42 41 42 44 917
19 19 18 20 669
11 11 12 11 261
29 29 27 29 792
12 12 12 13 453
28 28 28 28 783
12 12 13 12 387
13 13 12 13 455
18 17 18 21 682
13 12 13 13 459
50 50 50 50 982
9 9 11 9 122
14 14 14 11 305
17 17 17 17 611
12 12 10 13 437
10 10 10 13 431
8 7 8 9 103
10 10 9 12 327
23 23 21 25 741
11 11 10 12 348
8 7 8 10 144
16 16 16 19 646
12 12 11 13 447
9 9 11 8 86
12 12 12 15 537
28 28 28 28 783
12 12 14 12 397
10 11 10 10 169
10 10 10 13 431
50 50 50 50 972
33 33 33 34 841
33 33 33 33 833
49 49 49 49 952
13 13 13 10 199
8 7 8 10 143
34 34 35 34 843
12 11 12 12 372
32 33 32 31 816
6 6 4 6 11
21 21 22 21 692
18 17 18 21 682
49 49 47 50 956
41 42 41 39 886
15 15 14 16 578
16 17 16 14 530
23 22 23 23 720
10 10 10 12 341
49 49 50 47 942
6 6 5 6 13
15 15 14 16 577
18 18 18 15 568
9 9 9 12 320
42 41 42 44 917
11 11 10 12 346
50 50 50 50 989
11 11 12 10 182
14 14 14 11 310
30 30 30 27 777
22 22 20 24 728
50 50 50 50 982
10 9 10 12 337
44 44 42 44 918
10 9 10 12 333
10 10 10 10 165
17 17 17 20 665
12 12 10 12 354
18 18 18 19 652
13 13 13 12 394
37 37 39 36 862
8 7 8 9 103
11 11 11 11 249
30 30 29 32 820
12 12 14 12 399
7 8 7 7 44
13 13 14 12 406
29 29 31 29 796
12 11 12 12 374
11 11 12 11 264
42 42 41 43 911
22 22 22 21 693
19 19 19 19 655
50 50 50 50 983
42 42 40 42 904
13 13 12 14 503
42 42 42 40 893
14 14 12 15 541
20 20 21 20 675
37 37 37 39 881
9 9 9 8 79
9 9 7 11 200
9 9 9 10 155
12 12 12 10 187
17 17 17 14 534
13 14 13 13 464
12 13 12 10 190
6 6 6 6 16
10 10 8 10 152
44 43 44 47 936
13 14 13 11 297
22 22 22 19 663
15 15 16 14 526
14 13 14 14 513
9 9 8 10 151
23 23 21 25 741
9 9 9 10 157
8 8 9 7 49
12 12 12 11 269
10 9 10 10 161
34 34 32 36 855
10 10 10 12 343
11 11 10 13 434
12 11 12 12 375
5 5 4 6 10
10 10 9 11 223
27 28 27 25 752
47 47 48 47 940
13 13 14 11 298
15 15 13 15 547
12 12 13 11 278
10 9 10 10 163
9 8 9 11 215
25 26 25 25 748
27 27 29 27 774
10 10 9 12 328
8 8 6 8 67
50 50 50 50 973
23 23 22 23 719
50 50 50 50 960
44 43 44 47 936
19 20 19 17 619
14 14 14 16 576
42 42 44 42 907
14 14 16 13 483
17 17 18 17 614
35 35 34 36 857
6 6 6 6 15
15 15 14 16 577
10 10 10 7 56
8 8 8 11 206
25 25 23 25 745
50 50 50 50 972
21 21 21 20 676
34 34 33 36 856
50 50 50 50 994
28 28 28 25 753
22 22 22 21 693
12 12 13 11 279
26 26 26 26 760
22 21 22 22 705
14 14 15 14 520
8 8 8 10 146
11 11 9 12 332
10 10 8 12 313
11 11 10 11 242
46 46 46 48 944
9 9 9 8 79
10 10 8 12 314
10 10 8 12 318
50 50 50 50 986
6 6 6 8 63
47 47 47 49 950
28 28 27 29 791
23 23 24 22 710
17 17 17 20 665
50 50 50 50 983
22 22 22 20 678
42 42 44 42 907
17 17 17 14 533
12 12 12 13 452
16 16 14 16 579
17 17 16 19 647
8 8 10 7 52
8 8 8 11 206
9 9 9 11 220
34 33 34 35 849
13 13 15 12 412
35 35 34 36 857
13 13 13 12 396
41 41 42 41 899
12 12 12 12 376
12 12 10 12 354
37 37 36 39 880
45 46 45 43 915
42 41 42 44 917
34 34 32 36 855
12 12 13 11 280
34 34 34 34 842
17 17 16 18 629
10 10 8 11 213
31 31 32 29 798
26 26 25 27 769
26 26 25 27 769
11 11 10 12 349
12 12 11 12 365
44 44 42 44 918
10 10 10 10 166
12 12 12 12 380
12 13 12 12 383
6 6 6 7 38
12 12 13 11 278
41 42 41 39 886
11 12 11 11 254
5 5 4 6 10
12 12 13 11 283
11 11 11 10 176
12 12 13 10 194
17 18 17 17 612
12 12 11 13 446
11 11 10 11 237
25 25 26 25 749
28 28 29 26 765
33 33 34 31 818
15 15 13 16 574
20 20 20 18 640
18 18 18 20 668
6 5 6 6 14
8 8 6 8 67
11 11 11 8 89
18 17 18 20 667
25 25 24 26 757
31 31 30 31 813
12 12 11 12 365
9 9 8 10 151
13 13 13 13 461
12 12 11 13 445
50 50 50 50 978
13 13 14 11 298
10 9 10 13 428
38 38 38 39 882
13 13 13 12 393
12 11 12 12 374
11 11 11 12 362
23 22 23 24 732
17 17 19 16 594
18 18 18 15 569
12 13 12 10 188
32 32 31 33 831
12 12 11 12 364
8 8 9 6 26
14 15 14 14 518
17 17 18 17 613
11 11 12 11 260
8 8 6 8 66
23 23 23 23 721
15 16 15 14 524
8 9 8 6 24
3 3 3 6 5
8 8 8 5 3
25 25 23 25 745
34 34 32 36 855
48 49 48 48 946
30 30 28 30 802
10 10 9 12 328
18 18 20 18 638
10 10 9 12 330
6 6 6 7 38
11 11 11 11 249
11 11 12 9 131
50 50 50 50 1000
12 12 10 12 353
28 28 27 29 791
10 10 8 11 215
34 34 32 36 855
12 12 11 12 366
12 12 14 12 399
13 13 13 14 508
13 14 13 13 464
11 12 11 10 178
10 9 10 11 227
20 20 20 22 701
19 20 19 17 619
38 38 38 41 895
7 7 7 6 19
50 50 50 50 986
9 9 10 8 82
14 15 14 14 517
48 48 48 49 951
31 31 30 31 813
9 9 9 11 220
37 37 36 39 880
15 15 14 17 601
