1000 65152
50 50 50 50 983
12 13 12 12 384
52 53 52 49 955
50 51 50 48 948
15 15 14 16 578
15 15 13 16 574
20 20 20 18 640
49 49 49 49 952
15 15 14 15 550
20 20 21 18 643
9 9 11 9 121
23 23 24 22 710
17 17 16 19 647
42 42 43 40 894
25 24 25 25 747
44 44 46 43 915
7 7 5 8 62
42 41 42 44 917
10 11 10 10 168
10 10 10 7 55
13 13 11 14 499
16 17 16 15 561
14 14 14 12 407
25 25 25 23 725
18 17 18 21 682
32 32 31 33 831
4 4 4 7 29
25 25 27 25 750
33 33 33 31 817
11 11 12 9 132
15 16 15 15 555
45 45 45 46 932
15 15 15 17 604
35 35 37 34 845
50 50 50 50 969
50 50 50 50 982
14 14 14 11 307
15 15 15 13 479
15 15 15 12 422
49 49 47 50 956
12 12 11 14 497
37 37 37 34 846
15 15 15 15 553
36 36 37 36 860
47 46 47 47 939
50 50 50 50 967
20 20 21 18 642
50 50 50 50 959
47 47 47 46 934
13 13 13 11 287
8 8 8 6 23
9 9 9 8 79
10 10 10 12 344
17 17 17 15 563
9 9 9 12 322
7 6 7 7 40
26 26 28 25 752
6 5 6 9 92
10 9 10 13 428
11 11 13 11 274
50 50 50 50 993
11 12 11 10 178
9 9 8 9 108
23 23 23 23 721
5 5 5 8 59
12 12 14 12 397
50 50 50 50 984
50 50 50 50 959
17 17 18 17 614
9 9 9 6 27
17 17 18 16 591
12 12 10 12 354
9 9 10 7 54
10 10 9 12 328
22 22 22 22 706
10 10 8 12 317
14 14 14 13 472
33 33 33 33 833
38 38 38 39 882
17 17 18 17 613
11 11 11 9 126
24 25 24 22 711
15 16 15 15 556
50 50 50 50 963
50 50 50 50 989
10 9 10 13 428
8 8 10 7 53
13 13 14 11 301
47 47 45 47 938
44 44 44 46 931
11 11 11 12 358
36 36 36 33 837
8 8 6 10 135
10 9 10 10 161
5 5 4 6 9
10 10 8 11 213
34 33 34 35 849
14 13 14 14 512
28 28 30 27 776
10 9 10 13 425
8 8 8 5 2
27 27 25 28 779
12 12 11 12 369
48 48 50 48 947
9 9 9 11 219
14 14 15 13 477
50 50 50 50 991
21 22 21 21 691
50 50 50 50 983
19 19 18 19 653
6 6 4 7 32
30 30 29 32 820
10 10 9 12 330
11 12 11 11 258
13 13 13 11 287
8 8 9 7 50
9 9 10 8 82
41 41 41 40 892
12 12 11 13 444
10 10 10 12 344
10 10 8 12 314
13 14 13 13 467
28 28 29 28 784
12 12 11 12 368
38 38 37 40 888
8 8 8 7 47
47 47 45 47 938
44 45 44 44 920
16 16 16 13 488
29 29 28 29 793
16 16 17 14 532
10 11 10 10 169
13 13 12 15 539
22 23 22 22 707
10 11 10 10 167
50 51 50 48 948
7 7 9 6 25
25 25 25 28 778
10 10 10 12 341
10 10 8 12 315
12 12 12 15 537
17 17 17 15 564
50 50 50 50 997
8 8 8 10 146
10 10 8 12 317
11 12 11 11 257
13 13 13 10 199
11 11 10 12 350
12 12 11 13 444
50 50 50 50 993
13 14 13 13 467
29 29 29 27 775
13 13 11 13 448
16 17 16 13 490
18 18 20 18 638
11 11 11 9 126
45 45 45 48 943
9 9 9 10 155
14 14 15 12 420
42 42 41 43 911
24 24 25 24 736
8 8 6 8 66
17 17 16 17 608
11 12 11 10 178
50 50 50 50 962
21 21 21 22 704
13 13 13 10 197
17 17 18 16 592
20 20 22 20 677
50 50 50 50 989
6 6 6 8 63
4 4 2 6 4
12 12 13 11 284
16 16 17 16 587
10 10 8 12 316
12 12 10 12 352
50 50 50 50 982
33 33 33 30 809
25 25 27 25 750
20 20 22 19 661
14 14 15 12 420
12 12 12 11 271
13 13 12 13 455
37 37 36 39 880
9 9 11 9 122
39 39 39 36 863
10 10 10 13 430
10 10 11 9 123
25 25 27 24 739
16 16 17 15 562
16 17 16 14 529
10 9 10 11 228
30 30 28 31 811
27 27 27 26 762
8 8 8 9 105
50 50 50 50 983
9 10 9 8 80
7 7 9 6 24
10 10 10 7 56
8 8 7 9 101
50 50 50 50 985
13 14 13 11 295
14 13 14 14 513
12 12 11 12 369
11 11 11 11 252
17 17 17 17 611
13 13 13 14 509
23 23 23 20 681
11 11 10 11 242
14 14 15 12 420
12 12 12 11 269
10 9 10 12 332
45 45 45 48 943
10 10 9 12 326
11 11 12 11 264
6 6 4 6 11
10 10 9 11 226
11 11 13 11 276
37 37 39 36 862
15 15 15 16 581
13 13 13 13 461
15 15 15 14 521
34 35 34 32 827
12 12 13 11 283
9 9 10 8 82
12 12 12 12 379
12 12 11 14 495
11 11 10 11 238
14 14 15 12 416
14 14 13 16 573
10 9 10 10 161
7 8 7 7 43
12 12 11 12 367
13 13 13 12 395
26 26 27 25 751
18 18 18 16 593
13 13 15 12 414
33 33 35 31 819
10 10 10 11 236
17 17 17 14 533
13 13 15 12 415
16 16 15 17 605
26 26 26 28 780
17 17 17 19 649
12 12 12 11 269
10 10 10 11 233
31 31 32 31 815
25 25 26 25 749
15 16 15 14 524
7 7 8 6 22
42 42 42 40 893
11 11 11 12 358
13 13 11 14 498
42 42 43 40 894
21 21 20 22 702
9 9 9 8 78
16 16 17 15 562
12 12 12 12 377
39 39 40 39 884
8 8 7 9 101
16 17 16 15 560
11 11 12 11 263
10 10 10 13 431
37 37 39 36 862
19 19 20 19 656
14 14 14 11 308
16 15 16 16 584
8 8 8 9 106
32 32 31 32 823
33 33 34 33 834
50 50 50 50 979
50 50 50 50 968
17 17 17 20 665
21 21 21 19 660
41 40 41 41 898
50 50 50 50 960
9 9 9 8 79
11 12 11 11 255
18 18 20 18 638
25 26 25 25 748
12 12 13 11 279
10 10 8 10 154
12 12 12 10 185
50 50 50 50 962
21 20 21 21 689
29 29 29 28 785
50 50 50 50 981
12 11 12 12 372
50 50 50 50 985
37 37 35 37 866
11 11 10 11 238
9 9 9 11 221
6 6 6 8 63
11 11 10 13 433
20 20 20 19 657
16 15 16 16 584
50 50 50 50 962
25 25 25 23 725
11 10 11 11 246
13 14 13 13 464
12 12 13 11 284
15 15 13 16 574
20 20 20 21 688
20 20 21 19 659
11 11 10 12 351
15 15 14 16 577
12 13 12 12 385
13 13 12 13 456
50 50 50 50 983
28 28 30 27 776
43 43 43 46 930
28 28 27 30 800
50 50 50 50 963
4 4 2 6 4
12 12 11 14 497
24 24 24 23 723
5 5 5 6 12
10 10 8 11 216
48 49 48 48 946
12 12 11 14 495
16 15 16 16 583
12 12 11 12 368
8 8 8 7 47
13 13 14 11 300
25 25 23 26 756
25 25 25 23 725
42 42 41 43 911
9 9 10 7 54
18 18 17 18 632
13 12 13 13 460
11 11 10 12 348
13 13 14 11 303
17 17 19 16 595
31 31 32 29 798
12 12 10 13 437
20 20 22 20 677
6 5 6 9 91
33 33 32 34 840
4 4 3 6 6
15 16 15 15 555
11 11 10 12 348
17 17 15 17 606
44 44 46 44 921
10 9 10 11 228
11 11 11 12 359
4 4 4 6 8
8 8 8 6 23
33 33 33 34 841
10 9 10 13 425
10 10 9 11 224
8 8 8 8 74
34 34 32 36 855
42 41 42 45 923
13 13 11 13 449
12 12 13 11 282
30 30 30 32 821
9 9 9 6 27
32 32 31 33 831
29 29 30 28 786
47 46 47 47 939
24 24 24 25 746
10 11 10 10 169
16 16 17 14 532
32 32 31 33 831
16 15 16 16 584
50 50 50 50 988
14 14 15 12 419
24 24 23 26 755
44 45 44 44 920
50 50 50 50 971
18 18 18 15 569
8 8 8 9 106
12 12 13 12 387
51 51 51 49 954
18 17 18 21 682
10 10 10 13 432
15 14 15 15 552
15 15 15 12 421
12 11 12 12 371
27 27 27 26 762
23 23 23 25 744
10 10 8 12 315
26 26 26 26 760
6 6 6 8 63
14 14 15 12 419
37 38 37 36 861
48 48 48 49 951
10 10 9 12 331
51 51 51 49 954
31 31 31 29 797
18 18 17 20 666
14 14 14 12 408
10 10 9 12 328
15 14 15 15 551
11 11 10 13 434
10 10 9 11 222
10 9 10 12 334
10 10 9 11 223
5 5 5 7 33
37 37 37 39 881
13 13 11 14 499
7 8 7 6 21
10 10 10 9 120
52 53 52 49 955
14 14 14 17 600
12 12 13 10 195
15 15 15 14 521
8 8 6 8 67
45 45 46 45 927
4 4 4 7 29
12 12 11 14 496
8 8 8 11 208
8 8 6 8 66
13 13 12 13 455
10 11 10 10 169
34 34 34 34 842
20 20 21 19 659
6 5 6 9 92
24 24 25 22 712
9 9 7 11 202
10 10 8 10 154
16 16 15 17 605
15 15 15 14 521
50 49 50 50 958
11 11 11 12 360
50 50 50 50 988
17 17 16 19 647
45 45 47 43 916
11 10 11 12 354
11 11 11 14 493
10 10 8 11 215
34 34 35 34 843
15 15 16 13 486
20 20 21 20 675
44 43 44 45 925
31 31 32 29 798
12 12 14 12 397
46 46 47 45 928
33 33 33 31 817
12 12 12 11 270
50 50 50 50 981
5 5 5 8 58
35 35 34 36 857
8 8 8 10 147
8 8 6 9 98
23 23 22 23 719
39 39 39 41 896
11 11 11 12 359
46 46 46 46 933
24 24 24 25 746
43 43 41 44 917
10 10 8 10 154
23 22 23 23 720
50 50 50 50 991
12 12 13 11 280
50 50 48 50 957
16 16 16 14 528
13 13 15 12 415
12 11 12 12 375
11 12 11 10 180
10 10 10 12 341
12 12 10 12 355
10 9 10 13 425
8 8 9 6 26
22 22 23 20 680
17 17 18 16 592
10 10 11 10 173
15 16 15 14 523
33 33 32 34 840
27 27 25 28 779
10 10 10 11 233
13 14 13 11 297
12 12 12 10 186
47 47 47 46 934
12 13 12 10 188
10 9 10 11 229
44 44 42 44 918
5 5 5 6 12
12 13 12 10 191
14 14 15 12 418
44 44 46 43 915
44 44 42 45 924
18 17 18 21 682
10 10 9 12 331
49 49 49 49 952
16 16 16 16 585
17 17 17 16 589
4 4 4 6 8
13 13 14 12 405
20 20 18 21 684
17 17 18 16 591
10 10 10 9 120
8 8 8 8 74
9 9 9 12 322
10 10 8 11 213
51 51 51 49 954
10 10 8 10 154
15 15 15 12 423
12 12 12 11 268
23 23 21 25 741
9 8 9 9 110
28 28 30 27 776
23 23 21 23 718
5 5 5 8 59
13 13 15 13 476
34 34 34 37 864
32 32 33 32 825
4 4 4 7 29
11 12 11 10 179
15 16 15 14 523
8 8 7 8 70
35 35 35 32 828
49 49 50 47 942
8 8 7 10 142
12 12 12 10 187
14 14 14 17 600
8 8 8 8 74
13 13 14 13 469
18 18 20 18 638
27 26 27 30 799
13 13 13 10 199
10 10 10 12 340
11 11 13 11 275
9 9 8 11 209
10 10 10 12 344
28 28 27 28 782
16 17 16 14 529
10 9 10 12 336
40 40 40 41 897
22 22 20 23 716
50 50 50 50 997
9 9 8 11 210
12 12 13 12 389
14 14 12 15 542
7 7 5 8 61
42 42 43 41 900
14 15 14 14 517
11 11 11 12 360
9 8 9 12 312
8 8 9 7 49
48 48 48 49 951
11 11 10 11 242
12 12 13 12 390
17 17 16 17 608
17 17 18 17 613
10 10 10 13 429
21 21 20 23 715
11 10 11 11 244
10 9 10 11 231
23 23 23 25 744
12 12 12 14 502
26 26 28 25 752
9 10 9 8 81
10 10 9 12 325
18 18 18 16 593
13 13 13 11 285
13 14 13 13 465
17 18 17 17 612
12 12 14 12 400
12 12 11 13 447
34 33 34 35 849
48 49 48 48 946
12 12 14 12 399
8 8 6 10 136
13 13 14 11 303
50 50 50 50 1000
12 12 10 12 356
29 29 30 29 795
14 14 14 11 307
12 12 12 14 502
42 43 42 42 906
18 18 18 20 668
20 20 21 19 659
19 19 18 20 669
15 15 16 14 525
14 15 14 14 517
12 13 12 10 191
12 12 12 13 453
50 50 50 50 995
22 22 21 23 717
9 9 8 9 108
50 50 50 50 996
23 23 23 21 695
13 13 13 11 285
11 11 12 9 131
20 20 20 22 701
33 33 34 33 834
14 14 12 15 541
12 12 12 10 186
12 12 11 12 364
11 11 11 8 89
6 6 5 6 13
12 12 12 15 537
28 28 27 30 800
12 12 12 12 380
10 10 10 13 432
50 50 50 50 998
9 10 9 9 115
37 37 39 36 862
11 12 11 11 257
13 13 13 13 462
28 28 28 30 801
12 12 13 11 282
6 5 6 6 14
21 21 21 22 704
16 17 16 15 560
17 17 15 17 606
11 12 11 11 255
17 17 16 18 628
18 18 19 18 636
11 11 10 11 240
46 46 46 46 933
22 22 21 24 729
48 48 48 46 935
21 21 19 21 687
8 8 7 8 70
10 9 10 12 337
46 46 44 47 937
10 10 9 12 327
10 10 8 10 154
11 11 12 11 265
13 13 14 11 301
32 32 31 33 831
7 7 5 8 61
10 9 10 10 163
4 4 4 7 30
12 12 12 14 501
9 9 8 11 212
39 39 38 40 889
38 37 38 38 875
10 10 10 12 344
21 21 22 19 662
49 49 47 50 956
36 36 36 33 837
41 42 41 39 886
17 16 17 17 610
10 10 10 13 431
10 9 10 11 228
16 17 16 16 586
26 26 26 27 770
16 16 16 16 585
25 25 23 25 745
13 13 14 13 469
12 12 12 14 500
11 11 11 12 359
14 14 15 12 417
44 45 44 44 920
29 29 28 29 793
18 18 18 20 668
30 30 30 27 777
6 6 6 9 94
28 28 28 28 783
13 13 13 16 571
12 12 13 11 278
6 7 6 6 17
10 10 10 10 165
22 23 22 22 707
39 39 38 40 889
9 10 9 8 81
50 50 50 50 966
10 10 8 11 213
8 8 9 6 26
17 17 17 17 611
26 26 26 26 760
13 13 13 13 463
7 7 7 9 99
8 8 9 7 49
9 10 9 8 80
9 10 9 9 114
10 10 9 11 224
30 30 28 30 802
6 6 5 7 35
10 10 8 12 315
11 11 11 11 248
11 12 11 10 180
7 7 9 6 25
50 50 50 50 996
11 11 10 11 239
11 11 10 11 239
3 3 3 6 5
10 10 8 12 315
35 35 35 35 851
14 14 14 14 515
27 26 27 30 799
13 14 13 13 466
13 14 13 11 296
28 28 28 25 753
31 31 31 29 797
26 26 25 27 769
15 15 16 14 525
11 12 11 11 255
50 50 50 50 973
11 11 10 11 240
7 7 5 7 37
50 50 50 50 996
25 25 24 26 757
11 11 11 12 358
42 42 43 40 894
26 26 26 23 727
11 11 12 10 184
50 50 50 50 964
10 10 10 13 429
27 27 28 26 763
15 15 15 15 554
10 10 10 9 118
22 22 20 23 716
19 19 18 19 653
9 9 7 9 104
15 15 15 12 424
13 13 13 11 286
32 32 31 32 823
7 6 7 7 40
25 25 26 24 738
7 8 7 7 44
13 13 13 11 286
11 11 11 9 126
17 17 16 18 628
28 28 27 30 800
9 9 7 9 104
42 42 44 41 901
16 16 16 13 489
43 43 43 46 930
50 50 50 50 979
16 16 16 14 528
17 17 18 16 591
10 10 9 10 160
33 33 33 31 817
7 7 7 10 139
18 18 18 18 634
13 13 14 13 468
18 18 17 20 666
21 21 21 21 690
10 10 10 7 56
45 45 45 46 932
12 12 11 14 497
47 47 45 47 938
9 9 8 10 150
18 18 20 17 620
38 38 37 40 888
28 28 27 28 782
29 29 29 29 794
12 13 12 12 384
12 12 11 12 369
12 12 10 12 353
44 44 44 46 931
49 49 47 50 956
13 13 11 13 449
10 10 10 12 341
10 10 9 11 226
12 12 10 13 437
44 44 42 44 918
8 8 8 8 73
24 24 26 24 737
30 30 30 30 804
14 14 14 11 308
13 14 13 11 296
50 50 50 50 990
35 35 34 36 857
11 11 11 13 441
50 50 50 50 962
39 38 39 39 883
50 50 50 50 960
25 25 23 26 756
14 14 14 12 407
15 15 15 12 421
10 9 10 13 428
11 11 11 11 251
28 28 27 28 782
15 16 15 14 523
17 17 19 16 595
9 9 8 11 209
30 31 30 30 805
11 11 13 11 276
14 14 14 12 411
15 15 16 14 526
42 42 44 41 901
41 41 42 41 899
6 6 6 8 64
22 23 22 22 707
9 9 9 10 155
44 43 44 44 919
20 20 22 19 661
40 40 40 37 871
12 12 12 10 186
31 31 30 31 813
11 11 10 12 345
16 16 16 13 489
19 19 19 16 597
10 10 8 12 318
39 39 41 39 885
44 43 44 47 936
13 13 13 11 290
31 31 31 34 838
26 26 28 25 752
11 11 10 13 436
46 45 46 49 949
9 9 10 9 116
8 8 7 10 142
24 25 24 22 711
38 38 38 41 895
21 21 22 21 692
49 49 47 50 956
27 27 28 26 763
10 10 8 11 217
22 22 21 23 717
21 22 21 19 661
5 5 5 8 58
8 8 6 9 97
12 12 10 13 437
18 18 20 18 638
6 5 6 9 91
9 8 9 9 109
14 14 14 13 472
8 8 6 8 67
48 49 48 48 946
44 43 44 44 919
9 9 9 12 324
13 12 13 13 460
10 9 10 13 427
34 34 32 35 848
13 13 12 15 539
34 34 33 36 856
49 49 49 49 952
10 10 10 10 166
6 6 4 8 57
16 17 16 13 492
12 12 12 11 266
35 36 35 34 844
10 10 9 12 325
9 9 11 9 121
10 10 8 12 315
32 32 31 32 823
31 31 32 31 815
7 7 6 7 39
10 9 10 13 426
9 9 8 11 210
29 29 27 29 792
25 25 23 25 745
18 17 18 20 667
10 10 10 9 118
17 17 16 19 647
12 12 10 12 352
18 17 18 20 667
7 7 6 7 39
6 6 6 8 63
10 9 10 13 428
51 51 51 49 954
14 14 14 12 410
12 12 12 10 187
6 6 4 6 11
29 29 27 29 792
10 10 8 12 316
7 7 6 9 96
13 12 13 13 458
10 9 10 13 426
16 17 16 13 490
8 8 8 7 46
12 12 12 12 376
8 8 8 10 148
12 12 11 13 447
20 19 20 20 672
34 34 34 37 864
10 10 10 9 119
9 9 9 12 324
9 8 9 9 110
17 17 17 20 665
11 11 11 13 441
15 15 14 16 577
10 9 10 10 161
31 31 30 31 813
12 12 14 12 397
14 14 14 13 472
39 38 39 39 883
37 38 37 37 868
11 12 11 10 178
50 50 50 50 971
13 13 13 16 572
13 13 14 12 404
21 21 21 21 690
50 50 50 50 965
25 25 25 23 725
13 13 13 14 507
35 35 35 37 865
14 14 13 16 573
11 11 12 10 183
8 8 8 9 105
25 25 25 28 778
45 45 45 46 932
27 26 27 29 790
19 19 19 17 618
15 15 15 17 603
8 8 8 9 105
17 17 17 18 631
11 11 12 11 264
14 14 13 14 511
11 11 11 8 89
10 10 10 10 166
9 9 7 11 200
9 9 9 10 156
16 16 16 15 558
12 12 13 10 194
11 11 11 11 250
49 49 47 50 956
42 43 42 42 906
29 29 28 29 793
40 39 40 43 909
24 24 25 23 724
16 16 17 16 587
16 16 15 18 625
13 13 14 13 470
12 12 12 13 451
6 6 4 7 32
8 8 7 8 70
27 27 25 28 779
25 25 24 26 757
35 36 35 34 844
11 11 11 10 176
11 12 11 9 129
32 32 32 35 847
16 17 16 13 492
47 47 45 47 938
12 12 12 11 268
14 14 14 17 600
12 12 14 12 400
30 30 29 32 820
16 16 17 14 531
14 14 12 15 541
7 7 6 9 96
35 35 35 38 872
24 24 25 24 736
34 35 34 32 827
19 19 19 16 597
13 13 11 13 450
10 10 9 12 325
16 17 16 13 492
12 12 10 12 352
27 26 27 29 790
11 11 10 12 350
28 28 28 30 801
11 11 10 11 239
13 13 13 11 285
30 30 29 31 812
14 14 14 12 411
7 7 7 6 19
35 35 35 35 851
16 16 16 15 559
8 8 9 8 77
35 35 35 35 851
12 12 13 12 387
13 13 14 11 300
6 6 6 6 16
50 50 50 50 972
10 9 10 10 163
12 12 12 11 269
23 22 23 25 743
14 14 14 13 472
13 13 14 13 469
11 11 11 14 494
15 15 15 17 604
50 50 50 50 995
36 36 37 36 860
10 10 9 11 225
11 11 11 10 174
10 10 10 11 233
47 47 48 45 929
12 12 11 13 447
17 17 17 14 534
10 10 9 11 223
5 5 3 7 28
8 7 8 8 71
12 12 12 13 454
16 16 15 16 582
11 11 10 12 346
50 50 50 50 973
7 7 9 6 24
13 14 13 11 292
32 32 31 32 823
50 50 50 50 991
11 11 11 12 363
20 20 19 22 700
24 24 23 26 755
10 9 10 12 337
16 16 15 17 605
11 11 11 12 358
30 30 30 32 821
7 8 7 6 21
32 32 30 33 830
36 36 36 33 837
9 9 11 9 122
47 47 47 49 950
8 8 7 8 70
14 14 14 12 409
26 26 26 27 770
11 11 12 11 264
10 9 10 11 227
10 9 10 11 229
7 7 6 7 39
13 13 13 15 543
35 35 35 33 836
10 9 10 12 335
