1000 269144
25 25 25 22 485
25 25 25 22 485
36 36 36 34 622
13 13 13 10 167
31 32 31 31 584
45 45 46 43 969
22 23 22 22 34
25 25 23 26 522
7 7 7 10 260
12 12 10 12 139
12 12 12 9 255
41 40 41 41 711
33 33 33 35 627
11 11 11 9 230
9 9 9 11 161
13 13 12 14 367
40 39 40 43 736
42 41 42 45 950
19 19 21 17 70
18 18 18 15 90
20 20 21 18 435
11 12 11 11 313
41 41 41 42 990
49 49 49 46 846
28 28 28 26 530
26 26 25 27 535
21 21 20 22 36
25 25 23 27 532
11 11 12 9 251
13 13 12 14 367
43 43 43 44 762
11 12 11 9 218
44 45 44 44 766
10 10 10 10 181
8 8 8 11 300
26 26 27 24 18
45 45 45 46 814
30 30 30 30 572
12 12 12 10 293
11 11 11 14 364
46 46 47 45 795
45 45 45 46 916
16 16 14 17 78
29 29 29 27 541
43 43 45 43 972
22 22 24 21 39
25 25 25 22 485
11 11 12 11 315
45 45 44 45 786
44 43 44 47 881
23 23 25 23 494
36 36 36 36 643
35 35 36 35 632
18 17 18 20 451
11 10 11 11 311
25 25 24 27 533
11 11 11 9 238
17 17 19 16 407
42 41 42 43 741
12 12 12 10 292
10 10 8 11 303
47 47 47 44 775
39 39 40 38 672
43 43 43 45 946
11 11 11 9 220
18 17 18 19 440
40 40 40 41 709
20 20 20 22 476
31 32 31 31 584
9 9 8 11 302
44 44 44 47 868
14 14 15 13 359
21 21 21 23 488
16 16 16 13 114
46 46 44 46 918
27 27 27 27 538
41 41 42 41 999
13 13 14 12 340
41 42 41 39 687
11 11 11 9 237
31 31 31 33 603
11 11 10 11 309
44 44 44 47 858
11 11 10 13 347
46 46 47 46 825
44 44 43 44 763
22 22 23 20 460
27 27 27 27 538
11 12 11 9 246
8 8 8 10 268
11 12 11 11 314
47 47 48 46 899
17 18 17 16 405
41 41 41 43 979
19 19 19 18 432
48 48 48 45 929
38 38 38 41 705
8 7 8 10 194
11 11 10 12 330
44 44 44 47 867
25 25 25 24 505
27 26 27 28 547
45 44 45 45 941
44 44 44 47 860
15 15 15 17 412
13 13 15 12 130
45 45 47 44 772
44 44 44 47 871
13 13 12 15 381
35 35 37 35 633
46 46 46 45 792
48 48 48 45 801
23 22 23 24 22
41 41 40 42 723
29 29 29 31 580
16 16 16 14 103
20 20 20 20 49
22 22 23 20 46
44 44 43 45 945
11 12 11 10 174
17 17 17 19 439
12 12 11 12 333
10 9 10 10 183
21 21 23 21 40
47 47 49 46 895
46 46 44 46 918
10 10 8 11 162
20 20 20 23 486
37 37 37 40 690
42 43 42 42 728
8 8 7 10 263
10 10 8 10 273
37 37 39 37 658
41 41 40 42 991
47 47 47 46 906
16 16 14 16 399
45 44 45 45 941
8 8 7 10 196
45 45 45 45 939
23 23 23 22 33
22 22 24 21 472
41 41 40 42 723
10 10 8 10 188
32 32 32 33 605
16 15 16 16 85
44 44 44 47 868
26 26 26 23 497
26 26 25 27 535
15 15 15 18 424
39 39 37 41 704
24 24 25 24 20
9 9 7 11 298
11 10 11 11 311
8 8 6 10 203
11 12 11 9 217
12 12 12 14 366
25 25 25 28 544
43 43 41 44 965
13 13 13 11 319
11 11 11 9 222
40 39 40 43 736
19 19 18 21 463
10 9 10 11 158
33 33 34 31 588
18 17 18 18 66
43 43 43 44 762
13 13 13 14 109
23 23 21 24 499
11 11 11 10 175
17 17 17 14 379
44 43 44 47 881
46 46 47 44 773
41 42 41 39 687
14 14 14 17 410
48 48 48 45 929
15 15 13 15 384
23 23 21 24 499
9 9 9 10 275
12 12 14 12 132
11 11 11 9 228
23 23 23 25 16
11 11 11 9 231
13 13 13 11 148
11 11 13 11 317
38 38 38 41 705
14 14 16 13 360
10 9 10 12 327
44 44 44 44 959
44 45 44 44 766
43 43 43 40 703
11 11 11 12 138
42 42 42 45 949
47 47 47 45 797
15 15 15 12 344
47 47 48 46 833
44 44 44 42 733
11 12 11 9 244
40 40 41 38 674
12 12 12 10 171
11 10 11 11 311
17 17 18 16 406
42 42 42 44 758
39 39 39 41 707
12 12 13 10 296
17 17 17 15 392
29 29 29 32 590
9 9 8 10 189
13 13 14 12 131
26 26 26 26 8
37 36 37 37 655
21 21 19 21 465
9 9 8 10 190
10 9 10 10 183
11 10 11 11 155
45 45 44 45 942
47 47 47 46 905
45 45 46 44 770
27 27 29 27 1
46 46 46 46 821
40 39 40 42 722
46 46 46 46 912
10 9 10 13 127
39 39 40 37 661
10 10 9 10 277
17 17 17 20 450
40 39 40 42 722
13 13 15 13 117
22 22 22 20 459
42 42 42 45 777
47 47 47 45 796
44 44 44 44 959
13 13 14 11 146
23 23 25 23 26
10 10 8 10 187
12 12 13 12 134
27 27 29 27 540
49 49 49 46 848
46 47 46 46 822
8 8 8 10 192
46 45 46 46 913
41 42 41 41 712
23 23 23 21 471
47 47 49 46 837
12 12 12 9 255
41 42 41 39 687
19 19 19 19 57
44 43 44 47 849
45 45 44 45 785
33 32 33 33 606
43 43 45 43 749
10 10 10 12 328
18 18 19 18 431
12 12 12 11 151
41 41 40 42 723
23 23 22 25 510
16 17 16 15 93
44 44 44 46 921
11 11 12 9 211
20 20 20 19 56
12 12 13 10 168
23 23 21 24 23
41 41 40 43 980
35 35 35 33 610
37 37 37 40 690
16 17 16 13 113
42 42 42 43 742
15 15 14 15 96
20 20 20 23 486
20 20 21 18 435
37 37 37 34 624
20 20 19 20 454
45 45 47 44 772
13 13 13 11 320
9 9 8 11 302
44 44 44 47 863
11 11 11 9 235
36 36 35 36 642
44 44 44 46 921
29 29 27 30 568
22 22 23 20 46
12 12 12 13 351
12 12 11 12 137
44 44 44 47 876
35 34 35 37 651
44 43 44 47 879
18 18 18 15 394
19 19 20 18 433
38 38 38 41 705
18 17 18 19 440
18 18 18 18 430
19 19 20 19 444
43 42 43 43 744
46 46 46 46 911
47 47 48 45 799
47 47 47 44 775
11 11 10 11 156
7 7 7 10 262
16 17 16 13 113
20 20 19 20 454
43 43 43 44 762
35 36 35 33 611
40 40 40 38 673
22 22 21 22 35
10 10 9 12 142
9 9 9 11 304
46 46 45 46 817
35 35 35 35 631
11 11 10 11 309
36 36 36 38 665
44 44 43 44 763
43 43 44 43 747
29 29 29 27 541
15 15 13 16 397
38 38 37 40 691
25 25 25 24 505
18 19 18 17 419
12 13 12 10 170
10 10 8 10 273
9 9 8 11 301
24 25 24 24 504
10 11 10 10 283
10 9 10 10 183
9 9 8 11 163
38 38 39 36 648
31 31 31 32 593
47 47 48 46 831
12 12 10 13 125
34 34 32 34 616
14 14 12 14 368
9 9 9 11 304
47 47 47 46 826
40 40 38 41 706
47 47 49 46 839
18 17 18 18 429
13 13 15 13 358
45 45 44 45 786
47 47 47 45 796
16 16 16 13 362
19 19 21 19 445
34 35 34 34 619
45 45 45 44 768
35 34 35 35 630
46 46 47 44 774
11 10 11 11 311
40 40 40 38 673
17 17 18 16 82
11 11 11 9 237
43 43 43 45 780
43 43 43 44 762
17 16 17 20 449
12 12 11 14 365
20 20 20 18 63
11 11 11 14 364
21 21 21 23 488
37 36 37 37 655
10 10 11 10 285
11 11 11 9 240
20 20 22 20 458
14 14 14 12 341
41 41 41 43 740
8 8 7 10 196
8 8 6 10 204
11 12 11 9 214
48 49 48 46 893
44 44 43 46 805
24 23 24 24 21
22 21 22 22 479
10 10 11 10 286
9 9 8 11 301
13 13 13 14 369
12 12 14 12 339
18 18 18 15 90
44 44 45 42 983
12 12 12 9 252
45 45 44 45 786
44 45 44 44 766
24 25 24 22 484
29 29 29 32 590
29 29 29 30 570
47 47 48 46 833
10 10 10 12 329
35 35 35 38 663
19 19 21 17 70
16 16 14 17 78
12 12 11 14 112
35 35 34 36 640
11 12 11 10 289
22 22 20 24 24
44 44 44 46 809
7 7 7 10 262
13 13 13 10 167
11 11 11 10 175
37 37 38 37 657
9 9 9 11 161
23 23 25 23 26
21 21 22 19 448
25 25 23 27 532
36 36 36 37 654
24 25 24 24 504
12 12 12 9 208
48 48 48 45 928
20 20 21 18 435
18 17 18 19 440
7 7 7 10 199
12 12 13 12 337
13 13 15 12 342
12 12 12 9 206
10 10 9 11 305
46 46 47 46 907
16 16 15 17 77
11 11 11 9 238
20 20 18 21 44
12 12 13 11 318
21 21 23 21 470
13 13 13 11 148
23 23 21 24 499
23 23 23 22 33
37 36 37 37 655
32 32 32 34 615
9 9 9 12 325
12 12 12 9 254
27 26 27 27 537
13 13 14 11 146
49 49 49 46 887
44 44 44 42 733
42 42 41 42 989
44 44 44 47 857
8 8 8 10 268
43 43 43 42 730
44 43 44 46 923
17 17 17 18 67
29 29 27 30 568
33 33 33 32 597
20 20 21 18 62
47 47 48 46 832
17 17 19 15 395
31 31 32 30 575
40 40 38 41 706
44 44 44 47 861
27 27 26 28 546
16 16 15 17 77
10 10 9 11 305
24 23 24 24 21
14 14 15 12 129
17 17 18 17 74
46 46 48 46 829
12 13 12 12 336
45 45 45 46 814
18 18 18 15 394
38 37 38 38 668
13 13 14 12 340
9 9 8 11 301
16 17 16 15 93
12 12 12 9 207
13 13 13 11 319
30 30 30 30 572
43 43 45 43 972
42 42 42 43 742
19 19 21 17 70
47 47 48 46 831
21 21 21 20 48
36 36 37 36 644
25 24 25 27 4
42 42 43 42 987
18 18 16 19 438
41 41 42 40 700
13 13 14 11 146
20 20 19 22 37
27 27 26 29 556
29 29 29 28 551
44 44 44 41 995
30 30 31 30 573
13 13 15 13 117
38 38 38 40 692
13 13 13 15 383
14 14 12 14 368
45 45 45 43 751
18 18 19 16 408
44 44 44 46 809
21 21 21 22 478
22 22 21 22 35
8 8 8 10 193
17 17 19 16 81
35 35 35 37 652
29 29 29 28 551
40 40 40 38 673
10 11 10 10 179
12 12 12 12 335
13 13 13 13 354
46 46 46 44 954
26 26 26 27 536
27 26 27 30 566
14 14 16 13 115
36 36 37 35 634
11 12 11 9 242
44 44 44 47 858
40 40 39 40 695
11 11 11 9 221
15 15 16 15 389
9 9 8 10 190
8 8 7 10 196
33 33 32 35 626
33 33 33 32 597
14 14 13 15 98
44 43 44 44 764
44 44 44 46 921
13 13 15 13 117
16 17 16 13 113
28 28 28 25 520
25 25 25 28 544
11 10 11 11 155
44 44 44 47 875
29 29 29 31 580
11 11 12 9 211
45 45 45 45 940
46 47 46 46 823
11 11 11 13 124
27 27 25 28 545
44 44 45 44 767
16 16 15 16 401
45 45 46 45 937
22 22 22 23 490
47 47 49 45 802
7 7 7 10 260
44 44 44 44 959
40 40 39 41 708
23 23 24 23 493
11 11 12 9 248
42 42 41 42 989
12 12 13 10 296
11 11 11 14 364
23 23 25 23 494
40 40 41 40 698
45 45 45 42 982
18 18 16 18 427
43 43 42 45 778
44 44 44 46 921
37 37 35 38 664
25 25 23 27 5
16 17 16 13 363
24 24 26 23 25
40 40 39 40 695
44 44 44 47 855
29 29 31 29 563
29 28 29 29 560
23 23 23 25 16
11 11 11 12 332
12 12 11 12 137
47 47 47 45 797
16 16 16 13 114
48 49 48 46 840
24 24 23 25 512
10 10 8 12 144
22 22 24 21 472
44 43 44 47 881
19 19 21 19 445
33 33 32 35 626
44 44 43 46 924
11 11 11 11 312
41 41 42 41 713
12 12 11 14 365
12 12 13 10 295
43 43 41 44 757
47 48 47 45 798
18 18 16 18 427
9 9 9 10 185
22 22 24 22 482
38 38 38 41 705
46 46 47 46 907
11 11 11 10 288
34 35 34 33 609
16 17 16 14 377
44 44 45 44 767
19 19 18 20 51
12 12 13 10 296
26 25 26 26 526
44 43 44 44 960
19 19 19 17 72
37 37 36 39 677
45 45 45 42 735
11 11 12 9 250
18 18 18 18 430
11 11 11 9 225
45 46 45 43 752
39 38 39 39 682
44 43 44 47 854
26 26 26 23 497
40 40 41 39 686
46 47 46 46 910
34 33 34 35 628
29 29 29 27 541
48 48 48 46 898
11 12 11 9 218
9 8 9 12 144
12 12 11 12 137
8 8 8 11 165
10 10 9 12 326
12 12 12 9 205
49 49 49 46 845
23 23 23 20 461
44 43 44 47 854
11 11 11 9 239
16 15 16 16 85
7 7 7 10 262
45 45 44 46 810
18 17 18 18 429
44 44 44 47 865
48 48 49 46 892
44 44 44 47 878
34 34 34 35 629
34 34 33 36 638
19 19 21 19 445
11 11 10 11 309
25 25 24 25 15
44 43 44 47 853
10 10 10 11 308
15 15 15 14 374
15 15 16 14 104
42 42 44 41 996
34 34 32 36 637
44 44 44 47 864
9 9 9 11 161
15 15 15 12 344
26 26 27 24 18
9 9 9 10 185
25 25 26 24 506
14 14 12 14 368
43 43 44 42 985
44 44 43 46 924
20 20 19 22 37
33 33 32 35 626
48 48 49 46 892
21 21 20 23 30
11 12 11 10 174
36 36 37 36 644
39 39 40 38 672
34 35 34 32 599
47 47 48 46 900
38 38 39 36 648
39 39 40 38 672
43 44 43 43 746
10 9 10 10 279
11 11 11 9 231
48 48 48 46 834
17 16 17 20 53
43 42 43 43 744
16 16 18 14 101
44 44 44 44 959
42 42 42 43 742
43 43 43 45 946
13 13 13 15 383
21 22 21 21 468
23 24 23 23 492
48 48 48 46 836
19 19 21 19 445
43 43 44 43 973
43 43 43 42 730
10 9 10 10 182
42 42 43 42 729
35 35 35 35 631
41 41 39 42 722
26 26 24 27 534
38 38 38 35 636
14 14 15 13 359
45 45 44 46 811
20 20 19 22 475
21 21 21 20 457
17 16 17 20 449
44 44 44 41 995
33 33 33 31 587
18 18 16 19 60
46 46 46 45 936
44 44 44 47 877
42 41 42 44 965
10 9 10 10 279
9 9 7 11 298
23 23 25 23 26
47 47 49 46 838
23 23 21 24 499
44 44 44 47 877
24 24 24 24 503
43 43 43 46 804
15 15 15 18 424
15 15 13 16 397
29 29 27 29 558
31 31 31 32 593
15 15 16 13 361
37 37 37 36 645
39 39 39 36 649
45 45 44 46 811
14 13 14 17 409
35 35 34 36 640
38 38 37 39 679
27 26 27 30 566
44 43 44 47 884
11 12 11 9 213
16 16 16 13 114
46 46 48 46 903
19 19 19 19 443
24 24 24 25 513
19 19 18 20 452
19 19 19 16 80
34 35 34 33 609
48 48 48 45 929
43 43 45 43 972
11 12 11 9 214
23 23 23 20 461
18 19 18 17 419
11 11 11 10 288
10 10 9 10 184
10 10 8 11 303
14 14 16 13 115
41 41 41 42 725
17 16 17 17 75
17 17 18 16 406
28 28 27 28 548
12 12 13 12 134
28 28 28 26 530
42 42 40 42 724
43 43 42 45 778
46 46 47 46 824
44 44 43 46 806
14 15 14 12 342
27 27 28 26 529
27 26 27 30 566
21 21 21 22 478
49 49 49 46 888
43 43 45 43 972
45 45 44 45 785
21 21 23 21 470
46 46 44 46 813
8 8 8 10 193
46 47 46 46 822
16 17 16 16 403
40 40 39 40 695
11 11 11 9 228
17 17 19 16 407
12 12 12 9 206
29 30 29 29 561
19 19 19 18 432
20 20 22 19 447
14 14 16 13 360
18 18 18 15 394
23 23 22 23 28
8 7 8 10 266
38 38 38 36 647
43 42 43 43 744
22 23 22 22 34
25 25 25 25 515
16 16 15 17 77
11 11 11 9 238
32 32 31 32 594
10 10 10 12 328
19 19 18 20 452
12 12 11 14 365
24 24 24 21 38
22 22 24 21 39
30 30 30 30 572
36 36 36 38 665
11 11 10 11 310
11 11 11 9 221
10 9 10 10 279
34 33 34 35 628
25 24 25 27 4
47 47 48 46 832
13 13 13 12 133
44 44 43 45 782
8 8 7 10 196
24 23 24 24 21
40 41 40 40 697
27 27 27 30 567
9 9 8 10 191
44 45 44 44 766
25 25 25 22 31
18 18 18 19 441
12 12 13 10 169
11 11 10 11 310
35 34 35 35 630
19 19 19 18 432
44 44 44 47 862
26 26 26 24 507
21 21 19 21 465
7 6 7 10 257
45 45 47 44 772
16 17 16 16 403
41 41 43 40 702
41 40 41 41 711
44 43 44 47 879
11 11 11 10 176
17 17 17 19 439
7 7 7 10 261
9 9 8 10 191
32 32 32 34 615
10 10 10 11 308
45 45 47 43 967
20 20 21 18 62
8 8 6 10 202
21 21 21 22 478
43 43 44 43 973
9 9 7 11 299
31 31 31 34 613
42 42 42 40 701
45 45 45 46 815
8 8 8 11 165
37 37 35 38 664
8 8 7 10 264
21 21 21 23 488
38 38 40 37 660
28 28 28 28 549
33 33 33 34 617
12 12 12 15 380
44 44 44 44 959
11 12 11 9 244
36 36 36 38 665
29 29 29 32 590
20 20 20 23 486
19 19 18 21 463
44 44 44 47 873
46 46 47 46 825
11 11 11 9 238
47 47 47 46 827
28 28 28 29 559
24 23 24 24 21
13 13 12 15 381
29 29 30 28 552
11 12 11 9 219
21 20 21 21 467
42 42 43 42 987
31 31 32 29 565
43 43 44 42 732
17 17 18 16 406
32 32 32 31 585
15 15 14 15 386
25 25 25 23 495
11 11 11 13 349
25 25 23 26 522
22 22 24 21 39
44 44 42 44 761
24 23 24 24 21
45 45 45 46 814
25 25 26 24 506
46 46 47 45 933
8 8 6 10 257
43 43 42 43 743
14 14 16 13 360
41 41 43 40 702
44 44 44 41 995
20 20 18 21 44
44 43 44 47 879
25 24 25 27 4
10 9 10 12 141
30 30 29 30 571
26 26 25 27 535
12 12 12 13 351
12 12 11 13 350
44 44 44 46 809
10 10 8 11 162
13 13 14 13 356
48 48 48 45 929
17 17 18 15 393
46 46 46 44 771
19 19 19 16 80
48 48 48 46 896
13 13 13 11 148
7 7 7 10 199
31 31 29 31 581
11 10 11 11 155
17 17 18 17 74
16 16 17 14 378
22 23 22 22 34
18 18 18 15 90
46 46 46 43 968
39 39 39 36 649
38 38 38 41 705
16 16 16 14 103
7 7 7 10 201
47 47 47 46 905
44 44 44 47 857
17 17 17 17 416
43 42 43 43 975
16 16 16 13 362
42 42 42 40 701
11 12 11 9 242
43 43 41 44 965
40 40 41 39 686
25 24 25 26 524
26 26 26 24 507
10 9 10 11 159
36 36 34 37 651
22 23 22 22 480
26 26 27 24 18
45 45 45 42 982
19 19 19 18 432
17 17 17 15 92
14 14 14 13 357
24 24 24 21 473
11 11 13 11 150
27 27 28 27 539
35 35 34 36 640
25 25 25 22 485
45 45 44 46 810
25 26 25 25 14
45 45 45 46 917
49 49 49 46 844
41 41 41 41 1000
13 13 15 12 342
13 13 15 13 358
35 35 36 35 632
20 19 20 20 455
46 46 47 44 952
14 14 14 17 410
11 11 11 9 232
38 37 38 38 668
44 43 44 47 851
47 47 48 46 901
11 11 11 10 176
8 8 7 10 263
13 13 14 12 340
22 22 24 22 482
10 9 10 13 345
44 43 44 45 944
20 19 20 20 455
34 34 34 35 629
44 44 43 45 945
16 16 16 17 76
31 31 31 28 554
16 16 17 14 102
44 44 44 47 869
16 16 16 13 362
44 44 44 47 875
12 12 10 13 348
7 7 7 10 262
40 40 39 42 993
46 46 45 46 816
21 21 22 19 54
8 8 8 11 165
45 45 43 47 849
47 47 47 46 827
12 12 13 12 134
15 15 15 15 387
29 29 29 31 580
43 43 43 44 762
31 30 31 31 583
25 25 23 27 532
20 20 19 22 37
44 44 44 47 856
44 44 44 47 858
23 23 23 21 471
11 11 11 9 227
14 14 14 11 145
22 22 23 22 481
44 44 42 45 947
18 17 18 18 429
14 14 14 14 107
17 17 17 18 428
11 11 12 10 172
10 10 10 10 281
31 31 30 33 602
11 11 11 9 229
11 12 11 9 241
17 17 17 15 392
14 14 14 17 79
13 14 13 11 321
26 26 27 24 508
46 46 45 46 816
13 13 13 13 354
20 20 20 20 49
31 31 32 30 575
10 9 10 10 279
44 44 42 45 947
14 14 12 15 99
12 12 13 12 337
26 26 27 24 18
7 7 7 10 260
14 14 13 15 98
41 41 40 41 710
36 36 36 37 654
11 11 11 9 227
18 18 19 18 65
47 47 48 46 901
10 9 10 11 158
13 12 13 13 121
40 40 38 41 706
9 9 9 10 186
8 8 7 10 198
32 32 31 33 604
42 42 41 42 726
14 14 13 15 98
11 12 11 9 219
46 46 46 43 754
13 13 15 13 117
11 11 11 9 225
36 36 36 36 643
39 39 39 38 671
26 26 26 27 536
43 43 44 41 718
7 7 7 10 261
46 46 44 46 812
16 16 14 17 78
16 16 14 16 399
