1000 936751
43 43 43 46 911
48 48 48 47 943
47 47 46 49 972
46 46 46 49 971
44 44 44 46 913
49 49 50 49 982
44 43 44 47 929
50 51 50 50 1000
46 45 46 46 918
49 48 49 49 979
45 45 45 46 916
45 45 44 47 931
45 45 45 47 933
49 49 49 50 997
47 47 49 46 926
44 43 44 47 929
49 49 50 49 981
48 48 48 47 942
49 49 49 47 946
49 49 49 47 946
46 46 46 47 936
47 47 47 50 990
49 50 49 49 980
45 45 45 45 899
49 49 48 50 994
48 49 48 48 960
45 45 45 46 916
47 48 47 47 941
46 46 46 46 919
48 48 48 46 925
46 46 46 45 902
48 48 48 47 943
48 48 49 47 944
47 47 49 45 909
47 47 47 48 957
46 46 46 49 971
49 49 48 50 994
48 48 47 49 975
47 47 48 45 908
46 46 46 48 953
49 49 50 47 947
49 49 48 50 994
47 47 47 47 939
47 47 48 45 908
47 47 45 47 935
50 50 48 50 996
46 46 48 45 907
49 49 49 50 997
48 48 47 49 975
47 47 47 49 973
46 46 46 45 902
44 43 44 47 930
46 46 47 46 921
47 47 47 47 939
47 47 48 45 908
48 48 48 47 943
46 46 46 49 971
43 43 43 45 893
47 47 46 48 954
48 48 49 46 927
48 48 46 48 955
47 47 48 45 908
48 48 48 46 925
47 47 47 48 956
47 47 47 47 939
48 48 48 49 977
50 50 48 50 995
48 48 46 48 955
51 52 51 49 987
45 45 44 47 931
46 46 46 49 971
48 48 49 47 944
46 45 46 46 918
45 45 45 47 933
45 45 44 45 898
44 44 44 46 913
47 47 46 47 938
49 50 49 49 980
48 48 48 46 925
45 45 44 45 897
49 49 50 48 964
46 47 46 46 920
48 48 46 48 955
45 45 47 45 903
46 46 48 46 923
47 47 48 46 924
50 51 50 49 984
48 48 49 47 944
45 45 44 45 898
52 52 52 49 989
50 51 50 47 950
50 51 50 50 1000
46 46 46 45 902
45 44 45 48 949
48 47 48 48 958
45 45 45 45 899
50 51 50 48 967
45 45 45 46 916
45 45 45 45 900
45 45 45 45 899
45 45 46 45 901
47 47 49 45 909
46 45 46 46 918
43 43 43 45 893
47 47 47 46 922
48 49 48 48 960
46 46 48 46 923
45 45 43 45 896
46 46 45 46 917
48 48 47 49 975
45 45 45 46 916
45 45 45 47 933
46 47 46 46 920
48 47 48 48 959
44 43 44 47 929
43 43 43 46 911
45 45 45 47 933
45 45 47 45 903
48 47 48 48 959
46 46 46 48 953
48 48 47 49 975
50 51 50 47 949
45 45 44 46 914
50 50 50 50 999
43 43 43 45 893
46 46 45 46 917
49 49 50 49 981
47 47 46 47 938
46 46 48 45 907
47 47 47 46 922
49 49 49 48 963
48 48 49 47 944
47 47 46 48 954
44 43 44 47 929
47 48 47 45 907
48 49 48 46 926
48 49 48 48 961
45 45 46 45 901
46 46 46 48 953
47 47 47 48 957
45 45 43 45 895
47 47 47 47 939
45 45 45 45 899
48 49 48 48 961
48 48 48 47 943
45 45 45 47 934
47 47 49 46 926
48 48 49 46 928
43 43 43 45 894
50 50 50 48 965
48 48 46 48 955
49 49 50 49 981
45 45 45 46 916
47 47 46 48 954
49 48 49 49 978
47 47 49 46 926
46 46 46 45 902
48 49 48 48 960
46 46 46 45 902
46 46 47 46 921
48 49 48 48 960
47 47 47 45 905
49 49 49 48 962
48 47 48 48 958
48 48 47 49 974
47 47 49 45 910
48 48 46 48 955
50 51 50 48 967
45 45 47 45 903
47 47 47 48 956
49 49 48 50 994
44 43 44 47 929
46 46 47 46 921
43 42 43 46 909
45 45 45 45 899
50 51 50 47 949
49 49 49 47 946
47 47 49 45 910
47 47 47 50 990
47 47 46 47 937
46 47 46 46 920
47 47 48 46 924
48 49 48 48 960
46 46 46 48 953
47 47 48 45 908
47 47 47 48 956
48 48 46 48 955
44 43 44 47 930
43 43 43 45 894
45 45 45 47 934
49 48 49 49 978
45 45 47 45 903
47 47 47 49 973
47 47 47 47 939
47 47 46 48 954
50 49 50 50 998
47 47 46 47 937
46 45 46 46 918
50 50 50 50 999
47 47 47 45 905
45 45 45 46 916
47 47 46 47 938
48 48 49 46 927
45 45 45 46 916
49 49 50 49 982
44 43 44 47 930
50 50 48 50 996
49 48 49 49 979
49 49 50 47 948
49 50 49 49 980
46 46 45 48 951
49 48 49 49 979
44 44 44 46 913
47 47 47 45 905
47 47 45 48 952
45 45 44 46 914
47 47 47 47 939
50 49 50 50 998
50 51 50 48 967
48 48 48 47 943
50 50 50 50 999
47 47 46 48 954
49 49 50 49 982
48 47 48 48 959
49 49 48 50 994
46 46 46 49 970
46 46 46 47 936
45 45 46 45 901
45 45 44 47 931
47 47 47 48 956
47 48 47 45 906
43 43 43 45 893
48 47 48 48 958
49 49 50 49 981
49 49 48 50 994
47 47 46 47 938
48 48 46 48 955
49 49 50 48 964
47 47 47 47 940
45 45 44 45 897
49 49 49 48 962
45 44 45 48 950
43 43 43 45 893
45 45 43 45 896
45 45 44 45 898
46 47 46 46 920
50 51 50 47 949
45 45 45 45 900
47 47 47 47 939
50 50 50 48 965
45 45 44 46 914
46 46 46 49 971
43 43 43 45 893
47 47 46 49 972
48 48 49 47 944
51 51 51 49 985
50 51 50 49 983
48 48 49 47 944
47 47 47 50 991
47 48 47 45 906
49 48 49 49 978
49 49 50 48 964
46 46 46 49 970
43 43 43 46 911
45 45 44 47 931
46 46 46 46 919
46 46 45 48 951
45 45 45 47 934
46 46 46 45 902
51 52 51 49 987
46 47 46 46 920
49 50 49 49 980
47 48 47 45 907
48 47 48 48 959
49 48 49 49 978
44 44 44 46 913
47 47 47 48 956
49 49 50 49 982
47 47 47 48 956
43 43 43 45 893
45 45 43 46 912
45 45 46 45 901
44 43 44 47 929
47 48 47 45 906
46 46 45 48 951
45 45 45 46 916
45 45 44 47 931
51 51 51 49 985
47 47 46 48 954
50 50 50 48 966
51 51 51 49 985
45 45 44 45 897
50 50 50 48 965
46 46 46 46 919
49 49 49 50 997
45 45 43 47 929
44 44 44 46 913
46 46 44 46 915
49 48 49 49 978
48 48 48 47 943
45 45 43 45 895
45 45 44 46 914
50 51 50 49 983
47 47 48 46 924
48 48 48 46 925
45 45 45 47 933
49 48 49 49 978
43 43 43 45 894
45 45 45 45 900
44 43 44 46 912
46 46 45 48 951
49 49 49 47 945
44 43 44 45 896
47 47 48 45 908
50 49 50 50 998
50 50 50 48 965
48 48 48 50 993
46 46 46 46 919
47 48 47 45 906
46 46 46 49 970
48 48 49 46 927
47 47 47 45 905
47 48 47 47 941
46 46 46 48 953
46 46 47 46 921
46 46 46 46 919
45 45 44 47 932
44 43 44 46 912
44 44 44 46 913
46 46 46 49 970
45 45 45 47 934
49 49 50 49 981
47 48 47 47 941
46 46 46 49 971
47 48 47 45 906
44 44 44 46 913
46 46 46 49 971
50 49 50 50 998
46 46 45 46 917
48 48 49 46 927
47 47 46 48 954
47 48 47 45 906
46 46 46 45 902
49 49 50 49 981
48 48 46 48 955
49 49 49 48 962
47 47 47 46 922
49 49 49 48 962
50 50 50 48 965
44 43 44 46 912
47 47 45 47 935
50 50 50 48 965
51 51 51 49 985
45 45 45 47 933
52 52 52 49 988
48 48 49 47 944
48 48 49 46 927
49 49 50 47 948
49 49 50 49 982
47 47 45 47 935
46 46 45 48 951
46 46 45 48 951
46 46 47 46 921
48 47 48 48 959
43 43 43 46 911
45 45 44 47 931
46 46 46 48 953
46 46 44 46 915
46 46 48 46 923
48 48 48 47 942
49 49 50 48 964
48 48 49 46 927
48 48 48 47 942
48 48 46 48 955
43 43 43 45 894
43 43 43 46 911
51 51 51 49 985
43 43 43 45 894
47 47 46 49 972
50 51 50 47 949
47 47 47 45 905
50 51 50 49 984
50 51 50 48 967
44 43 44 45 896
45 45 45 46 916
47 47 47 48 956
47 47 47 50 990
47 48 47 45 906
45 45 47 45 903
48 48 47 50 992
46 46 46 46 919
47 47 49 45 909
46 45 46 46 918
49 49 49 47 945
48 47 48 48 958
48 48 47 50 992
45 45 44 45 897
47 48 47 47 941
45 45 44 47 931
45 45 45 46 916
48 48 48 47 942
48 48 49 46 927
48 47 48 48 958
47 47 47 48 956
47 47 45 47 935
48 48 48 47 943
50 51 50 48 967
50 51 50 47 950
49 49 49 47 946
47 47 49 46 926
47 47 49 46 926
45 45 44 45 898
48 48 47 49 974
46 46 46 48 953
47 47 47 46 922
46 46 46 49 970
47 47 48 45 908
49 49 50 47 947
46 47 46 46 920
47 47 48 46 924
47 47 47 50 991
48 48 48 50 993
50 51 50 49 984
49 49 49 47 946
47 47 47 48 957
49 48 49 49 979
43 43 43 46 911
50 50 51 48 968
45 45 47 45 903
50 50 50 48 965
48 47 48 48 958
49 49 49 50 997
43 43 43 45 893
45 45 47 45 903
49 49 49 47 945
45 45 45 45 899
45 45 44 46 914
49 49 50 48 964
50 50 48 50 996
46 46 45 46 917
44 44 44 46 913
50 50 48 50 996
48 48 47 49 974
47 46 47 48 955
49 49 49 47 945
50 50 48 50 996
47 47 47 46 922
49 49 50 48 964
50 51 50 48 967
47 47 47 48 956
47 47 49 45 909
49 49 48 50 994
51 52 51 49 987
43 43 43 45 894
49 49 49 47 945
49 48 49 49 978
45 45 45 46 916
45 45 47 45 903
50 50 51 48 968
48 48 47 50 992
45 45 44 47 932
47 47 47 47 939
46 46 46 48 953
48 48 46 48 955
49 49 50 48 964
47 48 47 45 906
50 50 48 50 996
47 47 49 45 909
48 48 47 49 974
44 43 44 47 929
49 49 50 49 981
46 47 46 46 920
43 43 43 46 911
49 49 49 48 963
48 48 49 47 944
48 48 48 47 942
44 44 44 46 913
45 45 43 45 895
48 48 49 46 927
49 49 50 49 981
44 44 44 46 913
50 51 50 47 950
48 48 49 47 944
47 47 45 47 935
49 49 47 49 976
47 47 47 48 957
48 48 48 50 993
48 47 48 48 958
48 48 47 49 974
45 45 44 45 898
45 45 43 45 895
46 46 47 46 921
50 50 48 50 996
46 45 46 46 918
46 46 44 46 915
49 49 49 47 946
49 49 49 50 997
44 43 44 47 929
46 46 47 46 921
47 48 47 45 907
50 49 50 50 998
48 48 48 47 943
47 47 45 47 935
48 49 48 48 961
48 48 48 47 942
47 47 49 45 909
48 48 47 49 975
48 48 46 48 955
47 48 47 45 906
47 47 49 46 926
48 48 48 49 977
46 46 45 48 951
44 43 44 47 929
48 48 48 49 977
49 49 47 49 976
47 47 47 45 905
48 47 48 48 958
48 48 49 46 928
48 49 48 48 960
50 51 50 48 967
48 48 47 49 974
49 50 49 49 980
45 45 44 46 914
45 45 46 45 901
49 49 50 48 964
48 48 48 46 925
49 49 49 48 963
48 47 48 48 959
47 47 47 50 990
50 50 48 50 995
46 46 46 49 970
46 46 46 47 936
50 50 48 50 996
45 45 47 45 903
50 50 50 48 966
50 51 50 49 983
50 50 50 48 965
45 45 45 46 916
47 47 47 48 957
45 45 44 45 898
46 47 46 46 920
47 47 47 46 922
44 43 44 45 895
51 51 51 49 986
49 49 50 49 981
47 48 47 45 906
45 45 44 47 932
47 47 47 48 957
48 47 48 48 959
48 48 48 46 925
48 48 48 50 993
51 51 51 49 985
47 47 46 49 972
50 51 50 47 949
47 47 46 47 937
45 45 45 45 900
46 46 47 46 921
48 48 48 47 943
46 46 46 49 971
48 48 47 49 974
44 43 44 47 929
46 45 46 46 918
48 48 49 46 928
44 44 44 46 913
49 49 50 47 947
46 46 45 48 951
50 50 50 50 999
45 45 45 45 899
47 47 49 45 909
49 48 49 49 979
47 47 47 47 940
48 48 49 46 928
47 47 46 47 938
49 49 50 47 947
46 46 46 49 971
50 51 50 48 967
45 45 45 47 933
50 50 48 50 996
46 46 46 45 902
46 46 46 45 902
49 49 49 47 945
51 52 51 49 987
47 47 47 45 905
45 45 44 47 931
48 48 48 46 925
43 43 43 45 894
50 50 50 48 965
49 49 49 47 945
47 47 45 47 935
46 46 48 46 923
46 46 45 46 917
50 51 50 49 983
47 48 47 45 906
46 47 46 46 920
47 47 46 47 937
49 49 48 50 994
50 51 50 47 949
48 48 48 47 942
45 45 45 45 900
48 47 48 48 958
47 47 48 46 924
47 48 47 45 907
48 48 48 50 993
48 48 47 50 992
46 46 45 46 917
48 49 48 48 960
46 46 48 46 923
43 43 43 45 893
47 47 45 47 935
45 45 47 45 904
48 48 48 49 977
48 48 48 47 942
48 48 49 47 944
44 43 44 47 930
47 47 47 49 973
50 50 48 50 995
52 52 52 49 988
45 45 45 47 934
48 48 48 47 943
43 43 43 45 893
46 45 46 46 918
46 47 46 46 920
45 45 44 45 897
50 50 48 50 995
50 50 52 49 987
46 46 47 46 921
49 49 50 47 948
46 46 46 47 936
46 46 45 46 917
46 46 46 49 971
50 49 50 50 998
49 49 50 47 947
50 51 50 50 1000
48 48 48 47 942
49 49 48 50 994
47 47 45 47 935
48 48 49 46 927
46 46 46 48 953
46 46 46 49 971
47 47 49 45 910
47 47 47 45 905
47 48 47 47 941
48 48 48 47 942
45 45 47 45 903
49 50 49 49 980
48 48 48 50 993
47 47 47 47 939
45 45 45 47 934
45 45 47 45 904
47 47 46 47 937
46 46 45 46 917
47 47 45 48 952
49 49 50 47 947
52 52 52 49 988
45 45 44 47 932
49 49 49 47 945
48 48 46 48 955
49 49 50 49 982
44 43 44 47 929
49 48 49 49 978
43 43 43 45 894
50 51 50 47 949
45 45 44 47 931
48 48 46 48 955
48 48 47 49 974
47 47 47 48 956
50 51 50 49 984
45 45 47 45 903
47 47 46 48 954
50 51 50 48 967
49 48 49 49 978
49 48 49 49 978
46 46 47 46 921
44 44 44 46 913
47 48 47 45 906
48 48 49 47 944
46 46 46 46 919
48 49 48 48 960
50 50 50 48 966
47 48 47 47 941
47 47 47 50 991
47 47 47 50 991
45 45 47 45 904
49 49 49 48 962
46 46 47 46 921
44 44 44 46 913
48 48 47 50 992
46 47 46 46 920
48 49 48 48 960
46 46 46 48 953
47 47 48 45 908
45 45 47 45 904
51 51 51 49 985
47 47 47 46 922
47 47 47 48 956
50 50 50 50 999
48 48 49 46 927
45 45 44 46 914
49 49 49 47 946
47 47 46 49 972
50 51 50 50 1000
48 48 47 49 975
47 47 47 47 939
46 46 48 46 923
44 43 44 47 929
47 47 46 47 937
50 51 50 47 949
48 48 49 47 944
45 45 44 47 931
46 46 48 46 923
47 47 47 49 973
48 48 46 48 955
45 45 47 45 903
47 47 47 46 922
47 47 47 48 957
45 45 44 45 897
48 48 48 47 943
47 47 48 46 924
47 47 46 47 937
50 51 50 47 949
46 46 46 49 971
44 43 44 46 912
48 48 48 49 977
50 51 50 47 949
46 46 45 46 917
46 47 46 46 920
45 45 45 47 933
48 47 48 48 958
45 45 47 45 904
47 47 49 46 926
47 47 46 47 937
50 50 50 48 966
49 49 50 47 948
50 51 50 47 949
47 47 49 45 909
48 48 48 49 977
46 45 46 46 918
48 48 48 49 977
45 45 45 46 916
49 48 49 49 978
45 45 44 47 931
49 48 49 49 978
48 48 48 47 943
47 47 49 45 909
47 47 47 49 973
49 50 49 49 980
50 51 50 47 949
45 45 44 45 897
47 47 47 47 940
49 49 48 50 994
51 52 51 49 987
48 48 48 46 925
44 43 44 47 930
49 49 50 48 964
48 48 47 50 992
49 49 49 47 945
45 45 44 46 914
50 51 50 49 983
47 47 47 50 990
46 46 46 49 971
47 47 46 48 954
47 47 48 45 908
49 49 49 50 997
46 46 45 46 917
47 47 49 46 926
46 45 46 46 918
49 49 49 48 963
48 47 48 48 959
47 47 47 46 922
49 49 50 47 947
48 49 48 48 961
48 48 48 50 993
49 48 49 49 978
48 48 48 47 942
48 49 48 48 961
50 51 50 49 983
45 45 44 45 897
46 46 46 47 936
47 47 46 48 954
45 45 45 46 916
48 48 48 47 942
43 43 43 45 894
46 46 46 49 970
50 51 50 48 967
50 51 50 49 984
49 49 50 49 981
50 50 48 50 995
51 51 51 49 985
49 49 50 49 981
44 44 44 46 913
47 47 46 49 972
44 43 44 47 930
46 46 46 47 936
50 50 50 48 965
50 49 50 50 998
46 46 46 46 919
47 47 47 45 905
44 43 44 45 895
50 49 50 50 998
46 47 46 46 920
45 45 45 46 916
45 45 45 46 916
49 49 49 47 946
52 52 52 49 988
51 51 51 49 985
47 47 49 45 910
46 46 46 48 953
50 51 50 47 950
47 47 47 45 905
47 47 47 50 990
44 43 44 47 930
45 45 44 47 932
48 47 48 48 959
47 47 49 45 909
47 47 49 45 909
47 47 47 50 990
43 43 43 45 894
47 47 48 46 924
46 46 46 45 902
50 50 52 49 987
45 45 46 45 901
45 45 45 45 900
47 47 47 48 956
50 49 50 50 998
47 47 47 48 957
43 43 43 45 893
48 49 48 48 960
48 49 48 48 961
52 52 52 49 989
52 52 52 49 988
48 47 48 48 958
51 51 51 49 985
51 51 51 49 985
50 51 50 49 983
47 47 45 48 952
45 45 45 45 899
43 43 43 45 894
50 51 50 47 949
50 50 50 48 966
46 46 46 49 970
49 49 50 49 982
48 48 48 50 993
46 47 46 46 920
47 47 47 47 939
46 45 46 46 918
47 47 46 48 954
47 47 46 48 954
48 48 48 49 977
48 48 48 46 925
46 46 46 45 902
48 48 48 47 942
46 46 46 47 936
45 45 44 46 914
48 49 48 48 960
51 51 51 49 985
47 47 49 46 926
50 51 50 49 984
50 50 52 49 987
50 50 50 50 999
50 49 50 50 998
47 47 47 49 973
47 47 49 45 909
47 47 47 50 990
49 48 49 49 978
50 51 50 47 949
49 48 49 49 979
47 47 48 46 924
47 47 47 45 905
44 43 44 45 895
46 47 46 46 920
46 46 46 49 971
47 47 45 47 935
47 47 47 47 940
50 51 50 47 950
47 47 45 47 935
49 49 50 47 948
44 43 44 46 912
45 45 44 47 932
47 47 47 48 957
44 44 42 46 910
47 47 45 48 952
47 47 47 48 957
43 43 43 45 893
50 50 51 48 968
52 52 52 49 988
45 45 44 45 897
49 49 49 47 945
48 48 46 48 955
47 47 48 45 908
47 47 47 50 990
48 48 48 47 943
52 52 52 49 989
50 51 50 48 967
47 48 47 47 941
47 47 47 50 990
48 47 48 48 958
47 47 48 46 924
46 45 46 46 918
48 48 49 46 927
47 47 46 47 937
45 45 46 45 901
46 47 46 46 920
49 49 49 48 962
47 47 47 48 957
47 47 49 45 909
43 43 43 45 893
48 48 48 50 993
44 43 44 46 912
47 47 47 47 939
50 51 50 49 983
51 51 51 48 969
45 45 43 45 895
46 46 46 48 953
47 47 47 45 905
51 51 51 49 986
47 47 49 45 909
45 45 45 45 899
45 45 44 45 897
47 47 45 48 952
43 43 43 45 894
47 48 47 45 906
44 44 44 46 913
51 51 51 49 985
45 45 44 45 898
49 49 50 47 948
46 46 46 45 902
46 45 46 46 918
50 51 50 49 983
47 47 48 45 908
47 47 48 46 924
50 50 51 48 968
45 45 44 45 897
45 45 47 45 903
49 49 50 49 982
47 48 47 47 941
47 47 49 45 909
50 50 50 48 965
49 49 49 48 962
47 47 48 46 924
50 51 50 50 1000
49 49 49 47 946
48 48 48 46 925
45 45 46 45 901
47 47 47 47 940
49 48 49 49 979
50 50 50 50 999
44 44 44 46 913
48 47 48 48 959
52 52 52 49 988
49 50 49 49 980
46 47 46 46 920
48 49 48 48 961
46 46 45 46 917
49 49 49 47 946
49 49 50 47 948
45 45 44 45 897
47 47 47 47 940
46 46 46 46 919
44 43 44 47 929
43 43 43 45 893
47 47 47 47 939
47 47 47 50 990
48 48 49 47 944
50 50 48 50 995
44 44 44 46 913
49 49 49 47 945
47 47 47 50 990
47 48 47 45 906
45 45 45 45 900
50 51 50 50 1000
47 48 47 45 906
45 45 44 47 932
47 47 48 46 924
48 48 48 46 925
47 47 48 46 924
52 52 52 49 988
50 50 50 50 999
50 50 50 48 965
50 50 48 50 995
50 51 50 48 967
50 51 50 47 949
48 48 49 47 944
47 47 47 50 991
43 43 43 45 893
46 46 46 48 953
50 50 48 50 996
47 47 47 47 939
49 49 49 48 963
46 46 45 48 951
45 45 45 46 916
50 51 50 47 950
49 49 50 49 982
50 50 48 50 996
48 48 49 46 927
50 51 50 48 967
50 51 50 48 967
48 48 48 50 993
46 46 46 48 953
48 48 49 47 944
48 48 48 47 943
