1680 1865 1830 1808 1845 1818 1862 1800 1817 1669 1867 1818 1858 1805 1693 1851 1837 1853 1865 1865 1853 1865 1868 1697 1805 1856 1806 1870 1866 1853 1740 1820 1868 1836 1770 1829 1855 1729 1847 1839 1866 1864 1831 1854 1847 1732 1778 1847 1861 1820

70

91 67 72 74 70 73 67 75 73 92 67 73 68 75 89 69 71 69 67 67 68 67 67 88 75 68 75 66 67 69 83 73 67 71 79 72 68 84 69 70 67 67 71 68 69 84 78 69 68 73

19 25 50 6

23537

0	612	286	692	334	741	591	252	261	410	496	748	496	252	0	661	391	378	602	600	363	610	558	54	222	645	748	522	610	501	886	252	532	671	147	346	636	893	333	312	544	481	696	374	536	456	790	346	610	661
0	0	0	80	0	129	0	0	0	0	0	136	0	0	0	49	0	0	0	0	0	0	0	0	0	33	136	0	0	0	274	0	0	59	0	0	24	281	0	0	0	0	84	0	0	0	178	0	0	49
0	326	0	406	48	455	305	0	0	124	210	462	210	0	0	375	105	92	316	314	77	324	272	0	0	359	462	236	324	215	600	0	246	385	0	60	350	607	47	26	258	195	410	88	250	170	504	60	324	375
0	0	0	0	0	49	0	0	0	0	0	56	0	0	0	0	0	0	0	0	0	0	0	0	0	0	56	0	0	0	194	0	0	0	0	0	0	201	0	0	0	0	4	0	0	0	98	0	0	0
0	278	0	358	0	407	257	0	0	76	162	414	162	0	0	327	57	44	268	266	29	276	224	0	0	311	414	188	276	167	552	0	198	337	0	12	302	559	0	0	210	147	362	40	202	122	456	12	276	327
0	0	0	0	0	0	0	0	0	0	0	7	0	0	0	0	0	0	0	0	0	0	0	0	0	0	7	0	0	0	145	0	0	0	0	0	0	152	0	0	0	0	0	0	0	0	49	0	0	0
0	21	0	101	0	150	0	0	0	0	0	157	0	0	0	70	0	0	11	9	0	19	0	0	0	54	157	0	19	0	295	0	0	80	0	0	45	302	0	0	0	0	105	0	0	0	199	0	19	70
0	360	34	440	82	489	339	0	9	158	244	496	244	0	0	409	139	126	350	348	111	358	306	0	0	393	496	270	358	249	634	0	280	419	0	94	384	641	81	60	292	229	444	122	284	204	538	94	358	409
0	351	25	431	73	480	330	0	0	149	235	487	235	0	0	400	130	117	341	339	102	349	297	0	0	384	487	261	349	240	625	0	271	410	0	85	375	632	72	51	283	220	435	113	275	195	529	85	349	400
0	202	0	282	0	331	181	0	0	0	86	338	86	0	0	251	0	0	192	190	0	200	148	0	0	235	338	112	200	91	476	0	122	261	0	0	226	483	0	0	134	71	286	0	126	46	380	0	200	251
0	116	0	196	0	245	95	0	0	0	0	252	0	0	0	165	0	0	106	104	0	114	62	0	0	149	252	26	114	5	390	0	36	175	0	0	140	397	0	0	48	0	200	0	40	0	294	0	114	165
0	0	0	0	0	0	0	0	0	0	0	0	0	0	0	0	0	0	0	0	0	0	0	0	0	0	0	0	0	0	138	0	0	0	0	0	0	145	0	0	0	0	0	0	0	0	42	0	0	0
0	116	0	196	0	245	95	0	0	0	0	252	0	0	0	165	0	0	106	104	0	114	62	0	0	149	252	26	114	5	390	0	36	175	0	0	140	397	0	0	48	0	200	0	40	0	294	0	114	165
0	360	34	440	82	489	339	0	9	158	244	496	244	0	0	409	139	126	350	348	111	358	306	0	0	393	496	270	358	249	634	0	280	419	0	94	384	641	81	60	292	229	444	122	284	204	538	94	358	409
0	612	286	692	334	741	591	252	261	410	496	748	496	252	0	661	391	378	602	600	363	610	558	54	222	645	748	522	610	501	886	252	532	671	147	346	636	893	333	312	544	481	696	374	536	456	790	346	610	661
0	0	0	31	0	80	0	0	0	0	0	87	0	0	0	0	0	0	0	0	0	0	0	0	0	0	87	0	0	0	225	0	0	10	0	0	0	232	0	0	0	0	35	0	0	0	129	0	0	0
0	221	0	301	0	350	200	0	0	19	105	357	105	0	0	270	0	0	211	209	0	219	167	0	0	254	357	131	219	110	495	0	141	280	0	0	245	502	0	0	153	90	305	0	145	65	399	0	219	270
0	234	0	314	0	363	213	0	0	32	118	370	118	0	0	283	13	0	224	222	0	232	180	0	0	267	370	144	232	123	508	0	154	293	0	0	258	515	0	0	166	103	318	0	158	78	412	0	232	283
0	10	0	90	0	139	0	0	0	0	0	146	0	0	0	59	0	0	0	0	0	8	0	0	0	43	146	0	8	0	284	0	0	69	0	0	34	291	0	0	0	0	94	0	0	0	188	0	8	59
0	12	0	92	0	141	0	0	0	0	0	148	0	0	0	61	0	0	2	0	0	10	0	0	0	45	148	0	10	0	286	0	0	71	0	0	36	293	0	0	0	0	96	0	0	0	190	0	10	61
0	249	0	329	0	378	228	0	0	47	133	385	133	0	0	298	28	15	239	237	0	247	195	0	0	282	385	159	247	138	523	0	169	308	0	0	273	530	0	0	181	118	333	11	173	93	427	0	247	298
0	2	0	82	0	131	0	0	0	0	0	138	0	0	0	51	0	0	0	0	0	0	0	0	0	35	138	0	0	0	276	0	0	61	0	0	26	283	0	0	0	0	86	0	0	0	180	0	0	51
0	54	0	134	0	183	33	0	0	0	0	190	0	0	0	103	0	0	44	42	0	52	0	0	0	87	190	0	52	0	328	0	0	113	0	0	78	335	0	0	0	0	138	0	0	0	232	0	52	103
0	558	232	638	280	687	537	198	207	356	442	694	442	198	0	607	337	324	548	546	309	556	504	0	168	591	694	468	556	447	832	198	478	617	93	292	582	839	279	258	490	427	642	320	482	402	736	292	556	607
0	390	64	470	112	519	369	30	39	188	274	526	274	30	0	439	169	156	380	378	141	388	336	0	0	423	526	300	388	279	664	30	310	449	0	124	414	671	111	90	322	259	474	152	314	234	568	124	388	439
0	0	0	47	0	96	0	0	0	0	0	103	0	0	0	16	0	0	0	0	0	0	0	0	0	0	103	0	0	0	241	0	0	26	0	0	0	248	0	0	0	0	51	0	0	0	145	0	0	16
0	0	0	0	0	0	0	0	0	0	0	0	0	0	0	0	0	0	0	0	0	0	0	0	0	0	0	0	0	0	138	0	0	0	0	0	0	145	0	0	0	0	0	0	0	0	42	0	0	0
0	90	0	170	0	219	69	0	0	0	0	226	0	0	0	139	0	0	80	78	0	88	36	0	0	123	226	0	88	0	364	0	10	149	0	0	114	371	0	0	22	0	174	0	14	0	268	0	88	139
0	2	0	82	0	131	0	0	0	0	0	138	0	0	0	51	0	0	0	0	0	0	0	0	0	35	138	0	0	0	276	0	0	61	0	0	26	283	0	0	0	0	86	0	0	0	180	0	0	51
0	111	0	191	0	240	90	0	0	0	0	247	0	0	0	160	0	0	101	99	0	109	57	0	0	144	247	21	109	0	385	0	31	170	0	0	135	392	0	0	43	0	195	0	35	0	289	0	109	160
0	0	0	0	0	0	0	0	0	0	0	0	0	0	0	0	0	0	0	0	0	0	0	0	0	0	0	0	0	0	0	0	0	0	0	0	0	7	0	0	0	0	0	0	0	0	0	0	0	0
0	360	34	440	82	489	339	0	9	158	244	496	244	0	0	409	139	126	350	348	111	358	306	0	0	393	496	270	358	249	634	0	280	419	0	94	384	641	81	60	292	229	444	122	284	204	538	94	358	409
0	80	0	160	0	209	59	0	0	0	0	216	0	0	0	129	0	0	70	68	0	78	26	0	0	113	216	0	78	0	354	0	0	139	0	0	104	361	0	0	12	0	164	0	4	0	258	0	78	129
0	0	0	21	0	70	0	0	0	0	0	77	0	0	0	0	0	0	0	0	0	0	0	0	0	0	77	0	0	0	215	0	0	0	0	0	0	222	0	0	0	0	25	0	0	0	119	0	0	0
0	465	139	545	187	594	444	105	114	263	349	601	349	105	0	514	244	231	455	453	216	463	411	0	75	498	601	375	463	354	739	105	385	524	0	199	489	746	186	165	397	334	549	227	389	309	643	199	463	514
0	266	0	346	0	395	245	0	0	64	150	402	150	0	0	315	45	32	256	254	17	264	212	0	0	299	402	176	264	155	540	0	186	325	0	0	290	547	0	0	198	135	350	28	190	110	444	0	264	315
0	0	0	56	0	105	0	0	0	0	0	112	0	0	0	25	0	0	0	0	0	0	0	0	0	9	112	0	0	0	250	0	0	35	0	0	0	257	0	0	0	0	60	0	0	0	154	0	0	25
0	0	0	0	0	0	0	0	0	0	0	0	0	0	0	0	0	0	0	0	0	0	0	0	0	0	0	0	0	0	0	0	0	0	0	0	0	0	0	0	0	0	0	0	0	0	0	0	0	0
0	279	0	359	1	408	258	0	0	77	163	415	163	0	0	328	58	45	269	267	30	277	225	0	0	312	415	189	277	168	553	0	199	338	0	13	303	560	0	0	211	148	363	41	203	123	457	13	277	328
0	300	0	380	22	429	279	0	0	98	184	436	184	0	0	349	79	66	290	288	51	298	246	0	0	333	436	210	298	189	574	0	220	359	0	34	324	581	21	0	232	169	384	62	224	144	478	34	298	349
0	68	0	148	0	197	47	0	0	0	0	204	0	0	0	117	0	0	58	56	0	66	14	0	0	101	204	0	66	0	342	0	0	127	0	0	92	349	0	0	0	0	152	0	0	0	246	0	66	117
0	131	0	211	0	260	110	0	0	0	15	267	15	0	0	180	0	0	121	119	0	129	77	0	0	164	267	41	129	20	405	0	51	190	0	0	155	412	0	0	63	0	215	0	55	0	309	0	129	180
0	0	0	0	0	45	0	0	0	0	0	52	0	0	0	0	0	0	0	0	0	0	0	0	0	0	52	0	0	0	190	0	0	0	0	0	0	197	0	0	0	0	0	0	0	0	94	0	0	0
0	238	0	318	0	367	217	0	0	36	122	374	122	0	0	287	17	4	228	226	0	236	184	0	0	271	374	148	236	127	512	0	158	297	0	0	262	519	0	0	170	107	322	0	162	82	416	0	236	287
0	76	0	156	0	205	55	0	0	0	0	212	0	0	0	125	0	0	66	64	0	74	22	0	0	109	212	0	74	0	350	0	0	135	0	0	100	357	0	0	8	0	160	0	0	0	254	0	74	125
0	156	0	236	0	285	135	0	0	0	40	292	40	0	0	205	0	0	146	144	0	154	102	0	0	189	292	66	154	45	430	0	76	215	0	0	180	437	0	0	88	25	240	0	80	0	334	0	154	205
0	0	0	0	0	0	0	0	0	0	0	0	0	0	0	0	0	0	0	0	0	0	0	0	0	0	0	0	0	0	96	0	0	0	0	0	0	103	0	0	0	0	0	0	0	0	0	0	0	0
0	266	0	346	0	395	245	0	0	64	150	402	150	0	0	315	45	32	256	254	17	264	212	0	0	299	402	176	264	155	540	0	186	325	0	0	290	547	0	0	198	135	350	28	190	110	444	0	264	315
0	2	0	82	0	131	0	0	0	0	0	138	0	0	0	51	0	0	0	0	0	0	0	0	0	35	138	0	0	0	276	0	0	61	0	0	26	283	0	0	0	0	86	0	0	0	180	0	0	51
0	0	0	31	0	80	0	0	0	0	0	87	0	0	0	0	0	0	0	0	0	0	0	0	0	0	87	0	0	0	225	0	0	10	0	0	0	232	0	0	0	0	35	0	0	0	129	0	0	0

0	0	0	0	0	0	0	0	0	0	0	0	0	0	0	0	0	0	0	0	0	0	0	0	0	0	0	0	0	0	0	0	0	0	0	0	0	0	0	0	0	0	0	0	0	0	0	0	0	0
612	0	326	0	278	0	21	360	351	202	116	0	116	360	612	0	221	234	10	12	249	2	54	558	390	0	0	90	2	111	0	360	80	0	465	266	0	0	279	300	68	131	0	238	76	156	0	266	2	0
286	0	0	0	0	0	0	34	25	0	0	0	0	34	286	0	0	0	0	0	0	0	0	232	64	0	0	0	0	0	0	34	0	0	139	0	0	0	0	0	0	0	0	0	0	0	0	0	0	0
692	80	406	0	358	0	101	440	431	282	196	0	196	440	692	31	301	314	90	92	329	82	134	638	470	47	0	170	82	191	0	440	160	21	545	346	56	0	359	380	148	211	0	318	156	236	0	346	82	31
334	0	48	0	0	0	0	82	73	0	0	0	0	82	334	0	0	0	0	0	0	0	0	280	112	0	0	0	0	0	0	82	0	0	187	0	0	0	1	22	0	0	0	0	0	0	0	0	0	0
741	129	455	49	407	0	150	489	480	331	245	0	245	489	741	80	350	363	139	141	378	131	183	687	519	96	0	219	131	240	0	489	209	70	594	395	105	0	408	429	197	260	45	367	205	285	0	395	131	80
591	0	305	0	257	0	0	339	330	181	95	0	95	339	591	0	200	213	0	0	228	0	33	537	369	0	0	69	0	90	0	339	59	0	444	245	0	0	258	279	47	110	0	217	55	135	0	245	0	0
252	0	0	0	0	0	0	0	0	0	0	0	0	0	252	0	0	0	0	0	0	0	0	198	30	0	0	0	0	0	0	0	0	0	105	0	0	0	0	0	0	0	0	0	0	0	0	0	0	0
261	0	0	0	0	0	0	9	0	0	0	0	0	9	261	0	0	0	0	0	0	0	0	207	39	0	0	0	0	0	0	9	0	0	114	0	0	0	0	0	0	0	0	0	0	0	0	0	0	0
410	0	124	0	76	0	0	158	149	0	0	0	0	158	410	0	19	32	0	0	47	0	0	356	188	0	0	0	0	0	0	158	0	0	263	64	0	0	77	98	0	0	0	36	0	0	0	64	0	0
496	0	210	0	162	0	0	244	235	86	0	0	0	244	496	0	105	118	0	0	133	0	0	442	274	0	0	0	0	0	0	244	0	0	349	150	0	0	163	184	0	15	0	122	0	40	0	150	0	0
748	136	462	56	414	7	157	496	487	338	252	0	252	496	748	87	357	370	146	148	385	138	190	694	526	103	0	226	138	247	0	496	216	77	601	402	112	0	415	436	204	267	52	374	212	292	0	402	138	87
496	0	210	0	162	0	0	244	235	86	0	0	0	244	496	0	105	118	0	0	133	0	0	442	274	0	0	0	0	0	0	244	0	0	349	150	0	0	163	184	0	15	0	122	0	40	0	150	0	0
252	0	0	0	0	0	0	0	0	0	0	0	0	0	252	0	0	0	0	0	0	0	0	198	30	0	0	0	0	0	0	0	0	0	105	0	0	0	0	0	0	0	0	0	0	0	0	0	0	0
0	0	0	0	0	0	0	0	0	0	0	0	0	0	0	0	0	0	0	0	0	0	0	0	0	0	0	0	0	0	0	0	0	0	0	0	0	0	0	0	0	0	0	0	0	0	0	0	0	0
661	49	375	0	327	0	70	409	400	251	165	0	165	409	661	0	270	283	59	61	298	51	103	607	439	16	0	139	51	160	0	409	129	0	514	315	25	0	328	349	117	180	0	287	125	205	0	315	51	0
391	0	105	0	57	0	0	139	130	0	0	0	0	139	391	0	0	13	0	0	28	0	0	337	169	0	0	0	0	0	0	139	0	0	244	45	0	0	58	79	0	0	0	17	0	0	0	45	0	0
378	0	92	0	44	0	0	126	117	0	0	0	0	126	378	0	0	0	0	0	15	0	0	324	156	0	0	0	0	0	0	126	0	0	231	32	0	0	45	66	0	0	0	4	0	0	0	32	0	0
602	0	316	0	268	0	11	350	341	192	106	0	106	350	602	0	211	224	0	2	239	0	44	548	380	0	0	80	0	101	0	350	70	0	455	256	0	0	269	290	58	121	0	228	66	146	0	256	0	0
600	0	314	0	266	0	9	348	339	190	104	0	104	348	600	0	209	222	0	0	237	0	42	546	378	0	0	78	0	99	0	348	68	0	453	254	0	0	267	288	56	119	0	226	64	144	0	254	0	0
363	0	77	0	29	0	0	111	102	0	0	0	0	111	363	0	0	0	0	0	0	0	0	309	141	0	0	0	0	0	0	111	0	0	216	17	0	0	30	51	0	0	0	0	0	0	0	17	0	0
610	0	324	0	276	0	19	358	349	200	114	0	114	358	610	0	219	232	8	10	247	0	52	556	388	0	0	88	0	109	0	358	78	0	463	264	0	0	277	298	66	129	0	236	74	154	0	264	0	0
558	0	272	0	224	0	0	306	297	148	62	0	62	306	558	0	167	180	0	0	195	0	0	504	336	0	0	36	0	57	0	306	26	0	411	212	0	0	225	246	14	77	0	184	22	102	0	212	0	0
54	0	0	0	0	0	0	0	0	0	0	0	0	0	54	0	0	0	0	0	0	0	0	0	0	0	0	0	0	0	0	0	0	0	0	0	0	0	0	0	0	0	0	0	0	0	0	0	0	0
222	0	0	0	0	0	0	0	0	0	0	0	0	0	222	0	0	0	0	0	0	0	0	168	0	0	0	0	0	0	0	0	0	0	75	0	0	0	0	0	0	0	0	0	0	0	0	0	0	0
645	33	359	0	311	0	54	393	384	235	149	0	149	393	645	0	254	267	43	45	282	35	87	591	423	0	0	123	35	144	0	393	113	0	498	299	9	0	312	333	101	164	0	271	109	189	0	299	35	0
748	136	462	56	414	7	157	496	487	338	252	0	252	496	748	87	357	370	146	148	385	138	190	694	526	103	0	226	138	247	0	496	216	77	601	402	112	0	415	436	204	267	52	374	212	292	0	402	138	87
522	0	236	0	188	0	0	270	261	112	26	0	26	270	522	0	131	144	0	0	159	0	0	468	300	0	0	0	0	21	0	270	0	0	375	176	0	0	189	210	0	41	0	148	0	66	0	176	0	0
610	0	324	0	276	0	19	358	349	200	114	0	114	358	610	0	219	232	8	10	247	0	52	556	388	0	0	88	0	109	0	358	78	0	463	264	0	0	277	298	66	129	0	236	74	154	0	264	0	0
501	0	215	0	167	0	0	249	240	91	5	0	5	249	501	0	110	123	0	0	138	0	0	447	279	0	0	0	0	0	0	249	0	0	354	155	0	0	168	189	0	20	0	127	0	45	0	155	0	0
886	274	600	194	552	145	295	634	625	476	390	138	390	634	886	225	495	508	284	286	523	276	328	832	664	241	138	364	276	385	0	634	354	215	739	540	250	0	553	574	342	405	190	512	350	430	96	540	276	225
252	0	0	0	0	0	0	0	0	0	0	0	0	0	252	0	0	0	0	0	0	0	0	198	30	0	0	0	0	0	0	0	0	0	105	0	0	0	0	0	0	0	0	0	0	0	0	0	0	0
532	0	246	0	198	0	0	280	271	122	36	0	36	280	532	0	141	154	0	0	169	0	0	478	310	0	0	10	0	31	0	280	0	0	385	186	0	0	199	220	0	51	0	158	0	76	0	186	0	0
671	59	385	0	337	0	80	419	410	261	175	0	175	419	671	10	280	293	69	71	308	61	113	617	449	26	0	149	61	170	0	419	139	0	524	325	35	0	338	359	127	190	0	297	135	215	0	325	61	10
147	0	0	0	0	0	0	0	0	0	0	0	0	0	147	0	0	0	0	0	0	0	0	93	0	0	0	0	0	0	0	0	0	0	0	0	0	0	0	0	0	0	0	0	0	0	0	0	0	0
346	0	60	0	12	0	0	94	85	0	0	0	0	94	346	0	0	0	0	0	0	0	0	292	124	0	0	0	0	0	0	94	0	0	199	0	0	0	13	34	0	0	0	0	0	0	0	0	0	0
636	24	350	0	302	0	45	384	375	226	140	0	140	384	636	0	245	258	34	36	273	26	78	582	414	0	0	114	26	135	0	384	104	0	489	290	0	0	303	324	92	155	0	262	100	180	0	290	26	0
893	281	607	201	559	152	302	641	632	483	397	145	397	641	893	232	502	515	291	293	530	283	335	839	671	248	145	371	283	392	7	641	361	222	746	547	257	0	560	581	349	412	197	519	357	437	103	547	283	232
333	0	47	0	0	0	0	81	72	0	0	0	0	81	333	0	0	0	0	0	0	0	0	279	111	0	0	0	0	0	0	81	0	0	186	0	0	0	0	21	0	0	0	0	0	0	0	0	0	0
312	0	26	0	0	0	0	60	51	0	0	0	0	60	312	0	0	0	0	0	0	0	0	258	90	0	0	0	0	0	0	60	0	0	165	0	0	0	0	0	0	0	0	0	0	0	0	0	0	0
544	0	258	0	210	0	0	292	283	134	48	0	48	292	544	0	153	166	0	0	181	0	0	490	322	0	0	22	0	43	0	292	12	0	397	198	0	0	211	232	0	63	0	170	8	88	0	198	0	0
481	0	195	0	147	0	0	229	220	71	0	0	0	229	481	0	90	103	0	0	118	0	0	427	259	0	0	0	0	0	0	229	0	0	334	135	0	0	148	169	0	0	0	107	0	25	0	135	0	0
696	84	410	4	362	0	105	444	435	286	200	0	200	444	696	35	305	318	94	96	333	86	138	642	474	51	0	174	86	195	0	444	164	25	549	350	60	0	363	384	152	215	0	322	160	240	0	350	86	35
374	0	88	0	40	0	0	122	113	0	0	0	0	122	374	0	0	0	0	0	11	0	0	320	152	0	0	0	0	0	0	122	0	0	227	28	0	0	41	62	0	0	0	0	0	0	0	28	0	0
536	0	250	0	202	0	0	284	275	126	40	0	40	284	536	0	145	158	0	0	173	0	0	482	314	0	0	14	0	35	0	284	4	0	389	190	0	0	203	224	0	55	0	162	0	80	0	190	0	0
456	0	170	0	122	0	0	204	195	46	0	0	0	204	456	0	65	78	0	0	93	0	0	402	234	0	0	0	0	0	0	204	0	0	309	110	0	0	123	144	0	0	0	82	0	0	0	110	0	0
790	178	504	98	456	49	199	538	529	380	294	42	294	538	790	129	399	412	188	190	427	180	232	736	568	145	42	268	180	289	0	538	258	119	643	444	154	0	457	478	246	309	94	416	254	334	0	444	180	129
346	0	60	0	12	0	0	94	85	0	0	0	0	94	346	0	0	0	0	0	0	0	0	292	124	0	0	0	0	0	0	94	0	0	199	0	0	0	13	34	0	0	0	0	0	0	0	0	0	0
610	0	324	0	276	0	19	358	349	200	114	0	114	358	610	0	219	232	8	10	247	0	52	556	388	0	0	88	0	109	0	358	78	0	463	264	0	0	277	298	66	129	0	236	74	154	0	264	0	0
661	49	375	0	327	0	70	409	400	251	165	0	165	409	661	0	270	283	59	61	298	51	103	607	439	16	0	139	51	160	0	409	129	0	514	315	25	0	328	349	117	180	0	287	125	205	0	315	51	0

0	170	80	270	150	0	120	270	20	1200	0	0	205	270	110	0	270	0	60	50	0	0	10	0	70	20	210	120	170	270	170	70	0	220	50	350	20	220	170	120	20	60	70	50	350	1040	170	70	100	0
0	0	0	100	0	0	0	100	0	1030	0	0	35	100	0	0	100	0	0	0	0	0	0	0	0	0	40	0	0	100	0	0	0	50	0	180	0	50	0	0	0	0	0	0	180	870	0	0	0	0
0	90	0	190	70	0	40	190	0	1120	0	0	125	190	30	0	190	0	0	0	0	0	0	0	0	0	130	40	90	190	90	0	0	140	0	270	0	140	90	40	0	0	0	0	270	960	90	0	20	0
0	0	0	0	0	0	0	0	0	930	0	0	0	0	0	0	0	0	0	0	0	0	0	0	0	0	0	0	0	0	0	0	0	0	0	80	0	0	0	0	0	0	0	0	80	770	0	0	0	0
0	20	0	120	0	0	0	120	0	1050	0	0	55	120	0	0	120	0	0	0	0	0	0	0	0	0	60	0	20	120	20	0	0	70	0	200	0	70	20	0	0	0	0	0	200	890	20	0	0	0
30	200	110	300	180	0	150	300	50	1230	0	30	235	300	140	30	300	10	90	80	30	30	40	0	100	50	240	150	200	300	200	100	30	250	80	380	50	250	200	150	50	90	100	80	380	1070	200	100	130	0
0	50	0	150	30	0	0	150	0	1080	0	0	85	150	0	0	150	0	0	0	0	0	0	0	0	0	90	0	50	150	50	0	0	100	0	230	0	100	50	0	0	0	0	0	230	920	50	0	0	0
0	0	0	0	0	0	0	0	0	930	0	0	0	0	0	0	0	0	0	0	0	0	0	0	0	0	0	0	0	0	0	0	0	0	0	80	0	0	0	0	0	0	0	0	80	770	0	0	0	0
0	150	60	250	130	0	100	250	0	1180	0	0	185	250	90	0	250	0	40	30	0	0	0	0	50	0	190	100	150	250	150	50	0	200	30	330	0	200	150	100	0	40	50	30	330	1020	150	50	80	0
0	0	0	0	0	0	0	0	0	0	0	0	0	0	0	0	0	0	0	0	0	0	0	0	0	0	0	0	0	0	0	0	0	0	0	0	0	0	0	0	0	0	0	0	0	0	0	0	0	0
30	200	110	300	180	0	150	300	50	1230	0	30	235	300	140	30	300	10	90	80	30	30	40	0	100	50	240	150	200	300	200	100	30	250	80	380	50	250	200	150	50	90	100	80	380	1070	200	100	130	0
0	170	80	270	150	0	120	270	20	1200	0	0	205	270	110	0	270	0	60	50	0	0	10	0	70	20	210	120	170	270	170	70	0	220	50	350	20	220	170	120	20	60	70	50	350	1040	170	70	100	0
0	0	0	65	0	0	0	65	0	995	0	0	0	65	0	0	65	0	0	0	0	0	0	0	0	0	5	0	0	65	0	0	0	15	0	145	0	15	0	0	0	0	0	0	145	835	0	0	0	0
0	0	0	0	0	0	0	0	0	930	0	0	0	0	0	0	0	0	0	0	0	0	0	0	0	0	0	0	0	0	0	0	0	0	0	80	0	0	0	0	0	0	0	0	80	770	0	0	0	0
0	60	0	160	40	0	10	160	0	1090	0	0	95	160	0	0	160	0	0	0	0	0	0	0	0	0	100	10	60	160	60	0	0	110	0	240	0	110	60	10	0	0	0	0	240	930	60	0	0	0
0	170	80	270	150	0	120	270	20	1200	0	0	205	270	110	0	270	0	60	50	0	0	10	0	70	20	210	120	170	270	170	70	0	220	50	350	20	220	170	120	20	60	70	50	350	1040	170	70	100	0
0	0	0	0	0	0	0	0	0	930	0	0	0	0	0	0	0	0	0	0	0	0	0	0	0	0	0	0	0	0	0	0	0	0	0	80	0	0	0	0	0	0	0	0	80	770	0	0	0	0
20	190	100	290	170	0	140	290	40	1220	0	20	225	290	130	20	290	0	80	70	20	20	30	0	90	40	230	140	190	290	190	90	20	240	70	370	40	240	190	140	40	80	90	70	370	1060	190	90	120	0
0	110	20	210	90	0	60	210	0	1140	0	0	145	210	50	0	210	0	0	0	0	0	0	0	10	0	150	60	110	210	110	10	0	160	0	290	0	160	110	60	0	0	10	0	290	980	110	10	40	0
0	120	30	220	100	0	70	220	0	1150	0	0	155	220	60	0	220	0	10	0	0	0	0	0	20	0	160	70	120	220	120	20	0	170	0	300	0	170	120	70	0	10	20	0	300	990	120	20	50	0
0	170	80	270	150	0	120	270	20	1200	0	0	205	270	110	0	270	0	60	50	0	0	10	0	70	20	210	120	170	270	170	70	0	220	50	350	20	220	170	120	20	60	70	50	350	1040	170	70	100	0
0	170	80	270	150	0	120	270	20	1200	0	0	205	270	110	0	270	0	60	50	0	0	10	0	70	20	210	120	170	270	170	70	0	220	50	350	20	220	170	120	20	60	70	50	350	1040	170	70	100	0
0	160	70	260	140	0	110	260	10	1190	0	0	195	260	100	0	260	0	50	40	0	0	0	0	60	10	200	110	160	260	160	60	0	210	40	340	10	210	160	110	10	50	60	40	340	1030	160	60	90	0
50	220	130	320	200	20	170	320	70	1250	20	50	255	320	160	50	320	30	110	100	50	50	60	0	120	70	260	170	220	320	220	120	50	270	100	400	70	270	220	170	70	110	120	100	400	1090	220	120	150	20
0	100	10	200	80	0	50	200	0	1130	0	0	135	200	40	0	200	0	0	0	0	0	0	0	0	0	140	50	100	200	100	0	0	150	0	280	0	150	100	50	0	0	0	0	280	970	100	0	30	0
0	150	60	250	130	0	100	250	0	1180	0	0	185	250	90	0	250	0	40	30	0	0	0	0	50	0	190	100	150	250	150	50	0	200	30	330	0	200	150	100	0	40	50	30	330	1020	150	50	80	0
0	0	0	60	0	0	0	60	0	990	0	0	0	60	0	0	60	0	0	0	0	0	0	0	0	0	0	0	0	60	0	0	0	10	0	140	0	10	0	0	0	0	0	0	140	830	0	0	0	0
0	50	0	150	30	0	0	150	0	1080	0	0	85	150	0	0	150	0	0	0	0	0	0	0	0	0	90	0	50	150	50	0	0	100	0	230	0	100	50	0	0	0	0	0	230	920	50	0	0	0
0	0	0	100	0	0	0	100	0	1030	0	0	35	100	0	0	100	0	0	0	0	0	0	0	0	0	40	0	0	100	0	0	0	50	0	180	0	50	0	0	0	0	0	0	180	870	0	0	0	0
0	0	0	0	0	0	0	0	0	930	0	0	0	0	0	0	0	0	0	0	0	0	0	0	0	0	0	0	0	0	0	0	0	0	0	80	0	0	0	0	0	0	0	0	80	770	0	0	0	0
0	0	0	100	0	0	0	100	0	1030	0	0	35	100	0	0	100	0	0	0	0	0	0	0	0	0	40	0	0	100	0	0	0	50	0	180	0	50	0	0	0	0	0	0	180	870	0	0	0	0
0	100	10	200	80	0	50	200	0	1130	0	0	135	200	40	0	200	0	0	0	0	0	0	0	0	0	140	50	100	200	100	0	0	150	0	280	0	150	100	50	0	0	0	0	280	970	100	0	30	0
0	170	80	270	150	0	120	270	20	1200	0	0	205	270	110	0	270	0	60	50	0	0	10	0	70	20	210	120	170	270	170	70	0	220	50	350	20	220	170	120	20	60	70	50	350	1040	170	70	100	0
0	0	0	50	0	0	0	50	0	980	0	0	0	50	0	0	50	0	0	0	0	0	0	0	0	0	0	0	0	50	0	0	0	0	0	130	0	0	0	0	0	0	0	0	130	820	0	0	0	0
0	120	30	220	100	0	70	220	0	1150	0	0	155	220	60	0	220	0	10	0	0	0	0	0	20	0	160	70	120	220	120	20	0	170	0	300	0	170	120	70	0	10	20	0	300	990	120	20	50	0
0	0	0	0	0	0	0	0	0	850	0	0	0	0	0	0	0	0	0	0	0	0	0	0	0	0	0	0	0	0	0	0	0	0	0	0	0	0	0	0	0	0	0	0	0	690	0	0	0	0
0	150	60	250	130	0	100	250	0	1180	0	0	185	250	90	0	250	0	40	30	0	0	0	0	50	0	190	100	150	250	150	50	0	200	30	330	0	200	150	100	0	40	50	30	330	1020	150	50	80	0
0	0	0	50	0	0	0	50	0	980	0	0	0	50	0	0	50	0	0	0	0	0	0	0	0	0	0	0	0	50	0	0	0	0	0	130	0	0	0	0	0	0	0	0	130	820	0	0	0	0
0	0	0	100	0	0	0	100	0	1030	0	0	35	100	0	0	100	0	0	0	0	0	0	0	0	0	40	0	0	100	0	0	0	50	0	180	0	50	0	0	0	0	0	0	180	870	0	0	0	0
0	50	0	150	30	0	0	150	0	1080	0	0	85	150	0	0	150	0	0	0	0	0	0	0	0	0	90	0	50	150	50	0	0	100	0	230	0	100	50	0	0	0	0	0	230	920	50	0	0	0
0	150	60	250	130	0	100	250	0	1180	0	0	185	250	90	0	250	0	40	30	0	0	0	0	50	0	190	100	150	250	150	50	0	200	30	330	0	200	150	100	0	40	50	30	330	1020	150	50	80	0
0	110	20	210	90	0	60	210	0	1140	0	0	145	210	50	0	210	0	0	0	0	0	0	0	10	0	150	60	110	210	110	10	0	160	0	290	0	160	110	60	0	0	10	0	290	980	110	10	40	0
0	100	10	200	80	0	50	200	0	1130	0	0	135	200	40	0	200	0	0	0	0	0	0	0	0	0	140	50	100	200	100	0	0	150	0	280	0	150	100	50	0	0	0	0	280	970	100	0	30	0
0	120	30	220	100	0	70	220	0	1150	0	0	155	220	60	0	220	0	10	0	0	0	0	0	20	0	160	70	120	220	120	20	0	170	0	300	0	170	120	70	0	10	20	0	300	990	120	20	50	0
0	0	0	0	0	0	0	0	0	850	0	0	0	0	0	0	0	0	0	0	0	0	0	0	0	0	0	0	0	0	0	0	0	0	0	0	0	0	0	0	0	0	0	0	0	690	0	0	0	0
0	0	0	0	0	0	0	0	0	160	0	0	0	0	0	0	0	0	0	0	0	0	0	0	0	0	0	0	0	0	0	0	0	0	0	0	0	0	0	0	0	0	0	0	0	0	0	0	0	0
0	0	0	100	0	0	0	100	0	1030	0	0	35	100	0	0	100	0	0	0	0	0	0	0	0	0	40	0	0	100	0	0	0	50	0	180	0	50	0	0	0	0	0	0	180	870	0	0	0	0
0	100	10	200	80	0	50	200	0	1130	0	0	135	200	40	0	200	0	0	0	0	0	0	0	0	0	140	50	100	200	100	0	0	150	0	280	0	150	100	50	0	0	0	0	280	970	100	0	30	0
0	70	0	170	50	0	20	170	0	1100	0	0	105	170	10	0	170	0	0	0	0	0	0	0	0	0	110	20	70	170	70	0	0	120	0	250	0	120	70	20	0	0	0	0	250	940	70	0	0	0
30	200	110	300	180	0	150	300	50	1230	0	30	235	300	140	30	300	10	90	80	30	30	40	0	100	50	240	150	200	300	200	100	30	250	80	380	50	250	200	150	50	90	100	80	380	1070	200	100	130	0

0	0	0	0	0	30	0	0	0	0	30	0	0	0	0	0	0	20	0	0	0	0	0	50	0	0	0	0	0	0	0	0	0	0	0	0	0	0	0	0	0	0	0	0	0	0	0	0	0	30
170	0	90	0	20	200	50	0	150	0	200	170	0	0	60	170	0	190	110	120	170	170	160	220	100	150	0	50	0	0	0	100	170	0	120	0	150	0	0	50	150	110	100	120	0	0	0	100	70	200
80	0	0	0	0	110	0	0	60	0	110	80	0	0	0	80	0	100	20	30	80	80	70	130	10	60	0	0	0	0	0	10	80	0	30	0	60	0	0	0	60	20	10	30	0	0	0	10	0	110
270	100	190	0	120	300	150	0	250	0	300	270	65	0	160	270	0	290	210	220	270	270	260	320	200	250	60	150	100	0	100	200	270	50	220	0	250	50	100	150	250	210	200	220	0	0	100	200	170	300
150	0	70	0	0	180	30	0	130	0	180	150	0	0	40	150	0	170	90	100	150	150	140	200	80	130	0	30	0	0	0	80	150	0	100	0	130	0	0	30	130	90	80	100	0	0	0	80	50	180
0	0	0	0	0	0	0	0	0	0	0	0	0	0	0	0	0	0	0	0	0	0	0	20	0	0	0	0	0	0	0	0	0	0	0	0	0	0	0	0	0	0	0	0	0	0	0	0	0	0
120	0	40	0	0	150	0	0	100	0	150	120	0	0	10	120	0	140	60	70	120	120	110	170	50	100	0	0	0	0	0	50	120	0	70	0	100	0	0	0	100	60	50	70	0	0	0	50	20	150
270	100	190	0	120	300	150	0	250	0	300	270	65	0	160	270	0	290	210	220	270	270	260	320	200	250	60	150	100	0	100	200	270	50	220	0	250	50	100	150	250	210	200	220	0	0	100	200	170	300
20	0	0	0	0	50	0	0	0	0	50	20	0	0	0	20	0	40	0	0	20	20	10	70	0	0	0	0	0	0	0	0	20	0	0	0	0	0	0	0	0	0	0	0	0	0	0	0	0	50
1200	1030	1120	930	1050	1230	1080	930	1180	0	1230	1200	995	930	1090	1200	930	1220	1140	1150	1200	1200	1190	1250	1130	1180	990	1080	1030	930	1030	1130	1200	980	1150	850	1180	980	1030	1080	1180	1140	1130	1150	850	160	1030	1130	1100	1230
0	0	0	0	0	0	0	0	0	0	0	0	0	0	0	0	0	0	0	0	0	0	0	20	0	0	0	0	0	0	0	0	0	0	0	0	0	0	0	0	0	0	0	0	0	0	0	0	0	0
0	0	0	0	0	30	0	0	0	0	30	0	0	0	0	0	0	20	0	0	0	0	0	50	0	0	0	0	0	0	0	0	0	0	0	0	0	0	0	0	0	0	0	0	0	0	0	0	0	30
205	35	125	0	55	235	85	0	185	0	235	205	0	0	95	205	0	225	145	155	205	205	195	255	135	185	0	85	35	0	35	135	205	0	155	0	185	0	35	85	185	145	135	155	0	0	35	135	105	235
270	100	190	0	120	300	150	0	250	0	300	270	65	0	160	270	0	290	210	220	270	270	260	320	200	250	60	150	100	0	100	200	270	50	220	0	250	50	100	150	250	210	200	220	0	0	100	200	170	300
110	0	30	0	0	140	0	0	90	0	140	110	0	0	0	110	0	130	50	60	110	110	100	160	40	90	0	0	0	0	0	40	110	0	60	0	90	0	0	0	90	50	40	60	0	0	0	40	10	140
0	0	0	0	0	30	0	0	0	0	30	0	0	0	0	0	0	20	0	0	0	0	0	50	0	0	0	0	0	0	0	0	0	0	0	0	0	0	0	0	0	0	0	0	0	0	0	0	0	30
270	100	190	0	120	300	150	0	250	0	300	270	65	0	160	270	0	290	210	220	270	270	260	320	200	250	60	150	100	0	100	200	270	50	220	0	250	50	100	150	250	210	200	220	0	0	100	200	170	300
0	0	0	0	0	10	0	0	0	0	10	0	0	0	0	0	0	0	0	0	0	0	0	30	0	0	0	0	0	0	0	0	0	0	0	0	0	0	0	0	0	0	0	0	0	0	0	0	0	10
60	0	0	0	0	90	0	0	40	0	90	60	0	0	0	60	0	80	0	10	60	60	50	110	0	40	0	0	0	0	0	0	60	0	10	0	40	0	0	0	40	0	0	10	0	0	0	0	0	90
50	0	0	0	0	80	0	0	30	0	80	50	0	0	0	50	0	70	0	0	50	50	40	100	0	30	0	0	0	0	0	0	50	0	0	0	30	0	0	0	30	0	0	0	0	0	0	0	0	80
0	0	0	0	0	30	0	0	0	0	30	0	0	0	0	0	0	20	0	0	0	0	0	50	0	0	0	0	0	0	0	0	0	0	0	0	0	0	0	0	0	0	0	0	0	0	0	0	0	30
0	0	0	0	0	30	0	0	0	0	30	0	0	0	0	0	0	20	0	0	0	0	0	50	0	0	0	0	0	0	0	0	0	0	0	0	0	0	0	0	0	0	0	0	0	0	0	0	0	30
10	0	0	0	0	40	0	0	0	0	40	10	0	0	0	10	0	30	0	0	10	10	0	60	0	0	0	0	0	0	0	0	10	0	0	0	0	0	0	0	0	0	0	0	0	0	0	0	0	40
0	0	0	0	0	0	0	0	0	0	0	0	0	0	0	0	0	0	0	0	0	0	0	0	0	0	0	0	0	0	0	0	0	0	0	0	0	0	0	0	0	0	0	0	0	0	0	0	0	0
70	0	0	0	0	100	0	0	50	0	100	70	0	0	0	70	0	90	10	20	70	70	60	120	0	50	0	0	0	0	0	0	70	0	20	0	50	0	0	0	50	10	0	20	0	0	0	0	0	100
20	0	0	0	0	50	0	0	0	0	50	20	0	0	0	20	0	40	0	0	20	20	10	70	0	0	0	0	0	0	0	0	20	0	0	0	0	0	0	0	0	0	0	0	0	0	0	0	0	50
210	40	130	0	60	240	90	0	190	0	240	210	5	0	100	210	0	230	150	160	210	210	200	260	140	190	0	90	40	0	40	140	210	0	160	0	190	0	40	90	190	150	140	160	0	0	40	140	110	240
120	0	40	0	0	150	0	0	100	0	150	120	0	0	10	120	0	140	60	70	120	120	110	170	50	100	0	0	0	0	0	50	120	0	70	0	100	0	0	0	100	60	50	70	0	0	0	50	20	150
170	0	90	0	20	200	50	0	150	0	200	170	0	0	60	170	0	190	110	120	170	170	160	220	100	150	0	50	0	0	0	100	170	0	120	0	150	0	0	50	150	110	100	120	0	0	0	100	70	200
270	100	190	0	120	300	150	0	250	0	300	270	65	0	160	270	0	290	210	220	270	270	260	320	200	250	60	150	100	0	100	200	270	50	220	0	250	50	100	150	250	210	200	220	0	0	100	200	170	300
170	0	90	0	20	200	50	0	150	0	200	170	0	0	60	170	0	190	110	120	170	170	160	220	100	150	0	50	0	0	0	100	170	0	120	0	150	0	0	50	150	110	100	120	0	0	0	100	70	200
70	0	0	0	0	100	0	0	50	0	100	70	0	0	0	70	0	90	10	20	70	70	60	120	0	50	0	0	0	0	0	0	70	0	20	0	50	0	0	0	50	10	0	20	0	0	0	0	0	100
0	0	0	0	0	30	0	0	0	0	30	0	0	0	0	0	0	20	0	0	0	0	0	50	0	0	0	0	0	0	0	0	0	0	0	0	0	0	0	0	0	0	0	0	0	0	0	0	0	30
220	50	140	0	70	250	100	0	200	0	250	220	15	0	110	220	0	240	160	170	220	220	210	270	150	200	10	100	50	0	50	150	220	0	170	0	200	0	50	100	200	160	150	170	0	0	50	150	120	250
50	0	0	0	0	80	0	0	30	0	80	50	0	0	0	50	0	70	0	0	50	50	40	100	0	30	0	0	0	0	0	0	50	0	0	0	30	0	0	0	30	0	0	0	0	0	0	0	0	80
350	180	270	80	200	380	230	80	330	0	380	350	145	80	240	350	80	370	290	300	350	350	340	400	280	330	140	230	180	80	180	280	350	130	300	0	330	130	180	230	330	290	280	300	0	0	180	280	250	380
20	0	0	0	0	50	0	0	0	0	50	20	0	0	0	20	0	40	0	0	20	20	10	70	0	0	0	0	0	0	0	0	20	0	0	0	0	0	0	0	0	0	0	0	0	0	0	0	0	50
220	50	140	0	70	250	100	0	200	0	250	220	15	0	110	220	0	240	160	170	220	220	210	270	150	200	10	100	50	0	50	150	220	0	170	0	200	0	50	100	200	160	150	170	0	0	50	150	120	250
170	0	90	0	20	200	50	0	150	0	200	170	0	0	60	170	0	190	110	120	170	170	160	220	100	150	0	50	0	0	0	100	170	0	120	0	150	0	0	50	150	110	100	120	0	0	0	100	70	200
120	0	40	0	0	150	0	0	100	0	150	120	0	0	10	120	0	140	60	70	120	120	110	170	50	100	0	0	0	0	0	50	120	0	70	0	100	0	0	0	100	60	50	70	0	0	0	50	20	150
20	0	0	0	0	50	0	0	0	0	50	20	0	0	0	20	0	40	0	0	20	20	10	70	0	0	0	0	0	0	0	0	20	0	0	0	0	0	0	0	0	0	0	0	0	0	0	0	0	50
60	0	0	0	0	90	0	0	40	0	90	60	0	0	0	60	0	80	0	10	60	60	50	110	0	40	0	0	0	0	0	0	60	0	10	0	40	0	0	0	40	0	0	10	0	0	0	0	0	90
70	0	0	0	0	100	0	0	50	0	100	70	0	0	0	70	0	90	10	20	70	70	60	120	0	50	0	0	0	0	0	0	70	0	20	0	50	0	0	0	50	10	0	20	0	0	0	0	0	100
50	0	0	0	0	80	0	0	30	0	80	50	0	0	0	50	0	70	0	0	50	50	40	100	0	30	0	0	0	0	0	0	50	0	0	0	30	0	0	0	30	0	0	0	0	0	0	0	0	80
350	180	270	80	200	380	230	80	330	0	380	350	145	80	240	350	80	370	290	300	350	350	340	400	280	330	140	230	180	80	180	280	350	130	300	0	330	130	180	230	330	290	280	300	0	0	180	280	250	380
1040	870	960	770	890	1070	920	770	1020	0	1070	1040	835	770	930	1040	770	1060	980	990	1040	1040	1030	1090	970	1020	830	920	870	770	870	970	1040	820	990	690	1020	820	870	920	1020	980	970	990	690	0	870	970	940	1070
170	0	90	0	20	200	50	0	150	0	200	170	0	0	60	170	0	190	110	120	170	170	160	220	100	150	0	50	0	0	0	100	170	0	120	0	150	0	0	50	150	110	100	120	0	0	0	100	70	200
70	0	0	0	0	100	0	0	50	0	100	70	0	0	0	70	0	90	10	20	70	70	60	120	0	50	0	0	0	0	0	0	70	0	20	0	50	0	0	0	50	10	0	20	0	0	0	0	0	100
100	0	20	0	0	130	0	0	80	0	130	100	0	0	0	100	0	120	40	50	100	100	90	150	30	80	0	0	0	0	0	30	100	0	50	0	80	0	0	0	80	40	30	50	0	0	0	30	0	130
0	0	0	0	0	0	0	0	0	0	0	0	0	0	0	0	0	0	0	0	0	0	0	20	0	0	0	0	0	0	0	0	0	0	0	0	0	0	0	0	0	0	0	0	0	0	0	0	0	0