1684 1641 1747 1612 1744 1545 1731 1733 1799 1793 1769 1786 1721 1790 1781 1796 1753 1646 1792 1694 1802 1794 1736 1677 1745 1778 1711 1567 1802 1787 1664 1777 1756 1612 1791 1706 1789 1721 1782 1682 1759 1743 1776 1525 1801 1679 1697 1732 1717 1738

70

58 62 53 64 53 70 55 54 49 49 51 50 55 50 50 49 53 62 50 58 49 49 54 59 53 51 56 68 49 50 60 51 53 64 50 57 50 55 50 59 52 54 51 72 49 59 57 54 56 54

19 25 50 6

22305

0	575	375	583	32	0	285	165	289	156	339	120	0	252	289	239	7	565	233	481	282	268	0	219	0	249	0	0	264	300	511	342	25	0	289	0	131	406	105	481	10	380	200	0	250	422	0	360	0	25
0	0	0	8	0	0	0	0	0	0	0	0	0	0	0	0	0	0	0	0	0	0	0	0	0	0	0	0	0	0	0	0	0	0	0	0	0	0	0	0	0	0	0	0	0	0	0	0	0	0
0	200	0	208	0	0	0	0	0	0	0	0	0	0	0	0	0	190	0	106	0	0	0	0	0	0	0	0	0	0	136	0	0	0	0	0	0	31	0	106	0	5	0	0	0	47	0	0	0	0
0	0	0	0	0	0	0	0	0	0	0	0	0	0	0	0	0	0	0	0	0	0	0	0	0	0	0	0	0	0	0	0	0	0	0	0	0	0	0	0	0	0	0	0	0	0	0	0	0	0
0	543	343	551	0	0	253	133	257	124	307	88	0	220	257	207	0	533	201	449	250	236	0	187	0	217	0	0	232	268	479	310	0	0	257	0	99	374	73	449	0	348	168	0	218	390	0	328	0	0
267	842	642	850	299	0	552	432	556	423	606	387	225	519	556	506	274	832	500	748	549	535	233	486	262	516	212	0	531	567	778	609	292	181	556	181	398	673	372	748	277	647	467	0	517	689	171	627	252	292
0	290	90	298	0	0	0	0	4	0	54	0	0	0	4	0	0	280	0	196	0	0	0	0	0	0	0	0	0	15	226	57	0	0	4	0	0	121	0	196	0	95	0	0	0	137	0	75	0	0
0	410	210	418	0	0	120	0	124	0	174	0	0	87	124	74	0	400	68	316	117	103	0	54	0	84	0	0	99	135	346	177	0	0	124	0	0	241	0	316	0	215	35	0	85	257	0	195	0	0
0	286	86	294	0	0	0	0	0	0	50	0	0	0	0	0	0	276	0	192	0	0	0	0	0	0	0	0	0	11	222	53	0	0	0	0	0	117	0	192	0	91	0	0	0	133	0	71	0	0
0	419	219	427	0	0	129	9	133	0	183	0	0	96	133	83	0	409	77	325	126	112	0	63	0	93	0	0	108	144	355	186	0	0	133	0	0	250	0	325	0	224	44	0	94	266	0	204	0	0
0	236	36	244	0	0	0	0	0	0	0	0	0	0	0	0	0	226	0	142	0	0	0	0	0	0	0	0	0	0	172	3	0	0	0	0	0	67	0	142	0	41	0	0	0	83	0	21	0	0
0	455	255	463	0	0	165	45	169	36	219	0	0	132	169	119	0	445	113	361	162	148	0	99	0	129	0	0	144	180	391	222	0	0	169	0	11	286	0	361	0	260	80	0	130	302	0	240	0	0
42	617	417	625	74	0	327	207	331	198	381	162	0	294	331	281	49	607	275	523	324	310	8	261	37	291	0	0	306	342	553	384	67	0	331	0	173	448	147	523	52	422	242	0	292	464	0	402	27	67
0	323	123	331	0	0	33	0	37	0	87	0	0	0	37	0	0	313	0	229	30	16	0	0	0	0	0	0	12	48	259	90	0	0	37	0	0	154	0	229	0	128	0	0	0	170	0	108	0	0
0	286	86	294	0	0	0	0	0	0	50	0	0	0	0	0	0	276	0	192	0	0	0	0	0	0	0	0	0	11	222	53	0	0	0	0	0	117	0	192	0	91	0	0	0	133	0	71	0	0
0	336	136	344	0	0	46	0	50	0	100	0	0	13	50	0	0	326	0	242	43	29	0	0	0	10	0	0	25	61	272	103	0	0	50	0	0	167	0	242	0	141	0	0	11	183	0	121	0	0
0	568	368	576	25	0	278	158	282	149	332	113	0	245	282	232	0	558	226	474	275	261	0	212	0	242	0	0	257	293	504	335	18	0	282	0	124	399	98	474	3	373	193	0	243	415	0	353	0	18
0	10	0	18	0	0	0	0	0	0	0	0	0	0	0	0	0	0	0	0	0	0	0	0	0	0	0	0	0	0	0	0	0	0	0	0	0	0	0	0	0	0	0	0	0	0	0	0	0	0
0	342	142	350	0	0	52	0	56	0	106	0	0	19	56	6	0	332	0	248	49	35	0	0	0	16	0	0	31	67	278	109	0	0	56	0	0	173	0	248	0	147	0	0	17	189	0	127	0	0
0	94	0	102	0	0	0	0	0	0	0	0	0	0	0	0	0	84	0	0	0	0	0	0	0	0	0	0	0	0	30	0	0	0	0	0	0	0	0	0	0	0	0	0	0	0	0	0	0	0
0	293	93	301	0	0	3	0	7	0	57	0	0	0	7	0	0	283	0	199	0	0	0	0	0	0	0	0	0	18	229	60	0	0	7	0	0	124	0	199	0	98	0	0	0	140	0	78	0	0
0	307	107	315	0	0	17	0	21	0	71	0	0	0	21	0	0	297	0	213	14	0	0	0	0	0	0	0	0	32	243	74	0	0	21	0	0	138	0	213	0	112	0	0	0	154	0	92	0	0
34	609	409	617	66	0	319	199	323	190	373	154	0	286	323	273	41	599	267	515	316	302	0	253	29	283	0	0	298	334	545	376	59	0	323	0	165	440	139	515	44	414	234	0	284	456	0	394	19	59
0	356	156	364	0	0	66	0	70	0	120	0	0	33	70	20	0	346	14	262	63	49	0	0	0	30	0	0	45	81	292	123	0	0	70	0	0	187	0	262	0	161	0	0	31	203	0	141	0	0
5	580	380	588	37	0	290	170	294	161	344	125	0	257	294	244	12	570	238	486	287	273	0	224	0	254	0	0	269	305	516	347	30	0	294	0	136	411	110	486	15	385	205	0	255	427	0	365	0	30
0	326	126	334	0	0	36	0	40	0	90	0	0	3	40	0	0	316	0	232	33	19	0	0	0	0	0	0	15	51	262	93	0	0	40	0	0	157	0	232	0	131	0	0	1	173	0	111	0	0
55	630	430	638	87	0	340	220	344	211	394	175	13	307	344	294	62	620	288	536	337	323	21	274	50	304	0	0	319	355	566	397	80	0	344	0	186	461	160	536	65	435	255	0	305	477	0	415	40	80
267	842	642	850	299	0	552	432	556	423	606	387	225	519	556	506	274	832	500	748	549	535	233	486	262	516	212	0	531	567	778	609	292	181	556	181	398	673	372	748	277	647	467	0	517	689	171	627	252	292
0	311	111	319	0	0	21	0	25	0	75	0	0	0	25	0	0	301	0	217	18	4	0	0	0	0	0	0	0	36	247	78	0	0	25	0	0	142	0	217	0	116	0	0	0	158	0	96	0	0
0	275	75	283	0	0	0	0	0	0	39	0	0	0	0	0	0	265	0	181	0	0	0	0	0	0	0	0	0	0	211	42	0	0	0	0	0	106	0	181	0	80	0	0	0	122	0	60	0	0
0	64	0	72	0	0	0	0	0	0	0	0	0	0	0	0	0	54	0	0	0	0	0	0	0	0	0	0	0	0	0	0	0	0	0	0	0	0	0	0	0	0	0	0	0	0	0	0	0	0
0	233	33	241	0	0	0	0	0	0	0	0	0	0	0	0	0	223	0	139	0	0	0	0	0	0	0	0	0	0	169	0	0	0	0	0	0	64	0	139	0	38	0	0	0	80	0	18	0	0
0	550	350	558	7	0	260	140	264	131	314	95	0	227	264	214	0	540	208	456	257	243	0	194	0	224	0	0	239	275	486	317	0	0	264	0	106	381	80	456	0	355	175	0	225	397	0	335	0	0
86	661	461	669	118	0	371	251	375	242	425	206	44	338	375	325	93	651	319	567	368	354	52	305	81	335	31	0	350	386	597	428	111	0	375	0	217	492	191	567	96	466	286	0	336	508	0	446	71	111
0	286	86	294	0	0	0	0	0	0	50	0	0	0	0	0	0	276	0	192	0	0	0	0	0	0	0	0	0	11	222	53	0	0	0	0	0	117	0	192	0	91	0	0	0	133	0	71	0	0
86	661	461	669	118	0	371	251	375	242	425	206	44	338	375	325	93	651	319	567	368	354	52	305	81	335	31	0	350	386	597	428	111	0	375	0	217	492	191	567	96	466	286	0	336	508	0	446	71	111
0	444	244	452	0	0	154	34	158	25	208	0	0	121	158	108	0	434	102	350	151	137	0	88	0	118	0	0	133	169	380	211	0	0	158	0	0	275	0	350	0	249	69	0	119	291	0	229	0	0
0	169	0	177	0	0	0	0	0	0	0	0	0	0	0	0	0	159	0	75	0	0	0	0	0	0	0	0	0	0	105	0	0	0	0	0	0	0	0	75	0	0	0	0	0	16	0	0	0	0
0	470	270	478	0	0	180	60	184	51	234	15	0	147	184	134	0	460	128	376	177	163	0	114	0	144	0	0	159	195	406	237	0	0	184	0	26	301	0	376	0	275	95	0	145	317	0	255	0	0
0	94	0	102	0	0	0	0	0	0	0	0	0	0	0	0	0	84	0	0	0	0	0	0	0	0	0	0	0	0	30	0	0	0	0	0	0	0	0	0	0	0	0	0	0	0	0	0	0	0
0	565	365	573	22	0	275	155	279	146	329	110	0	242	279	229	0	555	223	471	272	258	0	209	0	239	0	0	254	290	501	332	15	0	279	0	121	396	95	471	0	370	190	0	240	412	0	350	0	15
0	195	0	203	0	0	0	0	0	0	0	0	0	0	0	0	0	185	0	101	0	0	0	0	0	0	0	0	0	0	131	0	0	0	0	0	0	26	0	101	0	0	0	0	0	42	0	0	0	0
0	375	175	383	0	0	85	0	89	0	139	0	0	52	89	39	0	365	33	281	82	68	0	19	0	49	0	0	64	100	311	142	0	0	89	0	0	206	0	281	0	180	0	0	50	222	0	160	0	0
321	896	696	904	353	54	606	486	610	477	660	441	279	573	610	560	328	886	554	802	603	589	287	540	316	570	266	54	585	621	832	663	346	235	610	235	452	727	426	802	331	701	521	0	571	743	225	681	306	346
0	325	125	333	0	0	35	0	39	0	89	0	0	2	39	0	0	315	0	231	32	18	0	0	0	0	0	0	14	50	261	92	0	0	39	0	0	156	0	231	0	130	0	0	0	172	0	110	0	0
0	153	0	161	0	0	0	0	0	0	0	0	0	0	0	0	0	143	0	59	0	0	0	0	0	0	0	0	0	0	89	0	0	0	0	0	0	0	0	59	0	0	0	0	0	0	0	0	0	0
96	671	471	679	128	0	381	261	385	252	435	216	54	348	385	335	103	661	329	577	378	364	62	315	91	345	41	0	360	396	607	438	121	10	385	10	227	502	201	577	106	476	296	0	346	518	0	456	81	121
0	215	15	223	0	0	0	0	0	0	0	0	0	0	0	0	0	205	0	121	0	0	0	0	0	0	0	0	0	0	151	0	0	0	0	0	0	46	0	121	0	20	0	0	0	62	0	0	0	0
15	590	390	598	47	0	300	180	304	171	354	135	0	267	304	254	22	580	248	496	297	283	0	234	10	264	0	0	279	315	526	357	40	0	304	0	146	421	120	496	25	395	215	0	265	437	0	375	0	40
0	550	350	558	7	0	260	140	264	131	314	95	0	227	264	214	0	540	208	456	257	243	0	194	0	224	0	0	239	275	486	317	0	0	264	0	106	381	80	456	0	355	175	0	225	397	0	335	0	0

0	0	0	0	0	267	0	0	0	0	0	0	42	0	0	0	0	0	0	0	0	0	34	0	5	0	55	267	0	0	0	0	0	86	0	86	0	0	0	0	0	0	0	321	0	0	96	0	15	0
575	0	200	0	543	842	290	410	286	419	236	455	617	323	286	336	568	10	342	94	293	307	609	356	580	326	630	842	311	275	64	233	550	661	286	661	444	169	470	94	565	195	375	896	325	153	671	215	590	550
375	0	0	0	343	642	90	210	86	219	36	255	417	123	86	136	368	0	142	0	93	107	409	156	380	126	430	642	111	75	0	33	350	461	86	461	244	0	270	0	365	0	175	696	125	0	471	15	390	350
583	8	208	0	551	850	298	418	294	427	244	463	625	331	294	344	576	18	350	102	301	315	617	364	588	334	638	850	319	283	72	241	558	669	294	669	452	177	478	102	573	203	383	904	333	161	679	223	598	558
32	0	0	0	0	299	0	0	0	0	0	0	74	0	0	0	25	0	0	0	0	0	66	0	37	0	87	299	0	0	0	0	7	118	0	118	0	0	0	0	22	0	0	353	0	0	128	0	47	7
0	0	0	0	0	0	0	0	0	0	0	0	0	0	0	0	0	0	0	0	0	0	0	0	0	0	0	0	0	0	0	0	0	0	0	0	0	0	0	0	0	0	0	54	0	0	0	0	0	0
285	0	0	0	253	552	0	120	0	129	0	165	327	33	0	46	278	0	52	0	3	17	319	66	290	36	340	552	21	0	0	0	260	371	0	371	154	0	180	0	275	0	85	606	35	0	381	0	300	260
165	0	0	0	133	432	0	0	0	9	0	45	207	0	0	0	158	0	0	0	0	0	199	0	170	0	220	432	0	0	0	0	140	251	0	251	34	0	60	0	155	0	0	486	0	0	261	0	180	140
289	0	0	0	257	556	4	124	0	133	0	169	331	37	0	50	282	0	56	0	7	21	323	70	294	40	344	556	25	0	0	0	264	375	0	375	158	0	184	0	279	0	89	610	39	0	385	0	304	264
156	0	0	0	124	423	0	0	0	0	0	36	198	0	0	0	149	0	0	0	0	0	190	0	161	0	211	423	0	0	0	0	131	242	0	242	25	0	51	0	146	0	0	477	0	0	252	0	171	131
339	0	0	0	307	606	54	174	50	183	0	219	381	87	50	100	332	0	106	0	57	71	373	120	344	90	394	606	75	39	0	0	314	425	50	425	208	0	234	0	329	0	139	660	89	0	435	0	354	314
120	0	0	0	88	387	0	0	0	0	0	0	162	0	0	0	113	0	0	0	0	0	154	0	125	0	175	387	0	0	0	0	95	206	0	206	0	0	15	0	110	0	0	441	0	0	216	0	135	95
0	0	0	0	0	225	0	0	0	0	0	0	0	0	0	0	0	0	0	0	0	0	0	0	0	0	13	225	0	0	0	0	0	44	0	44	0	0	0	0	0	0	0	279	0	0	54	0	0	0
252	0	0	0	220	519	0	87	0	96	0	132	294	0	0	13	245	0	19	0	0	0	286	33	257	3	307	519	0	0	0	0	227	338	0	338	121	0	147	0	242	0	52	573	2	0	348	0	267	227
289	0	0	0	257	556	4	124	0	133	0	169	331	37	0	50	282	0	56	0	7	21	323	70	294	40	344	556	25	0	0	0	264	375	0	375	158	0	184	0	279	0	89	610	39	0	385	0	304	264
239	0	0	0	207	506	0	74	0	83	0	119	281	0	0	0	232	0	6	0	0	0	273	20	244	0	294	506	0	0	0	0	214	325	0	325	108	0	134	0	229	0	39	560	0	0	335	0	254	214
7	0	0	0	0	274	0	0	0	0	0	0	49	0	0	0	0	0	0	0	0	0	41	0	12	0	62	274	0	0	0	0	0	93	0	93	0	0	0	0	0	0	0	328	0	0	103	0	22	0
565	0	190	0	533	832	280	400	276	409	226	445	607	313	276	326	558	0	332	84	283	297	599	346	570	316	620	832	301	265	54	223	540	651	276	651	434	159	460	84	555	185	365	886	315	143	661	205	580	540
233	0	0	0	201	500	0	68	0	77	0	113	275	0	0	0	226	0	0	0	0	0	267	14	238	0	288	500	0	0	0	0	208	319	0	319	102	0	128	0	223	0	33	554	0	0	329	0	248	208
481	0	106	0	449	748	196	316	192	325	142	361	523	229	192	242	474	0	248	0	199	213	515	262	486	232	536	748	217	181	0	139	456	567	192	567	350	75	376	0	471	101	281	802	231	59	577	121	496	456
282	0	0	0	250	549	0	117	0	126	0	162	324	30	0	43	275	0	49	0	0	14	316	63	287	33	337	549	18	0	0	0	257	368	0	368	151	0	177	0	272	0	82	603	32	0	378	0	297	257
268	0	0	0	236	535	0	103	0	112	0	148	310	16	0	29	261	0	35	0	0	0	302	49	273	19	323	535	4	0	0	0	243	354	0	354	137	0	163	0	258	0	68	589	18	0	364	0	283	243
0	0	0	0	0	233	0	0	0	0	0	0	8	0	0	0	0	0	0	0	0	0	0	0	0	0	21	233	0	0	0	0	0	52	0	52	0	0	0	0	0	0	0	287	0	0	62	0	0	0
219	0	0	0	187	486	0	54	0	63	0	99	261	0	0	0	212	0	0	0	0	0	253	0	224	0	274	486	0	0	0	0	194	305	0	305	88	0	114	0	209	0	19	540	0	0	315	0	234	194
0	0	0	0	0	262	0	0	0	0	0	0	37	0	0	0	0	0	0	0	0	0	29	0	0	0	50	262	0	0	0	0	0	81	0	81	0	0	0	0	0	0	0	316	0	0	91	0	10	0
249	0	0	0	217	516	0	84	0	93	0	129	291	0	0	10	242	0	16	0	0	0	283	30	254	0	304	516	0	0	0	0	224	335	0	335	118	0	144	0	239	0	49	570	0	0	345	0	264	224
0	0	0	0	0	212	0	0	0	0	0	0	0	0	0	0	0	0	0	0	0	0	0	0	0	0	0	212	0	0	0	0	0	31	0	31	0	0	0	0	0	0	0	266	0	0	41	0	0	0
0	0	0	0	0	0	0	0	0	0	0	0	0	0	0	0	0	0	0	0	0	0	0	0	0	0	0	0	0	0	0	0	0	0	0	0	0	0	0	0	0	0	0	54	0	0	0	0	0	0
264	0	0	0	232	531	0	99	0	108	0	144	306	12	0	25	257	0	31	0	0	0	298	45	269	15	319	531	0	0	0	0	239	350	0	350	133	0	159	0	254	0	64	585	14	0	360	0	279	239
300	0	0	0	268	567	15	135	11	144	0	180	342	48	11	61	293	0	67	0	18	32	334	81	305	51	355	567	36	0	0	0	275	386	11	386	169	0	195	0	290	0	100	621	50	0	396	0	315	275
511	0	136	0	479	778	226	346	222	355	172	391	553	259	222	272	504	0	278	30	229	243	545	292	516	262	566	778	247	211	0	169	486	597	222	597	380	105	406	30	501	131	311	832	261	89	607	151	526	486
342	0	0	0	310	609	57	177	53	186	3	222	384	90	53	103	335	0	109	0	60	74	376	123	347	93	397	609	78	42	0	0	317	428	53	428	211	0	237	0	332	0	142	663	92	0	438	0	357	317
25	0	0	0	0	292	0	0	0	0	0	0	67	0	0	0	18	0	0	0	0	0	59	0	30	0	80	292	0	0	0	0	0	111	0	111	0	0	0	0	15	0	0	346	0	0	121	0	40	0
0	0	0	0	0	181	0	0	0	0	0	0	0	0	0	0	0	0	0	0	0	0	0	0	0	0	0	181	0	0	0	0	0	0	0	0	0	0	0	0	0	0	0	235	0	0	10	0	0	0
289	0	0	0	257	556	4	124	0	133	0	169	331	37	0	50	282	0	56	0	7	21	323	70	294	40	344	556	25	0	0	0	264	375	0	375	158	0	184	0	279	0	89	610	39	0	385	0	304	264
0	0	0	0	0	181	0	0	0	0	0	0	0	0	0	0	0	0	0	0	0	0	0	0	0	0	0	181	0	0	0	0	0	0	0	0	0	0	0	0	0	0	0	235	0	0	10	0	0	0
131	0	0	0	99	398	0	0	0	0	0	11	173	0	0	0	124	0	0	0	0	0	165	0	136	0	186	398	0	0	0	0	106	217	0	217	0	0	26	0	121	0	0	452	0	0	227	0	146	106
406	0	31	0	374	673	121	241	117	250	67	286	448	154	117	167	399	0	173	0	124	138	440	187	411	157	461	673	142	106	0	64	381	492	117	492	275	0	301	0	396	26	206	727	156	0	502	46	421	381
105	0	0	0	73	372	0	0	0	0	0	0	147	0	0	0	98	0	0	0	0	0	139	0	110	0	160	372	0	0	0	0	80	191	0	191	0	0	0	0	95	0	0	426	0	0	201	0	120	80
481	0	106	0	449	748	196	316	192	325	142	361	523	229	192	242	474	0	248	0	199	213	515	262	486	232	536	748	217	181	0	139	456	567	192	567	350	75	376	0	471	101	281	802	231	59	577	121	496	456
10	0	0	0	0	277	0	0	0	0	0	0	52	0	0	0	3	0	0	0	0	0	44	0	15	0	65	277	0	0	0	0	0	96	0	96	0	0	0	0	0	0	0	331	0	0	106	0	25	0
380	0	5	0	348	647	95	215	91	224	41	260	422	128	91	141	373	0	147	0	98	112	414	161	385	131	435	647	116	80	0	38	355	466	91	466	249	0	275	0	370	0	180	701	130	0	476	20	395	355
200	0	0	0	168	467	0	35	0	44	0	80	242	0	0	0	193	0	0	0	0	0	234	0	205	0	255	467	0	0	0	0	175	286	0	286	69	0	95	0	190	0	0	521	0	0	296	0	215	175
0	0	0	0	0	0	0	0	0	0	0	0	0	0	0	0	0	0	0	0	0	0	0	0	0	0	0	0	0	0	0	0	0	0	0	0	0	0	0	0	0	0	0	0	0	0	0	0	0	0
250	0	0	0	218	517	0	85	0	94	0	130	292	0	0	11	243	0	17	0	0	0	284	31	255	1	305	517	0	0	0	0	225	336	0	336	119	0	145	0	240	0	50	571	0	0	346	0	265	225
422	0	47	0	390	689	137	257	133	266	83	302	464	170	133	183	415	0	189	0	140	154	456	203	427	173	477	689	158	122	0	80	397	508	133	508	291	16	317	0	412	42	222	743	172	0	518	62	437	397
0	0	0	0	0	171	0	0	0	0	0	0	0	0	0	0	0	0	0	0	0	0	0	0	0	0	0	171	0	0	0	0	0	0	0	0	0	0	0	0	0	0	0	225	0	0	0	0	0	0
360	0	0	0	328	627	75	195	71	204	21	240	402	108	71	121	353	0	127	0	78	92	394	141	365	111	415	627	96	60	0	18	335	446	71	446	229	0	255	0	350	0	160	681	110	0	456	0	375	335
0	0	0	0	0	252	0	0	0	0	0	0	27	0	0	0	0	0	0	0	0	0	19	0	0	0	40	252	0	0	0	0	0	71	0	71	0	0	0	0	0	0	0	306	0	0	81	0	0	0
25	0	0	0	0	292	0	0	0	0	0	0	67	0	0	0	18	0	0	0	0	0	59	0	30	0	80	292	0	0	0	0	0	111	0	111	0	0	0	0	15	0	0	346	0	0	121	0	40	0

0	0	0	0	0	0	0	0	0	0	0	0	0	0	0	0	0	0	0	0	0	0	0	400	0	0	0	0	0	0	0	0	0	300	0	0	0	0	0	0	0	0	0	0	0	100	0	60	97	0
200	0	0	150	40	0	150	140	0	0	0	10	0	100	0	0	50	0	100	50	0	0	100	600	140	0	180	0	0	50	80	0	0	500	0	0	30	130	0	0	30	0	0	0	0	300	150	260	297	0
350	150	0	300	190	50	300	290	140	150	50	160	50	250	30	50	200	150	250	200	150	80	250	750	290	10	330	150	150	200	230	150	130	650	130	150	180	280	150	150	180	50	90	50	150	450	300	410	447	100
50	0	0	0	0	0	0	0	0	0	0	0	0	0	0	0	0	0	0	0	0	0	0	450	0	0	30	0	0	0	0	0	0	350	0	0	0	0	0	0	0	0	0	0	0	150	0	110	147	0
160	0	0	110	0	0	110	100	0	0	0	0	0	60	0	0	10	0	60	10	0	0	60	560	100	0	140	0	0	10	40	0	0	460	0	0	0	90	0	0	0	0	0	0	0	260	110	220	257	0
300	100	0	250	140	0	250	240	90	100	0	110	0	200	0	0	150	100	200	150	100	30	200	700	240	0	280	100	100	150	180	100	80	600	80	100	130	230	100	100	130	0	40	0	100	400	250	360	397	50
50	0	0	0	0	0	0	0	0	0	0	0	0	0	0	0	0	0	0	0	0	0	0	450	0	0	30	0	0	0	0	0	0	350	0	0	0	0	0	0	0	0	0	0	0	150	0	110	147	0
60	0	0	10	0	0	10	0	0	0	0	0	0	0	0	0	0	0	0	0	0	0	0	460	0	0	40	0	0	0	0	0	0	360	0	0	0	0	0	0	0	0	0	0	0	160	10	120	157	0
210	10	0	160	50	0	160	150	0	10	0	20	0	110	0	0	60	10	110	60	10	0	110	610	150	0	190	10	10	60	90	10	0	510	0	10	40	140	10	10	40	0	0	0	10	310	160	270	307	0
200	0	0	150	40	0	150	140	0	0	0	10	0	100	0	0	50	0	100	50	0	0	100	600	140	0	180	0	0	50	80	0	0	500	0	0	30	130	0	0	30	0	0	0	0	300	150	260	297	0
300	100	0	250	140	0	250	240	90	100	0	110	0	200	0	0	150	100	200	150	100	30	200	700	240	0	280	100	100	150	180	100	80	600	80	100	130	230	100	100	130	0	40	0	100	400	250	360	397	50
190	0	0	140	30	0	140	130	0	0	0	0	0	90	0	0	40	0	90	40	0	0	90	590	130	0	170	0	0	40	70	0	0	490	0	0	20	120	0	0	20	0	0	0	0	290	140	250	287	0
300	100	0	250	140	0	250	240	90	100	0	110	0	200	0	0	150	100	200	150	100	30	200	700	240	0	280	100	100	150	180	100	80	600	80	100	130	230	100	100	130	0	40	0	100	400	250	360	397	50
100	0	0	50	0	0	50	40	0	0	0	0	0	0	0	0	0	0	0	0	0	0	0	500	40	0	80	0	0	0	0	0	0	400	0	0	0	30	0	0	0	0	0	0	0	200	50	160	197	0
320	120	0	270	160	20	270	260	110	120	20	130	20	220	0	20	170	120	220	170	120	50	220	720	260	0	300	120	120	170	200	120	100	620	100	120	150	250	120	120	150	20	60	20	120	420	270	380	417	70
300	100	0	250	140	0	250	240	90	100	0	110	0	200	0	0	150	100	200	150	100	30	200	700	240	0	280	100	100	150	180	100	80	600	80	100	130	230	100	100	130	0	40	0	100	400	250	360	397	50
150	0	0	100	0	0	100	90	0	0	0	0	0	50	0	0	0	0	50	0	0	0	50	550	90	0	130	0	0	0	30	0	0	450	0	0	0	80	0	0	0	0	0	0	0	250	100	210	247	0
200	0	0	150	40	0	150	140	0	0	0	10	0	100	0	0	50	0	100	50	0	0	100	600	140	0	180	0	0	50	80	0	0	500	0	0	30	130	0	0	30	0	0	0	0	300	150	260	297	0
100	0	0	50	0	0	50	40	0	0	0	0	0	0	0	0	0	0	0	0	0	0	0	500	40	0	80	0	0	0	0	0	0	400	0	0	0	30	0	0	0	0	0	0	0	200	50	160	197	0
150	0	0	100	0	0	100	90	0	0	0	0	0	50	0	0	0	0	50	0	0	0	50	550	90	0	130	0	0	0	30	0	0	450	0	0	0	80	0	0	0	0	0	0	0	250	100	210	247	0
200	0	0	150	40	0	150	140	0	0	0	10	0	100	0	0	50	0	100	50	0	0	100	600	140	0	180	0	0	50	80	0	0	500	0	0	30	130	0	0	30	0	0	0	0	300	150	260	297	0
270	70	0	220	110	0	220	210	60	70	0	80	0	170	0	0	120	70	170	120	70	0	170	670	210	0	250	70	70	120	150	70	50	570	50	70	100	200	70	70	100	0	10	0	70	370	220	330	367	20
100	0	0	50	0	0	50	40	0	0	0	0	0	0	0	0	0	0	0	0	0	0	0	500	40	0	80	0	0	0	0	0	0	400	0	0	0	30	0	0	0	0	0	0	0	200	50	160	197	0
0	0	0	0	0	0	0	0	0	0	0	0	0	0	0	0	0	0	0	0	0	0	0	0	0	0	0	0	0	0	0	0	0	0	0	0	0	0	0	0	0	0	0	0	0	0	0	0	0	0
60	0	0	10	0	0	10	0	0	0	0	0	0	0	0	0	0	0	0	0	0	0	0	460	0	0	40	0	0	0	0	0	0	360	0	0	0	0	0	0	0	0	0	0	0	160	10	120	157	0
340	140	0	290	180	40	290	280	130	140	40	150	40	240	20	40	190	140	240	190	140	70	240	740	280	0	320	140	140	190	220	140	120	640	120	140	170	270	140	140	170	40	80	40	140	440	290	400	437	90
20	0	0	0	0	0	0	0	0	0	0	0	0	0	0	0	0	0	0	0	0	0	0	420	0	0	0	0	0	0	0	0	0	320	0	0	0	0	0	0	0	0	0	0	0	120	0	80	117	0
200	0	0	150	40	0	150	140	0	0	0	10	0	100	0	0	50	0	100	50	0	0	100	600	140	0	180	0	0	50	80	0	0	500	0	0	30	130	0	0	30	0	0	0	0	300	150	260	297	0
200	0	0	150	40	0	150	140	0	0	0	10	0	100	0	0	50	0	100	50	0	0	100	600	140	0	180	0	0	50	80	0	0	500	0	0	30	130	0	0	30	0	0	0	0	300	150	260	297	0
150	0	0	100	0	0	100	90	0	0	0	0	0	50	0	0	0	0	50	0	0	0	50	550	90	0	130	0	0	0	30	0	0	450	0	0	0	80	0	0	0	0	0	0	0	250	100	210	247	0
120	0	0	70	0	0	70	60	0	0	0	0	0	20	0	0	0	0	20	0	0	0	20	520	60	0	100	0	0	0	0	0	0	420	0	0	0	50	0	0	0	0	0	0	0	220	70	180	217	0
200	0	0	150	40	0	150	140	0	0	0	10	0	100	0	0	50	0	100	50	0	0	100	600	140	0	180	0	0	50	80	0	0	500	0	0	30	130	0	0	30	0	0	0	0	300	150	260	297	0
220	20	0	170	60	0	170	160	10	20	0	30	0	120	0	0	70	20	120	70	20	0	120	620	160	0	200	20	20	70	100	20	0	520	0	20	50	150	20	20	50	0	0	0	20	320	170	280	317	0
0	0	0	0	0	0	0	0	0	0	0	0	0	0	0	0	0	0	0	0	0	0	0	100	0	0	0	0	0	0	0	0	0	0	0	0	0	0	0	0	0	0	0	0	0	0	0	0	0	0
220	20	0	170	60	0	170	160	10	20	0	30	0	120	0	0	70	20	120	70	20	0	120	620	160	0	200	20	20	70	100	20	0	520	0	20	50	150	20	20	50	0	0	0	20	320	170	280	317	0
200	0	0	150	40	0	150	140	0	0	0	10	0	100	0	0	50	0	100	50	0	0	100	600	140	0	180	0	0	50	80	0	0	500	0	0	30	130	0	0	30	0	0	0	0	300	150	260	297	0
170	0	0	120	10	0	120	110	0	0	0	0	0	70	0	0	20	0	70	20	0	0	70	570	110	0	150	0	0	20	50	0	0	470	0	0	0	100	0	0	0	0	0	0	0	270	120	230	267	0
70	0	0	20	0	0	20	10	0	0	0	0	0	0	0	0	0	0	0	0	0	0	0	470	10	0	50	0	0	0	0	0	0	370	0	0	0	0	0	0	0	0	0	0	0	170	20	130	167	0
200	0	0	150	40	0	150	140	0	0	0	10	0	100	0	0	50	0	100	50	0	0	100	600	140	0	180	0	0	50	80	0	0	500	0	0	30	130	0	0	30	0	0	0	0	300	150	260	297	0
200	0	0	150	40	0	150	140	0	0	0	10	0	100	0	0	50	0	100	50	0	0	100	600	140	0	180	0	0	50	80	0	0	500	0	0	30	130	0	0	30	0	0	0	0	300	150	260	297	0
170	0	0	120	10	0	120	110	0	0	0	0	0	70	0	0	20	0	70	20	0	0	70	570	110	0	150	0	0	20	50	0	0	470	0	0	0	100	0	0	0	0	0	0	0	270	120	230	267	0
300	100	0	250	140	0	250	240	90	100	0	110	0	200	0	0	150	100	200	150	100	30	200	700	240	0	280	100	100	150	180	100	80	600	80	100	130	230	100	100	130	0	40	0	100	400	250	360	397	50
260	60	0	210	100	0	210	200	50	60	0	70	0	160	0	0	110	60	160	110	60	0	160	660	200	0	240	60	60	110	140	60	40	560	40	60	90	190	60	60	90	0	0	0	60	360	210	320	357	10
300	100	0	250	140	0	250	240	90	100	0	110	0	200	0	0	150	100	200	150	100	30	200	700	240	0	280	100	100	150	180	100	80	600	80	100	130	230	100	100	130	0	40	0	100	400	250	360	397	50
200	0	0	150	40	0	150	140	0	0	0	10	0	100	0	0	50	0	100	50	0	0	100	600	140	0	180	0	0	50	80	0	0	500	0	0	30	130	0	0	30	0	0	0	0	300	150	260	297	0
0	0	0	0	0	0	0	0	0	0	0	0	0	0	0	0	0	0	0	0	0	0	0	300	0	0	0	0	0	0	0	0	0	200	0	0	0	0	0	0	0	0	0	0	0	0	0	0	0	0
50	0	0	0	0	0	0	0	0	0	0	0	0	0	0	0	0	0	0	0	0	0	0	450	0	0	30	0	0	0	0	0	0	350	0	0	0	0	0	0	0	0	0	0	0	150	0	110	147	0
0	0	0	0	0	0	0	0	0	0	0	0	0	0	0	0	0	0	0	0	0	0	0	340	0	0	0	0	0	0	0	0	0	240	0	0	0	0	0	0	0	0	0	0	0	40	0	0	37	0
0	0	0	0	0	0	0	0	0	0	0	0	0	0	0	0	0	0	0	0	0	0	0	303	0	0	0	0	0	0	0	0	0	203	0	0	0	0	0	0	0	0	0	0	0	3	0	0	0	0
250	50	0	200	90	0	200	190	40	50	0	60	0	150	0	0	100	50	150	100	50	0	150	650	190	0	230	50	50	100	130	50	30	550	30	50	80	180	50	50	80	0	0	0	50	350	200	310	347	0

0	200	350	50	160	300	50	60	210	200	300	190	300	100	320	300	150	200	100	150	200	270	100	0	60	340	20	200	200	150	120	200	220	0	220	200	170	70	200	200	170	300	260	300	200	0	50	0	0	250
0	0	150	0	0	100	0	0	10	0	100	0	100	0	120	100	0	0	0	0	0	70	0	0	0	140	0	0	0	0	0	0	20	0	20	0	0	0	0	0	0	100	60	100	0	0	0	0	0	50
0	0	0	0	0	0	0	0	0	0	0	0	0	0	0	0	0	0	0	0	0	0	0	0	0	0	0	0	0	0	0	0	0	0	0	0	0	0	0	0	0	0	0	0	0	0	0	0	0	0
0	150	300	0	110	250	0	10	160	150	250	140	250	50	270	250	100	150	50	100	150	220	50	0	10	290	0	150	150	100	70	150	170	0	170	150	120	20	150	150	120	250	210	250	150	0	0	0	0	200
0	40	190	0	0	140	0	0	50	40	140	30	140	0	160	140	0	40	0	0	40	110	0	0	0	180	0	40	40	0	0	40	60	0	60	40	10	0	40	40	10	140	100	140	40	0	0	0	0	90
0	0	50	0	0	0	0	0	0	0	0	0	0	0	20	0	0	0	0	0	0	0	0	0	0	40	0	0	0	0	0	0	0	0	0	0	0	0	0	0	0	0	0	0	0	0	0	0	0	0
0	150	300	0	110	250	0	10	160	150	250	140	250	50	270	250	100	150	50	100	150	220	50	0	10	290	0	150	150	100	70	150	170	0	170	150	120	20	150	150	120	250	210	250	150	0	0	0	0	200
0	140	290	0	100	240	0	0	150	140	240	130	240	40	260	240	90	140	40	90	140	210	40	0	0	280	0	140	140	90	60	140	160	0	160	140	110	10	140	140	110	240	200	240	140	0	0	0	0	190
0	0	140	0	0	90	0	0	0	0	90	0	90	0	110	90	0	0	0	0	0	60	0	0	0	130	0	0	0	0	0	0	10	0	10	0	0	0	0	0	0	90	50	90	0	0	0	0	0	40
0	0	150	0	0	100	0	0	10	0	100	0	100	0	120	100	0	0	0	0	0	70	0	0	0	140	0	0	0	0	0	0	20	0	20	0	0	0	0	0	0	100	60	100	0	0	0	0	0	50
0	0	50	0	0	0	0	0	0	0	0	0	0	0	20	0	0	0	0	0	0	0	0	0	0	40	0	0	0	0	0	0	0	0	0	0	0	0	0	0	0	0	0	0	0	0	0	0	0	0
0	10	160	0	0	110	0	0	20	10	110	0	110	0	130	110	0	10	0	0	10	80	0	0	0	150	0	10	10	0	0	10	30	0	30	10	0	0	10	10	0	110	70	110	10	0	0	0	0	60
0	0	50	0	0	0	0	0	0	0	0	0	0	0	20	0	0	0	0	0	0	0	0	0	0	40	0	0	0	0	0	0	0	0	0	0	0	0	0	0	0	0	0	0	0	0	0	0	0	0
0	100	250	0	60	200	0	0	110	100	200	90	200	0	220	200	50	100	0	50	100	170	0	0	0	240	0	100	100	50	20	100	120	0	120	100	70	0	100	100	70	200	160	200	100	0	0	0	0	150
0	0	30	0	0	0	0	0	0	0	0	0	0	0	0	0	0	0	0	0	0	0	0	0	0	20	0	0	0	0	0	0	0	0	0	0	0	0	0	0	0	0	0	0	0	0	0	0	0	0
0	0	50	0	0	0	0	0	0	0	0	0	0	0	20	0	0	0	0	0	0	0	0	0	0	40	0	0	0	0	0	0	0	0	0	0	0	0	0	0	0	0	0	0	0	0	0	0	0	0
0	50	200	0	10	150	0	0	60	50	150	40	150	0	170	150	0	50	0	0	50	120	0	0	0	190	0	50	50	0	0	50	70	0	70	50	20	0	50	50	20	150	110	150	50	0	0	0	0	100
0	0	150	0	0	100	0	0	10	0	100	0	100	0	120	100	0	0	0	0	0	70	0	0	0	140	0	0	0	0	0	0	20	0	20	0	0	0	0	0	0	100	60	100	0	0	0	0	0	50
0	100	250	0	60	200	0	0	110	100	200	90	200	0	220	200	50	100	0	50	100	170	0	0	0	240	0	100	100	50	20	100	120	0	120	100	70	0	100	100	70	200	160	200	100	0	0	0	0	150
0	50	200	0	10	150	0	0	60	50	150	40	150	0	170	150	0	50	0	0	50	120	0	0	0	190	0	50	50	0	0	50	70	0	70	50	20	0	50	50	20	150	110	150	50	0	0	0	0	100
0	0	150	0	0	100	0	0	10	0	100	0	100	0	120	100	0	0	0	0	0	70	0	0	0	140	0	0	0	0	0	0	20	0	20	0	0	0	0	0	0	100	60	100	0	0	0	0	0	50
0	0	80	0	0	30	0	0	0	0	30	0	30	0	50	30	0	0	0	0	0	0	0	0	0	70	0	0	0	0	0	0	0	0	0	0	0	0	0	0	0	30	0	30	0	0	0	0	0	0
0	100	250	0	60	200	0	0	110	100	200	90	200	0	220	200	50	100	0	50	100	170	0	0	0	240	0	100	100	50	20	100	120	0	120	100	70	0	100	100	70	200	160	200	100	0	0	0	0	150
400	600	750	450	560	700	450	460	610	600	700	590	700	500	720	700	550	600	500	550	600	670	500	0	460	740	420	600	600	550	520	600	620	100	620	600	570	470	600	600	570	700	660	700	600	300	450	340	303	650
0	140	290	0	100	240	0	0	150	140	240	130	240	40	260	240	90	140	40	90	140	210	40	0	0	280	0	140	140	90	60	140	160	0	160	140	110	10	140	140	110	240	200	240	140	0	0	0	0	190
0	0	10	0	0	0	0	0	0	0	0	0	0	0	0	0	0	0	0	0	0	0	0	0	0	0	0	0	0	0	0	0	0	0	0	0	0	0	0	0	0	0	0	0	0	0	0	0	0	0
0	180	330	30	140	280	30	40	190	180	280	170	280	80	300	280	130	180	80	130	180	250	80	0	40	320	0	180	180	130	100	180	200	0	200	180	150	50	180	180	150	280	240	280	180	0	30	0	0	230
0	0	150	0	0	100	0	0	10	0	100	0	100	0	120	100	0	0	0	0	0	70	0	0	0	140	0	0	0	0	0	0	20	0	20	0	0	0	0	0	0	100	60	100	0	0	0	0	0	50
0	0	150	0	0	100	0	0	10	0	100	0	100	0	120	100	0	0	0	0	0	70	0	0	0	140	0	0	0	0	0	0	20	0	20	0	0	0	0	0	0	100	60	100	0	0	0	0	0	50
0	50	200	0	10	150	0	0	60	50	150	40	150	0	170	150	0	50	0	0	50	120	0	0	0	190	0	50	50	0	0	50	70	0	70	50	20	0	50	50	20	150	110	150	50	0	0	0	0	100
0	80	230	0	40	180	0	0	90	80	180	70	180	0	200	180	30	80	0	30	80	150	0	0	0	220	0	80	80	30	0	80	100	0	100	80	50	0	80	80	50	180	140	180	80	0	0	0	0	130
0	0	150	0	0	100	0	0	10	0	100	0	100	0	120	100	0	0	0	0	0	70	0	0	0	140	0	0	0	0	0	0	20	0	20	0	0	0	0	0	0	100	60	100	0	0	0	0	0	50
0	0	130	0	0	80	0	0	0	0	80	0	80	0	100	80	0	0	0	0	0	50	0	0	0	120	0	0	0	0	0	0	0	0	0	0	0	0	0	0	0	80	40	80	0	0	0	0	0	30
300	500	650	350	460	600	350	360	510	500	600	490	600	400	620	600	450	500	400	450	500	570	400	0	360	640	320	500	500	450	420	500	520	0	520	500	470	370	500	500	470	600	560	600	500	200	350	240	203	550
0	0	130	0	0	80	0	0	0	0	80	0	80	0	100	80	0	0	0	0	0	50	0	0	0	120	0	0	0	0	0	0	0	0	0	0	0	0	0	0	0	80	40	80	0	0	0	0	0	30
0	0	150	0	0	100	0	0	10	0	100	0	100	0	120	100	0	0	0	0	0	70	0	0	0	140	0	0	0	0	0	0	20	0	20	0	0	0	0	0	0	100	60	100	0	0	0	0	0	50
0	30	180	0	0	130	0	0	40	30	130	20	130	0	150	130	0	30	0	0	30	100	0	0	0	170	0	30	30	0	0	30	50	0	50	30	0	0	30	30	0	130	90	130	30	0	0	0	0	80
0	130	280	0	90	230	0	0	140	130	230	120	230	30	250	230	80	130	30	80	130	200	30	0	0	270	0	130	130	80	50	130	150	0	150	130	100	0	130	130	100	230	190	230	130	0	0	0	0	180
0	0	150	0	0	100	0	0	10	0	100	0	100	0	120	100	0	0	0	0	0	70	0	0	0	140	0	0	0	0	0	0	20	0	20	0	0	0	0	0	0	100	60	100	0	0	0	0	0	50
0	0	150	0	0	100	0	0	10	0	100	0	100	0	120	100	0	0	0	0	0	70	0	0	0	140	0	0	0	0	0	0	20	0	20	0	0	0	0	0	0	100	60	100	0	0	0	0	0	50
0	30	180	0	0	130	0	0	40	30	130	20	130	0	150	130	0	30	0	0	30	100	0	0	0	170	0	30	30	0	0	30	50	0	50	30	0	0	30	30	0	130	90	130	30	0	0	0	0	80
0	0	50	0	0	0	0	0	0	0	0	0	0	0	20	0	0	0	0	0	0	0	0	0	0	40	0	0	0	0	0	0	0	0	0	0	0	0	0	0	0	0	0	0	0	0	0	0	0	0
0	0	90	0	0	40	0	0	0	0	40	0	40	0	60	40	0	0	0	0	0	10	0	0	0	80	0	0	0	0	0	0	0	0	0	0	0	0	0	0	0	40	0	40	0	0	0	0	0	0
0	0	50	0	0	0	0	0	0	0	0	0	0	0	20	0	0	0	0	0	0	0	0	0	0	40	0	0	0	0	0	0	0	0	0	0	0	0	0	0	0	0	0	0	0	0	0	0	0	0
0	0	150	0	0	100	0	0	10	0	100	0	100	0	120	100	0	0	0	0	0	70	0	0	0	140	0	0	0	0	0	0	20	0	20	0	0	0	0	0	0	100	60	100	0	0	0	0	0	50
100	300	450	150	260	400	150	160	310	300	400	290	400	200	420	400	250	300	200	250	300	370	200	0	160	440	120	300	300	250	220	300	320	0	320	300	270	170	300	300	270	400	360	400	300	0	150	40	3	350
0	150	300	0	110	250	0	10	160	150	250	140	250	50	270	250	100	150	50	100	150	220	50	0	10	290	0	150	150	100	70	150	170	0	170	150	120	20	150	150	120	250	210	250	150	0	0	0	0	200
60	260	410	110	220	360	110	120	270	260	360	250	360	160	380	360	210	260	160	210	260	330	160	0	120	400	80	260	260	210	180	260	280	0	280	260	230	130	260	260	230	360	320	360	260	0	110	0	0	310
97	297	447	147	257	397	147	157	307	297	397	287	397	197	417	397	247	297	197	247	297	367	197	0	157	437	117	297	297	247	217	297	317	0	317	297	267	167	297	297	267	397	357	397	297	0	147	37	0	347
0	0	100	0	0	50	0	0	0	0	50	0	50	0	70	50	0	0	0	0	0	20	0	0	0	90	0	0	0	0	0	0	0	0	0	0	0	0	0	0	0	50	10	50	0	0	0	0	0	0