50 15769
17 17 18 17 465
33 32 31 32 959
5 5 5 7 83
5 7 7 6 108
28 29 30 28 845
18 18 18 19 503
28 29 29 29 850
18 20 20 18 528
20 20 19 21 565
4 3 2 3 2
8 9 9 8 181
6 4 4 5 55
7 7 7 5 113
24 26 26 25 735
31 30 30 30 897
9 11 11 11 249
9 8 7 8 167
24 23 22 23 662
6 6 6 8 116
29 28 28 27 822
21 19 20 20 554
19 20 20 21 562
9 8 9 8 175
19 17 17 17 475
27 27 27 28 800
20 19 18 19 530
25 27 27 25 759
10 9 10 9 208
10 12 12 12 282
23 22 22 23 642
6 8 8 6 132
7 7 7 7 131
33 33 33 32 980
29 27 27 27 805
32 33 32 33 978
17 15 15 17 427
22 23 23 23 652
9 11 10 10 236
6 4 4 4 46
14 13 12 14 341
7 6 7 7 118
5 5 5 4 56
15 16 16 16 421
11 12 11 12 285
23 23 23 22 650
22 23 23 24 661
17 18 17 18 483
15 14 14 13 360
7 8 8 8 157
2 4 3 3 5
