50 6340
11 10 9 10 233
3 5 5 3 33
29 29 27 29 849
29 29 28 29 853
20 22 22 20 594
21 21 20 22 598
3 4 3 4 21
13 13 13 15 347
31 30 29 31 902
3 5 5 3 33
7 8 8 9 166
30 29 29 29 864
14 14 14 15 371
9 10 9 9 210
8 6 6 7 121
22 23 24 23 656
30 30 29 31 895
7 8 8 8 157
26 26 25 27 763
5 6 5 6 87
32 33 32 33 978
17 16 16 15 426
21 22 21 21 606
25 24 23 25 704
25 27 27 27 777
19 19 19 19 527
17 15 15 17 427
24 22 22 23 649
10 12 12 10 264
30 29 29 29 864
16 15 16 16 415
6 4 5 5 59
9 8 8 9 180
21 23 23 23 645
4 3 3 4 15
17 18 19 17 482
18 18 16 18 486
30 32 32 32 942
32 30 30 31 913
8 9 9 9 190
12 13 13 12 313
18 18 18 16 476
17 15 15 16 418
29 27 28 28 818
34 33 33 33 996
21 22 22 23 628
19 20 21 19 548
25 24 25 25 712
7 9 9 7 165
6 8 8 6 132
