50 8192
31 30 30 29 888
16 14 14 14 376
9 8 7 8 167
28 29 29 30 859
31 31 32 31 927
28 28 27 28 820
16 17 16 17 450
28 27 27 27 798
15 13 14 14 356
16 17 18 17 458
25 24 23 25 704
10 8 9 9 191
10 9 8 10 209
4 3 3 3 6
17 18 19 17 482
27 28 28 28 817
10 11 11 11 256
14 13 14 13 340
5 5 5 4 56
23 24 23 23 672
5 4 4 3 30
18 17 17 16 459
32 32 32 33 965
16 16 16 17 437
23 25 25 24 702
10 12 12 11 273
17 17 16 18 466
21 19 19 19 541
7 6 6 6 105
28 29 28 28 837
20 18 18 19 517
6 6 6 8 116
19 21 21 20 570
6 5 5 6 81
6 5 4 5 68
16 14 15 15 389
17 16 16 16 435
10 10 11 9 225
14 13 12 14 341
22 21 21 21 600
32 30 30 30 904
13 13 13 15 347
8 7 7 6 129
9 10 10 10 223
14 13 14 14 349
8 8 8 6 146
11 10 11 10 241
13 13 14 13 333
24 24 23 25 697
2 4 3 3 5
