750 140500
8 6 6 7 121
9 7 7 9 163
5 3 3 5 31
10 12 12 12 282
9 9 8 10 202
12 14 14 14 348
27 29 28 28 830
24 24 24 22 674
26 27 27 27 784
17 19 18 18 500
30 28 28 29 847
28 28 28 30 842
10 10 10 10 230
28 28 28 28 824
7 7 7 5 113
16 17 18 17 458
23 23 23 23 659
16 17 18 17 458
9 9 11 9 205
3 4 4 3 16
17 18 18 17 478
4 4 4 5 41
18 20 20 19 537
32 30 30 32 922
18 18 18 20 512
17 16 16 16 435
30 32 32 31 933
32 32 32 31 947
33 32 31 32 959
13 15 14 14 368
20 19 18 19 530
28 27 27 28 807
4 4 4 5 41
22 22 21 23 631
22 22 23 22 630
16 17 17 17 454
7 7 5 7 123
10 10 10 9 221
31 31 32 31 927
32 32 31 33 961
32 33 33 33 982
6 6 4 6 90
4 3 3 4 15
17 18 18 18 487
13 11 11 11 277
19 19 18 20 532
4 4 5 3 27
8 8 8 8 164
9 8 8 8 171
29 28 27 28 827
31 32 32 32 949
27 26 25 27 770
32 33 34 33 986
11 10 10 9 228
18 19 18 18 507
23 22 22 23 642
23 22 23 22 637
25 25 25 26 734
11 10 9 11 242
8 6 6 6 112
10 9 10 9 208
23 25 25 24 702
3 5 5 5 51
15 15 14 15 391
20 20 20 21 569
31 32 31 31 936
16 17 18 16 449
25 25 25 25 725
7 7 7 7 131
20 20 20 22 578
12 10 10 12 262
5 7 7 5 99
20 20 20 18 542
16 17 16 16 441
9 7 7 8 154
23 23 23 21 641
4 5 6 4 53
28 27 26 27 794
31 32 32 33 958
23 22 22 21 624
14 14 16 14 370
30 30 32 30 898
20 20 19 21 565
29 28 29 28 835
26 27 28 26 779
10 9 8 9 200
22 21 22 21 604
33 32 31 33 968
25 24 25 25 712
31 31 30 31 919
7 5 6 6 92
26 24 24 26 724
4 5 5 4 49
22 23 23 23 652
32 32 32 33 965
33 32 31 32 959
22 22 21 22 622
33 32 33 32 967
30 30 31 29 885
5 5 5 6 74
31 33 33 33 975
17 16 17 16 439
24 23 23 23 666
29 30 30 30 883
25 26 26 27 760
30 30 30 29 881
11 12 11 11 276
14 14 15 13 357
27 26 26 27 774
15 15 15 15 395
24 24 24 24 692
27 26 27 26 769
11 12 11 11 276
15 15 15 17 413
7 6 6 7 114
8 7 7 6 129
2 4 4 3 9
21 19 20 20 554
9 8 8 7 162
16 16 16 14 410
34 33 32 33 992
22 23 24 22 647
26 26 28 26 766
3 3 4 3 3
14 14 13 14 358
30 29 29 28 855
26 25 25 24 723
33 33 33 32 980
15 15 16 15 399
26 27 28 26 779
20 18 18 19 517
5 4 3 4 35
28 30 29 29 863
27 25 25 27 757
12 11 12 12 283
8 8 7 8 160
12 11 12 12 283
22 24 24 22 660
15 16 16 16 421
6 6 8 6 106
29 28 28 29 840
23 22 22 23 642
7 8 8 8 157
11 9 9 9 211
20 22 21 21 599
9 9 10 9 201
13 14 15 14 359
11 11 11 12 272
31 33 33 31 957
20 19 19 19 534
8 10 9 9 203
26 25 24 25 728
19 20 21 19 548
11 11 11 9 245
23 24 23 24 681
3 5 5 4 42
10 9 9 8 195
15 16 15 15 408
7 5 6 6 92
28 27 26 27 794
8 9 9 8 181
20 21 21 21 586
31 29 29 29 871
3 4 4 5 34
7 6 6 5 96
2 4 4 4 18
17 19 19 19 513
34 33 34 33 1000
30 31 31 31 916
26 27 27 26 775
33 33 35 33 997
9 8 9 8 175
10 10 9 10 226
26 25 25 25 732
8 9 9 10 199
6 4 5 5 59
5 5 6 4 60
28 27 28 28 811
27 26 26 25 756
16 16 17 15 423
22 24 24 22 660
9 9 9 11 215
8 9 10 8 185
17 19 19 17 495
26 26 26 28 776
25 26 25 25 738
19 19 18 20 532
13 12 11 12 299
11 10 10 9 228
28 28 26 28 816
9 10 10 10 223
10 10 10 9 221
23 24 23 23 672
22 21 20 21 596
22 22 22 24 644
12 12 13 11 291
18 19 18 18 507
28 28 27 29 829
11 11 11 9 245
10 9 9 8 195
3 3 3 4 8
14 14 14 13 353
32 30 30 30 904
24 26 26 25 735
13 15 15 15 381
7 9 8 8 170
13 13 13 15 347
30 32 32 32 942
20 20 20 19 551
6 5 4 5 68
26 27 27 27 784
9 8 7 9 176
17 18 17 17 474
22 22 21 22 622
13 14 15 14 359
31 33 33 33 975
12 10 10 10 244
19 18 18 17 492
26 24 24 24 706
4 4 5 3 27
24 24 25 23 687
28 26 27 27 785
19 19 17 19 519
4 4 4 3 23
22 20 20 20 574
29 29 30 29 861
30 31 30 31 912
8 9 9 9 190
11 12 13 12 293
32 30 30 32 922
9 11 11 9 231
31 32 33 31 944
32 31 32 31 934
9 7 7 7 145
9 10 9 10 219
22 20 20 20 574
11 10 10 10 237
16 15 15 14 393
23 23 23 22 650
28 26 27 27 785
32 32 34 32 964
21 20 20 21 576
8 8 7 9 169
10 11 10 11 252
20 20 21 20 564
28 27 26 28 803
15 14 15 15 382
20 20 22 20 568
13 12 12 13 312
16 15 14 16 407
14 14 16 14 370
21 23 23 23 645
5 5 5 4 56
29 28 28 27 822
19 19 20 19 531
23 21 22 22 620
25 24 24 24 699
4 6 6 6 84
23 23 23 22 650
12 12 14 12 304
7 7 7 7 131
30 29 29 28 855
21 22 23 22 623
15 17 16 16 434
13 14 14 14 355
27 27 27 25 773
6 6 6 4 80
15 16 16 15 412
33 32 32 33 972
3 5 5 4 42
8 8 8 6 146
8 7 6 8 143
7 7 8 7 135
12 14 14 13 339
2 4 4 3 9
25 25 25 26 734
16 16 16 17 437
24 25 25 25 718
21 20 20 20 567
13 13 12 14 334
9 8 8 7 162
27 27 27 27 791
20 22 22 20 594
27 28 27 28 813
4 3 2 3 2
23 22 23 23 646
5 4 3 5 44
32 33 34 33 986
11 13 13 12 306
15 17 17 16 438
11 11 13 11 271
18 19 19 19 520
31 29 29 30 880
26 24 24 25 715
27 25 26 26 752
28 27 27 26 789
10 10 12 10 238
8 8 9 8 168
24 25 25 24 709
32 32 32 31 947
19 20 20 19 544
18 20 19 19 533
9 11 10 10 236
25 25 25 24 716
4 6 6 5 75
22 21 21 20 591
20 22 22 20 594
25 25 23 25 717
30 30 32 30 898
27 26 27 27 778
19 18 19 18 505
5 4 3 5 44
31 31 33 31 931
28 27 28 28 811
21 20 19 21 572
15 16 16 16 421
8 7 6 8 143
34 32 32 33 979
3 5 5 4 42
10 11 11 12 265
21 21 20 22 598
19 18 17 19 506
19 18 17 19 506
15 15 14 16 400
11 12 12 12 289
29 31 30 30 896
11 10 10 11 246
20 18 18 20 526
26 25 24 26 737
7 8 8 8 157
6 4 4 4 46
13 14 15 14 359
22 22 20 22 618
24 26 26 25 735
20 20 22 20 568
4 5 5 4 49
23 24 23 23 672
7 6 6 5 96
15 16 17 16 425
16 16 17 16 432
8 10 9 9 203
12 14 13 13 335
11 12 13 11 284
30 30 29 30 886
24 25 26 24 713
32 34 34 33 999
31 29 30 30 884
11 12 12 13 298
4 4 5 3 27
30 29 28 29 860
23 22 21 22 629
8 9 9 8 181
3 3 5 3 7
25 25 24 26 730
33 33 33 31 971
25 26 25 26 747
25 26 27 26 755
23 24 25 24 689
20 19 19 20 543
24 25 25 25 718
14 13 12 14 341
30 32 31 31 929
17 16 16 17 444
14 16 15 15 401
6 8 7 7 137
4 3 4 4 19
10 9 9 8 195
10 11 12 11 260
9 8 7 8 167
16 16 16 14 410
31 30 31 31 910
29 29 29 27 839
4 3 4 3 10
11 11 13 11 271
24 25 26 25 722
21 20 20 21 576
15 13 13 14 352
24 24 22 24 684
7 9 9 8 174
33 31 31 31 937
27 26 27 27 778
15 16 17 15 416
14 13 14 14 349
9 9 11 9 205
22 24 23 23 665
22 22 22 23 635
30 30 30 32 908
17 17 16 18 466
9 9 8 9 193
16 18 17 17 467
28 28 26 28 816
13 13 15 13 337
31 32 31 31 936
22 24 24 22 660
32 31 30 31 926
21 22 22 23 628
22 24 24 24 678
8 7 7 8 147
4 6 6 6 84
16 15 16 16 415
4 4 4 2 14
16 14 15 15 389
32 32 31 32 952
11 11 11 12 272
22 22 22 20 608
5 5 7 5 73
22 22 22 22 626
7 8 8 9 166
33 33 33 31 971
23 24 25 24 689
32 32 32 33 965
23 25 24 24 698
11 10 10 9 228
16 16 16 18 446
25 24 25 25 712
16 17 17 18 463
17 17 17 19 479
6 6 5 6 94
4 6 6 6 84
11 10 10 10 237
6 5 6 6 85
32 33 32 33 978
6 8 7 7 137
13 15 15 13 363
5 5 5 6 74
20 20 21 20 564
11 11 11 13 281
14 14 15 14 366
12 12 10 12 288
29 30 31 30 887
12 11 12 12 283
19 18 17 18 497
10 11 11 11 256
13 12 11 12 299
12 14 14 14 348
7 5 6 6 92
10 10 10 12 248
22 22 23 21 621
19 18 17 19 506
29 31 31 29 891
13 12 12 11 294
19 19 20 18 522
7 7 5 7 123
17 17 18 16 456
14 14 15 13 357
23 22 23 22 637
26 26 28 26 766
15 17 17 17 447
18 18 18 17 485
33 31 31 33 955
14 14 13 14 358
18 18 17 18 490
7 7 7 6 122
5 7 7 6 108
10 9 9 9 204
29 29 28 30 862
10 11 10 11 252
24 23 24 24 679
18 16 16 18 460
23 24 24 25 694
33 32 31 33 968
15 15 15 14 386
24 24 25 23 687
20 21 21 22 595
30 29 30 29 868
30 28 29 29 851
14 14 14 12 344
6 4 4 6 64
24 23 22 23 662
19 20 21 20 557
29 31 31 31 909
10 10 10 12 248
11 9 10 10 224
31 31 29 31 915
5 7 7 5 99
31 31 31 29 905
13 14 13 14 351
33 31 32 32 950
17 18 18 17 478
11 11 9 11 255
25 27 27 25 759
18 17 16 18 473
11 10 9 10 233
32 32 30 32 948
12 11 12 12 283
27 27 28 26 786
27 29 29 27 825
14 14 14 14 362
24 23 23 24 675
18 18 19 18 498
6 6 5 7 103
17 19 19 17 495
14 15 15 15 388
5 6 6 7 100
12 12 12 10 278
22 23 22 22 639
9 10 10 11 232
25 23 23 23 673
14 14 15 14 366
11 10 11 10 241
13 14 15 13 350
33 33 32 34 994
3 5 4 4 38
26 25 24 26 737
8 7 7 7 138
10 11 11 10 247
27 25 25 25 739
7 7 8 6 126
24 24 23 24 688
11 11 10 12 268
23 21 22 22 620
14 16 16 16 414
32 32 32 31 947
12 10 10 11 253
33 33 32 33 985
33 32 32 31 954
31 30 29 31 902
32 30 30 32 922
29 31 30 30 896
14 14 14 16 380
10 10 9 10 226
6 4 4 5 55
25 25 23 25 717
26 25 26 26 745
12 11 12 11 274
7 9 8 8 170
5 5 5 4 56
13 13 14 13 333
6 5 4 5 68
24 24 25 24 696
18 19 20 19 524
24 22 22 22 640
31 31 31 29 905
7 9 9 9 183
9 9 9 10 206
15 17 17 15 429
31 30 30 29 888
20 18 19 19 521
17 15 16 16 422
30 30 30 31 899
10 11 12 10 251
12 13 12 13 318
11 12 13 12 293
26 25 25 24 723
32 32 31 33 961
8 10 10 8 198
27 25 25 27 757
10 9 9 9 204
14 13 13 14 345
30 29 29 30 873
30 30 30 28 872
30 30 29 30 886
8 8 8 8 164
25 26 26 25 742
31 33 33 33 975
27 28 28 29 826
19 21 21 19 561
14 13 12 14 341
7 7 5 7 123
23 24 23 23 672
16 15 16 15 406
25 25 24 25 721
21 21 20 22 598
12 11 11 11 270
28 28 30 28 832
32 34 34 33 999
19 18 18 19 510
17 17 16 18 466
28 27 28 28 811
22 22 23 22 630
12 11 12 11 274
17 15 15 16 418
7 7 7 6 122
17 18 18 17 478
25 25 25 23 707
28 30 30 29 867
22 23 22 22 639
11 11 10 12 268
5 5 5 7 83
7 8 9 8 161
21 21 23 21 601
6 4 5 5 59
24 24 24 24 692
19 17 18 18 488
4 4 4 3 23
32 31 32 32 943
21 19 19 21 559
14 14 14 13 353
29 30 30 31 892
5 5 4 6 70
15 17 17 16 438
30 29 28 29 860
17 16 17 16 439
2 3 3 4 1
20 20 21 20 564
7 9 9 7 165
23 23 24 23 663
15 16 17 16 425
33 32 31 32 959
26 24 24 24 706
24 22 23 23 653
21 19 20 20 554
7 6 7 6 109
22 22 22 24 644
32 30 30 30 904
9 8 7 8 167
29 30 30 29 874
16 15 14 15 398
32 32 34 32 964
6 7 7 6 115
29 31 31 31 909
27 28 29 27 812
29 28 28 29 840
16 15 14 16 407
16 15 15 16 411
31 30 30 29 888
16 15 15 15 402
28 29 30 28 845
5 5 7 5 73
13 13 14 13 333
22 24 24 23 669
18 18 18 20 512
13 12 12 11 294
34 33 33 33 996
17 17 15 17 453
10 11 10 11 252
7 7 9 7 139
29 29 31 29 865
20 18 18 20 526
14 14 13 14 358
18 17 17 18 477
17 16 17 17 448
23 24 25 23 680
19 21 20 20 566
5 6 6 7 100
13 15 15 14 372
16 16 16 16 428
23 23 25 23 667
5 4 5 5 52
33 31 31 32 946
14 12 13 13 323
6 8 8 8 150
19 20 20 21 562
5 5 4 6 70
18 17 18 18 481
31 29 29 30 880
30 28 28 29 847
7 6 7 6 109
32 33 33 32 973
18 18 19 18 498
16 18 18 18 480
13 14 15 13 350
10 9 9 9 204
15 13 13 15 361
31 31 31 32 932
14 12 12 14 328
21 19 19 20 550
20 22 22 21 603
4 6 6 4 66
11 12 12 13 298
20 21 21 22 595
33 33 34 33 993
15 15 15 13 377
9 9 7 9 189
33 33 34 32 984
25 26 26 27 760
6 8 8 6 132
11 9 9 11 229
15 15 16 15 399
13 15 15 15 381
31 32 33 31 944
17 17 17 19 479
15 14 14 13 360
30 30 29 30 886
10 11 11 11 256
32 33 32 32 969
30 29 28 30 869
8 8 7 9 169
16 18 18 18 480
30 31 32 30 911
3 4 4 5 34
30 30 28 30 882
26 26 26 27 767
8 10 10 8 198
28 29 30 28 845
30 30 30 32 908
13 12 11 13 308
30 32 31 31 929
23 25 24 24 698
31 33 33 32 966
26 25 25 26 741
15 15 14 16 400
8 8 9 7 159
9 9 8 9 193
14 15 14 14 375
5 7 7 6 108
24 23 22 23 662
3 3 5 3 7
26 27 26 26 771
15 14 14 13 360
12 12 14 12 304
18 20 20 19 537
21 21 21 22 602
23 25 24 24 698
8 7 8 8 151
16 17 18 16 449
26 25 24 26 737
10 9 10 9 208
25 24 24 23 690
16 15 14 15 398
34 32 32 32 970
19 20 19 20 549
23 23 22 23 655
24 26 26 26 744
34 32 33 33 983
21 20 19 20 563
17 19 19 17 495
24 23 24 24 679
19 19 18 20 532
3 4 3 3 12
30 30 30 29 881
10 12 12 11 273
5 5 5 4 56
17 19 18 18 500
18 18 18 19 503
14 12 12 14 328
31 32 32 33 958
26 24 24 26 724
15 16 16 17 430
29 30 29 30 879
21 20 20 19 558
17 18 18 17 478
12 13 14 12 317
10 11 12 11 260
17 17 16 17 457
30 31 31 30 907
14 15 15 16 397
9 7 8 8 158
6 7 7 7 124
29 29 28 30 862
18 19 19 20 529
6 4 5 5 59
6 5 6 5 76
6 6 5 7 103
9 9 10 8 192
27 25 26 26 752
22 21 21 20 591
28 28 28 27 815
22 22 22 21 617
12 10 10 10 244
