100 34111
11 11 13 11 271
10 8 8 10 196
12 12 13 11 291
21 21 21 20 584
8 9 9 9 190
12 13 12 12 309
33 32 33 33 976
26 25 26 25 736
17 17 18 17 465
25 23 24 24 686
14 13 12 13 332
33 33 35 33 997
14 14 16 14 370
22 21 21 22 609
12 14 14 14 348
15 15 15 13 377
22 21 21 21 600
30 30 32 30 898
26 27 27 26 775
22 21 20 22 605
20 18 18 20 526
23 21 21 21 607
12 12 12 13 305
24 26 26 26 744
21 23 22 22 632
8 8 8 8 164
29 31 31 29 891
17 17 15 17 453
5 5 5 4 56
17 19 19 19 513
9 9 9 11 215
23 22 22 23 642
15 14 13 15 374
29 28 28 29 840
6 7 7 6 115
9 9 8 9 193
11 12 12 13 298
8 8 8 8 164
29 27 27 27 805
15 15 17 15 403
24 25 25 25 718
15 16 16 17 430
25 25 25 25 725
13 11 11 12 286
8 10 10 9 207
34 33 34 33 1000
22 20 20 21 583
11 11 13 11 271
12 11 11 12 279
33 33 34 32 984
10 8 8 8 178
7 7 7 5 113
31 29 30 30 884
19 17 18 18 488
6 5 4 6 77
6 7 7 6 115
14 16 15 15 401
17 19 19 19 513
8 8 9 8 168
17 17 17 15 443
16 18 18 16 462
10 9 10 9 208
21 20 19 21 572
24 24 24 25 701
26 27 28 26 779
4 3 4 3 10
26 25 26 25 736
16 17 18 16 449
15 15 14 15 391
7 7 8 6 126
8 8 9 8 168
21 22 23 21 614
3 4 5 4 29
9 7 8 8 158
27 27 28 27 795
30 30 29 30 886
13 14 13 14 351
5 6 5 5 78
14 14 16 14 370
24 26 26 25 735
15 14 14 14 369
5 5 5 7 83
4 6 6 4 66
23 25 24 24 698
19 18 17 19 506
29 31 30 30 896
9 7 7 8 154
30 28 29 29 851
13 13 13 11 311
19 21 20 20 566
20 20 20 21 569
29 29 28 30 862
23 23 23 25 677
21 21 21 22 602
6 5 5 5 72
11 9 9 11 229
4 3 4 3 10
3 5 5 5 51
29 31 30 30 896
15 16 17 16 425
