750 257554
23 21 21 22 616
32 32 34 32 964
34 33 32 33 992
23 23 24 23 663
30 30 30 32 908
8 7 8 8 151
18 17 17 16 459
18 20 20 18 528
34 33 33 33 996
22 20 20 21 583
28 28 28 29 833
16 18 18 17 471
17 15 15 17 427
8 9 8 9 186
16 17 17 17 454
29 28 27 28 827
11 12 12 12 289
15 15 15 13 377
23 23 23 22 650
19 21 21 21 579
12 11 12 12 283
20 18 19 19 521
26 24 24 26 724
25 26 27 26 755
14 14 13 14 358
7 6 7 6 109
25 26 26 25 742
24 25 24 24 705
7 6 7 6 109
7 8 7 8 153
5 4 3 4 35
15 17 17 15 429
12 11 12 12 283
14 15 15 16 397
31 32 31 31 936
27 27 29 27 799
2 4 4 3 9
17 15 15 15 409
33 32 32 33 972
15 14 14 13 360
6 8 8 8 150
20 19 18 19 530
17 17 17 16 452
10 9 9 10 213
8 6 6 6 112
22 21 22 22 613
23 24 23 23 672
31 30 30 30 897
13 12 11 12 299
23 24 24 24 685
26 26 26 26 758
10 10 10 8 212
14 14 14 12 344
10 10 9 11 235
19 20 19 20 549
11 12 12 12 289
22 22 23 22 630
8 9 9 8 181
28 28 28 28 824
33 32 33 32 967
30 31 31 32 925
5 5 4 6 70
31 32 33 31 944
14 13 13 13 336
13 11 11 11 277
25 23 23 24 682
28 26 26 28 790
26 27 27 28 793
27 27 28 27 795
15 15 17 15 403
27 27 26 28 796
20 20 19 21 565
32 33 32 33 978
31 31 31 31 923
26 25 25 24 723
21 21 21 22 602
7 6 6 6 105
15 13 13 15 361
33 33 33 32 980
20 18 19 19 521
5 5 5 7 83
15 16 15 15 408
28 27 28 28 811
28 29 28 29 846
6 7 6 7 120
10 9 9 10 213
8 8 9 8 168
20 19 18 20 539
32 32 32 34 974
14 15 15 15 388
9 9 9 10 206
21 21 21 19 575
29 29 29 28 848
15 14 15 15 382
24 23 24 23 670
22 22 21 22 622
18 19 19 20 529
33 32 32 32 963
13 11 12 12 290
25 23 23 24 682
7 9 9 9 183
19 21 21 19 561
33 33 32 33 985
28 27 27 27 798
9 7 7 7 145
21 21 20 21 589
15 16 17 15 416
23 23 21 23 651
2 4 3 3 5
8 10 10 10 216
7 6 7 6 109
6 5 5 6 81
13 13 14 13 333
19 21 21 21 579
20 20 20 20 560
17 18 17 17 474
5 5 5 6 74
30 30 30 32 908
21 20 20 20 567
6 7 7 6 115
27 27 28 26 786
7 7 5 7 123
5 5 4 5 61
13 14 13 14 351
12 11 12 12 283
20 18 18 20 526
32 32 32 30 938
20 21 22 21 590
23 24 24 24 685
4 5 5 6 67
19 19 18 20 532
28 27 26 28 803
29 31 31 30 900
30 29 28 29 860
13 13 14 12 324
21 20 19 21 572
24 23 24 24 679
9 11 11 11 249
14 15 15 15 388
25 24 23 24 695
17 17 17 17 461
18 18 18 18 494
24 25 25 26 727
10 9 8 10 209
20 20 21 20 564
23 24 24 25 694
5 7 7 5 99
11 11 11 12 272
17 15 15 15 409
14 12 12 14 328
6 4 5 5 59
5 5 4 6 70
18 18 20 18 502
11 11 10 11 259
31 31 31 32 932
29 31 30 30 896
15 15 14 16 400
16 15 14 16 407
26 25 24 26 737
23 23 21 23 651
11 13 13 12 306
23 23 23 25 677
8 6 6 8 130
10 10 9 11 235
28 26 27 27 785
22 24 24 22 660
26 27 26 26 771
28 26 26 27 781
15 13 14 14 356
9 7 7 9 163
32 31 30 31 926
19 21 20 20 566
25 25 25 23 707
5 5 4 5 61
24 23 24 23 670
31 31 31 30 914
33 33 31 33 981
28 30 30 30 876
13 14 13 14 351
4 6 6 4 66
13 12 11 13 308
5 3 3 5 31
19 17 18 18 488
31 30 30 29 888
23 24 25 23 680
14 15 16 15 392
27 25 25 25 739
10 8 9 9 191
33 31 31 31 937
15 17 17 17 447
16 16 14 16 420
31 30 29 30 893
31 32 31 32 945
25 25 25 23 707
10 10 12 10 238
26 24 24 26 724
20 20 19 21 565
8 8 8 8 164
10 8 8 9 187
15 16 15 16 417
17 16 15 17 440
31 33 33 31 957
21 21 20 22 598
30 29 28 29 860
26 25 25 25 732
24 22 22 22 640
32 32 34 32 964
11 10 10 10 237
28 27 26 27 794
20 19 20 20 547
32 33 33 33 982
17 18 17 17 474
16 17 18 17 458
25 25 25 25 725
9 8 8 9 180
21 22 22 23 628
20 19 20 20 547
13 11 11 11 277
32 33 32 32 969
15 13 13 13 343
27 26 26 25 756
11 13 13 12 306
15 16 16 16 421
23 25 24 24 698
5 4 5 5 52
14 14 13 14 358
23 23 24 23 663
27 28 29 27 812
11 10 10 11 246
6 7 7 8 133
8 10 10 10 216
25 25 24 25 721
15 14 13 15 374
31 31 31 29 905
8 6 7 7 125
17 18 18 17 478
16 18 18 18 480
21 22 23 21 614
11 9 10 10 224
33 33 31 33 981
8 8 8 6 146
13 12 12 13 312
27 27 27 29 809
17 17 17 19 479
15 15 16 15 399
21 21 22 21 597
5 6 7 5 86
20 20 18 20 552
32 30 30 32 922
11 9 9 10 220
8 8 6 8 156
32 31 32 31 934
8 9 9 9 190
16 17 18 16 449
19 17 17 17 475
3 4 4 4 25
26 24 24 25 715
11 12 11 11 276
16 16 16 17 437
28 27 26 27 794
7 5 6 6 92
10 12 12 11 273
17 18 18 18 487
8 10 10 8 198
6 5 6 6 85
32 30 31 31 917
34 32 32 34 988
19 19 19 19 527
26 27 27 27 784
10 10 10 12 248
28 26 26 28 790
15 13 13 15 361
9 10 9 9 210
4 5 4 5 54
7 6 7 6 109
24 26 26 24 726
4 6 6 5 75
22 23 23 22 643
20 18 18 18 508
6 4 4 4 46
16 18 17 17 467
18 19 19 18 511
8 8 8 6 146
6 4 4 4 46
27 25 25 25 739
23 21 21 23 625
32 32 34 32 964
33 33 31 33 981
12 14 14 13 339
18 18 19 17 489
17 17 15 17 453
9 10 10 11 232
29 30 29 29 870
13 12 12 11 294
19 19 19 17 509
31 30 30 30 897
32 33 32 32 969
10 11 10 11 252
23 24 25 23 680
31 30 30 29 888
21 21 23 21 601
24 24 23 25 697
30 31 32 31 920
11 10 11 10 241
32 34 34 33 999
16 17 18 16 449
24 24 24 23 683
6 6 7 6 102
5 5 4 5 61
18 19 20 19 524
11 11 11 9 245
24 24 22 24 684
21 20 21 21 580
26 24 24 24 706
32 33 32 33 978
14 13 14 14 349
5 7 7 6 108
5 5 5 7 83
24 25 26 24 713
7 8 9 7 152
13 13 15 13 337
21 22 21 22 615
7 8 8 8 157
18 19 18 18 507
25 25 25 25 725
4 5 5 6 67
17 17 19 17 469
33 32 32 31 954
16 16 17 15 423
12 12 12 10 278
33 33 34 33 993
30 30 30 31 899
18 19 18 18 507
29 31 31 30 900
23 24 25 23 680
6 7 8 6 119
29 28 28 28 831
11 9 9 10 220
12 12 13 11 291
32 30 30 30 904
13 13 12 13 325
30 32 31 31 929
11 10 11 10 241
9 10 9 9 210
32 32 34 32 964
14 14 14 12 344
23 23 23 21 641
9 9 9 9 197
11 12 12 12 289
23 23 23 21 641
6 8 8 6 132
5 6 6 7 100
5 4 3 4 35
13 12 11 13 308
20 22 22 20 594
5 5 4 6 70
4 5 4 4 45
15 15 17 15 403
4 3 3 4 15
30 29 28 30 869
16 14 15 15 389
31 30 30 30 897
24 26 26 26 744
5 7 7 6 108
15 15 17 15 403
20 20 20 21 569
22 22 23 22 630
11 12 13 12 293
22 22 21 23 631
15 17 17 15 429
14 14 14 16 380
3 4 4 5 34
27 27 28 26 786
17 19 19 19 513
21 21 21 20 584
6 7 8 7 128
6 5 6 6 85
6 6 5 7 103
10 12 12 12 282
21 21 19 21 585
20 22 21 21 599
12 14 14 14 348
18 19 20 18 515
28 30 30 29 867
25 26 25 26 747
9 10 10 9 214
12 13 14 13 326
10 12 11 11 269
33 32 32 32 963
22 20 21 21 587
19 21 21 19 561
8 10 10 10 216
4 3 4 3 10
26 26 26 28 776
7 6 6 6 105
10 12 11 11 269
30 30 32 30 898
8 8 7 8 160
34 33 34 33 1000
7 6 6 5 96
15 15 15 16 404
11 11 10 12 268
32 30 30 32 922
29 28 28 29 840
29 29 29 27 839
17 17 17 19 479
31 30 29 31 902
13 14 14 14 355
4 3 2 3 2
29 29 28 30 862
8 8 9 7 159
19 20 20 19 544
20 18 18 20 526
9 9 8 10 202
13 12 13 13 316
21 19 19 20 550
31 33 32 32 962
16 15 14 15 398
14 14 14 14 362
23 25 25 25 711
32 32 33 32 960
6 7 7 7 124
17 17 18 17 465
29 31 31 30 900
13 12 12 11 294
8 10 9 9 203
9 8 7 8 167
25 27 27 27 777
16 16 15 16 424
15 17 17 15 429
31 31 29 31 915
23 23 21 23 651
14 15 14 14 375
21 21 21 19 575
29 31 31 31 909
28 27 26 28 803
27 26 27 27 778
2 4 3 3 5
11 11 11 11 263
20 21 22 20 581
23 23 23 23 659
22 20 20 20 574
32 33 33 32 973
25 26 25 26 747
8 6 7 7 125
10 10 8 10 222
18 19 19 18 511
27 27 29 27 799
10 10 12 10 238
33 32 31 33 968
16 17 17 16 445
24 23 23 23 666
15 16 17 15 416
17 18 19 18 491
31 32 31 31 936
30 30 30 28 872
16 17 17 18 463
7 7 7 8 140
31 31 31 31 923
3 4 4 3 16
7 8 8 9 166
30 30 30 28 872
31 33 33 32 966
12 11 10 12 275
20 20 20 21 569
29 27 28 28 818
20 19 19 20 543
10 11 11 11 256
13 15 14 14 368
14 15 14 14 375
26 24 24 25 715
27 29 29 29 843
30 28 28 29 847
20 18 19 19 521
10 11 10 10 243
30 32 32 32 942
32 31 32 32 943
11 10 10 10 237
34 33 34 33 1000
17 16 15 16 431
28 27 27 28 807
32 32 32 31 947
27 29 29 28 834
18 16 17 17 455
24 24 24 26 710
15 16 16 17 430
33 33 33 31 971
30 32 31 31 929
30 32 31 31 929
8 7 7 8 147
12 11 12 11 274
25 26 27 25 746
31 29 29 31 889
33 32 32 32 963
5 7 7 7 117
3 4 5 3 20
12 13 13 13 322
10 9 10 10 217
6 7 8 7 128
29 30 30 30 883
2 3 3 4 1
30 31 32 30 911
20 21 21 20 577
32 32 33 31 951
12 10 10 12 262
30 32 32 30 924
14 13 13 14 345
7 7 8 6 126
31 29 29 31 889
24 25 24 25 714
29 27 27 27 805
23 24 25 23 680
26 25 24 26 737
33 32 32 33 972
22 20 20 22 592
28 28 27 29 829
29 30 31 29 878
4 4 6 4 40
12 10 10 11 253
15 14 13 14 365
15 15 13 15 387
9 9 9 7 179
5 4 5 5 52
28 26 26 27 781
9 9 9 8 188
6 5 4 5 68
31 29 29 30 880
21 22 21 22 615
17 16 16 16 435
27 27 26 27 787
21 21 21 20 584
3 4 4 4 25
11 12 11 11 276
7 6 6 6 105
6 5 5 5 72
25 25 27 25 733
21 20 19 20 563
25 26 26 26 751
17 19 19 17 495
11 9 9 10 220
18 18 18 19 503
3 5 5 5 51
12 11 12 11 274
16 15 16 16 415
33 32 31 32 959
15 15 17 15 403
32 32 32 32 956
33 32 32 31 954
16 16 16 16 428
15 15 16 14 390
23 23 23 22 650
24 25 26 24 713
4 4 4 3 23
32 31 30 32 935
29 31 31 29 891
11 11 13 11 271
27 28 29 28 821
25 25 25 23 707
17 18 18 18 487
4 5 4 5 54
31 32 31 31 936
31 31 33 31 931
23 21 21 23 625
14 15 15 15 388
10 8 8 8 178
11 10 10 10 237
10 10 10 9 221
10 12 12 12 282
4 5 5 5 58
15 13 13 13 343
6 5 6 5 76
11 12 13 12 293
6 6 6 6 98
11 10 11 10 241
3 5 5 5 51
23 21 21 23 625
8 9 10 8 185
11 9 9 11 229
20 20 20 21 569
26 25 25 24 723
29 29 28 29 853
18 19 20 18 515
32 33 32 32 969
14 15 15 16 397
15 15 14 16 400
10 10 10 8 212
21 22 23 22 623
7 9 9 8 174
27 27 25 27 783
5 7 7 6 108
8 7 6 8 143
13 13 12 14 334
9 11 11 10 240
10 10 9 11 235
28 29 30 28 845
31 31 31 32 932
19 18 18 17 492
20 20 22 20 568
17 17 17 15 443
30 30 28 30 882
7 8 7 7 144
34 32 32 32 970
18 20 20 20 546
24 24 22 24 684
30 30 32 30 898
13 12 11 13 308
7 9 8 8 170
23 23 23 24 668
23 21 21 22 616
10 9 9 8 195
5 6 5 5 78
3 4 3 4 21
31 30 30 29 888
9 9 9 11 215
4 4 4 5 41
15 13 13 13 343
17 17 17 19 479
15 16 16 15 412
3 4 4 3 16
11 11 11 9 245
16 16 18 16 436
17 19 19 17 495
31 29 29 29 871
10 9 8 10 209
4 6 5 5 71
6 8 7 7 137
11 13 13 12 306
14 16 16 14 396
10 10 10 10 230
23 22 22 21 624
19 20 19 19 540
28 27 28 28 811
25 26 26 27 760
15 15 15 13 377
30 28 28 29 847
20 20 21 20 564
13 13 12 14 334
27 27 27 27 791
16 16 16 18 446
13 13 13 12 320
5 5 7 5 73
29 29 29 31 875
19 20 19 19 540
5 4 4 4 39
11 10 11 11 250
21 20 21 21 580
29 31 31 29 891
33 33 34 32 984
6 5 5 4 63
21 20 19 20 563
25 27 27 25 759
29 28 28 28 831
21 19 20 20 554
20 22 22 22 612
10 12 12 12 282
24 22 22 23 649
33 32 31 32 959
14 12 12 14 328
6 6 6 8 116
6 7 8 6 119
14 14 13 14 358
28 29 30 28 845
23 22 21 23 638
32 34 33 33 995
31 29 29 29 871
4 4 4 5 41
10 9 10 10 217
12 14 14 14 348
12 11 12 12 283
3 5 5 5 51
26 25 25 25 732
32 33 33 33 982
4 5 5 5 58
26 27 27 27 784
16 15 15 16 411
32 30 31 31 917
5 5 4 5 61
14 14 14 12 344
11 11 10 11 259
4 4 5 3 27
7 8 8 7 148
7 8 8 7 148
25 23 24 24 686
6 4 5 5 59
10 10 11 9 225
28 28 28 26 806
21 21 19 21 585
28 29 29 28 841
13 15 15 15 381
12 11 11 10 261
28 28 30 28 832
14 14 13 15 367
9 10 9 9 210
16 18 18 17 471
11 12 11 11 276
25 25 25 24 716
20 21 21 21 586
13 12 11 12 299
26 27 28 27 788
7 5 5 5 79
31 30 30 31 906
12 14 14 14 348
28 26 26 28 790
29 30 29 30 879
12 12 11 12 292
12 11 12 12 283
15 15 13 15 387
7 6 7 7 118
22 22 22 20 608
7 6 7 6 109
30 31 30 31 912
14 14 14 14 362
10 9 8 10 209
6 5 4 5 68
13 13 14 13 333
10 12 12 10 264
5 6 5 6 87
27 26 26 26 765
28 27 28 27 802
11 10 11 11 250
23 22 22 22 633
33 32 31 32 959
9 8 8 9 180
22 22 23 22 630
11 11 10 12 268
4 5 6 5 62
12 13 12 13 318
8 10 9 9 203
25 24 24 24 699
10 8 8 9 187
13 15 15 15 381
14 12 12 13 319
23 22 22 21 624
8 8 9 7 159
17 16 16 15 426
10 10 12 10 238
6 6 4 6 90
21 21 19 21 585
29 29 31 29 865
17 17 18 16 456
21 21 22 20 588
9 8 8 7 162
9 10 11 10 227
5 4 5 5 52
11 11 11 9 245
32 32 32 31 947
8 7 7 6 129
16 17 18 16 449
32 31 31 31 930
4 3 4 4 19
