100 12820
9 9 11 9 205
6 7 7 6 115
14 16 15 15 401
31 32 32 31 940
9 8 9 8 175
23 23 25 23 667
22 22 23 21 621
13 15 15 14 372
32 30 30 30 904
4 4 4 5 41
27 27 28 27 795
30 30 30 28 872
20 22 21 21 599
18 16 16 18 460
23 21 21 22 616
11 10 11 10 241
30 31 31 31 916
13 15 15 13 363
32 33 33 32 973
18 19 19 20 529
8 6 6 8 130
3 5 5 3 33
17 16 16 16 435
11 9 9 9 211
17 16 15 16 431
32 32 32 33 965
20 20 20 21 569
11 12 12 12 289
13 14 15 14 359
22 22 22 21 617
8 9 9 9 190
21 21 20 22 598
9 8 8 8 171
19 18 18 19 510
12 10 10 11 253
10 9 9 10 213
23 24 24 23 676
17 15 16 16 422
28 27 26 28 803
5 5 7 5 73
21 20 20 21 576
25 25 26 25 729
24 26 26 25 735
6 6 5 7 103
8 9 9 8 181
26 25 25 25 732
15 14 13 15 374
22 20 20 21 583
8 10 10 10 216
12 10 11 11 257
17 17 18 17 465
5 5 4 5 61
4 6 6 5 75
5 3 3 3 13
11 11 11 12 272
33 33 34 32 984
31 32 32 33 958
26 26 28 26 766
12 13 13 13 322
24 25 25 25 718
32 32 34 32 964
7 7 7 6 122
29 31 31 30 900
16 17 16 16 441
7 8 7 8 153
3 4 4 3 16
18 17 17 16 459
4 4 3 5 37
27 28 29 27 812
28 28 27 29 829
22 20 20 20 574
9 8 8 7 162
21 22 23 22 623
17 16 16 17 444
31 30 30 29 888
12 12 11 13 301
29 27 27 29 823
30 30 29 31 895
27 28 27 28 813
32 34 33 33 995
28 26 26 26 772
27 27 27 25 773
13 15 15 15 381
6 5 6 5 76
26 28 28 27 801
9 9 11 9 205
13 11 11 12 286
13 13 14 12 324
32 32 34 32 964
16 16 17 15 423
10 9 10 9 208
18 17 17 16 459
19 19 19 18 518
31 30 30 30 897
10 11 11 12 265
5 4 4 4 39
19 17 17 19 493
28 29 29 30 859
12 14 13 13 335
7 9 9 8 174
