500 136718
27 27 28 26 786
19 19 17 19 519
19 21 21 21 579
27 28 29 27 812
17 16 16 15 426
18 19 20 19 524
20 18 18 18 508
24 24 24 24 692
26 26 28 26 766
25 23 23 24 682
25 24 25 25 712
23 22 21 23 638
19 19 19 18 518
27 29 29 28 834
20 21 22 20 581
24 26 26 25 735
19 19 19 20 536
29 29 27 29 849
25 25 27 25 733
6 8 8 8 150
7 8 9 7 152
9 9 8 9 193
14 14 16 14 370
20 21 22 21 590
3 5 5 3 33
10 9 9 9 204
15 17 17 15 429
32 30 31 31 917
32 32 31 32 952
10 9 9 10 213
23 21 21 22 616
12 11 12 12 283
23 24 23 23 672
10 8 8 10 196
22 23 24 23 656
26 26 28 26 766
9 9 8 9 193
8 7 6 8 143
5 7 6 6 104
6 6 4 6 90
24 22 22 23 649
22 24 24 24 678
12 12 13 11 291
16 15 14 16 407
31 30 31 31 910
28 28 26 28 816
29 30 31 30 887
20 19 18 20 539
19 18 17 19 506
14 13 13 14 345
8 9 8 8 177
8 9 9 9 190
28 27 26 27 794
27 28 29 28 821
4 3 3 3 6
28 30 30 29 867
31 32 33 32 953
22 22 23 21 621
30 31 31 31 916
10 10 10 8 212
15 16 15 16 417
22 22 21 23 631
6 5 6 5 76
11 12 12 13 298
7 7 7 8 140
4 5 5 6 67
21 20 20 21 576
9 11 11 9 231
17 16 16 17 444
7 7 7 9 149
18 20 20 19 537
19 18 18 17 492
27 29 29 28 834
13 15 14 14 368
5 4 4 5 48
23 21 21 23 625
7 8 8 9 166
10 8 8 9 187
30 29 30 30 877
24 23 23 22 657
20 20 20 21 569
8 7 6 8 143
29 29 29 29 857
7 6 6 6 105
16 17 16 16 441
17 16 16 15 426
19 19 18 19 523
23 22 22 23 642
31 32 33 31 944
20 20 20 18 542
34 32 33 33 983
15 15 13 15 387
25 25 27 25 733
22 24 24 22 660
23 22 22 22 633
9 11 10 10 236
14 13 12 14 341
18 19 19 19 520
21 23 23 23 645
10 9 10 9 208
24 22 22 23 649
13 12 12 11 294
12 12 14 12 304
16 14 15 15 389
6 7 7 6 115
30 29 28 30 869
13 13 12 14 334
5 6 6 6 91
3 5 5 5 51
10 9 10 9 208
29 29 29 28 848
14 13 13 12 327
18 18 18 17 485
8 9 8 8 177
17 16 16 17 444
20 18 19 19 521
14 15 15 14 379
27 25 25 25 739
11 11 11 13 281
32 32 32 30 938
29 30 30 30 883
27 26 25 26 761
9 9 9 9 197
14 12 12 14 328
14 14 14 14 362
25 25 24 26 730
32 32 33 31 951
13 11 11 11 277
30 28 28 29 847
25 25 25 25 725
9 9 10 9 201
30 29 28 29 860
7 7 5 7 123
17 16 15 17 440
30 31 31 32 925
4 3 3 3 6
24 26 26 24 726
27 26 25 27 770
8 9 9 10 199
16 16 14 16 420
26 26 24 26 750
27 26 25 27 770
21 23 23 23 645
13 13 14 12 324
33 33 34 32 984
28 28 29 27 819
26 24 25 25 719
26 26 28 26 766
3 4 4 3 16
27 28 28 29 826
12 12 10 12 288
9 9 10 8 192
23 24 25 24 689
3 4 3 4 21
11 10 11 11 250
17 18 19 17 482
17 15 16 16 422
27 26 25 26 761
14 14 16 14 370
12 11 12 12 283
10 10 10 10 230
9 7 7 9 163
11 12 13 11 284
23 24 23 24 681
27 28 27 27 804
29 29 29 31 875
18 16 16 17 451
27 29 28 28 830
16 16 14 16 420
24 25 26 24 713
4 5 6 4 53
6 7 7 6 115
27 26 26 25 756
31 33 32 32 962
21 20 20 21 576
22 24 24 24 678
28 30 30 30 876
29 27 27 28 814
7 7 7 5 113
28 29 30 29 854
19 19 20 19 531
13 15 15 15 381
26 25 24 25 728
4 5 4 4 45
10 12 12 12 282
18 16 17 17 455
9 8 8 7 162
15 15 15 13 377
12 13 14 12 317
7 6 7 6 109
27 26 27 26 769
25 25 25 26 734
10 11 11 10 247
32 32 33 31 951
12 12 12 14 314
15 13 13 13 343
12 14 14 14 348
28 26 26 27 781
22 23 22 22 639
25 25 25 25 725
20 21 21 20 577
15 16 16 15 412
20 19 18 19 530
22 24 24 22 660
18 17 16 18 473
25 27 27 25 759
12 13 12 13 318
31 31 31 30 914
14 16 16 14 396
30 30 30 32 908
25 25 27 25 733
16 15 16 15 406
33 33 31 33 981
15 16 17 15 416
8 8 8 6 146
14 14 14 12 344
12 12 14 12 304
26 28 28 26 792
12 12 12 14 314
13 13 14 13 333
8 7 7 7 138
24 23 22 24 671
27 28 29 27 812
18 19 19 20 529
6 6 6 8 116
18 18 18 19 503
12 10 10 11 253
10 9 8 10 209
12 10 11 11 257
16 16 15 17 433
17 17 17 15 443
28 27 27 28 807
31 32 32 32 949
14 13 13 12 327
2 4 3 3 5
6 7 6 6 111
8 8 9 8 168
28 29 30 29 854
8 7 8 7 142
29 27 27 27 805
13 14 14 13 346
29 29 28 30 862
27 28 29 28 821
23 24 24 25 694
7 6 7 7 118
21 22 21 21 606
32 32 30 32 948
6 5 4 5 68
12 11 11 10 261
8 7 8 8 151
25 25 24 26 730
26 25 25 25 732
30 30 31 30 894
25 25 25 27 743
21 21 19 21 585
23 24 25 23 680
8 7 7 6 129
4 3 3 4 15
15 15 14 16 400
30 29 30 30 877
8 9 9 8 181
6 7 8 7 128
24 24 24 26 710
28 28 28 30 842
6 6 5 6 94
26 26 25 27 763
26 24 25 25 719
15 15 16 14 390
4 6 6 6 84
22 21 21 21 600
12 11 10 12 275
5 5 5 3 47
21 21 21 22 602
23 24 24 24 685
26 26 24 26 750
22 24 23 23 665
10 11 12 10 251
9 8 8 8 171
30 30 31 29 885
10 9 9 10 213
21 22 22 22 619
10 10 10 12 248
14 14 13 14 358
6 4 4 4 46
16 16 15 16 424
15 15 14 16 400
25 25 26 25 729
31 31 30 31 919
25 26 27 25 746
19 21 21 19 561
6 6 5 6 94
20 22 22 22 612
4 4 5 4 36
6 5 5 6 81
18 17 17 17 468
29 29 29 30 866
23 22 21 23 638
26 24 24 26 724
32 31 30 31 926
20 18 18 18 508
26 25 24 25 728
19 17 17 17 475
24 24 24 23 683
23 25 25 25 711
16 18 18 17 471
5 5 4 5 61
33 33 33 33 989
3 3 5 3 7
7 5 5 5 79
12 13 13 12 313
10 10 11 9 225
13 15 15 14 372
32 31 31 32 939
11 9 9 10 220
34 33 33 32 987
26 27 28 26 779
8 9 8 9 186
31 31 31 31 923
14 13 13 13 336
5 5 6 5 69
30 31 32 30 911
12 13 14 12 317
30 29 29 29 864
27 28 29 27 812
30 30 30 28 872
13 12 13 13 316
16 15 15 14 393
23 22 21 23 638
29 30 30 30 883
3 4 4 5 34
32 31 31 31 930
22 23 22 22 639
14 13 12 13 332
23 25 25 25 711
7 7 9 7 139
28 30 29 29 863
17 15 15 17 427
25 26 25 26 747
7 7 7 5 113
3 5 5 5 51
28 28 27 28 820
32 33 34 33 986
12 11 12 12 283
22 21 21 22 609
23 22 22 22 633
6 8 7 7 137
7 8 8 9 166
4 5 6 4 53
19 20 19 20 549
32 33 34 33 986
15 17 17 15 429
15 13 14 14 356
8 8 10 8 172
16 15 16 15 406
20 20 18 20 552
13 14 13 14 351
19 19 19 19 527
27 29 29 28 834
24 23 24 24 679
10 10 10 10 230
12 12 11 13 301
22 21 20 22 605
22 24 24 24 678
25 27 26 26 764
31 31 31 32 932
9 11 11 11 249
34 33 33 32 987
21 20 19 20 563
8 7 8 7 142
20 22 21 21 599
32 32 32 34 974
15 16 16 15 412
11 12 11 11 276
28 29 28 29 846
32 31 30 32 935
25 27 27 25 759
23 24 23 23 672
25 27 27 25 759
27 27 27 25 773
23 23 24 23 663
8 8 8 9 173
20 22 21 21 599
26 24 25 25 719
17 15 15 17 427
4 4 4 2 14
17 17 15 17 453
13 15 14 14 368
15 15 15 17 413
27 27 27 25 773
15 16 15 16 417
25 25 25 27 743
19 20 20 20 553
10 9 10 9 208
16 17 17 16 445
9 9 7 9 189
11 9 9 9 211
26 26 26 28 776
25 24 25 25 712
24 25 24 25 714
16 17 16 16 441
23 22 21 22 629
12 12 12 14 314
24 24 23 25 697
7 5 5 7 97
21 21 21 19 575
23 23 21 23 651
16 16 16 17 437
20 20 22 20 568
14 13 12 13 332
30 29 30 29 868
18 18 18 16 476
15 14 14 15 378
12 11 10 12 275
17 16 16 16 435
33 32 32 32 963
4 4 4 3 23
20 20 19 20 556
9 10 11 10 227
25 27 27 27 777
19 19 18 19 523
29 28 29 28 835
22 20 20 22 592
33 32 32 32 963
11 12 12 12 289
13 14 13 14 351
12 13 12 13 318
7 5 5 6 88
17 19 18 18 500
33 31 32 32 950
15 15 15 17 413
9 8 9 9 184
28 28 28 28 824
25 27 27 26 768
20 20 18 20 552
32 33 32 33 978
17 18 18 18 487
17 18 18 17 478
24 23 23 23 666
4 6 6 5 75
17 17 17 18 470
18 18 19 18 498
25 24 24 25 708
18 20 20 20 546
20 19 18 19 530
21 21 21 23 611
26 25 26 26 745
16 16 16 14 410
7 5 6 6 92
5 6 7 5 86
8 6 6 6 112
7 8 8 9 166
10 11 10 11 252
33 31 31 33 955
30 30 30 31 899
10 10 9 11 235
17 18 19 17 482
13 13 13 15 347
26 26 26 25 749
11 9 9 9 211
28 27 28 27 802
28 28 28 26 806
13 12 13 13 316
24 24 26 24 700
31 31 33 31 931
21 23 23 22 636
9 10 11 9 218
30 28 29 29 851
27 25 25 26 748
12 11 12 12 283
23 21 21 22 616
5 5 5 7 83
24 23 24 24 679
6 8 8 8 150
32 33 32 33 978
33 33 33 34 998
23 24 24 24 685
24 23 23 23 666
12 14 14 14 348
31 29 29 31 889
23 21 21 23 625
28 27 26 28 803
5 7 7 5 99
13 13 14 12 324
28 28 27 28 820
18 17 17 18 477
9 10 11 10 227
30 31 30 31 912
19 19 21 19 535
26 26 28 26 766
22 24 24 23 669
32 30 31 31 917
16 18 18 17 471
16 16 14 16 420
15 16 16 15 412
25 24 25 25 712
14 15 16 14 383
32 30 31 31 917
14 15 15 14 379
18 18 18 18 494
9 8 9 9 184
