750 182182
9 10 9 9 210
4 3 2 4 11
25 26 27 25 746
18 16 16 16 442
29 29 29 29 857
20 18 18 19 517
16 16 17 16 432
29 30 31 30 887
11 11 10 11 259
9 7 8 8 158
12 12 12 11 287
30 30 32 30 898
23 22 22 22 633
31 29 30 30 884
24 25 24 25 714
27 27 25 27 783
12 13 14 12 317
28 27 27 27 798
8 10 10 10 216
18 18 19 17 489
14 14 14 12 344
21 23 22 22 632
18 19 18 18 507
31 31 31 29 905
2 3 3 4 1
5 4 4 4 39
33 31 31 31 937
17 16 17 16 439
11 11 11 9 245
18 16 16 18 460
11 9 9 11 229
30 30 30 29 881
22 21 21 22 609
19 21 21 21 579
12 14 14 13 339
31 32 31 31 936
18 18 18 17 485
30 31 31 31 916
10 10 10 10 230
22 22 22 23 635
16 16 16 15 419
22 22 20 22 618
13 12 11 13 308
6 5 4 5 68
27 25 25 27 757
7 8 9 7 152
17 19 19 18 504
4 5 5 5 58
21 19 19 19 541
13 13 14 12 324
20 18 18 19 517
18 20 20 19 537
18 18 19 18 498
15 15 13 15 387
29 29 29 31 875
11 12 11 12 285
7 9 9 8 174
31 30 29 30 893
18 19 19 18 511
24 24 25 23 687
23 23 23 24 668
29 29 29 29 857
34 32 32 33 979
25 27 27 25 759
26 24 24 25 715
21 19 19 20 550
21 21 21 19 575
16 17 18 16 449
18 17 17 18 477
21 23 22 22 632
6 7 8 7 128
24 24 24 24 692
18 19 18 19 516
14 13 14 13 340
14 13 13 12 327
31 31 31 30 914
9 9 8 10 202
30 30 31 29 885
11 10 11 11 250
28 29 30 29 854
5 5 7 5 73
24 25 25 25 718
13 13 14 12 324
9 10 11 10 227
4 3 2 3 2
17 17 16 18 466
12 11 12 12 283
6 5 5 5 72
7 7 7 5 113
15 14 13 14 365
16 17 18 16 449
15 15 14 16 400
30 30 31 29 885
4 4 4 6 50
31 33 33 33 975
18 18 20 18 502
33 33 31 33 981
15 16 16 16 421
13 15 14 14 368
5 5 5 6 74
5 5 5 6 74
30 29 30 29 868
20 20 19 21 565
4 5 5 5 58
30 28 28 30 856
18 17 18 17 472
21 21 21 20 584
6 4 4 5 55
34 32 32 33 979
26 27 26 27 780
31 30 29 30 893
22 24 23 23 665
22 20 20 21 583
21 19 19 20 550
12 13 13 12 313
6 5 5 4 63
8 9 8 8 177
14 15 16 14 383
31 29 29 31 889
19 19 18 20 532
10 9 8 10 209
11 11 11 10 254
30 31 31 30 907
16 17 18 16 449
15 16 17 16 425
29 30 31 29 878
22 22 22 21 617
24 25 26 25 722
12 10 11 11 257
21 20 20 20 567
11 12 11 12 285
11 13 12 12 302
3 4 4 3 16
31 32 33 31 944
16 14 14 14 376
29 28 28 27 822
16 14 15 15 389
21 21 23 21 601
13 12 13 13 316
25 26 26 27 760
15 16 17 15 416
28 29 29 29 850
18 18 17 19 499
12 13 13 12 313
13 13 13 11 311
17 17 17 17 461
18 17 18 17 472
16 16 14 16 420
3 3 2 4 4
16 15 15 14 393
4 3 4 4 19
26 24 24 25 715
18 19 19 20 529
12 14 13 13 335
26 26 24 26 750
24 26 26 26 744
34 33 33 32 987
20 20 20 21 569
27 28 27 28 813
21 21 21 23 611
24 24 25 24 696
8 9 10 9 194
22 22 24 22 634
18 17 18 17 472
13 11 11 12 286
14 14 15 13 357
30 28 28 28 838
14 14 14 14 362
23 23 25 23 667
27 29 28 28 830
22 20 20 20 574
31 31 33 31 931
13 13 12 14 334
10 12 12 11 273
12 10 10 10 244
29 28 27 28 827
25 26 27 26 755
11 10 11 10 241
16 14 15 15 389
28 26 26 27 781
15 16 16 16 421
22 22 22 21 617
23 22 23 23 646
11 11 10 12 268
6 5 4 5 68
5 5 4 6 70
11 13 13 13 315
17 17 18 16 456
32 32 33 31 951
14 14 15 14 366
26 28 28 26 792
15 17 17 17 447
28 27 27 27 798
10 10 9 10 226
32 32 33 31 951
29 28 27 28 827
5 5 6 5 69
15 15 15 15 395
11 10 10 9 228
3 5 5 5 51
12 11 11 11 270
29 28 27 29 836
30 30 29 31 895
5 5 5 6 74
10 9 9 8 195
25 27 27 25 759
8 6 7 7 125
18 17 16 17 464
24 24 24 23 683
19 18 19 19 514
8 7 6 8 143
24 24 24 25 701
12 11 10 12 275
25 25 24 25 721
3 3 3 5 17
32 31 32 32 943
22 24 24 22 660
30 29 29 30 873
13 12 12 11 294
7 8 8 8 157
15 16 16 17 430
5 4 5 4 43
8 10 9 9 203
9 9 10 9 201
9 10 9 9 210
5 5 6 5 69
19 19 18 19 523
23 25 25 23 693
16 16 16 15 419
28 28 30 28 832
11 11 13 11 271
26 28 27 27 797
11 11 11 9 245
32 33 33 34 991
26 26 27 25 753
20 21 21 21 586
26 25 25 24 723
21 21 21 23 611
23 22 22 21 624
31 31 30 31 919
28 27 28 28 811
24 26 25 25 731
27 26 27 26 769
8 9 8 9 186
17 17 15 17 453
7 5 5 7 97
10 10 10 12 248
30 31 32 31 920
12 12 13 12 300
25 26 26 27 760
15 13 14 14 356
10 9 8 10 209
27 28 29 28 821
24 22 22 22 640
31 31 30 32 928
10 10 10 12 248
23 23 22 24 664
7 7 9 7 139
11 11 12 11 267
9 7 8 8 158
4 6 6 6 84
32 33 32 33 978
15 15 15 13 377
15 14 14 15 378
20 21 20 21 582
21 21 23 21 601
15 13 13 14 352
24 24 24 25 701
17 17 17 15 443
33 33 32 34 994
10 10 8 10 222
22 23 22 23 648
15 13 13 14 352
23 25 25 23 693
14 13 12 13 332
23 22 22 21 624
12 12 13 11 291
6 6 7 5 93
12 14 13 13 335
31 32 33 31 944
7 9 8 8 170
15 14 14 14 369
10 12 11 11 269
30 30 30 32 908
33 32 33 32 967
19 21 21 20 570
7 8 7 8 153
12 13 13 13 322
34 32 32 32 970
12 12 12 11 287
7 6 7 6 109
13 11 11 12 286
18 18 17 18 490
26 25 24 26 737
26 26 28 26 766
16 14 14 16 394
12 12 12 12 296
20 21 21 20 577
18 18 18 18 494
4 3 3 3 6
31 30 30 29 888
19 19 20 19 531
6 8 8 8 150
7 8 9 8 161
25 24 24 24 699
26 27 27 27 784
9 9 9 10 206
12 11 10 11 266
16 17 17 16 445
32 30 30 31 913
20 20 21 19 555
22 22 22 20 608
21 23 23 22 636
6 5 6 6 85
30 30 31 30 894
11 11 13 11 271
22 20 21 21 587
22 22 22 22 626
32 33 32 32 969
26 24 24 24 706
29 27 27 28 814
28 29 30 29 854
31 32 33 31 944
25 24 24 23 690
28 27 26 27 794
23 24 24 24 685
18 18 18 19 503
29 27 28 28 818
7 7 8 6 126
10 10 12 10 238
18 17 16 18 473
32 31 30 31 926
9 10 11 10 227
19 17 17 17 475
8 10 9 9 203
4 4 4 6 50
17 17 18 17 465
13 13 12 13 325
31 30 29 31 902
25 25 26 25 729
29 28 27 29 836
32 33 33 33 982
19 19 18 20 532
6 5 6 6 85
29 27 27 29 823
12 13 14 13 326
30 30 30 32 908
4 4 4 4 32
8 7 7 6 129
27 27 27 25 773
27 27 29 27 799
16 16 16 16 428
7 7 7 9 149
27 27 29 27 799
6 6 6 7 107
21 22 21 22 615
13 15 14 14 368
26 25 24 25 728
31 32 33 32 953
5 6 7 6 95
14 14 14 13 353
10 9 10 9 208
11 9 9 10 220
16 15 14 16 407
6 5 5 4 63
19 19 18 20 532
10 10 10 9 221
9 8 9 9 184
21 22 23 21 614
10 10 9 10 226
16 16 15 16 424
31 32 32 32 949
21 20 19 20 563
22 23 23 22 643
6 6 6 7 107
16 17 16 16 441
27 29 29 29 843
34 33 32 33 992
26 27 28 26 779
6 6 4 6 90
8 8 6 8 156
11 11 11 12 272
20 20 20 18 542
7 7 7 9 149
15 17 16 16 434
13 12 11 13 308
27 28 27 28 813
24 24 23 24 688
20 19 18 19 530
8 7 8 7 142
15 15 16 15 399
18 16 16 16 442
30 32 32 30 924
28 26 26 27 781
6 7 7 6 115
28 27 26 28 803
31 30 31 30 901
11 11 11 12 272
32 31 31 32 939
23 24 24 25 694
11 12 12 11 280
18 17 17 18 477
9 9 9 10 206
12 12 13 11 291
12 14 14 14 348
29 27 27 27 805
26 28 27 27 797
28 28 29 27 819
17 15 16 16 422
23 23 23 23 659
21 22 23 21 614
8 10 10 8 198
22 20 20 21 583
7 6 6 5 96
30 30 30 28 872
6 7 7 7 124
25 24 24 25 708
15 13 14 14 356
26 25 25 25 732
6 4 4 4 46
32 33 32 32 969
10 10 9 11 235
29 27 27 28 814
9 9 9 8 188
3 4 4 4 25
34 33 34 33 1000
27 25 26 26 752
23 23 25 23 667
14 14 14 12 344
20 20 19 21 565
7 9 9 8 174
4 4 2 4 24
17 17 16 17 457
9 11 11 10 240
14 15 15 15 388
23 25 25 25 711
28 26 26 26 772
17 17 19 17 469
8 7 8 7 142
9 9 11 9 205
28 28 28 28 824
25 27 27 25 759
9 8 7 8 167
4 4 3 4 28
30 30 30 31 899
32 32 32 34 974
22 20 21 21 587
15 15 16 14 390
16 16 16 18 446
10 11 12 11 260
28 29 29 28 841
28 28 28 28 824
26 24 24 24 706
8 7 6 8 143
26 28 28 28 810
2 4 3 3 5
20 18 18 19 517
6 7 7 6 115
2 4 3 3 5
26 26 25 26 754
10 10 9 11 235
21 19 19 19 541
19 20 20 21 562
18 16 16 18 460
32 32 31 33 961
18 18 17 18 490
12 13 14 12 317
27 29 29 27 825
11 10 9 10 233
20 18 18 20 526
25 24 25 24 703
28 27 27 26 789
26 28 27 27 797
31 30 30 31 906
4 4 5 3 27
33 31 32 32 950
13 15 15 15 381
21 22 21 21 606
28 26 26 28 790
10 11 12 11 260
31 32 31 31 936
16 18 18 16 462
14 15 14 15 384
6 8 8 8 150
17 18 18 19 496
6 8 8 6 132
23 24 24 25 694
15 15 13 15 387
8 10 10 9 207
34 33 33 32 987
4 3 3 3 6
11 10 10 10 237
4 3 4 4 19
14 15 15 14 379
30 30 30 31 899
29 29 30 28 852
4 5 5 6 67
11 11 11 13 281
27 27 27 28 800
15 15 13 15 387
10 9 10 9 208
6 4 4 6 64
11 10 11 10 241
5 6 6 5 82
9 9 10 8 192
33 32 33 33 976
31 32 33 32 953
9 9 9 8 188
5 5 6 4 60
15 16 16 15 412
23 24 25 23 680
15 17 17 17 447
23 22 21 23 638
30 28 28 28 838
4 3 4 4 19
12 10 10 10 244
9 8 9 8 175
26 27 26 26 771
5 5 5 4 56
19 18 17 18 497
25 25 26 25 729
19 19 18 20 532
7 8 9 8 161
19 17 17 19 493
11 13 12 12 302
25 27 26 26 764
10 9 8 9 200
14 16 15 15 401
5 6 6 7 100
11 11 10 12 268
9 7 7 8 154
14 14 15 14 366
30 30 32 30 898
19 18 17 18 497
33 32 32 33 972
14 14 14 14 362
17 18 17 18 483
7 8 8 9 166
34 32 32 33 979
13 12 13 12 307
23 23 21 23 651
8 6 7 7 125
4 5 5 4 49
22 20 21 21 587
14 14 14 13 353
11 12 11 11 276
21 22 22 21 610
29 31 31 30 900
20 20 20 21 569
12 13 13 12 313
24 24 24 25 701
15 15 15 15 395
10 12 12 12 282
6 6 5 7 103
5 4 5 4 43
29 29 29 29 857
11 11 11 12 272
24 24 22 24 684
9 8 7 8 167
6 8 8 6 132
12 12 14 12 304
8 8 9 7 159
27 29 29 28 834
6 6 6 6 98
8 8 9 7 159
32 31 32 31 934
6 6 5 7 103
29 29 29 29 857
4 4 4 2 14
14 15 15 15 388
10 10 12 10 238
26 25 26 26 745
5 5 3 5 57
26 27 27 28 793
17 16 15 16 431
15 16 17 15 416
18 17 17 17 468
20 22 22 21 603
17 18 17 18 483
22 21 20 21 596
28 26 26 28 790
28 27 27 28 807
19 18 19 19 514
24 26 26 26 744
31 33 33 33 975
18 18 18 19 503
17 18 17 18 483
21 22 23 21 614
22 21 20 22 605
32 30 31 31 917
29 31 30 30 896
11 10 11 11 250
24 25 26 24 713
7 9 9 7 165
7 7 7 9 149
33 32 33 32 967
22 22 23 22 630
10 9 9 8 195
12 14 14 12 330
6 4 4 6 64
23 22 23 22 637
32 31 32 31 934
4 5 6 5 62
19 19 19 17 509
23 23 22 23 655
19 18 17 18 497
30 29 29 29 864
26 26 27 26 762
26 26 25 27 763
17 19 18 18 500
26 27 26 26 771
11 9 9 11 229
18 18 20 18 502
32 33 33 32 973
13 11 11 12 286
32 30 30 31 913
16 16 14 16 420
28 28 28 30 842
10 8 9 9 191
31 31 30 31 919
13 14 13 14 351
22 22 22 23 635
19 19 19 20 536
18 16 16 17 451
30 29 28 30 869
20 20 21 20 564
11 10 10 9 228
15 16 17 16 425
6 7 8 7 128
23 21 21 23 625
19 18 19 19 514
33 32 32 33 972
17 17 18 16 456
29 29 29 28 848
9 9 10 9 201
13 13 12 14 334
25 26 26 26 751
13 14 15 14 359
25 25 25 26 734
23 23 21 23 651
24 26 26 24 726
30 29 29 30 873
22 24 24 24 678
7 5 5 7 97
2 3 3 4 1
14 13 13 13 336
27 27 27 29 809
19 19 19 17 509
7 6 6 7 114
27 25 26 26 752
26 25 26 26 745
25 26 25 25 738
8 8 7 9 169
25 26 27 25 746
18 16 17 17 455
17 17 16 17 457
28 28 28 26 806
13 14 14 13 346
24 25 25 24 709
21 21 22 21 597
20 18 18 18 508
31 30 29 30 893
20 19 19 19 534
16 16 15 16 424
12 12 14 12 304
7 8 8 8 157
19 17 17 17 475
10 9 10 9 208
8 6 7 7 125
25 25 25 23 707
8 10 9 9 203
23 24 24 24 685
15 16 17 16 425
18 19 20 18 515
25 25 27 25 733
30 29 29 28 855
23 23 23 21 641
24 23 24 24 679
30 29 29 30 873
33 33 34 32 984
27 28 28 27 808
19 19 20 18 522
26 26 26 25 749
25 26 26 25 742
12 12 14 12 304
9 10 11 9 218
20 20 20 21 569
30 30 30 28 872
5 7 7 6 108
28 29 28 29 846
27 28 28 28 817
3 5 5 4 42
26 28 28 28 810
4 6 6 4 66
12 14 14 12 330
5 3 3 4 22
27 27 28 27 795
33 32 32 32 963
15 17 17 17 447
4 5 5 6 67
33 33 34 33 993
6 6 5 7 103
15 16 15 15 408
17 19 19 19 513
5 4 4 5 48
28 26 26 27 781
23 23 23 25 677
22 20 20 22 592
32 31 32 32 943
5 5 5 5 65
6 8 8 6 132
6 6 6 5 89
28 29 30 28 845
30 29 28 29 860
32 33 34 33 986
17 18 18 19 496
5 7 7 5 99
15 17 17 15 429
7 9 9 9 183
19 19 19 18 518
4 5 5 4 49
16 15 16 16 415
13 12 12 11 294
20 21 21 21 586
14 14 13 14 358
7 6 5 6 101
21 20 21 21 580
26 26 26 24 740
6 4 4 6 64
4 5 5 5 58
32 32 32 31 947
19 21 21 19 561
11 11 13 11 271
24 23 22 24 671
11 9 10 10 224
32 31 32 31 934
24 26 26 26 744
17 15 15 15 409
6 7 7 7 124
16 17 18 16 449
17 18 18 18 487
16 16 14 16 420
27 27 27 29 809
25 25 23 25 717
8 9 9 9 190
22 24 24 22 660
16 16 16 16 428
9 10 9 10 219
21 22 22 23 628
24 23 22 24 671
