500 95040
32 32 34 32 964
16 16 16 18 446
17 17 16 17 457
7 8 7 7 144
33 32 32 31 954
15 17 17 17 447
6 4 4 4 46
30 30 28 30 882
10 11 11 11 256
21 21 20 22 598
31 29 29 29 871
16 17 18 16 449
29 29 28 30 862
8 10 10 10 216
25 25 25 24 716
33 32 31 32 959
24 26 26 25 735
16 15 15 14 393
6 7 7 7 124
34 33 33 32 987
18 16 16 16 442
18 17 17 18 477
13 14 14 15 364
32 33 34 33 986
22 20 21 21 587
19 19 20 18 522
28 26 26 27 781
7 7 7 8 140
26 26 25 27 763
28 26 26 27 781
18 19 18 19 516
13 12 12 11 294
27 27 28 27 795
26 28 28 28 810
8 8 6 8 156
24 23 22 23 662
10 11 12 10 251
20 18 18 19 517
17 16 17 16 439
9 7 7 7 145
10 9 9 10 213
28 28 30 28 832
7 7 7 7 131
20 20 21 20 564
13 14 13 14 351
25 25 24 25 721
8 9 10 8 185
5 6 7 5 86
25 25 25 25 725
21 22 22 22 619
29 29 29 29 857
11 11 10 11 259
6 8 7 7 137
25 25 25 27 743
22 24 24 22 660
27 27 27 25 773
14 12 13 13 323
5 7 7 6 108
28 27 27 28 807
20 22 22 20 594
14 14 14 15 371
7 7 6 8 136
20 20 20 21 569
6 4 4 6 64
28 30 30 29 867
23 24 25 24 689
13 14 13 14 351
28 29 29 30 859
18 18 18 19 503
23 24 25 23 680
9 9 10 8 192
30 31 30 30 903
5 6 6 7 100
22 22 22 23 635
5 5 6 5 69
12 10 10 12 262
4 4 4 6 50
10 9 9 9 204
14 15 14 15 384
26 27 26 26 771
24 25 24 25 714
22 21 20 21 596
20 20 19 21 565
7 7 6 7 127
14 15 14 15 384
31 32 33 32 953
9 9 9 8 188
27 27 27 25 773
24 24 23 24 688
28 27 26 28 803
19 20 20 19 544
4 5 5 5 58
5 5 3 5 57
12 11 12 12 283
5 7 6 6 104
30 31 30 31 912
20 20 20 21 569
5 5 5 6 74
13 13 14 13 333
9 9 11 9 205
24 24 24 22 674
32 32 31 33 961
5 7 7 7 117
7 5 5 7 97
4 4 2 4 24
18 19 20 18 515
17 18 19 18 491
19 21 20 20 566
28 29 29 29 850
21 21 21 20 584
30 31 31 31 916
7 5 5 7 97
32 31 32 32 943
12 14 14 13 339
20 19 19 19 534
10 10 9 11 235
14 14 16 14 370
26 26 24 26 750
7 7 7 5 113
18 16 17 17 455
23 24 23 23 672
15 13 13 14 352
17 18 17 17 474
16 15 15 15 402
30 29 28 30 869
12 13 12 13 318
13 12 12 13 312
7 7 7 7 131
12 13 12 12 309
4 5 4 5 54
26 27 27 27 784
27 27 26 28 796
6 5 5 6 81
30 30 29 30 886
9 9 7 9 189
25 24 25 24 703
7 6 6 7 114
11 10 10 10 237
26 24 24 25 715
11 9 9 11 229
23 25 25 25 711
24 24 22 24 684
17 17 18 16 456
6 4 4 6 64
19 18 18 18 501
14 14 14 16 380
23 25 25 25 711
6 5 6 5 76
17 15 15 16 418
29 28 28 29 840
8 6 7 7 125
15 14 14 15 378
26 25 25 25 732
33 31 31 31 937
25 23 23 25 691
22 21 21 22 609
17 17 16 17 457
19 18 17 18 497
30 31 30 31 912
25 25 25 26 734
5 4 3 4 35
15 16 16 16 421
11 11 10 12 268
29 28 28 29 840
11 9 9 11 229
14 15 15 16 397
18 17 18 18 481
14 12 12 13 319
30 30 30 32 908
19 20 20 19 544
29 30 30 30 883
29 29 29 27 839
4 6 5 5 71
29 28 28 29 840
25 24 24 25 708
8 8 8 10 182
11 11 11 13 281
26 25 25 25 732
5 3 3 3 13
25 25 25 26 734
10 8 9 9 191
11 13 13 12 306
24 24 23 25 697
21 22 23 22 623
27 29 29 29 843
27 27 27 27 791
16 16 16 16 428
11 12 11 11 276
4 4 3 5 37
21 23 22 22 632
17 16 15 16 431
12 14 14 14 348
19 18 17 19 506
32 31 31 31 930
31 33 33 31 957
17 17 18 16 456
21 21 21 23 611
29 28 27 29 836
20 21 20 20 573
19 21 21 21 579
15 16 15 16 417
14 15 16 15 392
16 18 18 18 480
7 7 9 7 139
11 12 12 12 289
19 19 18 20 532
29 31 30 30 896
31 32 32 33 958
22 20 20 21 583
30 29 28 29 860
15 15 16 15 399
4 4 3 5 37
9 8 9 8 175
30 30 29 31 895
20 21 20 21 582
20 22 22 22 612
28 30 29 29 863
8 10 10 10 216
15 13 14 14 356
16 15 14 15 398
22 22 23 22 630
13 15 15 15 381
23 24 25 24 689
31 31 31 32 932
30 30 30 32 908
28 28 28 28 824
16 16 16 18 446
28 29 28 29 846
7 9 9 7 165
21 21 21 19 575
5 5 5 6 74
24 24 24 24 692
9 10 11 10 227
14 14 14 16 380
15 15 15 15 395
8 6 6 8 130
17 17 17 15 443
14 13 13 12 327
30 30 31 29 885
5 3 3 3 13
13 12 13 12 307
18 16 16 18 460
21 21 22 20 588
29 30 31 30 887
19 18 17 18 497
5 5 4 6 70
13 12 13 13 316
4 4 4 6 50
20 18 18 18 508
18 16 17 17 455
9 9 9 7 179
32 32 32 33 965
15 14 13 15 374
31 33 32 32 962
11 9 9 11 229
20 22 21 21 599
26 25 25 25 732
18 19 20 19 524
19 19 19 21 545
10 11 11 12 265
15 14 14 14 369
7 6 7 6 109
17 17 17 17 461
10 11 11 11 256
30 31 30 31 912
18 19 18 19 516
23 23 23 24 668
18 18 18 19 503
33 33 33 32 980
20 22 22 20 594
6 6 6 4 80
27 26 25 27 770
4 4 6 4 40
33 32 33 33 976
15 16 17 16 425
6 5 4 5 68
28 26 27 27 785
17 17 17 19 479
28 28 27 28 820
23 25 24 24 698
28 27 28 27 802
13 13 13 11 311
15 15 14 16 400
16 15 14 15 398
17 15 16 16 422
28 29 29 30 859
18 18 19 18 498
19 19 19 18 518
14 12 12 14 328
30 31 32 30 911
18 19 20 19 524
19 20 21 19 548
5 7 7 5 99
11 11 11 11 263
30 31 31 30 907
17 15 16 16 422
15 17 17 16 438
9 8 9 9 184
13 13 13 11 311
29 29 29 27 839
21 20 19 20 563
16 15 15 16 411
23 23 21 23 651
9 9 8 9 193
27 28 29 28 821
25 25 25 24 716
22 22 22 22 626
28 27 26 27 794
32 32 31 33 961
19 21 20 20 566
11 9 9 9 211
22 22 23 22 630
19 18 18 19 510
16 16 17 15 423
32 33 32 32 969
15 13 13 15 361
13 13 12 14 334
7 5 5 7 97
27 27 28 27 795
7 8 9 8 161
28 30 30 28 858
15 15 15 17 413
15 14 15 14 373
27 27 26 27 787
20 18 18 20 526
9 9 10 9 201
14 14 14 14 362
25 24 23 25 704
20 19 20 20 547
18 18 20 18 502
11 13 13 12 306
20 20 19 21 565
22 21 21 20 591
11 11 10 11 259
10 10 10 9 221
28 28 27 29 829
20 19 18 20 539
33 31 32 32 950
9 10 9 10 219
20 21 20 21 582
16 16 16 18 446
11 9 9 9 211
34 32 32 33 979
21 19 19 19 541
16 14 15 15 389
16 14 15 15 389
3 4 5 3 20
17 17 18 17 465
29 30 29 29 870
18 17 16 18 473
27 29 29 29 843
7 7 7 5 113
6 5 6 5 76
18 20 20 18 528
29 30 29 29 870
25 25 23 25 717
5 7 6 6 104
27 28 27 27 804
31 32 32 31 940
28 28 28 26 806
28 29 30 28 845
6 7 7 8 133
13 11 11 11 277
16 16 16 17 437
30 32 32 32 942
15 13 14 14 356
24 26 26 24 726
18 20 20 19 537
11 9 9 10 220
7 8 8 8 157
7 7 9 7 139
30 30 31 30 894
19 21 20 20 566
29 29 29 30 866
21 20 20 19 558
18 17 17 16 459
20 22 22 20 594
21 20 21 21 580
12 10 10 11 253
19 18 17 19 506
31 32 32 31 940
14 14 13 14 358
17 19 19 19 513
26 26 27 26 762
8 7 7 6 129
5 6 6 6 91
18 20 20 19 537
29 27 27 27 805
6 4 4 5 55
23 24 23 23 672
9 11 11 9 231
12 12 12 10 278
31 32 32 33 958
24 25 25 26 727
13 11 11 13 295
7 8 8 9 166
15 14 15 15 382
30 31 31 32 925
26 25 24 25 728
30 30 30 28 872
16 17 16 16 441
19 20 19 20 549
28 29 28 28 837
13 11 11 12 286
5 4 3 4 35
26 28 27 27 797
24 26 25 25 731
29 29 30 28 852
28 28 28 29 833
8 8 7 8 160
21 19 19 19 541
3 5 5 3 33
18 17 17 17 468
17 17 18 17 465
18 16 16 17 451
18 17 18 17 472
12 13 12 13 318
6 5 6 5 76
5 4 4 4 39
28 27 26 28 803
16 16 15 16 424
21 22 23 21 614
27 29 28 28 830
24 26 26 26 744
15 14 14 13 360
30 30 32 30 898
5 6 7 6 95
15 16 15 16 417
18 17 16 18 473
29 31 31 30 900
12 11 12 12 283
3 5 5 3 33
29 27 27 28 814
5 5 7 5 73
5 4 5 4 43
9 8 7 8 167
14 13 13 12 327
10 12 11 11 269
28 28 26 28 816
33 32 32 33 972
11 10 9 11 242
23 22 21 23 638
31 30 31 31 910
19 19 18 19 523
21 20 19 21 572
11 9 9 10 220
24 23 24 24 679
13 12 12 11 294
22 20 20 20 574
19 19 19 17 509
32 32 32 31 947
22 22 24 22 634
2 4 4 3 9
32 33 34 32 977
29 31 31 31 909
20 19 18 19 530
7 5 5 7 97
6 6 6 8 116
32 30 30 30 904
11 13 12 12 302
24 25 25 26 727
11 11 11 12 272
20 19 18 20 539
13 13 15 13 337
4 5 5 4 49
15 17 17 16 438
18 18 18 19 503
13 11 12 12 290
9 9 9 9 197
14 14 13 14 358
15 15 15 15 395
27 25 26 26 752
23 23 23 21 641
24 24 25 24 696
18 19 19 19 520
4 5 6 4 53
13 13 15 13 337
25 26 25 25 738
23 24 25 24 689
33 31 31 32 946
10 11 11 11 256
11 9 10 10 224
21 20 20 21 576
11 11 13 11 271
2 3 3 4 1
21 21 19 21 585
28 29 28 28 837
12 12 13 12 300
22 22 21 23 631
24 25 25 26 727
16 14 15 15 389
27 28 28 28 817
33 31 32 32 950
24 24 23 24 688
4 3 4 3 10
12 10 10 10 244
11 10 11 11 250
16 16 16 15 419
19 18 18 18 501
11 11 9 11 255
