100 15337
17 18 18 19 496
26 25 25 25 732
10 11 10 10 243
12 10 10 11 253
22 24 24 24 678
31 33 33 32 966
20 20 21 20 564
14 14 14 12 344
17 18 19 17 482
17 18 18 18 487
22 22 21 23 631
16 16 17 16 432
17 18 18 19 496
20 22 22 20 594
7 9 9 7 165
23 24 25 24 689
4 3 4 3 10
10 11 10 10 243
29 27 28 28 818
33 32 32 32 963
32 33 32 32 969
12 10 10 11 253
7 5 5 7 97
9 7 8 8 158
22 22 22 23 635
10 11 12 10 251
26 24 24 24 706
12 12 14 12 304
19 17 18 18 488
8 8 9 7 159
4 4 4 2 14
14 14 13 15 367
30 30 30 32 908
13 14 13 14 351
32 32 32 31 947
32 30 30 32 922
17 15 15 16 418
16 15 14 15 398
17 17 17 16 452
26 26 25 26 754
12 11 11 10 261
32 34 34 33 999
34 32 32 32 970
16 16 16 18 446
13 14 14 13 346
18 17 16 18 473
20 19 18 19 530
17 19 19 19 513
17 16 16 17 444
15 15 13 15 387
13 13 13 13 329
8 9 9 10 199
23 24 24 24 685
12 12 11 13 301
10 9 9 10 213
22 21 22 22 613
20 19 19 18 525
24 22 22 22 640
31 32 33 32 953
12 14 14 14 348
23 21 21 21 607
30 31 30 31 912
16 16 16 17 437
17 18 19 18 491
10 12 12 12 282
19 19 18 19 523
24 24 24 25 701
4 5 4 4 45
10 11 12 11 260
30 31 32 31 920
18 19 19 18 511
28 26 27 27 785
29 29 28 30 862
18 17 18 17 472
20 21 21 22 595
18 18 18 16 476
20 21 20 20 573
26 26 25 26 754
27 25 25 25 739
22 22 21 23 631
27 29 29 28 834
23 22 21 22 629
11 12 11 12 285
32 33 34 33 986
14 15 14 14 375
29 30 30 30 883
9 8 7 8 167
26 27 27 26 775
31 30 30 30 897
14 12 12 12 310
22 22 22 21 617
15 16 16 16 421
9 9 10 8 192
7 9 9 8 174
32 30 30 31 913
12 12 10 12 288
13 14 14 13 346
28 27 27 26 789
15 17 17 16 438
6 7 8 7 128
