100 30820
28 28 29 27 819
19 20 19 19 540
33 31 31 32 946
9 9 10 9 201
17 17 17 19 479
30 29 29 30 873
19 19 20 18 522
16 18 17 17 467
20 19 18 19 530
26 28 28 27 801
29 30 31 30 887
7 8 7 7 144
28 29 28 28 837
17 19 19 18 504
17 17 16 18 466
16 15 14 16 407
2 3 3 4 1
26 24 24 24 706
6 4 4 6 64
31 31 33 31 931
27 29 29 29 843
16 17 16 16 441
26 26 27 25 753
16 14 15 15 389
21 20 21 21 580
21 22 22 22 619
11 12 13 12 293
10 12 12 11 273
3 4 4 3 16
14 13 12 13 332
16 16 16 18 446
20 19 19 19 534
13 15 15 13 363
19 19 18 20 532
3 4 4 3 16
23 23 22 23 655
33 32 32 33 972
6 8 7 7 137
10 10 10 11 239
5 5 7 5 73
16 15 14 16 407
17 19 19 18 504
14 15 16 15 392
7 7 5 7 123
26 27 26 27 780
5 6 6 5 82
32 31 31 30 921
7 9 8 8 170
23 21 21 22 616
22 21 20 22 605
8 9 10 8 185
33 33 32 34 994
7 6 5 7 110
16 16 16 16 428
27 28 27 28 813
17 18 17 18 483
18 19 18 18 507
16 14 15 15 389
7 8 8 9 166
31 29 29 30 880
6 4 5 5 59
11 12 11 12 285
22 23 22 23 648
9 11 11 9 231
28 30 29 29 863
18 17 18 17 472
22 21 20 21 596
31 32 33 31 944
27 27 29 27 799
7 7 7 8 140
23 24 23 23 672
27 27 27 26 782
4 5 4 5 54
7 7 7 6 122
11 10 9 11 242
14 13 12 14 341
17 18 19 17 482
15 17 17 16 438
11 10 9 10 233
8 9 9 9 190
8 7 7 7 138
18 18 18 18 494
21 20 20 19 558
18 19 18 19 516
31 30 30 29 888
29 31 31 30 900
30 30 30 32 908
30 31 32 30 911
18 20 20 20 546
19 19 19 20 536
7 9 9 9 183
31 32 33 31 944
9 10 10 10 223
29 28 29 29 844
20 20 18 20 552
5 6 7 6 95
16 14 14 14 376
33 32 31 32 959
22 20 20 22 592
8 8 7 9 169
