500 60788
9 9 8 10 202
24 23 23 22 657
27 27 25 27 783
33 33 35 33 997
9 7 7 7 145
29 29 29 30 866
4 4 3 5 37
10 10 8 10 222
31 30 30 29 888
14 15 15 14 379
21 20 19 21 572
10 9 9 8 195
21 21 21 19 575
25 26 25 26 747
23 21 22 22 620
14 16 15 15 401
10 10 10 8 212
6 4 4 5 55
29 29 27 29 849
13 13 13 15 347
16 16 15 16 424
32 32 31 33 961
29 30 29 30 879
9 11 11 9 231
5 7 7 7 117
20 20 19 20 556
23 22 21 23 638
12 12 14 12 304
13 15 14 14 368
32 32 31 33 961
29 29 28 29 853
19 18 18 17 492
8 8 7 9 169
30 30 31 29 885
34 32 33 33 983
27 28 28 28 817
24 26 26 25 735
26 26 26 28 776
11 13 13 12 306
24 26 25 25 731
22 22 22 20 608
6 7 7 6 115
14 12 13 13 323
7 7 5 7 123
22 24 24 24 678
9 7 7 8 154
13 15 15 13 363
19 19 17 19 519
2 3 3 4 1
5 4 5 4 43
31 31 30 31 919
9 8 9 9 184
14 15 15 15 388
21 20 19 21 572
7 5 5 6 88
16 17 16 16 441
22 23 22 23 648
11 10 10 10 237
22 20 20 22 592
6 6 6 4 80
2 4 4 3 9
22 22 20 22 618
19 18 18 17 492
16 18 18 17 471
23 25 24 24 698
23 24 24 24 685
8 8 8 7 155
8 10 10 10 216
14 14 14 16 380
22 24 23 23 665
6 7 6 7 120
10 12 11 11 269
32 32 32 33 965
26 28 28 27 801
14 16 16 15 405
15 15 15 13 377
18 18 17 18 490
16 16 18 16 436
33 32 32 33 972
14 14 12 14 354
18 17 17 17 468
4 6 5 5 71
31 33 33 33 975
10 8 9 9 191
7 7 7 8 140
8 7 8 8 151
16 15 15 15 402
4 5 4 4 45
5 5 6 5 69
15 16 16 16 421
33 33 32 33 985
29 27 27 28 814
24 22 22 22 640
6 5 5 4 63
26 24 25 25 719
33 31 31 32 946
9 9 7 9 189
10 9 10 10 217
33 31 31 33 955
22 21 21 21 600
16 16 15 17 433
29 27 27 28 814
23 25 24 24 698
9 9 10 9 201
24 25 24 24 705
25 26 25 25 738
16 16 15 16 424
18 17 17 18 477
18 18 18 20 512
19 18 18 19 510
33 32 32 31 954
9 11 10 10 236
11 13 13 13 315
29 28 28 29 840
29 31 31 30 900
30 30 29 30 886
16 16 16 18 446
8 7 6 8 143
26 28 28 27 801
4 5 5 6 67
7 9 9 9 183
34 33 33 32 987
32 32 32 31 947
30 28 28 29 847
22 23 23 22 643
25 27 26 26 764
14 14 12 14 354
34 33 33 33 996
19 19 19 21 545
25 24 25 24 703
3 5 5 5 51
33 31 31 33 955
8 6 6 6 112
18 17 18 17 472
6 5 4 6 77
7 8 9 8 161
6 7 8 6 119
4 4 3 4 28
15 17 17 17 447
14 14 14 14 362
21 19 19 20 550
31 29 29 30 880
8 6 6 8 130
21 21 19 21 585
5 6 5 6 87
33 33 33 33 989
20 19 19 18 525
6 7 8 7 128
9 8 9 9 184
33 33 35 33 997
24 25 24 24 705
16 16 16 14 410
11 9 9 10 220
9 9 9 11 215
31 29 29 31 889
10 10 11 9 225
15 13 13 15 361
16 16 16 16 428
14 14 14 13 353
22 23 24 23 656
14 14 13 14 358
5 5 4 5 61
17 18 18 17 478
10 9 8 9 200
11 13 13 12 306
32 30 30 30 904
14 13 13 14 345
32 33 33 32 973
5 6 5 6 87
15 13 14 14 356
26 26 26 28 776
31 30 30 30 897
29 29 31 29 865
10 8 8 10 196
18 18 18 19 503
7 5 5 7 97
20 20 21 20 564
12 14 14 12 330
10 9 9 8 195
25 25 27 25 733
29 29 29 28 848
11 10 9 11 242
25 25 25 23 707
32 32 33 31 951
28 29 30 28 845
11 13 12 12 302
27 27 27 25 773
18 20 20 19 537
11 11 10 11 259
13 15 15 15 381
19 19 18 20 532
22 22 22 24 644
15 17 17 17 447
14 16 16 14 396
28 29 28 28 837
28 27 27 27 798
22 21 20 21 596
27 27 28 27 795
22 20 20 20 574
27 27 27 29 809
5 6 6 7 100
24 25 25 24 709
18 20 19 19 533
25 27 26 26 764
11 11 11 13 281
20 20 18 20 552
14 14 15 13 357
18 19 18 19 516
28 30 30 30 876
5 4 3 5 44
28 26 26 28 790
23 24 23 23 672
30 30 30 28 872
20 19 18 19 530
29 29 27 29 849
15 13 13 15 361
22 24 24 22 660
17 16 17 16 439
26 27 28 26 779
19 18 18 19 510
21 22 23 21 614
11 9 9 10 220
13 11 12 12 290
8 8 8 6 146
27 29 29 28 834
12 10 10 12 262
11 11 12 11 267
15 17 17 15 429
28 26 27 27 785
12 10 10 11 253
15 16 16 16 421
28 29 29 30 859
10 10 9 10 226
19 19 19 20 536
24 22 22 22 640
32 34 34 32 990
33 32 31 32 959
10 12 12 12 282
3 4 4 5 34
10 12 11 11 269
11 11 11 11 263
28 30 30 29 867
29 30 29 30 879
11 10 10 11 246
26 28 28 26 792
14 14 13 14 358
32 33 33 32 973
15 14 15 14 373
9 9 8 10 202
9 8 8 7 162
7 8 8 7 148
5 3 3 4 22
20 20 19 21 565
8 6 6 6 112
18 20 20 19 537
23 24 23 24 681
10 9 8 9 200
14 15 14 15 384
21 20 19 20 563
16 17 17 17 454
23 24 25 23 680
31 31 30 31 919
20 18 18 19 517
11 10 9 11 242
10 11 10 11 252
6 6 7 5 93
14 15 15 15 388
8 6 6 7 121
27 26 26 26 765
30 30 30 29 881
7 9 9 9 183
7 5 6 6 92
10 8 8 8 178
7 9 9 8 174
30 28 28 28 838
30 31 31 32 925
18 18 18 17 485
29 28 28 29 840
29 29 27 29 849
27 25 25 27 757
8 9 9 10 199
9 10 11 10 227
27 27 28 26 786
30 28 29 29 851
31 32 32 33 958
18 18 18 19 503
28 26 26 26 772
26 24 24 24 706
7 7 5 7 123
10 11 10 10 243
27 27 28 26 786
10 8 8 9 187
4 5 6 4 53
24 24 22 24 684
5 6 7 5 86
15 14 13 14 365
31 30 31 31 910
33 32 32 33 972
10 10 10 12 248
22 20 20 21 583
23 25 25 23 693
18 18 18 16 476
19 18 19 19 514
31 30 31 31 910
16 18 18 18 480
13 14 15 14 359
22 24 24 22 660
7 7 6 8 136
23 22 22 22 633
26 26 26 25 749
13 11 11 11 277
31 33 33 33 975
16 17 17 16 445
29 27 28 28 818
23 24 24 25 694
13 13 13 12 320
25 27 26 26 764
9 9 9 7 179
12 14 13 13 335
22 23 24 23 656
11 11 11 12 272
7 7 7 8 140
14 12 12 13 319
16 18 18 16 462
26 26 24 26 750
9 11 10 10 236
23 22 23 22 637
14 13 12 14 341
8 8 8 8 164
19 21 21 20 570
10 10 10 11 239
11 10 10 9 228
5 5 6 5 69
11 12 13 12 293
28 26 26 26 772
23 23 25 23 667
14 14 14 14 362
26 26 26 25 749
20 20 19 20 556
10 10 10 8 212
33 31 32 32 950
32 33 33 33 982
19 18 18 18 501
10 9 9 9 204
32 33 32 33 978
11 10 9 11 242
13 13 14 12 324
10 10 12 10 238
29 31 31 30 900
11 11 12 10 258
28 27 26 28 803
24 25 25 24 709
32 32 32 30 938
17 19 19 17 495
18 16 16 18 460
32 31 31 31 930
2 4 3 3 5
11 10 10 11 246
11 12 12 13 298
25 26 27 26 755
21 22 23 21 614
34 32 32 32 970
25 25 25 23 707
11 11 12 11 267
14 13 13 14 345
31 30 30 30 897
17 15 16 16 422
11 9 10 10 224
6 7 7 7 124
9 7 7 8 154
28 28 28 30 842
12 12 12 10 278
17 16 16 15 426
8 7 6 7 134
6 5 5 6 81
21 23 23 22 636
29 31 31 29 891
7 5 5 6 88
28 27 27 26 789
9 8 9 8 175
12 14 13 13 335
23 23 23 22 650
17 15 15 17 427
26 25 24 25 728
32 32 31 33 961
25 27 26 26 764
28 27 27 27 798
13 12 13 13 316
26 26 28 26 766
29 30 29 29 870
16 18 18 16 462
8 10 10 8 198
10 9 9 8 195
29 27 27 27 805
18 18 18 16 476
24 25 24 25 714
13 13 13 12 320
8 10 10 9 207
10 12 12 12 282
16 16 16 14 410
9 8 9 9 184
14 15 15 15 388
17 17 18 17 465
9 8 8 9 180
24 26 26 26 744
17 18 19 18 491
7 7 7 5 113
22 21 20 21 596
24 25 25 26 727
7 7 7 7 131
29 27 27 28 814
8 8 7 9 169
5 5 5 3 47
30 29 29 30 873
9 11 10 10 236
18 17 16 18 473
30 31 31 32 925
9 9 9 9 197
31 32 33 32 953
24 25 26 25 722
26 26 27 25 753
13 12 11 13 308
29 28 28 29 840
10 8 8 10 196
6 6 6 4 80
10 9 9 8 195
25 25 24 25 721
21 20 19 21 572
21 22 21 22 615
19 18 18 18 501
34 32 32 32 970
15 15 13 15 387
10 8 8 10 196
6 8 7 7 137
8 7 8 8 151
24 22 22 23 649
8 9 9 10 199
30 31 32 30 911
16 14 15 15 389
14 13 13 12 327
16 18 18 16 462
21 19 19 21 559
3 5 5 4 42
22 24 24 24 678
20 20 22 20 568
25 23 23 24 682
14 14 13 14 358
29 29 29 27 839
29 29 29 27 839
4 3 3 4 15
10 12 11 11 269
20 18 18 19 517
12 12 12 12 296
20 21 21 21 586
18 18 17 18 490
7 6 6 5 96
14 14 14 16 380
32 31 32 31 934
16 15 14 16 407
9 7 7 7 145
6 6 6 6 98
28 26 27 27 785
32 32 32 34 974
17 16 16 15 426
7 5 5 7 97
18 19 19 20 529
16 16 14 16 420
17 17 18 17 465
26 27 27 26 775
6 6 6 7 107
26 25 25 25 732
30 29 28 29 860
27 26 27 26 769
10 10 12 10 238
14 15 14 15 384
33 31 31 31 937
20 20 22 20 568
27 29 29 28 834
29 28 27 28 827
19 19 19 17 509
16 15 14 15 398
31 30 30 31 906
33 32 32 33 972
20 19 20 20 547
18 18 18 18 494
25 24 24 25 708
17 17 15 17 453
33 32 33 33 976
18 18 19 17 489
23 23 21 23 651
7 8 8 9 166
27 27 28 26 786
19 19 19 21 545
31 30 29 31 902
11 12 11 12 285
25 25 25 25 725
16 15 14 16 407
28 26 26 28 790
20 21 21 20 577
27 26 27 26 769
