750 232913
31 33 33 31 957
23 23 23 24 668
15 15 15 13 377
9 9 7 9 189
22 20 20 21 583
17 18 18 18 487
5 6 6 6 91
32 31 32 31 934
19 19 19 20 536
13 15 15 13 363
4 4 3 5 37
9 9 9 9 197
26 24 24 25 715
27 27 29 27 799
19 19 18 19 523
9 7 7 7 145
15 15 15 15 395
9 9 11 9 205
10 10 12 10 238
10 9 9 8 195
11 12 11 12 285
19 20 21 19 548
25 26 25 26 747
28 27 26 28 803
8 9 9 10 199
20 22 22 22 612
31 32 31 32 945
28 26 26 28 790
18 18 18 16 476
24 24 22 24 684
8 10 10 9 207
3 3 4 3 3
32 31 32 31 934
10 9 10 9 208
13 13 13 14 338
19 18 18 17 492
4 6 6 5 75
5 6 6 6 91
16 16 16 16 428
28 30 30 30 876
7 8 8 8 157
19 19 20 18 522
27 26 27 26 769
16 17 17 16 445
22 22 22 24 644
21 20 20 20 567
27 29 29 27 825
28 26 26 26 772
17 17 16 17 457
7 9 9 9 183
22 21 21 22 609
31 33 33 31 957
12 10 10 12 262
28 28 28 28 824
6 5 5 4 63
5 4 3 4 35
25 24 24 24 699
25 24 24 24 699
5 3 3 3 13
6 8 8 8 150
6 6 6 6 98
26 25 26 25 736
26 26 26 25 749
10 8 8 9 187
10 9 9 8 195
25 24 23 25 704
31 31 33 31 931
30 30 30 29 881
9 8 9 8 175
23 25 25 24 702
27 29 29 28 834
31 31 32 31 927
5 4 3 5 44
27 26 25 26 761
10 10 9 11 235
5 4 4 3 30
25 26 25 26 747
18 19 19 18 511
7 8 8 8 157
24 23 23 24 675
18 19 18 18 507
8 9 9 8 181
12 14 13 13 335
21 23 23 23 645
14 14 12 14 354
10 11 10 11 252
15 16 17 16 425
19 18 19 19 514
31 29 29 30 880
16 17 17 17 454
5 5 4 5 61
9 11 11 9 231
28 26 27 27 785
6 7 7 6 115
25 25 24 26 730
24 22 22 24 658
19 21 21 21 579
14 15 15 16 397
4 6 5 5 71
17 17 17 19 479
19 20 20 19 544
15 14 14 15 378
9 10 9 9 210
12 10 10 10 244
13 12 12 11 294
6 8 8 7 141
21 19 19 19 541
19 21 21 21 579
23 22 23 23 646
4 4 4 2 14
17 17 17 15 443
28 26 27 27 785
14 16 15 15 401
18 18 20 18 502
7 9 9 9 183
30 32 32 32 942
13 12 13 12 307
23 21 22 22 620
15 16 16 16 421
13 13 13 11 311
19 18 17 18 497
12 13 14 12 317
17 17 15 17 453
31 29 30 30 884
5 4 3 5 44
4 3 4 4 19
32 33 33 34 991
30 29 29 30 873
32 33 32 32 969
22 22 22 24 644
11 10 10 10 237
24 25 26 24 713
31 33 32 32 962
29 29 27 29 849
21 19 19 21 559
10 8 8 10 196
29 27 28 28 818
4 3 4 4 19
23 25 25 25 711
9 9 8 10 202
25 24 25 25 712
32 32 32 31 947
26 27 27 26 775
26 26 26 24 740
23 25 25 25 711
13 15 15 15 381
21 19 19 19 541
25 25 25 27 743
24 23 24 24 679
23 23 22 24 664
22 20 20 22 592
29 29 28 30 862
26 25 24 25 728
13 12 13 13 316
7 9 9 9 183
31 33 33 31 957
33 33 35 33 997
28 26 26 26 772
21 22 21 21 606
27 28 28 29 826
28 28 28 30 842
18 18 18 17 485
18 20 20 18 528
9 11 11 10 240
33 31 31 31 937
21 19 20 20 554
12 13 12 12 309
26 24 24 26 724
28 29 28 28 837
24 24 22 24 684
30 30 30 28 872
13 13 14 12 324
19 19 20 19 531
23 24 23 23 672
29 28 29 29 844
18 18 18 19 503
12 11 12 12 283
20 19 19 19 534
17 15 15 17 427
6 8 8 8 150
7 5 5 6 88
32 31 31 32 939
20 18 18 18 508
20 20 19 21 565
25 26 26 27 760
15 16 17 16 425
16 18 18 18 480
5 5 5 6 74
24 24 24 26 710
13 13 12 14 334
26 26 24 26 750
19 18 18 18 501
11 10 10 11 246
29 31 31 30 900
32 33 33 34 991
18 19 19 20 529
17 19 19 17 495
12 11 12 12 283
9 7 7 8 154
32 31 30 31 926
14 14 14 14 362
32 31 31 31 930
20 19 18 19 530
20 19 20 20 547
21 20 21 21 580
23 23 22 23 655
25 26 25 25 738
12 12 11 13 301
19 20 19 20 549
17 15 15 16 418
29 27 28 28 818
21 23 22 22 632
11 10 11 10 241
10 10 10 11 239
8 8 10 8 172
20 22 21 21 599
30 28 28 28 838
25 24 25 25 712
16 18 18 18 480
27 29 29 27 825
30 28 29 29 851
24 22 22 23 649
21 23 23 21 627
26 24 24 26 724
25 26 25 26 747
18 20 20 20 546
11 9 9 10 220
14 13 12 13 332
14 13 12 13 332
17 18 19 17 482
18 17 18 18 481
20 20 20 21 569
22 21 22 22 613
7 9 9 8 174
25 25 23 25 717
26 28 28 27 801
30 28 28 29 847
23 22 21 23 638
13 13 14 13 333
27 25 25 26 748
10 11 11 10 247
5 5 6 4 60
20 22 22 20 594
30 32 32 31 933
13 13 13 15 347
25 25 24 25 721
13 11 11 13 295
32 33 34 32 977
33 33 34 32 984
31 30 30 31 906
7 9 8 8 170
31 29 29 30 880
14 13 13 12 327
33 33 34 32 984
25 26 27 26 755
9 10 9 10 219
16 16 16 18 446
26 26 27 26 762
31 31 33 31 931
27 28 27 27 804
18 18 18 18 494
17 18 18 18 487
3 3 3 5 17
6 7 8 7 128
9 9 9 7 179
32 32 32 32 956
9 11 10 10 236
17 16 16 16 435
27 27 27 28 800
28 27 28 27 802
27 27 29 27 799
28 28 28 26 806
15 16 16 15 412
25 25 25 24 716
31 32 32 32 949
31 31 31 29 905
8 9 9 8 181
8 8 9 8 168
11 9 9 9 211
32 32 32 31 947
32 32 32 32 956
5 6 6 5 82
30 29 30 30 877
17 16 16 17 444
33 31 31 33 955
18 18 16 18 486
17 17 17 19 479
29 29 29 30 866
29 27 27 29 823
20 19 18 19 530
14 14 16 14 370
21 21 22 21 597
14 14 15 14 366
20 21 21 21 586
11 12 13 12 293
4 6 5 5 71
13 13 15 13 337
16 16 17 16 432
6 5 5 6 81
22 24 24 22 660
10 12 12 12 282
19 19 20 18 522
9 9 8 10 202
22 24 24 24 678
8 7 8 7 142
22 24 24 22 660
9 9 7 9 189
7 8 7 7 144
16 16 17 16 432
29 29 28 30 862
18 18 18 19 503
8 8 8 8 164
2 4 4 3 9
28 27 26 28 803
33 33 35 33 997
5 6 5 6 87
26 26 26 24 740
24 25 26 25 722
14 14 14 16 380
17 17 15 17 453
21 21 21 19 575
17 19 19 17 495
30 30 30 31 899
7 8 8 9 166
24 23 24 24 679
23 22 22 22 633
7 9 9 9 183
31 32 31 31 936
13 13 14 12 324
18 16 16 18 460
31 32 33 32 953
32 30 31 31 917
20 19 19 18 525
10 11 11 10 247
19 17 17 17 475
31 31 29 31 915
14 15 15 14 379
26 24 25 25 719
31 31 31 33 941
5 6 6 5 82
14 14 15 13 357
19 18 18 19 510
5 5 6 5 69
34 32 32 32 970
28 28 27 28 820
22 22 20 22 618
32 31 30 32 935
27 26 25 27 770
24 23 24 24 679
6 6 6 5 89
22 24 24 22 660
31 30 30 31 906
3 5 5 3 33
27 29 29 29 843
25 25 25 23 707
4 3 2 3 2
27 26 25 26 761
16 14 14 16 394
20 20 19 21 565
32 30 30 30 904
26 25 25 24 723
7 7 8 6 126
25 24 24 24 699
29 29 29 31 875
25 27 26 26 764
19 19 19 20 536
4 5 5 4 49
8 7 6 8 143
4 3 2 4 11
17 17 16 18 466
19 20 20 20 553
12 13 14 13 326
5 4 5 5 52
31 31 33 31 931
28 26 26 28 790
12 14 13 13 335
28 27 28 27 802
27 25 25 25 739
5 7 6 6 104
17 16 17 16 439
23 22 21 23 638
12 12 12 14 314
22 22 21 22 622
5 3 3 3 13
31 30 29 31 902
16 16 16 18 446
30 30 30 28 872
15 14 14 13 360
13 13 14 12 324
18 16 16 16 442
19 19 19 18 518
28 27 26 27 794
5 6 6 7 100
22 22 22 22 626
26 25 25 25 732
32 34 34 33 999
15 17 17 15 429
7 6 7 7 118
15 15 16 14 390
17 15 16 16 422
28 29 29 30 859
13 12 11 13 308
17 17 17 16 452
25 27 26 26 764
16 17 16 17 450
11 13 13 12 306
16 14 14 14 376
23 22 22 22 633
22 24 24 22 660
20 21 20 21 582
12 11 12 12 283
27 28 27 27 804
30 30 30 31 899
4 6 6 4 66
7 7 7 9 149
20 22 22 21 603
32 31 31 31 930
16 14 14 14 376
23 21 21 23 625
29 29 29 30 866
26 27 28 27 788
12 12 14 12 304
13 14 14 14 355
24 24 26 24 700
15 16 16 17 430
31 31 30 31 919
8 7 6 8 143
14 14 14 16 380
29 31 30 30 896
7 8 8 7 148
24 23 22 23 662
26 25 25 24 723
4 3 4 3 10
23 25 25 24 702
11 10 10 10 237
7 9 9 8 174
13 15 15 13 363
10 11 11 10 247
19 20 20 19 544
28 28 29 27 819
33 33 34 33 993
13 15 15 14 372
10 10 10 9 221
11 11 10 11 259
16 16 15 17 433
26 27 27 27 784
11 11 11 12 272
6 5 5 4 63
32 34 33 33 995
31 31 33 31 931
16 16 16 15 419
15 15 15 15 395
3 5 5 5 51
13 12 12 13 312
21 23 23 22 636
19 19 18 20 532
5 6 5 6 87
14 14 16 14 370
7 5 5 5 79
34 32 32 33 979
32 33 34 33 986
15 14 13 14 365
23 23 22 23 655
30 31 32 31 920
7 8 7 7 144
25 27 27 25 759
11 10 9 10 233
28 28 28 28 824
29 27 27 28 814
13 12 11 13 308
23 23 21 23 651
29 27 28 28 818
27 29 29 29 843
15 16 16 16 421
15 15 15 14 386
21 22 22 23 628
18 18 19 17 489
25 25 23 25 717
23 21 21 22 616
16 16 16 14 410
13 14 15 14 359
3 3 5 3 7
21 21 21 23 611
34 33 33 33 996
11 12 12 12 289
24 26 26 25 735
15 15 16 15 399
5 3 3 4 22
24 24 24 26 710
27 27 27 26 782
32 31 32 32 943
3 4 4 4 25
11 10 9 10 233
11 11 10 11 259
13 14 13 13 342
11 13 13 12 306
16 18 17 17 467
20 20 20 21 569
7 6 6 5 96
18 19 20 18 515
8 9 10 8 185
11 11 9 11 255
22 20 20 20 574
13 13 12 14 334
8 7 6 8 143
22 22 22 20 608
23 23 21 23 651
9 9 10 9 201
14 16 16 15 405
18 17 17 17 468
33 32 32 31 954
12 10 10 11 253
5 5 6 5 69
33 33 32 33 985
11 11 11 13 281
23 25 24 24 698
8 6 7 7 125
8 6 7 7 125
4 5 4 4 45
24 25 25 26 727
12 14 14 12 330
5 6 6 7 100
11 10 10 11 246
15 16 17 15 416
8 10 10 10 216
7 7 8 7 135
24 22 22 23 649
10 10 11 9 225
5 5 7 5 73
22 21 20 21 596
27 27 27 25 773
9 9 9 7 179
4 6 6 6 84
30 30 30 28 872
27 26 26 25 756
8 7 6 8 143
28 27 27 28 807
28 27 27 27 798
24 26 26 24 726
8 9 9 9 190
17 17 17 17 461
21 21 20 21 589
32 33 33 33 982
6 7 7 7 124
3 5 5 5 51
15 16 15 15 408
16 17 17 18 463
5 5 5 7 83
14 14 16 14 370
18 19 20 19 524
19 19 18 19 523
14 15 14 14 375
16 17 16 16 441
23 22 22 23 642
19 18 18 19 510
10 9 9 10 213
18 18 19 18 498
23 25 25 23 693
26 27 26 26 771
18 17 16 18 473
13 11 11 12 286
14 13 12 13 332
31 31 30 31 919
6 4 5 5 59
21 21 23 21 601
6 5 5 4 63
4 3 4 4 19
14 14 13 15 367
22 23 23 24 661
5 4 5 5 52
21 21 20 22 598
24 26 26 24 726
33 33 32 34 994
6 5 4 5 68
6 6 4 6 90
5 4 4 4 39
29 27 27 27 805
32 31 31 32 939
12 12 12 14 314
31 31 32 30 918
30 29 29 28 855
10 12 12 12 282
26 24 24 26 724
11 12 13 11 284
10 11 10 10 243
28 27 28 27 802
20 19 19 20 543
26 25 26 26 745
9 11 11 9 231
13 13 14 12 324
34 33 34 33 1000
15 14 13 15 374
29 29 28 29 853
4 5 5 4 49
16 15 16 16 415
29 31 31 30 900
8 8 8 6 146
30 30 30 28 872
7 7 6 8 136
31 31 31 30 914
16 16 14 16 420
32 32 32 32 956
15 15 14 15 391
14 16 15 15 401
13 12 13 13 316
29 27 27 27 805
11 12 11 11 276
28 27 26 28 803
12 10 10 12 262
11 12 11 12 285
14 12 12 13 319
2 3 3 4 1
18 18 18 18 494
27 26 27 27 778
28 28 29 27 819
10 10 8 10 222
10 10 12 10 238
7 6 6 5 96
17 16 16 17 444
23 21 21 23 625
7 6 5 6 101
21 21 21 23 611
9 8 7 9 176
18 16 16 17 451
22 20 20 20 574
16 18 18 18 480
14 15 16 14 383
17 16 16 17 444
7 7 7 9 149
13 12 13 12 307
25 25 26 24 720
24 23 22 24 671
24 26 26 25 735
6 5 6 5 76
11 9 9 11 229
17 18 17 18 483
31 29 29 29 871
17 18 18 17 478
28 29 28 28 837
29 27 27 27 805
25 24 25 25 712
31 32 31 32 945
31 31 30 32 928
18 19 19 20 529
27 27 27 25 773
20 19 19 19 534
28 28 28 30 842
25 24 24 25 708
23 21 21 23 625
9 9 9 7 179
28 29 30 29 854
14 14 16 14 370
4 3 3 3 6
11 9 9 9 211
18 16 16 16 442
26 27 27 27 784
19 19 20 19 531
32 33 34 33 986
16 16 16 14 410
18 20 20 19 537
2 4 4 4 18
16 16 15 16 424
11 11 12 11 267
8 10 10 10 216
21 21 21 22 602
23 23 23 23 659
28 27 27 27 798
11 11 11 12 272
26 26 24 26 750
28 30 30 29 867
33 32 32 33 972
4 4 4 2 14
11 12 11 12 285
4 5 6 5 62
22 21 20 22 605
4 4 5 4 36
17 17 17 18 470
29 30 31 29 878
4 3 4 4 19
21 19 20 20 554
31 30 30 29 888
24 25 25 25 718
5 3 3 4 22
8 7 6 8 143
17 17 17 17 461
27 29 29 29 843
22 22 23 22 630
30 32 32 31 933
21 19 19 21 559
26 24 24 24 706
23 25 24 24 698
25 25 25 23 707
14 14 15 14 366
9 10 9 9 210
16 15 15 14 393
8 10 10 9 207
15 16 15 15 408
10 12 12 11 273
32 32 33 32 960
20 22 22 20 594
12 14 14 12 330
16 16 14 16 420
32 31 32 32 943
8 10 10 9 207
24 25 26 25 722
14 13 13 13 336
11 10 10 11 246
31 32 33 32 953
12 14 13 13 335
31 32 32 32 949
11 12 13 11 284
18 17 17 18 477
13 15 15 15 381
18 18 18 16 476
27 29 29 29 843
8 9 9 8 181
5 5 4 5 61
25 23 23 25 691
21 21 21 22 602
17 15 15 16 418
22 23 22 23 648
16 16 15 17 433
17 18 19 18 491
8 8 9 7 159
11 11 11 9 245
3 3 3 5 17
18 17 17 16 459
14 13 13 12 327
15 13 14 14 356
13 13 14 12 324
29 28 28 29 840
30 28 28 28 838
10 12 12 10 264
7 8 9 7 152
25 23 23 25 691
23 25 25 23 693
26 24 24 24 706
6 4 5 5 59
28 28 26 28 816
11 10 9 10 233
21 20 20 19 558
12 14 14 12 330
7 6 6 7 114
18 16 16 16 442
20 21 20 20 573
25 25 25 27 743
5 4 4 5 48
16 15 15 16 411
26 28 28 28 810
21 22 21 21 606
