100 24957
10 8 8 8 178
23 21 22 22 620
24 24 22 24 684
12 11 11 10 261
13 12 11 13 308
25 24 24 23 690
29 27 27 27 805
24 24 24 24 692
31 31 31 29 905
19 19 20 18 522
7 7 5 7 123
6 6 6 6 98
10 10 12 10 238
22 24 24 24 678
5 5 6 5 69
11 11 12 11 267
5 6 6 5 82
10 9 10 10 217
34 32 32 33 979
20 18 18 20 526
20 22 22 20 594
28 28 28 27 815
15 15 15 14 386
21 21 22 21 597
12 14 14 12 330
26 25 26 26 745
18 18 18 18 494
31 32 32 33 958
11 11 10 11 259
30 30 29 30 886
29 29 29 28 848
30 31 31 31 916
10 10 12 10 238
3 4 4 3 16
15 17 17 15 429
28 29 30 29 854
16 18 18 16 462
31 31 30 32 928
28 27 27 27 798
24 24 23 24 688
16 15 16 15 406
20 20 20 19 551
26 26 27 25 753
27 28 27 28 813
11 9 10 10 224
16 18 17 17 467
22 21 20 21 596
27 28 28 29 826
21 23 22 22 632
30 31 31 31 916
8 8 7 9 169
9 9 9 9 197
24 25 25 24 709
7 8 7 8 153
24 25 26 25 722
20 20 21 19 555
7 7 7 9 149
28 28 27 29 829
27 29 29 28 834
17 18 17 17 474
20 20 22 20 568
30 29 29 30 873
27 27 27 29 809
27 26 26 27 774
26 27 27 26 775
32 32 33 32 960
8 8 8 10 182
20 18 18 19 517
22 21 21 21 600
10 8 8 9 187
20 21 20 20 573
13 13 11 13 321
18 19 19 20 529
9 10 11 9 218
11 11 11 11 263
15 16 16 17 430
30 31 32 31 920
23 24 25 24 689
22 20 20 22 592
12 14 13 13 335
20 20 22 20 568
20 19 18 19 530
25 26 26 27 760
22 21 20 22 605
20 20 21 19 555
17 16 17 17 448
26 26 28 26 766
10 8 9 9 191
5 6 5 6 87
15 15 15 14 386
15 13 13 15 361
10 10 9 10 226
30 30 30 28 872
28 27 27 28 807
13 13 13 15 347
24 25 25 25 718
11 13 12 12 302
5 5 6 5 69
34 32 33 33 983
18 18 19 17 489
