750 230539
28 26 27 27 785
22 22 21 22 622
28 29 30 29 854
18 17 18 17 472
9 9 10 8 192
27 29 29 28 834
22 24 24 22 660
10 9 8 10 209
24 23 22 24 671
4 3 2 3 2
11 9 9 10 220
22 21 20 22 605
28 30 30 28 858
34 33 33 32 987
2 4 4 3 9
7 7 5 7 123
22 21 21 21 600
33 33 35 33 997
31 32 32 33 958
7 7 7 5 113
24 22 22 22 640
10 10 10 8 212
28 28 28 29 833
5 6 6 7 100
15 15 15 15 395
4 4 4 2 14
5 4 3 5 44
18 18 18 16 476
16 16 16 14 410
24 24 26 24 700
27 26 26 26 765
5 4 5 5 52
11 10 10 11 246
31 31 31 29 905
32 33 32 33 978
31 32 32 33 958
4 4 4 4 32
25 24 24 24 699
24 26 26 25 735
27 25 26 26 752
5 6 7 5 86
14 14 12 14 354
6 6 6 8 116
32 34 34 32 990
14 12 12 14 328
4 4 3 5 37
21 21 19 21 585
22 24 24 23 669
30 29 29 30 873
19 18 19 18 505
31 31 29 31 915
13 14 14 14 355
31 30 29 31 902
27 28 28 28 817
11 11 11 13 281
7 8 7 8 153
15 16 16 16 421
4 4 4 4 32
30 29 29 30 873
22 22 21 23 631
8 7 7 6 129
31 32 32 33 958
28 27 27 26 789
24 25 26 24 713
29 28 28 29 840
16 16 16 18 446
11 10 11 10 241
27 26 26 26 765
8 7 6 8 143
26 27 28 26 779
15 14 14 13 360
4 6 6 5 75
10 9 9 8 195
14 15 16 15 392
5 7 6 6 104
12 11 12 12 283
23 22 23 23 646
6 6 5 7 103
22 21 21 22 609
13 11 12 12 290
21 19 19 20 550
26 24 24 25 715
7 8 9 8 161
14 15 15 16 397
33 33 33 31 971
11 10 9 10 233
14 14 16 14 370
21 19 19 21 559
17 16 15 17 440
32 31 31 32 939
6 6 5 6 94
20 20 21 19 555
29 29 29 29 857
23 25 24 24 698
29 30 31 29 878
24 22 22 22 640
7 6 5 7 110
32 32 32 31 947
9 10 10 9 214
19 17 18 18 488
6 8 8 6 132
32 32 32 34 974
23 22 22 21 624
7 9 9 7 165
31 31 33 31 931
8 8 7 9 169
20 20 20 18 542
13 15 15 14 372
9 11 11 9 231
16 16 16 15 419
28 27 26 28 803
8 8 7 9 169
23 21 21 22 616
26 28 27 27 797
30 31 30 30 903
21 21 21 23 611
23 23 23 22 650
20 19 20 20 547
8 8 9 8 168
32 33 32 32 969
24 22 22 22 640
24 23 22 23 662
22 24 24 24 678
20 21 20 20 573
14 12 12 13 319
9 11 11 9 231
27 26 26 25 756
22 22 22 24 644
14 16 16 16 414
6 7 6 6 111
25 24 23 25 704
21 23 23 23 645
12 14 14 12 330
21 20 21 20 571
25 25 25 24 716
25 26 26 25 742
23 22 22 21 624
20 19 18 19 530
10 9 10 10 217
11 13 13 13 315
6 6 6 5 89
23 24 23 24 681
7 9 9 7 165
15 17 17 16 438
4 3 3 4 15
33 32 31 32 959
31 32 32 32 949
10 11 12 10 251
31 30 29 31 902
29 27 27 27 805
34 32 33 33 983
13 15 14 14 368
19 20 20 19 544
16 17 18 17 458
10 12 12 11 273
8 6 6 8 130
29 27 27 28 814
26 25 26 26 745
20 22 22 21 603
23 25 24 24 698
17 17 17 19 479
6 6 6 8 116
14 14 14 14 362
9 9 11 9 205
14 15 14 14 375
24 24 24 22 674
13 14 14 15 364
22 24 24 23 669
8 8 8 6 146
20 20 20 18 542
33 32 33 32 967
9 11 11 9 231
8 8 8 10 182
19 17 18 18 488
9 9 9 10 206
31 30 30 29 888
17 16 16 15 426
30 29 30 29 868
16 16 14 16 420
19 21 21 19 561
15 13 13 13 343
22 21 20 21 596
12 13 14 13 326
17 15 15 15 409
3 5 5 5 51
12 11 12 12 283
30 30 30 29 881
11 12 13 12 293
15 13 13 13 343
21 22 21 21 606
18 20 20 19 537
15 13 13 14 352
4 6 6 6 84
15 16 15 15 408
4 3 2 4 11
12 14 14 14 348
19 19 18 20 532
5 5 5 4 56
18 18 18 19 503
27 25 25 25 739
9 8 8 7 162
28 28 28 27 815
11 11 9 11 255
9 10 9 9 210
9 8 7 8 167
13 12 12 11 294
9 9 11 9 205
29 29 31 29 865
25 25 25 25 725
11 10 11 10 241
26 25 25 26 741
21 22 21 22 615
20 20 18 20 552
24 25 24 24 705
18 19 19 18 511
13 12 12 12 303
8 8 9 8 168
8 8 7 8 160
16 15 15 16 411
11 10 9 10 233
5 3 4 4 26
23 24 25 23 680
22 23 22 23 648
29 29 31 29 865
14 14 14 16 380
32 32 32 30 938
11 9 9 10 220
15 13 13 14 352
14 14 14 16 380
25 25 23 25 717
16 15 15 15 402
11 10 10 10 237
31 30 30 31 906
32 32 32 32 956
23 25 24 24 698
17 15 15 16 418
5 6 7 5 86
28 26 26 27 781
11 9 9 11 229
13 12 11 12 299
13 13 12 14 334
16 16 15 16 424
25 25 24 25 721
17 15 16 16 422
26 26 24 26 750
19 19 17 19 519
23 24 23 23 672
12 10 10 10 244
10 11 10 11 252
22 22 22 24 644
30 29 29 30 873
7 8 8 8 157
10 10 10 8 212
32 33 32 33 978
4 4 4 2 14
12 13 13 12 313
27 26 25 27 770
5 5 7 5 73
19 18 19 19 514
25 25 26 25 729
32 34 34 32 990
14 13 12 14 341
8 7 8 7 142
19 19 18 20 532
10 11 10 10 243
8 9 9 10 199
31 31 32 31 927
34 32 32 33 979
10 12 12 12 282
14 14 14 16 380
24 23 23 22 657
25 23 23 24 682
30 30 30 28 872
10 9 9 8 195
26 27 26 27 780
11 11 11 11 263
28 29 28 29 846
9 9 9 9 197
4 4 4 6 50
18 18 17 18 490
28 29 29 30 859
22 21 22 21 604
19 21 21 21 579
24 24 22 24 684
3 5 5 5 51
5 5 5 4 56
18 19 19 18 511
15 13 13 13 343
24 26 26 26 744
21 22 22 22 619
32 33 32 33 978
16 14 14 14 376
9 8 9 9 184
13 13 15 13 337
3 4 5 4 29
22 22 22 20 608
2 4 4 4 18
31 30 29 31 902
23 23 23 24 668
3 4 4 3 16
30 30 31 30 894
32 30 30 32 922
19 19 19 20 536
30 29 30 29 868
17 17 18 17 465
8 9 10 8 185
23 21 21 23 625
27 27 25 27 783
22 23 22 22 639
6 4 4 4 46
29 28 29 29 844
17 19 18 18 500
22 21 21 22 609
30 31 32 30 911
14 14 13 14 358
31 30 31 30 901
27 25 25 26 748
15 15 15 17 413
20 20 21 20 564
15 17 17 15 429
6 8 8 8 150
31 32 31 31 936
6 4 4 4 46
4 3 4 3 10
26 25 25 24 723
31 33 33 31 957
27 26 26 25 756
3 4 5 3 20
6 5 4 6 77
27 27 29 27 799
3 5 5 5 51
27 27 26 28 796
8 8 9 7 159
16 14 14 15 385
8 8 8 8 164
32 32 34 32 964
23 23 23 24 668
11 10 9 11 242
24 23 22 23 662
18 17 17 16 459
26 25 25 24 723
15 13 13 14 352
12 13 13 12 313
18 18 18 18 494
10 9 10 9 208
18 20 20 19 537
10 11 12 10 251
20 22 22 21 603
15 15 14 16 400
33 32 31 32 959
24 22 22 22 640
27 29 29 29 843
26 25 24 25 728
22 22 22 20 608
10 8 9 9 191
31 31 29 31 915
30 29 29 30 873
18 17 17 17 468
15 15 15 15 395
17 18 17 18 483
11 11 10 11 259
20 20 21 19 555
25 24 24 23 690
10 10 11 9 225
6 4 4 4 46
8 7 6 7 134
23 24 25 23 680
9 9 8 10 202
4 4 3 5 37
20 21 21 21 586
11 13 13 12 306
7 7 7 7 131
20 22 22 20 594
10 11 10 11 252
27 26 27 27 778
25 26 26 27 760
25 25 25 24 716
13 13 12 14 334
24 26 26 26 744
18 17 18 17 472
5 6 6 5 82
17 16 17 17 448
29 28 27 28 827
9 8 9 9 184
24 24 22 24 684
14 14 14 14 362
23 21 21 21 607
23 23 23 24 668
29 29 28 29 853
18 18 19 18 498
15 15 13 15 387
19 17 18 18 488
29 27 28 28 818
14 13 14 14 349
26 26 26 28 776
14 15 16 14 383
25 26 25 26 747
15 15 13 15 387
11 11 12 10 258
31 31 30 32 928
21 22 23 22 623
23 25 25 23 693
30 30 30 32 908
12 11 11 10 261
8 10 10 9 207
25 25 25 25 725
10 11 12 11 260
28 27 27 27 798
23 24 25 24 689
30 30 31 29 885
11 12 12 13 298
18 16 16 18 460
6 6 6 5 89
9 9 9 9 197
3 3 5 3 7
26 28 28 26 792
30 30 31 29 885
16 14 15 15 389
5 5 7 5 73
13 14 13 13 342
4 3 2 3 2
10 9 8 9 200
30 28 28 30 856
32 30 30 31 913
3 3 3 5 17
30 31 32 30 911
22 21 21 21 600
23 22 21 23 638
23 22 21 23 638
25 25 25 23 707
23 22 22 22 633
9 8 9 8 175
30 29 30 30 877
7 7 7 5 113
29 28 28 27 822
25 27 26 26 764
6 7 6 6 111
20 19 19 19 534
10 10 10 9 221
24 24 22 24 684
27 25 25 27 757
21 23 23 22 636
15 15 15 13 377
30 29 28 30 869
26 27 27 28 793
21 21 22 21 597
31 30 31 30 901
7 9 9 9 183
15 15 16 15 399
22 22 22 20 608
7 6 5 7 110
12 12 12 14 314
15 15 14 16 400
24 22 22 23 649
18 17 16 17 464
12 11 11 12 279
21 22 22 22 619
20 20 21 20 564
17 15 16 16 422
19 21 21 19 561
14 12 12 12 310
15 16 15 15 408
8 9 9 8 181
29 27 28 28 818
22 23 24 23 656
20 19 20 20 547
32 31 32 31 934
15 15 15 14 386
8 10 10 8 198
13 14 14 15 364
31 31 33 31 931
11 9 10 10 224
24 25 25 26 727
14 13 14 13 340
8 6 6 6 112
33 33 33 33 989
6 8 7 7 137
31 33 32 32 962
6 6 6 6 98
27 25 25 27 757
23 24 23 23 672
32 33 34 32 977
18 19 19 18 511
26 24 24 26 724
14 14 14 14 362
24 24 24 26 710
14 15 14 14 375
8 9 10 9 194
5 5 4 5 61
27 29 29 27 825
33 33 34 32 984
32 31 32 31 934
20 20 21 19 555
27 28 28 28 817
20 19 18 20 539
26 28 28 27 801
30 30 30 29 881
22 21 21 21 600
29 30 29 30 879
29 29 29 29 857
32 32 34 32 964
26 25 24 26 737
31 32 33 32 953
15 15 13 15 387
18 19 19 20 529
4 3 3 3 6
6 7 8 6 119
28 28 30 28 832
17 17 16 17 457
5 6 6 5 82
10 12 12 12 282
10 11 11 11 256
16 16 15 16 424
18 17 17 18 477
8 9 10 9 194
33 31 31 32 946
9 9 10 8 192
27 28 29 28 821
24 22 22 24 658
33 33 33 31 971
20 18 19 19 521
33 32 32 31 954
10 10 10 10 230
29 28 27 28 827
24 25 25 25 718
11 12 12 12 289
15 14 15 15 382
33 33 32 33 985
22 24 24 22 660
6 6 6 6 98
6 6 6 5 89
24 23 23 24 675
28 30 29 29 863
14 15 15 14 379
10 11 10 11 252
13 13 13 11 311
31 29 29 31 889
27 27 27 25 773
3 5 5 4 42
29 31 30 30 896
27 28 29 28 821
31 31 31 31 923
22 22 21 23 631
23 23 25 23 667
23 21 21 22 616
30 32 32 32 942
13 12 11 13 308
7 7 9 7 139
28 27 26 28 803
12 11 11 10 261
16 17 16 16 441
4 5 5 5 58
15 15 13 15 387
12 14 14 13 339
12 14 14 12 330
9 9 9 7 179
5 3 3 5 31
21 21 23 21 601
25 26 27 25 746
32 32 34 32 964
11 10 11 10 241
10 11 10 11 252
24 23 22 24 671
28 27 27 28 807
18 20 20 20 546
33 33 33 33 989
18 17 18 17 472
14 15 15 16 397
20 21 20 21 582
30 31 30 31 912
10 9 9 9 204
29 29 31 29 865
25 26 26 26 751
30 30 30 31 899
32 32 32 33 965
23 21 21 22 616
10 12 11 11 269
10 8 9 9 191
33 33 32 33 985
12 10 11 11 257
14 16 16 15 405
8 9 8 8 177
12 13 12 13 318
33 32 32 32 963
13 14 13 14 351
13 14 14 14 355
20 19 20 19 538
31 31 29 31 915
24 25 25 26 727
5 5 5 4 56
8 8 6 8 156
30 29 28 29 860
9 8 7 8 167
17 15 15 15 409
26 27 27 27 784
29 31 30 30 896
9 11 11 11 249
19 18 17 18 497
14 15 15 16 397
25 25 24 26 730
18 19 19 20 529
32 33 32 33 978
9 8 8 7 162
14 16 16 14 396
25 27 27 26 768
4 3 4 4 19
11 11 10 11 259
10 12 11 11 269
33 33 33 31 971
13 15 15 15 381
12 11 11 12 279
17 17 15 17 453
4 6 6 4 66
28 27 27 27 798
30 31 31 31 916
5 7 7 7 117
27 28 28 28 817
12 11 11 12 279
20 20 21 20 564
8 6 6 7 121
16 14 15 15 389
29 31 31 30 900
21 19 20 20 554
15 16 17 15 416
11 13 13 12 306
13 12 13 13 316
27 28 28 28 817
26 25 24 26 737
6 5 6 6 85
30 31 30 31 912
32 31 32 31 934
13 12 13 12 307
9 9 8 9 193
22 22 22 21 617
12 14 14 13 339
21 20 20 20 567
14 14 15 14 366
10 10 10 9 221
18 18 19 18 498
19 17 17 17 475
16 16 16 14 410
30 32 31 31 929
11 12 11 11 276
24 26 25 25 731
30 31 32 31 920
21 22 22 23 628
29 30 29 30 879
19 19 20 19 531
24 24 24 25 701
16 17 17 17 454
26 28 28 27 801
18 19 18 18 507
9 7 8 8 158
24 24 24 26 710
8 10 10 9 207
9 7 7 8 154
18 19 18 19 516
26 26 28 26 766
16 17 18 17 458
17 15 15 17 427
33 32 33 32 967
13 13 13 11 311
15 16 15 15 408
23 23 24 22 654
26 24 25 25 719
32 31 32 31 934
32 31 31 32 939
24 24 22 24 684
33 32 32 32 963
26 27 27 28 793
3 5 5 4 42
31 32 31 32 945
12 12 13 11 291
3 5 5 4 42
25 25 26 24 720
30 29 28 29 860
4 4 4 6 50
18 18 18 20 512
4 3 4 4 19
11 11 13 11 271
27 27 29 27 799
12 13 14 13 326
32 33 33 34 991
22 22 21 23 631
16 17 17 18 463
24 22 22 24 658
31 31 30 32 928
10 11 12 10 251
17 16 17 16 439
16 14 14 16 394
21 21 19 21 585
16 16 17 16 432
20 22 22 22 612
4 3 4 4 19
10 10 12 10 238
14 15 15 16 397
7 8 7 8 153
28 28 28 27 815
23 23 23 24 668
15 16 15 15 408
28 28 28 26 806
23 24 25 23 680
19 17 17 17 475
24 26 26 25 735
14 15 15 15 388
29 30 30 29 874
13 15 14 14 368
10 8 8 8 178
4 4 4 2 14
28 28 28 29 833
8 10 9 9 203
13 13 11 13 321
19 20 19 19 540
21 22 23 21 614
23 25 25 25 711
8 8 9 7 159
15 14 14 15 378
18 18 17 18 490
19 20 21 20 557
27 26 25 27 770
8 8 8 10 182
9 7 8 8 158
22 21 22 21 604
12 10 10 12 262
32 32 32 33 965
21 23 23 23 645
12 12 12 14 314
9 8 9 9 184
28 27 28 28 811
27 29 29 29 843
19 18 18 17 492
15 15 17 15 403
18 17 18 17 472
25 26 27 25 746
24 24 26 24 700
7 5 5 7 97
21 20 19 21 572
12 11 10 12 275
9 9 9 7 179
15 13 13 14 352
31 30 29 31 902
8 8 8 7 155
25 25 25 24 716
32 32 32 32 956
17 17 17 16 452
25 25 25 27 743
27 27 28 27 795
6 5 5 6 81
10 10 11 9 225
16 15 14 16 407
