750 166648
22 23 22 23 648
25 27 26 26 764
5 7 7 6 108
18 17 16 18 473
9 10 9 9 210
11 12 12 11 280
12 11 11 10 261
26 25 24 25 728
27 28 28 28 817
5 4 5 4 43
26 24 24 25 715
24 26 26 25 735
20 20 21 20 564
18 16 17 17 455
17 17 17 19 479
9 8 7 8 167
31 32 33 32 953
21 20 21 21 580
21 21 21 20 584
9 9 9 7 179
26 27 28 26 779
15 15 14 16 400
21 21 19 21 585
22 22 20 22 618
7 8 9 8 161
5 5 4 6 70
31 32 32 33 958
23 23 24 22 654
8 10 9 9 203
23 25 25 23 693
25 24 23 25 704
16 18 18 16 462
33 32 32 33 972
19 19 19 21 545
10 10 12 10 238
34 32 32 32 970
19 19 20 18 522
24 25 24 24 705
16 16 18 16 436
21 20 21 20 571
6 7 6 7 120
32 32 31 33 961
33 31 31 33 955
31 33 33 33 975
6 6 7 5 93
27 26 25 26 761
9 10 10 9 214
22 20 20 20 574
28 27 27 27 798
13 14 14 14 355
10 8 8 9 187
12 14 14 12 330
13 13 15 13 337
5 3 3 5 31
4 4 4 2 14
18 20 20 19 537
3 3 3 4 8
8 7 7 6 129
27 29 29 28 834
27 29 29 27 825
21 23 23 23 645
15 16 17 15 416
32 30 31 31 917
33 31 31 31 937
10 12 12 12 282
13 13 11 13 321
19 18 18 17 492
24 25 26 25 722
23 24 25 24 689
23 22 23 22 637
28 28 28 27 815
5 3 3 4 22
18 19 19 18 511
29 29 31 29 865
27 29 29 28 834
11 13 13 12 306
31 31 33 31 931
8 9 9 8 181
8 7 7 8 147
21 20 20 19 558
18 19 19 18 511
23 24 23 24 681
12 10 10 12 262
23 22 22 22 633
29 29 29 29 857
27 29 29 29 843
19 20 20 19 544
13 15 14 14 368
32 31 30 31 926
18 17 17 16 459
33 33 33 31 971
31 31 30 31 919
13 13 11 13 321
14 15 15 15 388
10 9 9 10 213
27 28 29 28 821
4 4 4 2 14
5 7 7 6 108
20 21 21 20 577
5 7 7 5 99
29 29 30 29 861
23 22 22 22 633
32 33 34 32 977
20 22 22 21 603
23 23 21 23 651
7 7 7 7 131
3 4 4 4 25
14 13 13 12 327
6 7 6 7 120
11 9 9 11 229
30 31 31 32 925
25 24 24 24 699
15 13 14 14 356
19 18 19 19 514
14 13 14 13 340
22 23 22 22 639
12 12 12 14 314
22 22 22 24 644
19 20 21 19 548
19 18 19 19 514
27 27 27 27 791
22 22 22 24 644
26 24 24 25 715
29 30 31 30 887
14 12 12 13 319
7 6 7 7 118
8 7 6 8 143
23 23 23 23 659
31 30 30 31 906
8 6 6 7 121
12 13 13 14 331
12 10 10 10 244
13 15 14 14 368
24 24 25 24 696
4 4 4 4 32
32 32 32 33 965
14 13 14 14 349
6 4 4 4 46
5 7 6 6 104
17 18 18 17 478
3 5 5 3 33
5 4 3 4 35
22 24 24 22 660
20 20 18 20 552
22 24 24 22 660
32 31 31 32 939
5 4 5 5 52
14 15 16 15 392
9 7 7 8 154
18 17 17 16 459
10 9 9 9 204
23 22 23 22 637
19 17 18 18 488
10 9 10 9 208
28 28 28 29 833
7 7 7 9 149
23 21 22 22 620
29 29 28 29 853
22 22 22 21 617
15 13 14 14 356
4 6 6 6 84
4 4 5 4 36
8 8 8 9 173
6 4 4 5 55
14 15 16 14 383
22 22 22 24 644
14 12 12 12 310
4 5 4 4 45
32 32 32 33 965
28 29 29 30 859
9 9 11 9 205
20 19 19 19 534
20 22 22 22 612
17 19 19 19 513
8 6 6 8 130
10 8 8 9 187
33 32 32 33 972
25 23 23 24 682
20 22 22 21 603
9 9 10 9 201
7 7 7 7 131
16 15 14 15 398
9 8 7 8 167
8 7 8 8 151
21 23 22 22 632
17 17 17 19 479
29 31 31 30 900
6 6 5 7 103
29 30 30 30 883
21 22 23 21 614
16 15 15 16 411
17 18 19 17 482
21 20 20 19 558
22 20 20 22 592
23 24 25 24 689
32 31 31 31 930
15 13 14 14 356
30 31 32 31 920
26 27 28 27 788
26 27 26 27 780
9 9 11 9 205
14 13 13 14 345
7 7 7 6 122
11 10 11 10 241
20 22 22 21 603
21 22 22 22 619
18 18 18 16 476
30 28 29 29 851
10 11 10 11 252
23 22 22 21 624
7 7 7 5 113
27 27 28 27 795
5 7 7 6 108
30 30 30 29 881
23 24 24 24 685
18 18 18 16 476
15 16 17 15 416
3 5 5 4 42
30 29 28 29 860
18 17 16 18 473
21 20 20 21 576
17 17 17 16 452
14 14 14 15 371
25 26 27 26 755
10 11 12 10 251
15 16 17 16 425
8 8 8 10 182
11 10 11 10 241
32 32 31 33 961
4 6 6 5 75
20 21 20 20 573
27 27 27 25 773
10 10 8 10 222
13 13 13 13 329
12 13 14 13 326
10 11 11 10 247
27 28 29 27 812
21 19 19 20 550
11 12 12 13 298
4 5 4 4 45
21 22 21 22 615
11 11 11 12 272
18 17 17 18 477
13 12 13 12 307
27 28 27 28 813
7 9 9 9 183
14 14 12 14 354
25 25 25 27 743
24 24 26 24 700
14 15 14 15 384
16 15 16 16 415
24 22 22 23 649
11 13 13 12 306
13 12 12 11 294
20 19 18 20 539
15 14 13 15 374
31 31 30 31 919
8 7 6 8 143
6 7 7 8 133
22 22 22 24 644
13 12 12 11 294
22 24 24 24 678
22 22 22 24 644
12 14 14 12 330
13 12 12 13 312
30 29 29 28 855
15 17 17 15 429
23 24 24 25 694
17 18 18 17 478
33 32 32 32 963
30 29 28 29 860
19 21 21 20 570
14 14 14 12 344
8 7 6 8 143
10 11 11 11 256
23 23 23 21 641
7 7 7 7 131
20 20 18 20 552
18 18 17 19 499
30 30 29 30 886
20 21 20 21 582
13 15 15 13 363
23 22 21 23 638
14 13 13 14 345
14 15 15 14 379
9 7 7 8 154
28 27 27 28 807
17 19 19 18 504
28 26 27 27 785
10 10 11 10 234
9 8 7 8 167
21 20 20 20 567
10 12 11 11 269
26 24 25 25 719
6 6 5 7 103
5 7 7 5 99
20 20 19 21 565
15 14 14 13 360
9 10 10 9 214
18 18 19 18 498
17 18 18 18 487
4 4 2 4 24
28 29 30 28 845
22 22 22 24 644
30 30 29 30 886
12 10 11 11 257
4 3 4 4 19
28 30 30 29 867
14 13 14 13 340
33 33 33 31 971
28 29 30 28 845
17 17 16 18 466
9 7 7 9 163
16 16 16 17 437
21 22 23 22 623
33 33 35 33 997
25 25 25 26 734
18 19 19 18 511
24 24 24 26 710
8 7 6 8 143
28 28 29 28 828
21 22 22 23 628
28 29 30 28 845
22 23 22 23 648
8 7 8 7 142
11 11 11 10 254
14 15 15 16 397
19 18 18 18 501
25 23 23 24 682
25 25 27 25 733
24 22 23 23 653
2 4 3 3 5
15 17 17 15 429
25 25 26 25 729
4 5 4 5 54
28 28 28 30 842
17 18 18 17 478
16 18 18 16 462
26 25 26 25 736
16 14 14 14 376
10 12 12 10 264
6 4 4 6 64
6 8 7 7 137
29 31 31 29 891
14 14 13 14 358
14 14 14 12 344
28 30 30 30 876
16 18 18 18 480
11 13 12 12 302
32 33 33 34 991
9 8 9 8 175
8 7 6 8 143
18 19 18 19 516
17 16 17 17 448
12 12 14 12 304
9 10 11 9 218
9 9 10 8 192
12 12 12 11 287
20 21 21 22 595
24 25 25 24 709
14 15 15 15 388
13 15 15 15 381
13 13 12 14 334
28 29 29 29 850
16 16 16 14 410
26 25 24 26 737
26 26 27 26 762
19 19 20 19 531
23 23 23 21 641
33 33 34 33 993
30 30 30 31 899
4 4 4 6 50
15 14 15 15 382
14 15 16 15 392
7 8 7 7 144
18 16 16 16 442
17 17 17 17 461
5 7 7 7 117
33 32 32 32 963
19 19 21 19 535
13 13 13 12 320
16 18 18 16 462
22 24 24 22 660
10 9 9 9 204
4 4 6 4 40
26 25 25 24 723
18 17 17 17 468
30 32 31 31 929
4 3 3 3 6
24 23 23 22 657
33 31 31 31 937
27 27 27 27 791
29 27 27 28 814
14 14 14 14 362
21 23 22 22 632
25 25 26 25 729
14 13 12 14 341
17 15 15 16 418
8 10 10 10 216
20 20 20 18 542
30 30 31 30 894
13 13 13 15 347
31 30 30 29 888
24 24 24 23 683
8 8 7 8 160
31 30 29 30 893
28 29 29 30 859
13 12 12 13 312
9 7 7 9 163
13 12 11 13 308
17 17 17 18 470
22 20 20 20 574
25 23 23 24 682
12 11 11 12 279
22 23 24 22 647
5 7 7 6 108
14 15 15 15 388
23 23 23 21 641
30 29 29 28 855
18 18 19 18 498
24 22 22 23 649
23 22 22 23 642
12 12 12 13 305
15 14 14 14 369
30 30 30 31 899
29 29 30 29 861
7 9 9 7 165
7 7 6 7 127
16 16 16 18 446
22 22 22 23 635
17 16 17 16 439
21 21 19 21 585
17 15 15 17 427
23 22 21 22 629
22 22 22 22 626
13 14 13 13 342
22 23 23 24 661
20 21 22 20 581
25 25 25 24 716
23 24 24 24 685
25 27 26 26 764
16 16 16 17 437
29 30 29 30 879
25 24 24 24 699
30 30 30 32 908
33 31 31 31 937
17 17 15 17 453
21 20 21 21 580
5 5 5 4 56
19 19 21 19 535
17 16 17 16 439
22 23 23 24 661
19 18 17 19 506
24 23 23 24 675
9 10 9 9 210
20 21 22 21 590
15 16 15 16 417
29 30 30 30 883
25 26 26 25 742
10 11 11 10 247
4 6 6 4 66
24 26 26 26 744
8 10 10 9 207
31 30 29 31 902
9 10 9 9 210
27 28 29 27 812
32 31 32 32 943
33 31 31 32 946
4 5 6 4 53
22 24 23 23 665
23 23 23 23 659
5 4 3 4 35
10 9 10 9 208
22 22 23 22 630
23 22 22 21 624
5 5 5 3 47
21 19 19 20 550
20 22 21 21 599
34 32 32 33 979
30 28 28 28 838
2 4 4 3 9
21 21 21 23 611
24 25 25 26 727
18 16 16 18 460
29 29 29 29 857
30 29 29 29 864
29 31 31 30 900
10 11 12 11 260
21 21 22 21 597
32 30 30 31 913
22 23 23 22 643
20 22 21 21 599
28 26 26 27 781
9 10 10 9 214
33 31 31 31 937
32 33 34 33 986
14 14 16 14 370
20 20 19 20 556
28 28 28 29 833
11 10 9 11 242
20 22 22 20 594
13 12 13 12 307
6 5 5 4 63
12 11 10 12 275
22 24 24 22 660
25 24 24 24 699
31 31 33 31 931
23 22 21 23 638
25 26 26 25 742
18 18 17 19 499
28 29 28 28 837
19 20 19 20 549
12 10 10 12 262
17 16 15 17 440
30 32 32 31 933
16 17 16 16 441
29 28 28 29 840
19 18 19 18 505
9 11 10 10 236
13 12 11 12 299
22 22 23 21 621
8 7 8 7 142
14 14 12 14 354
17 15 15 17 427
26 24 24 24 706
18 19 19 18 511
5 5 4 5 61
6 6 7 6 102
10 10 10 11 239
25 24 25 25 712
11 9 9 10 220
13 12 11 13 308
12 13 13 12 313
10 10 10 9 221
26 26 27 25 753
26 24 24 24 706
12 14 14 13 339
32 33 34 33 986
16 17 18 17 458
8 10 9 9 203
17 15 16 16 422
12 13 12 13 318
14 14 16 14 370
13 13 11 13 321
28 28 27 29 829
31 30 31 30 901
23 22 22 22 633
5 5 4 6 70
31 29 30 30 884
26 24 24 26 724
26 25 25 26 741
24 24 24 25 701
10 10 11 9 225
5 7 7 7 117
34 33 32 33 992
28 27 27 26 789
4 3 4 4 19
11 10 10 10 237
18 18 18 18 494
22 23 23 24 661
9 8 7 9 176
25 26 26 26 751
17 17 15 17 453
13 15 15 13 363
6 6 6 4 80
5 5 6 4 60
11 11 12 11 267
5 6 6 6 91
30 31 31 31 916
21 21 22 20 588
28 30 30 29 867
20 21 21 22 595
34 32 32 34 988
5 6 7 5 86
26 26 28 26 766
14 14 14 14 362
15 17 17 17 447
20 20 21 19 555
28 26 26 26 772
21 20 19 20 563
24 22 22 23 649
22 22 20 22 618
14 14 15 14 366
15 15 16 15 399
19 18 18 18 501
11 10 10 9 228
30 31 30 31 912
30 30 28 30 882
3 4 4 3 16
23 23 23 22 650
14 16 16 14 396
19 19 18 19 523
32 31 32 32 943
6 4 4 4 46
11 12 12 13 298
15 16 15 15 408
4 5 4 4 45
11 9 10 10 224
29 28 27 28 827
11 12 12 11 280
25 27 27 25 759
22 20 20 21 583
22 20 20 20 574
27 28 28 28 817
12 12 12 11 287
12 12 12 13 305
23 22 21 23 638
31 33 33 33 975
12 14 14 12 330
32 32 33 31 951
18 20 20 20 546
12 13 13 12 313
14 14 14 16 380
9 10 9 9 210
16 15 16 15 406
25 26 25 26 747
17 18 18 18 487
6 5 4 5 68
13 13 13 13 329
13 11 11 13 295
29 29 31 29 865
3 5 5 5 51
22 22 22 24 644
23 25 25 25 711
31 32 32 33 958
16 18 17 17 467
10 10 10 12 248
21 21 21 22 602
17 16 16 15 426
28 28 27 28 820
31 29 29 31 889
17 18 18 17 478
21 22 21 22 615
30 30 30 31 899
32 33 33 32 973
14 15 15 14 379
14 15 14 15 384
15 14 14 14 369
21 20 20 19 558
17 16 17 17 448
29 30 30 30 883
4 3 4 4 19
23 22 23 23 646
30 28 28 28 838
10 12 11 11 269
12 11 11 11 270
17 16 17 16 439
14 15 16 14 383
19 19 20 19 531
11 9 10 10 224
30 31 31 30 907
30 28 29 29 851
10 9 9 9 204
24 24 24 24 692
9 7 7 7 145
7 8 7 8 153
5 6 6 6 91
7 7 7 7 131
18 19 20 19 524
11 12 12 13 298
28 27 26 28 803
18 18 19 18 498
25 25 25 26 734
32 33 33 34 991
7 6 7 6 109
34 32 33 33 983
6 4 5 5 59
26 25 26 26 745
11 10 10 11 246
25 26 27 26 755
31 31 30 31 919
17 16 16 16 435
16 16 16 16 428
29 30 30 29 874
9 11 10 10 236
19 18 17 19 506
15 14 13 14 365
32 33 33 32 973
21 21 19 21 585
13 12 11 13 308
30 29 29 29 864
6 6 6 4 80
32 34 34 33 999
7 8 8 7 148
17 15 15 17 427
23 24 25 24 689
30 29 30 30 877
16 15 15 16 411
19 19 19 20 536
2 4 3 3 5
28 28 28 29 833
6 6 8 6 106
24 24 24 23 683
13 12 13 13 316
16 14 14 16 394
10 10 12 10 238
13 13 13 15 347
10 11 10 10 243
13 13 11 13 321
14 15 16 15 392
30 32 32 30 924
16 15 14 16 407
16 14 15 15 389
18 20 20 18 528
10 10 9 10 226
33 32 32 32 963
22 24 24 24 678
11 13 13 12 306
29 31 31 30 900
25 26 25 26 747
14 15 16 15 392
19 21 21 20 570
23 23 23 23 659
8 6 6 6 112
6 6 7 6 102
24 23 22 24 671
16 16 16 14 410
25 26 25 25 738
15 17 16 16 434
21 22 22 23 628
9 8 8 8 171
11 12 12 12 289
30 28 29 29 851
21 19 19 19 541
5 5 5 6 74
20 19 18 19 530
12 12 13 11 291
4 3 3 4 15
11 10 11 10 241
9 9 11 9 205
30 31 32 30 911
26 28 28 27 801
6 8 7 7 137
27 26 25 27 770
33 32 33 32 967
26 24 24 25 715
19 19 20 18 522
16 17 17 17 454
27 27 26 28 796
10 11 12 10 251
18 17 18 17 472
13 15 14 14 368
29 28 27 29 836
7 7 7 9 149
4 4 2 4 24
16 16 15 17 433
27 29 28 28 830
10 10 12 10 238
33 32 32 31 954
3 3 2 4 4
