500 164476
16 14 14 16 394
3 3 2 4 4
27 27 26 27 787
2 4 4 3 9
8 8 10 8 172
19 20 21 19 548
23 23 23 23 659
10 10 11 10 234
27 28 27 27 804
8 8 7 9 169
21 21 21 20 584
4 6 6 6 84
32 30 30 30 904
31 32 32 33 958
8 8 8 6 146
12 11 11 12 279
21 21 21 21 593
32 31 32 31 934
8 8 7 9 169
14 14 14 15 371
18 20 20 20 546
16 15 16 15 406
11 9 9 11 229
18 17 18 18 481
24 23 24 24 679
24 26 25 25 731
23 25 25 25 711
9 8 9 8 175
15 14 13 14 365
20 20 22 20 568
30 32 32 30 924
23 21 21 22 616
29 27 27 27 805
21 21 23 21 601
5 5 5 6 74
16 15 15 14 393
7 8 8 7 148
34 33 33 32 987
14 14 13 14 358
29 27 28 28 818
24 24 24 22 674
25 25 27 25 733
15 17 16 16 434
9 10 11 9 218
30 30 30 30 890
24 23 24 24 679
15 17 17 17 447
28 29 29 30 859
29 29 27 29 849
21 21 21 23 611
7 9 9 9 183
31 30 30 30 897
12 11 11 12 279
28 29 28 28 837
17 18 17 17 474
11 12 12 13 298
4 4 4 2 14
8 10 10 9 207
30 30 28 30 882
17 18 18 19 496
5 5 4 6 70
22 23 22 23 648
27 28 28 29 826
23 23 22 24 664
26 26 24 26 750
24 25 24 25 714
25 26 27 26 755
15 15 16 14 390
31 30 29 31 902
29 27 27 27 805
14 15 14 14 375
24 25 25 24 709
5 5 4 5 61
12 13 13 13 322
7 9 8 8 170
17 17 17 18 470
10 11 10 10 243
19 19 19 17 509
10 9 8 10 209
14 15 15 15 388
20 20 20 21 569
8 6 6 7 121
11 10 9 11 242
32 33 32 32 969
18 16 16 16 442
17 18 18 17 478
19 19 20 18 522
4 6 6 4 66
17 19 18 18 500
23 24 25 24 689
5 6 7 6 95
34 32 32 33 979
24 22 23 23 653
22 20 21 21 587
18 18 17 18 490
15 15 15 13 377
6 4 4 5 55
6 5 6 5 76
10 10 9 11 235
5 6 7 6 95
22 22 23 22 630
18 19 20 19 524
22 20 21 21 587
11 11 13 11 271
8 9 9 10 199
12 13 14 12 317
17 19 19 19 513
28 30 30 28 858
18 19 19 20 529
28 29 30 29 854
26 26 26 25 749
10 8 9 9 191
15 15 14 16 400
22 22 22 22 626
21 22 22 22 619
18 19 20 18 515
21 21 22 20 588
31 32 32 33 958
14 14 13 14 358
28 27 28 27 802
10 10 10 9 221
29 29 29 30 866
16 16 17 16 432
10 10 9 11 235
18 20 19 19 533
19 20 21 20 557
27 27 27 29 809
10 9 9 8 195
18 17 17 17 468
4 4 4 2 14
5 5 4 5 61
9 8 7 9 176
23 23 24 23 663
17 19 18 18 500
18 18 18 18 494
19 19 19 18 518
16 16 16 18 446
17 18 18 18 487
32 30 30 31 913
27 29 29 27 825
24 26 26 25 735
14 15 14 14 375
5 5 5 7 83
5 6 5 5 78
32 31 32 31 934
5 5 4 5 61
10 11 11 12 265
25 24 24 24 699
25 25 27 25 733
34 33 34 33 1000
27 27 28 26 786
14 15 14 14 375
19 17 17 17 475
17 16 17 17 448
7 9 8 8 170
18 17 17 18 477
23 24 24 24 685
14 12 12 13 319
13 13 13 12 320
24 24 25 24 696
28 29 29 29 850
26 26 28 26 766
31 29 30 30 884
33 32 31 33 968
12 13 13 13 322
32 32 34 32 964
13 15 15 15 381
24 25 25 26 727
18 20 20 18 528
11 12 12 12 289
7 5 5 7 97
29 30 30 29 874
20 22 22 21 603
25 26 27 26 755
14 12 12 14 328
26 24 24 26 724
13 11 11 12 286
8 10 10 10 216
28 29 29 30 859
33 33 35 33 997
10 10 9 10 226
14 13 13 12 327
27 29 29 27 825
23 23 21 23 651
8 8 9 8 168
13 12 11 13 308
26 26 27 25 753
29 27 27 27 805
20 19 18 19 530
24 23 22 23 662
12 10 11 11 257
32 32 33 31 951
21 23 22 22 632
27 28 29 27 812
28 27 26 27 794
10 10 12 10 238
11 10 9 10 233
23 22 23 22 637
7 9 8 8 170
30 30 30 31 899
5 5 5 6 74
23 25 25 23 693
23 25 25 25 711
11 10 11 10 241
19 18 17 19 506
32 30 31 31 917
29 29 29 31 875
9 10 10 10 223
6 6 6 4 80
8 7 6 8 143
32 33 34 32 977
10 8 8 8 178
8 8 8 8 164
29 28 29 29 844
17 17 16 17 457
25 27 26 26 764
10 10 10 9 221
32 32 31 33 961
32 34 34 32 990
26 25 25 25 732
25 24 23 25 704
26 26 26 26 758
10 8 8 10 196
17 18 18 17 478
12 13 12 12 309
12 10 10 12 262
23 21 21 22 616
5 4 3 5 44
21 21 22 20 588
15 15 15 15 395
19 20 20 21 562
14 14 13 14 358
13 14 14 15 364
3 4 5 3 20
5 6 5 5 78
31 33 33 33 975
16 15 14 15 398
20 20 19 20 556
34 33 33 33 996
20 20 19 20 556
15 16 16 17 430
33 32 31 33 968
9 10 11 9 218
8 10 9 9 203
24 24 22 24 684
25 26 26 27 760
21 23 22 22 632
25 25 25 25 725
17 16 16 17 444
10 12 12 11 273
26 25 25 26 741
18 18 18 17 485
19 18 17 19 506
12 14 13 13 335
22 21 20 21 596
21 20 20 19 558
32 31 30 32 935
20 19 20 20 547
11 11 9 11 255
9 10 9 9 210
2 3 3 4 1
19 20 19 19 540
11 10 10 11 246
10 10 10 9 221
21 22 21 22 615
15 16 17 15 416
15 14 15 15 382
4 6 6 4 66
30 29 30 30 877
28 28 27 29 829
5 3 3 5 31
17 15 15 16 418
28 26 26 27 781
10 10 10 12 248
30 30 31 30 894
29 30 31 30 887
25 25 25 25 725
9 7 8 8 158
24 24 23 25 697
17 17 16 18 466
18 16 16 16 442
16 15 15 16 411
14 15 16 14 383
11 13 13 12 306
30 31 31 31 916
30 30 32 30 898
8 10 9 9 203
27 28 27 28 813
19 21 21 21 579
21 21 21 19 575
21 22 23 21 614
19 19 17 19 519
7 9 9 9 183
32 33 33 32 973
11 13 12 12 302
24 25 25 24 709
18 19 19 18 511
4 6 6 5 75
33 32 33 33 976
5 4 4 5 48
16 15 14 15 398
18 18 19 18 498
12 11 11 10 261
16 17 18 17 458
11 11 9 11 255
9 7 8 8 158
9 11 11 10 240
32 34 34 32 990
27 26 27 27 778
15 16 16 15 412
6 7 8 6 119
14 14 14 14 362
11 11 11 13 281
32 33 34 33 986
32 32 31 33 961
5 4 3 4 35
7 7 7 6 122
15 17 17 15 429
16 17 16 16 441
34 33 32 33 992
14 12 13 13 323
20 21 21 20 577
30 31 31 32 925
28 27 27 26 789
31 32 33 32 953
15 15 16 15 399
30 30 32 30 898
24 25 26 25 722
14 15 15 16 397
4 6 6 5 75
23 25 24 24 698
31 30 30 29 888
21 19 20 20 554
9 11 11 11 249
18 17 17 16 459
2 3 3 4 1
18 17 17 17 468
14 13 12 14 341
16 15 14 15 398
19 19 18 19 523
24 24 24 24 692
5 7 7 6 108
10 8 8 10 196
10 9 9 10 213
32 33 33 32 973
6 7 7 7 124
10 11 10 11 252
33 33 35 33 997
16 16 15 17 433
30 30 31 30 894
14 14 14 13 353
8 7 7 8 147
17 16 16 16 435
23 24 24 25 694
22 21 20 22 605
5 6 5 6 87
24 23 22 24 671
22 20 20 22 592
15 16 16 16 421
28 27 27 28 807
10 12 12 12 282
3 3 2 4 4
19 19 19 21 545
32 32 32 33 965
23 22 23 22 637
26 27 27 28 793
32 33 32 33 978
11 10 9 10 233
20 18 19 19 521
22 20 21 21 587
12 11 10 12 275
24 25 25 24 709
17 17 17 18 470
14 15 14 14 375
7 7 8 7 135
18 18 20 18 502
12 12 12 11 287
14 12 12 14 328
18 18 17 18 490
5 5 5 3 47
21 23 22 22 632
12 11 11 10 261
25 27 27 26 768
12 11 12 12 283
19 19 19 19 527
29 27 28 28 818
22 22 22 24 644
32 33 32 33 978
7 8 7 7 144
12 10 10 11 253
22 22 22 24 644
25 26 26 27 760
21 21 20 22 598
17 19 18 18 500
27 26 27 27 778
15 16 16 15 412
33 33 34 33 993
20 19 19 20 543
25 26 27 25 746
8 7 7 8 147
21 21 22 21 597
21 20 21 21 580
23 23 23 21 641
4 4 4 2 14
3 4 3 4 21
23 22 21 23 638
15 15 13 15 387
30 30 30 31 899
10 10 10 11 239
11 9 9 11 229
20 19 18 20 539
9 9 10 9 201
32 32 31 32 952
27 27 27 27 791
23 23 21 23 651
15 14 14 13 360
27 28 28 28 817
16 16 16 18 446
17 16 15 17 440
6 5 5 6 81
16 16 16 15 419
7 9 9 8 174
17 18 18 17 478
22 24 23 23 665
7 8 7 8 153
5 6 6 6 91
14 16 16 14 396
5 6 7 5 86
17 15 16 16 422
33 32 31 33 968
20 18 19 19 521
24 24 25 24 696
18 18 17 19 499
16 15 15 16 411
13 12 12 11 294
11 10 11 10 241
10 11 11 10 247
24 22 22 23 649
13 13 12 13 325
23 22 23 23 646
17 18 17 17 474
19 19 19 18 518
26 25 26 25 736
7 7 7 6 122
5 4 4 3 30
22 23 23 23 652
20 22 22 22 612
18 16 16 18 460
30 30 30 28 872
29 29 29 28 848
15 17 17 15 429
8 7 8 8 151
32 31 32 32 943
10 11 10 11 252
18 19 19 18 511
28 28 26 28 816
7 6 5 6 101
20 19 19 20 543
8 7 6 8 143
13 12 12 11 294
10 10 11 10 234
20 19 19 20 543
7 7 7 5 113
19 21 21 21 579
32 32 33 32 960
19 20 20 21 562
22 24 24 24 678
32 33 34 33 986
28 29 29 30 859
30 30 30 31 899
18 17 18 17 472
21 19 19 21 559
24 24 24 23 683
26 25 24 26 737
8 8 7 8 160
16 17 18 16 449
28 29 29 30 859
19 19 19 17 509
9 10 10 10 223
26 26 27 25 753
18 17 17 16 459
13 14 13 14 351
15 13 14 14 356
32 30 31 31 917
17 16 16 17 444
26 26 26 25 749
26 25 25 24 723
16 17 17 17 454
19 19 18 19 523
13 15 15 14 372
21 21 22 21 597
9 10 11 9 218
31 33 32 32 962
8 8 7 9 169
28 29 29 30 859
24 25 25 26 727
23 23 24 23 663
5 3 3 4 22
4 4 3 4 28
15 14 14 15 378
