500 184778
19 20 21 19 548
14 13 12 13 332
24 24 24 24 692
22 21 21 20 591
24 22 22 22 640
10 11 11 11 256
23 22 23 23 646
12 13 12 12 309
28 28 28 27 815
15 17 17 17 447
7 8 9 8 161
15 15 15 15 395
33 33 34 32 984
28 28 29 27 819
22 21 20 21 596
28 26 26 28 790
15 17 17 17 447
8 8 8 10 182
6 5 5 5 72
30 30 30 32 908
16 17 18 17 458
28 26 26 27 781
31 31 33 31 931
23 22 23 23 646
27 27 28 26 786
29 30 29 30 879
34 32 33 33 983
5 5 5 4 56
24 26 25 25 731
29 29 29 31 875
16 16 16 14 410
12 11 11 12 279
24 22 22 23 649
24 24 24 26 710
24 24 24 26 710
24 24 23 24 688
13 13 13 11 311
14 14 14 14 362
21 23 23 23 645
4 4 4 3 23
5 6 6 6 91
19 17 17 17 475
24 25 25 26 727
11 12 12 12 289
21 22 22 22 619
5 6 7 5 86
28 28 28 29 833
15 15 16 14 390
5 7 6 6 104
7 7 7 6 122
21 20 19 20 563
6 6 6 4 80
12 11 10 12 275
32 30 31 31 917
30 30 28 30 882
33 33 35 33 997
12 12 13 11 291
20 22 21 21 599
10 9 8 9 200
33 32 31 33 968
8 8 6 8 156
31 31 31 30 914
3 4 5 4 29
12 11 11 10 261
27 26 25 27 770
28 28 29 27 819
15 15 13 15 387
4 5 5 4 49
26 25 26 25 736
19 19 19 20 536
26 27 26 26 771
29 29 29 30 866
14 14 16 14 370
20 18 18 18 508
7 7 8 6 126
19 19 18 19 523
11 10 9 10 233
28 27 28 28 811
11 12 12 13 298
19 21 20 20 566
16 17 18 16 449
12 12 14 12 304
20 21 21 21 586
24 25 25 25 718
34 33 33 32 987
4 3 4 4 19
12 11 12 11 274
15 14 15 15 382
26 25 26 25 736
26 27 26 27 780
24 23 22 24 671
28 29 30 28 845
7 5 5 5 79
12 14 14 14 348
6 6 6 5 89
29 30 30 30 883
17 18 17 17 474
6 5 5 4 63
12 13 12 13 318
6 7 8 6 119
6 4 4 5 55
31 31 33 31 931
13 15 15 15 381
16 15 15 15 402
31 31 31 32 932
27 28 29 28 821
29 29 28 30 862
9 8 8 8 171
22 20 21 21 587
10 9 10 9 208
30 28 29 29 851
23 23 25 23 667
26 26 26 28 776
14 15 15 16 397
6 6 6 5 89
30 31 31 30 907
5 5 4 5 61
9 7 7 8 154
26 26 26 26 758
17 17 15 17 453
20 19 19 18 525
16 14 15 15 389
9 8 9 9 184
10 8 9 9 191
6 5 6 6 85
9 10 9 10 219
15 15 15 13 377
25 24 23 24 695
10 11 11 11 256
16 15 14 15 398
18 18 17 19 499
25 27 27 27 777
27 28 28 29 826
18 17 17 18 477
12 12 12 10 278
2 4 4 4 18
30 31 31 31 916
29 29 29 31 875
10 10 11 10 234
24 23 24 24 679
31 30 29 31 902
15 13 13 13 343
5 6 7 5 86
9 10 10 11 232
22 22 22 23 635
32 33 32 33 978
23 23 22 24 664
9 7 7 7 145
24 23 24 23 670
25 26 26 27 760
11 12 11 12 285
25 27 26 26 764
26 24 24 24 706
15 16 17 15 416
15 15 13 15 387
9 10 9 9 210
25 23 23 23 673
22 24 24 23 669
32 32 31 33 961
13 12 13 13 316
30 31 31 30 907
28 27 26 28 803
28 28 29 27 819
15 15 17 15 403
21 19 19 20 550
12 12 11 12 292
16 18 18 17 471
5 6 5 6 87
29 29 30 29 861
21 22 21 21 606
24 23 23 24 675
8 8 8 7 155
31 31 31 33 941
7 7 7 5 113
19 20 19 20 549
13 15 14 14 368
9 9 10 9 201
29 29 29 29 857
25 23 24 24 686
2 4 4 3 9
25 25 25 26 734
16 17 17 17 454
32 33 34 33 986
22 23 22 23 648
8 6 6 6 112
10 10 10 12 248
12 14 13 13 335
29 31 31 29 891
17 17 17 17 461
7 7 7 7 131
7 9 9 8 174
16 14 14 15 385
31 31 31 29 905
24 23 23 22 657
13 14 15 14 359
20 20 20 18 542
18 19 19 19 520
31 32 33 32 953
3 4 5 4 29
16 17 17 16 445
11 12 11 12 285
16 16 16 16 428
21 19 19 21 559
6 8 7 7 137
27 27 27 25 773
28 27 28 28 811
19 19 19 20 536
28 27 27 28 807
4 4 5 3 27
21 20 21 21 580
11 11 11 10 254
20 19 19 20 543
30 30 32 30 898
4 4 4 5 41
20 19 20 20 547
22 21 22 22 613
21 23 23 22 636
5 6 7 6 95
5 3 3 4 22
12 14 14 13 339
32 32 31 33 961
16 16 16 15 419
29 30 31 29 878
31 31 30 32 928
18 17 17 16 459
32 31 32 31 934
16 18 18 16 462
20 20 20 22 578
7 7 6 8 136
16 15 15 14 393
12 11 11 10 261
30 30 31 30 894
7 5 6 6 92
8 6 6 7 121
19 20 20 20 553
34 32 32 32 970
32 33 32 33 978
25 27 27 26 768
34 33 33 32 987
16 16 16 14 410
18 20 20 19 537
26 24 24 24 706
26 25 24 26 737
7 5 5 5 79
17 15 15 15 409
28 28 30 28 832
10 11 12 10 251
16 14 15 15 389
12 12 12 14 314
21 20 21 20 571
21 19 20 20 554
30 30 29 31 895
6 4 4 4 46
22 22 22 20 608
33 32 32 33 972
31 32 33 31 944
27 27 27 25 773
29 30 31 30 887
15 15 15 14 386
7 7 7 9 149
22 24 24 24 678
34 32 32 34 988
11 10 10 10 237
21 22 23 21 614
9 10 10 10 223
24 26 25 25 731
30 31 31 31 916
4 4 4 5 41
24 23 23 24 675
11 12 12 11 280
6 7 7 6 115
18 17 18 18 481
22 22 22 20 608
25 25 25 23 707
6 6 7 5 93
12 11 11 11 270
19 21 21 21 579
24 26 26 26 744
25 25 24 26 730
28 29 28 28 837
4 4 6 4 40
24 23 22 24 671
32 30 30 32 922
29 28 27 29 836
26 27 27 27 784
13 12 11 13 308
18 19 18 18 507
33 33 32 33 985
25 25 26 25 729
23 24 24 24 685
21 22 22 22 619
26 27 27 26 775
33 33 33 32 980
4 3 4 4 19
28 26 27 27 785
4 3 4 3 10
25 25 25 27 743
31 32 32 33 958
6 7 7 6 115
4 4 3 4 28
11 12 11 12 285
23 23 23 24 668
13 11 11 13 295
4 3 3 4 15
22 21 21 22 609
14 14 14 16 380
31 30 31 31 910
25 24 24 24 699
16 16 16 15 419
10 11 11 12 265
34 33 33 33 996
10 10 10 12 248
20 20 21 19 555
26 25 26 26 745
5 5 6 5 69
18 16 16 18 460
16 14 14 15 385
29 30 31 29 878
19 19 20 18 522
3 4 4 3 16
13 15 15 15 381
9 7 7 7 145
24 23 22 24 671
23 24 24 24 685
11 12 12 12 289
11 10 11 10 241
7 7 9 7 139
16 16 16 14 410
22 23 22 22 639
27 28 28 28 817
14 14 14 12 344
18 20 20 20 546
28 28 27 28 820
19 21 21 19 561
6 8 8 6 132
32 32 32 32 956
25 26 26 27 760
15 13 14 14 356
22 23 23 23 652
17 16 17 16 439
7 7 5 7 123
13 14 15 14 359
31 33 32 32 962
19 19 18 19 523
31 29 30 30 884
28 28 28 26 806
11 11 10 11 259
34 33 32 33 992
9 9 10 8 192
10 9 8 9 200
17 16 16 15 426
8 6 6 8 130
28 29 28 29 846
11 11 12 10 258
16 15 15 14 393
33 32 31 32 959
20 20 19 21 565
33 33 32 33 985
16 16 15 17 433
23 22 23 23 646
24 24 24 25 701
26 26 27 25 753
31 30 30 30 897
19 19 18 19 523
8 9 9 8 181
28 28 28 28 824
17 15 15 15 409
5 6 6 6 91
11 11 13 11 271
6 6 5 6 94
24 24 26 24 700
28 26 26 27 781
23 23 23 23 659
9 9 9 11 215
26 26 24 26 750
16 16 14 16 420
25 24 25 25 712
10 9 9 10 213
16 18 17 17 467
28 27 28 27 802
11 10 9 10 233
9 10 10 9 214
8 8 6 8 156
32 33 33 32 973
10 9 10 9 208
6 5 4 5 68
31 31 30 32 928
12 11 11 12 279
26 27 27 28 793
8 8 8 8 164
10 9 9 10 213
34 32 32 32 970
12 12 12 10 278
19 18 17 18 497
25 23 24 24 686
15 14 14 14 369
22 23 23 22 643
3 4 3 4 21
12 13 13 12 313
29 28 28 29 840
32 32 31 32 952
19 19 19 19 527
31 33 33 33 975
19 19 21 19 535
25 25 27 25 733
23 24 24 25 694
3 4 5 3 20
26 25 25 25 732
13 13 14 12 324
27 27 27 28 800
15 15 15 14 386
29 28 27 29 836
22 24 24 22 660
18 18 16 18 486
15 13 13 13 343
19 19 18 20 532
11 11 12 10 258
14 15 15 15 388
12 11 10 12 275
19 19 18 20 532
10 10 11 10 234
20 19 19 20 543
14 15 15 16 397
18 17 17 18 477
27 29 29 28 834
11 11 11 13 281
31 31 32 31 927
11 12 12 12 289
16 17 18 16 449
21 21 21 19 575
8 8 10 8 172
25 25 25 24 716
16 14 15 15 389
21 22 21 22 615
19 20 21 19 548
28 27 26 27 794
30 31 32 30 911
27 25 25 25 739
15 15 14 16 400
13 13 13 11 311
5 5 5 6 74
21 20 19 21 572
14 14 14 12 344
25 23 23 24 682
17 17 16 17 457
11 12 13 11 284
14 15 14 15 384
4 5 6 4 53
33 32 31 32 959
34 33 32 33 992
8 9 10 8 185
16 18 17 17 467
12 12 11 13 301
7 5 5 5 79
4 5 5 4 49
29 31 30 30 896
32 33 32 32 969
12 11 12 12 283
33 32 32 32 963
3 4 4 4 25
4 4 4 6 50
7 5 5 5 79
13 11 11 11 277
3 3 5 3 7
30 29 29 28 855
26 27 28 27 788
19 19 20 18 522
22 24 24 22 660
8 8 10 8 172
16 16 16 15 419
21 22 23 22 623
6 6 5 7 103
16 16 16 17 437
18 17 17 18 477
26 26 25 26 754
15 16 15 15 408
25 25 26 24 720
11 10 11 10 241
27 28 29 28 821
29 31 30 30 896
21 21 20 22 598
10 8 8 9 187
19 21 21 19 561
26 25 25 25 732
27 26 27 26 769
25 25 23 25 717
19 19 17 19 519
16 18 18 17 471
5 4 3 5 44
16 17 16 17 450
14 13 13 14 345
23 24 23 23 672
25 25 25 24 716
15 15 14 16 400
6 8 7 7 137
11 13 13 13 315
18 18 19 17 489
14 14 15 14 366
11 11 11 12 272
23 22 22 22 633
