50 14534
28 29 30 28 845
26 27 27 27 784
34 32 32 33 979
14 13 13 13 336
20 20 20 18 542
19 20 20 19 544
5 4 5 5 52
13 13 13 15 347
4 4 4 6 50
20 20 21 20 564
22 23 22 23 648
8 9 9 9 190
23 23 22 24 664
33 33 35 33 997
31 31 30 32 928
22 24 24 24 678
10 11 11 11 256
25 23 23 25 691
33 32 33 33 976
23 24 24 24 685
12 11 12 12 283
2 4 3 3 5
11 11 10 11 259
2 4 4 3 9
12 11 11 12 279
22 23 22 23 648
22 23 23 22 643
9 9 10 9 201
7 6 6 7 114
21 23 23 21 627
32 32 33 32 960
5 6 6 7 100
11 13 13 12 306
31 33 33 33 975
34 32 32 34 988
27 26 26 25 756
28 30 30 29 867
21 22 22 23 628
19 18 18 19 510
25 27 27 25 759
7 8 9 7 152
5 5 6 5 69
31 31 30 31 919
13 13 13 11 311
22 21 21 22 609
9 10 9 9 210
33 33 33 32 980
33 33 32 34 994
23 21 22 22 620
26 25 25 25 732
