50 7917
15 15 13 15 387
17 18 18 17 478
28 29 29 30 859
29 30 30 29 874
5 6 7 6 95
10 9 8 10 209
33 33 32 34 994
8 10 9 9 203
19 19 19 21 545
32 30 31 31 917
30 29 30 29 868
25 24 24 24 699
18 18 20 18 502
25 25 25 27 743
7 8 9 7 152
17 18 19 17 482
8 7 8 7 142
5 3 4 4 26
9 9 10 8 192
18 19 20 19 524
11 10 9 11 242
19 19 18 19 523
4 5 4 5 54
11 10 10 9 228
29 31 30 30 896
11 11 13 11 271
3 5 5 5 51
12 10 10 11 253
29 29 29 30 866
12 11 12 11 274
29 28 29 28 835
4 4 4 2 14
17 19 19 18 504
14 14 16 14 370
17 17 18 17 465
13 12 12 11 294
19 19 19 19 527
9 9 9 11 215
14 14 14 16 380
31 30 30 30 897
24 23 23 24 675
28 27 26 28 803
24 24 24 22 674
33 32 33 32 967
8 9 10 8 185
7 8 7 8 153
14 12 12 13 319
21 22 21 22 615
8 7 7 7 138
10 10 11 9 225
