100 14865
25 26 26 27 760
29 31 31 29 891
6 6 6 6 98
17 19 18 18 500
3 3 2 4 4
12 11 11 12 279
17 17 17 15 443
15 16 15 15 408
20 20 20 21 569
27 27 28 26 786
25 25 26 25 729
21 21 21 23 611
23 24 23 24 681
9 9 7 9 189
18 19 20 19 524
31 32 31 31 936
23 25 25 23 693
23 25 25 23 693
10 10 9 11 235
24 26 26 26 744
21 23 22 22 632
23 22 22 23 642
19 19 18 20 532
16 18 17 17 467
28 27 27 26 789
14 15 15 15 388
32 33 32 32 969
21 20 21 21 580
2 4 3 3 5
10 8 8 9 187
11 9 9 11 229
12 12 10 12 288
32 33 33 32 973
16 16 17 15 423
15 15 14 16 400
15 13 13 13 343
11 12 13 12 293
10 11 11 11 256
14 14 14 12 344
32 32 32 30 938
9 7 7 7 145
11 11 10 11 259
26 27 28 26 779
9 9 8 9 193
4 4 4 3 23
16 16 16 16 428
24 25 24 24 705
23 22 23 23 646
17 16 16 16 435
28 27 26 27 794
31 31 30 32 928
30 30 29 31 895
8 9 10 8 185
14 16 16 16 414
31 30 30 30 897
13 14 14 13 346
27 25 26 26 752
28 26 26 27 781
28 29 30 28 845
32 33 33 33 982
6 8 8 7 141
10 12 12 12 282
15 15 13 15 387
10 8 9 9 191
9 9 7 9 189
27 29 29 27 825
23 21 21 23 625
33 33 31 33 981
29 29 28 29 853
29 29 29 27 839
9 7 8 8 158
12 12 12 11 287
9 11 10 10 236
5 5 5 5 65
19 17 17 17 475
21 21 21 21 593
6 4 5 5 59
17 17 17 15 443
29 30 29 30 879
27 28 28 28 817
7 7 8 7 135
24 22 22 23 649
29 29 30 29 861
10 9 9 8 195
16 16 16 16 428
14 15 16 14 383
11 11 12 11 267
5 5 7 5 73
26 25 25 24 723
19 19 18 20 532
33 32 33 33 976
9 10 11 10 227
30 29 29 28 855
16 15 16 16 415
26 25 24 25 728
17 15 16 16 422
2 4 4 3 9
32 33 34 33 986
25 27 27 26 768
6 4 4 4 46
