500 126131
11 10 10 11 246
4 3 3 4 15
21 21 21 19 575
8 10 10 9 207
26 25 24 25 728
22 20 20 20 574
34 32 32 34 988
15 16 15 15 408
20 19 19 20 543
32 30 31 31 917
29 29 28 29 853
7 6 6 6 105
29 29 28 30 862
5 7 7 5 99
9 9 9 7 179
30 28 28 29 847
15 15 15 13 377
17 17 16 17 457
6 7 7 7 124
33 33 34 33 993
22 22 22 23 635
20 21 21 21 586
24 22 22 22 640
3 4 4 3 16
5 5 5 7 83
25 27 27 26 768
13 14 14 13 346
10 9 10 9 208
5 5 4 5 61
23 23 22 23 655
3 3 5 3 7
23 21 21 22 616
8 8 8 10 182
25 23 23 24 682
17 17 17 15 443
19 20 20 21 562
16 15 15 14 393
12 11 11 10 261
5 4 4 3 30
27 28 28 28 817
8 7 6 8 143
26 28 27 27 797
16 16 15 17 433
19 19 18 19 523
4 6 6 6 84
30 30 30 29 881
5 5 6 5 69
12 13 13 12 313
8 10 9 9 203
28 29 28 28 837
21 19 19 20 550
27 26 26 26 765
27 27 27 28 800
4 4 4 5 41
4 3 2 3 2
8 7 8 8 151
11 11 11 9 245
22 24 24 22 660
14 14 12 14 354
24 22 22 23 649
4 4 6 4 40
6 6 6 8 116
4 6 6 5 75
14 12 12 14 328
5 7 6 6 104
24 24 24 25 701
26 27 27 27 784
28 28 28 30 842
18 16 16 17 451
9 9 9 8 188
26 25 24 25 728
16 18 18 17 471
7 7 7 9 149
10 11 10 11 252
30 29 30 29 868
28 28 28 30 842
16 18 18 17 471
24 22 22 24 658
10 9 9 8 195
31 29 29 31 889
16 17 18 17 458
17 18 18 17 478
5 5 4 5 61
18 16 16 18 460
18 16 16 17 451
21 23 23 23 645
30 30 30 29 881
24 25 25 25 718
7 8 7 8 153
21 22 21 22 615
23 23 23 24 668
25 23 23 24 682
32 31 32 32 943
27 25 25 26 748
23 23 21 23 651
15 15 14 16 400
9 9 9 8 188
18 18 18 20 512
26 28 28 27 801
7 7 6 7 127
24 22 22 23 649
11 10 9 11 242
25 25 27 25 733
21 22 22 23 628
22 22 22 21 617
25 24 24 24 699
12 13 13 14 331
19 19 19 20 536
20 20 19 20 556
13 11 12 12 290
26 27 26 27 780
16 17 18 17 458
33 33 32 33 985
24 24 24 24 692
32 32 34 32 964
9 9 8 10 202
29 30 31 30 887
24 24 23 25 697
31 32 32 33 958
4 4 5 3 27
22 24 24 22 660
21 19 19 20 550
13 14 15 14 359
6 8 8 7 141
19 19 19 18 518
24 25 26 24 713
22 22 24 22 634
28 28 28 28 824
29 29 28 29 853
18 20 19 19 533
28 29 29 28 841
11 10 10 11 246
23 23 24 23 663
23 23 24 23 663
32 32 33 31 951
18 17 16 18 473
3 5 5 4 42
21 19 19 20 550
9 9 9 8 188
6 5 6 6 85
14 12 12 13 319
8 8 8 7 155
21 23 22 22 632
7 6 5 7 110
19 20 21 20 557
7 8 7 7 144
27 27 29 27 799
33 32 33 33 976
23 21 21 22 616
23 24 24 24 685
31 32 32 33 958
30 32 32 30 924
26 24 24 25 715
25 24 24 23 690
19 20 21 20 557
11 11 12 11 267
32 32 33 31 951
17 15 15 16 418
20 19 20 20 547
7 9 8 8 170
32 33 33 34 991
17 18 18 19 496
31 31 30 32 928
27 28 29 28 821
8 9 9 8 181
23 23 23 24 668
16 15 14 15 398
32 32 32 32 956
2 4 4 4 18
8 8 10 8 172
15 13 14 14 356
13 12 13 12 307
7 6 6 7 114
14 14 14 14 362
6 5 4 5 68
23 22 21 23 638
18 18 17 19 499
18 18 18 18 494
15 13 13 13 343
14 12 12 12 310
30 30 31 29 885
11 11 11 13 281
8 8 7 8 160
26 25 25 24 723
32 31 32 31 934
9 11 11 10 240
26 28 28 27 801
9 9 9 10 206
27 29 29 29 843
23 23 22 23 655
12 11 10 11 266
21 22 23 21 614
25 24 24 25 708
32 31 31 31 930
31 30 29 30 893
8 9 8 8 177
29 29 28 29 853
12 13 13 12 313
13 11 11 12 286
8 7 7 7 138
32 31 32 32 943
27 29 29 27 825
11 11 11 12 272
29 30 30 30 883
33 33 34 33 993
25 27 26 26 764
22 23 24 23 656
14 14 14 13 353
7 7 8 7 135
12 11 12 11 274
33 32 32 31 954
21 20 20 21 576
17 18 17 17 474
27 28 28 28 817
23 25 25 23 693
8 10 10 9 207
30 32 31 31 929
27 26 26 25 756
5 4 5 4 43
17 16 17 17 448
5 3 3 5 31
20 20 21 20 564
23 23 24 23 663
16 17 16 17 450
19 18 18 17 492
13 15 15 15 381
17 17 17 16 452
25 27 27 27 777
10 10 10 11 239
24 24 26 24 700
33 33 34 32 984
5 4 4 4 39
9 7 8 8 158
10 8 9 9 191
13 12 11 13 308
27 27 27 28 800
33 32 31 33 968
25 24 25 25 712
4 5 5 4 49
26 27 27 28 793
12 12 12 11 287
16 17 16 16 441
8 7 6 7 134
3 4 5 3 20
11 13 13 12 306
30 32 31 31 929
12 14 14 13 339
22 23 23 23 652
21 20 19 21 572
5 6 6 6 91
18 18 18 17 485
9 7 7 9 163
32 33 33 32 973
18 17 17 16 459
30 31 30 31 912
8 9 9 9 190
27 29 28 28 830
4 4 4 5 41
23 22 21 23 638
22 23 22 22 639
29 29 27 29 849
21 22 21 22 615
17 17 15 17 453
21 22 22 22 619
19 19 20 18 522
22 24 24 23 669
21 21 20 21 589
4 5 5 4 49
34 33 33 32 987
31 31 33 31 931
30 30 30 30 890
5 3 3 4 22
6 5 4 6 77
10 9 9 8 195
20 18 18 18 508
25 27 27 26 768
7 7 6 8 136
16 17 18 17 458
17 16 15 16 431
15 14 14 13 360
10 11 11 11 256
33 32 31 32 959
9 9 9 8 188
17 17 15 17 453
27 25 25 26 748
22 23 24 23 656
6 6 7 5 93
15 15 16 15 399
33 32 32 33 972
18 17 17 18 477
17 19 18 18 500
20 22 22 20 594
24 25 26 25 722
4 3 3 4 15
26 25 26 26 745
6 4 4 5 55
24 26 26 25 735
30 31 31 31 916
5 4 5 5 52
32 33 33 32 973
12 13 12 12 309
26 27 27 26 775
28 29 29 29 850
22 23 24 23 656
17 18 18 18 487
13 14 14 13 346
13 15 15 15 381
27 27 29 27 799
18 16 16 18 460
31 31 30 32 928
29 31 31 31 909
3 4 5 4 29
11 13 13 12 306
4 5 5 5 58
7 7 7 5 113
4 4 4 2 14
12 10 10 12 262
31 31 33 31 931
16 15 15 16 411
6 6 5 7 103
14 15 16 14 383
15 15 16 15 399
24 25 25 26 727
10 11 12 11 260
31 31 31 33 941
31 30 29 31 902
12 14 14 14 348
6 5 5 6 81
10 9 9 10 213
32 33 34 33 986
29 28 28 29 840
22 22 22 21 617
9 9 10 9 201
13 12 11 13 308
11 12 11 11 276
30 29 28 30 869
32 31 32 31 934
16 16 16 18 446
3 4 4 3 16
20 20 20 18 542
22 22 23 22 630
31 30 30 30 897
33 32 32 32 963
19 20 21 19 548
14 14 14 16 380
26 26 26 25 749
9 8 7 8 167
14 15 14 15 384
33 31 32 32 950
14 15 16 14 383
18 19 19 20 529
30 29 29 30 873
24 22 22 22 640
16 16 15 17 433
19 19 19 20 536
15 15 13 15 387
21 20 20 21 576
9 9 9 7 179
6 7 8 6 119
4 5 5 6 67
23 23 25 23 667
14 13 12 14 341
20 22 21 21 599
2 3 3 4 1
12 11 12 11 274
17 16 15 16 431
23 23 23 21 641
12 10 10 10 244
24 24 22 24 684
6 6 6 6 98
6 6 6 4 80
5 4 3 4 35
23 23 24 22 654
17 19 18 18 500
17 17 15 17 453
15 15 15 13 377
32 31 32 32 943
18 19 19 18 511
15 13 14 14 356
3 4 5 4 29
17 18 18 18 487
6 7 8 6 119
16 18 18 16 462
34 33 32 33 992
24 24 25 23 687
30 30 32 30 898
27 26 27 26 769
6 6 6 4 80
13 15 15 13 363
22 21 20 22 605
18 18 19 17 489
20 21 20 20 573
11 12 12 13 298
12 12 12 13 305
12 11 12 11 274
28 26 27 27 785
31 32 31 32 945
34 33 34 33 1000
34 32 32 33 979
30 29 29 29 864
27 29 29 29 843
28 30 29 29 863
28 27 26 27 794
6 6 6 5 89
27 29 29 28 834
26 26 27 25 753
25 24 25 24 703
30 31 30 31 912
9 7 7 7 145
29 28 27 29 836
9 8 9 9 184
12 12 10 12 288
26 24 24 24 706
22 20 20 21 583
28 28 29 27 819
9 10 9 10 219
30 30 32 30 898
8 9 9 8 181
4 4 5 4 36
18 19 18 19 516
30 30 29 30 886
28 28 30 28 832
30 30 32 30 898
20 21 21 20 577
15 15 15 17 413
32 30 30 30 904
7 7 7 5 113
29 30 30 29 874
13 12 13 12 307
13 12 11 13 308
20 20 20 21 569
7 9 9 7 165
11 12 13 11 284
15 15 13 15 387
3 5 5 3 33
26 24 25 25 719
31 33 32 32 962
32 31 31 31 930
12 11 12 12 283
27 25 25 27 757
22 24 24 22 660
15 14 14 13 360
23 25 25 25 711
29 30 31 30 887
18 17 18 18 481
25 24 24 25 708
30 28 29 29 851
31 30 30 29 888
23 24 24 25 694
25 23 24 24 686
20 19 19 18 525
17 16 16 16 435
23 24 24 23 676
4 5 5 4 49
8 9 9 10 199
8 9 9 8 181
32 33 32 33 978
8 8 7 8 160
15 14 15 15 382
25 25 25 26 734
29 27 28 28 818
23 22 23 23 646
11 11 13 11 271
22 21 21 22 609
27 27 28 27 795
11 12 11 12 285
14 13 12 14 341
10 11 11 10 247
13 15 15 15 381
19 19 19 20 536
30 32 31 31 929
14 15 14 15 384
31 30 29 30 893
32 30 30 31 913
31 33 32 32 962
25 25 24 26 730
8 9 9 9 190
22 22 22 21 617
24 23 24 24 679
19 17 17 18 484
4 3 4 4 19
19 17 17 18 484
31 31 31 33 941
29 27 27 27 805
32 32 32 33 965
27 26 26 26 765
7 7 6 8 136
5 5 4 6 70
8 7 7 7 138
15 17 17 15 429
23 22 23 23 646
28 29 28 29 846
9 8 9 9 184
23 22 22 22 633
8 6 6 7 121
6 5 6 5 76
15 15 15 13 377
20 20 19 21 565
18 18 17 19 499
25 23 24 24 686
