50 5694
31 30 31 30 901
31 31 31 32 932
6 6 6 8 116
6 4 5 5 59
21 22 22 22 619
31 32 31 31 936
5 4 5 5 52
33 31 32 32 950
33 33 31 33 981
30 30 29 30 886
6 7 7 7 124
11 13 12 12 302
26 27 27 28 793
26 27 27 26 775
32 32 33 32 960
15 16 15 15 408
3 4 3 4 21
13 15 15 15 381
11 12 12 13 298
23 22 22 23 642
11 10 9 10 233
22 20 20 22 592
9 11 11 9 231
18 18 18 19 503
14 14 14 16 380
31 31 31 31 923
12 10 10 10 244
14 15 16 15 392
8 8 8 9 173
26 24 24 24 706
23 23 23 25 677
10 10 11 10 234
27 25 26 26 752
4 4 4 5 41
29 29 30 29 861
10 9 8 9 200
27 26 26 25 756
10 10 10 10 230
25 26 27 26 755
20 22 22 21 603
25 26 26 26 751
3 5 5 4 42
10 11 10 10 243
26 28 27 27 797
11 12 12 11 280
25 27 27 25 759
33 33 31 33 981
8 8 8 10 182
23 23 22 23 655
28 28 28 29 833
