500 167903
31 31 31 31 923
18 18 18 20 512
15 15 16 14 390
10 9 9 10 213
30 32 32 32 942
19 21 20 20 566
29 29 31 29 865
9 9 9 9 197
23 23 23 23 659
4 3 3 3 6
15 14 13 15 374
25 25 24 26 730
31 31 31 32 932
6 5 6 6 85
13 13 13 11 311
15 14 15 15 382
29 28 28 29 840
12 12 12 11 287
23 21 21 21 607
32 34 33 33 995
18 18 19 17 489
27 25 25 27 757
29 29 30 29 861
29 29 28 30 862
20 20 20 22 578
15 17 17 15 429
8 7 6 8 143
15 15 17 15 403
21 21 23 21 601
5 5 5 7 83
26 25 25 26 741
13 13 14 13 333
17 16 16 15 426
28 30 30 28 858
9 9 10 9 201
13 12 11 12 299
23 23 23 23 659
30 31 30 31 912
11 11 12 10 258
27 25 25 25 739
5 6 7 6 95
27 27 27 28 800
22 21 21 22 609
26 24 25 25 719
29 27 27 28 814
22 23 22 23 648
28 26 26 28 790
22 20 20 20 574
12 12 13 11 291
18 16 16 17 451
25 27 27 25 759
16 15 16 16 415
9 10 11 10 227
20 19 18 20 539
8 10 10 10 216
18 19 19 20 529
15 15 15 14 386
15 16 15 16 417
7 6 6 6 105
26 26 26 26 758
31 29 29 30 880
19 18 19 19 514
30 30 30 30 890
32 30 30 31 913
32 33 32 33 978
13 13 13 11 311
3 3 2 4 4
9 9 10 9 201
24 23 22 24 671
18 17 17 16 459
16 14 15 15 389
18 17 16 18 473
8 10 10 9 207
33 31 31 31 937
18 19 20 19 524
28 27 27 28 807
17 19 18 18 500
3 3 4 3 3
14 13 12 14 341
17 18 17 18 483
25 24 23 25 704
18 18 18 20 512
8 10 9 9 203
6 4 4 6 64
29 28 28 29 840
19 19 19 19 527
33 31 31 33 955
18 17 16 18 473
23 24 25 24 689
5 7 7 5 99
22 22 24 22 634
23 22 21 23 638
19 20 21 19 548
27 27 27 27 791
3 5 5 5 51
15 15 14 16 400
22 20 20 21 583
31 31 31 29 905
6 8 8 8 150
30 31 31 32 925
33 31 32 32 950
8 7 7 7 138
4 4 4 6 50
31 33 33 32 966
29 28 27 28 827
17 18 18 19 496
12 10 10 10 244
18 19 20 18 515
19 19 21 19 535
20 19 20 19 538
26 25 25 24 723
24 22 22 22 640
30 32 31 31 929
32 33 32 32 969
4 5 4 5 54
17 19 18 18 500
10 11 12 10 251
15 16 17 16 425
7 7 7 5 113
9 7 7 9 163
7 7 7 6 122
27 25 25 27 757
18 18 18 19 503
15 16 15 15 408
8 6 7 7 125
15 15 16 14 390
8 8 7 9 169
22 22 20 22 618
29 30 29 30 879
5 5 5 4 56
22 22 22 24 644
27 25 25 26 748
27 29 29 28 834
14 14 14 13 353
7 8 9 7 152
10 8 8 9 187
33 33 33 33 989
10 10 8 10 222
7 7 8 6 126
23 25 24 24 698
16 16 15 17 433
31 33 32 32 962
22 21 20 21 596
7 6 6 7 114
23 22 21 23 638
26 24 24 25 715
13 13 14 12 324
33 32 32 31 954
27 29 29 27 825
16 16 16 18 446
17 19 19 18 504
26 25 26 26 745
27 28 27 28 813
18 20 20 20 546
28 29 29 30 859
7 7 7 6 122
13 13 13 14 338
27 29 29 28 834
8 8 7 8 160
29 30 29 30 879
23 23 23 25 677
26 26 25 27 763
32 32 34 32 964
7 6 5 7 110
29 28 28 28 831
10 10 11 10 234
9 8 8 7 162
4 6 5 5 71
29 29 29 29 857
19 17 17 19 493
25 23 24 24 686
29 30 31 30 887
19 19 20 19 531
22 24 24 23 669
10 11 10 10 243
24 22 22 23 649
24 25 26 24 713
32 32 31 32 952
23 21 21 22 616
5 6 6 5 82
6 5 4 6 77
8 8 8 6 146
21 20 20 21 576
4 3 3 3 6
22 22 23 22 630
19 18 18 17 492
23 21 22 22 620
9 10 11 10 227
5 6 6 7 100
32 32 33 31 951
5 5 6 5 69
22 23 22 23 648
16 17 17 17 454
11 11 11 9 245
23 24 23 23 672
29 27 28 28 818
10 10 9 10 226
18 20 20 19 537
15 15 15 14 386
18 18 18 20 512
23 24 25 23 680
9 9 10 9 201
9 7 7 9 163
27 26 27 26 769
29 28 28 29 840
11 11 11 11 263
12 13 14 13 326
8 7 7 7 138
26 24 24 25 715
15 14 15 15 382
32 32 32 31 947
26 25 26 26 745
17 15 16 16 422
9 10 10 9 214
14 14 13 15 367
22 20 20 22 592
30 29 28 30 869
31 33 33 33 975
10 11 10 11 252
22 22 20 22 618
20 19 20 20 547
29 28 28 28 831
27 28 29 28 821
19 17 17 17 475
10 8 8 8 178
27 28 29 27 812
16 14 14 14 376
24 25 26 24 713
6 5 5 5 72
10 10 9 11 235
23 23 24 22 654
20 20 21 19 555
21 22 23 21 614
4 6 6 4 66
27 25 26 26 752
12 13 14 12 317
23 24 25 24 689
12 13 12 13 318
13 12 13 13 316
18 19 18 19 516
20 18 18 19 517
13 13 12 13 325
6 5 4 5 68
32 32 34 32 964
34 33 34 33 1000
17 18 18 17 478
6 6 6 6 98
6 6 6 7 107
9 7 7 9 163
23 21 22 22 620
8 7 7 6 129
11 12 12 13 298
9 9 9 9 197
17 15 15 17 427
5 5 6 4 60
4 3 4 4 19
9 10 10 9 214
8 8 7 9 169
24 25 24 25 714
14 14 13 14 358
9 9 8 9 193
33 32 33 32 967
7 8 9 8 161
19 18 18 17 492
26 26 26 24 740
21 21 21 23 611
4 5 5 5 58
18 16 16 17 451
27 27 27 27 791
16 16 16 15 419
33 32 33 32 967
27 26 26 25 756
14 13 12 13 332
22 23 24 23 656
20 19 19 18 525
17 18 18 19 496
15 14 13 15 374
17 19 19 17 495
10 10 10 12 248
4 5 6 5 62
25 23 24 24 686
19 19 18 19 523
24 26 26 25 735
16 17 17 17 454
5 3 4 4 26
11 12 11 12 285
11 11 12 11 267
19 18 17 18 497
27 29 29 29 843
27 27 25 27 783
24 24 24 26 710
10 12 11 11 269
27 28 29 27 812
4 6 6 6 84
23 23 22 24 664
32 33 32 33 978
29 30 30 29 874
25 26 26 25 742
23 24 24 24 685
17 15 15 15 409
18 18 17 19 499
7 6 5 6 101
29 27 27 27 805
4 4 2 4 24
29 28 28 29 840
12 10 10 10 244
31 31 31 32 932
22 20 20 21 583
19 19 18 20 532
30 28 28 29 847
12 13 14 12 317
29 29 29 28 848
8 8 10 8 172
24 23 24 24 679
6 5 5 5 72
2 4 4 3 9
7 6 7 6 109
32 33 32 33 978
24 24 24 23 683
26 28 28 26 792
20 20 19 21 565
9 9 9 9 197
26 26 24 26 750
24 23 22 24 671
6 6 6 8 116
9 7 7 7 145
19 17 18 18 488
8 9 9 8 181
6 6 4 6 90
9 9 10 9 201
9 7 8 8 158
5 4 4 3 30
19 19 19 19 527
4 3 4 4 19
29 28 28 28 831
27 26 25 26 761
34 32 33 33 983
8 9 9 10 199
16 15 14 15 398
5 6 7 5 86
16 15 15 15 402
34 32 32 32 970
15 16 16 15 412
20 19 18 19 530
15 16 16 15 412
17 17 16 17 457
10 12 12 12 282
21 22 22 21 610
28 26 26 28 790
13 15 14 14 368
17 15 15 16 418
28 27 27 27 798
22 21 20 21 596
13 13 15 13 337
7 9 9 7 165
8 8 7 8 160
18 18 16 18 486
18 19 18 18 507
10 9 9 8 195
28 28 29 27 819
22 22 21 23 631
27 27 27 25 773
20 20 22 20 568
17 15 15 16 418
18 19 19 20 529
7 6 5 7 110
21 22 22 21 610
30 29 28 30 869
6 6 7 5 93
23 22 23 22 637
6 4 5 5 59
27 27 26 27 787
18 17 18 17 472
20 19 19 18 525
16 16 16 15 419
3 4 5 4 29
24 24 26 24 700
8 9 9 9 190
29 31 30 30 896
26 25 25 24 723
33 32 32 33 972
20 19 19 18 525
22 24 24 24 678
7 6 6 6 105
28 30 30 29 867
16 15 16 15 406
33 32 31 33 968
30 32 32 30 924
31 31 31 31 923
26 26 26 26 758
20 20 20 18 542
8 6 6 6 112
17 17 17 16 452
26 27 28 27 788
12 11 12 11 274
10 10 12 10 238
11 11 11 10 254
29 31 30 30 896
17 15 15 17 427
26 24 24 24 706
26 26 28 26 766
20 20 18 20 552
12 12 12 12 296
21 23 22 22 632
7 9 9 7 165
21 21 20 21 589
19 20 20 21 562
15 17 17 15 429
16 14 14 14 376
30 31 30 30 903
33 33 32 34 994
14 15 15 16 397
14 13 13 13 336
25 25 25 23 707
9 8 9 8 175
10 10 10 9 221
32 32 32 34 974
22 21 20 21 596
10 11 10 11 252
7 7 7 6 122
13 14 15 13 350
22 23 22 22 639
14 15 16 15 392
11 11 11 12 272
15 14 14 13 360
25 25 24 25 721
22 20 20 21 583
16 16 17 16 432
25 26 25 26 747
22 21 20 22 605
27 27 28 26 786
13 11 12 12 290
20 19 20 19 538
4 4 3 4 28
28 28 28 29 833
28 26 27 27 785
7 6 6 5 96
10 11 11 12 265
34 33 32 33 992
13 13 15 13 337
3 5 5 5 51
4 6 6 4 66
7 6 7 6 109
25 25 26 24 720
25 25 27 25 733
6 6 6 4 80
25 23 23 24 682
10 11 11 10 247
3 3 3 5 17
19 21 21 20 570
7 7 6 7 127
16 17 16 16 441
32 32 33 31 951
12 11 10 12 275
32 32 32 33 965
16 15 14 16 407
6 4 4 4 46
24 25 25 26 727
34 32 32 34 988
9 9 9 9 197
3 5 5 4 42
32 31 31 32 939
29 30 30 30 883
6 6 7 6 102
15 16 15 16 417
31 32 32 33 958
31 31 30 31 919
23 23 23 25 677
23 23 25 23 667
25 25 25 27 743
7 8 8 9 166
21 23 23 22 636
21 21 22 20 588
8 10 10 10 216
11 9 9 11 229
13 15 15 15 381
34 32 32 32 970
5 4 4 3 30
5 5 5 4 56
16 14 14 14 376
28 28 29 27 819
15 16 16 16 421
4 6 6 4 66
32 32 33 32 960
19 18 17 19 506
23 23 22 24 664
31 30 30 30 897
24 24 24 23 683
6 4 4 5 55
4 3 3 4 15
3 3 5 3 7
31 29 29 30 880
29 30 30 30 883
27 25 25 25 739
19 18 18 18 501
19 20 21 20 557
20 18 18 19 517
19 20 19 19 540
9 10 9 10 219
11 13 13 13 315
