500 137029
11 12 11 11 276
22 22 22 22 626
23 23 21 23 651
10 11 12 10 251
12 13 13 14 331
20 20 20 18 542
7 8 7 8 153
23 24 24 24 685
14 14 16 14 370
13 14 15 14 359
22 22 22 24 644
31 32 32 33 958
20 21 21 20 577
17 16 16 17 444
25 24 24 24 699
23 24 24 24 685
29 29 28 30 862
15 16 17 15 416
28 29 29 28 841
25 24 24 25 708
27 29 29 28 834
9 10 9 9 210
30 31 32 31 920
18 18 18 18 494
10 11 12 11 260
11 11 11 9 245
30 31 32 31 920
21 21 19 21 585
25 25 24 26 730
10 10 10 10 230
9 9 8 9 193
24 26 25 25 731
19 20 20 21 562
10 11 11 11 256
15 15 16 15 399
30 30 31 29 885
28 26 27 27 785
10 11 10 11 252
16 14 14 16 394
15 16 17 16 425
10 10 10 9 221
4 4 5 4 36
14 13 13 14 345
9 8 9 8 175
13 12 12 11 294
21 21 21 20 584
14 16 16 14 396
17 16 17 17 448
6 5 6 6 85
27 28 27 28 813
14 14 13 14 358
5 6 7 5 86
31 29 29 29 871
28 28 28 26 806
33 31 31 31 937
29 28 27 28 827
7 6 5 7 110
21 22 22 21 610
6 6 6 4 80
9 9 10 8 192
16 15 16 15 406
14 12 12 12 310
25 24 23 24 695
25 24 24 25 708
12 14 14 13 339
11 12 12 12 289
23 24 24 24 685
20 20 20 19 551
16 16 15 16 424
4 4 2 4 24
4 3 3 4 15
7 5 5 7 97
21 23 23 22 636
30 32 32 32 942
8 10 9 9 203
3 5 5 3 33
27 27 25 27 783
32 32 33 31 951
14 16 16 16 414
13 12 11 13 308
32 31 30 31 926
13 12 13 13 316
5 4 5 5 52
18 18 20 18 502
12 10 10 10 244
23 24 23 24 681
8 8 8 6 146
21 19 20 20 554
10 10 9 10 226
33 33 35 33 997
22 22 23 22 630
29 29 28 30 862
19 17 17 17 475
19 20 21 19 548
26 25 25 26 741
20 21 21 22 595
20 18 18 20 526
31 30 30 31 906
33 33 32 34 994
17 19 19 17 495
14 15 15 15 388
7 7 6 8 136
14 13 12 13 332
2 4 3 3 5
4 3 2 4 11
18 16 16 17 451
31 30 31 30 901
5 6 5 6 87
22 24 24 22 660
8 7 7 7 138
6 6 6 4 80
7 7 7 9 149
9 9 8 9 193
30 31 30 31 912
20 19 18 19 530
7 8 9 7 152
32 30 30 30 904
32 33 34 33 986
7 7 8 6 126
32 33 33 32 973
6 6 6 5 89
18 18 20 18 502
32 32 32 31 947
13 12 12 13 312
10 9 10 9 208
4 6 6 5 75
17 16 16 16 435
11 10 9 10 233
33 32 31 32 959
20 19 19 18 525
30 29 29 29 864
15 15 14 15 391
26 28 28 28 810
32 31 30 31 926
31 30 29 31 902
23 21 21 21 607
9 11 11 9 231
26 27 27 27 784
31 30 30 29 888
17 19 18 18 500
31 31 33 31 931
12 11 11 12 279
19 20 20 19 544
19 21 21 19 561
18 17 16 18 473
7 7 5 7 123
24 25 24 25 714
14 16 15 15 401
26 26 26 24 740
16 17 18 16 449
9 10 10 9 214
9 8 7 9 176
6 7 6 7 120
26 25 25 24 723
27 27 27 25 773
17 18 18 17 478
22 22 22 24 644
30 31 31 32 925
32 32 31 33 961
32 33 34 33 986
20 20 21 20 564
30 29 29 29 864
28 29 29 29 850
9 7 7 7 145
24 24 23 25 697
15 17 17 15 429
32 33 34 32 977
30 32 32 30 924
19 18 18 19 510
27 26 26 25 756
28 29 28 29 846
12 13 12 13 318
11 11 11 11 263
20 21 21 21 586
32 32 32 31 947
21 22 21 22 615
28 27 28 28 811
11 13 13 11 297
30 30 30 30 890
7 7 6 7 127
16 16 14 16 420
26 26 26 28 776
33 33 33 32 980
34 33 32 33 992
24 24 24 25 701
26 24 25 25 719
9 8 8 7 162
12 11 12 12 283
12 12 12 12 296
30 31 32 30 911
25 24 23 25 704
11 11 10 12 268
14 15 14 14 375
24 24 26 24 700
5 5 5 4 56
9 10 9 9 210
30 31 31 31 916
4 3 3 3 6
29 29 28 29 853
19 19 19 20 536
22 24 24 24 678
9 7 7 9 163
25 23 23 25 691
14 13 14 14 349
27 28 27 27 804
32 31 30 32 935
23 23 23 21 641
28 29 29 30 859
25 23 23 25 691
5 7 7 7 117
22 22 23 21 621
11 11 13 11 271
25 27 27 27 777
8 10 10 10 216
8 7 6 8 143
21 22 23 22 623
21 21 21 19 575
4 4 4 6 50
9 8 8 8 171
21 20 20 21 576
22 20 20 22 592
19 19 18 20 532
13 12 12 11 294
26 24 24 26 724
7 8 8 9 166
32 33 32 33 978
5 5 6 5 69
17 15 15 17 427
24 22 22 23 649
4 3 2 4 11
22 23 23 23 652
26 25 26 25 736
11 11 9 11 255
12 14 14 13 339
17 18 17 18 483
34 33 34 33 1000
24 26 26 25 735
25 25 25 23 707
30 31 31 30 907
18 17 18 18 481
33 31 31 31 937
22 22 23 22 630
20 20 21 19 555
13 13 14 12 324
33 32 33 33 976
14 13 13 12 327
18 18 18 18 494
25 26 25 26 747
27 27 28 27 795
14 15 16 14 383
13 15 15 14 372
26 24 24 24 706
24 22 22 22 640
31 31 31 33 941
24 22 22 24 658
19 17 17 17 475
14 14 14 16 380
32 33 32 33 978
20 20 20 22 578
10 11 11 10 247
34 32 32 33 979
22 22 22 20 608
25 25 25 23 707
9 10 11 9 218
14 12 13 13 323
2 4 3 3 5
14 15 15 16 397
22 22 21 23 631
15 16 17 16 425
4 3 4 4 19
18 19 19 19 520
12 11 11 11 270
32 33 33 33 982
24 24 22 24 684
26 25 25 24 723
13 15 14 14 368
15 15 16 15 399
21 20 19 20 563
14 13 12 13 332
11 12 12 13 298
33 32 31 33 968
31 31 33 31 931
16 15 16 16 415
12 12 11 13 301
9 9 9 8 188
12 12 14 12 304
3 3 4 3 3
8 10 10 9 207
11 11 12 10 258
16 16 17 15 423
18 19 18 18 507
29 30 29 30 879
15 14 13 15 374
18 18 18 16 476
10 10 10 8 212
24 22 22 22 640
20 22 22 20 594
13 14 14 14 355
5 4 5 4 43
5 5 5 6 74
7 8 9 8 161
7 8 8 9 166
24 23 23 23 666
20 21 22 20 581
6 5 5 4 63
13 13 14 12 324
12 11 12 12 283
30 29 29 28 855
20 19 20 20 547
24 25 24 24 705
30 32 31 31 929
31 31 30 32 928
22 23 23 23 652
23 25 25 24 702
16 15 15 15 402
13 12 12 11 294
25 23 23 24 682
11 12 11 11 276
30 29 30 29 868
24 24 25 23 687
18 18 18 18 494
18 19 20 18 515
11 10 11 10 241
13 11 12 12 290
11 11 11 13 281
28 28 28 28 824
18 17 17 18 477
21 19 19 21 559
24 22 22 22 640
16 16 16 15 419
25 25 26 24 720
10 8 9 9 191
7 5 6 6 92
11 10 10 11 246
25 25 25 24 716
20 20 22 20 568
31 29 30 30 884
14 14 14 16 380
19 21 21 20 570
6 5 5 6 81
33 32 33 32 967
14 14 16 14 370
26 24 24 25 715
8 10 10 10 216
18 18 18 18 494
18 19 19 18 511
23 24 24 24 685
17 17 16 17 457
8 9 9 8 181
29 30 31 30 887
12 11 12 11 274
8 9 9 10 199
8 8 9 8 168
14 16 16 16 414
24 22 22 22 640
19 17 17 17 475
25 26 26 26 751
15 17 17 15 429
8 9 10 9 194
29 28 27 28 827
15 15 14 16 400
19 18 18 18 501
12 14 14 13 339
18 20 19 19 533
12 10 11 11 257
31 31 31 31 923
11 11 9 11 255
14 15 15 15 388
27 28 28 28 817
17 17 17 19 479
10 9 9 10 213
18 17 17 16 459
20 19 19 20 543
16 16 16 16 428
17 18 17 18 483
9 10 10 9 214
31 29 29 31 889
13 13 13 11 311
20 20 20 21 569
7 5 6 6 92
9 9 10 8 192
12 11 12 12 283
18 20 20 20 546
11 10 10 11 246
11 9 9 10 220
4 6 6 5 75
21 19 19 20 550
27 28 29 27 812
20 21 21 22 595
12 12 14 12 304
34 33 34 33 1000
33 33 33 31 971
25 25 23 25 717
20 21 22 21 590
24 23 22 23 662
11 12 11 12 285
33 33 32 33 985
18 18 18 17 485
26 26 24 26 750
16 17 17 16 445
25 24 24 24 699
16 17 16 17 450
22 22 24 22 634
16 16 16 14 410
21 20 19 21 572
18 18 17 19 499
29 27 27 28 814
30 29 28 30 869
22 23 22 23 648
12 14 13 13 335
16 16 15 16 424
23 24 24 23 676
11 11 11 9 245
27 27 28 26 786
31 31 31 32 932
29 30 31 29 878
23 23 21 23 651
22 21 21 20 591
28 28 27 29 829
13 15 14 14 368
16 16 14 16 420
5 6 5 5 78
29 29 30 29 861
13 13 12 14 334
20 22 22 20 594
22 22 24 22 634
13 15 15 15 381
5 3 3 4 22
3 5 5 5 51
28 28 30 28 832
21 21 19 21 585
17 18 18 19 496
4 6 6 5 75
32 30 30 30 904
34 32 33 33 983
17 18 18 19 496
7 7 7 9 149
3 5 5 3 33
6 5 5 5 72
8 10 10 9 207
26 26 24 26 750
4 5 5 4 49
24 26 26 24 726
17 17 17 18 470
14 15 16 14 383
15 17 17 17 447
5 4 3 4 35
25 25 26 25 729
10 11 11 12 265
30 30 30 29 881
26 25 26 26 745
24 23 22 23 662
12 13 13 14 331
7 7 7 9 149
10 10 9 11 235
6 7 7 7 124
8 7 6 8 143
22 23 22 22 639
9 10 11 9 218
12 14 14 12 330
28 30 30 30 876
16 17 16 16 441
6 6 6 8 116
17 18 17 17 474
17 17 17 15 443
3 5 5 5 51
25 24 24 24 699
32 33 34 33 986
19 19 19 18 518
12 14 13 13 335
10 11 11 10 247
20 20 20 22 578
12 12 13 11 291
23 23 25 23 667
15 17 16 16 434
27 29 28 28 830
4 3 3 3 6
14 14 14 16 380
16 18 17 17 467
33 33 33 31 971
6 5 6 6 85
30 29 29 30 873
11 10 9 11 242
14 14 14 14 362
32 31 32 32 943
15 15 17 15 403
25 26 25 26 747
7 6 6 7 114
11 11 10 12 268
15 14 14 15 378
21 23 23 23 645
16 14 15 15 389
30 29 30 30 877
27 26 26 26 765
29 30 30 31 892
12 12 12 11 287
31 31 31 33 941
16 15 14 16 407
17 16 16 17 444
33 32 32 32 963
