50 15711
24 23 24 24 679
11 11 12 10 258
22 21 20 21 596
20 20 21 20 564
32 31 32 32 943
24 26 26 25 735
11 12 11 11 276
12 14 13 13 335
29 29 29 31 875
23 24 25 24 689
33 33 32 34 994
18 20 20 20 546
13 11 12 12 290
28 27 27 26 789
26 27 26 27 780
13 13 15 13 337
31 31 30 31 919
10 10 8 10 222
12 11 11 11 270
7 8 7 8 153
7 6 5 6 101
26 28 28 26 792
33 33 33 33 989
8 6 6 6 112
27 26 26 26 765
18 17 16 17 464
25 26 25 26 747
31 32 33 31 944
16 16 14 16 420
21 20 19 21 572
11 11 11 9 245
22 22 21 23 631
6 5 6 5 76
16 18 18 16 462
6 6 8 6 106
31 32 31 31 936
8 8 10 8 172
11 9 10 10 224
32 33 33 33 982
18 18 19 18 498
26 28 28 27 801
26 25 26 26 745
32 30 31 31 917
11 13 13 13 315
31 32 33 32 953
12 14 14 13 339
9 11 11 9 231
25 27 26 26 764
16 17 18 16 449
23 24 24 24 685
