750 81457
27 28 28 28 817
9 10 9 10 219
12 14 14 13 339
30 30 28 30 882
11 10 10 11 246
8 7 6 7 134
19 19 19 21 545
16 16 14 16 420
25 23 23 23 673
15 17 17 15 429
12 11 11 12 279
14 14 14 12 344
27 27 25 27 783
23 23 25 23 667
10 9 9 8 195
21 20 20 21 576
25 25 25 27 743
26 26 26 26 758
7 6 6 7 114
3 5 5 5 51
19 19 18 20 532
20 20 20 21 569
17 17 17 18 470
8 7 7 6 129
13 13 12 13 325
14 15 14 14 375
15 16 15 16 417
30 29 30 29 868
7 7 9 7 139
31 33 33 33 975
10 12 12 11 273
14 14 13 14 358
33 33 34 32 984
13 12 12 13 312
22 22 22 21 617
32 31 31 32 939
3 5 5 3 33
8 10 9 9 203
10 12 12 12 282
14 12 12 13 319
12 13 12 13 318
14 13 13 13 336
11 10 10 10 237
4 4 3 5 37
5 3 3 4 22
19 18 18 17 492
9 11 11 9 231
25 24 24 24 699
19 21 20 20 566
6 5 6 5 76
27 27 27 29 809
25 24 24 23 690
5 5 4 6 70
33 33 34 33 993
13 11 11 12 286
23 25 25 23 693
8 7 6 8 143
9 9 10 8 192
26 26 26 25 749
15 16 16 16 421
23 22 22 23 642
17 16 16 17 444
20 20 21 20 564
24 24 23 24 688
13 13 13 12 320
22 22 22 20 608
4 4 4 4 32
21 20 20 20 567
24 24 24 22 674
25 25 25 27 743
14 14 12 14 354
4 5 5 4 49
29 31 31 31 909
14 13 12 14 341
8 6 7 7 125
27 25 25 26 748
34 33 32 33 992
28 28 28 29 833
30 30 32 30 898
26 27 27 28 793
19 19 17 19 519
9 9 9 8 188
34 32 32 33 979
32 31 32 32 943
12 10 10 10 244
30 32 31 31 929
27 28 27 27 804
28 26 26 27 781
3 3 3 5 17
28 27 27 28 807
11 10 9 11 242
32 32 33 31 951
30 31 31 31 916
12 11 12 12 283
19 19 19 18 518
17 18 17 17 474
25 25 24 25 721
32 33 32 32 969
11 13 13 11 297
26 25 26 26 745
17 17 17 17 461
32 32 30 32 948
27 29 28 28 830
31 30 30 29 888
22 23 22 23 648
9 10 10 9 214
25 25 24 26 730
28 28 29 28 828
19 18 19 19 514
8 9 9 9 190
12 11 10 12 275
23 24 25 23 680
12 11 12 12 283
18 17 16 18 473
26 28 28 26 792
12 12 12 10 278
27 28 28 29 826
11 12 12 11 280
24 23 24 23 670
14 13 13 12 327
16 14 15 15 389
30 29 30 29 868
10 10 9 10 226
18 16 16 16 442
5 3 3 5 31
30 32 32 32 942
30 29 28 29 860
6 4 4 4 46
8 8 7 8 160
9 10 10 11 232
8 10 10 9 207
4 6 6 5 75
5 4 3 4 35
30 32 32 30 924
16 16 17 16 432
21 21 21 22 602
29 27 27 28 814
19 20 19 19 540
19 21 21 19 561
5 5 4 6 70
11 12 12 12 289
25 27 27 26 768
18 17 17 16 459
27 27 28 27 795
9 9 7 9 189
28 27 27 28 807
11 12 11 12 285
11 9 9 10 220
15 16 15 15 408
7 7 6 8 136
20 19 19 20 543
30 31 32 31 920
21 22 22 22 619
9 11 11 9 231
22 20 20 22 592
7 7 5 7 123
15 16 16 16 421
20 19 19 18 525
27 26 27 26 769
19 18 18 17 492
11 13 13 13 315
23 22 21 22 629
8 8 6 8 156
20 21 22 21 590
24 23 22 24 671
5 5 7 5 73
20 20 21 20 564
6 4 5 5 59
21 20 20 21 576
28 26 26 26 772
30 32 31 31 929
22 20 20 22 592
24 24 26 24 700
19 19 19 19 527
2 4 4 4 18
9 8 9 8 175
15 17 17 16 438
10 10 10 10 230
15 17 17 15 429
25 23 23 25 691
32 33 32 33 978
29 29 29 29 857
14 14 16 14 370
4 4 5 3 27
22 21 21 21 600
8 7 6 8 143
15 13 14 14 356
33 32 33 32 967
8 8 7 8 160
31 31 29 31 915
9 7 7 7 145
18 19 19 19 520
32 32 31 33 961
14 15 16 15 392
17 17 17 19 479
25 25 26 25 729
8 8 7 9 169
25 25 25 27 743
9 9 9 8 188
15 14 14 13 360
22 21 20 22 605
31 32 31 31 936
29 28 29 29 844
6 6 6 8 116
7 7 7 6 122
4 5 4 4 45
20 18 18 19 517
32 32 33 31 951
32 30 31 31 917
28 29 30 28 845
10 12 12 12 282
2 4 3 3 5
6 4 5 5 59
11 11 12 11 267
9 9 9 8 188
12 14 14 13 339
8 6 6 6 112
31 31 30 31 919
17 18 18 19 496
28 28 26 28 816
32 32 33 32 960
19 18 18 18 501
12 13 13 12 313
22 21 21 22 609
29 30 29 30 879
28 28 30 28 832
16 16 16 14 410
32 32 31 32 952
26 25 26 25 736
5 5 6 4 60
26 25 24 25 728
7 7 9 7 139
29 28 28 28 831
16 18 18 18 480
17 17 18 17 465
3 4 4 3 16
30 30 29 30 886
29 29 28 29 853
6 7 7 8 133
12 12 13 12 300
22 23 22 23 648
19 19 18 19 523
23 24 24 23 676
20 21 22 21 590
11 13 13 12 306
25 24 25 25 712
23 23 24 23 663
18 17 17 18 477
5 7 7 7 117
20 22 21 21 599
18 18 16 18 486
28 30 30 28 858
28 28 28 26 806
3 4 4 3 16
13 13 14 12 324
28 30 29 29 863
32 31 31 30 921
23 22 23 23 646
8 7 7 7 138
15 15 15 14 386
10 9 10 9 208
2 4 4 3 9
10 11 12 11 260
8 10 9 9 203
22 22 22 23 635
13 14 15 14 359
24 23 23 23 666
20 18 18 19 517
13 12 12 12 303
29 31 30 30 896
17 19 19 19 513
33 31 32 32 950
6 5 6 6 85
29 31 30 30 896
16 16 16 14 410
8 8 10 8 172
32 33 34 33 986
8 9 10 8 185
17 19 18 18 500
20 20 21 20 564
10 12 12 12 282
15 13 14 14 356
14 14 14 13 353
21 22 22 22 619
27 29 29 28 834
3 4 5 4 29
28 26 26 27 781
15 13 13 13 343
5 5 4 5 61
15 15 15 14 386
33 33 32 33 985
19 19 20 19 531
29 31 31 31 909
6 6 5 6 94
29 28 29 28 835
4 5 5 4 49
18 19 19 18 511
13 13 14 13 333
29 30 30 31 892
8 8 9 7 159
3 5 5 5 51
9 9 8 10 202
23 24 25 23 680
24 25 25 24 709
19 20 21 19 548
23 23 24 22 654
33 31 31 31 937
12 12 12 13 305
31 30 29 31 902
12 11 10 12 275
26 28 28 27 801
24 24 22 24 684
15 17 17 15 429
16 16 17 16 432
24 23 24 24 679
11 12 12 13 298
16 16 16 17 437
29 31 30 30 896
14 13 14 13 340
32 33 34 33 986
31 33 32 32 962
7 7 7 9 149
23 23 23 21 641
27 26 26 25 756
8 10 10 10 216
8 7 8 8 151
3 4 4 4 25
6 6 5 7 103
25 27 27 27 777
26 26 27 25 753
28 28 28 30 842
28 28 30 28 832
28 30 29 29 863
20 22 22 22 612
17 19 19 18 504
18 20 20 20 546
20 21 20 20 573
23 24 23 24 681
28 28 28 30 842
27 29 28 28 830
22 24 23 23 665
8 6 6 8 130
16 18 18 16 462
8 8 6 8 156
15 14 13 14 365
8 8 9 7 159
24 23 24 23 670
31 32 33 32 953
6 6 6 7 107
18 19 19 20 529
24 25 25 25 718
11 12 11 12 285
31 31 32 31 927
25 25 25 24 716
6 5 5 4 63
3 3 3 5 17
14 15 16 14 383
21 22 23 22 623
23 21 21 21 607
13 13 15 13 337
28 29 28 29 846
25 26 25 26 747
12 10 11 11 257
23 24 24 24 685
15 14 13 15 374
21 22 23 21 614
7 7 7 9 149
19 19 20 19 531
13 13 14 12 324
12 13 13 12 313
33 31 31 33 955
25 26 27 25 746
15 17 17 17 447
18 19 19 18 511
9 9 7 9 189
32 31 32 32 943
12 13 13 13 322
3 5 5 5 51
13 13 13 11 311
24 24 26 24 700
19 17 17 19 493
25 27 27 25 759
26 28 28 27 801
23 23 24 22 654
28 29 29 29 850
13 13 12 14 334
26 28 28 27 801
14 13 14 14 349
23 21 21 23 625
32 32 32 30 938
12 13 14 12 317
15 13 13 14 352
18 17 16 18 473
7 8 7 7 144
4 4 4 2 14
14 12 12 13 319
13 13 13 15 347
14 15 14 15 384
5 6 7 5 86
7 9 8 8 170
12 14 14 14 348
30 30 30 31 899
30 29 29 28 855
12 13 12 13 318
14 14 14 16 380
4 6 5 5 71
19 19 19 20 536
31 33 33 31 957
28 30 30 28 858
25 27 27 27 777
6 4 4 5 55
4 3 3 3 6
29 29 29 30 866
13 12 13 13 316
29 28 27 28 827
12 11 11 12 279
18 17 18 18 481
29 30 29 30 879
21 21 22 21 597
8 6 6 7 121
16 14 15 15 389
13 15 14 14 368
9 9 10 8 192
28 28 27 28 820
27 28 27 28 813
17 18 18 17 478
18 18 18 16 476
32 30 31 31 917
29 29 29 27 839
29 29 28 29 853
13 13 15 13 337
18 16 16 17 451
13 12 11 13 308
6 8 8 7 141
20 20 19 21 565
22 21 21 22 609
23 23 23 22 650
24 26 26 24 726
18 18 18 19 503
15 14 15 15 382
12 13 13 12 313
6 7 7 6 115
26 24 25 25 719
9 8 9 9 184
22 21 20 21 596
27 26 25 26 761
19 19 20 18 522
11 9 9 11 229
32 32 32 33 965
31 30 30 29 888
27 27 29 27 799
31 29 29 31 889
23 24 24 24 685
5 4 4 5 48
25 26 26 27 760
27 27 27 27 791
34 33 33 33 996
25 26 26 27 760
14 15 15 15 388
17 18 19 18 491
8 7 8 8 151
26 27 28 26 779
22 21 20 22 605
7 5 6 6 92
7 7 9 7 139
4 4 4 5 41
6 6 5 7 103
22 21 21 20 591
12 12 12 14 314
11 9 10 10 224
20 21 22 21 590
9 10 9 9 210
31 31 31 32 932
17 16 16 17 444
8 9 10 8 185
8 7 7 6 129
23 23 24 23 663
23 22 22 23 642
29 30 29 29 870
31 30 30 31 906
20 19 18 19 530
8 9 9 9 190
28 27 28 27 802
32 31 30 32 935
22 22 23 22 630
34 32 33 33 983
14 15 15 16 397
21 22 22 23 628
22 21 22 21 604
31 29 29 30 880
17 15 15 16 418
11 10 9 11 242
9 9 9 9 197
31 31 31 31 923
33 32 33 32 967
12 11 11 12 279
33 33 34 33 993
32 32 31 32 952
6 4 4 4 46
22 22 22 21 617
24 24 24 26 710
14 16 15 15 401
20 18 18 20 526
32 32 32 32 956
17 15 15 16 418
29 29 29 27 839
29 27 27 28 814
34 32 33 33 983
3 4 4 4 25
28 28 28 27 815
14 14 13 14 358
14 14 16 14 370
22 21 21 20 591
33 33 34 32 984
17 16 15 16 431
9 8 8 8 171
5 7 7 6 108
18 19 18 19 516
20 21 21 22 595
15 14 14 15 378
3 5 5 4 42
27 26 26 26 765
28 27 27 27 798
12 11 12 12 283
29 28 28 29 840
29 27 27 29 823
24 25 25 24 709
15 14 13 15 374
4 5 5 4 49
18 18 18 20 512
19 19 18 20 532
27 26 26 26 765
9 9 9 11 215
8 6 6 8 130
3 4 5 3 20
9 10 9 9 210
21 22 21 22 615
22 20 20 21 583
6 5 6 6 85
18 19 19 20 529
29 28 28 28 831
24 26 26 26 744
16 14 14 16 394
26 26 26 26 758
8 9 8 8 177
14 14 15 14 366
17 17 17 16 452
17 16 16 15 426
18 19 19 18 511
23 24 25 24 689
16 18 18 18 480
9 9 9 7 179
3 3 5 3 7
19 20 19 20 549
23 21 21 21 607
23 24 24 24 685
9 8 8 8 171
27 29 29 27 825
3 3 2 4 4
33 32 31 32 959
16 17 16 16 441
15 16 15 16 417
16 15 16 15 406
14 14 16 14 370
5 5 5 6 74
20 21 20 21 582
5 4 3 5 44
24 25 24 25 714
21 21 19 21 585
20 22 22 20 594
25 24 25 24 703
18 18 17 18 490
7 6 7 7 118
8 8 9 8 168
4 4 4 6 50
27 26 26 25 756
9 7 7 8 154
16 18 18 18 480
30 30 30 32 908
20 19 19 19 534
26 26 28 26 766
31 31 32 31 927
12 14 14 12 330
27 29 28 28 830
22 23 23 24 661
24 23 23 22 657
33 32 31 33 968
15 17 17 15 429
24 22 22 23 649
7 9 8 8 170
31 33 32 32 962
20 22 22 21 603
32 33 34 32 977
24 24 23 25 697
23 21 21 21 607
15 15 16 15 399
12 11 11 10 261
8 10 10 9 207
23 22 23 23 646
26 25 24 26 737
25 26 26 27 760
17 17 15 17 453
10 10 10 9 221
16 16 14 16 420
32 32 31 32 952
7 8 7 7 144
30 30 30 29 881
9 8 9 8 175
9 7 7 7 145
28 28 28 27 815
12 11 10 12 275
22 23 22 23 648
10 9 10 9 208
19 19 17 19 519
22 21 21 22 609
14 13 12 13 332
7 6 5 7 110
11 11 10 11 259
17 17 17 19 479
20 20 19 20 556
13 15 15 15 381
26 26 25 26 754
11 9 9 11 229
7 8 7 8 153
18 18 18 19 503
6 6 8 6 106
33 33 33 33 989
22 22 21 23 631
31 31 30 31 919
19 21 21 20 570
13 13 13 15 347
14 14 13 14 358
30 29 30 30 877
11 10 10 10 237
28 29 30 28 845
14 14 14 14 362
18 20 19 19 533
27 28 29 27 812
11 9 9 10 220
19 19 19 20 536
23 22 23 22 637
4 4 4 2 14
11 11 11 9 245
32 32 32 34 974
14 14 14 16 380
22 23 23 23 652
11 11 13 11 271
20 20 20 22 578
27 29 29 27 825
4 6 6 5 75
11 9 9 11 229
20 20 20 21 569
14 14 14 12 344
9 8 8 8 171
22 22 23 21 621
34 32 32 32 970
12 12 13 11 291
14 15 15 16 397
29 30 30 29 874
32 33 32 33 978
32 33 32 33 978
7 6 5 6 101
18 18 19 17 489
13 12 12 11 294
26 28 28 28 810
11 10 9 10 233
12 12 13 11 291
14 13 12 14 341
26 25 25 25 732
4 6 6 4 66
32 34 34 33 999
25 26 26 25 742
22 21 21 20 591
21 19 19 20 550
23 23 22 23 655
19 17 18 18 488
11 11 10 11 259
29 30 29 29 870
8 9 8 8 177
27 28 27 28 813
8 7 6 8 143
13 14 15 14 359
33 33 33 32 980
6 5 6 5 76
2 4 4 3 9
9 8 9 8 175
32 30 30 30 904
23 22 21 23 638
11 11 12 11 267
18 17 17 18 477
19 19 19 19 527
32 32 31 33 961
16 15 15 15 402
27 25 25 25 739
19 20 19 19 540
7 7 8 7 135
30 29 29 29 864
17 17 16 18 466
27 27 27 26 782
8 6 6 6 112
30 30 30 29 881
30 30 32 30 898
12 11 12 12 283
4 5 5 5 58
33 33 32 34 994
33 33 33 32 980
10 11 11 10 247
14 12 12 13 319
14 13 12 13 332
8 10 10 9 207
20 19 20 20 547
23 24 24 25 694
12 13 12 13 318
27 29 28 28 830
15 15 16 15 399
23 24 24 24 685
19 18 18 17 492
32 33 34 33 986
24 23 24 24 679
14 15 15 16 397
21 22 23 21 614
20 22 21 21 599
24 24 23 25 697
21 21 21 23 611
7 7 7 9 149
20 20 21 19 555
4 6 6 5 75
26 27 26 26 771
23 23 23 22 650
22 22 23 22 630
19 19 20 18 522
14 14 16 14 370
12 12 12 13 305
18 19 20 19 524
3 5 5 4 42
4 4 6 4 40
6 8 7 7 137
15 16 15 15 408
21 21 21 22 602
10 10 10 9 221
11 13 12 12 302
12 14 14 12 330
13 13 13 15 347
23 25 24 24 698
20 18 19 19 521
14 14 15 13 357
17 18 17 18 483
4 6 6 4 66
30 29 28 29 860
21 21 21 20 584
