100 14236
30 29 29 29 864
19 19 20 18 522
5 5 6 5 69
13 14 15 13 350
14 14 13 15 367
26 28 27 27 797
13 11 12 12 290
31 32 33 31 944
16 17 18 16 449
25 25 27 25 733
19 19 19 20 536
11 10 11 11 250
11 11 11 12 272
28 30 30 28 858
7 6 5 7 110
5 5 4 5 61
26 25 26 26 745
8 9 8 8 177
23 23 24 23 663
15 16 17 15 416
11 9 10 10 224
25 27 27 26 768
22 23 24 22 647
8 9 9 9 190
26 28 28 27 801
30 30 30 29 881
17 17 15 17 453
15 15 14 16 400
19 18 18 18 501
12 11 12 12 283
26 28 28 28 810
10 11 10 11 252
19 17 17 17 475
11 11 12 10 258
3 5 5 3 33
29 29 29 27 839
34 33 32 33 992
6 5 4 5 68
30 30 31 30 894
14 13 13 12 327
12 10 10 11 253
31 33 33 33 975
9 9 10 8 192
17 15 15 17 427
18 16 17 17 455
22 22 22 23 635
9 7 8 8 158
15 14 15 15 382
28 27 28 28 811
32 32 34 32 964
31 32 32 33 958
28 29 29 29 850
27 27 27 25 773
10 9 9 8 195
28 29 29 30 859
5 5 7 5 73
13 13 13 12 320
6 5 5 6 81
30 31 30 31 912
24 23 23 24 675
16 16 16 17 437
9 8 7 9 176
15 17 17 17 447
18 18 17 18 490
31 31 33 31 931
4 4 4 5 41
2 3 3 4 1
9 11 11 9 231
16 18 17 17 467
27 25 25 26 748
21 21 21 23 611
27 27 27 26 782
5 5 6 4 60
7 7 7 6 122
29 29 31 29 865
4 4 3 4 28
32 31 32 32 943
27 28 29 28 821
6 6 6 6 98
32 32 31 32 952
28 28 26 28 816
23 22 22 22 633
7 7 7 7 131
8 7 7 7 138
10 12 12 11 273
23 23 21 23 651
12 11 11 12 279
25 24 25 25 712
12 14 13 13 335
17 17 17 19 479
10 10 8 10 222
9 9 9 7 179
32 33 34 33 986
17 15 15 17 427
18 16 16 16 442
11 10 10 9 228
4 4 4 5 41
15 15 13 15 387
16 16 15 16 424
9 10 11 9 218
