750 298514
24 23 24 24 679
17 19 19 17 495
27 27 27 28 800
11 11 12 11 267
4 4 4 4 32
31 33 32 32 962
22 24 24 22 660
16 17 16 16 441
13 13 14 12 324
30 30 30 28 872
11 13 13 12 306
32 34 34 33 999
31 33 33 31 957
9 8 8 8 171
9 11 10 10 236
26 28 28 27 801
16 14 14 16 394
21 21 21 21 593
6 4 4 6 64
11 12 12 12 289
19 18 19 18 505
11 10 9 11 242
10 11 11 12 265
23 22 22 22 633
32 32 30 32 948
2 4 3 3 5
11 9 9 9 211
28 30 30 30 876
26 26 25 26 754
17 15 16 16 422
15 13 14 14 356
7 8 9 7 152
9 9 9 8 188
27 25 25 27 757
28 29 30 29 854
12 13 14 13 326
21 20 19 21 572
16 18 18 16 462
32 32 32 31 947
30 30 30 31 899
12 12 14 12 304
21 22 22 23 628
33 32 33 33 976
9 9 11 9 205
9 9 9 7 179
12 12 14 12 304
10 9 9 9 204
32 30 30 32 922
20 22 22 20 594
17 17 18 17 465
19 19 18 19 523
8 8 8 8 164
17 18 19 18 491
12 14 14 12 330
4 5 5 6 67
8 7 6 7 134
8 10 10 9 207
16 15 14 15 398
16 15 15 14 393
27 27 26 28 796
23 24 25 24 689
26 28 27 27 797
23 23 23 24 668
23 24 23 23 672
9 11 11 10 240
32 33 32 32 969
20 21 22 20 581
18 18 19 18 498
7 7 6 7 127
3 4 4 5 34
12 14 14 14 348
14 12 13 13 323
23 23 25 23 667
10 12 12 12 282
32 32 32 30 938
9 10 9 9 210
12 12 11 13 301
28 26 27 27 785
33 32 32 32 963
10 9 10 10 217
26 24 25 25 719
17 17 17 17 461
9 9 9 8 188
29 30 30 29 874
16 16 16 14 410
7 6 7 7 118
24 26 26 24 726
7 6 6 7 114
9 9 8 10 202
32 31 32 32 943
26 26 26 24 740
6 6 6 5 89
11 11 10 11 259
21 21 20 21 589
24 23 23 22 657
29 29 28 30 862
15 17 17 15 429
20 20 20 19 551
28 26 27 27 785
23 25 25 23 693
26 24 24 26 724
23 22 22 22 633
10 8 8 8 178
12 12 12 13 305
7 8 7 8 153
7 5 5 7 97
17 15 15 17 427
28 27 26 27 794
13 11 11 13 295
14 15 15 15 388
10 9 8 9 200
25 27 27 25 759
18 18 18 17 485
27 29 29 27 825
14 14 14 14 362
30 29 28 29 860
8 9 8 8 177
22 22 22 20 608
18 19 18 18 507
30 29 29 29 864
17 17 15 17 453
26 27 28 27 788
21 20 20 20 567
13 11 11 13 295
33 33 32 33 985
19 19 17 19 519
25 25 26 25 729
34 32 32 33 979
22 22 21 23 631
23 25 25 25 711
7 7 8 6 126
7 8 7 7 144
6 6 5 7 103
23 23 21 23 651
32 31 31 31 930
29 30 29 29 870
30 29 28 29 860
17 16 15 16 431
31 32 31 31 936
6 8 7 7 137
17 17 19 17 469
17 18 18 18 487
16 16 16 14 410
26 28 28 27 801
26 25 24 26 737
25 27 27 25 759
7 5 5 7 97
27 26 25 27 770
7 7 7 7 131
30 29 28 30 869
12 13 14 12 317
14 13 12 14 341
20 20 22 20 568
27 28 29 27 812
7 7 8 6 126
25 25 25 23 707
33 31 31 31 937
15 15 15 16 404
3 5 5 3 33
28 27 26 28 803
17 17 19 17 469
25 24 23 25 704
16 16 16 18 446
28 27 26 27 794
25 26 25 25 738
8 7 8 7 142
30 30 29 30 886
16 15 14 15 398
5 7 7 5 99
14 16 16 16 414
18 19 19 18 511
33 32 31 33 968
4 5 4 5 54
13 13 15 13 337
33 33 33 32 980
31 33 33 31 957
29 29 28 30 862
32 30 30 32 922
9 8 8 8 171
17 17 15 17 453
23 24 23 24 681
30 30 30 31 899
32 31 31 31 930
18 18 18 16 476
4 4 4 5 41
32 33 34 33 986
27 26 25 26 761
30 31 31 30 907
12 14 13 13 335
12 11 12 12 283
18 18 19 17 489
33 33 33 32 980
12 10 10 10 244
25 26 27 26 755
22 21 20 21 596
24 25 25 25 718
14 14 13 15 367
17 16 15 16 431
19 19 18 20 532
26 25 25 25 732
15 16 16 16 421
32 33 32 32 969
32 32 33 31 951
29 27 28 28 818
19 18 17 18 497
8 8 8 7 155
31 31 30 32 928
19 20 20 19 544
25 27 27 26 768
26 26 26 28 776
23 24 25 24 689
26 24 24 26 724
28 29 30 29 854
21 23 23 23 645
30 31 30 31 912
25 26 27 26 755
5 6 5 5 78
6 4 4 4 46
5 5 5 4 56
22 24 23 23 665
8 9 9 9 190
30 30 30 32 908
29 27 28 28 818
31 31 33 31 931
13 14 15 14 359
19 19 18 19 523
17 19 19 18 504
4 4 5 3 27
20 22 22 20 594
14 13 12 14 341
27 29 29 28 834
4 4 3 5 37
8 6 7 7 125
32 31 31 32 939
9 9 9 8 188
32 33 32 32 969
25 25 24 26 730
25 26 27 25 746
20 22 22 20 594
24 22 22 22 640
23 25 24 24 698
19 21 21 19 561
2 4 4 3 9
21 22 22 22 619
10 10 12 10 238
8 9 8 8 177
11 10 9 11 242
12 10 10 11 253
15 15 13 15 387
27 27 27 25 773
24 25 25 25 718
32 32 32 30 938
23 24 23 24 681
31 31 33 31 931
5 4 4 3 30
19 19 20 18 522
12 10 10 11 253
17 17 18 16 456
21 21 21 21 593
22 22 23 22 630
27 26 26 26 765
17 17 17 19 479
21 21 22 20 588
27 29 28 28 830
25 26 25 25 738
11 11 11 13 281
31 31 31 29 905
15 17 16 16 434
4 3 3 4 15
29 28 28 28 831
34 32 32 33 979
11 11 13 11 271
6 6 6 5 89
9 9 9 11 215
22 23 23 23 652
11 11 11 13 281
18 19 19 19 520
30 30 30 29 881
23 22 22 21 624
10 8 8 9 187
26 27 26 26 771
5 5 4 5 61
32 31 30 32 935
28 28 28 27 815
23 23 24 23 663
23 23 22 24 664
26 25 25 25 732
15 17 17 17 447
4 5 6 4 53
27 26 25 26 761
4 3 2 4 11
23 22 22 21 624
14 12 12 12 310
21 19 19 20 550
32 34 34 33 999
18 17 17 18 477
13 14 15 14 359
31 32 31 31 936
5 7 6 6 104
33 32 31 33 968
13 11 11 11 277
18 19 20 18 515
29 29 28 30 862
29 31 30 30 896
13 13 14 12 324
19 20 19 19 540
12 11 12 11 274
33 32 31 33 968
15 16 15 15 408
29 28 29 29 844
22 22 21 22 622
11 11 11 9 245
7 7 8 6 126
13 13 14 13 333
28 27 28 28 811
8 10 10 10 216
15 14 15 15 382
15 14 14 14 369
9 8 8 8 171
7 8 8 7 148
15 17 16 16 434
27 27 29 27 799
7 7 7 8 140
12 10 11 11 257
30 31 32 31 920
7 7 7 7 131
19 18 18 18 501
11 11 11 10 254
4 4 4 5 41
11 11 11 10 254
7 8 7 8 153
12 13 13 12 313
6 8 8 6 132
32 34 33 33 995
27 29 28 28 830
25 26 26 27 760
16 17 17 18 463
3 5 5 3 33
17 16 16 16 435
16 17 17 18 463
24 24 24 26 710
3 3 2 4 4
2 4 4 4 18
3 3 3 5 17
29 30 29 29 870
15 13 14 14 356
27 29 29 28 834
26 28 27 27 797
5 4 3 5 44
29 30 29 30 879
18 16 16 16 442
16 17 17 18 463
13 15 15 14 372
10 10 10 9 221
23 24 23 23 672
13 13 12 14 334
26 25 25 25 732
20 21 21 21 586
6 4 4 4 46
28 30 29 29 863
18 19 18 18 507
19 20 20 21 562
25 25 25 25 725
16 14 15 15 389
31 31 30 32 928
18 19 18 18 507
10 10 10 8 212
10 11 12 11 260
20 20 22 20 568
15 15 13 15 387
31 30 30 30 897
7 6 7 6 109
7 9 9 9 183
13 11 12 12 290
15 16 16 15 412
23 23 22 23 655
29 30 31 29 878
17 19 18 18 500
24 25 25 26 727
24 22 23 23 653
12 12 11 13 301
10 10 8 10 222
23 24 25 23 680
31 31 33 31 931
28 27 28 27 802
14 14 14 15 371
14 14 14 14 362
8 9 9 9 190
13 15 14 14 368
27 27 28 26 786
23 21 21 23 625
24 24 24 23 683
24 26 26 24 726
32 33 34 33 986
11 11 10 11 259
26 28 28 27 801
19 18 17 19 506
14 14 12 14 354
6 6 7 5 93
23 25 25 23 693
10 10 10 10 230
9 9 9 11 215
13 14 13 13 342
25 23 23 25 691
4 4 5 3 27
22 24 24 24 678
11 9 9 9 211
12 13 13 12 313
21 23 22 22 632
14 13 14 14 349
11 9 9 11 229
15 13 13 15 361
18 18 17 18 490
18 18 19 17 489
5 6 5 5 78
28 29 28 29 846
21 22 22 22 619
31 31 31 30 914
14 14 14 16 380
26 27 28 26 779
10 10 10 10 230
11 12 13 12 293
24 24 24 26 710
23 23 24 23 663
30 30 31 30 894
10 10 10 12 248
5 5 4 6 70
10 10 10 10 230
23 23 22 23 655
22 20 20 22 592
9 9 10 8 192
31 29 29 31 889
10 11 11 12 265
20 18 19 19 521
4 5 6 5 62
10 10 11 9 225
22 21 20 22 605
32 32 30 32 948
30 31 32 31 920
13 13 12 14 334
18 18 18 17 485
27 29 28 28 830
7 9 8 8 170
30 30 30 28 872
16 16 17 15 423
6 4 4 4 46
18 19 19 20 529
29 31 30 30 896
8 7 7 6 129
13 12 13 13 316
15 16 17 15 416
34 33 33 33 996
3 3 3 5 17
18 18 18 18 494
11 11 11 12 272
14 14 13 14 358
16 16 14 16 420
6 6 6 6 98
29 29 31 29 865
5 4 3 5 44
10 10 11 10 234
22 20 21 21 587
30 30 30 31 899
13 14 14 13 346
5 5 7 5 73
8 10 10 8 198
9 10 11 10 227
6 6 5 7 103
15 14 13 14 365
28 27 27 27 798
19 20 19 19 540
17 15 15 17 427
16 16 16 15 419
13 13 13 11 311
14 14 15 14 366
15 15 17 15 403
33 31 31 31 937
5 6 6 7 100
18 16 16 16 442
12 12 12 12 296
25 25 25 27 743
21 21 21 20 584
11 11 10 11 259
6 7 8 6 119
8 10 10 10 216
22 21 21 22 609
16 15 15 16 411
27 29 29 27 825
24 24 24 26 710
24 24 25 24 696
13 13 14 12 324
17 18 19 18 491
26 25 25 25 732
7 6 5 6 101
3 4 4 3 16
32 30 31 31 917
20 22 22 20 594
28 29 29 30 859
32 33 32 32 969
32 31 32 32 943
30 28 28 28 838
8 9 9 8 181
13 11 11 12 286
22 21 22 22 613
24 23 23 22 657
25 25 25 27 743
13 13 13 12 320
27 27 27 28 800
22 22 24 22 634
31 31 31 29 905
25 23 23 24 682
30 29 29 28 855
9 7 7 8 154
18 17 16 18 473
31 29 29 30 880
13 14 15 14 359
33 31 31 33 955
18 18 16 18 486
15 15 17 15 403
23 23 23 24 668
15 16 15 15 408
24 25 26 24 713
27 29 29 29 843
17 18 18 17 478
30 29 29 29 864
19 20 19 19 540
30 30 31 29 885
26 28 28 28 810
12 13 12 13 318
12 13 13 12 313
27 26 26 26 765
19 20 20 21 562
13 13 13 11 311
26 25 26 26 745
15 14 15 15 382
19 21 20 20 566
20 21 20 20 573
8 10 10 10 216
19 18 18 19 510
12 12 12 13 305
24 23 23 24 675
26 26 26 28 776
32 32 31 32 952
23 23 23 21 641
28 28 30 28 832
30 31 30 31 912
16 17 16 17 450
18 17 16 18 473
24 23 24 23 670
29 29 29 28 848
22 24 24 24 678
24 23 24 23 670
12 14 14 12 330
6 7 6 7 120
20 19 18 19 530
10 11 11 10 247
18 17 18 17 472
30 29 30 29 868
14 15 14 15 384
15 16 17 16 425
8 8 9 7 159
16 15 14 16 407
5 3 3 4 22
31 30 31 30 901
34 32 32 33 979
6 4 4 5 55
12 14 13 13 335
13 15 15 13 363
10 11 10 10 243
11 11 9 11 255
31 31 33 31 931
10 9 9 10 213
31 30 30 31 906
16 17 16 16 441
15 16 15 15 408
27 27 29 27 799
26 24 24 25 715
20 19 19 20 543
11 10 10 9 228
5 5 5 7 83
4 4 5 4 36
13 12 13 12 307
15 14 15 15 382
30 30 31 30 894
4 4 5 3 27
12 14 14 12 330
22 21 20 21 596
7 6 6 7 114
10 11 10 10 243
32 33 34 33 986
14 13 12 13 332
31 33 33 33 975
5 5 6 5 69
8 7 6 8 143
7 7 7 6 122
6 7 7 6 115
13 12 13 13 316
23 24 24 24 685
11 13 13 13 315
15 15 13 15 387
9 8 9 9 184
21 20 21 20 571
28 28 30 28 832
9 10 9 9 210
7 7 7 5 113
15 16 16 15 412
9 11 10 10 236
15 15 14 16 400
21 21 21 23 611
17 17 15 17 453
25 27 27 27 777
17 17 17 15 443
4 4 3 4 28
32 30 31 31 917
15 15 16 14 390
23 22 22 21 624
3 5 5 5 51
21 20 20 21 576
28 30 30 30 876
5 3 3 5 31
4 5 5 4 49
20 22 21 21 599
10 12 11 11 269
20 22 22 22 612
4 4 4 6 50
23 22 23 23 646
6 8 8 7 141
29 27 27 27 805
23 24 25 24 689
3 4 4 3 16
19 19 21 19 535
13 13 13 11 311
22 23 24 23 656
29 30 30 29 874
20 20 19 20 556
26 24 25 25 719
33 33 32 34 994
21 22 21 22 615
6 6 7 5 93
21 23 23 22 636
31 29 29 30 880
20 22 22 22 612
11 11 11 12 272
30 31 32 30 911
19 20 20 19 544
14 15 15 16 397
9 8 7 8 167
22 24 23 23 665
16 17 17 16 445
33 33 33 33 989
5 5 5 3 47
12 11 12 11 274
9 8 7 8 167
11 11 11 10 254
28 28 27 29 829
31 31 31 29 905
12 11 11 11 270
23 22 21 22 629
5 5 5 7 83
6 6 8 6 106
12 11 12 12 283
15 16 17 16 425
32 31 31 31 930
24 22 22 24 658
22 24 24 22 660
2 3 3 4 1
26 25 25 24 723
25 26 26 25 742
32 31 32 32 943
27 29 29 29 843
27 25 25 26 748
33 32 33 33 976
7 7 7 5 113
24 25 26 24 713
31 30 29 31 902
7 6 6 6 105
26 27 27 28 793
3 4 5 4 29
8 8 8 7 155
21 23 23 21 627
23 24 23 24 681
27 28 27 27 804
10 8 9 9 191
4 3 4 4 19
18 17 18 17 472
3 4 4 4 25
10 10 10 9 221
31 30 30 30 897
19 20 20 21 562
25 26 26 26 751
17 16 17 16 439
23 23 23 25 677
16 16 16 18 446
24 24 24 26 710
5 5 6 5 69
8 6 6 8 130
19 17 17 17 475
16 14 14 15 385
29 30 29 30 879
22 21 22 22 613
9 8 7 8 167
10 8 8 9 187
22 20 20 20 574
19 17 17 19 493
28 29 30 28 845
31 33 33 33 975
26 24 24 26 724
17 18 17 17 474
15 13 14 14 356
26 25 26 26 745
34 33 33 32 987
7 7 6 7 127
9 11 11 10 240
23 24 24 24 685
19 18 18 19 510
7 7 5 7 123
16 16 15 16 424
29 29 28 30 862
10 8 8 8 178
26 27 27 26 775
4 5 4 5 54
23 23 25 23 667
9 9 9 10 206
20 22 21 21 599
26 26 26 24 740
28 28 30 28 832
17 18 18 17 478
10 12 12 11 273
25 27 27 26 768
11 11 13 11 271
4 4 4 2 14
25 23 23 24 682
23 23 22 24 664
10 8 8 9 187
30 29 30 29 868
15 17 16 16 434
27 25 26 26 752
4 3 2 3 2
3 3 3 4 8
18 17 16 18 473
25 24 24 24 699
24 25 24 24 705
17 18 18 17 478
20 20 21 20 564
17 18 19 18 491
33 33 32 34 994
9 9 10 9 201
24 22 22 24 658
31 32 31 31 936
20 19 18 19 530
