50 5536
8 8 8 8 164
5 6 6 6 91
6 5 6 5 76
7 7 9 7 139
15 13 14 14 356
14 15 15 16 397
23 22 22 21 624
13 13 11 13 321
30 31 30 31 912
11 13 13 13 315
25 25 27 25 733
23 23 22 24 664
25 25 25 25 725
24 23 22 24 671
32 31 32 32 943
14 14 14 16 380
22 22 21 23 631
14 15 16 15 392
24 26 26 25 735
29 31 31 31 909
28 27 26 28 803
4 5 6 4 53
24 22 22 23 649
14 13 13 14 345
14 15 14 14 375
10 8 8 9 187
12 11 11 12 279
6 5 5 5 72
25 26 25 25 738
29 30 30 30 883
12 13 12 13 318
32 34 33 33 995
11 11 13 11 271
15 13 13 15 361
10 10 11 9 225
30 29 30 30 877
8 10 10 10 216
18 19 20 18 515
26 24 25 25 719
24 23 23 22 657
18 17 17 18 477
24 25 26 25 722
16 16 16 16 428
14 13 14 14 349
4 6 6 5 75
17 19 18 18 500
14 12 12 13 319
15 16 15 15 408
9 9 10 8 192
15 17 17 16 438
