500 103870
17 18 17 18 483
4 3 4 3 10
10 8 8 8 178
19 19 19 20 536
10 9 9 10 213
10 12 12 11 273
31 33 33 31 957
29 29 27 29 849
32 33 34 32 977
26 26 26 25 749
9 8 7 9 176
8 8 9 7 159
18 19 19 19 520
30 30 30 32 908
10 11 12 10 251
23 24 23 23 672
31 29 29 31 889
33 32 32 33 972
15 16 15 16 417
15 14 14 13 360
26 24 24 26 724
13 14 13 14 351
2 4 3 3 5
28 26 26 28 790
9 9 7 9 189
28 28 30 28 832
8 8 8 8 164
13 15 15 15 381
4 3 2 3 2
9 11 11 10 240
17 18 17 18 483
14 14 15 14 366
15 16 17 15 416
4 5 5 4 49
29 28 29 29 844
30 31 31 32 925
21 23 22 22 632
11 11 12 11 267
3 5 5 3 33
25 25 24 25 721
21 20 20 19 558
21 23 22 22 632
8 9 10 8 185
10 10 11 10 234
13 13 15 13 337
23 23 23 21 641
17 15 15 17 427
25 26 25 25 738
20 20 20 22 578
26 27 28 26 779
33 33 34 33 993
15 13 13 14 352
16 16 14 16 420
15 15 14 16 400
26 26 26 25 749
26 24 24 26 724
28 27 27 27 798
21 20 19 20 563
8 10 9 9 203
24 26 25 25 731
13 15 15 15 381
28 29 28 29 846
12 12 12 13 305
32 32 32 31 947
21 20 20 19 558
6 7 8 7 128
6 6 6 8 116
14 13 12 13 332
4 3 3 4 15
22 23 24 23 656
15 14 13 15 374
34 32 32 32 970
14 13 14 13 340
29 31 30 30 896
12 14 14 13 339
25 25 25 25 725
16 15 14 15 398
10 9 9 9 204
31 32 33 31 944
22 22 22 22 626
33 33 34 32 984
27 28 29 27 812
13 13 13 13 329
22 24 24 22 660
9 9 8 9 193
33 32 31 32 959
15 14 14 14 369
22 22 23 22 630
16 17 18 16 449
22 21 22 21 604
27 27 29 27 799
10 10 10 10 230
33 33 31 33 981
4 3 2 3 2
13 13 13 11 311
31 30 29 30 893
4 6 5 5 71
32 31 31 30 921
3 4 5 4 29
32 32 33 31 951
27 26 26 25 756
20 18 18 19 517
16 16 17 16 432
21 20 21 20 571
23 23 23 22 650
26 25 26 25 736
19 19 19 20 536
15 15 13 15 387
13 13 14 13 333
25 27 26 26 764
15 16 15 16 417
10 10 10 10 230
26 27 26 26 771
27 25 25 26 748
23 22 23 23 646
13 13 13 15 347
15 17 17 15 429
8 8 9 8 168
24 23 24 24 679
10 10 12 10 238
22 20 21 21 587
33 33 33 34 998
18 20 20 20 546
23 22 21 23 638
19 19 19 21 545
15 17 16 16 434
6 5 4 6 77
27 28 28 29 826
15 15 15 13 377
29 28 27 28 827
30 31 30 31 912
14 14 13 14 358
21 22 21 21 606
20 20 19 21 565
24 23 24 23 670
33 31 31 31 937
19 20 20 21 562
9 9 9 11 215
7 5 6 6 92
30 30 30 32 908
17 18 18 17 478
9 9 9 7 179
15 14 14 14 369
29 28 27 28 827
5 7 7 5 99
34 33 33 33 996
30 30 30 31 899
14 16 16 15 405
9 10 10 11 232
26 26 24 26 750
27 25 26 26 752
19 19 19 20 536
8 9 9 10 199
7 8 9 7 152
13 13 12 14 334
27 27 25 27 783
27 28 29 27 812
5 4 3 4 35
34 32 32 33 979
17 17 19 17 469
17 17 17 15 443
8 9 9 10 199
29 29 28 30 862
25 26 27 26 755
10 11 12 11 260
23 23 23 22 650
11 12 12 13 298
30 29 28 29 860
24 24 23 25 697
15 17 17 17 447
11 10 10 9 228
13 11 11 13 295
23 23 23 21 641
21 21 21 23 611
31 30 30 31 906
19 19 19 21 545
25 26 27 25 746
30 29 29 28 855
13 13 13 11 311
16 16 14 16 420
25 25 25 24 716
11 13 12 12 302
6 6 5 6 94
17 16 16 16 435
28 30 30 30 876
15 15 13 15 387
20 21 22 20 581
31 31 31 30 914
4 3 3 4 15
4 4 3 4 28
26 25 26 26 745
8 10 10 9 207
19 19 18 20 532
31 29 29 30 880
20 22 22 20 594
22 24 24 23 669
6 6 6 5 89
21 22 22 21 610
30 28 28 30 856
20 20 20 18 542
11 11 10 11 259
21 19 19 19 541
8 8 8 6 146
22 23 24 23 656
32 30 31 31 917
28 28 30 28 832
17 19 19 19 513
13 14 14 15 364
8 8 9 8 168
22 22 21 23 631
15 15 14 15 391
4 5 4 5 54
17 18 18 18 487
15 15 17 15 403
15 13 14 14 356
25 26 26 25 742
14 14 14 14 362
10 9 10 10 217
13 15 14 14 368
19 20 21 19 548
33 31 31 33 955
22 22 23 22 630
13 12 13 12 307
14 13 13 12 327
20 21 21 22 595
28 26 26 27 781
11 10 10 10 237
9 9 8 9 193
29 31 31 29 891
5 7 7 6 108
30 30 29 30 886
19 17 17 17 475
22 22 22 24 644
12 10 10 12 262
30 29 30 29 868
9 9 9 7 179
3 4 3 3 12
29 27 27 27 805
29 29 28 29 853
15 16 17 16 425
4 4 5 3 27
4 6 5 5 71
32 32 33 32 960
24 25 25 24 709
7 7 6 7 127
28 29 29 29 850
29 29 28 30 862
4 6 6 4 66
34 33 33 33 996
30 30 28 30 882
13 13 11 13 321
21 20 20 20 567
4 3 2 3 2
3 5 5 4 42
6 6 6 5 89
17 18 18 17 478
15 15 13 15 387
28 29 30 28 845
17 17 15 17 453
30 29 30 29 868
13 13 13 11 311
32 33 33 32 973
32 32 34 32 964
4 5 4 5 54
11 11 11 13 281
9 10 9 9 210
16 17 16 17 450
27 27 27 25 773
27 28 29 28 821
33 33 31 33 981
33 33 32 33 985
11 11 13 11 271
29 27 27 27 805
24 22 22 23 649
32 32 34 32 964
21 23 23 23 645
19 18 17 19 506
17 18 18 18 487
15 15 15 14 386
29 30 29 30 879
7 7 7 7 131
14 13 12 14 341
3 4 5 4 29
28 26 27 27 785
15 15 13 15 387
20 20 18 20 552
15 15 15 13 377
18 20 20 19 537
15 16 17 15 416
9 7 8 8 158
27 25 25 25 739
30 29 28 30 869
27 27 26 28 796
24 25 26 25 722
4 4 5 4 36
25 24 24 24 699
23 24 24 24 685
11 10 10 11 246
19 17 17 17 475
17 17 16 17 457
4 5 6 4 53
32 33 34 32 977
26 28 28 28 810
13 14 13 14 351
33 32 31 32 959
12 12 11 12 292
4 5 6 4 53
27 25 25 26 748
31 31 30 31 919
18 19 19 19 520
29 28 29 29 844
15 16 15 15 408
21 20 19 21 572
21 21 21 19 575
10 9 9 9 204
22 23 23 24 661
5 7 6 6 104
15 16 16 15 412
7 6 5 6 101
31 31 31 33 941
14 16 15 15 401
25 26 26 25 742
32 32 32 33 965
30 30 30 32 908
3 5 5 3 33
22 20 20 22 592
17 16 15 16 431
20 20 22 20 568
13 12 13 13 316
16 17 16 16 441
8 7 6 7 134
31 30 29 30 893
16 14 14 14 376
27 29 29 28 834
9 7 7 9 163
13 15 14 14 368
14 13 13 12 327
15 15 14 16 400
32 33 32 32 969
6 7 7 6 115
11 10 10 11 246
9 9 8 10 202
18 19 19 20 529
13 14 15 14 359
20 22 22 20 594
15 13 13 15 361
24 24 24 25 701
12 14 14 14 348
30 30 30 28 872
10 8 8 9 187
25 24 24 25 708
23 21 21 21 607
11 10 10 10 237
9 9 9 9 197
16 15 15 14 393
4 5 5 6 67
25 25 25 27 743
20 20 20 19 551
11 10 11 10 241
14 15 15 16 397
27 28 29 27 812
14 12 12 14 328
30 30 29 30 886
7 5 5 7 97
6 5 6 6 85
21 21 21 23 611
33 33 32 34 994
13 12 11 13 308
22 22 22 20 608
30 28 28 30 856
5 7 7 6 108
27 27 28 27 795
19 18 19 19 514
25 24 24 23 690
13 13 13 13 329
8 9 10 8 185
25 25 26 24 720
30 30 31 30 894
13 13 15 13 337
15 16 16 15 412
14 14 13 14 358
31 32 32 33 958
31 33 32 32 962
19 20 20 19 544
31 32 31 32 945
26 27 28 27 788
23 24 25 24 689
30 29 29 30 873
13 15 15 13 363
22 23 23 23 652
7 7 7 5 113
22 22 23 22 630
17 18 18 18 487
8 7 6 8 143
5 4 4 4 39
14 15 14 15 384
5 4 3 4 35
4 4 3 5 37
12 11 12 11 274
12 11 10 12 275
4 5 4 5 54
19 19 19 17 509
29 28 28 28 831
25 25 24 26 730
6 4 5 5 59
30 32 31 31 929
29 29 28 30 862
30 30 28 30 882
26 26 26 25 749
17 16 17 16 439
22 22 22 23 635
32 32 33 31 951
30 28 28 28 838
15 15 15 14 386
27 29 29 29 843
3 5 5 5 51
18 17 16 17 464
28 26 26 28 790
5 7 7 6 108
27 28 29 28 821
25 24 25 25 712
34 32 33 33 983
14 13 12 14 341
26 27 28 27 788
19 18 18 19 510
32 31 32 31 934
29 29 31 29 865
23 23 23 21 641
10 10 10 9 221
28 29 29 30 859
6 6 5 6 94
11 11 11 13 281
23 25 25 24 702
16 16 16 15 419
28 28 27 29 829
17 16 16 15 426
4 6 5 5 71
21 22 23 21 614
17 18 19 17 482
7 8 7 7 144
23 21 22 22 620
32 30 30 30 904
27 26 27 27 778
6 4 4 6 64
22 24 24 22 660
29 30 29 30 879
3 4 3 4 21
22 23 24 23 656
6 5 6 6 85
23 24 24 25 694
25 26 27 26 755
9 9 10 8 192
29 29 27 29 849
16 16 16 18 446
15 14 14 13 360
10 12 11 11 269
20 21 21 22 595
21 23 22 22 632
6 5 5 5 72
7 6 5 6 101
5 4 5 4 43
21 21 21 20 584
29 27 27 27 805
26 25 25 26 741
25 24 24 24 699
22 23 24 23 656
31 30 31 30 901
18 17 16 18 473
8 8 7 9 169
17 18 17 17 474
29 27 28 28 818
12 11 12 11 274
13 15 15 15 381
10 11 12 10 251
9 8 7 8 167
14 13 14 14 349
12 13 13 13 322
31 32 32 32 949
25 25 25 27 743
4 4 4 5 41
19 19 19 20 536
27 27 26 27 787
15 17 17 16 438
29 27 27 29 823
6 8 7 7 137
10 9 10 9 208
33 31 32 32 950
34 32 32 33 979
19 19 20 19 531
14 15 16 14 383
16 16 17 16 432
22 22 20 22 618
8 8 9 7 159
10 10 8 10 222
29 29 29 30 866
22 20 21 21 587
4 4 4 5 41
14 16 16 15 405
14 15 15 15 388
32 33 33 32 973
