750 94630
6 6 6 5 89
20 18 18 18 508
8 6 6 6 112
5 4 4 5 48
26 27 26 26 771
15 15 15 14 386
6 8 8 7 141
25 26 25 25 738
30 31 31 31 916
11 11 10 11 259
11 12 12 11 280
25 23 24 24 686
32 34 33 33 995
28 29 29 28 841
12 11 10 12 275
12 11 11 12 279
28 28 30 28 832
30 32 31 31 929
17 15 16 16 422
28 28 28 27 815
9 7 7 9 163
15 16 15 16 417
10 10 10 9 221
24 23 23 22 657
13 14 15 13 350
29 27 27 27 805
8 8 8 7 155
27 27 28 27 795
16 16 16 18 446
5 5 5 5 65
4 5 5 4 49
25 26 26 25 742
28 29 30 28 845
19 20 21 19 548
18 17 18 17 472
17 16 17 17 448
9 11 11 11 249
26 26 24 26 750
16 16 16 16 428
15 13 13 13 343
8 9 9 8 181
20 19 18 19 530
26 25 26 25 736
3 5 5 3 33
26 24 24 25 715
7 7 7 6 122
32 31 32 32 943
21 22 23 22 623
7 6 7 7 118
12 13 13 13 322
23 23 23 21 641
2 4 4 4 18
30 31 30 30 903
7 8 7 8 153
20 19 20 20 547
14 13 13 12 327
6 7 7 8 133
21 19 19 20 550
34 32 32 32 970
25 24 23 25 704
14 14 14 16 380
28 28 28 28 824
8 8 6 8 156
23 24 24 23 676
32 31 32 32 943
10 10 9 10 226
31 31 30 31 919
9 8 8 7 162
3 5 5 5 51
4 5 5 6 67
13 12 12 12 303
6 5 5 6 81
14 15 14 14 375
29 30 31 30 887
33 32 33 32 967
17 17 17 16 452
23 24 24 24 685
26 26 25 27 763
23 23 22 23 655
12 12 14 12 304
29 29 29 29 857
14 14 14 14 362
5 4 5 5 52
25 26 25 25 738
20 19 18 19 530
20 20 18 20 552
3 3 3 5 17
24 26 26 26 744
7 8 7 8 153
5 6 6 5 82
20 20 21 19 555
28 30 30 30 876
20 20 22 20 568
17 17 17 15 443
33 32 32 31 954
27 25 25 27 757
3 3 3 5 17
17 18 18 17 478
18 18 18 18 494
22 22 23 21 621
16 14 15 15 389
27 27 28 27 795
24 23 24 23 670
25 26 27 25 746
25 23 23 25 691
21 20 19 20 563
28 29 29 30 859
11 10 10 11 246
17 17 17 19 479
5 6 6 7 100
7 7 7 5 113
24 25 25 25 718
30 32 32 31 933
23 24 25 23 680
16 17 17 17 454
22 21 21 21 600
15 16 15 16 417
31 29 29 30 880
12 14 13 13 335
20 21 20 20 573
18 19 18 19 516
26 24 25 25 719
30 28 28 28 838
4 4 4 6 50
26 25 24 25 728
15 16 15 15 408
18 18 18 16 476
19 19 19 17 509
3 5 5 5 51
7 7 7 9 149
27 27 27 26 782
23 24 24 23 676
6 6 5 7 103
15 16 15 15 408
18 17 17 18 477
27 27 27 27 791
15 16 15 15 408
24 23 22 24 671
10 8 9 9 191
11 11 12 11 267
20 21 21 21 586
19 19 20 19 531
15 14 14 15 378
5 5 6 5 69
14 15 16 14 383
19 17 17 18 484
16 16 14 16 420
32 33 34 33 986
17 17 17 17 461
6 4 5 5 59
29 29 28 30 862
24 26 26 24 726
29 28 28 28 831
20 19 20 19 538
6 5 6 5 76
19 20 20 19 544
28 26 26 27 781
25 24 24 23 690
18 18 17 19 499
26 24 24 25 715
17 18 18 17 478
12 11 11 12 279
10 10 12 10 238
15 17 17 17 447
16 16 17 15 423
13 15 15 15 381
31 29 29 30 880
20 21 22 21 590
5 3 4 4 26
4 3 3 4 15
5 7 7 6 108
15 15 15 14 386
19 19 17 19 519
23 24 24 25 694
15 14 14 13 360
28 26 26 26 772
30 30 30 32 908
32 30 31 31 917
22 21 20 22 605
28 29 29 30 859
17 18 18 19 496
4 6 5 5 71
27 27 25 27 783
28 27 28 28 811
16 18 18 16 462
20 21 21 22 595
27 27 28 26 786
32 32 33 31 951
6 5 6 5 76
8 6 7 7 125
16 16 14 16 420
33 33 31 33 981
19 19 19 20 536
32 30 31 31 917
6 6 6 6 98
6 7 6 7 120
8 8 8 6 146
8 10 9 9 203
29 31 31 29 891
10 8 8 10 196
2 4 3 3 5
22 23 24 23 656
32 32 33 31 951
13 12 13 13 316
16 14 14 15 385
8 10 10 10 216
3 4 4 4 25
17 17 18 16 456
29 30 30 29 874
26 26 26 25 749
7 7 7 6 122
19 20 21 19 548
26 26 26 26 758
29 29 29 30 866
10 9 9 8 195
6 7 6 7 120
7 5 5 7 97
23 22 23 22 637
6 4 4 5 55
31 31 30 31 919
14 15 14 15 384
10 8 8 8 178
5 6 6 6 91
34 32 32 32 970
4 6 6 4 66
19 19 19 21 545
14 13 14 13 340
19 19 21 19 535
18 19 18 18 507
10 12 11 11 269
10 10 11 10 234
6 4 4 5 55
19 17 18 18 488
9 9 10 9 201
24 23 22 24 671
31 29 29 31 889
12 14 14 13 339
15 14 15 15 382
29 28 28 28 831
32 33 32 32 969
31 31 30 31 919
4 6 5 5 71
18 17 18 17 472
19 19 20 19 531
14 14 14 14 362
6 7 8 6 119
28 27 28 28 811
9 9 7 9 189
33 33 32 33 985
20 19 18 20 539
12 11 11 12 279
14 13 14 13 340
14 14 16 14 370
28 27 27 28 807
14 15 15 15 388
19 18 18 18 501
21 20 19 20 563
8 8 8 10 182
7 7 7 7 131
29 29 28 30 862
26 27 28 26 779
25 26 26 25 742
15 17 17 15 429
18 20 20 19 537
16 18 17 17 467
22 22 22 24 644
12 10 10 11 253
7 8 8 8 157
19 18 18 19 510
17 17 17 16 452
14 14 14 13 353
18 19 20 18 515
32 34 34 32 990
3 4 3 3 12
17 15 16 16 422
6 6 7 5 93
16 16 15 17 433
15 14 13 15 374
19 19 19 20 536
10 8 8 8 178
22 23 23 22 643
32 31 31 32 939
9 8 8 7 162
12 10 10 12 262
18 18 18 18 494
5 6 7 5 86
27 27 28 26 786
29 31 30 30 896
31 33 33 31 957
22 22 24 22 634
5 4 5 5 52
18 19 18 19 516
9 8 9 9 184
3 4 3 3 12
17 17 15 17 453
12 13 12 12 309
20 19 18 20 539
29 27 27 27 805
21 21 19 21 585
22 23 24 22 647
7 7 7 7 131
21 21 21 22 602
15 14 15 15 382
20 18 18 20 526
4 4 5 3 27
13 14 13 13 342
21 21 20 22 598
25 25 25 25 725
8 9 9 10 199
29 29 29 27 839
10 10 9 11 235
7 6 7 6 109
13 15 15 15 381
17 16 16 15 426
25 26 25 25 738
28 26 26 27 781
8 8 6 8 156
28 28 27 29 829
30 31 32 30 911
22 22 21 23 631
8 7 7 7 138
2 4 3 3 5
8 10 10 9 207
6 4 5 5 59
26 28 28 28 810
8 9 9 9 190
28 29 30 29 854
28 29 29 30 859
13 14 14 14 355
5 6 6 5 82
5 6 6 6 91
30 28 28 28 838
23 22 21 22 629
27 27 25 27 783
30 31 30 31 912
6 4 4 4 46
15 17 17 17 447
31 33 33 31 957
6 6 6 6 98
4 3 4 4 19
16 15 14 15 398
11 10 9 11 242
4 4 2 4 24
25 26 27 25 746
8 8 9 7 159
17 16 17 16 439
15 16 17 15 416
10 11 12 10 251
27 29 29 27 825
24 23 23 23 666
13 12 12 11 294
22 22 23 21 621
32 32 34 32 964
26 27 26 26 771
9 8 8 8 171
19 18 18 17 492
14 12 12 13 319
15 13 13 15 361
12 13 13 13 322
14 14 14 13 353
24 23 24 24 679
13 11 11 11 277
22 22 22 21 617
20 21 22 20 581
4 5 5 5 58
2 3 3 4 1
10 10 10 12 248
17 17 17 16 452
23 22 21 23 638
9 10 9 10 219
30 30 31 30 894
10 11 12 10 251
9 9 10 8 192
22 23 24 23 656
18 19 19 20 529
26 27 28 27 788
10 10 10 9 221
6 5 5 6 81
32 33 33 32 973
32 31 32 31 934
23 24 24 24 685
16 17 17 16 445
8 9 8 8 177
34 32 32 33 979
31 33 33 33 975
23 24 23 24 681
24 23 23 23 666
18 17 18 18 481
16 15 15 16 411
30 29 30 30 877
18 19 18 18 507
14 15 14 14 375
24 24 25 23 687
25 24 25 25 712
30 29 30 29 868
23 23 21 23 651
16 14 14 16 394
11 13 12 12 302
18 17 17 18 477
31 33 33 33 975
4 5 5 6 67
30 32 32 31 933
9 10 10 10 223
2 3 3 4 1
11 9 9 10 220
20 20 18 20 552
24 25 26 25 722
28 28 29 28 828
31 33 33 33 975
20 18 18 19 517
24 23 24 24 679
4 5 5 4 49
11 10 10 11 246
25 25 25 25 725
13 11 12 12 290
8 7 7 7 138
20 20 19 21 565
8 7 8 8 151
28 29 29 28 841
28 28 28 27 815
5 6 6 6 91
26 27 26 27 780
26 25 25 25 732
19 19 19 19 527
24 24 22 24 684
9 8 9 8 175
21 21 21 22 602
14 12 13 13 323
20 22 22 22 612
29 29 28 30 862
33 32 32 33 972
5 6 7 5 86
17 18 18 19 496
24 22 22 22 640
6 6 6 7 107
6 5 5 5 72
24 24 22 24 684
19 18 17 18 497
18 17 18 18 481
27 27 27 25 773
29 31 31 31 909
31 31 30 31 919
11 10 10 10 237
9 9 9 11 215
17 15 15 15 409
31 31 31 31 923
23 23 21 23 651
32 32 32 31 947
28 27 26 28 803
21 22 22 23 628
22 23 23 22 643
23 24 24 24 685
24 24 24 23 683
31 32 33 32 953
14 15 14 15 384
18 19 20 18 515
10 9 8 10 209
31 32 33 32 953
17 19 18 18 500
27 27 29 27 799
15 14 13 15 374
17 15 15 15 409
29 30 31 29 878
31 33 33 32 966
16 14 15 15 389
25 23 24 24 686
15 15 15 14 386
14 13 13 14 345
13 14 14 14 355
22 22 21 22 622
16 14 15 15 389
8 10 10 10 216
25 23 23 24 682
31 30 30 30 897
11 12 12 13 298
6 6 6 4 80
32 33 34 33 986
18 20 20 19 537
7 8 8 9 166
21 21 21 23 611
29 31 31 29 891
17 17 18 17 465
18 17 17 16 459
20 22 22 20 594
32 33 34 33 986
27 26 25 27 770
22 21 22 22 613
10 9 9 10 213
17 17 18 16 456
10 10 10 10 230
6 6 5 6 94
27 28 28 29 826
3 3 3 4 8
4 4 5 4 36
28 26 26 28 790
6 5 4 5 68
5 5 5 7 83
23 23 23 21 641
34 33 34 33 1000
26 28 27 27 797
14 14 15 14 366
28 28 30 28 832
9 10 10 9 214
30 32 31 31 929
19 20 20 19 544
29 29 29 30 866
31 33 33 33 975
17 17 17 15 443
10 9 10 10 217
14 14 13 14 358
18 17 17 16 459
24 24 24 26 710
31 32 31 31 936
28 29 29 30 859
21 21 21 23 611
14 14 13 15 367
13 12 13 13 316
21 22 23 22 623
28 28 29 28 828
10 9 9 8 195
16 16 16 15 419
13 12 11 13 308
30 30 30 28 872
27 25 25 27 757
5 7 7 6 108
24 24 22 24 684
7 8 8 9 166
3 3 3 4 8
16 14 14 14 376
8 8 9 7 159
7 7 7 8 140
10 11 10 11 252
15 17 17 16 438
4 5 5 4 49
10 12 12 12 282
11 11 10 11 259
18 19 19 18 511
32 31 32 31 934
9 8 9 9 184
30 31 32 30 911
14 14 12 14 354
19 19 20 18 522
28 29 29 28 841
17 18 19 17 482
11 12 13 12 293
15 16 17 15 416
22 24 24 24 678
12 13 13 12 313
18 17 16 18 473
27 29 29 28 834
25 25 25 27 743
23 23 25 23 667
14 13 13 12 327
18 18 17 19 499
27 27 27 28 800
4 5 5 5 58
7 9 9 9 183
5 6 7 5 86
25 27 27 25 759
26 27 26 27 780
8 7 6 8 143
14 15 15 15 388
10 9 9 8 195
29 30 30 30 883
33 32 31 33 968
25 27 26 26 764
30 31 31 31 916
19 18 19 19 514
15 15 17 15 403
8 8 6 8 156
10 8 8 8 178
30 28 28 28 838
29 29 30 28 852
9 8 9 8 175
33 33 33 31 971
24 24 23 25 697
11 12 12 12 289
27 27 27 26 782
6 7 6 6 111
17 16 16 15 426
12 11 12 12 283
15 16 17 16 425
31 32 33 32 953
15 15 16 15 399
18 17 17 16 459
18 20 20 19 537
7 9 9 7 165
15 16 16 15 412
7 7 5 7 123
10 9 10 9 208
15 17 17 17 447
25 27 27 25 759
18 16 17 17 455
22 23 22 22 639
26 26 26 24 740
29 27 27 29 823
6 4 4 4 46
19 19 19 21 545
19 19 19 21 545
18 17 17 17 468
22 23 24 23 656
26 25 25 24 723
21 23 23 23 645
22 22 22 20 608
31 30 30 30 897
10 9 9 10 213
23 25 24 24 698
17 15 15 16 418
22 24 24 24 678
16 15 14 16 407
11 10 9 10 233
24 24 26 24 700
15 17 17 15 429
26 25 25 26 741
10 10 10 12 248
11 13 12 12 302
18 16 16 17 451
24 24 23 24 688
17 18 17 17 474
13 11 11 11 277
4 6 6 5 75
27 27 28 26 786
25 23 23 24 682
13 15 14 14 368
4 3 3 3 6
29 31 31 30 900
28 28 30 28 832
10 10 8 10 222
6 4 4 5 55
24 24 24 26 710
26 25 25 25 732
10 8 8 10 196
13 11 11 12 286
13 13 13 11 311
27 26 27 27 778
15 15 13 15 387
20 19 19 19 534
27 26 25 26 761
23 23 22 24 664
30 31 30 31 912
29 29 28 30 862
19 19 19 21 545
29 29 28 29 853
19 19 17 19 519
27 28 29 28 821
31 31 31 32 932
25 24 23 25 704
31 31 30 31 919
9 9 10 8 192
30 30 31 29 885
20 21 22 21 590
27 28 29 27 812
10 12 12 12 282
7 7 5 7 123
8 7 6 8 143
20 20 21 20 564
12 14 14 14 348
9 9 8 9 193
22 21 21 20 591
11 12 12 13 298
15 15 15 17 413
22 22 21 23 631
13 13 13 15 347
31 31 31 33 941
9 7 8 8 158
26 28 28 27 801
6 4 4 6 64
20 20 19 20 556
11 9 9 11 229
11 10 11 10 241
18 18 19 17 489
16 14 14 14 376
15 16 17 15 416
20 19 18 20 539
13 13 13 15 347
29 29 29 31 875
22 20 21 21 587
32 32 32 32 956
8 6 6 8 130
14 14 12 14 354
33 32 32 31 954
5 4 3 4 35
5 3 3 4 22
24 25 26 25 722
32 32 32 32 956
20 22 21 21 599
10 11 10 10 243
21 21 21 19 575
31 31 31 32 932
31 33 33 32 966
23 22 23 23 646
18 16 16 17 451
24 24 24 24 692
9 9 10 9 201
23 22 22 22 633
25 25 25 25 725
15 15 15 17 413
18 18 18 19 503
8 7 7 7 138
10 11 11 10 247
13 11 11 13 295
33 31 31 31 937
23 23 23 22 650
22 24 24 22 660
31 30 30 31 906
10 11 10 11 252
15 14 14 13 360
34 32 33 33 983
15 16 16 17 430
7 6 6 6 105
26 26 26 25 749
19 20 20 19 544
6 7 8 6 119
33 33 33 32 980
28 28 27 29 829
28 28 28 28 824
8 10 10 10 216
6 7 7 6 115
7 6 5 7 110
15 16 16 15 412
23 22 22 21 624
15 17 16 16 434
32 32 30 32 948
14 16 16 14 396
33 31 32 32 950
21 21 21 21 593
9 9 9 8 188
16 15 15 14 393
24 25 26 24 713
26 25 24 25 728
23 25 25 23 693
29 31 30 30 896
9 7 8 8 158
32 30 30 30 904
4 3 4 4 19
22 22 20 22 618
12 12 12 14 314
13 11 11 11 277
16 17 17 17 454
27 27 27 25 773
9 9 8 9 193
11 9 9 9 211
23 23 25 23 667
24 24 24 26 710
9 8 8 7 162
17 15 15 16 418
16 17 17 18 463
8 7 7 6 129
9 10 9 9 210
24 23 23 24 675
