50 9960
6 7 8 6 119
15 16 16 16 421
26 27 27 26 775
12 14 14 12 330
32 31 32 31 934
23 23 24 23 663
5 3 3 4 22
15 14 14 14 369
17 16 15 16 431
11 11 10 11 259
19 20 20 19 544
24 24 24 25 701
11 11 13 11 271
25 25 24 26 730
21 23 22 22 632
28 27 26 28 803
13 14 14 13 346
33 33 33 33 989
5 5 6 5 69
10 12 12 12 282
26 26 25 27 763
25 23 24 24 686
16 16 15 17 433
6 4 5 5 59
7 8 9 7 152
19 19 20 18 522
28 29 28 28 837
11 10 11 10 241
21 21 22 21 597
3 4 3 4 21
32 32 31 33 961
29 29 27 29 849
4 4 3 5 37
15 14 13 15 374
10 9 10 9 208
20 20 22 20 568
26 26 26 25 749
20 20 21 20 564
31 32 31 32 945
7 5 5 5 79
5 6 7 5 86
6 6 7 6 102
31 31 31 33 941
16 15 16 16 415
27 29 29 28 834
19 19 20 18 522
20 20 21 19 555
22 24 24 22 660
28 28 29 27 819
21 22 21 22 615
