50 6495
12 12 12 13 305
32 34 34 33 999
25 25 26 25 729
25 25 27 25 733
27 29 29 28 834
15 15 14 16 400
5 6 6 7 100
18 18 18 19 503
15 14 13 15 374
22 23 24 22 647
30 29 28 29 860
14 14 12 14 354
33 33 34 32 984
4 5 6 4 53
32 33 33 34 991
20 20 21 20 564
32 33 34 33 986
30 30 32 30 898
19 20 21 19 548
5 7 7 5 99
12 11 11 12 279
15 16 17 15 416
16 15 14 16 407
6 6 5 6 94
28 29 29 29 850
20 20 20 21 569
10 12 12 12 282
24 25 26 24 713
14 13 12 13 332
18 18 18 18 494
22 22 22 23 635
32 31 32 31 934
20 22 22 22 612
29 31 30 30 896
23 24 25 24 689
24 22 22 22 640
8 10 10 9 207
6 4 4 5 55
32 33 34 33 986
19 19 19 20 536
22 22 22 24 644
30 30 30 32 908
32 33 34 33 986
21 21 21 23 611
15 15 15 17 413
28 28 27 29 829
18 20 19 19 533
31 29 29 29 871
24 23 22 24 671
20 20 20 20 560
