750 229491
30 30 31 30 894
15 15 15 16 404
19 20 20 21 562
8 9 8 8 177
10 10 9 11 235
4 3 2 4 11
10 8 8 10 196
28 29 29 28 841
4 4 3 5 37
10 10 11 9 225
20 22 22 21 603
24 26 26 25 735
21 20 20 19 558
8 8 6 8 156
14 14 15 14 366
8 10 9 9 203
17 15 16 16 422
7 7 9 7 139
7 8 8 7 148
29 27 27 27 805
26 24 24 26 724
11 13 13 11 297
4 3 3 4 15
10 10 11 10 234
22 22 22 24 644
19 21 21 19 561
9 11 10 10 236
5 7 7 6 108
21 21 22 20 588
13 15 15 14 372
10 10 8 10 222
7 6 7 7 118
4 3 2 3 2
15 14 14 13 360
21 23 23 23 645
32 31 31 32 939
24 24 24 26 710
31 30 30 31 906
25 27 27 25 759
3 5 5 3 33
20 20 20 19 551
31 29 29 31 889
30 32 32 32 942
33 32 31 33 968
9 10 9 10 219
4 6 6 6 84
11 11 9 11 255
31 30 30 31 906
6 7 8 6 119
27 25 25 25 739
22 23 24 23 656
23 25 24 24 698
15 16 15 16 417
24 24 22 24 684
16 16 15 17 433
23 24 25 24 689
23 22 22 23 642
7 7 7 6 122
6 4 4 6 64
2 3 3 4 1
26 25 25 24 723
11 10 10 10 237
19 21 20 20 566
3 4 4 3 16
13 13 13 15 347
11 10 10 9 228
20 20 20 19 551
15 13 13 13 343
32 32 30 32 948
33 33 33 32 980
16 16 17 16 432
21 22 22 23 628
26 25 25 26 741
27 27 26 27 787
24 25 26 25 722
10 10 12 10 238
4 5 4 4 45
29 29 27 29 849
30 29 28 29 860
7 7 7 5 113
26 27 26 26 771
15 13 14 14 356
14 14 16 14 370
23 24 23 23 672
30 30 30 32 908
25 24 24 24 699
3 3 5 3 7
17 18 17 18 483
17 18 18 18 487
5 3 3 4 22
25 26 25 26 747
19 18 19 19 514
18 19 18 19 516
32 34 34 33 999
6 5 4 5 68
32 32 31 33 961
25 27 26 26 764
5 4 3 5 44
19 18 18 17 492
12 14 14 12 330
16 15 16 15 406
22 23 23 22 643
3 3 3 5 17
5 5 7 5 73
19 18 17 18 497
21 21 22 21 597
9 9 9 10 206
10 10 11 9 225
28 28 28 30 842
15 14 13 15 374
27 26 26 25 756
14 12 12 12 310
13 13 12 13 325
30 29 29 28 855
7 6 7 7 118
22 22 23 22 630
15 14 15 15 382
18 20 20 19 537
22 21 21 22 609
6 5 4 5 68
21 21 21 19 575
20 20 19 21 565
27 26 26 26 765
25 24 24 23 690
6 4 5 5 59
8 7 6 8 143
23 23 23 22 650
17 16 17 17 448
19 19 19 18 518
14 13 12 14 341
32 32 32 30 938
5 3 3 4 22
14 14 14 16 380
32 32 31 33 961
10 9 9 9 204
6 5 5 4 63
25 24 23 24 695
31 33 33 32 966
16 17 17 18 463
21 20 19 21 572
16 15 14 16 407
18 20 20 19 537
11 9 9 11 229
20 22 22 22 612
29 29 29 28 848
15 14 14 15 378
28 26 26 28 790
29 30 30 30 883
21 21 21 23 611
10 9 9 8 195
12 11 11 10 261
15 14 14 13 360
32 33 32 33 978
18 17 17 18 477
25 25 25 27 743
15 17 17 15 429
13 13 13 11 311
32 32 33 31 951
7 6 6 6 105
12 11 12 12 283
11 12 12 12 289
10 11 10 11 252
7 6 5 6 101
27 29 29 29 843
19 21 21 19 561
16 14 14 14 376
8 7 6 8 143
6 6 8 6 106
26 25 25 25 732
33 31 31 33 955
5 6 6 7 100
2 3 3 4 1
6 5 5 5 72
10 9 8 10 209
24 24 23 25 697
14 14 13 14 358
28 28 27 28 820
7 7 7 7 131
5 5 5 4 56
28 30 29 29 863
6 6 6 4 80
16 16 15 17 433
32 31 32 31 934
9 8 7 8 167
9 7 7 9 163
23 23 22 23 655
5 4 5 4 43
25 26 25 25 738
13 15 15 15 381
16 16 17 16 432
31 32 32 32 949
7 7 6 8 136
19 19 19 17 509
10 10 10 9 221
14 14 12 14 354
33 32 32 32 963
24 24 24 22 674
18 18 19 18 498
22 22 21 23 631
6 4 4 5 55
32 31 31 31 930
14 13 13 12 327
15 15 14 15 391
2 4 4 3 9
18 18 18 19 503
26 24 25 25 719
28 28 28 26 806
28 29 28 28 837
12 10 10 12 262
34 32 33 33 983
17 18 19 18 491
10 11 12 11 260
18 20 20 19 537
8 8 7 9 169
22 24 24 24 678
28 26 27 27 785
7 7 8 6 126
31 31 31 31 923
20 20 18 20 552
15 15 17 15 403
17 18 18 19 496
9 9 9 8 188
12 12 14 12 304
30 30 28 30 882
15 13 13 14 352
12 10 10 10 244
29 30 29 30 879
33 32 32 32 963
30 30 30 28 872
30 29 30 29 868
10 9 8 10 209
15 14 14 13 360
6 7 7 7 124
22 23 22 22 639
27 27 27 28 800
8 6 6 6 112
21 20 19 20 563
20 19 20 20 547
3 4 4 3 16
26 24 25 25 719
14 15 16 14 383
29 27 27 29 823
10 11 11 11 256
18 16 16 17 451
8 8 7 9 169
13 11 11 11 277
32 33 32 33 978
19 21 21 19 561
15 14 14 15 378
29 31 30 30 896
15 16 17 16 425
9 9 9 9 197
14 16 16 14 396
14 14 15 14 366
26 27 27 26 775
27 29 29 28 834
11 9 9 10 220
7 6 6 7 114
23 23 24 22 654
22 21 22 22 613
20 21 20 21 582
13 12 11 13 308
9 9 11 9 205
29 30 31 30 887
5 5 5 7 83
20 19 20 20 547
11 11 11 12 272
12 13 13 12 313
11 12 11 11 276
30 31 30 30 903
24 24 24 22 674
19 21 21 20 570
23 23 24 22 654
12 13 13 12 313
11 12 12 12 289
14 13 13 14 345
22 21 21 20 591
4 3 3 3 6
10 10 10 8 212
28 27 28 27 802
20 21 21 22 595
28 29 29 30 859
23 23 23 22 650
3 4 4 4 25
27 26 27 27 778
25 26 25 25 738
25 24 24 24 699
19 17 17 17 475
17 17 18 16 456
7 6 6 6 105
28 27 26 28 803
5 6 7 5 86
27 25 26 26 752
14 13 12 14 341
13 15 15 15 381
8 7 7 7 138
15 16 17 15 416
8 8 7 8 160
32 32 31 33 961
29 31 30 30 896
28 27 26 27 794
23 24 24 23 676
23 24 24 24 685
18 18 19 18 498
11 10 11 10 241
30 29 30 29 868
9 8 7 8 167
3 4 5 4 29
25 26 25 26 747
21 20 19 20 563
29 29 29 27 839
14 14 14 13 353
10 12 12 10 264
11 10 9 11 242
11 10 9 11 242
5 4 3 5 44
30 29 29 30 873
10 9 8 10 209
24 23 23 23 666
25 25 27 25 733
11 10 9 11 242
28 28 28 30 842
8 10 10 9 207
20 20 19 21 565
24 25 24 24 705
12 11 11 10 261
16 14 14 16 394
12 10 10 10 244
29 30 29 30 879
16 14 15 15 389
19 19 19 19 527
14 15 15 15 388
12 12 12 14 314
27 25 25 27 757
12 14 14 12 330
33 33 32 33 985
32 33 34 33 986
21 22 23 21 614
22 22 22 22 626
30 29 29 29 864
33 33 32 33 985
27 27 29 27 799
15 14 15 15 382
10 11 12 10 251
22 24 24 23 669
7 9 8 8 170
4 5 6 5 62
32 32 31 32 952
16 16 15 16 424
16 15 15 16 411
10 9 8 10 209
9 8 7 9 176
12 12 13 11 291
25 25 25 25 725
31 30 30 30 897
5 5 4 5 61
29 27 27 29 823
31 31 31 33 941
20 22 22 20 594
29 29 28 29 853
33 33 34 33 993
11 12 13 12 293
33 32 31 33 968
25 25 26 24 720
27 28 28 28 817
28 29 30 29 854
6 5 6 6 85
10 10 11 10 234
9 7 7 8 154
13 13 14 12 324
20 20 20 21 569
11 9 10 10 224
16 15 14 15 398
18 19 19 20 529
18 19 18 19 516
24 26 26 24 726
25 24 23 24 695
8 7 6 8 143
13 13 15 13 337
23 22 23 23 646
15 14 15 15 382
30 28 28 28 838
21 20 21 21 580
16 17 17 16 445
10 9 9 8 195
16 17 16 16 441
17 15 16 16 422
18 17 18 17 472
33 31 31 31 937
25 26 25 25 738
8 9 9 8 181
34 32 32 32 970
6 8 7 7 137
7 7 6 8 136
8 7 7 7 138
23 24 24 25 694
22 22 22 20 608
17 18 17 17 474
22 21 21 22 609
24 26 26 24 726
30 29 28 29 860
3 4 4 4 25
10 11 12 10 251
2 3 3 4 1
9 10 10 11 232
6 6 6 7 107
28 29 30 29 854
8 7 7 7 138
29 29 29 28 848
5 5 5 4 56
11 11 11 9 245
32 32 33 31 951
28 27 27 27 798
33 33 33 31 971
33 31 31 31 937
33 31 31 33 955
33 32 31 32 959
29 27 27 29 823
7 6 6 5 96
26 28 28 27 801
13 13 13 11 311
7 7 8 6 126
11 12 11 12 285
9 8 8 9 180
9 9 9 9 197
21 21 22 21 597
33 33 32 33 985
23 24 24 25 694
4 4 4 4 32
22 23 24 23 656
6 8 7 7 137
25 25 25 25 725
32 33 32 32 969
25 27 27 25 759
30 29 29 29 864
10 10 10 11 239
15 17 17 17 447
31 31 31 30 914
6 4 4 4 46
15 15 15 13 377
3 3 3 5 17
27 27 26 27 787
11 11 11 9 245
13 14 13 14 351
24 23 23 22 657
20 19 19 19 534
10 10 9 10 226
10 11 11 10 247
20 21 21 21 586
13 12 13 12 307
32 33 33 32 973
20 20 21 20 564
34 33 33 33 996
23 22 23 23 646
14 14 14 13 353
12 12 12 11 287
24 25 26 25 722
8 8 7 9 169
23 21 22 22 620
15 14 13 14 365
26 25 25 26 741
15 16 16 16 421
22 22 22 20 608
4 4 4 4 32
18 20 20 20 546
4 3 2 4 11
11 10 11 10 241
11 11 11 9 245
20 19 18 19 530
26 25 25 25 732
19 18 18 19 510
34 33 33 32 987
6 5 5 5 72
29 31 30 30 896
33 33 34 32 984
16 16 16 18 446
22 22 24 22 634
31 30 30 30 897
33 33 33 31 971
8 6 6 7 121
10 8 8 8 178
16 17 18 17 458
20 22 21 21 599
16 15 14 15 398
19 19 20 19 531
12 14 13 13 335
29 30 31 29 878
27 29 29 28 834
19 17 18 18 488
15 16 16 16 421
31 32 32 33 958
29 29 29 28 848
23 23 25 23 667
11 10 9 10 233
7 7 5 7 123
13 12 13 13 316
4 4 5 4 36
33 33 32 34 994
7 6 7 6 109
5 7 7 6 108
31 32 32 31 940
7 7 5 7 123
11 11 11 11 263
4 4 4 6 50
13 13 13 12 320
28 29 28 28 837
20 19 19 19 534
21 22 21 21 606
21 22 22 21 610
4 4 3 5 37
27 29 29 27 825
13 13 15 13 337
34 32 32 32 970
9 8 8 8 171
28 27 28 28 811
32 30 31 31 917
24 23 22 23 662
25 23 23 23 673
10 8 8 9 187
5 6 6 5 82
11 12 11 11 276
11 11 10 12 268
24 26 26 24 726
30 31 31 32 925
25 26 26 25 742
28 27 27 27 798
20 19 19 19 534
31 31 31 32 932
31 31 31 30 914
28 30 30 28 858
14 13 13 14 345
25 24 25 25 712
4 4 2 4 24
9 9 7 9 189
17 17 17 15 443
24 23 23 24 675
17 19 19 17 495
18 20 19 19 533
9 9 9 11 215
20 20 18 20 552
12 14 14 13 339
24 23 23 23 666
16 15 15 14 393
32 33 33 34 991
31 32 32 33 958
27 28 28 28 817
18 17 17 17 468
10 9 9 8 195
10 12 12 10 264
34 33 32 33 992
28 27 26 28 803
27 28 27 27 804
26 27 28 27 788
24 26 26 26 744
31 31 30 32 928
33 33 34 32 984
33 32 31 32 959
6 7 7 8 133
9 7 7 9 163
32 31 31 31 930
16 15 15 15 402
24 26 26 25 735
3 5 5 5 51
32 33 34 33 986
30 31 30 31 912
30 29 30 30 877
27 25 25 27 757
7 6 7 6 109
7 6 6 6 105
26 25 25 26 741
17 18 18 18 487
6 6 5 7 103
14 14 13 14 358
22 24 24 24 678
14 15 14 14 375
24 22 22 24 658
17 17 18 16 456
19 18 17 19 506
11 12 11 12 285
20 19 18 19 530
23 21 22 22 620
25 24 23 25 704
20 19 19 18 525
2 4 4 3 9
12 12 11 12 292
23 23 23 24 668
6 5 5 5 72
32 30 31 31 917
26 26 25 26 754
29 29 29 27 839
7 6 5 6 101
20 22 22 20 594
29 30 30 29 874
4 4 3 5 37
22 21 20 21 596
15 15 15 13 377
22 21 21 22 609
20 20 19 21 565
12 13 13 14 331
31 33 33 33 975
5 5 6 4 60
23 24 23 23 672
30 29 28 30 869
3 4 3 4 21
8 9 9 8 181
16 15 14 16 407
28 28 28 29 833
33 33 35 33 997
16 14 14 14 376
30 30 31 30 894
10 11 10 10 243
17 18 19 17 482
3 3 2 4 4
11 12 13 11 284
14 15 16 15 392
27 25 26 26 752
8 10 10 10 216
32 32 33 32 960
19 18 18 18 501
14 16 15 15 401
11 12 13 11 284
9 11 11 10 240
28 27 26 28 803
8 10 10 8 198
14 13 13 13 336
24 23 22 24 671
21 21 21 19 575
2 4 4 3 9
10 10 10 11 239
6 8 7 7 137
23 22 23 22 637
21 22 22 23 628
33 33 31 33 981
4 6 6 5 75
10 11 12 10 251
12 12 12 10 278
24 24 22 24 684
9 9 9 9 197
26 26 25 27 763
29 27 28 28 818
23 24 23 24 681
7 8 7 7 144
30 31 30 31 912
12 10 10 12 262
21 21 19 21 585
26 27 27 27 784
29 28 27 28 827
29 31 31 30 900
4 4 4 2 14
33 33 33 31 971
26 24 24 25 715
8 10 10 10 216
8 7 8 8 151
22 21 20 22 605
26 26 27 25 753
12 11 12 12 283
10 11 11 11 256
17 18 18 17 478
8 7 8 8 151
10 9 10 9 208
23 23 21 23 651
25 26 26 25 742
18 17 17 16 459
33 33 34 32 984
28 28 26 28 816
25 25 25 25 725
6 8 8 8 150
15 17 17 15 429
10 9 8 10 209
17 18 17 17 474
10 10 10 8 212
25 24 24 23 690
10 9 10 10 217
29 29 29 30 866
8 8 9 8 168
20 20 22 20 568
21 19 20 20 554
7 9 8 8 170
12 12 12 13 305
16 16 17 15 423
32 32 30 32 948
22 24 24 23 669
15 16 16 15 412
29 28 27 28 827
19 17 17 17 475
6 6 6 6 98
24 23 23 23 666
31 30 29 31 902
31 30 29 31 902
19 17 18 18 488
18 18 16 18 486
29 31 31 30 900
32 32 32 33 965
9 11 10 10 236
19 21 20 20 566
28 29 30 29 854
4 4 4 3 23
17 16 17 17 448
7 8 8 8 157
16 15 14 15 398
31 31 31 31 923
23 24 24 24 685
31 32 31 31 936
11 9 9 11 229
11 10 11 10 241
33 32 32 32 963
21 23 23 21 627
27 28 28 28 817
25 23 24 24 686
17 16 16 17 444
15 13 13 13 343
13 11 11 11 277
34 32 33 33 983
17 17 17 17 461
32 32 31 33 961
29 27 27 27 805
21 21 22 21 597
19 20 19 19 540
27 26 25 26 761
7 7 6 7 127
26 26 26 24 740
13 11 12 12 290
7 6 7 6 109
15 15 15 13 377
16 16 16 17 437
16 18 17 17 467
19 18 19 19 514
23 22 22 22 633
22 24 23 23 665
16 17 16 17 450
7 8 8 7 148
15 13 14 14 356
32 33 33 32 973
15 16 16 17 430
22 20 20 21 583
25 25 25 23 707
23 24 24 25 694
21 21 22 21 597
25 25 25 23 707
11 12 12 13 298
9 7 7 9 163
16 15 16 16 415
12 12 14 12 304
16 16 16 14 410
12 12 13 12 300
12 10 10 12 262
32 32 31 32 952
20 19 20 19 538
18 17 18 17 472
11 11 10 11 259
