100 20808
25 25 25 25 725
8 10 10 8 198
4 3 4 4 19
26 25 24 26 737
18 20 20 19 537
32 32 33 32 960
30 29 30 29 868
15 13 13 14 352
24 25 24 25 714
28 26 26 26 772
3 4 3 4 21
18 18 18 16 476
11 13 13 12 306
8 7 6 8 143
13 12 11 13 308
21 21 22 21 597
29 29 29 31 875
16 18 18 17 471
4 6 5 5 71
21 22 21 21 606
13 12 12 13 312
11 10 11 10 241
12 11 10 12 275
26 24 24 24 706
3 5 4 4 38
29 30 30 30 883
30 31 32 30 911
16 16 16 14 410
12 13 14 13 326
10 11 11 11 256
14 15 15 16 397
9 9 8 10 202
29 28 29 28 835
7 6 6 6 105
12 11 12 12 283
12 13 14 12 317
8 9 9 9 190
14 13 14 13 340
12 12 12 10 278
13 12 11 13 308
9 9 8 9 193
28 28 28 30 842
18 18 16 18 486
18 19 19 19 520
32 31 31 30 921
10 10 8 10 222
27 25 26 26 752
15 15 15 16 404
23 23 21 23 651
11 11 10 11 259
14 15 14 14 375
19 21 21 21 579
16 14 14 16 394
22 21 21 20 591
26 25 26 26 745
13 14 13 14 351
28 27 26 28 803
25 25 26 25 729
20 19 18 19 530
33 32 33 33 976
11 10 10 10 237
22 20 21 21 587
19 19 18 19 523
18 19 18 19 516
13 14 13 14 351
27 25 25 25 739
7 7 9 7 139
24 24 23 25 697
29 29 31 29 865
8 7 7 7 138
7 7 7 7 131
29 28 28 27 822
7 9 9 8 174
17 18 18 17 478
13 11 11 12 286
4 3 2 4 11
13 11 11 13 295
21 22 21 22 615
31 29 29 31 889
24 23 22 24 671
21 23 23 22 636
10 10 12 10 238
13 12 11 12 299
8 8 9 8 168
20 22 22 20 594
10 10 11 10 234
13 15 15 13 363
13 13 12 13 325
17 15 15 17 427
32 30 31 31 917
7 6 6 7 114
27 27 27 28 800
10 8 9 9 191
3 4 4 3 16
27 26 26 26 765
31 30 29 31 902
10 10 9 10 226
31 32 31 31 936
13 12 13 13 316
16 17 16 16 441
