100 11452
17 18 18 19 496
10 10 11 9 225
30 30 28 30 882
32 32 32 33 965
27 26 26 26 765
14 14 15 13 357
31 30 31 30 901
18 17 17 18 477
31 32 33 32 953
31 33 32 32 962
13 13 14 12 324
22 22 21 23 631
15 15 15 13 377
9 8 8 8 171
14 13 13 14 345
9 9 11 9 205
29 28 28 29 840
26 25 25 25 732
29 29 29 30 866
28 27 27 28 807
30 30 29 30 886
10 12 11 11 269
10 8 8 9 187
9 9 9 10 206
21 20 21 20 571
7 8 9 7 152
25 26 26 25 742
23 23 23 24 668
8 7 8 7 142
24 26 26 25 735
10 11 10 11 252
20 20 20 21 569
21 23 22 22 632
15 17 17 15 429
15 16 15 16 417
19 19 20 18 522
7 7 7 6 122
32 33 32 32 969
4 4 4 4 32
17 18 17 17 474
17 16 17 17 448
23 24 24 23 676
6 6 6 5 89
20 20 20 22 578
25 23 23 24 682
19 20 20 19 544
17 15 15 17 427
21 23 23 23 645
25 25 25 25 725
9 9 9 8 188
22 21 21 22 609
20 18 18 20 526
32 34 33 33 995
20 18 18 20 526
30 32 31 31 929
10 10 10 9 221
3 3 2 4 4
25 25 25 26 734
30 30 30 28 872
9 10 9 9 210
6 8 7 7 137
17 17 19 17 469
7 8 7 7 144
18 17 17 17 468
21 23 22 22 632
17 16 16 17 444
19 20 19 19 540
8 8 7 9 169
8 8 8 9 173
20 19 19 18 525
17 19 19 19 513
21 21 21 23 611
3 3 2 4 4
12 10 10 11 253
23 23 23 22 650
16 16 16 14 410
28 29 30 28 845
20 21 21 20 577
22 22 22 21 617
8 8 10 8 172
30 31 31 30 907
31 29 29 29 871
25 24 24 25 708
3 3 4 3 3
25 27 26 26 764
21 21 21 20 584
21 21 20 22 598
22 21 21 22 609
9 9 9 8 188
15 15 17 15 403
25 24 24 23 690
12 14 14 13 339
29 30 31 30 887
23 24 24 24 685
17 18 19 18 491
12 12 13 12 300
23 22 22 22 633
18 19 20 19 524
22 21 20 21 596
8 7 8 7 142
