750 184081
6 4 5 5 59
7 8 8 9 166
34 32 32 32 970
16 16 14 16 420
6 8 7 7 137
27 29 29 29 843
14 14 14 13 353
5 5 7 5 73
10 11 12 11 260
19 19 19 20 536
11 11 12 11 267
33 33 32 34 994
6 8 7 7 137
29 27 27 28 814
10 11 12 11 260
8 7 7 8 147
31 32 32 33 958
16 17 16 17 450
30 30 30 31 899
11 10 10 10 237
5 4 4 5 48
33 33 34 32 984
26 24 24 25 715
5 6 5 5 78
13 11 11 11 277
29 30 30 29 874
18 19 18 19 516
4 6 6 5 75
11 11 13 11 271
13 12 12 12 303
9 7 7 8 154
22 20 20 21 583
30 29 28 30 869
16 16 16 16 428
9 8 7 9 176
11 10 9 11 242
8 8 8 10 182
33 31 32 32 950
22 23 22 23 648
12 12 12 13 305
18 20 19 19 533
16 16 14 16 420
27 28 28 28 817
22 22 22 21 617
20 22 22 20 594
10 10 12 10 238
18 18 17 18 490
25 25 25 24 716
20 19 19 20 543
12 12 13 11 291
17 17 17 15 443
16 18 18 16 462
30 31 32 31 920
32 32 32 34 974
9 10 10 10 223
9 9 9 8 188
17 18 18 17 478
4 4 5 4 36
33 32 32 33 972
2 4 3 3 5
28 28 27 28 820
14 14 14 16 380
29 29 28 29 853
20 20 21 20 564
23 25 25 25 711
10 11 11 10 247
16 15 14 16 407
4 4 4 5 41
7 8 7 8 153
25 26 27 26 755
19 19 19 18 518
25 26 27 26 755
8 6 6 7 121
32 33 32 32 969
30 29 30 30 877
27 27 26 27 787
18 20 20 18 528
21 23 22 22 632
5 5 5 6 74
3 4 4 4 25
18 20 20 19 537
24 25 25 25 718
3 4 4 3 16
3 4 4 3 16
12 14 13 13 335
7 7 6 8 136
23 25 25 25 711
34 32 32 32 970
32 33 32 32 969
17 16 16 16 435
14 13 13 14 345
8 10 9 9 203
24 24 24 22 674
9 8 9 8 175
12 12 12 10 278
6 6 5 6 94
30 30 31 29 885
18 19 19 19 520
20 18 19 19 521
6 8 7 7 137
6 8 8 6 132
12 14 13 13 335
9 8 8 9 180
25 27 26 26 764
16 15 16 16 415
21 22 22 22 619
15 15 15 15 395
29 31 31 30 900
23 25 25 23 693
10 10 10 8 212
16 14 14 16 394
33 33 33 33 989
16 14 14 16 394
14 15 15 16 397
27 29 29 28 834
21 20 20 21 576
25 25 26 25 729
22 20 20 21 583
27 29 29 28 834
23 22 23 23 646
10 9 8 10 209
12 11 12 12 283
21 21 21 20 584
32 31 32 32 943
8 8 8 6 146
6 8 8 7 141
13 11 11 11 277
31 30 31 30 901
20 18 18 18 508
23 23 25 23 667
15 14 15 14 373
27 27 29 27 799
24 25 26 24 713
22 21 21 22 609
30 29 29 28 855
33 33 33 32 980
27 29 28 28 830
4 3 4 4 19
20 21 20 21 582
12 10 10 10 244
22 21 20 21 596
21 21 22 20 588
12 12 11 13 301
24 25 25 26 727
15 13 13 13 343
14 15 16 14 383
28 26 26 26 772
18 16 16 16 442
31 31 31 29 905
18 16 16 16 442
33 33 32 34 994
6 6 6 8 116
2 4 4 3 9
9 9 8 10 202
30 31 31 32 925
9 9 9 7 179
25 25 24 26 730
32 32 31 32 952
26 26 26 24 740
11 11 10 11 259
8 8 9 7 159
6 5 6 6 85
17 19 19 19 513
16 16 16 18 446
27 27 29 27 799
32 33 34 32 977
16 16 17 16 432
4 6 6 6 84
28 29 29 30 859
21 23 23 23 645
13 13 14 12 324
17 17 16 17 457
32 31 32 32 943
11 9 10 10 224
30 29 30 29 868
34 33 33 32 987
26 26 27 25 753
29 30 30 31 892
30 30 31 29 885
16 17 18 16 449
14 14 14 13 353
19 18 18 17 492
3 4 4 3 16
8 9 9 10 199
9 7 8 8 158
10 10 12 10 238
29 30 31 29 878
17 17 17 19 479
15 14 13 15 374
27 27 29 27 799
4 4 4 2 14
8 8 7 8 160
24 26 26 24 726
7 6 6 6 105
25 24 24 23 690
34 32 32 33 979
22 22 22 23 635
30 31 31 31 916
8 9 10 9 194
3 3 2 4 4
4 3 3 3 6
24 22 22 22 640
5 6 6 6 91
11 13 12 12 302
17 15 15 16 418
26 27 27 26 775
14 14 14 14 362
10 9 9 9 204
27 28 27 27 804
34 32 32 32 970
3 3 3 4 8
19 19 17 19 519
27 29 29 27 825
6 7 7 7 124
28 26 26 28 790
15 16 15 15 408
10 11 10 10 243
9 10 10 10 223
22 23 23 24 661
11 11 10 11 259
6 4 4 5 55
12 13 12 13 318
29 31 31 29 891
30 30 28 30 882
13 13 14 13 333
13 15 14 14 368
18 19 19 20 529
19 20 20 20 553
23 24 25 23 680
15 16 17 15 416
19 17 17 17 475
14 14 14 15 371
17 18 18 19 496
31 32 32 32 949
32 33 33 32 973
28 28 28 28 824
12 11 10 12 275
12 12 12 10 278
32 33 32 32 969
10 12 11 11 269
15 15 14 15 391
17 17 19 17 469
20 22 22 21 603
20 19 18 20 539
20 20 19 20 556
4 5 4 5 54
16 16 17 15 423
29 30 30 29 874
30 29 30 30 877
14 13 13 12 327
14 14 13 14 358
32 34 33 33 995
11 12 11 11 276
25 27 26 26 764
3 3 2 4 4
13 11 11 13 295
12 14 14 13 339
9 9 9 7 179
19 19 19 21 545
20 18 19 19 521
15 17 17 15 429
17 18 18 17 478
28 27 26 28 803
14 13 12 13 332
6 5 4 5 68
28 26 27 27 785
32 33 32 33 978
14 13 13 14 345
20 19 19 18 525
10 8 8 10 196
11 10 9 10 233
26 25 24 25 728
21 20 19 21 572
31 33 33 33 975
12 12 12 14 314
24 24 23 25 697
3 3 4 3 3
17 19 18 18 500
13 13 15 13 337
4 4 3 5 37
6 6 5 6 94
32 30 30 30 904
31 33 32 32 962
3 3 3 5 17
27 27 28 27 795
9 9 10 8 192
17 17 15 17 453
18 19 20 19 524
20 18 18 20 526
2 3 3 4 1
32 34 34 33 999
17 17 16 17 457
5 6 7 6 95
22 21 21 20 591
13 13 11 13 321
23 23 23 21 641
30 30 28 30 882
21 21 20 21 589
30 28 28 28 838
21 21 22 20 588
13 12 11 13 308
33 32 33 32 967
34 33 33 32 987
30 28 28 28 838
23 24 25 23 680
9 8 8 8 171
31 31 32 31 927
22 23 24 22 647
20 20 20 21 569
15 15 15 17 413
9 8 7 9 176
32 30 30 31 913
28 29 29 30 859
14 14 14 13 353
23 21 21 22 616
17 17 17 19 479
30 31 30 30 903
18 20 20 19 537
9 7 8 8 158
2 3 3 4 1
6 4 4 4 46
6 7 8 6 119
18 19 18 19 516
26 25 26 26 745
10 12 12 11 273
9 9 11 9 205
33 33 33 31 971
26 27 27 28 793
12 13 14 12 317
22 21 20 22 605
28 29 30 29 854
16 17 17 18 463
18 17 17 18 477
27 26 26 26 765
31 31 32 31 927
32 31 31 32 939
17 18 19 17 482
19 21 21 20 570
9 10 10 9 214
6 4 5 5 59
22 24 24 24 678
30 29 28 29 860
24 26 26 24 726
13 15 15 15 381
21 20 19 21 572
16 15 15 16 411
4 4 5 3 27
4 4 4 3 23
32 32 32 33 965
17 19 19 17 495
31 30 31 30 901
31 30 30 30 897
21 21 20 21 589
11 10 9 11 242
22 22 22 24 644
27 27 28 26 786
26 27 27 26 775
24 25 24 25 714
18 17 16 18 473
5 3 3 5 31
7 7 8 6 126
11 11 11 11 263
23 22 22 23 642
31 31 31 33 941
21 23 23 21 627
7 8 7 8 153
24 22 23 23 653
27 29 29 27 825
14 12 12 13 319
25 25 24 25 721
17 17 18 16 456
23 24 24 25 694
12 11 12 11 274
10 12 12 12 282
33 32 31 32 959
12 13 14 13 326
14 14 13 15 367
11 12 12 12 289
9 7 7 9 163
16 14 14 16 394
4 6 6 5 75
21 21 21 20 584
21 20 19 20 563
12 14 14 12 330
27 27 27 27 791
14 14 16 14 370
8 7 6 8 143
28 28 30 28 832
28 29 30 28 845
14 15 15 16 397
3 5 5 4 42
23 24 25 24 689
15 14 15 15 382
4 5 5 5 58
33 33 33 32 980
13 12 11 13 308
12 13 12 12 309
8 7 6 8 143
31 31 32 30 918
8 6 6 8 130
18 20 20 18 528
33 32 32 32 963
21 20 21 21 580
24 24 23 24 688
16 16 16 18 446
9 8 7 8 167
5 4 4 4 39
5 5 5 3 47
4 4 3 4 28
21 22 21 21 606
32 32 32 32 956
22 22 21 23 631
11 11 13 11 271
20 19 18 19 530
5 6 5 6 87
4 4 4 6 50
16 18 18 16 462
33 31 31 31 937
20 19 18 19 530
8 8 7 9 169
31 32 31 32 945
27 25 25 27 757
17 18 17 18 483
9 10 11 9 218
34 33 32 33 992
15 14 14 13 360
6 5 6 6 85
22 22 21 23 631
30 29 28 29 860
23 23 24 23 663
30 29 28 29 860
32 31 32 32 943
11 10 9 11 242
12 14 14 12 330
30 30 30 28 872
22 23 23 22 643
33 33 33 31 971
28 28 28 30 842
23 21 21 23 625
26 25 25 26 741
5 7 7 6 108
19 19 20 18 522
27 28 29 28 821
12 12 13 11 291
20 21 22 21 590
13 14 14 13 346
26 26 27 26 762
28 29 30 28 845
4 4 4 6 50
16 16 14 16 420
8 6 6 6 112
19 17 17 19 493
18 17 18 18 481
13 13 13 15 347
11 9 9 11 229
19 19 19 20 536
27 26 25 26 761
9 9 9 10 206
24 24 24 22 674
5 5 4 5 61
12 10 10 10 244
8 6 7 7 125
2 3 3 4 1
16 15 16 16 415
18 16 17 17 455
23 21 21 22 616
16 16 18 16 436
20 20 19 20 556
34 33 33 33 996
18 18 18 17 485
20 22 21 21 599
32 32 30 32 948
34 32 32 33 979
26 25 26 26 745
33 33 32 34 994
21 20 21 21 580
17 16 16 17 444
28 29 30 29 854
18 19 18 18 507
25 24 25 25 712
8 7 8 7 142
16 17 17 17 454
22 21 21 21 600
11 9 9 11 229
7 7 7 8 140
30 30 31 30 894
25 24 24 24 699
4 4 4 4 32
19 19 19 19 527
23 23 24 23 663
23 21 21 23 625
30 30 32 30 898
31 31 31 29 905
4 4 4 5 41
8 7 6 7 134
24 26 26 24 726
24 23 23 23 666
9 9 8 9 193
17 17 17 15 443
5 3 4 4 26
19 20 21 19 548
6 8 8 8 150
8 8 9 7 159
19 19 20 18 522
23 22 21 22 629
23 23 25 23 667
9 10 10 9 214
12 12 11 13 301
11 9 9 11 229
28 29 30 29 854
10 9 9 10 213
4 3 3 3 6
28 26 26 26 772
21 21 19 21 585
33 31 31 32 946
14 16 15 15 401
20 20 21 20 564
24 22 22 22 640
20 22 22 21 603
5 5 7 5 73
32 31 32 31 934
10 9 9 8 195
22 22 21 23 631
15 16 17 16 425
21 20 19 20 563
27 28 28 28 817
4 4 4 3 23
5 5 4 6 70
5 7 6 6 104
12 13 12 12 309
29 30 29 30 879
10 10 11 10 234
27 28 27 28 813
30 30 30 28 872
7 6 7 6 109
6 5 4 5 68
33 32 32 31 954
7 6 5 7 110
21 21 19 21 585
15 16 16 15 412
12 12 13 11 291
18 18 19 18 498
32 32 34 32 964
18 17 18 17 472
30 32 31 31 929
15 13 13 14 352
11 12 12 12 289
14 12 12 14 328
7 7 8 7 135
15 14 14 13 360
27 25 25 25 739
9 7 7 9 163
11 11 11 13 281
9 9 7 9 189
3 4 5 4 29
13 11 12 12 290
29 31 30 30 896
32 34 34 33 999
11 10 9 10 233
19 19 19 21 545
18 17 17 16 459
27 27 28 27 795
22 22 21 22 622
27 26 25 26 761
24 24 24 23 683
19 20 21 20 557
9 10 9 9 210
11 10 9 11 242
14 13 14 14 349
13 12 11 12 299
16 15 15 14 393
26 26 24 26 750
17 16 17 16 439
33 33 32 33 985
5 5 4 5 61
20 20 19 21 565
7 8 9 8 161
3 4 5 4 29
20 20 19 21 565
20 18 18 18 508
22 22 21 23 631
25 24 24 23 690
31 33 33 33 975
6 5 6 6 85
23 23 22 24 664
15 15 17 15 403
16 16 17 15 423
18 19 20 19 524
27 25 25 26 748
33 32 32 32 963
28 27 27 28 807
27 25 25 26 748
33 33 33 31 971
31 30 30 31 906
22 21 20 21 596
17 17 17 16 452
11 9 9 11 229
20 20 20 18 542
25 26 25 26 747
4 3 3 3 6
18 17 17 18 477
24 24 25 24 696
7 7 9 7 139
15 14 14 15 378
30 30 30 29 881
30 29 29 29 864
8 6 6 8 130
8 7 7 8 147
6 7 7 6 115
23 23 24 22 654
28 27 26 28 803
15 14 14 14 369
28 27 26 27 794
19 20 20 19 544
22 22 22 23 635
9 7 7 7 145
5 3 3 4 22
15 15 15 17 413
28 30 30 30 876
32 31 32 31 934
7 7 7 6 122
17 17 19 17 469
28 28 28 26 806
26 24 24 24 706
25 25 24 25 721
24 25 25 24 709
11 11 12 10 258
8 8 10 8 172
24 24 22 24 684
12 11 11 10 261
13 15 14 14 368
19 17 18 18 488
29 28 28 29 840
19 19 18 20 532
6 7 7 6 115
21 23 23 22 636
19 17 18 18 488
21 20 20 20 567
30 30 31 30 894
29 30 29 30 879
13 15 15 15 381
30 29 29 30 873
23 23 24 23 663
5 7 7 5 99
7 7 6 7 127
6 6 6 6 98
27 25 25 26 748
33 33 32 33 985
23 22 23 22 637
30 30 31 30 894
15 15 16 14 390
32 31 31 31 930
22 23 24 23 656
24 24 23 25 697
3 5 5 4 42
18 18 19 18 498
24 24 24 23 683
26 25 25 24 723
12 14 13 13 335
29 29 29 29 857
17 16 15 16 431
27 28 27 27 804
2 4 3 3 5
24 24 23 24 688
17 16 16 16 435
12 11 11 12 279
13 15 15 13 363
12 14 13 13 335
7 6 7 6 109
31 29 29 31 889
12 10 10 11 253
26 26 25 27 763
24 25 25 26 727
24 24 24 25 701
14 12 12 14 328
19 21 21 21 579
5 6 6 5 82
7 7 5 7 123
18 17 18 18 481
13 12 12 11 294
8 9 9 9 190
8 8 8 8 164
16 15 16 15 406
20 18 18 19 517
10 10 12 10 238
22 24 24 22 660
20 19 19 20 543
3 5 5 3 33
24 24 24 24 692
22 24 24 22 660
6 4 4 4 46
28 27 27 26 789
17 16 17 16 439
28 29 29 30 859
28 27 27 27 798
11 11 13 11 271
13 14 15 14 359
17 18 17 18 483
26 27 28 27 788
5 5 4 5 61
23 23 23 24 668
14 15 16 14 383
7 7 7 5 113
7 8 7 7 144
14 15 15 14 379
7 7 8 6 126
13 12 13 13 316
29 29 29 31 875
24 24 22 24 684
15 13 13 13 343
14 15 15 15 388
10 9 9 10 213
19 20 19 20 549
10 10 10 8 212
11 11 11 11 263
20 19 20 19 538
20 19 18 19 530
15 15 16 14 390
32 33 32 33 978
16 16 17 15 423
29 30 31 30 887
21 21 23 21 601
18 20 19 19 533
7 6 6 6 105
33 33 35 33 997
22 22 24 22 634
28 30 29 29 863
7 7 8 6 126
5 6 7 5 86
21 21 20 22 598
27 25 26 26 752
21 22 22 23 628
31 29 30 30 884
21 19 19 21 559
25 25 25 24 716
25 24 23 25 704
15 14 13 15 374
6 5 4 5 68
10 10 10 9 221
5 3 3 5 31
5 5 7 5 73
33 32 32 32 963
32 31 32 32 943
30 30 30 28 872
18 17 17 16 459
30 29 29 28 855
18 17 18 17 472
9 9 9 11 215
30 28 29 29 851
29 31 31 30 900
