500 188944
15 16 16 16 421
28 29 30 28 845
13 13 14 12 324
11 11 11 13 281
11 10 11 11 250
15 13 13 13 343
30 32 32 31 933
15 16 15 16 417
10 11 10 11 252
25 26 27 26 755
28 27 27 27 798
26 26 26 25 749
13 14 13 14 351
24 22 22 24 658
5 5 7 5 73
27 27 27 29 809
5 6 7 6 95
13 15 14 14 368
30 30 31 29 885
22 21 21 20 591
20 21 20 21 582
18 17 18 17 472
11 9 9 9 211
7 7 8 6 126
28 28 29 28 828
16 15 14 15 398
12 13 13 14 331
15 15 15 16 404
15 14 15 14 373
31 30 30 29 888
2 3 3 4 1
22 21 21 22 609
28 28 27 29 829
15 17 17 17 447
7 7 7 6 122
31 33 33 33 975
29 29 27 29 849
10 11 11 11 256
17 16 16 15 426
14 13 14 13 340
17 16 16 16 435
16 16 16 18 446
17 19 19 18 504
20 22 22 21 603
27 27 25 27 783
29 27 27 27 805
34 32 32 32 970
28 28 27 29 829
5 5 5 6 74
10 9 9 9 204
24 22 22 24 658
28 26 26 26 772
32 32 31 32 952
11 10 10 11 246
24 24 22 24 684
19 20 19 20 549
30 31 31 31 916
10 10 10 12 248
24 25 25 24 709
27 26 26 25 756
10 11 11 11 256
27 27 25 27 783
10 8 8 9 187
15 13 13 15 361
13 13 12 13 325
16 14 14 14 376
21 22 21 22 615
28 27 27 27 798
22 24 24 22 660
25 26 27 25 746
29 27 27 27 805
21 20 21 21 580
9 7 7 7 145
21 21 22 20 588
10 10 10 11 239
9 8 7 8 167
28 28 28 26 806
8 9 9 10 199
8 10 10 9 207
5 4 4 3 30
7 9 8 8 170
5 5 4 5 61
11 10 10 10 237
10 9 8 10 209
16 14 14 16 394
10 11 10 10 243
22 23 23 22 643
11 10 11 11 250
18 17 17 16 459
28 30 29 29 863
32 32 32 34 974
25 25 24 25 721
8 10 10 8 198
27 29 28 28 830
13 11 11 11 277
26 25 25 24 723
16 14 15 15 389
22 24 24 22 660
14 14 13 15 367
20 20 18 20 552
11 9 9 9 211
29 27 27 27 805
4 4 4 6 50
14 12 13 13 323
11 11 12 10 258
17 17 19 17 469
25 27 27 25 759
4 5 5 6 67
14 15 15 14 379
24 23 22 24 671
30 28 28 30 856
29 28 28 29 840
30 31 31 30 907
26 26 28 26 766
24 24 24 25 701
25 23 23 25 691
15 14 15 15 382
26 24 25 25 719
11 12 12 13 298
28 27 26 28 803
10 10 10 8 212
7 7 8 6 126
7 6 7 7 118
15 15 15 13 377
12 13 13 12 313
22 23 22 23 648
30 31 31 32 925
27 28 28 28 817
31 33 33 33 975
9 10 10 11 232
12 13 13 13 322
29 29 28 29 853
23 22 22 22 633
29 31 31 29 891
17 17 15 17 453
10 12 11 11 269
6 6 5 6 94
20 19 18 19 530
24 26 26 26 744
10 10 10 9 221
4 4 4 6 50
25 24 24 23 690
17 15 15 16 418
14 14 14 12 344
19 20 20 19 544
31 33 32 32 962
28 26 26 27 781
30 30 31 30 894
17 19 19 19 513
13 13 12 13 325
7 6 6 5 96
29 31 31 30 900
19 19 17 19 519
12 10 10 10 244
29 31 30 30 896
27 26 26 25 756
17 16 17 16 439
27 26 25 26 761
12 14 14 14 348
4 4 4 4 32
25 23 24 24 686
22 24 24 22 660
13 14 14 15 364
16 14 14 16 394
6 6 6 5 89
10 9 10 9 208
2 4 4 3 9
23 23 24 23 663
9 8 8 8 171
17 17 15 17 453
12 12 14 12 304
6 8 7 7 137
31 29 29 30 880
7 7 7 5 113
4 3 3 3 6
17 17 16 18 466
13 12 13 12 307
9 8 9 9 184
5 5 4 5 61
7 7 7 6 122
18 18 18 19 503
18 18 18 17 485
3 3 3 5 17
29 31 31 30 900
20 21 22 21 590
4 5 5 4 49
8 7 8 7 142
27 25 25 25 739
23 25 24 24 698
11 11 11 13 281
32 33 34 33 986
14 14 14 16 380
8 8 8 6 146
11 11 13 11 271
17 16 17 16 439
13 14 15 13 350
9 9 9 10 206
31 31 30 32 928
9 9 11 9 205
6 6 6 6 98
15 16 16 16 421
31 31 31 31 923
33 32 32 33 972
11 12 11 11 276
17 18 18 18 487
14 14 16 14 370
14 14 15 13 357
20 20 21 19 555
27 25 25 27 757
32 31 32 31 934
17 17 18 16 456
5 4 5 4 43
20 19 19 19 534
23 24 25 23 680
18 18 18 17 485
16 18 17 17 467
32 33 33 33 982
31 30 30 30 897
8 6 7 7 125
22 21 20 21 596
10 9 9 8 195
29 30 31 30 887
6 7 7 7 124
13 13 13 15 347
16 16 17 16 432
27 27 29 27 799
9 11 11 10 240
16 17 18 16 449
8 10 10 8 198
24 25 25 26 727
10 9 9 10 213
10 12 12 12 282
18 18 16 18 486
22 22 22 23 635
27 26 26 25 756
14 12 12 14 328
29 27 27 29 823
6 7 7 8 133
17 18 19 17 482
14 14 14 14 362
26 27 26 26 771
18 18 16 18 486
10 12 12 11 273
10 8 8 10 196
11 11 12 11 267
7 8 8 8 157
12 10 10 11 253
22 20 20 20 574
9 9 10 8 192
32 30 31 31 917
11 9 9 11 229
22 23 22 23 648
30 31 32 31 920
10 11 10 10 243
19 20 21 20 557
19 18 17 19 506
22 21 20 22 605
8 7 7 6 129
12 12 12 11 287
18 18 18 19 503
4 3 2 4 11
5 6 7 5 86
31 33 33 33 975
20 21 22 21 590
30 31 30 31 912
22 22 23 22 630
15 14 14 13 360
7 7 7 7 131
22 20 20 22 592
5 5 6 5 69
22 24 23 23 665
32 31 32 31 934
21 22 21 22 615
34 32 32 33 979
8 6 7 7 125
30 30 30 28 872
16 17 16 16 441
33 33 34 32 984
25 23 23 23 673
21 20 19 21 572
17 17 18 17 465
15 15 16 15 399
15 13 14 14 356
14 15 16 15 392
28 29 29 28 841
19 20 21 20 557
11 11 11 11 263
32 32 31 33 961
31 29 29 31 889
15 16 15 15 408
19 18 18 18 501
19 17 17 17 475
4 5 5 4 49
22 24 24 24 678
5 5 4 5 61
22 21 22 22 613
31 31 30 31 919
20 18 18 18 508
14 13 13 12 327
4 4 5 4 36
9 7 7 9 163
8 9 10 8 185
17 16 17 17 448
28 30 30 29 867
18 19 20 19 524
11 11 12 11 267
9 11 11 11 249
18 18 19 18 498
33 33 33 34 998
22 22 22 23 635
33 32 33 32 967
28 29 29 30 859
18 18 19 17 489
25 25 26 24 720
29 28 28 27 822
8 8 9 8 168
13 11 11 13 295
12 12 12 13 305
17 17 17 19 479
17 19 19 17 495
30 29 30 29 868
2 4 3 3 5
17 17 17 18 470
16 16 17 15 423
20 21 22 21 590
23 22 22 22 633
18 18 16 18 486
16 16 16 14 410
13 14 14 15 364
11 12 12 12 289
29 29 28 29 853
25 23 23 23 673
8 6 6 7 121
5 5 6 4 60
32 32 33 31 951
19 18 18 17 492
6 7 7 7 124
17 15 15 16 418
29 30 29 30 879
17 16 17 17 448
25 27 27 27 777
16 16 15 17 433
25 24 24 25 708
29 30 29 29 870
31 30 29 30 893
7 7 6 8 136
32 33 33 34 991
20 20 21 20 564
4 5 6 4 53
9 9 10 8 192
16 14 15 15 389
26 27 27 27 784
12 13 12 13 318
30 29 29 28 855
21 21 21 21 593
9 9 9 7 179
11 11 9 11 255
6 5 4 5 68
28 28 28 28 824
22 23 22 22 639
20 19 20 20 547
7 6 6 7 114
6 6 5 7 103
18 20 19 19 533
18 16 16 16 442
5 5 5 5 65
26 24 24 25 715
15 15 15 13 377
15 14 14 15 378
9 9 8 9 193
32 32 32 30 938
13 13 13 15 347
18 19 19 20 529
8 6 6 7 121
7 9 9 7 165
13 12 11 13 308
31 31 32 30 918
33 31 31 31 937
34 32 32 33 979
6 6 4 6 90
32 33 34 33 986
6 4 4 6 64
11 9 9 11 229
11 9 9 10 220
10 10 12 10 238
8 6 7 7 125
13 14 14 13 346
32 33 33 33 982
9 10 10 11 232
19 19 20 18 522
15 16 16 15 412
25 23 23 25 691
10 10 10 10 230
11 11 10 11 259
10 8 9 9 191
28 28 28 29 833
17 17 18 17 465
16 17 17 18 463
9 8 7 8 167
29 31 30 30 896
6 5 4 6 77
13 13 13 11 311
22 23 23 23 652
10 10 12 10 238
4 4 4 4 32
4 3 4 3 10
12 12 13 12 300
27 27 27 25 773
29 31 31 30 900
6 5 5 5 72
13 12 12 11 294
21 21 21 23 611
10 9 10 9 208
30 30 28 30 882
20 20 19 20 556
12 11 12 12 283
23 22 23 22 637
21 21 21 21 593
7 7 5 7 123
26 27 27 28 793
8 8 8 10 182
15 15 13 15 387
9 9 9 7 179
16 16 17 16 432
33 31 31 33 955
19 20 19 20 549
19 21 21 21 579
4 3 4 3 10
17 16 16 15 426
24 23 23 23 666
24 25 25 25 718
13 14 14 13 346
18 18 18 19 503
11 13 13 11 297
17 19 18 18 500
19 17 18 18 488
27 27 27 25 773
18 19 18 19 516
11 11 11 12 272
17 17 17 19 479
25 24 23 25 704
12 13 14 12 317
17 19 19 17 495
31 31 31 32 932
4 5 4 5 54
4 5 6 4 53
20 19 19 19 534
7 8 7 8 153
13 14 13 13 342
5 7 7 6 108
21 21 21 22 602
27 27 26 27 787
3 5 5 5 51
26 28 28 27 801
20 20 20 21 569
11 9 9 11 229
13 13 13 11 311
25 26 27 26 755
21 21 23 21 601
33 33 32 34 994
31 32 33 32 953
6 6 6 5 89
31 29 29 30 880
4 6 6 5 75
17 19 19 19 513
12 10 10 12 262
22 23 22 23 648
23 24 23 24 681
11 9 10 10 224
4 5 4 4 45
21 20 20 19 558
26 27 28 26 779
27 27 28 27 795
33 33 33 31 971
8 8 7 8 160
25 25 26 25 729
33 33 35 33 997
23 24 24 24 685
14 16 16 14 396
28 29 30 29 854
11 12 12 12 289
32 31 30 32 935
30 29 30 30 877
11 10 10 11 246
23 22 23 22 637
24 25 26 25 722
13 13 11 13 321
11 12 12 11 280
19 21 21 20 570
30 30 30 31 899
31 29 29 31 889
21 21 21 19 575
9 10 9 9 210
32 32 32 31 947
30 30 30 29 881
13 15 14 14 368
29 28 29 29 844
29 29 31 29 865
18 18 18 19 503
9 10 9 10 219
