50 8630
12 13 13 14 331
11 11 10 11 259
22 21 22 21 604
5 7 7 6 108
4 4 5 4 36
32 31 32 31 934
10 10 9 11 235
17 18 18 17 478
10 10 9 11 235
19 20 20 19 544
21 23 23 23 645
17 16 17 16 439
6 7 7 6 115
22 20 21 21 587
22 23 22 23 648
11 10 9 11 242
23 22 22 21 624
22 21 22 22 613
21 22 22 21 610
24 23 23 24 675
34 32 32 32 970
19 18 18 17 492
13 12 12 11 294
13 13 15 13 337
29 31 31 30 900
3 3 3 4 8
4 4 4 4 32
20 20 18 20 552
18 17 16 18 473
6 5 5 6 81
17 16 16 15 426
13 14 13 14 351
6 5 6 6 85
7 8 8 9 166
7 9 9 9 183
9 9 10 9 201
31 31 32 30 918
25 24 23 24 695
9 11 10 10 236
8 7 8 7 142
14 13 13 12 327
10 8 8 8 178
18 20 20 19 537
15 13 13 13 343
14 14 14 15 371
3 4 4 3 16
15 15 15 16 404
13 13 13 11 311
11 11 11 9 245
25 27 27 27 777
