500 126383
5 5 6 4 60
21 23 23 21 627
24 22 22 23 649
30 31 30 31 912
23 23 24 22 654
11 12 12 11 280
9 9 11 9 205
10 10 12 10 238
12 10 10 10 244
15 14 14 14 369
4 5 5 6 67
24 25 25 25 718
26 25 24 25 728
9 10 9 9 210
32 31 32 32 943
6 6 5 6 94
9 11 11 9 231
27 28 29 28 821
32 32 32 33 965
22 20 20 20 574
25 26 27 25 746
5 5 4 5 61
16 18 18 18 480
24 26 26 26 744
11 10 9 10 233
32 32 32 31 947
14 14 13 14 358
17 15 15 15 409
26 27 27 27 784
25 27 27 25 759
25 24 25 25 712
14 15 14 15 384
27 26 26 26 765
33 32 31 33 968
9 10 9 10 219
23 24 24 24 685
10 11 12 10 251
33 32 33 32 967
24 22 22 23 649
31 31 31 32 932
7 6 6 6 105
27 29 29 29 843
13 11 12 12 290
17 15 15 17 427
30 32 32 32 942
24 24 24 24 692
10 11 12 11 260
9 11 11 9 231
30 31 32 31 920
9 10 9 10 219
14 14 14 16 380
29 29 31 29 865
31 30 29 31 902
6 5 4 6 77
29 28 28 29 840
33 32 32 33 972
13 11 12 12 290
18 20 20 19 537
21 22 23 21 614
28 29 30 28 845
32 34 33 33 995
15 13 14 14 356
20 22 22 21 603
23 25 25 25 711
18 17 17 18 477
12 12 12 14 314
25 26 25 25 738
11 11 10 12 268
30 30 28 30 882
8 8 8 8 164
29 27 27 27 805
27 29 29 28 834
34 32 32 33 979
15 15 15 17 413
13 15 15 13 363
17 18 17 18 483
24 25 24 24 705
31 30 29 31 902
23 23 22 23 655
9 9 9 7 179
6 6 6 5 89
28 29 28 28 837
4 4 4 5 41
15 13 13 15 361
31 30 29 31 902
21 20 20 21 576
31 30 30 30 897
8 6 6 8 130
30 28 29 29 851
13 15 15 15 381
9 10 10 10 223
4 3 4 3 10
17 17 17 16 452
29 29 31 29 865
17 15 15 16 418
8 7 6 8 143
28 30 30 30 876
17 19 19 18 504
11 10 10 10 237
24 25 26 24 713
27 27 28 26 786
9 9 10 9 201
7 7 5 7 123
10 8 8 8 178
23 24 23 24 681
25 26 27 25 746
10 10 11 10 234
30 29 28 29 860
6 7 7 6 115
18 18 19 18 498
8 8 10 8 172
13 12 13 12 307
20 20 21 20 564
6 4 4 5 55
19 20 20 20 553
12 12 13 12 300
6 6 7 5 93
14 15 15 15 388
2 3 3 4 1
6 5 5 5 72
3 5 5 5 51
26 25 24 26 737
10 8 8 10 196
15 15 16 14 390
10 10 9 11 235
22 23 23 23 652
10 8 8 8 178
33 33 32 34 994
26 25 24 25 728
13 14 14 14 355
32 31 31 31 930
19 19 19 17 509
16 17 16 17 450
30 29 29 28 855
31 31 31 32 932
25 23 23 24 682
9 9 11 9 205
28 30 30 28 858
17 19 19 18 504
19 19 20 19 531
33 33 33 33 989
16 14 14 14 376
25 24 25 25 712
29 31 31 31 909
8 8 7 8 160
33 32 33 33 976
20 20 21 20 564
29 29 28 30 862
31 32 32 33 958
32 31 30 32 935
26 25 25 24 723
13 12 11 13 308
12 10 11 11 257
33 33 33 31 971
8 7 7 6 129
3 4 4 3 16
20 20 19 21 565
24 24 24 24 692
30 30 29 31 895
17 19 19 17 495
16 16 15 17 433
28 29 28 29 846
11 11 11 10 254
11 13 13 13 315
9 9 9 8 188
8 9 9 10 199
9 11 11 9 231
15 16 16 17 430
26 26 27 26 762
21 21 21 22 602
15 17 17 15 429
27 27 28 26 786
12 12 14 12 304
26 25 25 25 732
18 16 16 16 442
26 24 24 24 706
15 16 16 15 412
5 6 7 5 86
32 33 34 33 986
10 9 9 9 204
25 26 25 26 747
16 16 15 16 424
7 8 9 8 161
23 23 24 23 663
9 9 10 8 192
14 15 15 14 379
24 23 23 22 657
10 9 10 9 208
27 28 27 27 804
18 19 20 19 524
22 20 20 22 592
19 18 17 18 497
15 14 14 14 369
26 28 27 27 797
12 11 12 12 283
32 30 30 32 922
17 16 16 15 426
11 13 12 12 302
12 11 12 11 274
22 22 23 22 630
9 9 9 10 206
28 28 30 28 832
18 19 20 19 524
9 7 7 9 163
11 11 11 13 281
21 22 21 21 606
25 24 24 24 699
33 33 33 32 980
5 5 7 5 73
11 11 10 11 259
7 9 8 8 170
11 12 12 11 280
28 27 27 27 798
10 9 8 10 209
30 31 31 31 916
15 14 14 14 369
22 21 21 22 609
7 6 5 7 110
19 20 20 19 544
33 32 31 33 968
26 26 26 28 776
7 9 8 8 170
29 29 31 29 865
33 33 32 34 994
21 22 23 21 614
20 18 18 20 526
18 16 16 16 442
20 22 21 21 599
10 9 9 10 213
17 19 19 19 513
4 5 5 4 49
13 15 15 13 363
19 19 18 19 523
21 23 23 21 627
22 22 23 22 630
3 3 5 3 7
6 7 8 7 128
33 31 31 33 955
16 14 14 16 394
33 32 31 33 968
28 27 26 28 803
17 19 18 18 500
13 12 12 11 294
8 6 6 7 121
28 27 26 28 803
33 33 31 33 981
8 7 8 8 151
2 3 3 4 1
24 25 24 24 705
34 32 32 33 979
25 24 25 25 712
22 21 20 22 605
31 31 30 32 928
3 5 5 4 42
33 33 33 32 980
33 33 33 32 980
20 18 18 18 508
32 32 32 33 965
7 7 7 9 149
25 25 24 26 730
22 21 21 20 591
9 9 10 9 201
25 26 26 25 742
28 29 30 28 845
31 31 33 31 931
18 20 19 19 533
30 30 30 31 899
6 5 6 6 85
15 15 16 15 399
8 8 6 8 156
7 7 9 7 139
9 10 11 9 218
5 5 5 7 83
31 30 29 30 893
8 6 6 8 130
22 23 22 22 639
10 11 10 10 243
23 24 23 24 681
24 24 25 23 687
16 14 15 15 389
25 26 26 27 760
19 20 20 19 544
21 21 19 21 585
33 33 33 31 971
34 32 32 34 988
14 13 13 12 327
20 20 21 19 555
11 12 12 12 289
27 27 27 28 800
23 24 24 25 694
7 9 9 7 165
28 27 28 28 811
32 33 33 32 973
14 13 13 12 327
9 8 7 8 167
27 29 29 28 834
8 9 9 10 199
31 32 32 33 958
21 21 19 21 585
11 10 11 10 241
28 27 28 28 811
3 4 4 4 25
21 22 21 22 615
15 15 16 14 390
27 28 27 27 804
6 8 8 8 150
34 32 32 32 970
14 14 15 14 366
4 4 3 5 37
4 4 4 5 41
31 30 31 30 901
22 23 24 23 656
24 26 26 26 744
34 32 32 32 970
19 19 20 19 531
22 21 20 21 596
22 24 24 24 678
30 30 30 32 908
14 14 14 14 362
13 15 14 14 368
7 6 6 6 105
13 12 13 13 316
20 22 21 21 599
28 27 26 27 794
15 15 15 13 377
32 32 32 31 947
15 15 15 16 404
8 10 10 9 207
19 20 21 19 548
14 16 16 15 405
12 10 10 12 262
11 11 10 11 259
16 15 15 16 411
24 26 26 25 735
10 10 10 12 248
21 21 19 21 585
6 4 5 5 59
28 28 30 28 832
3 5 5 3 33
12 12 12 14 314
4 4 3 5 37
8 7 8 7 142
5 5 6 5 69
13 13 13 11 311
5 4 3 5 44
24 26 26 24 726
21 22 23 21 614
25 23 24 24 686
22 24 23 23 665
18 16 16 17 451
29 29 28 29 853
28 29 30 28 845
14 15 15 15 388
32 31 32 31 934
3 4 4 3 16
28 28 30 28 832
18 20 20 20 546
26 26 26 24 740
33 32 32 32 963
4 6 6 4 66
21 21 19 21 585
31 31 33 31 931
23 25 25 24 702
28 28 27 29 829
23 23 24 23 663
5 5 4 5 61
28 26 26 27 781
14 14 14 16 380
23 21 21 21 607
18 19 19 19 520
28 27 27 27 798
22 23 22 23 648
23 22 23 23 646
5 6 6 7 100
31 33 33 31 957
32 34 34 33 999
20 21 21 21 586
17 16 17 16 439
28 29 30 28 845
25 26 27 26 755
7 6 7 6 109
10 12 12 10 264
5 7 7 6 108
25 23 23 24 682
14 15 15 15 388
31 30 30 29 888
30 30 31 30 894
13 11 11 11 277
31 30 30 31 906
16 16 14 16 420
14 15 15 15 388
29 30 31 30 887
15 14 14 13 360
7 9 8 8 170
12 11 11 10 261
23 24 24 24 685
12 14 13 13 335
20 20 22 20 568
26 26 27 25 753
33 33 35 33 997
32 31 31 31 930
30 31 32 30 911
18 18 18 19 503
3 4 4 3 16
13 12 13 13 316
34 32 32 32 970
15 15 13 15 387
34 32 32 33 979
12 13 13 13 322
25 25 25 23 707
23 24 24 24 685
21 20 19 21 572
33 32 31 32 959
9 10 9 10 219
22 24 23 23 665
33 33 31 33 981
15 15 14 16 400
25 26 26 25 742
10 10 10 11 239
3 3 3 5 17
13 13 15 13 337
8 8 6 8 156
25 25 27 25 733
28 27 28 27 802
26 25 25 24 723
13 15 14 14 368
19 17 18 18 488
20 22 22 22 612
18 18 18 17 485
14 13 13 14 345
26 27 26 27 780
28 26 26 27 781
16 16 16 18 446
17 15 15 16 418
24 26 26 25 735
27 27 27 25 773
13 12 11 12 299
11 10 10 10 237
32 34 33 33 995
28 27 26 28 803
14 14 14 14 362
18 20 20 18 528
17 19 19 17 495
29 29 29 28 848
28 26 26 28 790
31 31 32 31 927
27 27 26 27 787
3 4 4 3 16
10 12 12 12 282
29 28 28 27 822
27 26 26 25 756
23 24 25 23 680
13 13 12 14 334
9 8 7 9 176
32 32 34 32 964
33 31 31 31 937
32 32 32 34 974
25 27 27 27 777
3 4 3 4 21
23 21 21 22 616
32 31 32 32 943
5 5 4 5 61
6 6 6 4 80
31 32 33 31 944
15 15 13 15 387
7 7 7 6 122
25 25 23 25 717
32 32 33 31 951
26 28 28 26 792
11 12 11 12 285
25 25 26 24 720
11 10 9 10 233
21 21 23 21 601
10 9 9 10 213
21 23 23 23 645
29 27 27 29 823
9 9 8 9 193
14 15 14 15 384
9 9 9 11 215
14 12 12 14 328
18 17 18 18 481
27 26 26 25 756
16 16 16 17 437
32 32 31 33 961
28 29 30 29 854
9 8 9 9 184
9 7 7 9 163
27 25 26 26 752
15 16 16 15 412
31 32 32 32 949
19 18 17 18 497
32 32 34 32 964
14 15 15 16 397
30 28 29 29 851
31 32 33 31 944
31 31 32 31 927
5 6 5 5 78
32 32 32 31 947
21 19 20 20 554
29 30 30 29 874
