50 14792
25 24 24 24 699
18 18 16 18 486
32 31 31 32 939
18 19 19 20 529
13 15 14 14 368
29 28 28 27 822
8 9 9 10 199
20 20 20 22 578
23 23 23 23 659
6 4 4 4 46
9 10 10 11 232
24 24 24 26 710
4 3 4 4 19
2 3 3 4 1
22 22 22 24 644
19 21 21 19 561
26 24 24 25 715
7 8 8 9 166
27 29 29 29 843
7 8 8 9 166
16 14 15 15 389
31 33 32 32 962
17 16 16 17 444
25 24 25 24 703
4 4 4 3 23
19 21 21 21 579
10 10 10 12 248
20 20 19 21 565
20 21 22 21 590
9 11 11 10 240
31 30 30 31 906
29 28 29 28 835
26 24 25 25 719
11 12 12 11 280
29 29 29 28 848
17 18 17 18 483
10 12 11 11 269
4 5 5 4 49
5 4 4 5 48
5 6 7 5 86
24 24 23 24 688
21 23 23 22 636
28 26 27 27 785
31 32 33 32 953
18 17 17 17 468
29 28 29 28 835
5 5 4 5 61
12 12 14 12 304
21 22 23 21 614
24 23 24 23 670
