750 277384
32 32 31 33 961
26 27 28 27 788
14 13 13 14 345
23 22 22 23 642
28 27 27 27 798
33 33 33 33 989
4 4 5 3 27
11 10 10 10 237
4 6 6 6 84
19 19 18 20 532
13 15 15 14 372
4 3 3 4 15
21 21 21 20 584
22 23 22 23 648
7 6 7 6 109
27 27 26 27 787
21 23 22 22 632
12 10 10 12 262
7 7 6 8 136
16 17 16 16 441
25 25 25 27 743
15 16 17 16 425
4 3 4 4 19
11 9 9 9 211
11 12 12 13 298
27 29 28 28 830
9 10 9 9 210
9 9 10 8 192
7 9 9 9 183
14 14 12 14 354
15 17 16 16 434
3 4 3 3 12
24 25 25 24 709
32 30 30 31 913
21 21 21 22 602
10 9 8 9 200
17 15 15 16 418
27 25 25 27 757
14 12 12 14 328
9 9 9 11 215
13 15 15 14 372
27 26 26 26 765
22 20 20 22 592
22 21 20 21 596
26 26 28 26 766
6 8 8 8 150
24 24 25 24 696
16 18 18 18 480
22 20 20 21 583
10 9 9 9 204
17 16 16 16 435
26 27 28 27 788
14 14 13 15 367
23 23 22 23 655
5 4 5 4 43
28 27 28 27 802
28 28 28 29 833
8 8 8 8 164
22 22 22 24 644
28 27 28 28 811
28 28 30 28 832
31 32 33 31 944
16 17 18 16 449
12 11 11 10 261
9 8 8 9 180
17 17 17 15 443
6 6 8 6 106
11 12 12 13 298
26 26 26 25 749
26 28 28 27 801
34 32 32 34 988
30 31 32 30 911
13 14 14 13 346
33 32 32 31 954
7 7 7 7 131
17 16 15 16 431
22 24 23 23 665
9 7 7 9 163
8 10 10 10 216
33 32 32 32 963
19 21 21 19 561
4 4 4 3 23
11 12 11 11 276
31 29 30 30 884
11 9 9 11 229
8 8 8 7 155
17 15 15 17 427
8 7 6 8 143
10 10 10 8 212
16 17 18 17 458
10 8 8 8 178
12 12 13 11 291
26 27 26 26 771
25 25 25 24 716
10 10 9 10 226
11 9 10 10 224
26 25 26 26 745
5 4 4 4 39
14 12 12 14 328
12 12 12 12 296
10 11 12 11 260
31 30 31 30 901
7 7 9 7 139
4 4 4 4 32
32 34 34 33 999
28 28 28 27 815
12 13 12 13 318
28 27 26 27 794
16 16 15 16 424
10 12 12 12 282
28 28 28 28 824
4 5 5 5 58
17 19 19 17 495
27 27 29 27 799
34 33 33 33 996
26 25 24 25 728
14 12 12 13 319
17 16 16 17 444
25 24 23 25 704
10 9 8 10 209
6 6 6 8 116
7 8 8 7 148
26 25 24 25 728
8 9 8 8 177
16 15 14 15 398
14 14 15 14 366
4 4 5 4 36
16 16 14 16 420
4 4 4 3 23
18 18 18 18 494
7 7 7 7 131
8 8 8 6 146
25 25 24 25 721
14 13 13 12 327
8 7 6 8 143
24 25 24 24 705
15 16 15 16 417
3 4 5 4 29
6 5 6 6 85
23 24 25 23 680
15 13 13 14 352
29 28 28 29 840
6 7 7 6 115
33 31 31 33 955
17 18 18 19 496
10 11 12 10 251
30 32 32 31 933
9 9 9 8 188
16 17 17 17 454
12 10 10 10 244
28 26 26 26 772
12 11 12 12 283
28 26 26 27 781
31 31 33 31 931
20 19 18 19 530
16 17 17 17 454
22 24 23 23 665
7 6 6 7 114
33 33 33 33 989
33 32 31 32 959
21 21 22 20 588
11 11 11 13 281
28 29 28 28 837
31 29 29 30 880
10 9 10 10 217
20 21 20 21 582
5 7 7 6 108
31 31 33 31 931
12 13 14 13 326
29 29 28 30 862
22 21 21 21 600
18 16 16 16 442
4 3 2 3 2
31 31 33 31 931
26 24 25 25 719
33 32 31 32 959
17 17 18 17 465
19 20 21 19 548
6 6 7 6 102
10 8 8 10 196
9 9 8 10 202
4 4 4 2 14
28 27 26 28 803
18 18 18 20 512
7 6 6 5 96
14 14 14 14 362
21 19 19 19 541
11 11 10 11 259
20 22 22 20 594
10 9 10 9 208
14 14 14 13 353
7 8 8 9 166
29 30 30 29 874
9 7 7 7 145
23 23 23 24 668
25 25 24 26 730
34 33 33 32 987
18 17 17 18 477
18 18 17 18 490
24 26 26 24 726
21 23 22 22 632
18 16 17 17 455
4 4 4 5 41
24 24 24 22 674
23 24 24 23 676
32 32 33 31 951
2 3 3 4 1
11 12 11 11 276
26 26 24 26 750
31 29 29 29 871
13 14 14 15 364
29 29 28 29 853
30 31 30 31 912
8 8 6 8 156
24 23 22 24 671
32 32 32 34 974
15 15 15 15 395
33 31 31 33 955
32 33 34 33 986
10 10 10 9 221
9 10 9 10 219
9 7 8 8 158
17 15 15 16 418
21 22 21 22 615
29 30 29 30 879
34 33 32 33 992
6 5 6 6 85
16 18 18 16 462
20 21 21 21 586
27 27 29 27 799
3 5 5 4 42
11 11 12 10 258
10 11 10 10 243
4 4 3 4 28
17 17 17 17 461
19 21 21 21 579
15 13 13 15 361
12 11 10 12 275
4 4 5 4 36
17 17 15 17 453
13 13 13 11 311
14 16 16 15 405
13 13 12 13 325
28 30 30 28 858
27 27 29 27 799
21 20 20 20 567
27 25 25 26 748
25 26 26 27 760
6 8 8 8 150
5 3 4 4 26
10 8 8 9 187
34 32 33 33 983
16 15 15 16 411
11 10 9 11 242
21 22 21 21 606
24 25 25 25 718
17 16 15 16 431
20 19 20 19 538
27 28 29 27 812
28 28 28 27 815
24 25 25 24 709
15 14 13 14 365
15 14 13 15 374
18 19 18 19 516
10 10 10 9 221
7 9 9 7 165
14 14 15 14 366
19 20 19 20 549
16 16 16 14 410
22 24 24 22 660
12 14 14 12 330
13 12 11 12 299
27 27 27 27 791
21 23 23 21 627
30 29 29 30 873
24 22 22 22 640
15 13 14 14 356
24 24 23 25 697
17 17 17 19 479
4 5 5 4 49
6 8 7 7 137
13 15 14 14 368
24 26 26 24 726
20 20 18 20 552
23 23 23 23 659
26 26 25 27 763
20 20 20 21 569
30 31 31 32 925
13 13 15 13 337
15 17 17 16 438
29 29 29 27 839
5 4 5 4 43
9 10 11 9 218
33 33 34 33 993
9 9 9 9 197
16 15 15 14 393
11 12 12 12 289
24 26 26 26 744
33 32 33 32 967
30 30 30 32 908
22 21 20 22 605
3 3 2 4 4
5 5 5 3 47
22 21 21 21 600
13 12 13 12 307
19 18 17 19 506
17 16 15 17 440
33 33 33 32 980
23 25 25 25 711
15 16 17 15 416
6 5 4 5 68
4 3 2 4 11
15 14 13 15 374
23 22 21 23 638
19 19 20 19 531
24 26 26 25 735
24 26 26 25 735
13 13 12 14 334
14 14 16 14 370
10 10 12 10 238
10 9 9 8 195
4 5 5 4 49
33 33 33 31 971
18 19 20 18 515
25 27 27 25 759
24 23 23 22 657
26 26 26 24 740
19 19 17 19 519
9 9 9 11 215
28 30 29 29 863
21 22 22 23 628
32 33 33 33 982
16 16 16 17 437
30 29 29 30 873
21 21 21 23 611
11 11 13 11 271
8 10 10 9 207
21 20 20 19 558
13 11 11 13 295
31 33 33 33 975
15 15 14 16 400
6 5 4 5 68
13 11 11 13 295
18 17 18 18 481
4 3 4 4 19
24 22 22 22 640
14 14 14 15 371
27 29 28 28 830
8 8 8 7 155
12 14 13 13 335
9 7 7 7 145
22 21 20 22 605
13 15 15 14 372
34 33 33 32 987
6 6 8 6 106
6 4 4 6 64
9 8 8 8 171
8 8 6 8 156
28 27 27 27 798
11 11 10 12 268
6 8 7 7 137
16 14 14 16 394
9 8 9 9 184
17 15 15 17 427
6 7 7 7 124
5 5 5 4 56
4 3 4 4 19
30 31 30 31 912
13 12 13 12 307
5 5 7 5 73
9 11 11 11 249
31 30 29 30 893
8 10 9 9 203
10 8 8 8 178
15 15 13 15 387
8 6 6 6 112
20 20 21 19 555
15 13 13 13 343
5 5 3 5 57
17 17 17 17 461
32 31 30 31 926
32 31 32 32 943
22 22 22 21 617
9 10 11 10 227
8 7 6 7 134
25 24 24 23 690
30 28 28 30 856
20 20 22 20 568
9 9 10 8 192
31 32 32 32 949
5 7 7 7 117
13 15 15 15 381
23 24 24 24 685
24 24 25 24 696
25 26 25 25 738
24 22 22 23 649
32 33 33 33 982
8 9 10 9 194
14 16 16 14 396
23 22 22 22 633
26 25 26 25 736
9 8 7 8 167
9 11 11 10 240
20 20 20 21 569
31 31 31 31 923
22 22 22 21 617
12 12 12 11 287
26 24 25 25 719
4 3 2 3 2
24 23 23 24 675
17 18 18 19 496
31 32 33 32 953
14 12 12 14 328
3 4 4 3 16
27 25 25 25 739
13 15 15 15 381
28 27 27 27 798
31 29 30 30 884
19 19 18 20 532
11 12 13 11 284
17 19 19 19 513
27 25 26 26 752
33 31 31 33 955
8 8 9 7 159
29 29 29 30 866
22 24 24 24 678
19 20 20 20 553
7 9 8 8 170
29 29 29 30 866
28 28 28 30 842
13 11 12 12 290
23 21 21 22 616
3 4 4 3 16
16 18 17 17 467
15 16 15 15 408
32 32 32 33 965
32 34 34 32 990
8 6 7 7 125
15 14 15 14 373
31 31 30 32 928
33 32 31 32 959
31 33 33 33 975
21 20 21 21 580
25 27 26 26 764
8 9 8 8 177
28 26 27 27 785
15 15 15 13 377
25 25 25 24 716
3 4 3 4 21
18 18 19 18 498
12 14 14 14 348
12 14 14 13 339
10 10 8 10 222
17 17 15 17 453
10 9 8 10 209
30 32 31 31 929
29 28 28 29 840
6 8 7 7 137
7 5 5 7 97
6 7 8 7 128
3 4 4 5 34
16 16 17 16 432
7 9 9 7 165
10 11 10 11 252
10 11 10 11 252
32 31 32 32 943
21 21 20 22 598
10 11 11 10 247
21 22 23 22 623
17 17 17 19 479
15 15 15 14 386
10 9 8 10 209
20 18 18 19 517
21 23 23 22 636
18 16 17 17 455
16 14 14 16 394
25 25 25 23 707
20 19 18 19 530
32 32 32 31 947
29 28 27 29 836
16 16 15 16 424
11 11 11 13 281
29 29 29 31 875
29 28 28 28 831
23 22 23 23 646
21 19 19 19 541
28 28 28 30 842
4 4 4 6 50
22 23 23 22 643
32 34 34 33 999
24 24 22 24 684
29 28 29 28 835
5 7 7 6 108
11 11 11 13 281
21 22 22 23 628
22 22 22 24 644
31 31 31 31 923
9 10 11 10 227
10 10 10 9 221
33 32 32 32 963
28 26 26 27 781
27 27 27 27 791
31 33 32 32 962
25 23 23 24 682
29 27 27 29 823
33 33 33 31 971
24 24 24 23 683
17 17 17 18 470
4 4 5 4 36
30 28 29 29 851
14 14 15 14 366
15 15 14 16 400
27 29 29 27 825
18 17 17 16 459
11 11 10 11 259
5 7 7 5 99
21 21 20 22 598
9 11 11 10 240
32 33 33 32 973
13 13 12 14 334
31 32 32 31 940
11 12 12 11 280
17 15 15 16 418
3 5 5 3 33
19 20 20 19 544
5 4 5 5 52
14 14 13 15 367
22 21 20 22 605
4 3 2 3 2
10 12 12 12 282
8 8 8 10 182
12 13 13 12 313
27 29 29 28 834
6 6 5 6 94
24 26 25 25 731
16 16 18 16 436
28 28 30 28 832
18 18 19 18 498
17 15 15 16 418
30 32 32 31 933
18 18 18 16 476
18 17 18 18 481
28 30 30 30 876
22 23 24 23 656
18 18 18 17 485
31 31 32 30 918
30 29 28 30 869
25 23 23 24 682
20 19 18 19 530
13 12 11 13 308
7 6 5 7 110
15 16 17 15 416
7 6 6 6 105
17 18 18 18 487
28 28 28 30 842
23 23 23 21 641
14 14 12 14 354
9 8 8 8 171
7 7 5 7 123
5 4 3 4 35
28 29 28 29 846
21 20 20 20 567
23 22 21 23 638
6 7 7 6 115
27 28 29 28 821
17 18 18 17 478
12 13 13 12 313
30 32 31 31 929
24 25 24 25 714
8 8 6 8 156
16 15 16 16 415
17 19 19 18 504
32 31 32 32 943
6 6 6 5 89
28 29 28 28 837
16 16 16 17 437
18 17 18 17 472
23 23 23 21 641
16 16 16 18 446
6 6 8 6 106
31 30 29 31 902
14 15 16 14 383
10 12 11 11 269
24 25 25 26 727
22 21 21 21 600
19 19 19 20 536
21 21 21 23 611
19 18 18 17 492
29 28 27 29 836
11 11 11 11 263
16 15 16 16 415
25 26 26 25 742
13 12 12 11 294
18 18 18 17 485
6 5 4 5 68
13 12 11 13 308
12 14 14 12 330
25 25 25 26 734
21 22 23 21 614
16 16 16 17 437
19 20 21 19 548
26 26 26 24 740
21 22 22 23 628
17 15 15 16 418
24 26 26 24 726
32 33 32 32 969
28 28 27 29 829
33 32 32 33 972
32 32 32 31 947
15 14 14 14 369
24 23 23 22 657
15 16 17 15 416
8 7 8 8 151
25 24 23 25 704
16 16 16 17 437
7 6 6 7 114
8 8 7 8 160
8 6 6 8 130
24 25 26 25 722
30 29 30 29 868
9 9 10 8 192
10 12 11 11 269
6 4 4 4 46
20 22 22 20 594
32 30 31 31 917
18 18 17 19 499
19 19 19 19 527
4 4 3 4 28
9 8 9 8 175
14 13 12 13 332
15 13 13 15 361
16 17 16 16 441
17 16 15 16 431
32 33 34 32 977
5 6 5 5 78
11 10 10 11 246
10 10 10 9 221
21 19 19 19 541
20 20 19 21 565
26 27 26 26 771
21 23 23 22 636
17 17 17 16 452
4 6 6 4 66
32 33 34 33 986
20 20 21 20 564
31 30 30 31 906
14 14 12 14 354
32 31 32 31 934
24 25 25 24 709
17 17 17 15 443
26 26 28 26 766
14 12 13 13 323
9 10 10 10 223
27 26 25 27 770
19 20 19 20 549
26 26 24 26 750
12 11 12 11 274
26 26 27 25 753
25 26 26 25 742
23 23 23 21 641
15 15 15 13 377
19 19 19 18 518
22 24 24 23 669
14 14 14 12 344
12 11 11 11 270
26 26 25 26 754
29 31 31 31 909
23 24 23 23 672
29 29 29 27 839
29 30 31 30 887
19 19 17 19 519
32 32 34 32 964
10 10 10 10 230
12 11 12 12 283
18 17 18 18 481
23 24 23 24 681
19 19 19 21 545
13 13 13 12 320
3 3 3 4 8
17 18 19 17 482
7 9 9 7 165
29 29 29 28 848
18 18 18 19 503
4 5 4 4 45
15 15 17 15 403
6 6 6 7 107
30 29 28 29 860
7 7 5 7 123
21 20 21 20 571
21 23 23 23 645
16 14 14 16 394
3 3 5 3 7
13 15 15 13 363
9 8 9 9 184
23 23 23 21 641
13 12 13 12 307
23 22 21 23 638
28 27 26 28 803
11 10 10 10 237
15 15 14 16 400
32 32 32 34 974
4 4 3 5 37
6 6 5 7 103
28 27 27 27 798
6 6 6 5 89
9 9 9 8 188
30 28 28 30 856
5 6 7 5 86
33 31 31 32 946
22 23 22 23 648
19 18 17 18 497
17 16 15 16 431
24 22 22 23 649
15 14 14 13 360
7 6 7 6 109
30 29 30 29 868
8 9 8 8 177
11 12 12 11 280
25 27 27 26 768
29 29 29 30 866
26 25 24 25 728
20 20 21 20 564
21 21 20 21 589
14 14 14 13 353
20 18 19 19 521
11 9 9 10 220
17 19 19 19 513
21 22 21 22 615
15 13 13 14 352
30 29 29 28 855
24 23 24 23 670
30 31 31 30 907
18 19 19 19 520
28 29 30 29 854
13 15 14 14 368
15 15 14 16 400
26 27 27 28 793
17 18 19 17 482
13 12 13 13 316
10 9 9 8 195
15 13 14 14 356
27 28 28 28 817
12 10 10 10 244
19 21 21 19 561
33 33 31 33 981
12 11 11 11 270
3 3 3 5 17
23 23 25 23 667
29 30 30 30 883
23 21 21 23 625
