50 18333
17 18 19 17 482
5 5 7 5 73
21 22 21 21 606
31 31 31 30 914
30 29 29 28 855
34 33 34 33 1000
10 10 10 10 230
30 29 28 29 860
9 8 7 8 167
12 13 14 13 326
13 13 15 13 337
27 28 29 28 821
22 24 24 22 660
10 12 11 11 269
26 24 24 25 715
26 25 26 25 736
14 14 14 12 344
33 32 32 33 972
14 12 13 13 323
7 9 9 8 174
16 14 14 16 394
8 6 7 7 125
31 33 33 33 975
28 30 30 28 858
24 24 22 24 684
10 10 8 10 222
31 33 32 32 962
14 12 12 13 319
10 9 8 9 200
15 15 14 15 391
26 24 24 26 724
25 25 25 26 734
23 24 25 24 689
20 20 20 21 569
21 23 22 22 632
21 21 21 23 611
16 16 14 16 420
27 28 28 28 817
7 9 9 9 183
32 31 30 32 935
25 24 23 25 704
31 31 30 31 919
27 26 26 26 765
26 26 26 25 749
12 12 12 13 305
22 23 23 22 643
21 20 21 20 571
29 27 28 28 818
32 31 32 32 943
16 16 14 16 420
