50 18183
32 30 31 31 917
28 29 29 30 859
6 5 5 4 63
4 3 3 3 6
11 10 10 10 237
20 20 19 21 565
31 32 31 32 945
26 27 28 27 788
25 24 23 25 704
7 6 5 6 101
22 22 22 24 644
30 32 32 30 924
27 27 26 27 787
7 8 9 8 161
30 31 31 30 907
5 5 5 4 56
30 29 30 29 868
17 17 17 16 452
31 30 30 31 906
25 23 23 25 691
4 3 3 4 15
10 11 10 10 243
9 11 11 9 231
14 15 14 14 375
26 27 28 26 779
10 10 11 9 225
4 4 4 4 32
13 14 14 14 355
16 16 14 16 420
25 24 24 24 699
29 29 29 27 839
19 19 18 20 532
10 10 10 12 248
30 31 31 31 916
30 28 28 28 838
18 16 16 17 451
14 13 14 14 349
4 4 4 5 41
6 6 5 7 103
8 9 9 8 181
15 16 17 15 416
21 21 21 23 611
27 27 27 25 773
4 5 5 6 67
6 4 4 4 46
19 19 19 21 545
20 18 18 19 517
13 13 13 12 320
12 10 11 11 257
11 10 11 11 250
