750 188183
16 15 15 14 393
28 28 27 29 829
24 25 26 24 713
5 3 3 4 22
10 11 10 10 243
9 7 7 8 154
9 7 7 8 154
20 19 19 18 525
10 12 12 11 273
16 16 16 14 410
30 32 32 31 933
8 8 7 8 160
6 6 6 5 89
14 14 14 12 344
30 30 30 32 908
23 24 25 24 689
19 18 18 19 510
19 19 19 20 536
28 28 27 29 829
21 20 21 20 571
19 19 18 19 523
5 7 7 6 108
4 4 4 4 32
12 12 11 12 292
9 9 8 9 193
21 22 23 21 614
17 19 18 18 500
31 33 33 33 975
19 19 19 17 509
26 28 28 27 801
32 31 30 31 926
26 25 25 25 732
4 3 4 3 10
18 18 18 19 503
30 31 32 31 920
27 25 25 26 748
12 14 14 12 330
13 13 13 11 311
9 9 9 7 179
13 12 12 11 294
20 19 20 19 538
22 21 22 22 613
31 30 31 31 910
20 18 19 19 521
28 27 27 26 789
24 24 22 24 684
6 8 8 6 132
28 30 29 29 863
18 18 17 19 499
7 8 7 8 153
4 4 3 4 28
7 6 6 5 96
21 23 22 22 632
8 8 9 8 168
23 23 25 23 667
26 25 24 26 737
25 25 25 23 707
33 31 31 31 937
22 22 22 24 644
4 4 5 4 36
20 20 19 21 565
30 31 31 31 916
8 6 6 8 130
16 17 17 16 445
27 29 28 28 830
29 28 29 28 835
27 27 25 27 783
18 18 17 19 499
23 23 24 23 663
7 7 7 6 122
8 7 6 8 143
7 5 5 6 88
16 15 14 15 398
6 4 5 5 59
7 8 8 8 157
19 20 20 21 562
10 11 12 10 251
28 30 30 29 867
21 21 19 21 585
30 32 32 30 924
14 15 15 16 397
10 10 11 9 225
24 25 26 25 722
8 10 10 9 207
15 15 15 16 404
3 4 5 3 20
7 7 7 5 113
17 18 18 17 478
18 18 18 19 503
8 10 10 9 207
29 28 29 29 844
6 8 8 8 150
23 22 23 22 637
12 14 13 13 335
24 22 22 22 640
23 24 25 24 689
10 10 9 11 235
32 32 33 31 951
34 33 33 33 996
9 9 9 9 197
17 19 19 19 513
14 13 13 14 345
31 31 31 31 923
29 30 30 29 874
8 7 8 7 142
32 32 31 32 952
31 31 30 31 919
19 18 17 19 506
3 3 2 4 4
16 16 16 17 437
13 12 11 12 299
23 24 24 25 694
25 26 27 25 746
19 19 19 19 527
8 8 8 10 182
21 21 19 21 585
23 25 25 25 711
6 6 6 4 80
9 7 7 9 163
29 29 29 27 839
4 4 4 5 41
21 20 19 20 563
17 15 16 16 422
33 33 33 31 971
10 8 8 10 196
23 22 22 23 642
4 5 5 4 49
29 28 27 29 836
15 17 17 15 429
3 4 4 3 16
15 15 14 15 391
7 7 7 6 122
24 25 26 25 722
19 17 17 18 484
24 25 24 25 714
23 23 23 24 668
27 27 27 26 782
3 4 5 3 20
6 5 6 6 85
23 24 24 24 685
9 9 9 7 179
15 16 15 15 408
19 19 21 19 535
29 28 28 29 840
19 21 21 21 579
9 11 11 9 231
11 10 9 11 242
21 20 21 21 580
34 33 33 33 996
20 21 22 21 590
9 7 7 9 163
29 29 29 30 866
5 4 3 4 35
28 27 27 27 798
5 7 6 6 104
15 16 16 16 421
16 15 15 16 411
4 4 5 4 36
5 6 6 6 91
15 15 13 15 387
30 29 30 29 868
18 18 19 17 489
15 16 17 15 416
9 9 9 9 197
17 17 15 17 453
6 8 7 7 137
4 5 4 4 45
31 33 33 33 975
19 19 18 19 523
9 10 10 11 232
17 18 18 19 496
11 11 11 12 272
7 5 5 5 79
11 11 13 11 271
26 27 28 26 779
8 10 10 10 216
19 19 18 20 532
31 32 33 32 953
27 25 25 25 739
5 3 3 5 31
30 30 30 32 908
29 29 28 30 862
29 27 27 28 814
3 4 3 3 12
13 15 15 15 381
25 26 27 26 755
34 33 34 33 1000
6 6 6 7 107
11 12 12 13 298
34 33 33 33 996
8 10 9 9 203
26 26 26 26 758
18 19 18 18 507
28 29 30 28 845
31 29 29 30 880
32 32 32 31 947
20 22 22 22 612
12 11 11 11 270
20 18 18 20 526
7 9 8 8 170
12 10 10 11 253
7 7 9 7 139
23 21 21 23 625
28 29 30 28 845
15 16 16 15 412
25 24 23 24 695
11 10 10 11 246
33 33 33 31 971
18 18 18 19 503
21 21 19 21 585
7 8 8 9 166
9 7 7 9 163
7 7 7 7 131
26 27 27 26 775
31 31 33 31 931
4 4 4 2 14
5 4 5 4 43
5 5 4 5 61
14 14 13 14 358
27 27 27 27 791
21 21 20 21 589
32 31 31 31 930
9 9 9 7 179
26 25 26 26 745
30 30 30 28 872
19 18 17 18 497
15 14 15 14 373
24 23 22 24 671
27 26 26 25 756
10 10 10 10 230
17 17 19 17 469
22 22 23 22 630
4 3 3 4 15
9 8 7 8 167
32 31 32 32 943
20 20 20 19 551
10 8 8 8 178
12 12 11 13 301
16 14 14 14 376
11 10 9 10 233
18 16 16 17 451
10 11 10 11 252
9 9 9 8 188
9 7 7 9 163
7 8 8 9 166
14 14 13 15 367
26 27 28 27 788
18 18 20 18 502
22 23 23 23 652
17 17 16 17 457
30 31 30 31 912
21 22 23 21 614
20 19 18 19 530
32 31 31 32 939
19 19 18 19 523
30 31 31 31 916
28 30 29 29 863
21 19 19 19 541
10 9 8 10 209
16 16 14 16 420
22 20 20 21 583
33 32 32 32 963
30 29 28 29 860
20 21 22 21 590
2 4 4 4 18
27 28 27 27 804
10 11 11 12 265
8 8 10 8 172
26 28 27 27 797
5 5 5 4 56
20 22 22 21 603
14 14 13 14 358
5 4 5 4 43
13 12 12 11 294
14 12 12 13 319
17 17 17 17 461
16 16 15 16 424
24 23 22 23 662
29 29 31 29 865
18 18 18 18 494
32 33 33 32 973
4 5 6 5 62
31 30 29 31 902
18 19 19 20 529
10 9 10 9 208
24 24 24 26 710
19 19 17 19 519
18 17 17 17 468
29 30 31 30 887
32 34 34 33 999
10 11 11 11 256
23 23 21 23 651
17 16 17 16 439
10 10 9 10 226
33 33 33 31 971
30 32 32 31 933
24 23 23 23 666
29 31 31 30 900
14 14 13 14 358
19 18 18 17 492
9 8 7 8 167
24 23 24 24 679
10 8 8 8 178
27 29 29 28 834
11 11 13 11 271
9 7 8 8 158
32 32 32 32 956
27 28 28 29 826
21 20 20 20 567
26 25 25 25 732
15 17 17 17 447
13 12 12 12 303
19 17 17 17 475
7 7 9 7 139
5 5 6 4 60
4 6 6 5 75
24 24 24 25 701
31 33 33 31 957
5 4 3 5 44
16 16 17 16 432
11 11 10 11 259
11 10 9 11 242
3 5 5 3 33
17 17 16 17 457
5 6 6 7 100
17 17 17 19 479
26 25 25 26 741
22 22 22 24 644
18 20 20 19 537
22 24 24 22 660
28 28 27 28 820
28 27 28 27 802
33 32 33 32 967
29 30 30 29 874
6 4 5 5 59
20 20 20 21 569
6 7 6 7 120
5 4 5 4 43
11 9 9 11 229
9 9 9 10 206
9 7 7 9 163
9 8 9 9 184
30 32 32 32 942
23 21 22 22 620
24 24 26 24 700
19 19 19 21 545
22 23 24 23 656
14 13 14 13 340
18 19 19 20 529
22 23 22 23 648
32 30 30 30 904
33 32 33 32 967
16 18 17 17 467
20 21 20 20 573
17 15 15 17 427
14 13 12 13 332
25 24 23 24 695
17 18 18 18 487
3 5 5 5 51
23 25 25 23 693
33 32 32 33 972
14 15 15 16 397
8 8 7 8 160
19 19 18 20 532
29 31 30 30 896
24 24 24 23 683
30 29 29 28 855
25 24 24 24 699
20 20 21 19 555
7 8 8 7 148
28 26 26 28 790
26 27 28 27 788
9 9 9 8 188
14 14 13 14 358
25 26 27 25 746
24 23 23 22 657
21 22 21 22 615
27 27 26 27 787
11 11 13 11 271
28 28 30 28 832
8 7 6 8 143
10 9 9 9 204
15 14 14 15 378
17 18 17 18 483
10 9 9 9 204
23 21 22 22 620
29 28 29 29 844
15 16 16 17 430
29 29 29 28 848
14 16 15 15 401
6 8 7 7 137
29 29 29 30 866
15 16 17 15 416
29 31 30 30 896
13 13 14 12 324
19 19 18 19 523
31 31 30 31 919
6 8 8 7 141
23 23 24 23 663
28 30 30 30 876
18 19 18 18 507
11 12 13 12 293
24 25 26 25 722
4 3 3 3 6
27 27 29 27 799
21 19 19 20 550
10 10 10 12 248
7 7 7 5 113
20 19 20 20 547
13 13 13 12 320
16 14 14 16 394
22 22 22 22 626
6 8 8 8 150
6 6 5 6 94
21 22 22 21 610
25 24 25 24 703
19 20 21 19 548
26 25 26 25 736
8 7 7 8 147
19 21 20 20 566
30 31 30 31 912
11 9 9 11 229
18 17 18 18 481
24 26 26 26 744
10 11 12 10 251
25 27 27 26 768
12 12 13 12 300
3 4 3 4 21
33 32 31 33 968
29 28 28 29 840
25 26 27 25 746
8 8 7 9 169
31 32 32 32 949
16 18 17 17 467
18 16 16 16 442
21 20 20 20 567
17 15 16 16 422
16 16 16 16 428
4 4 4 4 32
18 17 18 18 481
14 16 15 15 401
30 29 29 28 855
18 17 16 18 473
27 27 27 26 782
10 12 12 10 264
4 3 2 3 2
4 4 4 6 50
4 4 3 4 28
12 12 12 11 287
26 25 24 25 728
23 22 23 23 646
5 7 7 6 108
16 17 17 18 463
12 11 10 11 266
22 21 21 21 600
6 6 6 5 89
18 18 19 18 498
10 11 10 11 252
24 23 23 22 657
6 6 6 6 98
7 8 8 9 166
32 33 32 32 969
4 4 4 6 50
17 18 17 18 483
11 11 10 12 268
11 13 13 13 315
18 19 19 18 511
4 3 3 4 15
27 27 26 27 787
7 6 7 6 109
16 16 14 16 420
28 27 26 28 803
6 5 5 6 81
9 7 7 9 163
16 18 18 18 480
21 21 21 23 611
4 3 3 4 15
20 18 19 19 521
18 19 19 20 529
16 16 16 15 419
32 31 30 32 935
32 30 30 31 913
20 20 19 20 556
5 4 4 5 48
16 16 16 16 428
21 22 23 21 614
10 11 12 10 251
4 3 4 4 19
24 24 24 24 692
15 13 14 14 356
7 7 6 8 136
3 4 4 4 25
29 29 28 30 862
5 5 5 4 56
22 23 22 23 648
22 23 23 22 643
6 7 8 7 128
16 17 17 17 454
11 13 13 12 306
6 7 7 7 124
4 4 3 5 37
21 21 21 19 575
8 9 9 8 181
34 33 32 33 992
8 9 9 8 181
6 6 6 5 89
29 29 28 30 862
29 29 28 29 853
10 12 11 11 269
18 18 18 16 476
17 15 15 17 427
31 31 31 33 941
30 29 30 29 868
19 20 20 21 562
5 5 7 5 73
23 23 23 23 659
10 8 8 8 178
17 15 16 16 422
22 22 21 23 631
31 31 30 31 919
23 22 23 23 646
8 9 10 8 185
30 28 28 29 847
10 9 9 8 195
34 33 33 32 987
30 29 30 30 877
18 18 16 18 486
18 19 18 19 516
16 16 15 16 424
24 24 23 24 688
19 20 19 20 549
29 31 31 31 909
20 20 21 20 564
18 18 17 18 490
13 13 14 12 324
32 32 32 31 947
21 20 19 20 563
11 11 13 11 271
26 24 24 26 724
24 22 22 23 649
2 4 3 3 5
32 32 31 33 961
9 9 10 8 192
20 19 19 19 534
4 4 3 5 37
14 13 13 14 345
29 27 28 28 818
26 26 26 28 776
31 33 33 33 975
14 15 14 14 375
10 10 10 11 239
29 29 29 31 875
24 25 25 26 727
4 3 3 3 6
14 14 14 13 353
28 29 30 28 845
11 13 13 13 315
20 20 19 20 556
26 27 28 26 779
12 11 12 12 283
5 4 4 5 48
20 18 18 20 526
12 10 10 12 262
16 16 17 15 423
26 27 28 26 779
23 22 22 21 624
28 26 26 28 790
27 27 27 28 800
20 21 21 21 586
9 8 9 8 175
11 11 10 12 268
30 28 28 29 847
16 15 14 15 398
19 20 21 20 557
9 10 11 10 227
15 15 15 13 377
14 14 15 14 366
9 9 9 11 215
6 6 5 7 103
18 17 16 18 473
26 26 25 26 754
11 9 9 11 229
13 11 11 13 295
18 18 18 20 512
17 15 15 16 418
30 31 31 32 925
18 19 20 19 524
13 11 11 13 295
27 27 27 25 773
15 16 16 16 421
8 7 6 8 143
16 16 16 18 446
25 24 25 24 703
13 12 12 13 312
15 16 17 15 416
15 14 14 15 378
18 19 19 20 529
28 27 27 26 789
17 15 16 16 422
23 21 21 23 625
24 24 24 23 683
23 22 23 22 637
30 28 29 29 851
8 10 10 8 198
11 12 12 11 280
29 27 28 28 818
18 18 20 18 502
27 29 29 27 825
20 19 20 19 538
14 13 12 13 332
18 19 19 20 529
17 15 15 17 427
12 11 11 11 270
27 28 27 27 804
14 13 13 12 327
20 19 19 19 534
28 29 28 28 837
17 15 15 16 418
14 14 14 13 353
20 19 20 20 547
32 32 32 32 956
23 21 22 22 620
17 18 18 17 478
16 16 16 18 446
11 11 11 13 281
14 12 12 14 328
9 8 7 9 176
30 30 30 32 908
29 31 31 30 900
28 27 26 28 803
15 17 17 15 429
31 29 29 30 880
6 4 4 4 46
27 28 27 28 813
19 18 19 19 514
15 13 13 14 352
22 23 22 22 639
11 10 9 10 233
21 21 20 21 589
31 33 32 32 962
20 20 18 20 552
28 28 28 28 824
19 20 21 20 557
8 8 10 8 172
27 26 25 26 761
5 5 4 5 61
8 8 6 8 156
31 31 29 31 915
13 13 12 14 334
16 17 16 16 441
8 8 10 8 172
26 26 26 25 749
7 6 6 6 105
14 14 14 15 371
28 26 26 28 790
33 32 33 33 976
19 17 18 18 488
5 6 7 6 95
12 12 14 12 304
14 15 16 14 383
11 9 9 11 229
6 7 7 7 124
4 4 3 4 28
26 27 27 28 793
5 6 5 5 78
24 24 23 24 688
32 32 31 32 952
32 32 32 32 956
28 29 29 29 850
9 11 11 9 231
9 9 9 11 215
10 10 10 8 212
22 22 22 24 644
16 16 17 16 432
22 23 23 23 652
9 7 8 8 158
16 18 18 17 471
26 25 25 24 723
28 30 30 30 876
5 5 4 6 70
19 18 18 18 501
32 30 31 31 917
29 30 30 30 883
6 6 7 5 93
26 27 28 27 788
23 23 22 23 655
18 17 16 18 473
25 26 26 26 751
12 13 13 12 313
22 22 22 24 644
16 16 16 17 437
32 32 34 32 964
6 7 7 6 115
17 18 18 18 487
30 29 28 30 869
27 27 28 26 786
27 25 25 26 748
10 10 11 10 234
32 32 32 31 947
21 22 23 21 614
25 25 26 24 720
9 9 8 10 202
14 15 15 16 397
12 13 14 13 326
24 24 24 22 674
9 7 7 9 163
10 9 9 10 213
29 30 30 31 892
19 18 18 18 501
20 20 20 19 551
9 10 10 9 214
17 17 17 16 452
14 15 15 15 388
24 23 22 24 671
7 8 7 7 144
11 11 11 12 272
26 27 27 28 793
8 9 8 8 177
29 27 27 27 805
23 23 25 23 667
25 25 25 24 716
21 22 22 23 628
27 28 27 28 813
34 33 32 33 992
27 29 29 28 834
10 8 8 9 187
8 7 7 8 147
9 8 8 9 180
4 3 3 3 6
10 9 9 8 195
8 7 8 7 142
28 28 28 30 842
21 22 22 22 619
33 33 32 34 994
12 12 13 11 291
22 22 22 20 608
7 9 8 8 170
22 24 23 23 665
7 7 8 6 126
31 30 31 30 901
18 17 17 17 468
30 30 30 31 899
23 22 22 21 624
25 25 26 24 720
32 31 30 32 935
8 8 7 9 169
29 28 27 29 836
7 8 7 8 153
15 15 15 13 377
25 25 23 25 717
