50 19099
12 10 10 11 253
5 5 5 4 56
25 26 26 25 742
7 8 8 9 166
23 24 23 23 672
4 3 4 3 10
23 24 24 25 694
31 30 30 29 888
16 14 14 14 376
16 15 15 15 402
8 7 6 7 134
11 10 9 10 233
4 4 5 4 36
25 23 24 24 686
14 16 16 16 414
9 9 11 9 205
16 16 14 16 420
16 17 17 16 445
23 24 24 24 685
17 18 18 18 487
8 9 8 9 186
31 31 30 32 928
6 6 6 5 89
29 29 29 29 857
33 31 32 32 950
10 11 12 10 251
25 27 27 25 759
11 11 11 12 272
12 11 11 12 279
22 21 21 22 609
24 22 22 24 658
31 33 32 32 962
34 32 32 34 988
17 16 16 16 435
29 31 31 31 909
23 24 24 24 685
23 23 22 23 655
27 26 27 26 769
20 18 19 19 521
14 14 13 14 358
14 14 14 14 362
10 8 8 8 178
25 24 23 24 695
17 17 17 15 443
20 19 19 20 543
29 28 29 28 835
12 12 11 13 301
30 31 30 31 912
27 27 28 27 795
29 30 31 29 878
