500 180012
32 32 31 32 952
3 4 4 5 34
13 15 14 14 368
15 13 13 14 352
17 17 17 18 470
12 12 11 12 292
27 27 28 26 786
15 15 15 14 386
11 12 11 12 285
19 19 19 17 509
8 7 6 8 143
32 32 31 33 961
23 23 24 23 663
22 20 20 21 583
10 10 9 11 235
23 23 25 23 667
18 19 18 19 516
20 22 22 20 594
7 7 5 7 123
30 32 31 31 929
24 26 26 24 726
18 17 16 17 464
24 26 26 24 726
22 22 22 21 617
25 27 27 27 777
24 25 26 25 722
32 31 32 31 934
31 33 32 32 962
3 5 5 4 42
10 8 8 8 178
3 4 5 3 20
29 29 29 29 857
26 27 26 27 780
28 26 26 26 772
27 27 27 26 782
22 24 24 22 660
6 4 4 5 55
19 21 21 19 561
27 25 25 26 748
14 15 15 15 388
29 29 28 29 853
16 16 16 17 437
32 32 33 32 960
30 31 30 31 912
12 10 10 11 253
19 19 19 21 545
4 4 4 5 41
18 18 17 19 499
25 26 27 26 755
9 8 8 8 171
28 29 29 28 841
4 4 4 4 32
6 4 5 5 59
12 14 14 13 339
27 27 25 27 783
29 28 29 28 835
26 26 24 26 750
29 30 29 30 879
13 13 13 12 320
32 32 31 33 961
20 21 22 21 590
6 6 6 5 89
27 26 27 27 778
20 22 21 21 599
18 17 17 17 468
28 27 26 27 794
23 21 21 22 616
17 17 18 17 465
6 5 6 6 85
18 19 18 19 516
31 29 29 29 871
29 29 28 30 862
12 12 11 12 292
4 3 4 4 19
10 10 9 10 226
17 18 18 17 478
5 5 4 5 61
18 19 19 18 511
18 19 19 19 520
4 4 5 3 27
24 25 25 26 727
15 17 17 15 429
11 9 9 11 229
30 30 29 30 886
14 15 14 15 384
24 24 24 22 674
26 25 24 26 737
10 9 8 9 200
14 13 14 14 349
7 8 8 7 148
8 7 7 8 147
12 12 11 13 301
12 13 12 13 318
10 10 10 10 230
26 26 26 26 758
19 21 20 20 566
5 6 5 5 78
29 28 28 27 822
20 19 20 19 538
10 9 8 10 209
21 20 20 21 576
29 30 29 30 879
10 8 8 8 178
29 31 30 30 896
32 34 34 32 990
34 32 32 33 979
4 4 5 4 36
16 17 16 16 441
27 27 29 27 799
21 19 19 19 541
9 9 8 9 193
18 17 17 18 477
11 12 11 11 276
10 11 11 11 256
9 9 9 7 179
19 19 18 20 532
16 16 14 16 420
22 22 22 22 626
9 9 7 9 189
26 24 25 25 719
10 10 11 9 225
12 13 14 12 317
19 21 21 21 579
31 33 33 33 975
16 16 17 15 423
9 9 9 10 206
13 13 14 12 324
9 9 10 8 192
29 30 30 29 874
24 24 24 25 701
19 20 21 20 557
11 9 9 9 211
10 10 10 10 230
10 9 8 9 200
4 3 2 4 11
12 11 12 12 283
12 11 10 11 266
10 10 9 10 226
15 14 14 15 378
19 19 19 20 536
6 4 4 4 46
29 27 27 29 823
9 9 11 9 205
31 30 30 31 906
4 5 5 6 67
27 26 26 25 756
13 13 13 11 311
32 32 32 32 956
25 23 23 23 673
17 18 18 17 478
28 28 28 30 842
10 12 12 11 273
10 8 8 10 196
29 28 27 28 827
24 22 22 22 640
19 20 20 21 562
25 27 27 27 777
23 22 22 21 624
6 8 8 6 132
22 20 20 21 583
6 6 7 6 102
13 14 13 13 342
20 21 21 21 586
17 19 19 19 513
8 8 8 7 155
25 25 26 24 720
12 12 10 12 288
24 26 26 26 744
28 27 28 27 802
6 4 4 4 46
28 27 26 28 803
4 3 4 4 19
32 30 30 31 913
7 6 5 7 110
28 28 29 27 819
29 28 29 29 844
5 5 4 5 61
23 23 23 23 659
29 29 29 27 839
6 6 5 7 103
13 15 14 14 368
22 21 21 21 600
24 25 26 24 713
22 24 24 22 660
19 17 17 18 484
5 6 6 7 100
8 7 6 8 143
11 11 12 11 267
22 22 22 23 635
13 13 14 12 324
29 30 30 30 883
17 17 17 15 443
14 14 14 15 371
8 9 10 8 185
17 15 16 16 422
33 32 31 32 959
18 20 20 19 537
20 18 18 18 508
26 26 26 26 758
16 16 15 16 424
25 26 25 25 738
9 9 9 8 188
29 31 30 30 896
9 8 9 9 184
31 32 33 31 944
8 10 10 9 207
10 10 12 10 238
7 8 7 7 144
6 5 5 6 81
25 25 25 25 725
6 7 6 6 111
20 21 20 20 573
25 25 27 25 733
9 9 9 8 188
8 10 10 9 207
3 4 4 4 25
32 32 32 32 956
9 9 8 9 193
19 17 17 17 475
8 9 9 10 199
29 29 28 29 853
32 31 31 32 939
29 30 30 30 883
33 33 35 33 997
15 16 17 16 425
20 20 18 20 552
18 16 16 16 442
19 18 18 17 492
33 32 32 33 972
25 24 25 25 712
19 17 18 18 488
30 31 31 31 916
4 6 5 5 71
17 17 17 16 452
20 18 18 18 508
23 21 21 23 625
9 9 9 11 215
25 25 25 23 707
13 15 15 14 372
18 19 20 18 515
9 8 9 9 184
20 20 21 20 564
16 16 16 18 446
15 16 16 16 421
23 22 21 23 638
23 23 21 23 651
32 32 31 33 961
17 18 17 18 483
13 13 14 12 324
18 18 16 18 486
29 28 27 28 827
23 22 22 21 624
19 19 20 19 531
15 15 15 15 395
30 30 29 31 895
18 17 16 18 473
18 20 20 20 546
34 33 34 33 1000
17 15 15 16 418
24 26 26 26 744
7 5 5 6 88
28 28 28 28 824
11 12 12 12 289
30 29 30 29 868
23 24 24 25 694
13 14 14 14 355
5 5 5 7 83
29 28 28 29 840
27 27 28 26 786
16 17 17 17 454
32 32 32 30 938
22 24 23 23 665
11 12 12 12 289
12 14 13 13 335
13 14 14 14 355
28 28 28 28 824
31 30 30 30 897
32 32 33 31 951
9 8 7 9 176
23 23 24 23 663
21 22 23 22 623
22 22 21 23 631
10 9 9 8 195
26 26 27 25 753
11 10 10 10 237
20 19 20 19 538
19 19 19 18 518
28 27 28 28 811
26 28 27 27 797
11 11 11 10 254
14 14 14 12 344
19 19 18 19 523
29 30 29 30 879
14 14 15 13 357
28 29 29 30 859
33 32 32 33 972
5 5 6 4 60
9 10 11 9 218
26 26 27 25 753
4 4 4 4 32
7 5 5 5 79
10 9 9 9 204
31 31 31 33 941
32 33 34 32 977
4 6 6 6 84
20 20 20 18 542
23 24 24 24 685
28 27 27 26 789
15 15 14 15 391
28 29 30 29 854
30 29 29 29 864
27 28 27 28 813
30 31 31 31 916
13 14 14 15 364
20 18 18 19 517
14 15 16 14 383
16 16 15 16 424
20 21 21 21 586
7 7 7 7 131
23 21 21 22 616
21 22 21 22 615
14 14 15 14 366
28 29 30 29 854
17 19 19 19 513
10 9 9 9 204
15 16 15 15 408
5 3 3 4 22
30 32 32 31 933
25 27 26 26 764
30 31 31 31 916
26 26 28 26 766
32 31 31 30 921
24 24 25 24 696
17 19 18 18 500
30 31 32 30 911
18 20 20 20 546
13 15 15 15 381
16 17 16 17 450
24 26 26 24 726
22 20 21 21 587
33 33 35 33 997
24 25 25 26 727
31 31 31 30 914
2 4 4 3 9
9 11 10 10 236
19 19 18 19 523
19 17 18 18 488
15 16 17 15 416
12 12 12 10 278
21 20 20 21 576
29 28 28 29 840
18 20 20 19 537
5 5 4 6 70
9 8 7 8 167
26 25 26 26 745
28 27 27 27 798
8 8 8 7 155
20 20 20 22 578
10 10 12 10 238
6 6 6 5 89
15 13 13 15 361
30 29 30 29 868
25 27 27 26 768
30 31 30 31 912
25 24 24 24 699
9 9 9 7 179
11 12 12 11 280
12 13 14 13 326
11 11 10 12 268
17 17 15 17 453
28 29 29 28 841
32 33 34 33 986
31 33 32 32 962
14 12 12 13 319
14 14 12 14 354
11 11 12 11 267
15 15 13 15 387
7 8 8 8 157
8 8 6 8 156
15 14 15 15 382
20 20 20 18 542
30 29 28 30 869
22 23 22 23 648
13 12 11 13 308
3 4 4 5 34
20 19 19 19 534
14 15 15 15 388
8 7 7 8 147
7 9 8 8 170
6 5 5 6 81
15 14 14 13 360
28 28 26 28 816
27 27 28 27 795
30 30 32 30 898
3 5 5 3 33
24 24 23 24 688
8 8 9 7 159
6 5 6 5 76
18 17 17 17 468
27 27 28 27 795
26 26 27 26 762
8 7 8 8 151
16 16 16 18 446
16 18 18 16 462
13 14 14 13 346
33 31 31 32 946
3 5 5 3 33
10 8 8 8 178
18 18 18 16 476
32 33 34 32 977
16 16 16 14 410
7 7 6 7 127
6 6 6 6 98
14 15 16 14 383
33 32 32 33 972
13 15 15 13 363
6 6 5 7 103
9 9 9 10 206
11 11 11 12 272
13 13 13 13 329
16 16 16 17 437
11 12 13 11 284
5 4 3 5 44
9 10 9 9 210
20 21 21 22 595
24 24 24 22 674
33 31 32 32 950
18 17 18 17 472
28 27 28 28 811
33 33 32 33 985
27 27 28 26 786
10 11 10 11 252
22 24 24 22 660
12 14 14 12 330
16 17 18 17 458
22 22 23 21 621
26 27 28 26 779
31 29 29 31 889
19 18 19 19 514
15 14 14 14 369
22 22 22 24 644
10 10 10 12 248
16 15 14 15 398
27 26 25 26 761
4 3 4 3 10
28 28 27 29 829
11 11 13 11 271
8 10 10 10 216
6 6 7 5 93
11 11 10 11 259
10 10 11 9 225
11 11 11 12 272
13 13 13 11 311
12 14 14 14 348
19 19 18 19 523
9 8 8 8 171
15 16 15 16 417
4 4 5 3 27
25 24 24 23 690
5 4 4 4 39
27 29 29 28 834
27 29 28 28 830
18 20 20 19 537
24 26 26 25 735
20 19 18 20 539
30 31 32 31 920
14 15 16 15 392
5 5 3 5 57
2 3 3 4 1
22 24 24 24 678
15 16 17 15 416
19 18 18 18 501
20 20 20 20 560
22 23 23 23 652
25 24 25 25 712
28 27 28 28 811
6 4 4 6 64
6 4 5 5 59
9 7 7 7 145
32 31 30 32 935
25 27 27 26 768
30 28 28 29 847
3 3 4 3 3
27 27 26 27 787
30 30 31 30 894
25 25 27 25 733
14 14 13 14 358
28 28 27 29 829
14 15 14 15 384
17 17 17 19 479
6 8 8 8 150
31 31 31 33 941
10 11 10 11 252
32 32 32 32 956
12 10 10 12 262
28 26 26 28 790
9 9 10 9 201
5 3 4 4 26
18 18 20 18 502
14 15 15 15 388
