50 19984
30 30 29 31 895
30 29 29 29 864
17 17 15 17 453
8 8 9 8 168
22 21 21 22 609
21 22 22 22 619
8 8 10 8 172
25 25 25 25 725
30 29 30 30 877
32 32 31 32 952
24 23 24 24 679
18 18 17 19 499
29 27 27 28 814
33 33 33 31 971
18 19 18 19 516
24 26 26 26 744
30 31 32 30 911
9 8 7 8 167
29 29 28 29 853
5 4 5 4 43
8 7 6 8 143
27 28 28 27 808
6 5 6 5 76
29 29 28 30 862
29 30 29 29 870
28 27 26 28 803
5 5 7 5 73
20 22 22 20 594
10 10 11 10 234
17 15 16 16 422
6 6 5 7 103
33 33 32 34 994
8 8 10 8 172
34 32 33 33 983
22 22 23 22 630
10 9 9 9 204
30 29 30 29 868
14 14 16 14 370
34 32 33 33 983
10 11 12 10 251
9 8 7 9 176
30 31 30 30 903
16 16 14 16 420
6 7 7 7 124
24 22 22 23 649
24 23 22 24 671
28 30 30 29 867
15 16 15 16 417
23 23 23 21 641
24 24 24 26 710
