500 136629
24 25 24 24 705
23 23 24 23 663
21 22 22 23 628
14 14 15 13 357
3 4 4 3 16
29 31 30 30 896
23 23 22 23 655
30 30 30 31 899
5 5 4 6 70
11 10 9 10 233
13 13 15 13 337
6 6 6 6 98
21 21 22 21 597
14 13 13 12 327
14 15 16 15 392
27 27 26 27 787
32 30 30 31 913
23 23 23 25 677
10 10 11 10 234
21 22 21 22 615
32 31 30 32 935
32 32 33 32 960
19 20 20 19 544
8 7 8 7 142
3 4 4 3 16
10 10 10 12 248
12 14 14 14 348
19 19 19 19 527
26 24 25 25 719
18 16 17 17 455
10 11 12 11 260
26 28 27 27 797
10 9 10 10 217
29 29 29 29 857
26 25 24 26 737
4 4 4 3 23
4 6 6 6 84
7 6 6 7 114
28 28 30 28 832
12 12 12 11 287
15 15 15 16 404
26 26 25 27 763
17 17 15 17 453
17 18 17 18 483
21 22 22 23 628
13 13 14 13 333
4 3 3 3 6
19 17 18 18 488
4 3 3 4 15
34 32 32 33 979
23 23 24 23 663
4 6 5 5 71
16 16 16 18 446
10 9 10 10 217
10 10 10 12 248
27 25 25 26 748
32 33 34 33 986
23 25 24 24 698
20 21 22 21 590
3 5 5 4 42
19 21 20 20 566
16 15 14 15 398
18 18 17 19 499
16 14 15 15 389
23 23 24 22 654
26 26 28 26 766
34 33 33 32 987
23 23 23 25 677
27 27 28 27 795
17 19 18 18 500
31 31 29 31 915
5 4 3 4 35
22 23 23 22 643
21 22 23 21 614
22 21 20 22 605
15 14 14 14 369
9 9 10 8 192
19 20 20 21 562
25 24 24 23 690
19 19 19 20 536
16 16 17 15 423
14 14 14 12 344
28 26 26 26 772
30 30 29 31 895
23 24 23 23 672
20 20 20 19 551
25 23 23 23 673
6 8 8 6 132
13 15 14 14 368
26 27 26 26 771
29 30 31 29 878
14 15 16 14 383
14 13 14 13 340
13 11 12 12 290
5 5 4 6 70
23 22 22 23 642
16 15 15 14 393
18 18 20 18 502
32 31 31 31 930
28 26 26 28 790
17 16 15 16 431
23 23 23 25 677
23 25 25 24 702
29 29 28 29 853
18 18 18 18 494
3 4 5 3 20
24 26 26 25 735
19 17 17 18 484
13 14 13 13 342
23 23 22 23 655
10 8 8 10 196
31 29 29 31 889
13 12 11 12 299
25 26 26 27 760
12 12 12 10 278
25 26 25 25 738
31 31 31 32 932
5 7 6 6 104
14 14 14 14 362
9 9 7 9 189
29 27 27 27 805
28 28 29 27 819
20 19 20 19 538
16 15 14 16 407
12 12 14 12 304
16 16 16 17 437
27 28 27 27 804
8 9 10 9 194
8 10 10 10 216
27 28 27 28 813
3 4 4 3 16
10 11 10 11 252
25 25 27 25 733
32 32 32 33 965
10 12 12 12 282
3 5 4 4 38
13 14 14 15 364
18 17 17 16 459
12 12 12 14 314
23 23 25 23 667
29 30 30 29 874
18 20 20 19 537
8 6 6 6 112
11 10 10 11 246
4 4 4 2 14
8 7 6 8 143
11 11 13 11 271
31 31 29 31 915
26 26 26 28 776
5 6 7 6 95
32 31 32 32 943
11 10 11 11 250
20 18 18 20 526
13 12 12 11 294
31 30 30 30 897
24 23 24 24 679
10 9 10 9 208
25 25 23 25 717
6 7 7 6 115
13 13 14 12 324
23 23 21 23 651
17 17 16 18 466
16 15 14 16 407
6 7 8 6 119
18 17 18 17 472
5 5 6 5 69
24 25 24 24 705
10 9 9 8 195
34 33 33 33 996
6 6 6 4 80
14 13 13 14 345
24 25 26 24 713
28 29 30 28 845
23 23 24 22 654
32 31 32 32 943
19 18 17 18 497
16 17 18 16 449
13 11 11 12 286
25 26 25 25 738
6 4 4 5 55
30 30 29 30 886
10 8 8 10 196
16 17 16 16 441
14 13 13 14 345
11 11 11 12 272
28 29 29 28 841
24 23 23 22 657
12 11 11 11 270
14 16 16 15 405
32 32 34 32 964
14 12 12 14 328
5 5 5 4 56
7 5 5 7 97
29 28 28 28 831
12 14 14 14 348
20 20 20 19 551
12 10 10 10 244
19 20 19 20 549
7 7 7 9 149
25 26 26 27 760
22 22 22 22 626
15 15 15 16 404
7 6 6 5 96
11 12 13 11 284
14 15 15 14 379
24 25 24 25 714
13 12 12 11 294
30 30 32 30 898
29 27 28 28 818
16 16 16 15 419
20 21 22 21 590
26 26 25 27 763
19 18 18 17 492
20 20 20 20 560
17 18 19 18 491
17 17 17 16 452
5 7 7 6 108
25 27 27 27 777
10 9 8 10 209
19 19 19 17 509
13 13 12 13 325
22 22 24 22 634
16 15 15 14 393
4 5 5 5 58
23 22 21 22 629
9 9 9 9 197
18 20 20 18 528
5 5 3 5 57
24 25 25 24 709
19 20 21 19 548
21 21 23 21 601
17 15 15 15 409
21 21 22 21 597
30 29 29 29 864
7 7 7 7 131
30 30 31 30 894
14 14 13 14 358
27 26 25 26 761
32 33 33 34 991
6 4 5 5 59
5 3 3 4 22
8 7 6 8 143
30 32 31 31 929
3 5 5 4 42
5 4 5 4 43
21 20 21 21 580
17 16 15 16 431
28 29 29 30 859
25 24 23 25 704
20 20 20 21 569
15 17 17 16 438
20 19 19 18 525
21 22 23 21 614
22 20 20 21 583
22 24 24 22 660
27 27 27 27 791
20 19 20 20 547
32 32 31 33 961
13 13 14 13 333
21 21 20 22 598
33 32 33 33 976
8 7 6 7 134
33 32 33 33 976
3 5 5 5 51
7 7 6 8 136
27 29 28 28 830
15 15 14 16 400
3 4 3 4 21
22 21 20 21 596
31 30 31 30 901
27 25 26 26 752
17 17 17 16 452
5 5 6 4 60
12 13 13 13 322
10 10 9 11 235
7 7 5 7 123
33 31 31 31 937
19 20 20 19 544
8 6 6 8 130
29 30 31 30 887
20 20 21 20 564
9 10 11 10 227
14 13 13 14 345
4 4 4 3 23
24 24 22 24 684
29 29 31 29 865
27 28 29 27 812
29 31 31 29 891
13 14 13 13 342
14 14 14 14 362
4 3 2 3 2
12 12 12 13 305
6 6 6 8 116
3 4 4 5 34
16 16 16 17 437
13 14 13 13 342
28 28 28 26 806
8 8 10 8 172
3 4 4 3 16
20 22 22 20 594
18 17 17 18 477
17 17 16 17 457
8 10 9 9 203
11 12 12 12 289
4 3 3 3 6
23 22 23 22 637
4 4 3 4 28
28 26 26 27 781
9 10 9 9 210
24 25 25 24 709
21 21 23 21 601
12 14 13 13 335
20 21 21 20 577
29 27 28 28 818
18 17 18 17 472
14 13 13 12 327
24 23 24 24 679
26 24 24 24 706
31 32 33 31 944
12 10 10 10 244
31 31 31 31 923
21 21 21 19 575
25 25 25 24 716
13 13 13 14 338
31 32 33 32 953
23 23 21 23 651
29 27 27 27 805
30 28 29 29 851
24 24 24 22 674
27 27 28 26 786
24 22 22 23 649
28 28 30 28 832
24 25 25 26 727
33 32 32 33 972
26 27 28 26 779
26 26 26 24 740
27 26 26 26 765
32 30 30 32 922
6 6 5 6 94
28 29 30 29 854
5 5 5 3 47
22 23 22 23 648
11 9 9 11 229
9 8 7 9 176
19 20 19 20 549
15 16 17 16 425
10 10 11 9 225
15 15 15 17 413
17 15 15 17 427
14 14 14 14 362
26 25 26 26 745
5 5 5 4 56
10 9 8 9 200
25 26 27 26 755
23 22 22 21 624
31 31 30 31 919
33 32 33 32 967
5 6 7 6 95
14 14 15 14 366
20 19 18 20 539
26 24 24 25 715
15 17 17 17 447
28 28 30 28 832
6 8 7 7 137
20 20 21 20 564
10 8 9 9 191
28 28 28 27 815
4 4 4 6 50
19 20 19 20 549
15 14 13 15 374
26 25 25 25 732
12 10 10 12 262
32 33 33 32 973
23 23 23 23 659
11 12 13 12 293
13 11 11 12 286
18 19 20 19 524
17 16 17 17 448
8 7 6 8 143
6 5 6 6 85
22 24 24 22 660
15 16 17 16 425
5 3 4 4 26
15 14 13 15 374
7 7 7 6 122
6 8 7 7 137
25 26 27 26 755
28 27 26 27 794
15 17 17 16 438
26 27 28 27 788
16 16 14 16 420
31 29 29 29 871
20 20 20 21 569
3 4 4 3 16
5 7 7 6 108
7 5 5 5 79
16 16 17 15 423
22 21 21 20 591
28 28 28 30 842
22 24 24 24 678
31 29 29 31 889
19 19 20 19 531
30 28 28 30 856
20 18 18 18 508
18 18 18 17 485
24 23 24 23 670
21 20 20 19 558
7 6 6 5 96
12 13 13 14 331
9 9 9 9 197
6 5 5 5 72
31 32 33 32 953
17 17 16 17 457
16 15 15 14 393
4 6 6 4 66
7 8 7 8 153
15 14 15 15 382
4 6 5 5 71
14 16 15 15 401
27 25 26 26 752
10 10 11 9 225
25 23 23 24 682
19 19 18 20 532
17 18 18 17 478
16 14 14 16 394
13 13 12 13 325
4 3 2 3 2
8 9 10 9 194
25 25 25 27 743
30 28 28 29 847
23 24 24 24 685
3 5 5 4 42
6 8 8 8 150
14 15 15 16 397
19 18 18 19 510
28 29 28 28 837
9 7 8 8 158
4 4 4 3 23
28 29 30 28 845
14 14 15 13 357
12 13 12 13 318
29 27 27 27 805
20 21 20 20 573
28 28 30 28 832
11 11 10 11 259
19 19 20 19 531
22 22 20 22 618
20 20 21 20 564
31 32 33 32 953
10 11 11 11 256
34 32 32 32 970
25 25 25 26 734
12 11 11 10 261
34 32 32 32 970
24 24 24 24 692
12 10 10 12 262
27 29 29 29 843
31 29 29 31 889
11 10 9 11 242
21 21 21 22 602
28 26 26 26 772
26 27 27 26 775
14 13 12 13 332
12 10 10 11 253
13 12 12 12 303
11 10 10 9 228
32 33 33 33 982
10 10 11 10 234
6 5 5 4 63
9 7 8 8 158
9 8 9 8 175
25 27 27 25 759
11 10 10 10 237
22 21 21 21 600
20 20 21 20 564
18 16 16 16 442
20 22 21 21 599
24 24 24 26 710
16 17 18 16 449
28 27 27 28 807
7 5 5 6 88
26 26 26 25 749
14 16 16 14 396
18 19 19 20 529
22 20 21 21 587
30 29 30 29 868
17 18 19 17 482
21 22 23 21 614
4 3 3 3 6
19 17 17 17 475
11 11 13 11 271
26 25 24 26 737
25 27 27 26 768
32 31 31 31 930
16 16 16 16 428
11 13 13 11 297
7 7 5 7 123
28 29 28 28 837
21 22 23 21 614
12 12 12 14 314
