50 18488
9 8 7 9 176
28 27 28 27 802
24 26 26 24 726
8 9 10 8 185
18 19 20 19 524
9 9 9 7 179
19 17 17 17 475
29 27 27 28 814
8 8 6 8 156
9 9 9 9 197
18 17 18 18 481
9 8 7 8 167
23 24 25 24 689
25 27 27 26 768
19 21 21 20 570
21 21 21 20 584
20 20 20 22 578
34 32 32 34 988
25 24 24 24 699
14 12 12 12 310
18 20 20 18 528
28 30 30 29 867
15 16 15 16 417
32 31 31 32 939
26 27 27 27 784
31 30 30 31 906
18 19 19 18 511
30 30 30 31 899
23 24 23 24 681
18 18 19 17 489
22 22 24 22 634
30 31 30 30 903
18 20 20 19 537
33 33 34 32 984
25 26 27 26 755
17 16 17 16 439
4 3 2 3 2
7 6 6 5 96
23 23 25 23 667
28 30 30 30 876
28 28 29 28 828
28 27 27 27 798
26 24 24 26 724
8 7 6 8 143
33 33 31 33 981
4 4 3 5 37
9 9 9 8 188
13 12 13 13 316
30 31 32 31 920
19 18 18 17 492
