50 13043
30 29 30 29 868
22 22 23 22 630
30 30 30 31 899
27 26 26 26 765
3 4 5 3 20
11 11 10 11 259
5 7 6 6 104
10 10 10 9 221
10 9 10 9 208
12 12 11 12 292
28 27 27 26 789
6 4 4 4 46
22 22 23 22 630
26 26 24 26 750
11 12 13 11 284
30 30 30 32 908
31 33 32 32 962
26 26 27 25 753
27 27 27 25 773
22 24 24 22 660
34 32 32 32 970
24 25 26 25 722
17 17 19 17 469
10 8 8 9 187
30 31 31 30 907
26 24 24 25 715
10 10 8 10 222
30 30 31 30 894
23 22 23 23 646
13 12 12 11 294
10 11 10 11 252
7 7 6 7 127
11 11 12 10 258
16 16 17 16 432
18 18 19 17 489
23 24 24 25 694
25 25 25 27 743
16 17 18 16 449
32 32 34 32 964
27 29 29 29 843
6 5 5 4 63
16 18 18 16 462
15 17 17 16 438
12 10 10 11 253
24 24 24 25 701
7 6 5 7 110
14 14 14 15 371
9 10 10 9 214
24 24 24 22 674
22 24 23 23 665
