500 108143
22 22 23 22 630
15 14 13 14 365
6 5 6 5 76
31 31 29 31 915
12 10 10 11 253
8 9 9 9 190
11 11 11 11 263
29 27 28 28 818
9 7 8 8 158
34 33 33 33 996
10 12 11 11 269
28 30 30 28 858
20 19 18 19 530
9 9 11 9 205
7 7 7 9 149
29 27 27 29 823
26 26 25 26 754
31 31 33 31 931
14 14 13 15 367
5 5 4 5 61
17 17 18 17 465
30 32 32 32 942
10 8 9 9 191
16 14 15 15 389
22 22 22 24 644
16 17 18 17 458
3 5 5 3 33
14 14 14 15 371
20 20 20 21 569
13 11 11 11 277
25 26 25 25 738
16 17 16 17 450
22 22 22 20 608
27 29 29 29 843
27 27 26 28 796
6 7 7 6 115
29 30 30 30 883
4 4 4 3 23
10 9 8 10 209
26 27 28 26 779
9 7 7 8 154
19 19 17 19 519
25 23 23 23 673
25 27 27 25 759
29 30 29 29 870
17 18 18 18 487
17 18 18 19 496
26 27 28 26 779
22 21 21 20 591
33 33 31 33 981
13 11 11 11 277
10 11 10 11 252
24 23 22 24 671
27 25 25 26 748
20 18 18 20 526
33 32 32 33 972
9 11 10 10 236
26 25 25 26 741
13 13 13 15 347
22 21 20 22 605
21 22 23 22 623
11 10 9 10 233
28 29 29 30 859
19 21 20 20 566
30 30 31 30 894
13 13 15 13 337
30 31 32 30 911
27 27 28 26 786
7 8 7 8 153
9 7 7 9 163
7 6 6 6 105
28 28 30 28 832
16 16 14 16 420
4 4 4 6 50
28 28 28 28 824
16 16 16 18 446
11 11 11 13 281
30 30 30 28 872
12 11 12 12 283
19 20 19 20 549
22 22 22 21 617
32 31 32 31 934
22 23 22 22 639
5 5 3 5 57
31 33 32 32 962
8 8 6 8 156
14 15 16 14 383
13 13 13 15 347
5 5 6 4 60
16 17 18 16 449
12 13 13 13 322
10 10 10 9 221
17 18 18 19 496
17 18 17 17 474
21 22 21 22 615
10 9 9 8 195
8 8 9 8 168
14 15 15 16 397
28 29 29 30 859
13 13 14 13 333
34 33 33 33 996
32 32 32 31 947
19 19 18 19 523
14 14 16 14 370
29 30 31 30 887
21 20 21 20 571
4 4 5 4 36
14 16 15 15 401
19 21 21 20 570
30 28 28 28 838
28 26 27 27 785
28 28 30 28 832
5 3 3 5 31
16 17 18 17 458
3 3 4 3 3
8 9 9 10 199
12 14 13 13 335
28 30 29 29 863
32 30 30 31 913
14 12 12 13 319
7 8 8 7 148
30 30 30 31 899
22 22 20 22 618
22 22 22 21 617
8 8 8 7 155
30 29 30 30 877
21 21 19 21 585
5 6 5 6 87
31 31 33 31 931
7 6 5 6 101
8 8 8 7 155
19 17 17 19 493
32 33 34 33 986
28 27 27 26 789
17 19 19 19 513
18 17 18 17 472
3 4 4 5 34
31 33 33 33 975
27 28 29 28 821
31 30 30 30 897
22 21 21 22 609
22 21 22 22 613
18 19 18 18 507
27 26 26 26 765
15 17 17 15 429
24 24 24 23 683
17 18 18 17 478
14 14 16 14 370
28 27 27 27 798
18 16 16 18 460
22 20 21 21 587
15 15 14 16 400
6 7 7 6 115
27 27 28 27 795
25 27 26 26 764
3 5 5 5 51
28 28 28 29 833
8 8 10 8 172
7 7 7 5 113
32 33 33 32 973
5 5 6 5 69
22 22 23 22 630
23 23 23 21 641
9 10 9 10 219
33 33 32 33 985
8 8 7 8 160
34 32 33 33 983
22 23 22 23 648
11 10 9 10 233
17 18 19 18 491
21 23 23 22 636
20 21 21 22 595
11 11 10 12 268
32 31 32 31 934
29 29 30 28 852
22 22 20 22 618
8 7 7 8 147
29 29 27 29 849
21 19 19 20 550
25 23 23 23 673
24 24 23 25 697
28 29 30 29 854
5 5 4 5 61
15 15 15 13 377
18 18 17 19 499
29 28 28 28 831
13 15 15 13 363
11 9 9 10 220
12 12 11 13 301
19 19 20 18 522
16 15 14 16 407
14 15 14 15 384
8 6 7 7 125
2 4 4 3 9
17 15 15 17 427
9 9 11 9 205
27 29 29 27 825
28 30 30 30 876
20 22 22 22 612
9 9 7 9 189
28 28 26 28 816
9 9 11 9 205
4 5 5 4 49
32 33 33 33 982
11 12 12 11 280
32 32 32 33 965
17 17 17 17 461
20 21 20 21 582
28 30 30 28 858
7 8 9 8 161
20 20 20 21 569
22 24 24 22 660
15 16 17 16 425
10 11 11 11 256
13 14 15 13 350
7 6 6 6 105
16 16 18 16 436
27 27 27 25 773
34 32 33 33 983
17 19 19 18 504
24 23 24 23 670
11 10 11 10 241
29 29 28 30 862
7 6 6 6 105
4 4 4 2 14
13 13 13 15 347
6 7 7 8 133
7 8 8 7 148
4 4 5 4 36
25 25 26 24 720
16 17 18 17 458
24 25 25 25 718
24 24 25 24 696
20 20 19 20 556
29 29 29 27 839
9 9 8 10 202
14 14 13 14 358
26 24 24 25 715
30 32 32 31 933
23 24 23 24 681
32 32 32 30 938
4 5 4 5 54
28 30 30 28 858
4 5 4 5 54
31 33 32 32 962
21 21 21 22 602
4 5 5 4 49
16 16 16 18 446
14 13 12 14 341
18 18 19 17 489
9 9 10 8 192
34 33 33 32 987
30 31 31 32 925
10 10 12 10 238
29 28 27 28 827
17 19 19 19 513
24 24 23 25 697
32 31 31 31 930
3 4 5 4 29
17 17 17 19 479
27 29 28 28 830
24 25 24 24 705
18 18 19 17 489
7 6 7 6 109
23 24 25 23 680
8 8 8 8 164
30 29 29 30 873
28 29 28 28 837
5 5 5 7 83
20 20 20 22 578
23 22 23 23 646
33 31 31 33 955
25 26 27 25 746
16 15 14 15 398
31 32 32 33 958
4 6 6 5 75
19 21 21 21 579
10 8 9 9 191
17 19 19 18 504
19 18 18 17 492
7 5 6 6 92
28 27 27 28 807
31 31 31 31 923
22 23 22 22 639
9 9 9 9 197
11 12 12 13 298
31 31 30 31 919
24 24 26 24 700
21 22 21 22 615
25 27 27 25 759
16 18 18 18 480
8 8 9 7 159
21 23 23 22 636
17 17 17 18 470
16 14 14 16 394
7 7 7 9 149
11 11 12 10 258
24 26 26 24 726
20 20 20 22 578
17 18 17 18 483
23 21 21 22 616
17 19 19 19 513
20 20 21 20 564
31 31 31 33 941
24 24 23 24 688
18 19 19 18 511
32 32 32 30 938
31 31 31 33 941
26 26 26 24 740
15 15 14 16 400
18 18 20 18 502
22 20 20 20 574
34 32 32 32 970
12 11 11 10 261
20 20 21 20 564
17 17 15 17 453
9 7 7 9 163
27 27 26 27 787
32 32 34 32 964
31 29 30 30 884
18 18 16 18 486
13 13 14 13 333
12 14 14 13 339
27 25 25 27 757
32 30 31 31 917
5 6 6 5 82
22 24 24 24 678
28 27 28 28 811
15 15 14 15 391
5 5 3 5 57
33 33 32 33 985
5 4 5 5 52
25 26 26 25 742
4 6 6 6 84
31 30 29 30 893
6 4 5 5 59
29 27 27 27 805
23 22 23 22 637
9 8 9 9 184
14 12 12 14 328
33 32 32 33 972
7 9 9 8 174
25 24 25 25 712
14 15 16 14 383
24 25 25 24 709
23 24 23 23 672
8 7 6 7 134
27 28 29 27 812
29 28 28 27 822
7 7 7 6 122
29 29 28 30 862
30 30 28 30 882
5 3 3 5 31
6 6 4 6 90
28 29 28 28 837
22 22 21 23 631
24 22 22 22 640
30 31 32 31 920
13 13 15 13 337
24 24 24 22 674
23 24 23 23 672
3 4 3 4 21
19 19 21 19 535
29 27 27 29 823
27 25 25 25 739
9 10 11 9 218
28 30 30 29 867
7 7 7 8 140
10 9 9 8 195
31 31 31 33 941
20 20 22 20 568
8 6 6 8 130
30 30 30 30 890
14 14 14 12 344
18 20 20 18 528
27 27 27 25 773
14 13 12 14 341
25 23 23 24 682
12 12 13 11 291
28 28 26 28 816
24 24 25 23 687
8 10 9 9 203
28 28 29 27 819
18 17 18 17 472
7 5 5 7 97
22 22 22 20 608
27 27 27 25 773
6 6 7 5 93
9 10 9 10 219
8 7 8 7 142
5 5 7 5 73
24 26 25 25 731
6 8 8 8 150
15 16 15 15 408
16 15 14 16 407
30 31 31 31 916
10 11 12 10 251
29 30 31 30 887
29 30 31 29 878
6 5 5 4 63
5 3 3 4 22
23 24 24 24 685
30 31 31 31 916
31 33 33 31 957
3 4 4 5 34
16 14 14 15 385
33 33 34 32 984
31 33 32 32 962
21 22 21 22 615
12 11 11 12 279
32 34 34 33 999
17 17 17 17 461
31 30 30 31 906
7 6 5 6 101
27 27 29 27 799
28 29 28 28 837
14 15 14 14 375
19 19 17 19 519
10 11 11 10 247
20 18 19 19 521
25 26 27 25 746
11 12 12 12 289
4 4 5 3 27
31 32 32 33 958
20 21 22 21 590
27 27 29 27 799
28 29 30 29 854
29 30 31 29 878
22 23 23 24 661
12 11 12 12 283
7 8 7 7 144
31 32 31 32 945
21 21 21 22 602
22 23 23 22 643
21 20 21 20 571
33 31 31 33 955
19 20 20 21 562
14 16 16 16 414
15 14 13 15 374
24 25 24 25 714
4 5 5 5 58
13 13 14 12 324
26 26 25 26 754
20 22 21 21 599
6 5 5 5 72
8 7 7 7 138
28 27 27 27 798
27 27 27 25 773
31 32 32 31 940
6 5 4 6 77
15 17 17 15 429
22 21 20 21 596
20 20 21 20 564
5 5 5 7 83
32 32 33 31 951
4 6 6 5 75
7 7 8 7 135
13 15 15 15 381
6 6 6 8 116
6 7 7 7 124
22 21 21 20 591
9 7 7 9 163
9 10 9 9 210
8 6 6 6 112
31 32 31 32 945
24 24 22 24 684
26 28 28 28 810
13 12 11 13 308
16 16 16 14 410
34 33 33 32 987
15 14 15 14 373
10 10 12 10 238
28 29 29 30 859
30 29 28 29 860
18 18 19 17 489
15 13 13 13 343
9 9 10 9 201
11 9 9 9 211
30 32 32 32 942
7 7 5 7 123
4 4 4 6 50
28 26 26 28 790
12 13 14 12 317
9 9 9 11 215
16 14 15 15 389
25 26 26 25 742
10 11 12 11 260
31 31 33 31 931
13 13 14 13 333
17 18 19 17 482
24 24 22 24 684
14 14 14 15 371
15 16 16 16 421
23 23 24 22 654
17 19 19 19 513
10 11 12 10 251
32 33 33 32 973
21 20 20 20 567
10 10 9 11 235
6 5 6 6 85
