50 5953
28 26 27 27 785
17 18 17 18 483
7 8 8 8 157
24 24 24 26 710
8 7 8 8 151
22 20 21 21 587
27 25 26 26 752
32 33 34 33 986
24 25 25 24 709
23 23 23 25 677
6 6 7 5 93
33 33 33 34 998
9 11 11 9 231
10 9 9 10 213
10 8 8 9 187
30 31 30 31 912
14 15 16 14 383
9 8 8 9 180
31 31 33 31 931
25 26 26 27 760
19 20 19 20 549
24 23 23 22 657
26 26 26 27 767
32 32 32 31 947
11 10 10 11 246
24 23 22 24 671
11 11 10 12 268
13 13 11 13 321
15 16 16 15 412
18 19 18 19 516
7 9 9 7 165
20 20 20 21 569
28 27 27 28 807
3 4 3 3 12
16 16 16 14 410
16 16 16 17 437
6 5 4 6 77
27 28 27 27 804
27 28 29 28 821
12 14 14 12 330
18 17 17 18 477
9 11 10 10 236
14 15 15 16 397
13 13 13 15 347
4 5 6 5 62
10 9 9 10 213
3 5 4 4 38
26 27 28 26 779
13 12 12 13 312
19 21 21 19 561
