50 7580
25 24 23 25 704
7 6 6 6 105
17 17 18 16 456
31 29 29 29 871
9 11 10 10 236
20 21 20 21 582
24 23 23 24 675
23 24 23 23 672
22 21 21 21 600
17 19 19 17 495
6 7 7 8 133
34 32 33 33 983
19 21 21 19 561
27 26 26 25 756
21 19 19 21 559
11 11 11 12 272
17 17 18 16 456
15 15 16 15 399
27 27 29 27 799
26 27 28 27 788
26 26 27 26 762
33 33 33 33 989
31 31 30 31 919
17 15 15 15 409
5 5 4 5 61
34 32 32 33 979
30 28 28 30 856
15 16 17 16 425
17 19 18 18 500
29 28 27 29 836
30 28 28 30 856
27 27 28 26 786
19 18 18 19 510
18 17 17 16 459
10 11 10 11 252
22 22 21 22 622
17 17 17 16 452
3 4 3 3 12
7 6 6 5 96
33 32 32 31 954
8 8 8 10 182
21 23 23 22 636
9 9 9 11 215
24 23 24 24 679
5 6 6 5 82
13 13 14 12 324
28 29 30 28 845
26 24 24 24 706
21 20 20 20 567
7 6 7 6 109
