750 141217
8 6 6 7 121
21 19 19 19 541
29 29 28 30 862
22 21 21 22 609
20 20 20 22 578
16 14 14 16 394
30 30 30 32 908
29 29 31 29 865
21 23 23 23 645
12 12 14 12 304
30 30 31 30 894
10 9 8 9 200
14 15 15 16 397
32 31 31 31 930
20 19 19 19 534
24 24 24 22 674
31 30 31 31 910
23 25 24 24 698
12 12 14 12 304
19 18 17 18 497
20 22 22 20 594
15 15 17 15 403
9 9 10 9 201
8 8 8 6 146
11 9 10 10 224
34 32 32 33 979
14 14 15 14 366
17 19 18 18 500
13 13 13 11 311
16 15 15 16 411
16 16 15 17 433
9 8 8 7 162
4 4 4 3 23
22 23 23 22 643
23 23 23 23 659
31 29 29 29 871
32 31 30 32 935
4 3 4 3 10
28 29 30 28 845
9 10 9 9 210
16 16 16 18 446
31 31 30 31 919
19 20 20 21 562
6 5 6 5 76
13 13 13 11 311
31 29 29 29 871
19 20 20 21 562
4 4 4 2 14
28 30 30 29 867
26 26 25 26 754
20 18 18 18 508
7 8 8 7 148
18 17 16 18 473
4 6 5 5 71
22 23 24 23 656
33 33 34 32 984
28 26 27 27 785
4 6 6 5 75
17 15 15 17 427
33 32 31 32 959
29 27 27 29 823
13 11 11 13 295
4 4 6 4 40
21 21 20 21 589
12 12 14 12 304
32 33 34 33 986
22 20 20 20 574
5 3 3 5 31
32 32 32 32 956
25 23 23 24 682
13 14 14 14 355
10 12 11 11 269
20 21 20 20 573
31 31 31 33 941
27 26 25 26 761
28 29 29 30 859
25 26 26 27 760
32 31 32 32 943
27 27 29 27 799
29 29 31 29 865
32 31 30 31 926
27 28 27 28 813
13 15 15 15 381
3 4 4 3 16
20 22 22 20 594
9 9 9 9 197
11 11 10 12 268
34 33 34 33 1000
18 20 20 18 528
17 15 15 16 418
10 10 12 10 238
25 23 23 24 682
32 32 33 31 951
20 18 18 20 526
22 22 24 22 634
6 6 5 6 94
28 26 26 28 790
29 30 29 30 879
9 9 9 10 206
20 21 20 21 582
27 27 26 28 796
9 11 11 10 240
17 18 19 17 482
29 28 29 29 844
6 6 8 6 106
33 31 31 33 955
12 11 11 10 261
33 33 31 33 981
24 23 24 24 679
23 22 23 23 646
13 11 11 13 295
28 27 26 28 803
28 27 27 26 789
18 16 17 17 455
27 28 27 27 804
33 31 31 33 955
23 23 25 23 667
20 22 21 21 599
22 21 21 22 609
26 24 24 26 724
18 18 18 16 476
32 33 33 34 991
25 24 24 25 708
5 5 5 3 47
13 11 12 12 290
15 14 15 15 382
18 17 16 18 473
5 4 5 4 43
29 31 30 30 896
6 6 6 5 89
12 12 12 14 314
32 32 30 32 948
5 6 6 6 91
25 26 27 26 755
14 15 16 15 392
33 32 31 32 959
4 4 4 5 41
25 24 25 25 712
34 33 33 32 987
4 4 4 5 41
14 12 12 13 319
10 10 10 8 212
26 24 25 25 719
13 11 11 11 277
4 4 3 4 28
23 23 21 23 651
8 7 8 7 142
25 26 27 26 755
31 31 32 31 927
4 6 5 5 71
9 7 7 9 163
11 10 11 10 241
9 8 9 9 184
25 24 23 25 704
7 7 5 7 123
22 21 22 22 613
6 5 5 4 63
13 15 15 15 381
24 22 23 23 653
8 6 6 6 112
28 28 28 26 806
23 23 23 24 668
32 34 33 33 995
15 15 15 13 377
19 19 19 19 527
11 9 10 10 224
6 5 5 4 63
30 30 29 30 886
8 8 7 9 169
9 10 10 11 232
19 19 19 21 545
24 26 26 24 726
14 15 14 15 384
31 32 31 31 936
24 23 23 24 675
10 12 12 12 282
11 9 9 11 229
12 11 12 11 274
23 23 23 21 641
31 33 33 31 957
16 16 16 14 410
10 9 10 9 208
14 16 15 15 401
16 17 18 16 449
14 12 12 13 319
29 27 27 29 823
8 8 7 9 169
9 7 7 7 145
16 15 16 16 415
17 17 18 17 465
19 19 19 21 545
6 6 6 4 80
30 29 29 28 855
10 10 10 9 221
32 31 30 32 935
28 29 28 28 837
29 30 31 30 887
9 9 7 9 189
5 5 4 5 61
4 4 4 6 50
12 12 12 14 314
28 28 30 28 832
24 25 26 24 713
6 6 6 7 107
20 18 18 20 526
12 10 10 10 244
12 11 11 11 270
31 29 29 29 871
11 13 12 12 302
23 25 24 24 698
7 7 7 7 131
19 21 20 20 566
5 6 6 7 100
32 32 32 33 965
29 27 28 28 818
31 30 29 30 893
30 32 32 32 942
19 18 17 19 506
14 13 13 12 327
3 5 5 4 42
23 24 24 25 694
9 10 9 9 210
33 33 33 31 971
30 28 29 29 851
31 33 32 32 962
9 10 9 9 210
8 7 7 7 138
30 31 32 31 920
32 32 31 32 952
22 21 21 20 591
11 10 10 9 228
6 6 6 7 107
33 33 32 33 985
12 14 13 13 335
29 28 28 29 840
16 17 17 16 445
4 5 5 5 58
10 8 8 8 178
14 14 14 14 362
11 11 11 10 254
18 18 19 17 489
25 25 25 23 707
8 6 6 7 121
5 6 7 5 86
7 7 5 7 123
21 20 21 20 571
25 24 23 25 704
26 27 26 27 780
20 20 20 22 578
27 29 29 29 843
10 9 10 9 208
17 17 15 17 453
29 28 28 27 822
9 8 8 8 171
23 24 25 24 689
23 24 24 24 685
28 27 26 28 803
22 23 23 23 652
9 9 9 8 188
15 17 17 16 438
28 29 30 29 854
8 9 8 8 177
8 9 8 8 177
11 11 12 11 267
11 9 9 11 229
16 16 16 18 446
24 24 24 25 701
21 21 21 23 611
27 27 27 25 773
3 4 3 3 12
12 12 14 12 304
12 13 13 12 313
24 26 26 26 744
30 30 32 30 898
16 14 14 15 385
3 4 5 4 29
7 6 5 7 110
16 14 14 14 376
27 28 27 28 813
12 11 11 12 279
4 5 5 6 67
29 27 27 28 814
30 29 29 28 855
25 25 25 24 716
15 14 14 14 369
30 29 28 30 869
23 24 23 23 672
12 13 14 13 326
26 25 25 26 741
25 27 26 26 764
11 10 11 10 241
23 22 22 23 642
12 11 12 11 274
26 26 27 26 762
15 13 14 14 356
22 24 24 24 678
20 21 21 21 586
9 9 8 10 202
31 32 33 31 944
30 32 32 32 942
8 10 10 10 216
10 10 8 10 222
6 8 8 8 150
32 33 32 32 969
7 7 6 7 127
16 17 18 17 458
25 25 25 27 743
12 11 11 10 261
22 22 22 24 644
18 19 19 20 529
25 24 25 24 703
22 24 24 23 669
31 30 30 31 906
19 20 20 21 562
4 3 4 4 19
26 27 28 26 779
30 31 31 31 916
4 5 5 5 58
11 12 11 11 276
16 14 15 15 389
25 24 24 25 708
20 19 19 20 543
19 21 21 21 579
24 24 26 24 700
23 24 25 24 689
6 8 7 7 137
20 21 20 21 582
29 29 30 29 861
28 29 28 28 837
10 8 8 9 187
17 16 17 17 448
19 19 18 20 532
19 19 20 18 522
30 30 31 29 885
8 7 6 8 143
20 20 20 22 578
23 22 22 22 633
31 33 32 32 962
22 21 20 21 596
8 7 8 7 142
6 7 6 7 120
6 4 4 5 55
20 20 21 20 564
21 23 23 22 636
21 21 21 23 611
28 28 28 28 824
5 5 5 5 65
6 5 6 6 85
29 29 29 29 857
17 18 17 18 483
23 22 21 23 638
17 16 16 16 435
11 12 11 12 285
17 18 18 17 478
18 17 17 16 459
6 6 6 4 80
17 15 15 17 427
15 15 13 15 387
33 33 34 32 984
4 4 4 4 32
17 17 18 16 456
6 4 5 5 59
24 26 26 26 744
17 18 18 17 478
5 4 3 5 44
26 27 26 26 771
25 23 23 25 691
16 18 18 16 462
28 29 30 28 845
29 29 28 30 862
27 28 29 27 812
29 27 27 28 814
31 32 32 33 958
20 22 22 22 612
9 8 7 8 167
29 29 27 29 849
30 30 29 30 886
23 24 24 24 685
20 19 19 18 525
16 16 16 16 428
28 26 26 27 781
21 21 22 21 597
17 18 18 19 496
30 31 31 31 916
14 14 16 14 370
17 18 18 17 478
32 33 33 34 991
4 3 4 3 10
32 31 31 31 930
18 17 17 17 468
14 15 15 14 379
34 33 33 32 987
28 30 30 28 858
24 23 24 23 670
16 16 14 16 420
8 8 9 7 159
9 9 9 10 206
18 17 17 18 477
15 14 14 13 360
26 25 24 26 737
19 19 19 20 536
10 11 10 11 252
12 12 11 13 301
5 6 7 5 86
34 33 34 33 1000
33 33 31 33 981
6 5 5 6 81
21 21 21 20 584
13 13 14 13 333
11 11 13 11 271
15 15 15 15 395
4 4 5 4 36
20 19 19 18 525
25 24 25 25 712
11 13 13 11 297
19 18 18 19 510
8 9 8 8 177
10 11 12 11 260
5 5 5 3 47
20 20 22 20 568
18 20 20 18 528
25 25 24 25 721
18 17 16 18 473
5 3 3 4 22
32 33 32 33 978
31 32 33 31 944
25 24 24 24 699
18 18 20 18 502
9 9 10 9 201
8 8 9 8 168
23 22 21 23 638
10 11 10 11 252
16 16 17 16 432
25 23 23 25 691
27 26 27 27 778
31 30 30 30 897
4 4 3 4 28
11 13 13 13 315
14 15 14 15 384
11 11 11 9 245
9 10 11 10 227
19 17 17 17 475
20 19 18 19 530
22 21 21 22 609
17 15 16 16 422
3 3 3 4 8
26 25 26 26 745
19 17 18 18 488
30 29 28 29 860
22 22 23 22 630
17 17 17 19 479
23 24 23 23 672
12 12 12 14 314
9 9 10 9 201
9 10 11 10 227
10 11 10 10 243
16 17 18 17 458
17 16 16 15 426
8 6 6 6 112
10 10 9 11 235
10 10 9 10 226
24 26 26 24 726
11 13 13 12 306
29 31 31 31 909
11 11 11 12 272
9 10 9 9 210
16 16 14 16 420
31 31 32 31 927
33 32 32 32 963
25 27 26 26 764
29 28 27 28 827
17 18 18 18 487
21 20 20 20 567
31 33 33 31 957
5 5 7 5 73
24 23 23 22 657
17 18 18 19 496
32 32 31 33 961
16 18 18 18 480
16 16 16 16 428
27 26 25 27 770
10 9 9 9 204
5 6 6 5 82
18 19 20 18 515
33 33 33 32 980
32 33 33 32 973
32 30 30 30 904
23 23 23 21 641
25 25 26 25 729
19 19 20 19 531
31 29 29 31 889
19 18 18 19 510
17 18 17 18 483
31 32 32 33 958
28 30 30 28 858
22 23 22 22 639
27 27 27 27 791
25 25 23 25 717
20 21 21 21 586
26 26 25 27 763
15 13 14 14 356
29 29 31 29 865
17 17 17 15 443
32 31 31 31 930
16 15 15 14 393
8 9 8 8 177
9 9 9 7 179
11 12 11 12 285
14 15 16 14 383
20 20 20 22 578
17 18 18 17 478
27 29 29 28 834
33 33 35 33 997
6 7 6 6 111
24 23 22 24 671
32 31 31 30 921
3 4 4 5 34
26 26 26 25 749
26 26 26 26 758
4 3 4 3 10
12 13 12 13 318
29 29 29 29 857
11 9 9 11 229
18 18 18 20 512
31 31 31 30 914
7 7 5 7 123
27 28 29 28 821
4 4 5 4 36
14 16 16 14 396
28 30 30 30 876
10 8 8 9 187
27 26 25 26 761
13 11 11 13 295
17 17 17 17 461
29 29 29 28 848
9 11 11 10 240
23 22 23 23 646
24 23 22 24 671
30 30 30 29 881
32 32 32 33 965
8 10 9 9 203
8 9 8 8 177
12 13 12 12 309
23 24 25 24 689
23 25 24 24 698
7 6 5 6 101
12 12 11 13 301
17 19 19 19 513
25 24 23 25 704
27 27 28 26 786
29 29 29 29 857
12 12 11 12 292
9 8 8 9 180
14 13 14 13 340
28 29 29 30 859
27 26 25 27 770
17 15 15 17 427
22 24 24 24 678
25 25 25 27 743
26 26 27 25 753
15 14 14 13 360
21 21 21 21 593
4 5 4 5 54
8 9 9 10 199
23 23 21 23 651
9 7 8 8 158
9 9 11 9 205
27 26 25 27 770
8 7 8 7 142
20 19 20 19 538
17 17 17 15 443
13 13 13 11 311
21 21 21 23 611
15 13 13 13 343
27 25 25 26 748
22 22 23 22 630
30 30 29 30 886
32 32 32 30 938
32 31 32 32 943
3 3 4 3 3
5 4 3 5 44
10 11 10 10 243
30 30 31 29 885
16 15 14 16 407
19 19 19 19 527
7 8 8 8 157
16 17 18 16 449
32 33 34 33 986
18 20 19 19 533
25 25 26 24 720
27 26 26 25 756
17 17 18 17 465
28 26 26 27 781
23 22 22 23 642
19 20 21 19 548
23 24 25 24 689
7 6 6 5 96
22 22 23 21 621
10 10 10 9 221
28 26 26 26 772
14 14 14 13 353
17 17 19 17 469
32 33 33 33 982
15 14 15 14 373
18 19 18 19 516
20 19 20 19 538
3 4 3 3 12
32 32 32 31 947
7 6 5 7 110
31 30 30 30 897
10 8 8 10 196
30 29 29 29 864
6 5 6 6 85
8 8 6 8 156
3 5 5 4 42
23 25 25 23 693
18 18 18 17 485
8 7 8 8 151
13 12 11 12 299
14 14 16 14 370
11 10 10 10 237
25 23 23 23 673
24 22 22 22 640
23 23 23 24 668
11 11 11 13 281
3 5 5 4 42
19 19 20 18 522
34 33 34 33 1000
25 24 25 24 703
4 5 5 4 49
5 3 3 3 13
23 22 21 23 638
5 4 3 4 35
5 3 3 5 31
28 26 26 28 790
27 27 27 26 782
33 31 32 32 950
4 3 4 3 10
9 10 9 10 219
22 22 22 23 635
30 31 31 31 916
14 15 15 15 388
33 32 31 33 968
21 22 21 22 615
22 23 23 24 661
3 3 3 4 8
27 27 27 26 782
13 15 15 14 372
28 28 26 28 816
31 30 30 29 888
21 23 23 21 627
17 17 15 17 453
16 16 16 14 410
10 11 12 10 251
7 9 9 8 174
23 24 25 23 680
11 10 10 9 228
11 10 11 10 241
28 27 27 26 789
21 22 22 23 628
3 4 3 3 12
12 12 11 12 292
7 7 5 7 123
25 26 26 25 742
7 7 7 5 113
4 4 5 4 36
15 14 14 14 369
21 22 23 22 623
25 25 24 26 730
31 33 33 31 957
13 14 15 14 359
13 14 13 14 351
29 30 30 30 883
4 3 3 3 6
18 19 18 19 516
20 20 21 20 564
14 12 12 12 310
22 24 24 22 660
16 17 17 16 445
10 12 12 11 273
27 26 25 26 761
17 18 17 17 474
5 4 4 3 30
14 15 16 14 383
21 22 21 21 606
14 14 16 14 370
33 33 33 31 971
20 21 22 21 590
18 17 17 18 477
21 19 19 21 559
15 14 14 15 378
4 6 6 4 66
27 28 27 27 804
26 28 28 27 801
6 6 6 8 116
21 21 22 20 588
11 13 13 12 306
16 14 14 14 376
9 8 7 9 176
10 12 12 11 273
6 6 6 5 89
22 21 20 21 596
16 17 17 18 463
17 16 16 17 444
5 4 3 4 35
19 19 21 19 535
31 29 29 31 889
21 22 23 22 623
6 6 6 6 98
6 6 6 4 80
20 22 21 21 599
20 20 19 20 556
7 9 9 9 183
29 31 31 30 900
27 28 28 28 817
19 20 19 20 549
17 16 17 16 439
20 20 20 19 551
7 5 5 7 97
14 15 16 14 383
28 29 29 28 841
27 27 25 27 783
8 8 8 8 164
6 6 5 6 94
8 8 6 8 156
25 27 27 25 759
18 17 17 16 459
14 13 14 14 349
18 18 18 18 494
32 33 32 33 978
16 16 16 15 419
8 7 8 7 142
9 8 8 7 162
24 23 22 24 671
7 7 7 8 140
30 32 32 32 942
22 21 22 22 613
22 22 22 21 617
27 26 25 27 770
17 17 17 18 470
8 6 6 6 112
23 21 22 22 620
13 14 14 15 364
32 31 32 32 943
24 24 26 24 700
31 32 32 33 958
32 32 33 32 960
9 10 10 10 223
32 32 32 33 965
16 16 16 18 446
