100 23057
21 21 22 21 597
11 10 10 10 237
31 30 31 31 910
18 18 18 18 494
8 8 8 10 182
20 19 19 19 534
11 10 10 10 237
25 25 25 23 707
18 16 16 17 451
34 32 33 33 983
14 13 12 14 341
14 15 15 15 388
15 15 15 17 413
16 17 18 17 458
26 25 26 26 745
8 7 6 8 143
13 12 11 12 299
14 13 12 14 341
16 18 18 18 480
22 24 24 24 678
8 9 10 9 194
24 24 24 23 683
17 15 15 17 427
8 9 10 8 185
4 6 6 4 66
8 10 9 9 203
12 10 10 11 253
32 31 30 31 926
19 21 20 20 566
6 5 4 5 68
18 16 16 17 451
29 29 30 28 852
6 5 6 6 85
8 7 7 6 129
19 19 19 19 527
31 32 32 33 958
17 19 19 18 504
18 19 18 18 507
25 24 23 25 704
5 6 6 7 100
27 26 27 27 778
18 17 16 18 473
29 29 29 28 848
25 27 26 26 764
4 5 6 5 62
11 10 10 10 237
5 6 6 7 100
26 25 25 25 732
28 27 28 27 802
21 21 20 22 598
2 3 3 4 1
21 21 20 21 589
7 8 8 9 166
23 24 24 24 685
21 23 22 22 632
28 28 28 28 824
20 21 22 21 590
10 10 9 10 226
30 28 29 29 851
4 4 5 3 27
22 24 24 22 660
22 20 20 21 583
8 9 10 9 194
31 29 29 29 871
14 15 15 15 388
9 9 9 8 188
2 3 3 4 1
24 24 24 26 710
22 22 22 22 626
28 29 30 29 854
9 11 11 11 249
10 10 10 11 239
32 33 34 33 986
21 20 19 20 563
12 10 10 11 253
32 33 34 33 986
30 30 28 30 882
4 5 4 5 54
5 6 6 5 82
5 3 4 4 26
10 10 10 8 212
2 4 4 4 18
5 4 3 4 35
9 10 9 9 210
17 16 16 17 444
19 20 21 20 557
15 14 15 15 382
5 3 3 3 13
15 17 17 16 438
27 25 25 26 748
7 7 7 5 113
22 22 22 22 626
25 23 24 24 686
16 14 15 15 389
10 11 10 10 243
3 4 4 3 16
4 6 6 4 66
26 26 28 26 766
24 26 26 24 726
29 30 29 30 879
