50 7083
31 30 30 29 888
24 22 22 22 640
25 24 25 24 703
8 8 7 9 169
19 18 18 19 510
8 10 10 8 198
7 5 5 6 88
19 19 19 20 536
10 12 12 12 282
23 24 25 24 689
33 33 35 33 997
6 4 4 6 64
28 30 29 29 863
25 25 25 25 725
28 28 28 29 833
23 23 25 23 667
24 23 24 24 679
16 15 14 16 407
24 26 26 25 735
25 27 26 26 764
15 16 17 15 416
8 10 10 8 198
32 34 33 33 995
14 15 15 16 397
5 4 3 5 44
11 10 10 10 237
12 12 13 11 291
5 6 6 6 91
29 29 27 29 849
18 18 19 18 498
28 30 30 28 858
13 14 14 14 355
23 23 25 23 667
26 26 25 26 754
16 17 18 17 458
27 29 29 28 834
15 16 15 16 417
13 15 15 15 381
16 18 18 16 462
20 20 21 20 564
12 12 13 11 291
21 21 21 20 584
5 5 6 5 69
12 12 13 12 300
14 15 15 15 388
9 9 9 8 188
8 8 9 8 168
16 14 15 15 389
30 29 29 28 855
4 3 4 4 19
