100 22599
10 11 10 10 243
10 10 8 10 222
16 16 16 16 428
5 6 5 6 87
6 4 5 5 59
13 15 15 15 381
11 9 9 10 220
11 9 9 11 229
24 23 22 24 671
28 29 28 28 837
17 17 16 17 457
23 23 24 22 654
29 28 27 28 827
8 9 9 9 190
16 17 18 16 449
15 15 15 15 395
12 12 11 12 292
20 21 21 21 586
29 29 31 29 865
4 4 3 5 37
14 14 13 15 367
21 22 23 21 614
34 32 32 32 970
4 4 2 4 24
30 30 30 32 908
23 23 21 23 651
33 33 33 31 971
24 24 24 26 710
21 21 21 20 584
18 17 18 17 472
18 19 20 19 524
17 18 17 18 483
19 20 21 19 548
22 22 21 22 622
11 13 13 13 315
13 15 15 15 381
17 18 19 18 491
24 23 23 22 657
13 11 11 13 295
17 17 15 17 453
34 33 34 33 1000
23 21 21 21 607
9 7 7 9 163
16 14 14 16 394
8 8 9 8 168
8 8 8 9 173
32 31 32 32 943
26 25 24 26 737
34 32 32 32 970
30 31 31 31 916
14 16 16 15 405
24 23 23 22 657
18 17 17 16 459
4 4 4 2 14
3 3 5 3 7
10 12 11 11 269
10 11 10 10 243
23 21 21 23 625
12 12 11 12 292
8 6 6 8 130
19 17 17 17 475
10 8 8 9 187
7 6 6 7 114
6 7 8 6 119
12 13 13 14 331
17 15 15 17 427
16 16 14 16 420
25 27 27 25 759
21 19 19 20 550
25 27 27 25 759
24 24 26 24 700
30 30 28 30 882
25 24 24 23 690
18 18 19 18 498
14 13 14 14 349
26 28 27 27 797
29 28 28 28 831
30 31 31 30 907
11 12 11 12 285
11 12 13 11 284
14 13 14 14 349
23 24 23 23 672
27 29 29 28 834
15 15 13 15 387
16 16 16 14 410
34 32 32 33 979
28 28 28 30 842
13 12 12 11 294
26 24 24 24 706
28 29 30 28 845
11 11 12 11 267
15 15 17 15 403
28 28 28 27 815
28 28 29 27 819
28 28 28 26 806
6 7 7 6 115
26 26 26 24 740
12 13 13 13 322
25 24 25 25 712
29 28 27 29 836
