500 149080
12 10 10 10 244
6 8 8 6 132
4 6 5 5 71
18 17 17 16 459
7 9 9 8 174
25 25 26 24 720
22 22 23 22 630
6 7 8 6 119
12 14 14 13 339
4 4 4 3 23
18 18 18 16 476
27 27 28 26 786
31 32 32 32 949
14 15 14 14 375
6 7 7 6 115
34 33 33 32 987
18 18 18 19 503
7 8 9 7 152
27 27 28 26 786
22 23 24 23 656
25 27 26 26 764
10 11 11 10 247
15 16 16 16 421
11 10 9 11 242
21 22 21 22 615
15 13 13 13 343
32 32 32 34 974
24 24 25 24 696
11 11 12 11 267
31 30 30 30 897
31 32 31 32 945
18 19 18 18 507
17 19 19 18 504
28 28 27 28 820
18 17 17 18 477
20 20 21 20 564
12 11 12 11 274
15 17 17 15 429
20 19 20 19 538
6 5 5 5 72
7 7 8 6 126
27 27 26 28 796
29 29 29 27 839
18 17 17 16 459
6 8 7 7 137
19 19 18 19 523
6 5 4 5 68
19 17 17 17 475
5 4 5 4 43
26 24 24 24 706
29 29 28 29 853
14 14 13 14 358
15 15 15 15 395
21 22 22 22 619
23 23 22 23 655
17 15 15 17 427
26 24 25 25 719
21 20 19 20 563
28 28 28 29 833
13 12 11 12 299
9 10 10 9 214
32 31 31 32 939
28 29 28 29 846
18 18 18 19 503
4 3 4 3 10
33 33 33 31 971
4 6 6 4 66
16 15 14 16 407
16 18 18 18 480
14 13 13 12 327
3 3 3 5 17
4 5 5 4 49
13 14 14 15 364
15 16 17 16 425
4 4 4 3 23
27 27 28 26 786
8 9 8 8 177
7 7 6 7 127
27 28 27 28 813
10 10 11 9 225
24 26 26 25 735
12 13 12 13 318
11 11 13 11 271
3 4 5 4 29
6 7 8 6 119
19 20 20 19 544
17 16 15 16 431
24 22 23 23 653
26 27 28 26 779
7 5 5 6 88
21 21 19 21 585
7 6 7 6 109
31 32 33 31 944
9 10 10 10 223
9 9 9 9 197
7 5 6 6 92
29 29 29 30 866
27 26 26 26 765
23 23 23 21 641
19 18 18 18 501
18 20 20 19 537
24 23 23 24 675
34 33 33 33 996
19 18 17 19 506
33 31 31 31 937
5 6 7 5 86
15 14 14 13 360
6 5 5 6 81
29 30 29 30 879
5 5 3 5 57
28 28 28 26 806
26 25 25 25 732
29 29 31 29 865
15 14 13 14 365
23 24 25 24 689
26 26 28 26 766
9 9 9 7 179
16 15 15 16 411
31 31 30 31 919
14 15 15 16 397
27 29 29 29 843
17 18 18 17 478
16 15 15 15 402
18 18 18 16 476
5 6 7 5 86
25 26 27 26 755
3 3 2 4 4
8 7 8 7 142
17 18 17 18 483
21 20 21 20 571
10 10 9 11 235
20 20 20 18 542
23 23 24 23 663
15 13 13 13 343
12 12 10 12 288
20 19 19 19 534
30 31 32 30 911
19 19 19 21 545
21 23 23 22 636
4 4 3 4 28
14 14 14 13 353
24 25 26 25 722
21 20 20 20 567
5 5 4 5 61
18 18 19 18 498
8 10 10 10 216
25 26 26 25 742
10 9 10 9 208
15 16 15 15 408
31 29 30 30 884
11 10 11 11 250
10 8 8 10 196
16 16 15 16 424
30 32 31 31 929
12 11 11 11 270
29 28 29 28 835
27 27 27 27 791
32 31 32 31 934
28 29 29 30 859
24 24 24 23 683
27 29 28 28 830
28 30 30 30 876
25 27 27 27 777
10 12 12 10 264
13 15 14 14 368
28 27 27 27 798
17 17 17 18 470
23 21 21 22 616
10 10 10 10 230
4 3 4 3 10
16 16 16 15 419
26 25 26 25 736
17 18 17 17 474
22 22 23 22 630
22 22 22 23 635
22 21 21 20 591
12 11 11 12 279
21 20 21 21 580
4 5 6 4 53
23 23 23 22 650
10 11 11 11 256
13 12 12 11 294
7 9 9 7 165
29 27 27 27 805
30 31 30 30 903
24 25 24 25 714
14 13 14 13 340
15 16 16 15 412
25 25 24 26 730
24 23 24 23 670
23 24 25 24 689
11 11 11 13 281
24 24 23 25 697
8 10 9 9 203
23 25 25 25 711
16 15 15 15 402
14 12 12 13 319
26 26 26 25 749
19 18 19 19 514
4 4 4 6 50
27 27 25 27 783
13 12 12 13 312
26 27 27 26 775
26 24 24 26 724
15 17 17 17 447
5 6 6 6 91
7 7 7 7 131
30 31 32 31 920
21 21 21 23 611
25 25 25 27 743
12 12 12 10 278
7 7 7 7 131
29 29 29 27 839
24 26 26 26 744
18 19 19 18 511
19 18 19 19 514
17 15 16 16 422
23 24 24 24 685
9 9 8 9 193
13 13 14 12 324
26 24 24 26 724
33 32 31 33 968
31 33 32 32 962
6 6 6 4 80
6 5 4 5 68
28 27 28 28 811
6 6 6 4 80
23 22 22 21 624
28 29 29 30 859
17 17 18 16 456
20 19 20 19 538
5 6 6 6 91
30 30 30 31 899
32 31 31 31 930
17 19 19 17 495
31 33 33 31 957
4 6 6 6 84
30 31 32 31 920
8 10 10 9 207
18 18 19 18 498
6 4 4 4 46
11 11 10 12 268
28 28 27 29 829
10 10 10 8 212
15 15 15 13 377
15 14 14 14 369
5 4 3 4 35
30 30 32 30 898
8 8 7 8 160
13 14 14 14 355
24 24 25 23 687
29 28 27 28 827
11 11 10 11 259
25 25 24 25 721
9 9 9 7 179
11 12 12 13 298
6 6 5 7 103
3 5 5 5 51
18 17 16 18 473
20 22 21 21 599
7 7 7 6 122
2 3 3 4 1
27 29 29 27 825
11 9 9 11 229
23 24 24 25 694
26 27 28 27 788
34 32 32 34 988
8 8 7 8 160
31 31 32 30 918
5 5 5 7 83
29 31 30 30 896
12 12 13 11 291
12 13 12 13 318
27 25 25 27 757
8 8 8 9 173
18 17 18 18 481
22 21 21 22 609
29 27 27 27 805
34 33 33 33 996
18 18 19 17 489
16 18 18 18 480
32 30 30 32 922
23 21 21 23 625
11 9 9 11 229
17 18 18 17 478
25 27 27 25 759
7 7 7 9 149
27 29 28 28 830
29 28 28 29 840
20 21 22 21 590
30 29 30 29 868
25 26 25 25 738
4 3 2 3 2
5 4 4 5 48
17 16 16 17 444
15 17 17 15 429
19 18 18 18 501
15 13 13 13 343
9 9 8 9 193
21 23 23 21 627
8 10 10 10 216
28 28 27 29 829
8 8 7 9 169
4 3 2 3 2
22 23 23 24 661
17 16 16 15 426
9 9 9 11 215
16 17 16 17 450
27 28 28 29 826
22 22 22 24 644
20 19 19 19 534
14 14 15 14 366
3 5 5 3 33
21 22 23 21 614
17 19 19 17 495
23 23 23 21 641
18 20 20 20 546
9 8 9 8 175
30 29 29 28 855
21 21 21 20 584
3 3 2 4 4
32 32 32 32 956
6 8 8 6 132
32 32 31 33 961
29 27 27 28 814
23 23 25 23 667
20 21 20 20 573
23 23 23 24 668
7 8 8 8 157
33 33 35 33 997
18 17 18 17 472
29 28 28 28 831
10 10 9 10 226
5 6 5 5 78
24 24 24 25 701
14 14 15 14 366
12 11 10 11 266
14 13 12 14 341
30 32 32 31 933
31 31 33 31 931
27 28 27 28 813
4 3 4 3 10
34 33 34 33 1000
20 18 18 19 517
5 7 6 6 104
23 25 25 23 693
25 25 25 25 725
29 30 30 30 883
27 25 26 26 752
27 26 26 26 765
19 19 18 20 532
31 29 29 31 889
31 31 33 31 931
22 20 21 21 587
11 9 9 11 229
11 11 11 11 263
14 12 12 14 328
15 16 17 15 416
24 22 22 24 658
31 33 33 33 975
6 7 8 7 128
17 16 15 16 431
7 7 7 7 131
6 6 7 5 93
25 24 23 24 695
32 31 31 31 930
19 19 19 21 545
13 14 15 14 359
18 17 18 17 472
20 18 18 19 517
21 22 21 21 606
16 16 16 14 410
8 9 9 9 190
24 24 24 26 710
33 33 33 34 998
28 28 28 29 833
32 31 32 32 943
15 15 14 16 400
14 13 14 14 349
27 26 26 25 756
10 10 11 9 225
6 6 6 6 98
9 8 7 8 167
19 17 17 17 475
21 21 19 21 585
28 27 27 28 807
32 33 32 33 978
32 33 33 32 973
26 26 25 27 763
27 28 29 28 821
16 16 14 16 420
18 17 17 17 468
16 16 17 16 432
16 16 15 17 433
21 20 20 19 558
14 14 16 14 370
11 10 11 11 250
24 22 22 23 649
31 31 31 33 941
17 16 16 17 444
5 4 3 5 44
28 27 26 27 794
10 10 10 10 230
3 4 4 4 25
19 19 19 20 536
11 9 9 10 220
33 32 31 33 968
10 9 9 8 195
11 11 11 9 245
7 7 6 7 127
32 31 30 31 926
32 34 34 33 999
23 23 23 23 659
20 22 21 21 599
31 31 31 32 932
31 31 30 32 928
28 28 30 28 832
9 7 7 7 145
3 4 5 3 20
15 17 17 15 429
28 26 26 28 790
6 7 7 8 133
22 21 20 21 596
16 17 17 18 463
9 7 8 8 158
9 8 9 9 184
10 10 10 11 239
29 31 31 30 900
25 24 25 24 703
29 29 31 29 865
8 9 9 10 199
26 24 24 24 706
9 10 11 9 218
13 15 15 15 381
30 30 30 30 890
17 16 16 17 444
23 23 23 21 641
20 22 22 21 603
24 23 23 24 675
6 6 5 7 103
24 24 24 26 710
25 25 25 24 716
26 24 24 26 724
20 18 18 18 508
26 26 26 25 749
24 23 23 22 657
30 29 30 29 868
17 16 17 16 439
24 24 24 23 683
24 24 26 24 700
19 18 19 19 514
14 13 13 14 345
14 15 14 15 384
20 20 20 21 569
11 9 9 11 229
14 14 15 14 366
23 22 21 22 629
11 9 9 11 229
14 12 12 13 319
30 30 30 31 899
33 33 33 31 971
19 17 17 17 475
24 23 23 24 675
15 17 17 16 438
27 27 27 25 773
3 4 5 4 29
17 16 17 16 439
13 11 11 11 277
32 32 33 31 951
11 11 10 12 268
13 13 15 13 337
19 19 18 19 523
15 15 15 14 386
20 20 20 22 578
4 4 5 3 27
28 27 26 28 803
32 32 33 32 960
22 21 20 21 596
33 32 32 32 963
25 27 26 26 764
3 3 5 3 7
24 22 22 22 640
5 5 5 4 56
16 16 16 15 419
29 30 31 30 887
15 16 16 17 430
9 10 10 9 214
11 11 12 10 258
8 10 9 9 203
13 13 12 14 334
11 13 13 13 315
32 30 30 31 913
31 29 29 30 880
31 32 31 32 945
6 5 4 5 68
24 26 26 25 735
13 13 13 11 311
11 10 9 11 242
14 15 15 15 388
18 17 18 18 481
