50 10289
18 18 17 19 499
30 31 31 32 925
21 21 22 21 597
27 27 27 25 773
6 7 8 7 128
11 11 11 12 272
17 17 16 18 466
9 9 10 9 201
25 24 24 24 699
30 30 29 30 886
20 19 20 19 538
21 21 23 21 601
13 13 15 13 337
34 33 33 33 996
17 16 16 17 444
8 7 6 8 143
8 9 9 8 181
9 8 8 9 180
17 19 18 18 500
32 33 32 32 969
15 17 17 15 429
8 10 9 9 203
28 28 27 28 820
17 15 15 17 427
26 28 28 27 801
23 21 22 22 620
18 17 17 16 459
28 27 27 26 789
17 18 18 19 496
4 4 4 3 23
16 15 14 15 398
32 31 32 32 943
28 27 28 27 802
24 23 22 24 671
22 21 21 20 591
18 19 18 18 507
18 18 19 17 489
17 17 19 17 469
11 11 10 11 259
18 19 18 19 516
20 18 18 19 517
25 27 27 25 759
9 9 9 7 179
27 27 27 25 773
31 31 30 32 928
33 33 33 33 989
26 26 24 26 750
26 25 25 24 723
17 15 16 16 422
25 23 23 25 691
