100 33268
20 20 18 20 552
20 21 21 22 595
19 19 18 19 523
30 30 29 31 895
28 26 27 27 785
14 14 14 12 344
33 33 34 32 984
28 28 27 29 829
21 21 22 20 588
10 8 8 10 196
28 26 26 27 781
18 17 18 17 472
8 8 8 7 155
10 10 10 9 221
26 27 26 26 771
15 14 15 14 373
15 13 13 13 343
19 19 18 20 532
19 17 17 18 484
29 27 27 28 814
10 12 12 12 282
24 26 26 25 735
9 9 9 10 206
6 4 4 6 64
19 17 17 17 475
34 33 33 32 987
13 12 12 11 294
6 7 7 6 115
27 27 26 27 787
22 20 20 22 592
4 3 4 3 10
11 9 10 10 224
27 27 27 25 773
31 30 31 31 910
12 11 12 11 274
14 12 12 13 319
24 24 24 23 683
32 33 33 32 973
12 12 11 13 301
34 32 33 33 983
21 20 19 21 572
4 4 2 4 24
15 14 14 13 360
30 30 28 30 882
30 32 32 30 924
23 22 22 23 642
16 16 16 16 428
15 14 14 14 369
32 31 32 31 934
7 7 7 8 140
12 12 11 13 301
29 28 28 29 840
23 24 23 24 681
7 7 7 6 122
17 17 18 17 465
6 6 7 5 93
31 29 29 29 871
30 29 28 30 869
29 28 28 29 840
17 18 17 18 483
23 22 22 23 642
4 4 4 4 32
20 18 18 19 517
29 29 27 29 849
23 24 24 23 676
15 13 14 14 356
15 16 17 16 425
10 10 11 9 225
28 28 26 28 816
11 9 9 10 220
9 7 7 7 145
27 27 27 27 791
24 23 22 24 671
3 4 3 3 12
11 11 12 10 258
9 11 11 10 240
20 18 19 19 521
23 24 25 23 680
18 19 19 20 529
11 11 10 11 259
16 17 18 16 449
33 33 31 33 981
30 31 30 31 912
8 8 8 7 155
33 33 34 33 993
26 26 24 26 750
7 5 5 7 97
4 4 4 2 14
30 30 30 32 908
15 13 14 14 356
33 33 35 33 997
34 33 32 33 992
21 21 21 21 593
15 15 13 15 387
12 13 12 13 318
18 19 20 19 524
10 12 12 11 273
27 26 25 27 770
30 29 28 30 869
7 9 8 8 170
