100 29831
24 24 24 22 674
6 8 8 8 150
20 18 19 19 521
33 33 33 34 998
31 33 33 31 957
30 31 32 30 911
26 28 28 27 801
5 4 3 5 44
29 29 29 28 848
12 12 10 12 288
13 11 11 11 277
27 25 25 25 739
34 32 33 33 983
6 8 7 7 137
18 18 19 17 489
25 25 26 24 720
25 27 26 26 764
30 31 31 31 916
10 11 12 10 251
11 12 12 13 298
6 8 8 6 132
21 23 23 23 645
11 12 12 13 298
9 7 7 8 154
29 28 28 28 831
21 23 23 21 627
18 19 20 18 515
30 29 30 30 877
33 33 32 33 985
21 21 21 23 611
24 22 22 22 640
33 32 32 32 963
18 18 16 18 486
12 12 12 10 278
27 27 27 27 791
5 4 4 3 30
25 25 26 24 720
8 9 8 9 186
27 28 28 29 826
20 19 20 19 538
10 9 9 9 204
16 16 16 18 446
20 21 22 21 590
3 3 3 4 8
27 29 29 27 825
20 21 22 21 590
20 19 18 19 530
33 32 32 33 972
31 32 33 32 953
19 17 18 18 488
16 15 14 16 407
13 15 15 15 381
26 25 24 25 728
30 29 29 30 873
26 27 28 27 788
16 15 14 16 407
11 9 10 10 224
4 4 5 4 36
34 32 33 33 983
4 3 2 4 11
25 27 26 26 764
15 17 17 15 429
25 25 25 23 707
8 8 7 8 160
7 9 9 8 174
27 25 25 27 757
4 3 2 3 2
12 13 13 14 331
9 7 7 7 145
23 23 23 21 641
8 7 6 7 134
13 15 14 14 368
24 23 23 23 666
15 16 15 16 417
28 30 30 30 876
26 28 27 27 797
15 13 13 14 352
23 23 25 23 667
28 27 26 28 803
15 16 15 16 417
12 10 10 10 244
17 16 17 17 448
22 21 21 20 591
4 4 4 3 23
11 13 13 11 297
32 31 32 31 934
22 22 20 22 618
13 13 13 11 311
32 31 31 32 939
12 11 12 12 283
25 24 23 25 704
29 28 28 27 822
14 14 14 15 371
6 4 4 6 64
26 27 28 26 779
26 27 27 26 775
22 22 22 22 626
30 29 29 28 855
28 27 28 28 811
29 29 29 30 866
