750 206542
13 15 15 15 381
10 12 11 11 269
8 8 8 6 146
23 25 25 23 693
20 20 21 20 564
11 12 12 11 280
8 8 9 7 159
17 17 18 17 465
4 4 5 4 36
13 12 12 12 303
18 17 16 17 464
15 14 14 13 360
7 7 6 8 136
22 24 24 24 678
23 22 23 22 637
18 17 17 17 468
9 8 7 8 167
13 13 15 13 337
6 5 4 5 68
23 22 21 23 638
21 19 19 20 550
25 26 25 26 747
17 17 18 17 465
30 31 32 31 920
9 7 7 7 145
27 28 27 28 813
7 8 9 7 152
31 29 29 29 871
31 31 30 31 919
7 6 6 5 96
26 27 27 28 793
23 22 21 23 638
33 32 32 31 954
18 17 17 18 477
32 34 33 33 995
9 8 7 8 167
23 25 25 25 711
16 17 17 18 463
31 30 30 31 906
24 24 23 25 697
28 29 28 28 837
20 20 20 21 569
28 28 27 28 820
16 16 15 17 433
15 15 15 17 413
18 17 17 16 459
31 32 31 31 936
30 31 31 30 907
12 13 13 14 331
31 31 30 31 919
17 15 15 17 427
33 32 32 32 963
13 13 13 12 320
33 33 33 33 989
19 19 20 18 522
27 26 26 25 756
15 14 13 14 365
2 3 3 4 1
33 31 32 32 950
6 6 6 4 80
10 9 9 8 195
17 17 17 16 452
21 21 20 22 598
25 25 25 25 725
5 6 5 6 87
9 9 9 9 197
23 24 23 23 672
12 14 14 12 330
5 3 3 3 13
24 23 22 24 671
14 15 15 16 397
6 8 8 8 150
30 28 28 29 847
17 17 17 15 443
22 22 23 21 621
31 30 29 30 893
19 20 20 21 562
26 25 25 24 723
10 10 10 11 239
32 33 32 33 978
26 28 27 27 797
4 4 5 4 36
19 19 18 20 532
33 32 32 31 954
20 20 21 20 564
14 14 14 15 371
33 32 31 32 959
30 30 30 32 908
31 31 30 32 928
30 30 30 31 899
21 23 23 22 636
21 22 21 22 615
21 21 22 21 597
8 8 9 8 168
17 17 17 16 452
4 4 2 4 24
18 18 18 18 494
26 24 24 25 715
19 20 21 20 557
7 7 8 6 126
17 19 19 18 504
11 9 10 10 224
19 20 21 19 548
12 13 13 13 322
32 32 32 33 965
19 20 20 21 562
20 19 19 19 534
20 20 21 19 555
20 20 21 19 555
8 7 8 8 151
8 9 9 9 190
24 23 24 24 679
31 31 31 29 905
24 24 24 24 692
14 14 13 15 367
27 28 27 27 804
22 22 22 20 608
12 11 11 10 261
16 14 14 14 376
7 7 6 8 136
27 28 27 27 804
24 24 25 23 687
24 22 22 22 640
28 28 28 28 824
20 20 21 20 564
22 21 20 21 596
13 14 14 14 355
7 8 8 7 148
9 9 8 9 193
8 8 8 10 182
29 29 31 29 865
19 19 21 19 535
29 30 31 30 887
31 32 31 32 945
14 13 13 12 327
6 6 7 6 102
3 4 5 4 29
25 25 23 25 717
5 4 4 3 30
6 4 5 5 59
25 24 24 24 699
26 26 24 26 750
18 18 18 16 476
20 19 20 19 538
14 13 12 13 332
24 26 26 24 726
25 26 26 25 742
20 20 21 20 564
15 15 13 15 387
18 18 17 18 490
10 9 8 9 200
13 13 12 14 334
15 15 15 13 377
31 30 31 30 901
18 19 20 18 515
5 7 7 5 99
20 20 18 20 552
30 32 32 32 942
17 16 16 15 426
24 24 24 26 710
21 22 22 23 628
29 28 28 29 840
17 18 18 17 478
17 18 19 18 491
30 32 32 32 942
20 21 21 22 595
2 3 3 4 1
24 25 26 25 722
5 5 5 7 83
14 12 12 14 328
28 30 30 29 867
16 16 15 17 433
23 23 23 25 677
12 12 11 13 301
14 15 15 16 397
26 26 26 25 749
21 22 21 22 615
23 21 21 21 607
6 4 5 5 59
7 7 5 7 123
11 10 11 10 241
30 28 28 28 838
18 19 18 19 516
30 31 31 32 925
9 10 10 9 214
11 10 10 10 237
28 27 27 28 807
23 24 23 23 672
14 12 12 13 319
33 32 31 32 959
29 30 31 30 887
18 20 20 19 537
30 31 32 30 911
30 29 29 30 873
7 7 6 8 136
8 8 8 10 182
13 15 15 13 363
17 15 15 16 418
33 33 33 32 980
23 25 24 24 698
13 13 15 13 337
13 12 11 13 308
11 12 11 12 285
10 10 10 9 221
23 24 25 23 680
27 28 28 29 826
6 4 4 4 46
18 18 17 19 499
29 28 29 29 844
23 23 23 24 668
26 26 26 25 749
29 30 29 30 879
17 17 16 17 457
10 11 11 10 247
6 6 5 7 103
20 20 19 21 565
26 25 24 26 737
17 18 18 18 487
19 19 19 21 545
4 4 5 4 36
18 19 20 19 524
21 20 21 21 580
9 8 9 9 184
32 30 30 32 922
11 10 11 11 250
20 22 22 21 603
18 16 16 17 451
19 19 19 20 536
23 23 23 24 668
22 21 20 21 596
23 23 24 22 654
31 32 32 33 958
22 22 24 22 634
20 19 19 19 534
9 9 10 9 201
33 31 31 32 946
5 4 3 4 35
15 16 17 16 425
16 15 15 14 393
3 5 5 3 33
19 18 18 17 492
6 6 8 6 106
8 7 7 7 138
6 8 8 7 141
13 14 14 14 355
26 27 28 26 779
14 14 14 16 380
32 30 31 31 917
11 13 12 12 302
15 13 13 13 343
5 6 7 6 95
15 14 14 14 369
24 23 22 23 662
33 33 33 34 998
23 24 24 24 685
5 4 5 4 43
13 11 11 12 286
22 22 22 23 635
27 25 25 27 757
23 23 24 23 663
14 12 12 13 319
5 6 6 5 82
14 14 14 13 353
19 19 20 19 531
16 14 14 16 394
27 26 25 27 770
15 14 14 15 378
30 29 30 29 868
22 22 23 22 630
7 7 5 7 123
31 31 33 31 931
24 23 23 23 666
23 23 25 23 667
10 9 9 9 204
22 22 24 22 634
10 9 9 8 195
13 13 13 11 311
11 10 10 10 237
26 26 25 27 763
13 15 15 15 381
19 19 18 19 523
27 27 27 27 791
22 21 22 22 613
4 3 4 4 19
17 15 15 15 409
16 18 18 16 462
12 13 13 14 331
18 20 19 19 533
5 5 5 3 47
6 6 5 6 94
25 24 24 25 708
20 20 19 20 556
19 20 20 19 544
22 21 22 22 613
24 24 26 24 700
5 6 7 5 86
22 24 23 23 665
29 28 27 29 836
31 31 31 29 905
24 22 22 23 649
25 26 27 25 746
4 6 5 5 71
13 13 12 13 325
17 16 16 17 444
4 3 3 3 6
9 10 10 10 223
26 24 25 25 719
28 28 26 28 816
9 7 7 7 145
24 23 22 24 671
14 13 14 13 340
28 29 29 29 850
13 13 13 12 320
15 15 15 13 377
20 21 22 20 581
18 19 20 19 524
20 20 20 21 569
29 31 31 30 900
10 9 9 10 213
23 22 22 22 633
8 7 8 7 142
5 5 5 6 74
12 13 13 13 322
30 29 29 29 864
12 12 13 11 291
28 28 27 29 829
18 16 16 18 460
8 7 8 7 142
8 9 9 8 181
10 8 9 9 191
26 26 27 26 762
2 3 3 4 1
11 11 13 11 271
31 31 29 31 915
16 17 18 17 458
29 29 29 31 875
10 9 10 10 217
10 10 9 11 235
11 12 12 13 298
12 11 12 12 283
15 15 16 15 399
14 12 12 14 328
21 19 19 20 550
24 25 25 26 727
8 9 9 8 181
23 23 23 22 650
12 13 13 13 322
6 6 8 6 106
2 4 4 3 9
16 16 15 16 424
22 23 22 23 648
31 31 31 31 923
26 24 25 25 719
31 31 32 31 927
11 9 9 11 229
15 16 16 15 412
34 32 33 33 983
30 30 30 32 908
25 27 27 26 768
21 21 22 21 597
19 19 18 19 523
5 5 5 7 83
17 19 19 19 513
32 31 32 32 943
25 25 26 24 720
8 7 8 8 151
10 10 11 10 234
17 17 15 17 453
22 21 21 20 591
23 25 25 24 702
8 8 9 7 159
8 8 8 10 182
19 20 20 21 562
30 30 30 32 908
21 22 22 21 610
16 17 17 17 454
17 16 15 16 431
10 10 10 12 248
13 15 14 14 368
7 7 8 7 135
4 3 4 3 10
8 6 6 8 130
6 6 6 6 98
27 27 28 26 786
22 22 22 24 644
7 7 7 5 113
21 20 19 20 563
7 6 5 6 101
28 29 29 30 859
17 19 19 18 504
13 13 13 15 347
20 18 18 20 526
22 21 21 22 609
32 33 33 34 991
9 7 7 9 163
14 14 13 15 367
13 15 15 15 381
18 18 19 18 498
23 23 23 25 677
27 28 29 27 812
10 11 12 10 251
5 4 5 5 52
28 26 26 28 790
10 10 8 10 222
29 29 28 29 853
13 13 13 14 338
24 22 23 23 653
25 25 25 27 743
29 31 30 30 896
11 11 10 11 259
11 9 9 10 220
10 10 10 8 212
24 26 26 24 726
27 26 26 26 765
7 6 6 5 96
4 4 3 4 28
26 25 24 26 737
11 12 11 11 276
22 24 24 23 669
29 29 28 30 862
21 22 21 21 606
21 19 20 20 554
33 32 33 32 967
21 20 19 20 563
10 11 12 11 260
27 25 25 26 748
27 25 25 27 757
28 27 26 28 803
17 16 17 16 439
18 16 16 17 451
27 29 29 27 825
33 33 34 32 984
30 30 29 30 886
6 5 4 6 77
20 21 20 20 573
15 17 17 17 447
8 10 10 10 216
15 16 16 17 430
23 22 23 23 646
25 23 24 24 686
14 15 16 14 383
5 6 7 5 86
29 30 29 30 879
21 20 21 20 571
9 9 8 10 202
9 8 8 7 162
9 7 8 8 158
24 25 25 26 727
15 15 15 13 377
25 27 27 25 759
25 27 27 26 768
29 27 27 28 814
18 19 18 19 516
7 7 8 6 126
3 3 2 4 4
6 6 4 6 90
7 8 7 7 144
26 24 24 26 724
16 18 18 18 480
7 6 5 7 110
21 23 23 22 636
12 14 14 14 348
20 20 21 20 564
16 17 18 16 449
7 7 7 8 140
31 32 33 31 944
32 30 31 31 917
27 26 26 25 756
26 26 27 25 753
17 18 18 19 496
5 6 7 6 95
23 24 24 24 685
11 12 11 11 276
31 30 31 30 901
10 9 10 9 208
20 21 21 22 595
8 9 8 8 177
29 27 27 27 805
5 3 3 4 22
3 4 4 5 34
14 15 15 16 397
10 9 9 10 213
16 14 15 15 389
25 25 25 25 725
7 8 9 7 152
10 11 12 10 251
15 15 14 16 400
29 27 27 28 814
16 17 18 16 449
23 22 22 22 633
3 4 4 5 34
25 25 25 23 707
17 16 17 16 439
11 9 9 11 229
12 12 11 13 301
3 4 4 3 16
16 15 14 16 407
4 5 6 5 62
8 8 7 8 160
22 22 22 22 626
14 14 15 13 357
6 5 6 6 85
23 23 25 23 667
11 10 9 10 233
15 13 14 14 356
30 32 32 31 933
30 29 30 29 868
24 22 22 22 640
11 11 11 12 272
13 15 15 13 363
6 5 5 4 63
20 19 18 20 539
32 31 31 31 930
22 20 20 21 583
7 8 9 7 152
8 6 6 8 130
7 6 5 6 101
23 24 23 23 672
20 21 21 21 586
25 24 23 24 695
27 29 29 28 834
14 16 15 15 401
9 9 9 8 188
18 18 18 19 503
15 15 14 16 400
20 22 22 21 603
17 16 16 17 444
9 9 8 10 202
5 6 7 5 86
29 28 29 29 844
19 21 21 19 561
4 3 2 3 2
23 24 23 24 681
17 18 17 17 474
13 13 11 13 321
19 19 18 20 532
33 32 32 32 963
32 34 34 33 999
26 28 28 28 810
30 31 31 31 916
15 17 17 15 429
10 10 9 11 235
15 15 16 15 399
6 6 6 6 98
16 16 16 15 419
24 23 23 23 666
19 17 18 18 488
3 5 5 5 51
34 32 32 33 979
19 21 21 20 570
30 30 30 31 899
29 28 29 29 844
23 23 21 23 651
7 5 5 6 88
32 32 34 32 964
31 33 33 31 957
32 34 33 33 995
25 25 25 24 716
5 5 6 5 69
5 5 4 5 61
29 30 31 29 878
25 27 26 26 764
23 23 23 23 659
11 12 12 12 289
17 16 15 16 431
25 25 24 25 721
14 14 13 14 358
34 32 32 34 988
9 7 7 7 145
12 11 11 12 279
30 29 29 30 873
15 14 13 14 365
24 23 24 23 670
23 24 25 24 689
15 15 15 14 386
17 18 17 17 474
10 10 9 11 235
11 9 9 9 211
9 10 9 9 210
3 5 5 3 33
21 21 22 21 597
3 3 5 3 7
26 24 24 25 715
21 22 21 22 615
18 18 16 18 486
30 29 29 30 873
4 3 3 4 15
9 9 9 9 197
25 24 24 24 699
13 15 15 15 381
31 31 33 31 931
20 21 21 20 577
31 32 31 32 945
30 30 28 30 882
28 29 28 28 837
32 32 33 32 960
2 4 3 3 5
6 5 5 5 72
9 8 8 7 162
31 30 30 30 897
17 17 15 17 453
6 5 5 5 72
10 12 12 11 273
14 14 14 16 380
29 27 28 28 818
5 5 6 4 60
16 14 15 15 389
4 3 4 3 10
28 26 27 27 785
27 28 28 28 817
7 5 5 7 97
18 17 16 18 473
32 33 34 32 977
11 10 10 10 237
7 8 7 8 153
20 20 19 21 565
15 17 17 16 438
24 23 22 24 671
28 27 26 28 803
11 12 11 11 276
19 19 19 21 545
19 20 20 20 553
3 4 4 4 25
7 6 7 6 109
15 15 15 14 386
20 21 20 21 582
12 11 11 11 270
15 14 13 14 365
19 19 20 18 522
17 19 18 18 500
30 31 32 30 911
7 7 7 6 122
25 23 24 24 686
32 33 34 32 977
19 19 19 20 536
23 24 25 24 689
25 26 26 27 760
33 33 33 31 971
14 15 15 15 388
20 22 22 21 603
10 9 10 10 217
6 5 5 5 72
9 9 9 7 179
16 17 17 17 454
18 18 20 18 502
22 22 22 23 635
26 26 26 25 749
24 24 24 24 692
19 19 19 20 536
8 8 6 8 156
6 4 5 5 59
13 12 12 11 294
6 4 4 6 64
32 31 31 30 921
19 17 17 18 484
29 27 27 28 814
6 5 5 6 81
24 22 22 23 649
22 24 24 24 678
9 9 9 8 188
17 18 17 17 474
20 20 19 21 565
27 29 29 29 843
34 33 32 33 992
18 20 20 20 546
12 12 12 14 314
24 24 25 23 687
17 18 18 17 478
11 10 9 10 233
19 21 21 20 570
21 22 23 21 614
13 12 12 11 294
26 26 28 26 766
26 25 24 25 728
20 21 21 22 595
19 20 19 20 549
31 31 29 31 915
20 20 21 20 564
23 23 23 22 650
26 25 26 26 745
31 30 29 31 902
33 33 34 32 984
32 33 33 33 982
14 16 15 15 401
6 7 6 7 120
11 11 13 11 271
6 7 7 6 115
20 20 21 20 564
10 8 8 10 196
11 11 11 9 245
30 29 30 29 868
18 17 16 18 473
19 21 20 20 566
30 30 28 30 882
12 11 12 12 283
31 31 30 32 928
11 13 12 12 302
32 32 32 31 947
21 22 23 22 623
32 32 32 31 947
28 30 30 30 876
21 21 22 20 588
24 25 25 24 709
10 8 8 8 178
26 27 27 27 784
31 29 29 29 871
24 24 26 24 700
24 26 26 26 744
31 33 32 32 962
3 3 2 4 4
20 22 22 20 594
32 32 32 33 965
29 28 28 28 831
10 8 9 9 191
32 33 32 33 978
18 16 16 17 451
24 23 23 24 675
26 26 27 25 753
22 22 23 21 621
15 14 14 14 369
27 27 28 26 786
12 12 13 12 300
15 13 13 13 343
5 5 7 5 73
11 12 12 13 298
31 31 29 31 915
19 19 18 20 532
20 20 20 21 569
17 17 18 17 465
17 17 17 18 470
11 11 13 11 271
12 13 13 13 322
18 17 16 18 473
11 9 10 10 224
25 23 23 24 682
9 8 9 8 175
32 33 33 32 973
29 29 27 29 849
28 27 27 26 789
19 20 19 19 540
16 18 18 16 462
5 3 3 4 22
28 27 27 27 798
22 22 23 22 630
28 28 28 26 806
20 22 22 21 603
21 22 22 22 619
18 16 16 16 442
23 23 22 24 664
14 13 12 14 341
