50 12974
22 20 20 21 583
32 34 34 33 999
27 27 26 27 787
29 31 30 30 896
7 7 6 7 127
10 9 8 10 209
31 31 29 31 915
15 15 14 16 400
15 15 13 15 387
14 14 14 15 371
26 27 27 26 775
13 15 14 14 368
11 9 9 11 229
25 27 26 26 764
11 10 10 10 237
5 6 6 5 82
12 10 10 10 244
6 4 4 4 46
23 22 22 21 624
4 5 5 6 67
21 20 21 20 571
11 10 9 10 233
5 4 3 4 35
18 20 19 19 533
9 7 7 9 163
33 33 32 33 985
13 14 14 13 346
11 11 11 12 272
12 12 13 11 291
15 15 15 15 395
30 31 32 31 920
20 19 19 20 543
20 19 20 20 547
17 18 17 18 483
31 30 30 29 888
20 18 18 18 508
7 5 5 6 88
21 19 19 20 550
23 22 23 23 646
29 28 29 28 835
21 23 23 21 627
25 23 23 24 682
14 12 13 13 323
22 24 24 24 678
10 10 9 11 235
24 26 26 25 735
32 33 33 32 973
34 33 33 32 987
23 21 21 21 607
31 32 31 31 936
