100 30756
13 13 13 15 347
30 30 32 30 898
10 9 8 10 209
28 29 30 29 854
22 20 20 20 574
27 26 27 27 778
12 13 14 13 326
4 4 3 4 28
13 14 14 15 364
12 12 13 11 291
17 19 19 18 504
16 14 15 15 389
7 7 5 7 123
23 24 24 23 676
22 21 20 22 605
10 8 8 10 196
33 33 34 33 993
11 10 11 10 241
18 19 20 19 524
29 29 27 29 849
10 10 10 8 212
31 33 33 32 966
8 9 9 10 199
29 28 28 29 840
14 13 12 13 332
23 22 22 21 624
16 16 16 18 446
13 14 13 13 342
27 29 29 28 834
8 8 7 9 169
10 8 9 9 191
6 7 7 8 133
28 30 30 30 876
21 20 21 21 580
23 23 23 22 650
29 27 27 27 805
24 24 24 26 710
6 6 4 6 90
12 12 10 12 288
17 17 18 17 465
7 9 9 7 165
28 27 27 27 798
6 5 5 5 72
26 24 24 26 724
18 18 18 17 485
17 17 15 17 453
20 21 20 21 582
11 11 13 11 271
23 24 24 24 685
17 19 18 18 500
25 25 24 25 721
2 3 3 4 1
4 5 6 4 53
14 13 14 14 349
22 22 22 23 635
16 14 14 14 376
23 24 25 24 689
18 20 19 19 533
13 14 13 14 351
17 17 17 18 470
7 6 6 6 105
7 6 6 6 105
18 18 16 18 486
23 25 25 25 711
24 25 25 26 727
29 29 29 30 866
17 18 17 18 483
10 11 11 12 265
28 28 28 26 806
20 19 19 20 543
26 25 24 26 737
23 22 23 22 637
17 18 18 19 496
18 18 18 19 503
17 17 18 16 456
30 30 29 30 886
17 18 17 17 474
14 12 12 14 328
5 6 6 7 100
5 3 3 3 13
9 9 10 9 201
13 11 12 12 290
27 25 25 25 739
21 23 23 22 636
8 9 9 10 199
15 13 13 14 352
28 29 29 30 859
12 11 11 10 261
32 30 30 30 904
2 3 3 4 1
24 24 24 24 692
16 15 15 16 411
15 16 17 15 416
26 28 27 27 797
10 9 8 10 209
21 22 21 22 615
21 23 23 21 627
19 21 21 20 570
9 8 7 8 167
8 7 6 7 134
