750 279824
24 24 23 24 688
28 29 29 29 850
15 15 13 15 387
20 19 19 19 534
6 6 6 8 116
14 14 13 15 367
29 28 28 28 831
18 20 20 20 546
21 21 21 20 584
24 24 24 26 710
28 30 30 28 858
13 13 14 12 324
19 19 19 20 536
13 13 13 15 347
14 16 15 15 401
7 7 7 9 149
9 7 8 8 158
13 11 11 13 295
24 22 22 22 640
29 31 31 29 891
10 9 9 9 204
28 29 30 28 845
22 21 21 20 591
30 31 31 31 916
23 22 21 22 629
18 16 16 18 460
23 24 25 24 689
9 9 9 7 179
13 15 14 14 368
11 10 9 10 233
5 5 5 3 47
29 29 29 31 875
22 22 22 21 617
3 3 3 5 17
30 29 29 29 864
24 25 24 24 705
28 30 30 28 858
8 8 9 7 159
4 3 3 3 6
15 13 13 14 352
26 25 25 24 723
32 30 31 31 917
25 23 23 23 673
24 24 25 23 687
28 30 30 29 867
21 20 21 21 580
15 16 16 17 430
30 30 31 30 894
28 29 30 28 845
30 29 30 29 868
14 14 14 14 362
33 33 31 33 981
19 21 20 20 566
17 16 16 17 444
32 33 33 34 991
21 23 23 23 645
24 24 25 24 696
10 10 10 9 221
28 28 27 29 829
15 16 17 15 416
29 29 28 30 862
11 13 12 12 302
23 24 23 24 681
26 24 24 24 706
27 25 25 26 748
21 21 20 22 598
9 9 9 9 197
30 31 30 31 912
14 14 16 14 370
33 33 31 33 981
18 18 17 19 499
19 19 20 18 522
5 3 3 3 13
29 30 29 30 879
32 30 30 31 913
23 24 24 23 676
32 30 30 32 922
18 18 17 18 490
11 13 13 12 306
33 33 32 34 994
5 6 6 7 100
13 12 12 11 294
12 10 10 12 262
4 4 4 5 41
26 25 25 24 723
10 10 9 11 235
6 8 8 7 141
16 17 18 17 458
23 21 21 23 625
7 7 7 7 131
7 8 7 8 153
19 21 20 20 566
22 23 24 23 656
28 27 26 28 803
14 14 15 14 366
5 6 7 6 95
10 8 8 9 187
23 24 24 23 676
4 4 2 4 24
15 17 17 15 429
10 10 9 10 226
12 12 13 11 291
31 30 29 31 902
20 20 20 21 569
25 23 24 24 686
10 9 8 9 200
31 32 33 32 953
20 18 19 19 521
24 24 25 24 696
6 6 6 4 80
31 31 31 31 923
27 26 26 27 774
24 22 23 23 653
9 9 7 9 189
18 19 19 20 529
22 22 22 24 644
6 6 5 6 94
8 7 6 8 143
7 9 8 8 170
13 15 14 14 368
11 10 10 10 237
17 17 17 19 479
29 30 29 30 879
21 19 19 21 559
22 24 24 22 660
24 24 24 24 692
23 24 24 25 694
22 24 24 24 678
18 19 19 19 520
18 17 16 18 473
26 28 27 27 797
19 21 21 19 561
31 32 32 32 949
13 13 13 11 311
28 26 26 28 790
16 15 14 15 398
20 18 18 19 517
12 14 14 14 348
32 30 31 31 917
20 18 18 18 508
3 4 5 4 29
28 27 27 28 807
22 21 21 21 600
27 28 27 27 804
4 5 5 4 49
28 26 26 27 781
34 33 33 32 987
6 7 8 6 119
14 15 15 14 379
2 3 3 4 1
15 15 16 15 399
33 33 32 34 994
11 11 11 11 263
3 4 3 3 12
19 19 17 19 519
27 26 25 26 761
5 6 6 6 91
21 19 19 20 550
4 4 6 4 40
7 7 7 6 122
18 18 16 18 486
6 8 8 6 132
20 19 18 20 539
6 6 5 6 94
19 19 19 21 545
4 5 5 5 58
25 25 26 25 729
29 29 29 29 857
28 29 28 28 837
6 6 5 6 94
14 12 13 13 323
3 4 3 4 21
8 9 10 8 185
5 5 7 5 73
26 28 27 27 797
5 7 7 5 99
32 32 32 34 974
12 10 10 12 262
15 17 17 15 429
5 5 5 6 74
33 33 32 33 985
4 4 4 5 41
26 26 27 26 762
30 29 28 29 860
22 24 24 24 678
11 12 12 12 289
17 19 19 18 504
14 15 15 15 388
24 23 23 22 657
14 14 13 14 358
18 18 18 20 512
19 20 21 19 548
6 7 7 7 124
7 7 7 7 131
17 16 16 15 426
4 3 4 4 19
7 6 6 6 105
31 29 29 31 889
22 22 22 24 644
18 17 17 17 468
33 32 33 33 976
23 23 25 23 667
28 28 30 28 832
26 24 24 24 706
10 12 12 11 273
11 10 11 10 241
26 24 24 25 715
18 18 19 18 498
29 30 30 30 883
18 17 17 18 477
4 6 6 5 75
3 5 5 4 42
16 18 18 16 462
33 33 33 31 971
6 6 4 6 90
9 11 11 11 249
23 24 23 23 672
30 31 30 31 912
17 17 15 17 453
24 23 24 23 670
13 13 11 13 321
17 17 15 17 453
18 19 18 19 516
24 23 23 22 657
6 8 7 7 137
26 26 27 25 753
31 30 29 31 902
10 8 9 9 191
25 24 23 25 704
24 24 24 22 674
31 30 31 31 910
18 19 19 19 520
14 14 14 15 371
30 31 32 30 911
32 33 33 33 982
29 30 30 30 883
18 18 16 18 486
33 32 33 32 967
4 5 5 5 58
18 17 18 17 472
29 28 28 29 840
10 10 10 12 248
10 9 10 10 217
5 5 4 5 61
13 15 15 15 381
29 31 31 30 900
29 27 27 27 805
11 10 10 11 246
30 32 32 32 942
26 26 27 26 762
34 33 33 33 996
13 13 14 13 333
14 13 12 14 341
21 23 23 22 636
7 8 7 8 153
19 18 18 17 492
29 30 30 29 874
9 7 7 9 163
14 14 14 16 380
16 15 16 15 406
22 21 22 22 613
33 33 33 31 971
7 8 7 8 153
27 25 26 26 752
10 11 10 11 252
3 5 5 4 42
19 19 21 19 535
4 4 5 3 27
20 19 19 20 543
4 3 2 3 2
11 12 11 12 285
12 10 10 11 253
5 6 7 6 95
20 18 18 19 517
18 16 16 16 442
27 26 25 26 761
25 24 24 24 699
21 20 20 19 558
19 19 19 17 509
29 30 29 30 879
27 28 28 28 817
27 26 26 25 756
11 12 13 12 293
9 10 9 9 210
13 14 13 14 351
17 17 17 17 461
3 4 5 4 29
25 23 23 24 682
3 5 5 4 42
6 5 4 5 68
16 16 16 16 428
11 9 9 11 229
19 20 21 20 557
10 11 11 11 256
27 26 26 25 756
24 23 23 22 657
27 28 27 28 813
13 13 13 12 320
5 5 6 4 60
31 32 32 33 958
29 29 28 30 862
16 15 15 14 393
4 4 3 5 37
25 27 27 27 777
15 15 15 17 413
30 29 30 29 868
32 31 32 31 934
24 23 22 24 671
19 18 18 19 510
21 22 22 23 628
8 8 8 7 155
30 31 31 30 907
23 25 25 25 711
24 22 22 22 640
10 11 11 11 256
33 33 33 34 998
15 15 16 15 399
21 21 20 21 589
15 16 16 15 412
29 31 31 30 900
34 32 32 32 970
22 24 23 23 665
17 18 18 18 487
17 17 17 18 470
15 14 13 14 365
29 31 30 30 896
2 4 4 4 18
6 7 7 8 133
28 28 27 28 820
16 17 17 17 454
33 32 33 33 976
10 10 9 11 235
15 15 13 15 387
18 18 18 16 476
30 30 30 28 872
30 31 32 31 920
23 21 22 22 620
14 14 13 14 358
29 27 28 28 818
14 15 16 14 383
31 33 33 31 957
21 20 20 21 576
5 5 4 5 61
19 20 20 19 544
15 14 14 14 369
22 23 23 23 652
7 8 7 8 153
7 7 8 6 126
7 7 8 6 126
34 33 34 33 1000
27 28 28 29 826
11 10 10 10 237
3 4 4 3 16
29 29 29 28 848
12 10 11 11 257
4 5 5 6 67
32 32 32 33 965
14 14 14 14 362
15 17 17 17 447
8 9 9 9 190
3 4 5 4 29
15 14 14 13 360
7 7 6 7 127
7 8 8 8 157
30 28 28 29 847
33 31 32 32 950
11 11 11 12 272
33 32 33 32 967
23 22 23 23 646
26 26 26 25 749
10 10 10 9 221
15 16 17 16 425
21 22 21 21 606
26 24 25 25 719
27 28 27 27 804
12 12 13 12 300
11 9 10 10 224
23 24 25 23 680
18 19 20 18 515
12 14 13 13 335
15 15 15 13 377
21 21 20 22 598
20 20 22 20 568
10 9 9 9 204
9 8 7 9 176
20 20 22 20 568
10 9 8 10 209
24 24 25 24 696
20 20 20 22 578
4 6 6 4 66
9 9 10 9 201
14 15 15 15 388
20 19 18 20 539
31 29 29 30 880
25 24 24 23 690
17 15 15 15 409
20 20 20 20 560
10 11 12 10 251
12 13 14 12 317
34 32 32 32 970
23 25 25 24 702
18 18 18 20 512
5 7 7 5 99
26 24 24 26 724
9 9 8 9 193
23 23 24 23 663
30 28 29 29 851
31 31 29 31 915
10 10 9 10 226
21 21 22 21 597
19 18 17 19 506
22 21 21 20 591
2 4 4 3 9
21 19 19 21 559
13 14 13 14 351
10 10 10 8 212
5 5 6 4 60
12 14 14 13 339
3 4 4 4 25
25 24 24 24 699
28 26 26 28 790
15 14 15 14 373
12 12 11 12 292
6 8 7 7 137
10 11 12 10 251
10 10 12 10 238
8 6 6 6 112
18 20 20 19 537
15 15 17 15 403
5 4 4 4 39
19 19 19 20 536
13 12 11 12 299
10 10 10 11 239
11 12 12 13 298
13 13 15 13 337
24 25 25 24 709
30 29 30 29 868
11 10 9 11 242
31 31 31 30 914
32 32 32 31 947
25 24 23 24 695
18 18 16 18 486
18 19 19 20 529
27 27 26 28 796
11 10 10 10 237
22 20 21 21 587
21 23 23 23 645
27 27 27 28 800
31 33 32 32 962
31 33 32 32 962
30 30 30 32 908
16 15 16 16 415
6 6 6 8 116
16 17 18 16 449
24 26 26 26 744
11 11 10 11 259
25 26 27 26 755
15 13 13 15 361
12 13 13 13 322
28 27 28 27 802
9 10 11 10 227
32 31 31 32 939
22 20 21 21 587
24 22 22 24 658
30 31 32 31 920
10 11 11 11 256
22 22 21 23 631
31 30 30 29 888
32 32 31 32 952
15 15 15 13 377
24 26 26 25 735
16 14 15 15 389
11 12 12 13 298
18 19 18 18 507
9 8 8 9 180
19 19 19 19 527
8 9 10 9 194
9 7 8 8 158
30 30 30 28 872
4 5 5 6 67
21 23 22 22 632
19 18 18 18 501
33 32 31 32 959
10 9 9 8 195
23 25 25 23 693
19 21 21 19 561
31 32 31 31 936
13 13 15 13 337
33 31 32 32 950
23 23 23 23 659
18 17 17 18 477
17 17 15 17 453
7 7 7 9 149
13 12 11 12 299
15 14 13 14 365
10 10 9 10 226
24 25 24 25 714
20 18 18 19 517
21 21 22 21 597
28 28 28 30 842
24 23 22 24 671
3 3 3 4 8
32 32 32 33 965
24 23 23 24 675
16 15 14 15 398
5 3 3 5 31
16 16 16 16 428
5 6 7 6 95
12 12 13 11 291
22 23 24 23 656
12 11 11 11 270
8 8 7 9 169
4 4 4 6 50
27 29 28 28 830
15 15 14 16 400
5 4 5 5 52
7 8 9 8 161
9 11 11 10 240
21 21 19 21 585
23 23 25 23 667
13 13 13 11 311
4 4 6 4 40
9 11 11 10 240
8 9 8 8 177
6 6 7 6 102
30 29 30 30 877
30 30 30 32 908
6 8 7 7 137
22 21 20 21 596
19 20 19 19 540
29 28 28 28 831
17 16 15 16 431
5 6 7 5 86
23 24 25 24 689
22 22 22 24 644
26 25 25 25 732
11 12 12 11 280
25 25 24 25 721
17 15 15 15 409
27 26 26 26 765
31 30 31 30 901
5 4 4 4 39
34 33 33 32 987
10 9 10 9 208
14 13 14 13 340
7 8 9 8 161
20 20 20 22 578
26 27 27 28 793
22 23 23 23 652
11 10 10 11 246
16 17 16 16 441
24 22 23 23 653
15 13 13 13 343
25 24 24 24 699
4 4 4 6 50
5 4 4 3 30
16 17 18 17 458
15 13 13 13 343
9 7 7 7 145
7 8 8 7 148
6 4 5 5 59
32 30 30 30 904
13 14 14 15 364
20 21 22 21 590
25 26 27 25 746
33 33 34 32 984
33 32 32 31 954
16 16 16 18 446
7 6 6 7 114
13 15 15 13 363
29 28 29 29 844
21 22 21 22 615
3 4 3 4 21
32 31 32 32 943
6 6 7 5 93
13 12 11 12 299
30 31 31 32 925
9 11 11 9 231
14 12 12 14 328
20 18 18 19 517
17 19 18 18 500
17 17 17 15 443
32 31 32 31 934
8 10 9 9 203
27 29 29 28 834
32 32 32 30 938
31 33 33 31 957
28 28 29 27 819
16 17 16 17 450
19 19 21 19 535
4 6 6 6 84
19 20 21 20 557
13 14 15 14 359
26 26 26 25 749
4 4 5 3 27
14 13 13 14 345
3 4 5 4 29
31 31 31 30 914
26 26 24 26 750
28 28 28 26 806
12 10 10 12 262
23 23 24 23 663
7 5 5 5 79
24 24 24 26 710
17 18 18 18 487
8 8 10 8 172
18 18 18 18 494
32 34 34 32 990
3 4 4 3 16
31 30 30 31 906
30 29 29 28 855
14 12 12 14 328
31 31 30 31 919
27 27 27 25 773
27 27 27 25 773
12 13 14 13 326
21 19 19 21 559
13 12 12 12 303
17 17 15 17 453
3 4 4 3 16
9 7 7 9 163
10 10 12 10 238
11 12 13 12 293
27 27 28 26 786
28 27 27 26 789
17 17 18 16 456
32 33 34 33 986
30 28 28 29 847
20 20 20 21 569
22 21 21 21 600
28 30 30 29 867
4 6 6 4 66
20 21 21 22 595
7 5 6 6 92
5 5 5 6 74
21 21 19 21 585
28 28 28 28 824
32 33 33 33 982
15 16 15 15 408
22 23 22 23 648
2 3 3 4 1
31 31 29 31 915
32 30 30 31 913
2 3 3 4 1
12 13 13 14 331
28 29 30 28 845
24 25 25 24 709
5 4 5 4 43
27 28 29 28 821
27 25 25 25 739
25 27 27 27 777
22 22 21 22 622
4 4 4 4 32
13 12 13 12 307
27 27 26 28 796
8 8 9 8 168
24 24 25 23 687
8 9 8 8 177
31 30 29 31 902
6 6 6 5 89
6 5 5 4 63
27 25 25 26 748
13 13 14 12 324
18 17 16 18 473
12 13 13 12 313
14 15 16 14 383
5 3 3 4 22
20 22 21 21 599
29 28 27 28 827
30 29 28 30 869
8 8 10 8 172
31 31 31 32 932
6 7 7 7 124
9 10 11 10 227
23 22 22 22 633
26 26 28 26 766
13 15 14 14 368
19 17 17 17 475
24 26 26 25 735
11 11 11 13 281
8 8 8 10 182
6 8 8 6 132
21 20 19 20 563
33 32 33 33 976
25 23 24 24 686
5 5 3 5 57
32 32 32 32 956
9 10 9 10 219
13 13 12 14 334
20 19 20 19 538
6 6 6 4 80
29 31 30 30 896
21 22 21 21 606
22 24 24 23 669
30 30 30 32 908
9 8 8 9 180
11 11 11 10 254
11 12 12 13 298
10 10 9 10 226
31 30 30 30 897
24 22 22 22 640
21 22 21 22 615
5 5 4 6 70
18 18 19 18 498
22 23 24 23 656
28 27 27 26 789
16 17 16 16 441
3 4 4 4 25
28 27 27 27 798
4 5 4 5 54
25 24 25 24 703
22 22 21 23 631
22 24 24 22 660
20 19 20 20 547
11 13 13 12 306
30 29 28 30 869
17 17 18 17 465
14 15 15 15 388
8 7 8 8 151
6 7 6 7 120
16 15 14 15 398
27 26 25 27 770
18 18 19 17 489
9 9 9 8 188
31 32 33 31 944
4 5 5 4 49
24 24 24 26 710
25 24 25 25 712
11 13 12 12 302
12 11 11 12 279
19 20 20 19 544
32 31 31 32 939
17 16 16 17 444
8 6 6 6 112
7 7 7 6 122
11 10 11 11 250
11 10 10 9 228
19 19 19 19 527
14 15 16 15 392
9 8 8 9 180
27 25 25 27 757
10 8 8 9 187
24 25 26 25 722
17 17 18 17 465
31 31 32 31 927
15 16 16 17 430
15 15 13 15 387
20 22 22 22 612
21 22 21 22 615
21 23 22 22 632
