750 276898
10 9 9 8 195
10 11 10 11 252
3 5 5 3 33
6 7 7 7 124
24 24 25 23 687
32 30 30 32 922
13 13 14 12 324
25 26 25 26 747
31 32 31 31 936
18 18 20 18 502
32 32 31 32 952
29 30 30 29 874
10 12 11 11 269
20 20 20 18 542
10 9 8 10 209
32 33 33 34 991
8 8 9 7 159
15 14 15 15 382
13 15 14 14 368
22 24 23 23 665
15 17 17 15 429
21 22 22 22 619
4 5 6 5 62
11 13 13 13 315
9 9 11 9 205
10 11 12 10 251
5 5 5 6 74
23 25 24 24 698
7 9 9 7 165
33 33 33 33 989
14 14 13 14 358
8 6 6 8 130
13 13 12 13 325
26 26 26 25 749
23 23 25 23 667
25 26 26 25 742
24 23 23 24 675
33 33 33 33 989
25 27 27 27 777
18 18 19 17 489
17 17 18 16 456
21 22 21 22 615
17 17 17 17 461
6 6 7 6 102
5 5 4 5 61
29 30 30 30 883
6 4 5 5 59
23 25 25 23 693
29 29 29 28 848
22 22 22 23 635
17 18 18 19 496
26 28 27 27 797
9 11 10 10 236
25 26 26 27 760
30 32 31 31 929
24 24 24 24 692
29 29 29 28 848
30 31 30 31 912
15 14 14 14 369
10 9 8 10 209
6 6 6 8 116
28 26 26 26 772
18 18 19 18 498
28 29 29 30 859
29 30 30 30 883
19 20 20 19 544
22 22 22 21 617
12 12 12 11 287
32 32 34 32 964
29 29 31 29 865
9 7 7 9 163
10 8 8 10 196
4 4 4 4 32
14 13 12 13 332
18 20 20 19 537
3 3 3 4 8
13 13 12 13 325
19 21 21 20 570
4 5 4 5 54
32 30 30 30 904
23 23 23 23 659
25 25 25 25 725
2 4 3 3 5
22 24 24 22 660
15 15 17 15 403
31 31 33 31 931
19 21 21 19 561
13 11 11 13 295
9 11 11 11 249
3 5 5 5 51
17 16 17 17 448
28 30 30 30 876
29 29 31 29 865
17 17 18 17 465
19 20 20 19 544
26 27 26 27 780
18 17 17 18 477
19 18 19 18 505
4 4 4 3 23
7 8 8 9 166
11 12 11 12 285
17 18 18 19 496
22 23 22 23 648
22 21 20 21 596
14 15 15 15 388
20 22 22 20 594
29 29 29 27 839
20 20 20 22 578
9 10 10 10 223
17 18 18 17 478
15 16 16 15 412
15 13 14 14 356
5 6 5 5 78
16 16 17 15 423
33 32 32 32 963
27 25 25 27 757
28 28 29 27 819
29 27 27 29 823
25 24 24 25 708
19 19 19 17 509
19 19 17 19 519
15 17 17 15 429
13 13 13 15 347
19 19 19 20 536
9 8 7 8 167
20 19 19 18 525
5 6 7 6 95
7 7 7 7 131
20 20 22 20 568
30 31 31 32 925
31 31 31 32 932
28 26 26 27 781
19 17 18 18 488
32 34 33 33 995
12 13 12 13 318
32 30 31 31 917
11 11 12 10 258
20 19 18 19 530
23 22 22 22 633
28 29 29 30 859
21 22 21 22 615
30 30 30 28 872
23 23 23 21 641
8 6 6 8 130
14 15 16 15 392
10 10 11 9 225
15 14 14 13 360
10 11 11 12 265
19 20 21 19 548
6 6 7 5 93
26 27 27 27 784
8 9 9 10 199
3 3 5 3 7
3 4 5 4 29
29 30 30 30 883
34 33 34 33 1000
32 34 34 33 999
11 10 10 10 237
8 7 6 7 134
27 29 28 28 830
18 17 17 18 477
31 29 29 31 889
22 21 20 21 596
4 4 4 3 23
29 28 28 27 822
4 4 4 4 32
5 6 7 6 95
23 23 23 24 668
16 15 15 14 393
31 30 30 30 897
28 27 28 27 802
8 7 7 8 147
14 14 16 14 370
8 6 6 8 130
14 14 14 12 344
31 30 30 31 906
23 21 21 23 625
12 11 11 12 279
17 17 16 17 457
8 9 9 8 181
30 31 32 30 911
31 30 31 31 910
24 22 23 23 653
14 14 13 15 367
16 16 14 16 420
24 22 22 22 640
21 22 22 23 628
22 24 23 23 665
28 30 30 29 867
24 22 22 22 640
19 18 18 18 501
17 15 16 16 422
23 22 21 23 638
12 12 11 12 292
14 12 12 13 319
17 16 17 17 448
23 23 22 24 664
26 24 24 25 715
5 3 3 5 31
13 13 14 12 324
20 20 20 21 569
9 7 7 7 145
28 29 30 28 845
18 18 18 19 503
12 13 12 12 309
23 24 24 23 676
3 4 5 3 20
14 16 15 15 401
30 29 29 30 873
16 16 16 18 446
25 25 25 25 725
30 31 31 32 925
16 17 18 16 449
5 7 7 7 117
27 28 27 28 813
4 6 5 5 71
11 9 9 11 229
7 7 7 5 113
7 6 7 6 109
14 16 15 15 401
20 18 19 19 521
32 33 32 33 978
7 9 8 8 170
7 8 7 7 144
25 25 26 25 729
12 13 14 13 326
13 15 14 14 368
23 24 24 25 694
21 23 22 22 632
21 23 22 22 632
30 31 31 32 925
14 12 12 12 310
20 19 18 19 530
5 5 6 5 69
5 5 4 5 61
29 28 29 29 844
26 28 27 27 797
33 32 31 32 959
17 17 19 17 469
13 11 11 12 286
26 26 25 26 754
30 29 28 29 860
8 6 7 7 125
13 13 13 15 347
6 5 6 5 76
20 21 21 22 595
4 4 3 5 37
13 14 14 14 355
27 29 29 29 843
19 19 20 18 522
29 29 31 29 865
12 11 10 12 275
14 14 16 14 370
33 33 33 31 971
4 5 4 5 54
25 23 23 23 673
12 14 14 13 339
16 15 14 15 398
28 28 28 26 806
8 6 6 7 121
22 24 24 22 660
6 4 5 5 59
15 16 17 15 416
26 24 25 25 719
25 25 26 25 729
17 17 18 17 465
22 22 21 23 631
22 21 21 20 591
11 12 12 13 298
16 16 17 16 432
16 15 14 15 398
23 22 21 23 638
23 22 23 23 646
15 13 13 14 352
6 8 8 6 132
28 26 27 27 785
32 34 34 32 990
18 17 18 17 472
32 34 34 33 999
7 7 7 7 131
21 20 20 19 558
17 16 15 17 440
31 30 31 30 901
19 19 18 20 532
18 17 17 16 459
11 9 10 10 224
32 32 32 31 947
6 5 4 6 77
25 27 26 26 764
16 14 14 16 394
13 15 14 14 368
24 25 24 25 714
14 15 14 15 384
10 10 10 9 221
5 6 7 5 86
23 24 24 25 694
32 31 30 31 926
4 5 5 5 58
15 16 15 15 408
32 31 31 31 930
15 14 14 15 378
30 30 31 30 894
33 33 33 33 989
32 33 34 33 986
3 5 4 4 38
17 15 15 17 427
32 33 33 34 991
12 13 13 12 313
18 19 20 18 515
4 6 6 6 84
5 6 7 5 86
6 5 5 5 72
29 28 28 28 831
24 22 22 23 649
32 30 30 32 922
11 10 9 10 233
4 4 4 3 23
15 17 17 16 438
21 21 20 22 598
13 11 11 13 295
22 24 24 22 660
11 10 11 10 241
11 12 12 11 280
13 13 12 13 325
9 10 9 10 219
16 14 14 14 376
16 15 14 15 398
26 27 27 28 793
7 7 7 5 113
6 7 8 7 128
14 15 15 15 388
12 12 12 13 305
13 14 13 14 351
31 31 31 33 941
22 20 20 21 583
21 22 23 22 623
11 10 11 10 241
24 24 24 26 710
15 13 13 14 352
31 32 31 32 945
28 26 26 26 772
23 24 25 24 689
9 8 7 8 167
26 24 24 24 706
8 8 8 10 182
14 15 15 15 388
29 28 27 29 836
11 11 9 11 255
7 9 9 9 183
27 26 26 26 765
25 25 25 27 743
20 20 18 20 552
17 17 17 19 479
7 6 5 7 110
6 5 6 5 76
32 33 32 32 969
24 23 22 24 671
15 14 13 14 365
33 31 31 32 946
27 25 25 26 748
5 7 7 5 99
11 11 11 9 245
4 3 3 4 15
31 32 31 32 945
14 15 14 14 375
22 23 24 22 647
30 30 30 31 899
10 9 9 10 213
26 27 28 26 779
24 25 24 24 705
20 19 20 19 538
22 20 20 22 592
15 15 16 14 390
11 13 12 12 302
30 29 28 30 869
12 10 10 10 244
17 15 15 15 409
4 5 5 6 67
19 19 20 18 522
11 10 9 10 233
12 10 10 11 253
11 13 13 12 306
19 18 18 17 492
16 16 18 16 436
5 6 5 5 78
11 11 10 11 259
28 26 26 26 772
11 12 12 11 280
33 31 31 32 946
31 31 32 31 927
7 6 5 6 101
3 5 5 3 33
22 23 24 23 656
29 29 29 31 875
23 23 24 22 654
24 25 26 24 713
22 23 22 22 639
18 20 19 19 533
24 24 23 24 688
19 17 17 19 493
29 31 31 30 900
22 23 23 22 643
31 31 31 31 923
30 30 30 32 908
21 20 21 21 580
10 9 9 8 195
23 23 24 23 663
6 6 6 8 116
5 6 6 5 82
11 13 12 12 302
29 29 29 31 875
30 28 29 29 851
26 28 27 27 797
11 11 10 11 259
6 7 7 6 115
13 14 13 14 351
18 16 16 16 442
31 33 32 32 962
28 28 27 29 829
5 5 6 5 69
21 23 23 22 636
27 27 27 27 791
21 23 23 23 645
21 19 19 21 559
33 33 31 33 981
26 25 25 25 732
24 26 25 25 731
25 26 25 25 738
33 33 31 33 981
5 6 6 5 82
9 10 11 10 227
23 22 21 23 638
26 26 25 27 763
27 25 26 26 752
14 13 13 12 327
10 9 9 9 204
7 7 7 6 122
6 5 6 6 85
23 23 24 22 654
13 12 13 12 307
33 32 32 31 954
4 3 4 4 19
7 7 7 5 113
22 20 20 22 592
8 7 8 8 151
22 20 20 20 574
28 27 27 26 789
22 22 23 22 630
15 14 14 13 360
13 13 12 13 325
31 33 33 31 957
24 25 26 25 722
12 13 12 13 318
3 5 5 4 42
30 31 31 30 907
4 3 4 4 19
31 33 33 33 975
19 20 19 20 549
8 7 6 8 143
5 5 6 5 69
14 13 12 14 341
8 7 6 7 134
17 17 15 17 453
17 17 17 18 470
32 33 32 33 978
17 18 17 18 483
26 24 24 25 715
19 19 18 19 523
6 6 6 5 89
13 13 12 14 334
11 9 9 11 229
10 8 9 9 191
8 7 6 8 143
16 16 14 16 420
6 6 6 7 107
19 20 20 19 544
15 15 15 15 395
24 24 24 25 701
25 24 25 25 712
6 8 7 7 137
5 6 6 5 82
25 23 23 24 682
15 15 15 14 386
10 8 8 9 187
17 17 15 17 453
12 13 12 13 318
6 7 8 6 119
15 14 14 14 369
10 11 11 11 256
33 33 34 32 984
14 15 15 16 397
21 19 19 21 559
10 12 11 11 269
7 6 5 6 101
13 11 11 11 277
6 5 5 5 72
23 22 21 23 638
24 23 23 24 675
17 19 19 19 513
16 18 18 17 471
30 28 28 29 847
19 19 19 17 509
11 12 12 11 280
15 15 17 15 403
14 13 12 14 341
3 3 4 3 3
11 9 10 10 224
26 26 28 26 766
7 6 6 6 105
9 9 8 9 193
32 31 32 32 943
9 7 7 7 145
24 23 24 24 679
32 32 33 32 960
3 4 4 3 16
5 6 6 7 100
25 26 25 25 738
10 11 10 10 243
18 20 20 19 537
17 17 17 18 470
5 4 5 5 52
3 3 3 5 17
17 15 16 16 422
18 16 16 17 451
14 12 12 13 319
28 28 26 28 816
18 18 18 18 494
12 14 13 13 335
9 10 9 9 210
5 3 3 5 31
25 26 27 26 755
19 19 19 19 527
25 24 24 25 708
5 6 7 5 86
12 14 14 12 330
27 27 27 28 800
19 18 18 19 510
3 4 4 4 25
27 27 29 27 799
25 25 26 24 720
10 10 12 10 238
2 3 3 4 1
16 17 17 18 463
32 31 30 32 935
27 28 29 27 812
13 11 11 11 277
15 15 16 15 399
20 20 19 21 565
9 9 8 9 193
19 21 21 21 579
21 21 21 20 584
23 24 24 24 685
14 16 16 15 405
20 22 22 22 612
5 4 5 4 43
19 19 19 20 536
16 17 17 17 454
11 12 11 11 276
9 9 10 8 192
23 23 22 24 664
6 7 7 7 124
17 17 17 15 443
13 13 13 14 338
30 31 30 31 912
29 31 30 30 896
27 27 28 26 786
24 23 24 23 670
25 25 25 23 707
23 22 23 23 646
14 15 14 14 375
21 21 21 21 593
32 34 34 33 999
34 32 32 33 979
27 27 27 25 773
25 23 23 24 682
23 24 24 24 685
32 32 33 31 951
25 26 26 27 760
8 8 7 9 169
23 25 25 23 693
20 19 18 19 530
11 9 10 10 224
29 30 31 29 878
32 30 31 31 917
33 32 32 31 954
3 4 3 4 21
22 23 22 23 648
6 4 4 5 55
20 18 19 19 521
16 15 15 14 393
31 33 32 32 962
15 15 15 13 377
29 30 30 30 883
11 9 10 10 224
16 16 14 16 420
4 4 4 2 14
16 16 15 16 424
29 30 31 29 878
15 15 15 17 413
29 30 31 30 887
29 30 29 29 870
23 25 25 25 711
8 6 7 7 125
27 27 26 27 787
21 21 21 19 575
33 32 32 33 972
8 9 9 8 181
11 10 9 11 242
15 16 16 16 421
17 18 18 19 496
13 13 13 11 311
29 29 29 28 848
19 20 21 20 557
15 15 17 15 403
23 23 23 23 659
10 9 9 10 213
17 18 18 18 487
25 27 27 27 777
28 26 26 28 790
26 25 26 26 745
17 19 18 18 500
9 8 7 8 167
11 10 9 10 233
7 6 6 7 114
6 6 6 5 89
8 8 6 8 156
19 19 21 19 535
4 4 2 4 24
33 32 32 31 954
6 6 6 4 80
13 14 15 14 359
28 27 26 28 803
13 12 12 11 294
15 14 14 13 360
11 13 13 12 306
6 6 7 5 93
31 32 32 32 949
29 27 28 28 818
23 23 23 21 641
12 12 12 14 314
33 32 32 31 954
26 26 26 25 749
21 21 21 20 584
23 25 25 23 693
23 25 25 23 693
28 28 27 28 820
9 11 10 10 236
16 14 14 16 394
13 12 11 13 308
31 31 31 31 923
15 15 13 15 387
17 19 19 18 504
25 27 27 25 759
10 11 11 11 256
10 10 9 11 235
16 16 16 17 437
9 9 9 7 179
26 24 24 26 724
8 6 7 7 125
21 21 21 20 584
9 10 10 9 214
18 16 16 18 460
13 14 14 15 364
22 20 20 20 574
6 8 7 7 137
5 5 6 4 60
24 23 23 23 666
28 29 28 29 846
9 11 10 10 236
23 23 21 23 651
12 14 13 13 335
33 33 34 33 993
8 9 8 8 177
20 19 19 18 525
30 30 30 31 899
16 14 14 14 376
11 11 11 12 272
18 17 17 18 477
14 15 15 14 379
16 17 17 16 445
14 16 16 15 405
5 6 5 5 78
12 13 12 13 318
24 25 26 25 722
10 10 10 9 221
30 32 32 32 942
24 24 25 23 687
24 25 24 25 714
32 30 30 30 904
8 8 9 7 159
29 29 27 29 849
20 21 21 22 595
10 9 10 10 217
17 17 17 19 479
15 16 17 15 416
16 17 17 17 454
26 25 24 26 737
34 33 34 33 1000
14 15 14 14 375
6 7 7 8 133
11 12 11 11 276
24 24 23 24 688
16 16 17 16 432
30 31 32 31 920
31 30 30 31 906
8 7 7 6 129
25 26 27 25 746
28 26 26 27 781
21 19 19 20 550
18 17 17 18 477
32 31 30 32 935
7 7 7 7 131
17 19 19 19 513
24 24 26 24 700
8 8 7 9 169
10 12 12 12 282
7 8 8 8 157
31 29 29 29 871
30 32 31 31 929
22 23 24 23 656
19 21 21 19 561
13 14 15 14 359
28 30 30 29 867
12 14 14 14 348
18 19 20 19 524
15 16 17 15 416
17 17 17 18 470
9 7 7 7 145
12 12 12 13 305
8 10 9 9 203
14 15 16 15 392
30 30 32 30 898
18 18 16 18 486
6 6 6 8 116
32 31 31 30 921
20 20 22 20 568
30 30 30 31 899
32 30 30 30 904
30 29 29 30 873
18 17 17 16 459
33 32 31 33 968
22 21 21 20 591
23 24 24 24 685
5 5 5 6 74
28 28 28 29 833
16 15 14 15 398
21 21 20 21 589
15 17 16 16 434
3 4 4 3 16
17 17 15 17 453
