100 18467
32 31 32 31 934
30 31 32 31 920
12 11 10 12 275
32 34 34 32 990
23 23 23 25 677
21 22 22 23 628
10 9 10 9 208
3 5 5 4 42
5 4 5 5 52
22 24 24 22 660
19 19 20 18 522
15 16 16 15 412
9 8 7 8 167
5 6 6 7 100
28 29 30 29 854
20 20 20 21 569
19 18 18 17 492
32 32 31 33 961
6 5 6 6 85
6 7 7 6 115
11 10 9 10 233
29 29 29 31 875
32 30 31 31 917
9 8 9 8 175
26 27 27 27 784
16 18 18 18 480
33 32 31 32 959
15 15 15 13 377
31 33 32 32 962
25 26 26 27 760
5 3 3 3 13
5 5 6 4 60
26 24 24 25 715
20 18 18 18 508
31 31 33 31 931
9 9 9 11 215
8 7 7 8 147
26 24 24 26 724
10 10 10 8 212
5 6 7 6 95
7 8 8 7 148
20 20 21 20 564
9 11 11 9 231
11 9 9 11 229
7 7 7 9 149
28 26 27 27 785
28 30 30 30 876
23 22 22 22 633
11 12 11 12 285
6 7 7 8 133
11 11 12 10 258
3 4 3 4 21
16 16 16 17 437
32 33 34 33 986
20 21 21 20 577
16 16 14 16 420
30 30 29 31 895
29 28 28 28 831
22 21 20 21 596
25 27 27 27 777
8 8 7 9 169
28 30 30 28 858
14 15 16 14 383
24 22 22 22 640
15 14 15 14 373
30 29 28 29 860
31 30 29 31 902
9 10 11 9 218
31 29 29 31 889
22 24 23 23 665
23 22 22 21 624
24 22 22 22 640
32 33 33 32 973
32 33 34 32 977
5 4 4 3 30
33 31 31 31 937
29 28 29 28 835
10 11 12 10 251
19 21 21 20 570
25 25 24 26 730
23 24 25 24 689
26 27 26 27 780
7 6 6 7 114
19 20 19 20 549
20 19 19 20 543
11 11 10 11 259
10 9 9 8 195
34 33 34 33 1000
13 11 11 13 295
10 8 9 9 191
15 15 16 14 390
10 9 10 10 217
25 26 25 25 738
31 31 33 31 931
14 15 16 14 383
29 29 30 28 852
11 11 10 11 259
29 29 29 31 875
16 16 15 16 424
23 23 23 21 641
