100 16616
5 3 3 5 31
21 20 20 20 567
15 14 13 14 365
28 26 26 27 781
15 14 13 14 365
14 13 13 12 327
34 33 34 33 1000
8 6 6 7 121
22 22 21 23 631
6 8 8 6 132
11 11 11 10 254
24 22 22 23 649
30 29 28 29 860
15 15 15 16 404
7 6 7 6 109
8 8 8 9 173
12 12 12 13 305
13 13 13 13 329
25 25 27 25 733
4 4 4 4 32
5 3 3 3 13
10 9 9 9 204
12 12 12 10 278
23 22 23 22 637
30 31 32 30 911
32 33 33 33 982
30 31 32 31 920
13 14 14 13 346
12 14 14 12 330
8 7 6 8 143
10 9 8 9 200
11 9 9 11 229
12 13 13 12 313
25 26 27 25 746
15 13 14 14 356
31 33 33 31 957
6 6 5 6 94
7 8 7 8 153
5 5 5 4 56
7 6 7 6 109
18 18 18 18 494
17 17 16 17 457
7 7 5 7 123
6 5 5 6 81
24 26 26 24 726
30 30 30 32 908
15 14 15 14 373
19 21 21 21 579
9 8 8 7 162
10 11 11 10 247
13 13 13 15 347
27 28 27 28 813
28 29 30 28 845
13 13 13 15 347
15 14 15 15 382
5 4 5 4 43
21 21 23 21 601
31 33 32 32 962
19 19 19 19 527
31 30 29 31 902
8 7 8 7 142
10 10 9 10 226
20 20 20 21 569
26 27 26 26 771
26 24 25 25 719
24 22 22 24 658
18 19 19 19 520
29 29 29 31 875
5 5 7 5 73
17 16 16 16 435
31 32 31 31 936
30 29 29 28 855
12 12 10 12 288
2 3 3 4 1
24 24 22 24 684
26 27 28 27 788
18 16 16 17 451
17 15 15 17 427
12 11 11 10 261
16 15 14 16 407
18 18 19 18 498
21 21 21 23 611
4 4 5 3 27
16 17 17 17 454
19 18 18 17 492
21 22 22 22 619
8 10 10 10 216
16 17 17 16 445
33 33 33 33 989
14 14 16 14 370
4 6 5 5 71
28 27 27 28 807
12 11 10 12 275
7 6 5 7 110
26 27 28 26 779
32 33 33 32 973
4 4 3 4 28
4 3 4 3 10
30 30 29 30 886
18 17 17 18 477
