500 63238
15 15 15 13 377
5 5 7 5 73
5 5 7 5 73
33 32 32 31 954
15 16 16 15 412
4 4 4 5 41
32 31 32 32 943
26 25 25 24 723
6 8 8 6 132
30 29 28 30 869
25 26 27 25 746
30 29 30 29 868
23 22 22 21 624
27 28 29 28 821
16 16 16 14 410
9 9 7 9 189
9 8 8 9 180
28 28 28 26 806
14 14 13 14 358
17 16 16 17 444
28 27 27 27 798
16 16 14 16 420
8 7 6 8 143
13 12 11 12 299
31 31 31 30 914
24 22 22 23 649
30 30 30 29 881
10 11 11 10 247
26 28 28 26 792
4 3 4 4 19
13 14 15 14 359
20 20 20 22 578
2 4 4 3 9
7 8 9 7 152
10 10 10 8 212
24 22 22 22 640
19 19 18 20 532
9 9 7 9 189
30 28 29 29 851
21 22 22 23 628
22 22 20 22 618
33 31 31 32 946
2 4 4 3 9
32 31 32 32 943
10 10 12 10 238
21 21 22 20 588
23 23 24 22 654
31 31 33 31 931
7 7 6 8 136
18 17 17 18 477
33 32 33 32 967
11 11 12 11 267
25 25 26 25 729
15 14 14 13 360
11 11 9 11 255
30 30 32 30 898
5 7 7 6 108
16 14 14 16 394
18 19 19 18 511
13 11 12 12 290
20 21 21 20 577
10 12 12 11 273
31 31 31 32 932
32 30 30 32 922
30 31 30 31 912
8 9 9 9 190
4 4 5 3 27
33 32 32 32 963
29 30 31 29 878
13 12 11 13 308
3 3 5 3 7
24 25 26 25 722
8 7 6 8 143
10 12 12 10 264
15 13 13 15 361
29 28 28 29 840
27 25 25 26 748
2 3 3 4 1
6 7 7 6 115
6 5 5 5 72
19 20 19 19 540
16 17 18 17 458
15 16 15 15 408
30 30 32 30 898
5 3 3 4 22
22 22 23 22 630
13 13 13 11 311
4 4 4 4 32
23 24 25 23 680
19 20 21 20 557
14 14 13 15 367
23 22 21 23 638
22 24 24 24 678
29 31 30 30 896
27 27 26 28 796
8 6 6 8 130
7 7 8 7 135
31 31 33 31 931
14 14 14 16 380
6 7 8 7 128
33 33 34 33 993
24 25 26 25 722
2 4 4 3 9
14 16 16 16 414
29 31 31 31 909
29 29 31 29 865
12 11 11 11 270
27 28 28 29 826
12 11 12 12 283
8 8 8 8 164
10 8 8 10 196
13 14 14 14 355
5 4 5 4 43
33 33 33 31 971
23 22 21 23 638
27 26 27 26 769
19 21 20 20 566
31 32 32 33 958
34 33 33 32 987
30 29 30 29 868
27 27 29 27 799
3 4 4 3 16
14 14 14 14 362
26 28 27 27 797
14 12 12 14 328
16 16 15 17 433
11 10 9 11 242
34 33 32 33 992
28 29 29 28 841
3 4 4 4 25
18 19 18 19 516
9 9 9 11 215
25 26 26 26 751
21 20 20 19 558
23 24 24 24 685
20 19 20 19 538
10 9 9 8 195
6 6 5 6 94
12 12 12 13 305
16 15 14 15 398
12 13 13 14 331
16 16 16 17 437
32 33 34 33 986
29 31 31 30 900
14 14 16 14 370
12 14 14 13 339
29 28 29 28 835
14 14 16 14 370
33 32 32 32 963
33 33 35 33 997
25 25 25 24 716
4 5 4 4 45
29 27 27 27 805
17 18 18 17 478
16 14 15 15 389
21 20 21 21 580
20 20 20 20 560
28 26 26 28 790
23 22 21 23 638
30 28 29 29 851
17 17 17 17 461
5 4 5 5 52
18 17 18 18 481
25 26 25 25 738
18 20 20 20 546
17 17 17 17 461
8 7 8 8 151
17 18 18 19 496
11 10 11 10 241
6 7 7 7 124
34 32 33 33 983
5 5 5 4 56
12 14 14 14 348
15 14 13 14 365
30 30 31 30 894
15 14 14 15 378
29 30 31 29 878
29 28 29 28 835
25 24 23 24 695
19 19 19 20 536
19 20 19 20 549
23 24 24 24 685
29 28 29 29 844
30 30 30 32 908
34 33 34 33 1000
12 14 13 13 335
9 8 9 9 184
13 13 14 13 333
20 20 20 18 542
15 14 15 14 373
28 26 26 28 790
15 15 17 15 403
32 32 31 32 952
16 16 16 14 410
31 32 33 31 944
8 8 9 8 168
23 24 23 23 672
21 20 20 21 576
16 17 17 18 463
27 27 29 27 799
11 13 13 11 297
12 12 11 13 301
7 9 8 8 170
25 27 26 26 764
31 30 29 31 902
21 21 19 21 585
6 4 5 5 59
20 20 20 19 551
16 16 16 17 437
5 6 6 7 100
18 18 18 16 476
26 24 25 25 719
15 14 15 14 373
8 10 10 8 198
33 33 33 32 980
13 14 13 14 351
5 7 7 7 117
19 20 21 19 548
25 25 24 25 721
14 15 16 15 392
25 25 26 25 729
22 21 20 21 596
28 27 27 27 798
25 25 26 24 720
11 12 12 12 289
16 15 15 15 402
10 9 8 10 209
26 26 24 26 750
4 4 5 4 36
22 23 23 23 652
29 29 29 27 839
20 20 22 20 568
27 28 29 28 821
9 9 9 7 179
17 18 17 18 483
5 7 7 6 108
19 20 20 21 562
6 5 6 6 85
10 10 10 9 221
15 15 17 15 403
17 15 16 16 422
23 25 24 24 698
21 22 22 23 628
28 28 30 28 832
17 18 19 18 491
34 33 32 33 992
28 28 27 29 829
4 3 2 3 2
3 3 4 3 3
30 31 31 31 916
14 16 15 15 401
19 20 19 20 549
28 27 26 27 794
5 6 6 5 82
23 22 22 22 633
17 15 15 17 427
15 14 14 14 369
13 12 12 13 312
5 5 5 6 74
30 30 31 29 885
14 13 12 13 332
15 15 13 15 387
32 31 31 31 930
30 32 31 31 929
8 9 9 8 181
6 6 7 6 102
17 19 19 18 504
13 12 11 13 308
19 20 19 19 540
11 9 9 10 220
20 19 20 19 538
34 32 32 33 979
27 27 27 27 791
29 31 31 30 900
25 24 24 23 690
28 27 26 28 803
25 26 25 25 738
27 26 25 26 761
22 23 22 23 648
18 19 20 19 524
12 12 11 12 292
10 11 10 10 243
22 21 21 20 591
25 26 25 26 747
31 30 29 31 902
7 9 9 7 165
30 29 30 29 868
15 15 17 15 403
4 3 4 3 10
31 32 33 31 944
9 8 8 9 180
26 27 26 27 780
24 23 22 23 662
11 12 11 12 285
16 16 16 17 437
28 27 28 27 802
6 5 4 5 68
9 8 8 9 180
15 16 15 15 408
17 15 15 16 418
4 6 6 5 75
10 10 10 11 239
7 6 7 6 109
6 6 6 8 116
10 11 12 10 251
15 15 14 16 400
20 21 21 22 595
27 26 25 27 770
17 18 17 18 483
14 13 12 13 332
11 11 11 13 281
4 5 5 4 49
18 17 18 18 481
18 18 16 18 486
32 31 32 32 943
5 4 5 5 52
29 30 29 30 879
19 19 21 19 535
23 22 22 23 642
25 24 24 25 708
29 30 31 29 878
14 15 15 15 388
30 30 31 29 885
2 4 4 4 18
33 33 35 33 997
19 17 18 18 488
18 17 18 18 481
19 19 19 17 509
13 12 13 13 316
34 33 33 32 987
21 23 23 21 627
25 23 23 24 682
30 31 32 31 920
18 17 17 16 459
11 12 13 12 293
20 19 18 20 539
21 23 22 22 632
16 15 15 14 393
5 6 5 6 87
8 7 8 8 151
11 9 10 10 224
7 7 7 7 131
3 5 5 4 42
16 17 16 17 450
17 18 17 18 483
6 6 7 6 102
18 17 18 18 481
32 31 32 32 943
17 17 18 17 465
13 11 12 12 290
5 5 5 4 56
33 32 33 33 976
21 19 19 20 550
30 28 28 29 847
32 30 30 30 904
25 25 25 24 716
14 14 15 14 366
28 29 28 28 837
5 5 7 5 73
18 18 19 18 498
13 14 13 13 342
27 26 27 27 778
8 10 9 9 203
11 11 12 10 258
20 21 21 21 586
8 10 10 9 207
23 23 24 23 663
8 8 8 6 146
21 20 21 20 571
12 12 10 12 288
34 33 34 33 1000
14 15 16 15 392
27 27 27 27 791
11 12 12 12 289
25 24 25 25 712
4 6 6 6 84
28 26 26 27 781
18 20 20 19 537
26 26 26 26 758
19 18 18 17 492
31 33 32 32 962
18 19 19 20 529
19 20 19 19 540
28 27 28 28 811
21 21 21 20 584
24 22 22 22 640
32 31 31 30 921
12 11 11 11 270
27 26 25 26 761
7 7 7 7 131
33 32 31 32 959
7 6 5 6 101
25 25 24 26 730
11 12 13 12 293
20 21 21 20 577
28 29 29 30 859
23 24 23 23 672
28 28 29 28 828
15 15 15 13 377
21 23 23 23 645
13 15 15 14 372
11 9 9 11 229
4 4 5 4 36
23 23 24 22 654
10 9 9 8 195
30 31 32 31 920
10 9 8 10 209
18 17 17 17 468
14 12 12 12 310
15 15 13 15 387
29 31 30 30 896
4 6 6 6 84
13 15 15 13 363
30 31 32 31 920
29 28 29 28 835
14 15 14 14 375
22 23 23 24 661
25 25 24 26 730
26 26 26 25 749
19 20 20 21 562
29 29 29 31 875
9 10 11 9 218
13 15 14 14 368
20 18 19 19 521
18 18 18 19 503
22 23 23 22 643
33 33 33 31 971
29 31 31 30 900
24 24 25 24 696
24 25 25 25 718
18 17 17 16 459
31 31 32 31 927
7 8 8 9 166
31 29 30 30 884
10 9 8 10 209
10 10 10 10 230
16 17 17 18 463
5 3 3 3 13
24 24 23 24 688
32 33 34 33 986
17 18 18 17 478
15 14 13 14 365
10 11 12 10 251
10 10 10 11 239
12 11 11 10 261
28 26 26 26 772
9 11 11 11 249
16 15 16 16 415
6 6 6 6 98
32 33 32 32 969
16 17 18 16 449
5 6 6 5 82
7 8 8 9 166
27 29 28 28 830
7 6 5 6 101
11 12 13 12 293
16 18 18 16 462
23 24 25 23 680
13 14 14 14 355
31 31 31 33 941
9 9 10 9 201
18 16 16 17 451
7 8 7 8 153
30 30 30 31 899
26 27 27 26 775
20 19 19 20 543
9 9 7 9 189
33 32 32 32 963
32 32 32 31 947
9 8 9 9 184
26 27 27 28 793
4 4 4 4 32
31 31 31 31 923
9 9 11 9 205
28 26 26 26 772
10 11 12 11 260
12 14 14 12 330
22 22 21 23 631
6 4 4 4 46
17 17 17 16 452
21 22 22 21 610
29 29 29 29 857
30 28 28 29 847
5 6 7 5 86
29 29 28 30 862
25 26 26 26 751
19 20 20 21 562
4 5 6 4 53
18 17 16 18 473
12 10 11 11 257
26 28 27 27 797
14 14 14 13 353
28 28 27 28 820
25 26 25 26 747
24 24 24 22 674
18 16 16 16 442
23 23 23 22 650
18 18 17 19 499
22 23 23 22 643
31 31 30 32 928
