100 37356
22 23 22 23 648
15 15 14 16 400
18 18 19 18 498
23 25 24 24 698
22 22 24 22 634
27 27 25 27 783
8 8 9 7 159
12 11 10 12 275
33 33 34 33 993
19 17 17 19 493
6 5 6 5 76
7 7 6 8 136
32 31 30 31 926
24 25 26 24 713
19 20 20 19 544
8 7 7 8 147
16 18 18 16 462
33 32 31 32 959
19 19 19 21 545
26 27 27 28 793
23 21 22 22 620
31 29 29 29 871
31 33 32 32 962
11 13 13 11 297
25 23 24 24 686
9 9 8 10 202
10 8 8 8 178
32 30 30 32 922
3 3 3 4 8
10 10 8 10 222
26 26 26 24 740
33 33 35 33 997
9 9 9 11 215
32 31 31 30 921
5 6 7 5 86
25 25 24 25 721
9 7 7 9 163
12 12 12 12 296
18 17 18 18 481
21 19 19 20 550
11 13 13 12 306
21 23 22 22 632
25 23 23 24 682
9 8 9 8 175
15 13 14 14 356
15 13 13 14 352
27 25 25 27 757
14 14 15 13 357
26 24 24 24 706
15 16 16 15 412
31 31 32 31 927
32 32 31 33 961
7 8 7 8 153
17 18 18 17 478
18 19 18 18 507
24 24 24 25 701
16 14 15 15 389
32 30 30 32 922
3 4 4 3 16
5 6 7 5 86
15 16 17 15 416
14 15 14 15 384
4 6 6 6 84
19 19 18 20 532
13 13 14 12 324
28 28 28 28 824
4 4 3 5 37
26 25 25 24 723
13 13 12 14 334
33 31 31 32 946
8 8 8 8 164
29 28 29 28 835
32 31 31 31 930
12 13 13 12 313
21 20 19 20 563
31 29 30 30 884
6 7 7 6 115
16 15 15 16 411
25 26 25 26 747
21 21 21 19 575
3 3 2 4 4
32 32 32 33 965
17 19 18 18 500
31 31 32 31 927
21 21 21 23 611
28 29 30 29 854
15 14 14 13 360
3 3 4 3 3
19 20 20 19 544
11 9 9 11 229
20 20 21 19 555
9 8 9 9 184
25 25 24 25 721
15 14 14 13 360
5 7 7 6 108
30 29 29 29 864
18 17 17 18 477
26 26 26 24 740
15 16 15 16 417
10 11 12 11 260
