750 264569
6 4 4 4 46
4 4 4 6 50
15 16 16 15 412
20 22 22 20 594
9 7 7 9 163
19 20 20 19 544
23 24 23 23 672
21 20 19 20 563
18 18 18 19 503
25 24 25 25 712
17 17 16 18 466
21 21 19 21 585
17 17 17 16 452
19 21 21 20 570
15 16 17 15 416
14 14 15 13 357
6 6 7 5 93
21 21 22 21 597
30 30 30 29 881
9 10 11 10 227
32 32 34 32 964
31 32 32 33 958
4 3 2 3 2
30 32 31 31 929
8 9 9 8 181
33 32 33 32 967
27 29 29 27 825
20 18 18 19 517
30 28 28 28 838
19 20 19 19 540
31 29 29 31 889
3 3 3 5 17
17 17 17 17 461
23 24 23 24 681
34 32 32 32 970
33 33 33 33 989
30 29 29 29 864
11 12 12 11 280
16 17 17 17 454
15 15 14 15 391
23 23 24 23 663
20 19 19 20 543
32 31 32 32 943
33 33 34 32 984
11 11 11 12 272
24 24 24 25 701
8 7 7 8 147
32 31 32 31 934
11 12 11 12 285
30 30 30 29 881
19 20 19 19 540
20 20 18 20 552
11 10 9 10 233
12 12 10 12 288
18 18 18 18 494
25 24 25 24 703
9 11 11 9 231
11 9 9 11 229
20 20 18 20 552
8 9 10 8 185
8 7 7 7 138
6 7 6 7 120
29 28 29 28 835
7 7 7 7 131
3 3 3 4 8
28 29 30 29 854
32 32 31 32 952
12 11 12 11 274
28 28 29 28 828
32 33 34 33 986
32 31 30 31 926
17 17 17 19 479
24 24 24 24 692
32 34 34 33 999
8 10 10 10 216
21 19 19 19 541
10 10 12 10 238
14 15 16 14 383
11 9 9 10 220
5 5 4 6 70
29 28 28 29 840
30 30 30 31 899
26 28 28 27 801
22 20 20 21 583
17 16 17 16 439
9 9 9 10 206
12 12 12 13 305
25 27 27 26 768
5 3 4 4 26
26 25 24 26 737
15 15 17 15 403
14 12 12 13 319
14 15 15 16 397
5 6 7 6 95
5 5 4 5 61
26 28 28 26 792
15 16 17 15 416
34 33 32 33 992
30 31 31 32 925
25 25 25 26 734
22 22 22 24 644
13 13 14 12 324
18 17 16 18 473
7 5 5 7 97
15 14 15 15 382
11 11 12 11 267
5 6 7 5 86
20 19 18 19 530
25 25 25 24 716
27 26 25 26 761
14 14 14 13 353
18 19 20 19 524
26 26 25 26 754
10 9 9 9 204
12 11 12 12 283
14 13 12 13 332
13 13 13 12 320
32 32 31 33 961
15 14 15 15 382
30 31 31 31 916
12 10 10 11 253
28 30 29 29 863
11 9 9 11 229
7 7 5 7 123
21 22 23 22 623
29 29 30 29 861
26 24 25 25 719
19 20 20 20 553
18 17 17 16 459
21 23 23 23 645
12 11 11 12 279
32 33 34 32 977
23 22 22 23 642
22 24 24 22 660
30 30 31 29 885
34 33 33 32 987
15 15 15 17 413
19 19 18 19 523
24 23 24 23 670
32 32 32 32 956
32 32 32 33 965
24 24 22 24 684
16 16 16 18 446
21 22 23 22 623
12 14 13 13 335
33 33 33 33 989
27 25 26 26 752
11 12 11 12 285
9 9 9 9 197
30 30 30 29 881
15 14 14 13 360
10 10 10 8 212
24 25 26 24 713
14 13 12 13 332
28 26 26 27 781
21 20 20 21 576
13 15 14 14 368
17 17 18 17 465
13 12 12 11 294
10 11 11 10 247
26 28 28 27 801
26 25 25 24 723
21 21 21 23 611
27 27 29 27 799
13 13 15 13 337
22 22 23 22 630
8 10 10 8 198
17 18 18 17 478
6 7 7 6 115
17 16 17 17 448
10 10 10 9 221
12 12 12 10 278
16 16 16 16 428
11 12 12 13 298
26 27 27 27 784
24 25 26 24 713
22 23 22 23 648
30 29 30 29 868
16 16 16 16 428
14 12 12 13 319
25 25 25 23 707
4 5 6 4 53
14 15 14 14 375
10 11 11 12 265
32 30 30 32 922
10 10 8 10 222
7 9 9 7 165
12 14 13 13 335
15 16 16 15 412
27 27 28 26 786
14 15 15 15 388
31 30 31 30 901
32 33 33 34 991
18 16 16 18 460
30 30 30 29 881
12 10 10 11 253
20 18 19 19 521
29 29 31 29 865
10 12 12 12 282
6 5 4 5 68
11 10 9 10 233
18 17 16 17 464
18 20 20 20 546
31 29 29 31 889
29 28 29 28 835
15 15 17 15 403
22 23 24 22 647
30 29 29 28 855
9 8 7 8 167
14 14 14 15 371
15 15 15 15 395
13 11 11 11 277
12 11 11 10 261
5 6 6 6 91
21 20 21 20 571
29 29 31 29 865
19 21 21 20 570
22 22 21 22 622
6 6 6 5 89
27 26 26 25 756
12 11 12 11 274
8 6 6 6 112
32 32 32 32 956
32 34 34 33 999
23 24 23 24 681
12 11 11 12 279
21 21 23 21 601
34 33 32 33 992
9 8 8 8 171
23 23 25 23 667
16 15 15 16 411
14 15 15 16 397
7 9 8 8 170
13 15 15 15 381
13 12 11 12 299
12 12 14 12 304
20 20 20 21 569
30 29 30 30 877
8 8 7 9 169
22 23 23 22 643
21 23 23 22 636
11 10 10 11 246
27 27 27 25 773
10 11 10 10 243
10 10 11 10 234
30 30 29 31 895
30 31 32 30 911
22 22 22 21 617
11 11 12 11 267
21 21 21 20 584
13 15 15 13 363
20 18 18 19 517
13 13 14 12 324
25 24 24 23 690
6 7 7 8 133
5 3 4 4 26
12 11 11 12 279
6 6 6 6 98
25 26 26 25 742
10 12 12 10 264
6 6 8 6 106
6 4 5 5 59
17 17 17 15 443
4 6 5 5 71
6 8 7 7 137
13 11 11 12 286
7 5 5 7 97
12 11 11 10 261
8 8 9 8 168
4 3 3 3 6
4 5 5 4 49
15 15 14 16 400
11 13 13 13 315
27 26 26 27 774
6 7 6 7 120
14 12 12 12 310
10 11 10 10 243
17 15 15 16 418
28 29 29 30 859
7 7 7 5 113
32 32 32 31 947
24 24 25 24 696
7 7 7 5 113
33 32 31 32 959
25 24 23 24 695
18 18 19 17 489
26 25 24 26 737
18 19 19 20 529
30 30 29 31 895
11 12 13 11 284
13 11 11 11 277
18 18 18 17 485
3 4 3 3 12
4 3 4 4 19
13 12 12 11 294
24 23 24 24 679
18 19 19 19 520
27 27 27 25 773
15 14 15 15 382
25 27 26 26 764
8 8 9 8 168
21 23 23 22 636
18 17 17 17 468
32 31 31 31 930
24 24 24 23 683
30 30 30 32 908
11 10 9 11 242
31 32 31 32 945
10 9 9 9 204
17 15 15 17 427
12 13 14 12 317
16 16 14 16 420
16 16 16 18 446
14 13 13 14 345
27 27 27 25 773
18 20 20 19 537
33 32 32 33 972
13 12 11 12 299
20 20 21 20 564
3 3 3 5 17
25 25 25 25 725
27 27 28 26 786
22 24 24 24 678
25 23 24 24 686
3 3 4 3 3
27 27 26 27 787
24 24 24 22 674
6 8 8 7 141
29 31 30 30 896
31 32 31 32 945
23 23 21 23 651
23 23 25 23 667
10 10 12 10 238
10 10 11 10 234
10 11 12 11 260
3 3 4 3 3
23 22 23 22 637
12 10 10 12 262
15 15 15 15 395
32 30 30 30 904
11 9 9 9 211
8 6 6 8 130
18 16 16 18 460
5 5 4 5 61
16 16 17 16 432
22 22 23 22 630
28 29 30 28 845
15 15 15 13 377
32 33 34 33 986
19 18 19 19 514
16 16 16 14 410
16 16 17 16 432
31 29 29 31 889
24 22 22 23 649
10 11 11 11 256
28 27 26 28 803
8 8 7 9 169
29 29 28 29 853
22 21 22 22 613
10 9 9 8 195
25 27 26 26 764
22 24 23 23 665
20 19 18 19 530
11 10 11 10 241
12 12 11 13 301
29 29 28 29 853
25 24 23 25 704
5 5 7 5 73
19 18 18 19 510
22 22 23 22 630
24 24 24 25 701
6 6 6 4 80
31 31 32 31 927
7 7 6 7 127
8 10 10 10 216
31 30 29 30 893
4 3 4 4 19
13 14 13 14 351
27 27 27 28 800
5 4 5 5 52
7 6 7 6 109
32 32 32 34 974
27 26 25 27 770
17 19 19 18 504
14 13 13 12 327
5 6 6 7 100
6 7 6 7 120
13 14 15 14 359
27 27 27 26 782
29 29 28 30 862
6 8 7 7 137
27 28 28 29 826
32 31 31 31 930
15 16 16 15 412
31 31 31 31 923
15 16 15 15 408
23 21 22 22 620
3 4 5 4 29
12 13 13 13 322
7 6 5 6 101
22 24 24 22 660
6 7 7 8 133
27 29 28 28 830
17 16 17 16 439
17 16 15 16 431
32 30 31 31 917
28 27 26 28 803
24 25 25 25 718
29 29 29 31 875
3 3 3 4 8
32 32 33 31 951
26 28 28 27 801
5 7 7 6 108
29 27 27 27 805
16 17 16 16 441
22 22 22 21 617
18 19 20 18 515
24 23 24 24 679
5 3 3 4 22
13 13 13 12 320
8 8 9 8 168
17 17 15 17 453
29 29 29 30 866
30 32 32 30 924
28 28 29 27 819
4 4 5 4 36
24 26 25 25 731
31 31 29 31 915
15 14 15 14 373
24 25 25 25 718
13 15 14 14 368
19 20 20 19 544
20 19 19 20 543
16 15 14 15 398
7 8 9 8 161
10 9 8 10 209
29 27 27 27 805
21 21 20 22 598
14 14 13 14 358
32 32 32 33 965
8 7 8 8 151
6 7 6 6 111
17 15 15 17 427
18 18 18 17 485
28 28 28 27 815
11 12 11 11 276
10 10 9 10 226
10 11 10 11 252
30 28 28 30 856
22 24 24 24 678
3 5 5 3 33
23 22 21 23 638
16 14 15 15 389
7 7 5 7 123
30 28 28 29 847
8 9 10 8 185
24 25 25 24 709
7 7 7 6 122
32 30 30 30 904
18 18 16 18 486
14 14 14 14 362
5 5 5 3 47
26 26 24 26 750
24 24 24 24 692
30 29 29 29 864
16 16 18 16 436
28 30 30 29 867
30 29 30 30 877
11 11 10 12 268
8 8 8 7 155
33 32 33 32 967
4 4 5 4 36
22 23 24 23 656
20 21 21 21 586
4 4 4 4 32
11 10 11 10 241
19 19 20 18 522
6 6 5 7 103
25 24 25 25 712
18 18 16 18 486
4 3 4 3 10
9 9 10 8 192
31 33 33 31 957
24 24 23 25 697
29 31 30 30 896
12 12 11 13 301
25 24 25 25 712
5 5 6 4 60
3 3 2 4 4
17 17 16 18 466
17 17 17 19 479
11 10 10 10 237
12 11 11 11 270
16 15 16 16 415
22 22 24 22 634
8 7 8 8 151
7 6 7 7 118
8 8 7 9 169
7 7 7 9 149
31 30 29 31 902
8 8 8 7 155
16 15 14 15 398
3 3 2 4 4
23 24 24 24 685
14 13 13 12 327
26 28 28 26 792
23 22 22 23 642
5 5 7 5 73
29 28 29 28 835
10 8 8 9 187
16 16 15 17 433
16 14 14 15 385
20 21 20 21 582
24 23 22 23 662
20 20 21 20 564
20 22 22 21 603
11 10 10 10 237
10 10 10 12 248
17 19 19 18 504
27 27 27 28 800
32 34 33 33 995
18 18 16 18 486
10 10 10 10 230
20 19 20 19 538
11 13 13 13 315
25 27 27 27 777
7 7 8 6 126
8 7 6 8 143
27 29 29 28 834
16 14 15 15 389
29 29 31 29 865
7 6 6 6 105
18 18 18 16 476
26 26 28 26 766
21 23 22 22 632
27 29 29 27 825
9 10 10 10 223
30 32 31 31 929
28 30 29 29 863
33 32 31 32 959
8 8 8 10 182
18 18 16 18 486
10 9 9 8 195
7 7 6 7 127
24 25 26 25 722
19 19 19 20 536
30 31 32 31 920
25 23 24 24 686
26 25 24 26 737
6 4 4 4 46
11 13 13 12 306
24 25 25 26 727
25 26 26 25 742
13 12 13 13 316
28 29 29 30 859
25 27 26 26 764
32 32 32 33 965
26 25 25 25 732
30 32 32 32 942
6 6 6 5 89
7 7 9 7 139
13 11 12 12 290
7 5 5 6 88
18 19 18 19 516
15 15 15 16 404
23 22 23 22 637
23 23 24 23 663
4 4 4 6 50
10 10 10 12 248
24 23 23 23 666
4 4 4 4 32
13 15 15 13 363
5 7 6 6 104
28 27 27 27 798
5 5 7 5 73
29 29 29 30 866
31 31 31 32 932
18 19 20 18 515
17 17 17 19 479
18 18 18 19 503
10 11 10 10 243
26 26 26 27 767
4 4 6 4 40
12 10 10 12 262
17 16 16 15 426
3 5 5 3 33
12 10 10 10 244
21 21 21 19 575
18 16 16 16 442
30 31 31 31 916
4 6 6 5 75
3 4 4 3 16
30 32 31 31 929
7 6 5 6 101
16 17 17 16 445
27 27 26 27 787
30 30 30 28 872
12 10 10 10 244
34 33 33 32 987
14 15 15 16 397
12 12 12 10 278
22 22 22 23 635
17 17 15 17 453
28 30 30 29 867
4 3 2 4 11
32 33 33 32 973
17 18 18 17 478
10 8 8 9 187
18 17 18 18 481
15 14 14 13 360
21 21 20 22 598
4 6 5 5 71
13 15 14 14 368
12 11 11 10 261
13 12 12 11 294
20 20 20 22 578
14 16 15 15 401
10 11 10 11 252
15 15 15 17 413
17 16 17 17 448
34 32 32 32 970
9 8 7 8 167
12 12 11 13 301
33 33 33 32 980
24 22 22 23 649
22 21 21 20 591
20 21 22 21 590
8 7 7 7 138
28 30 29 29 863
14 15 14 15 384
22 22 20 22 618
33 33 34 32 984
11 10 10 9 228
30 30 29 31 895
16 15 14 16 407
20 22 22 20 594
15 17 17 16 438
30 30 30 30 890
23 24 24 25 694
10 10 9 10 226
23 24 24 25 694
5 5 5 4 56
11 11 10 11 259
31 30 30 30 897
6 8 8 8 150
27 27 27 27 791
13 12 13 12 307
5 4 3 4 35
30 30 30 28 872
9 9 10 8 192
33 32 33 32 967
24 25 26 24 713
24 22 22 22 640
16 14 14 14 376
14 14 16 14 370
17 15 15 17 427
15 15 17 15 403
5 5 7 5 73
9 10 9 10 219
20 18 18 20 526
4 4 2 4 24
15 14 13 15 374
4 4 4 5 41
21 23 22 22 632
25 25 25 26 734
33 33 31 33 981
10 10 10 8 212
4 4 4 2 14
21 20 21 20 571
9 10 11 9 218
7 7 6 8 136
24 25 24 25 714
13 12 11 13 308
20 20 19 21 565
28 28 28 26 806
14 14 15 14 366
6 5 5 4 63
21 19 19 20 550
27 27 29 27 799
4 5 4 5 54
22 22 21 22 622
33 33 31 33 981
8 7 6 8 143
22 20 21 21 587
29 28 27 28 827
29 30 30 30 883
5 4 5 4 43
29 29 29 27 839
30 31 32 30 911
18 17 17 16 459
32 33 34 33 986
28 27 27 28 807
11 13 12 12 302
28 26 26 27 781
20 21 22 21 590
32 31 31 31 930
9 9 11 9 205
13 12 11 13 308
21 22 23 21 614
26 27 28 27 788
19 20 19 20 549
4 5 5 4 49
18 18 17 19 499
8 9 8 8 177
22 21 20 22 605
11 10 11 10 241
30 28 29 29 851
27 29 29 27 825
21 21 21 23 611
10 10 9 10 226
21 21 23 21 601
6 8 7 7 137
25 25 25 24 716
31 29 30 30 884
5 4 3 5 44
11 12 13 12 293
18 18 16 18 486
11 10 11 11 250
11 12 12 12 289
3 3 3 5 17
9 7 7 9 163
25 26 27 26 755
10 9 8 9 200
21 20 20 19 558
18 20 20 18 528
8 7 6 8 143
27 28 27 28 813
22 22 22 24 644
26 26 28 26 766
24 24 26 24 700
28 27 26 27 794
34 32 32 33 979
20 21 21 21 586
4 5 5 6 67
13 11 12 12 290
29 27 27 27 805
10 10 8 10 222
20 21 22 21 590
2 3 3 4 1
10 9 10 10 217
18 18 18 20 512
18 18 20 18 502
26 26 24 26 750
32 31 32 31 934
21 22 22 23 628
10 8 8 8 178
6 5 6 5 76
29 28 28 28 831
31 31 32 31 927
26 24 24 24 706
