500 101586
30 30 32 30 898
27 27 28 26 786
13 15 15 13 363
29 31 31 31 909
12 14 14 12 330
9 9 9 8 188
34 33 33 33 996
5 4 3 4 35
10 9 9 9 204
13 13 13 15 347
21 21 22 20 588
6 8 7 7 137
5 5 4 5 61
23 22 21 22 629
27 27 26 27 787
6 8 8 7 141
15 17 17 17 447
26 24 25 25 719
17 18 18 17 478
31 33 33 32 966
4 4 3 4 28
24 25 25 24 709
29 27 27 28 814
8 9 9 9 190
11 11 10 11 259
18 18 19 18 498
12 11 12 12 283
22 22 22 21 617
15 14 15 14 373
20 19 19 19 534
22 22 22 21 617
8 8 8 7 155
13 15 15 15 381
13 12 11 13 308
32 30 30 31 913
33 33 35 33 997
8 8 8 6 146
31 30 30 30 897
29 31 31 30 900
5 5 6 5 69
34 32 33 33 983
27 28 29 28 821
28 26 26 28 790
22 21 21 21 600
4 3 3 3 6
24 24 25 24 696
16 16 17 15 423
26 27 28 27 788
22 23 24 23 656
30 28 29 29 851
9 9 7 9 189
11 11 12 11 267
13 14 14 14 355
6 5 5 6 81
31 31 33 31 931
25 27 27 26 768
13 13 15 13 337
20 18 19 19 521
18 19 20 19 524
27 25 25 25 739
22 22 21 22 622
13 15 15 15 381
7 8 9 7 152
16 15 14 16 407
28 26 26 28 790
27 27 27 27 791
7 7 7 7 131
18 20 20 20 546
12 11 10 12 275
6 7 8 7 128
33 33 34 33 993
15 16 16 17 430
24 24 23 25 697
9 7 7 8 154
11 12 12 12 289
25 25 25 26 734
17 17 15 17 453
26 26 27 26 762
32 31 32 32 943
19 18 19 18 505
18 18 19 18 498
19 21 21 19 561
6 6 5 7 103
14 14 14 13 353
8 7 8 7 142
26 26 26 25 749
18 19 20 19 524
6 4 4 4 46
28 29 29 28 841
30 31 31 32 925
7 8 7 8 153
22 22 21 22 622
9 9 9 7 179
31 31 30 32 928
4 3 4 4 19
14 14 14 14 362
5 4 4 3 30
34 33 32 33 992
14 12 13 13 323
13 13 12 13 325
3 5 5 4 42
22 22 20 22 618
5 5 6 4 60
16 14 15 15 389
22 24 24 22 660
30 31 31 30 907
11 12 11 12 285
25 27 26 26 764
11 12 12 13 298
27 26 26 25 756
27 28 27 28 813
25 25 26 24 720
9 10 11 10 227
22 21 22 22 613
5 5 4 5 61
17 19 19 18 504
9 9 9 8 188
33 31 31 31 937
19 20 20 20 553
15 15 16 15 399
29 31 30 30 896
13 12 11 12 299
22 24 24 22 660
12 14 13 13 335
25 26 25 25 738
16 16 15 17 433
15 16 15 15 408
26 24 24 25 715
32 32 32 32 956
6 4 4 4 46
30 29 30 30 877
11 11 10 11 259
12 14 13 13 335
29 29 29 30 866
27 29 29 29 843
14 16 16 14 396
24 22 22 23 649
18 18 20 18 502
8 9 9 9 190
14 15 14 14 375
26 26 26 26 758
17 16 15 17 440
22 22 22 20 608
17 19 19 17 495
11 11 10 12 268
21 21 19 21 585
5 5 7 5 73
20 20 20 18 542
21 21 21 19 575
4 3 2 3 2
21 21 19 21 585
10 8 8 9 187
7 7 6 8 136
3 5 5 5 51
4 4 5 4 36
24 25 26 25 722
28 27 28 27 802
10 10 9 10 226
15 16 17 16 425
6 6 4 6 90
13 15 15 14 372
15 17 17 15 429
15 14 15 15 382
8 6 7 7 125
26 27 27 28 793
10 8 8 10 196
15 14 14 15 378
15 16 16 17 430
19 21 21 19 561
8 6 6 7 121
34 33 33 32 987
9 9 8 10 202
12 12 12 10 278
22 22 22 20 608
14 15 15 15 388
28 29 30 28 845
29 27 27 28 814
16 16 15 16 424
2 4 3 3 5
12 12 12 11 287
5 6 6 7 100
19 19 18 19 523
9 8 9 8 175
34 33 34 33 1000
24 24 22 24 684
19 19 19 19 527
20 18 18 18 508
27 26 26 25 756
12 13 13 12 313
8 10 9 9 203
11 13 12 12 302
13 12 13 12 307
32 32 31 33 961
19 19 19 18 518
11 12 12 13 298
8 10 10 9 207
10 12 12 11 273
13 12 11 13 308
14 14 12 14 354
28 26 26 28 790
8 10 10 10 216
4 6 6 4 66
7 6 5 7 110
25 26 26 27 760
28 26 26 28 790
23 24 23 23 672
19 18 18 17 492
33 33 33 31 971
8 8 10 8 172
27 27 27 28 800
3 4 4 5 34
10 9 8 10 209
2 4 3 3 5
8 7 6 7 134
8 8 6 8 156
26 24 24 25 715
32 33 32 33 978
18 19 20 19 524
19 19 19 17 509
22 21 20 22 605
28 27 27 27 798
10 9 10 9 208
15 14 14 13 360
25 26 25 26 747
26 28 27 27 797
17 19 19 17 495
27 27 27 25 773
30 30 31 30 894
30 29 30 30 877
14 14 14 16 380
27 29 29 27 825
20 20 20 21 569
14 14 13 15 367
17 17 17 19 479
24 26 26 25 735
4 4 5 3 27
29 31 30 30 896
30 31 31 32 925
18 20 20 19 537
14 13 13 14 345
5 5 5 4 56
14 15 15 15 388
32 31 32 32 943
13 11 11 13 295
29 29 28 29 853
22 21 21 20 591
10 9 8 10 209
16 18 17 17 467
19 19 20 19 531
22 24 24 24 678
30 30 30 31 899
11 12 11 11 276
30 31 31 32 925
30 31 31 31 916
21 19 20 20 554
7 7 5 7 123
7 8 9 8 161
14 14 13 15 367
14 14 13 15 367
26 28 28 26 792
15 15 14 16 400
8 8 9 7 159
12 13 12 12 309
18 17 18 18 481
12 12 12 13 305
13 13 14 12 324
30 30 30 28 872
3 4 5 3 20
17 17 17 19 479
24 25 25 24 709
22 22 21 23 631
18 19 20 18 515
19 19 19 19 527
13 15 15 14 372
22 21 21 21 600
18 19 19 20 529
22 22 23 22 630
18 16 16 16 442
12 12 11 13 301
10 10 8 10 222
15 16 15 15 408
26 25 25 25 732
19 20 20 19 544
14 14 15 13 357
8 8 8 8 164
20 20 21 19 555
27 25 25 26 748
4 3 2 4 11
26 24 24 26 724
27 28 28 28 817
12 14 13 13 335
9 9 9 8 188
18 19 19 19 520
13 13 15 13 337
19 20 19 20 549
30 30 28 30 882
21 21 20 22 598
27 26 27 26 769
29 29 28 30 862
32 30 31 31 917
6 6 6 4 80
16 17 18 16 449
32 32 30 32 948
13 13 15 13 337
5 4 4 3 30
24 25 24 24 705
14 13 14 13 340
7 6 5 7 110
28 27 26 27 794
20 22 22 20 594
27 25 26 26 752
6 6 7 6 102
24 22 23 23 653
7 5 5 6 88
19 19 19 21 545
4 3 4 3 10
4 5 4 4 45
32 33 33 32 973
6 6 6 8 116
22 24 24 24 678
34 33 34 33 1000
28 27 26 28 803
22 22 23 21 621
5 4 5 4 43
20 21 21 22 595
24 23 24 24 679
25 26 26 25 742
30 30 30 31 899
26 25 25 24 723
11 12 12 12 289
25 23 24 24 686
24 26 26 24 726
30 32 32 32 942
29 30 31 30 887
12 12 10 12 288
7 8 8 7 148
22 24 24 23 669
30 29 30 29 868
12 10 10 11 253
9 9 9 8 188
12 12 12 11 287
16 15 14 16 407
34 32 32 34 988
24 26 25 25 731
21 19 19 21 559
28 27 27 27 798
12 14 13 13 335
2 3 3 4 1
13 15 15 14 372
21 21 20 21 589
28 30 30 29 867
31 31 31 32 932
30 30 31 30 894
13 13 13 11 311
7 5 5 5 79
6 5 5 4 63
9 10 9 10 219
18 18 19 18 498
26 25 24 25 728
26 27 27 28 793
25 24 23 24 695
3 3 2 4 4
10 8 8 10 196
22 22 22 22 626
25 26 25 25 738
4 4 6 4 40
17 15 15 17 427
11 10 9 11 242
29 29 27 29 849
17 19 19 17 495
23 24 24 25 694
15 15 13 15 387
3 4 4 3 16
32 31 32 32 943
15 13 13 13 343
19 19 17 19 519
29 31 31 29 891
25 24 25 25 712
14 14 14 14 362
13 11 12 12 290
29 31 31 29 891
13 15 14 14 368
13 12 12 13 312
7 9 9 9 183
14 14 14 13 353
6 6 6 5 89
9 7 8 8 158
28 28 28 29 833
16 18 17 17 467
15 14 14 13 360
15 15 14 15 391
32 33 33 34 991
11 9 9 9 211
15 16 16 15 412
17 17 17 19 479
4 3 2 3 2
24 24 22 24 684
9 9 9 8 188
10 10 10 11 239
28 29 28 29 846
28 26 27 27 785
16 16 14 16 420
7 7 7 9 149
32 30 30 31 913
18 18 18 18 494
4 4 5 4 36
10 9 9 10 213
23 23 23 21 641
6 4 4 4 46
28 28 29 27 819
29 28 28 29 840
16 14 14 14 376
5 5 5 4 56
33 33 33 33 989
27 26 27 26 769
23 22 21 22 629
11 10 10 9 228
9 10 10 10 223
11 11 13 11 271
15 16 16 15 412
7 8 7 8 153
25 23 23 24 682
20 20 22 20 568
33 32 32 32 963
10 11 11 12 265
32 31 31 31 930
3 5 5 5 51
32 33 34 33 986
28 29 30 29 854
23 23 22 23 655
9 7 7 7 145
20 18 18 18 508
24 25 26 24 713
25 24 24 24 699
4 5 5 6 67
28 30 30 29 867
17 15 16 16 422
21 19 19 20 550
15 14 14 15 378
4 5 5 4 49
16 16 16 14 410
28 27 27 27 798
33 33 31 33 981
28 30 30 30 876
26 26 27 26 762
32 33 33 32 973
10 10 11 9 225
20 18 19 19 521
7 7 7 5 113
12 14 14 12 330
25 26 26 25 742
32 34 33 33 995
26 24 24 26 724
5 5 5 6 74
21 21 21 23 611
24 23 23 22 657
6 6 6 7 107
14 13 13 12 327
7 9 9 8 174
18 18 18 16 476
22 22 20 22 618
7 7 8 6 126
13 11 11 13 295
25 24 23 24 695
28 27 27 28 807
3 3 4 3 3
24 24 22 24 684
14 13 14 14 349
25 25 26 24 720
16 17 17 18 463
3 3 3 5 17
29 29 29 27 839
18 18 16 18 486
29 29 27 29 849
19 20 21 20 557
13 11 11 12 286
28 27 28 27 802
5 5 7 5 73
27 27 26 27 787
13 11 11 13 295
10 10 10 8 212
9 10 11 9 218
4 5 4 5 54
19 17 18 18 488
28 29 29 29 850
17 16 16 16 435
20 22 21 21 599
22 22 22 24 644
29 27 27 27 805
5 5 4 5 61
22 21 20 21 596
18 18 17 19 499
17 19 19 17 495
20 21 21 20 577
26 26 27 26 762
5 3 4 4 26
24 22 22 24 658
22 23 22 23 648
7 7 7 5 113
30 29 29 30 873
