750 120962
8 8 9 7 159
4 4 5 3 27
21 22 23 21 614
34 33 32 33 992
29 28 29 28 835
28 27 26 28 803
19 18 17 18 497
5 6 6 7 100
32 30 30 30 904
25 25 26 24 720
9 8 9 8 175
13 13 14 12 324
20 18 18 20 526
22 22 22 23 635
13 15 14 14 368
31 31 32 30 918
19 20 21 20 557
16 14 14 14 376
8 8 8 10 182
31 31 31 32 932
15 13 14 14 356
33 32 32 31 954
26 28 27 27 797
22 22 22 22 626
11 11 13 11 271
33 31 31 33 955
20 20 20 21 569
18 18 18 16 476
17 18 19 17 482
12 14 14 14 348
26 25 24 25 728
23 21 21 21 607
6 7 7 7 124
2 4 3 3 5
5 6 6 5 82
11 12 11 12 285
8 6 6 7 121
5 4 5 4 43
24 24 24 26 710
32 33 33 33 982
25 24 25 25 712
23 22 23 23 646
7 9 9 7 165
26 28 27 27 797
5 4 4 3 30
23 24 24 24 685
5 5 5 3 47
11 10 10 11 246
27 25 26 26 752
33 32 31 32 959
9 10 10 10 223
14 14 15 13 357
12 13 12 13 318
13 11 11 12 286
8 6 6 6 112
24 22 22 24 658
29 28 28 28 831
8 8 8 9 173
32 32 31 32 952
24 26 26 25 735
17 16 16 17 444
22 22 21 22 622
28 27 27 27 798
23 23 24 22 654
7 8 8 8 157
32 31 30 31 926
27 29 29 29 843
25 24 25 25 712
19 19 18 19 523
17 17 18 16 456
4 6 6 4 66
14 13 12 13 332
29 29 29 28 848
29 29 29 29 857
15 16 16 16 421
31 30 29 31 902
19 17 18 18 488
19 18 18 17 492
28 27 28 27 802
10 11 10 11 252
10 10 10 9 221
5 7 7 6 108
6 5 5 4 63
5 5 5 3 47
17 16 17 16 439
20 20 20 22 578
9 11 11 9 231
25 24 24 25 708
21 21 21 20 584
6 6 5 6 94
28 29 30 28 845
14 15 15 16 397
4 3 2 4 11
23 25 25 24 702
25 23 23 24 682
14 15 15 15 388
15 17 17 17 447
23 22 22 23 642
26 24 24 24 706
11 11 12 10 258
13 13 14 12 324
7 8 9 7 152
31 32 32 32 949
14 15 15 16 397
19 18 17 19 506
30 30 28 30 882
25 24 24 23 690
4 3 2 3 2
8 7 8 8 151
13 13 13 11 311
9 10 10 10 223
8 10 10 10 216
17 17 18 17 465
28 28 27 29 829
32 33 33 34 991
26 28 28 28 810
24 26 26 25 735
14 13 14 13 340
19 19 19 18 518
16 17 18 17 458
6 6 6 8 116
3 4 5 3 20
29 31 30 30 896
29 29 28 30 862
19 17 18 18 488
28 27 26 28 803
30 30 31 30 894
13 13 13 13 329
20 19 18 20 539
26 24 24 25 715
9 9 9 7 179
9 11 10 10 236
17 18 17 18 483
28 29 28 29 846
25 24 24 24 699
28 27 27 26 789
3 5 5 5 51
34 33 34 33 1000
7 6 6 5 96
4 3 3 3 6
23 22 22 21 624
33 32 32 32 963
14 14 15 13 357
30 29 28 30 869
24 24 24 23 683
9 9 11 9 205
32 32 32 32 956
15 14 13 14 365
15 16 15 15 408
5 4 4 3 30
13 12 12 12 303
15 14 14 13 360
5 3 3 4 22
19 20 20 19 544
9 8 7 8 167
15 16 16 15 412
18 17 18 17 472
18 17 16 18 473
12 14 14 12 330
31 31 29 31 915
8 10 10 8 198
19 21 21 20 570
4 4 4 4 32
5 6 5 5 78
32 32 30 32 948
19 20 21 19 548
20 20 22 20 568
30 32 31 31 929
11 11 11 13 281
14 14 14 14 362
22 23 22 23 648
7 7 9 7 139
3 3 2 4 4
2 3 3 4 1
16 17 16 17 450
24 23 22 24 671
19 19 19 20 536
28 27 27 26 789
15 14 15 15 382
11 13 12 12 302
23 23 23 21 641
28 28 26 28 816
15 16 17 16 425
17 19 18 18 500
26 25 25 25 732
31 29 29 30 880
30 30 29 31 895
8 7 8 8 151
19 17 18 18 488
3 3 5 3 7
11 13 13 11 297
21 21 22 20 588
10 11 12 11 260
16 16 16 18 446
29 27 28 28 818
33 32 33 33 976
33 32 32 33 972
29 30 29 29 870
5 6 7 5 86
21 20 20 20 567
12 10 10 10 244
4 6 6 6 84
32 33 32 32 969
23 24 24 25 694
9 10 10 11 232
25 27 26 26 764
4 5 5 4 49
22 22 21 23 631
20 21 21 21 586
4 5 6 5 62
9 8 8 7 162
14 16 16 16 414
26 26 26 26 758
23 24 23 23 672
12 14 13 13 335
24 24 23 24 688
13 15 15 13 363
27 28 27 28 813
25 26 26 27 760
34 32 32 32 970
22 23 23 24 661
23 23 24 23 663
14 13 12 13 332
17 18 17 18 483
17 16 17 17 448
20 19 20 19 538
27 27 27 28 800
14 13 14 14 349
12 14 14 13 339
23 22 22 21 624
13 13 15 13 337
21 21 21 21 593
27 25 25 26 748
19 18 17 19 506
12 10 10 10 244
31 31 32 31 927
15 15 16 15 399
5 5 4 5 61
16 14 14 14 376
3 4 5 4 29
11 12 12 13 298
4 6 6 6 84
30 30 30 31 899
6 6 6 4 80
29 29 30 28 852
32 31 30 32 935
8 9 9 9 190
27 29 28 28 830
9 10 11 9 218
30 29 28 30 869
9 11 10 10 236
23 22 23 23 646
13 11 11 12 286
5 6 6 7 100
28 29 30 29 854
29 30 30 30 883
6 7 7 6 115
10 9 9 8 195
33 33 33 32 980
11 11 10 11 259
29 27 28 28 818
20 18 19 19 521
31 31 31 33 941
6 7 8 7 128
24 25 26 24 713
27 28 29 28 821
18 19 19 19 520
15 15 14 16 400
9 7 7 7 145
15 16 15 16 417
22 22 20 22 618
16 16 16 17 437
5 4 5 4 43
20 18 18 19 517
9 7 7 9 163
6 7 7 6 115
4 4 3 5 37
14 15 14 14 375
24 24 24 25 701
12 11 12 11 274
18 19 20 19 524
14 15 14 14 375
4 5 4 5 54
13 15 15 14 372
24 23 23 24 675
14 12 12 13 319
7 7 5 7 123
32 33 33 34 991
10 10 11 9 225
23 22 22 21 624
13 13 14 12 324
8 8 6 8 156
25 23 23 24 682
29 27 28 28 818
8 7 6 8 143
9 11 10 10 236
23 22 22 23 642
23 24 24 25 694
24 24 23 24 688
21 23 23 23 645
13 14 15 14 359
13 13 13 12 320
4 4 4 2 14
24 25 25 24 709
30 30 29 31 895
20 21 21 20 577
20 18 18 20 526
21 20 21 21 580
10 10 10 8 212
30 32 31 31 929
6 7 7 7 124
16 16 16 14 410
30 29 28 30 869
28 29 29 29 850
23 23 23 25 677
13 13 13 15 347
32 32 33 32 960
3 4 4 3 16
11 10 11 11 250
27 25 25 26 748
27 28 27 27 804
33 33 35 33 997
33 33 35 33 997
26 25 26 25 736
20 19 20 20 547
5 6 5 6 87
21 22 23 21 614
30 30 28 30 882
10 11 11 10 247
20 21 21 22 595
11 9 9 10 220
30 30 32 30 898
27 27 26 28 796
11 9 9 10 220
17 18 18 18 487
24 24 22 24 684
12 13 13 14 331
4 5 5 4 49
29 30 31 30 887
27 26 26 27 774
23 23 25 23 667
22 23 22 22 639
14 14 13 15 367
33 33 31 33 981
20 21 20 20 573
20 19 19 19 534
4 4 6 4 40
11 13 12 12 302
25 24 23 25 704
6 6 6 5 89
31 32 32 33 958
19 17 18 18 488
26 26 26 25 749
31 30 29 31 902
9 8 8 7 162
9 7 7 7 145
18 16 16 17 451
5 6 6 7 100
23 24 24 25 694
32 31 32 32 943
34 32 33 33 983
33 32 33 32 967
20 22 22 21 603
10 12 12 12 282
8 8 6 8 156
12 12 10 12 288
7 6 5 7 110
11 10 9 10 233
12 10 11 11 257
15 15 15 13 377
12 12 12 10 278
14 15 15 15 388
32 33 34 33 986
21 21 21 20 584
22 22 22 24 644
10 8 9 9 191
25 26 25 26 747
30 30 30 31 899
33 32 31 32 959
23 23 23 23 659
5 5 5 4 56
8 8 8 9 173
34 32 33 33 983
8 7 6 7 134
14 15 14 14 375
17 18 18 19 496
30 31 31 32 925
10 10 10 11 239
30 30 30 29 881
9 9 9 7 179
16 14 14 14 376
9 8 7 9 176
9 8 7 8 167
33 33 32 33 985
11 11 10 12 268
33 32 32 32 963
21 21 19 21 585
11 11 11 10 254
10 8 8 9 187
14 13 13 12 327
9 8 8 9 180
11 12 12 11 280
30 30 31 30 894
9 11 11 9 231
24 24 24 26 710
29 29 29 27 839
19 21 21 20 570
9 9 9 11 215
14 14 16 14 370
5 3 3 4 22
25 24 24 24 699
18 18 19 17 489
15 16 17 15 416
19 19 19 21 545
14 14 13 15 367
15 17 17 15 429
19 19 19 19 527
8 10 10 8 198
18 16 16 18 460
18 20 20 18 528
26 26 28 26 766
33 31 31 33 955
17 15 15 15 409
30 31 32 30 911
8 7 8 8 151
25 25 25 23 707
20 20 19 20 556
18 17 16 17 464
8 6 6 8 130
18 17 18 18 481
6 5 4 6 77
21 22 22 23 628
29 30 30 30 883
7 7 7 8 140
29 28 29 28 835
21 21 21 21 593
9 8 7 9 176
14 14 14 16 380
5 6 6 6 91
12 14 14 13 339
22 24 24 23 669
22 21 20 21 596
25 25 23 25 717
16 18 18 16 462
27 25 25 26 748
2 3 3 4 1
7 5 5 5 79
17 15 15 16 418
27 27 27 27 791
6 5 4 6 77
10 9 9 10 213
11 9 9 10 220
12 12 10 12 288
20 20 20 22 578
26 28 28 28 810
32 32 32 30 938
22 20 20 22 592
27 28 28 29 826
21 21 22 21 597
32 32 32 30 938
20 19 20 19 538
31 32 31 32 945
18 19 18 19 516
31 31 29 31 915
6 7 7 6 115
30 30 30 32 908
23 24 25 24 689
23 21 21 22 616
6 8 8 7 141
30 29 29 29 864
4 4 2 4 24
32 33 33 33 982
27 27 26 28 796
19 19 19 18 518
16 16 16 15 419
17 15 15 16 418
7 6 5 6 101
17 15 15 16 418
27 29 28 28 830
33 33 34 33 993
20 22 21 21 599
9 7 7 8 154
12 14 13 13 335
13 14 14 14 355
13 11 11 11 277
23 23 24 22 654
28 29 29 28 841
14 15 14 15 384
33 33 32 33 985
32 32 31 33 961
9 8 8 9 180
28 27 28 28 811
16 14 14 14 376
14 13 13 13 336
12 10 10 11 253
16 14 14 14 376
29 28 28 29 840
20 21 22 20 581
22 22 22 24 644
7 9 9 8 174
17 16 17 17 448
12 12 12 14 314
18 17 17 17 468
7 7 8 7 135
7 6 5 7 110
5 3 3 4 22
22 24 24 22 660
21 21 21 22 602
23 23 24 23 663
16 14 15 15 389
27 25 26 26 752
24 26 26 25 735
29 29 27 29 849
12 13 13 12 313
16 16 16 17 437
7 7 5 7 123
4 4 3 5 37
17 16 15 17 440
12 12 11 12 292
7 6 6 6 105
13 14 13 14 351
3 4 3 4 21
27 26 26 26 765
29 29 29 30 866
19 19 17 19 519
24 23 24 24 679
27 27 27 25 773
26 24 25 25 719
19 20 21 19 548
21 19 19 19 541
7 9 9 8 174
16 16 16 15 419
26 24 24 24 706
7 7 8 7 135
9 7 7 7 145
18 17 17 16 459
18 18 17 18 490
13 14 13 14 351
9 8 7 8 167
13 13 13 11 311
19 19 19 18 518
8 8 9 8 168
26 27 27 26 775
9 9 8 9 193
32 32 32 33 965
21 22 21 22 615
23 23 21 23 651
25 24 23 25 704
4 4 6 4 40
32 32 32 31 947
20 19 19 20 543
6 4 4 5 55
29 27 27 27 805
9 7 7 7 145
16 16 16 18 446
9 9 10 8 192
10 10 11 9 225
31 29 30 30 884
3 4 3 4 21
12 13 12 12 309
11 9 9 11 229
34 33 32 33 992
31 32 31 32 945
30 30 30 30 890
11 10 11 10 241
21 21 20 22 598
26 27 27 27 784
16 14 15 15 389
23 23 24 23 663
32 34 33 33 995
25 23 23 24 682
6 8 8 6 132
24 23 22 24 671
30 31 30 31 912
21 19 19 21 559
24 22 22 24 658
5 5 6 5 69
23 23 22 23 655
12 12 12 10 278
29 29 31 29 865
10 10 12 10 238
27 25 25 25 739
15 14 15 15 382
13 14 13 13 342
28 30 29 29 863
15 15 15 14 386
6 5 5 6 81
11 13 13 12 306
12 13 14 12 317
31 30 31 30 901
22 24 24 24 678
32 33 34 33 986
26 28 27 27 797
4 6 6 5 75
15 14 15 14 373
11 11 11 9 245
18 19 19 19 520
6 6 5 7 103
23 23 22 23 655
10 9 8 10 209
7 6 5 6 101
14 13 12 13 332
17 17 17 15 443
20 20 20 22 578
7 7 8 6 126
24 23 24 23 670
21 21 19 21 585
5 3 3 5 31
24 24 25 24 696
9 9 10 8 192
13 12 12 11 294
22 23 24 23 656
21 20 19 20 563
22 24 23 23 665
13 14 14 13 346
24 23 24 24 679
26 26 26 25 749
32 32 32 30 938
25 25 25 26 734
30 29 30 30 877
12 10 10 11 253
15 13 13 14 352
19 17 18 18 488
11 12 13 11 284
13 14 13 14 351
16 15 16 16 415
29 29 31 29 865
32 32 31 33 961
29 29 30 28 852
31 33 33 33 975
6 8 8 6 132
6 6 6 5 89
20 22 21 21 599
7 7 7 5 113
17 15 15 16 418
5 6 6 6 91
5 6 7 5 86
7 7 7 8 140
13 14 15 14 359
29 31 31 31 909
21 21 22 21 597
28 29 28 28 837
4 3 4 4 19
4 4 5 4 36
32 34 34 32 990
9 8 7 8 167
16 17 16 17 450
8 7 7 6 129
25 25 25 25 725
31 30 29 31 902
30 32 32 31 933
14 13 13 12 327
20 20 21 20 564
28 26 27 27 785
15 15 17 15 403
12 14 14 14 348
23 25 25 23 693
25 26 25 25 738
28 26 26 26 772
20 20 18 20 552
16 15 15 15 402
28 26 26 27 781
31 32 32 32 949
14 15 16 14 383
15 16 15 15 408
11 9 9 9 211
6 6 4 6 90
23 21 21 23 625
5 5 4 5 61
21 19 19 21 559
13 15 15 15 381
4 6 6 5 75
17 18 18 19 496
8 9 8 8 177
13 13 15 13 337
6 7 8 7 128
5 6 6 7 100
5 4 3 5 44
11 11 13 11 271
10 12 12 11 273
12 10 10 12 262
29 29 27 29 849
27 29 29 29 843
33 32 31 33 968
31 32 33 31 944
11 9 9 9 211
15 14 14 13 360
30 30 30 32 908
28 28 28 28 824
19 18 18 17 492
28 28 28 26 806
29 28 28 27 822
33 31 31 31 937
5 4 3 5 44
15 16 17 15 416
5 6 7 6 95
17 17 17 16 452
7 6 6 6 105
5 5 7 5 73
18 19 20 19 524
17 15 16 16 422
31 31 31 30 914
7 5 6 6 92
25 25 27 25 733
24 25 26 25 722
19 19 18 20 532
17 16 16 16 435
31 31 31 30 914
27 27 25 27 783
28 29 30 28 845
10 11 12 11 260
4 4 5 4 36
26 28 27 27 797
18 18 19 17 489
28 28 28 26 806
12 13 12 13 318
30 30 30 28 872
5 6 7 5 86
22 22 23 22 630
28 28 28 28 824
5 5 6 5 69
9 10 9 10 219
13 13 12 14 334
14 15 15 14 379
19 20 19 19 540
20 19 19 18 525
31 32 33 32 953
21 21 21 22 602
19 19 19 20 536
14 16 15 15 401
34 33 32 33 992
7 9 9 7 165
5 4 3 5 44
14 15 14 15 384
8 9 10 8 185
17 17 18 17 465
15 15 15 16 404
27 26 27 26 769
16 16 16 14 410
32 32 30 32 948
18 18 18 20 512
8 8 8 8 164
31 31 30 32 928
18 19 19 18 511
20 19 19 20 543
22 21 20 21 596
27 27 26 28 796
9 8 7 8 167
23 24 25 24 689
3 5 5 3 33
