50 17832
19 20 20 19 544
3 3 4 3 3
25 25 27 25 733
10 9 10 9 208
29 29 31 29 865
25 25 26 24 720
13 14 13 14 351
16 14 14 14 376
33 32 33 32 967
11 13 13 13 315
3 4 3 4 21
10 10 10 8 212
16 17 18 16 449
23 22 21 23 638
5 7 7 5 99
29 30 29 30 879
5 5 6 5 69
30 30 31 29 885
21 19 19 21 559
29 29 27 29 849
33 32 31 33 968
17 15 15 15 409
25 23 23 23 673
17 16 16 16 435
10 11 10 10 243
25 25 24 26 730
2 4 4 3 9
5 5 6 5 69
21 21 21 21 593
23 23 22 24 664
28 29 29 29 850
32 33 32 32 969
28 26 27 27 785
32 32 32 32 956
11 11 13 11 271
21 23 23 21 627
24 25 26 25 722
9 9 9 10 206
26 26 27 25 753
15 16 15 15 408
28 29 30 28 845
15 15 17 15 403
33 33 32 33 985
8 9 8 8 177
17 17 18 17 465
12 12 12 11 287
23 23 23 25 677
23 21 21 21 607
22 23 23 23 652
18 17 16 17 464
