750 161208
31 30 29 31 902
17 16 15 17 440
28 28 28 27 815
24 22 22 23 649
8 8 10 8 172
25 23 23 24 682
10 10 9 11 235
33 32 32 31 954
16 15 14 15 398
21 19 19 19 541
30 30 30 32 908
11 9 10 10 224
8 8 8 10 182
23 23 23 24 668
4 4 6 4 40
4 5 5 6 67
19 17 17 18 484
34 32 32 32 970
13 11 11 13 295
27 25 25 26 748
19 18 17 18 497
4 4 4 6 50
14 13 14 14 349
27 28 27 28 813
10 10 10 12 248
5 4 5 5 52
21 22 22 22 619
27 29 28 28 830
18 19 18 18 507
27 29 29 27 825
7 6 6 5 96
33 32 31 32 959
14 14 14 13 353
4 3 2 4 11
28 28 28 30 842
22 22 20 22 618
6 5 6 5 76
18 19 18 19 516
28 27 27 27 798
7 7 6 7 127
27 27 27 28 800
29 31 31 29 891
19 20 20 19 544
32 34 34 33 999
6 5 6 6 85
30 30 32 30 898
24 25 24 24 705
31 31 30 31 919
32 32 32 31 947
9 9 10 8 192
9 8 8 8 171
31 31 31 30 914
11 11 11 10 254
15 14 14 15 378
8 6 6 6 112
23 23 24 22 654
31 33 33 33 975
30 28 28 29 847
12 11 12 12 283
24 24 24 26 710
29 28 29 28 835
10 10 12 10 238
27 25 25 27 757
27 26 26 25 756
29 28 28 29 840
6 8 7 7 137
32 32 32 30 938
8 9 9 8 181
19 18 17 19 506
11 10 10 11 246
16 18 18 16 462
31 31 31 30 914
26 27 26 27 780
21 22 23 21 614
28 28 28 29 833
15 16 16 17 430
23 23 23 25 677
23 25 24 24 698
17 15 15 17 427
2 3 3 4 1
25 26 25 26 747
6 7 7 7 124
16 17 17 17 454
15 17 17 15 429
13 14 14 14 355
28 30 29 29 863
9 9 9 8 188
17 16 16 17 444
31 31 30 32 928
29 29 29 28 848
22 21 20 22 605
27 25 25 26 748
15 16 15 15 408
7 5 6 6 92
26 25 25 25 732
32 33 32 32 969
19 21 21 19 561
31 31 31 33 941
19 20 20 21 562
3 4 5 3 20
12 12 12 12 296
23 24 25 23 680
22 22 23 22 630
17 17 18 16 456
28 27 27 27 798
23 21 22 22 620
20 19 18 19 530
20 20 20 21 569
26 25 26 25 736
21 22 21 22 615
3 5 5 3 33
24 24 23 25 697
8 10 10 10 216
24 23 24 24 679
32 31 31 31 930
18 19 18 19 516
19 21 21 20 570
19 19 20 19 531
25 26 26 27 760
12 12 11 12 292
16 16 14 16 420
22 23 23 22 643
3 5 5 4 42
4 3 2 3 2
17 18 18 19 496
17 19 19 17 495
22 24 24 22 660
13 13 12 13 325
29 27 27 29 823
16 15 15 14 393
17 17 16 17 457
12 11 11 10 261
3 4 4 4 25
31 31 31 29 905
9 10 11 10 227
9 8 7 8 167
16 16 16 16 428
19 18 17 19 506
11 12 12 11 280
32 33 32 33 978
26 27 26 26 771
28 30 30 30 876
7 5 5 5 79
7 6 6 7 114
18 18 16 18 486
8 9 9 9 190
19 19 19 21 545
21 21 21 20 584
24 23 23 22 657
16 16 15 17 433
14 15 15 15 388
8 9 10 8 185
18 19 19 20 529
8 8 9 7 159
26 28 28 28 810
10 11 10 11 252
15 15 16 15 399
20 20 21 20 564
31 32 33 32 953
33 33 34 33 993
16 16 17 15 423
20 20 20 22 578
15 14 13 14 365
9 10 9 9 210
5 3 3 5 31
18 18 16 18 486
22 21 22 22 613
10 9 9 10 213
25 26 27 26 755
25 27 26 26 764
8 9 10 8 185
14 15 15 14 379
22 22 22 20 608
18 20 20 18 528
7 6 5 6 101
21 22 22 23 628
25 25 25 27 743
26 26 26 26 758
14 13 13 13 336
21 21 21 21 593
24 25 26 24 713
11 10 9 11 242
19 21 21 20 570
29 30 29 30 879
27 29 29 28 834
11 10 9 11 242
13 14 14 14 355
7 5 5 7 97
11 12 11 11 276
33 33 32 34 994
16 16 15 17 433
19 18 18 17 492
10 9 8 9 200
22 21 20 21 596
25 25 27 25 733
24 23 22 23 662
8 8 8 10 182
27 26 26 26 765
18 18 17 18 490
20 21 22 21 590
15 14 13 14 365
4 4 4 3 23
22 23 24 23 656
16 16 16 14 410
15 15 15 13 377
23 21 21 23 625
23 21 22 22 620
19 20 21 19 548
12 12 11 13 301
16 15 15 16 411
16 18 17 17 467
17 17 17 15 443
4 3 3 4 15
27 27 28 27 795
8 8 6 8 156
6 6 5 6 94
14 14 14 13 353
25 23 24 24 686
4 4 3 4 28
15 15 15 15 395
16 14 14 15 385
5 5 5 3 47
31 31 31 30 914
26 26 26 27 767
19 19 18 19 523
7 8 9 7 152
34 32 32 32 970
7 9 9 8 174
4 3 3 3 6
20 18 19 19 521
25 24 24 24 699
5 6 5 6 87
23 21 22 22 620
17 16 17 17 448
28 30 30 30 876
26 26 28 26 766
7 8 9 8 161
22 23 23 24 661
5 5 6 4 60
31 30 29 31 902
14 16 16 16 414
4 6 5 5 71
20 20 21 19 555
23 23 22 23 655
5 6 7 5 86
30 30 30 31 899
13 12 13 12 307
5 6 6 6 91
23 22 23 23 646
18 19 19 19 520
31 31 31 32 932
28 30 30 30 876
13 12 13 12 307
4 3 4 4 19
11 10 9 11 242
2 4 3 3 5
31 32 31 31 936
24 24 24 25 701
31 33 32 32 962
16 16 16 14 410
26 26 28 26 766
9 8 9 9 184
19 20 19 20 549
20 19 18 19 530
3 4 4 4 25
26 28 27 27 797
31 29 29 29 871
26 26 25 27 763
6 5 5 6 81
31 33 33 31 957
4 4 4 3 23
30 31 30 30 903
15 16 16 16 421
6 6 7 6 102
7 9 9 9 183
10 10 10 10 230
4 6 6 5 75
10 11 11 12 265
4 3 3 4 15
20 22 22 20 594
9 8 7 9 176
29 30 29 30 879
7 6 6 6 105
25 26 26 26 751
9 7 7 8 154
27 26 26 25 756
13 13 12 14 334
12 12 12 12 296
21 22 22 22 619
31 31 33 31 931
18 16 16 17 451
26 28 27 27 797
8 7 6 7 134
12 10 11 11 257
30 28 28 28 838
28 26 27 27 785
33 33 35 33 997
14 13 13 13 336
23 23 22 23 655
15 16 16 17 430
6 7 8 7 128
31 29 30 30 884
26 26 26 25 749
12 14 14 14 348
5 6 6 7 100
13 15 15 15 381
27 26 27 27 778
29 29 28 29 853
17 16 17 17 448
25 26 26 27 760
7 7 8 7 135
5 5 6 5 69
32 32 32 30 938
15 14 14 13 360
7 5 5 6 88
28 30 30 29 867
5 5 4 6 70
28 27 27 27 798
12 12 12 12 296
8 9 8 8 177
9 8 7 8 167
11 13 13 13 315
7 6 5 6 101
9 10 10 9 214
9 10 10 11 232
6 7 8 6 119
30 29 30 30 877
15 17 17 17 447
11 11 10 12 268
8 9 9 9 190
7 7 7 9 149
18 18 18 18 494
11 10 10 10 237
28 28 28 29 833
8 7 6 8 143
12 14 14 12 330
20 18 18 19 517
33 33 33 33 989
31 32 32 33 958
23 23 23 25 677
29 29 29 31 875
24 26 25 25 731
32 32 31 33 961
12 12 13 11 291
24 26 26 25 735
31 30 29 31 902
11 11 11 13 281
6 6 6 4 80
20 20 22 20 568
34 33 32 33 992
20 20 19 20 556
23 21 21 22 616
12 12 11 13 301
16 18 18 18 480
6 6 6 5 89
17 15 16 16 422
13 12 12 13 312
15 17 17 17 447
24 24 26 24 700
28 27 27 28 807
29 29 28 30 862
24 24 24 26 710
27 29 29 27 825
4 5 5 4 49
30 28 28 30 856
4 6 6 4 66
12 11 12 12 283
30 30 30 30 890
32 30 30 30 904
3 5 5 3 33
24 26 26 24 726
6 5 5 5 72
9 8 7 8 167
18 19 20 18 515
24 25 26 24 713
19 19 18 20 532
7 8 9 7 152
5 4 4 5 48
17 18 19 17 482
15 16 15 16 417
25 27 26 26 764
26 24 24 25 715
28 28 27 29 829
4 3 4 4 19
11 11 12 11 267
33 33 33 32 980
10 11 12 10 251
16 17 16 17 450
13 11 11 12 286
22 24 24 23 669
29 28 27 28 827
19 17 17 17 475
24 25 25 26 727
32 33 33 33 982
8 7 8 7 142
29 28 28 29 840
14 15 15 14 379
4 4 4 6 50
11 12 13 11 284
27 27 27 28 800
30 30 30 29 881
14 13 13 13 336
4 4 4 5 41
25 24 24 24 699
25 25 25 24 716
27 28 27 28 813
17 16 16 17 444
26 26 24 26 750
22 21 21 22 609
6 6 5 7 103
19 18 18 17 492
14 14 13 14 358
33 33 33 31 971
19 19 19 17 509
15 14 13 14 365
9 7 7 8 154
32 34 33 33 995
10 10 8 10 222
10 10 10 8 212
23 23 21 23 651
13 13 15 13 337
22 23 23 22 643
31 31 31 31 923
20 19 19 19 534
7 7 6 8 136
15 13 14 14 356
11 12 13 11 284
18 18 18 17 485
22 22 21 23 631
9 8 8 8 171
30 32 31 31 929
4 3 4 4 19
33 32 32 32 963
8 10 10 8 198
26 26 26 28 776
26 25 24 25 728
23 22 22 21 624
17 18 17 17 474
29 29 29 29 857
15 17 16 16 434
31 32 32 33 958
13 14 15 14 359
31 32 32 32 949
12 12 11 12 292
18 18 17 18 490
23 23 23 21 641
22 22 22 23 635
7 8 8 7 148
7 5 5 6 88
22 23 22 22 639
27 26 27 27 778
4 4 5 3 27
31 30 31 31 910
9 11 10 10 236
9 8 7 9 176
26 26 27 26 762
15 15 14 15 391
29 29 29 31 875
30 29 30 29 868
8 7 8 8 151
24 26 26 25 735
8 9 10 8 185
4 4 4 5 41
25 25 26 24 720
15 15 13 15 387
31 31 30 32 928
29 31 30 30 896
6 5 5 5 72
31 32 32 33 958
15 15 15 13 377
23 22 23 22 637
25 25 27 25 733
11 11 11 12 272
4 4 3 4 28
7 5 6 6 92
22 22 23 21 621
18 18 19 18 498
20 19 20 19 538
34 32 32 34 988
6 5 5 6 81
5 3 4 4 26
21 22 23 21 614
22 22 24 22 634
22 22 20 22 618
23 21 21 22 616
25 24 25 25 712
17 19 19 17 495
32 31 32 32 943
13 14 15 13 350
30 30 30 32 908
22 21 20 21 596
13 12 12 12 303
31 32 31 32 945
16 16 16 14 410
12 14 14 12 330
18 17 16 18 473
15 15 16 15 399
23 23 25 23 667
28 27 27 27 798
20 20 21 20 564
19 20 20 19 544
34 32 32 32 970
10 8 8 10 196
26 26 24 26 750
4 5 6 5 62
4 6 6 5 75
7 7 6 7 127
8 9 8 8 177
28 29 29 29 850
11 11 10 12 268
13 15 15 15 381
20 19 19 18 525
27 27 25 27 783
27 27 27 27 791
19 17 18 18 488
15 15 15 16 404
21 22 23 21 614
5 6 7 5 86
21 20 20 21 576
18 18 18 17 485
17 18 18 18 487
7 9 9 9 183
3 5 5 4 42
28 30 30 28 858
25 25 25 26 734
19 20 21 20 557
32 33 32 33 978
32 31 31 32 939
18 19 19 20 529
5 5 5 4 56
26 28 28 26 792
13 14 14 14 355
9 10 10 11 232
3 4 3 4 21
34 33 33 33 996
19 19 18 20 532
15 15 16 15 399
25 25 25 26 734
7 6 7 7 118
33 33 32 33 985
21 23 22 22 632
6 6 7 5 93
31 30 29 31 902
32 33 34 33 986
13 11 11 11 277
14 16 16 15 405
9 11 11 9 231
13 13 13 11 311
24 24 22 24 684
7 8 7 8 153
30 28 29 29 851
8 8 9 8 168
27 25 25 27 757
19 19 18 20 532
5 6 7 6 95
24 23 23 24 675
7 7 7 7 131
30 30 31 30 894
20 21 21 21 586
16 17 17 18 463
3 5 5 5 51
30 29 30 29 868
17 17 15 17 453
14 13 13 12 327
24 23 24 24 679
18 17 17 16 459
31 31 30 32 928
11 11 10 12 268
14 15 15 14 379
31 30 29 30 893
18 17 16 18 473
5 6 7 5 86
13 15 15 13 363
25 27 26 26 764
22 20 21 21 587
9 7 8 8 158
6 4 5 5 59
2 3 3 4 1
14 15 15 16 397
9 8 8 8 171
29 28 28 28 831
11 10 9 11 242
7 7 7 6 122
9 9 11 9 205
30 32 32 30 924
2 3 3 4 1
20 21 22 21 590
29 31 31 31 909
5 4 5 5 52
9 9 7 9 189
21 21 22 20 588
21 21 20 22 598
28 29 30 28 845
19 21 21 20 570
26 27 26 26 771
13 14 13 13 342
24 23 23 22 657
6 4 5 5 59
23 23 25 23 667
8 8 8 10 182
14 14 14 14 362
13 13 13 15 347
12 11 12 11 274
8 8 6 8 156
9 9 9 9 197
32 33 34 33 986
17 18 17 18 483
17 17 17 16 452
12 13 13 14 331
6 5 5 6 81
18 16 17 17 455
4 4 5 4 36
18 17 17 18 477
25 25 23 25 717
27 28 27 28 813
18 20 19 19 533
31 31 32 31 927
32 32 30 32 948
19 18 18 17 492
6 6 7 5 93
32 32 32 33 965
20 19 20 20 547
26 27 26 26 771
6 8 8 6 132
15 13 13 14 352
18 20 20 20 546
9 9 8 9 193
25 25 26 24 720
6 7 6 7 120
10 8 9 9 191
20 19 18 20 539
12 11 12 12 283
16 15 15 15 402
30 30 31 30 894
11 13 12 12 302
8 9 9 9 190
29 29 28 29 853
6 4 4 5 55
9 11 11 9 231
14 14 14 15 371
29 29 28 30 862
7 5 6 6 92
27 25 25 26 748
13 13 15 13 337
29 29 31 29 865
6 4 4 5 55
9 9 7 9 189
28 26 26 27 781
7 8 8 8 157
22 22 23 21 621
10 8 8 9 187
25 25 25 24 716
30 32 32 30 924
10 11 10 10 243
24 23 24 23 670
22 23 22 22 639
3 4 3 3 12
16 14 14 14 376
17 15 15 16 418
11 12 12 12 289
31 30 30 31 906
25 27 27 25 759
3 4 3 4 21
18 18 20 18 502
14 13 13 12 327
9 9 9 8 188
5 5 4 5 61
4 4 5 4 36
18 20 20 20 546
9 8 9 9 184
3 4 5 3 20
14 14 14 15 371
19 18 18 18 501
22 22 22 21 617
18 19 19 20 529
3 4 4 4 25
26 27 27 27 784
32 32 34 32 964
9 8 7 8 167
23 23 24 22 654
29 27 28 28 818
18 18 18 16 476
3 5 5 5 51
15 14 14 14 369
20 21 21 22 595
18 19 19 20 529
18 18 18 18 494
34 32 32 33 979
10 10 10 12 248
24 25 25 26 727
6 5 5 4 63
14 14 12 14 354
6 4 4 5 55
29 27 27 27 805
18 20 20 20 546
18 18 17 18 490
22 24 24 24 678
27 29 29 27 825
17 19 19 19 513
21 20 20 20 567
11 11 10 12 268
30 30 30 29 881
6 6 6 8 116
21 20 20 19 558
19 21 21 19 561
15 16 16 15 412
32 32 33 31 951
15 14 15 14 373
4 4 3 4 28
23 22 22 22 633
24 22 22 22 640
12 12 10 12 288
12 12 13 11 291
27 25 26 26 752
20 20 20 22 578
11 11 11 13 281
7 8 8 9 166
6 4 4 6 64
16 16 16 17 437
27 29 29 27 825
18 18 18 18 494
6 8 7 7 137
27 26 25 27 770
16 16 15 16 424
22 21 21 22 609
21 20 21 21 580
5 4 4 3 30
11 10 10 11 246
11 11 11 13 281
7 7 8 6 126
14 15 16 14 383
23 24 24 24 685
12 11 10 12 275
21 21 22 20 588
30 30 29 30 886
33 32 32 32 963
13 14 15 14 359
18 20 20 19 537
29 31 30 30 896
18 19 19 20 529
23 24 25 23 680
13 12 11 13 308
4 4 5 4 36
24 25 25 25 718
13 13 12 14 334
8 7 8 8 151
4 3 3 3 6
33 32 33 32 967
10 9 8 10 209
29 27 28 28 818
