500 71973
8 10 10 8 198
22 21 21 20 591
13 11 11 11 277
22 23 24 23 656
29 29 28 30 862
29 29 29 29 857
10 10 10 10 230
5 5 6 4 60
33 33 32 33 985
17 17 16 18 466
14 14 16 14 370
23 23 21 23 651
32 33 34 33 986
14 13 12 14 341
17 16 16 17 444
24 25 25 24 709
23 22 21 23 638
14 15 14 15 384
12 11 11 12 279
6 5 4 5 68
20 19 18 19 530
17 17 17 16 452
25 25 23 25 717
21 23 23 21 627
20 18 18 19 517
3 5 5 5 51
32 33 33 34 991
13 13 15 13 337
22 22 20 22 618
15 15 17 15 403
8 7 6 7 134
14 15 15 15 388
17 17 17 19 479
28 30 30 30 876
3 4 5 3 20
21 21 22 21 597
31 32 32 31 940
11 10 9 11 242
31 31 31 33 941
10 10 12 10 238
7 7 5 7 123
10 10 10 9 221
14 12 12 13 319
26 24 24 24 706
25 27 27 27 777
29 31 31 30 900
22 24 24 22 660
10 10 10 10 230
15 15 14 16 400
33 32 33 33 976
13 12 11 12 299
23 22 22 23 642
5 6 7 6 95
24 24 23 25 697
27 27 27 29 809
25 25 24 26 730
21 23 23 23 645
21 21 20 22 598
13 13 15 13 337
6 5 4 5 68
20 19 20 19 538
25 25 25 23 707
11 11 12 11 267
30 31 30 31 912
6 7 8 6 119
16 18 17 17 467
28 26 27 27 785
32 32 33 31 951
28 27 27 27 798
16 16 15 17 433
26 27 26 26 771
10 9 10 9 208
17 15 15 16 418
26 24 24 26 724
8 9 9 9 190
6 8 8 8 150
20 21 22 21 590
30 30 30 28 872
22 22 21 23 631
21 22 21 21 606
5 6 6 5 82
8 8 6 8 156
17 16 15 17 440
16 14 14 16 394
15 14 14 13 360
11 9 10 10 224
28 29 28 28 837
25 24 25 25 712
18 17 17 16 459
21 22 23 21 614
13 15 14 14 368
30 29 28 29 860
26 27 28 26 779
16 17 18 16 449
13 13 11 13 321
5 5 7 5 73
27 27 27 25 773
27 29 29 27 825
25 27 27 25 759
26 24 25 25 719
8 9 9 9 190
10 9 10 9 208
16 14 15 15 389
11 11 10 12 268
28 29 28 28 837
25 23 23 24 682
32 32 32 34 974
8 10 10 10 216
32 34 34 33 999
16 14 14 14 376
7 5 6 6 92
9 11 11 11 249
7 7 8 6 126
13 13 15 13 337
6 8 7 7 137
29 30 29 30 879
24 23 23 24 675
8 8 7 9 169
9 8 7 9 176
13 13 14 13 333
29 27 28 28 818
11 10 10 10 237
24 24 24 24 692
12 10 10 12 262
4 3 4 3 10
12 12 12 11 287
10 9 9 8 195
3 4 3 4 21
13 14 15 13 350
23 21 21 23 625
20 20 20 22 578
12 12 12 14 314
22 20 21 21 587
31 30 29 31 902
21 22 22 23 628
24 25 25 26 727
27 27 28 27 795
21 21 21 19 575
29 30 29 30 879
18 18 18 18 494
33 33 32 33 985
18 19 18 19 516
23 21 22 22 620
24 25 26 24 713
22 20 21 21 587
17 17 18 16 456
5 4 4 3 30
18 18 18 20 512
5 5 7 5 73
25 25 24 26 730
18 16 16 17 451
10 8 8 9 187
14 14 12 14 354
20 21 22 20 581
15 14 14 14 369
24 24 23 25 697
25 24 24 23 690
7 6 6 6 105
9 8 9 8 175
20 19 18 19 530
25 27 27 25 759
6 7 7 7 124
17 17 17 19 479
23 24 24 25 694
28 27 26 27 794
14 14 14 15 371
13 14 15 13 350
10 8 9 9 191
21 22 23 21 614
4 4 5 4 36
12 10 10 12 262
3 5 5 3 33
30 31 32 31 920
18 16 16 17 451
6 5 4 6 77
19 17 18 18 488
22 23 22 22 639
28 26 26 26 772
22 21 20 21 596
19 20 20 19 544
15 15 17 15 403
3 4 4 4 25
8 7 8 7 142
6 7 7 7 124
5 5 5 6 74
24 26 25 25 731
8 7 6 8 143
26 27 28 27 788
11 12 11 12 285
30 30 29 31 895
17 17 18 17 465
22 22 23 22 630
11 13 12 12 302
23 23 22 24 664
12 10 11 11 257
27 28 27 27 804
13 12 13 13 316
33 32 31 32 959
12 12 11 13 301
13 12 13 12 307
30 29 28 30 869
9 7 7 9 163
29 29 30 29 861
8 6 6 6 112
7 6 5 7 110
13 14 14 14 355
5 5 6 5 69
22 22 22 20 608
24 26 26 24 726
17 18 18 17 478
25 26 26 25 742
11 11 11 12 272
6 6 4 6 90
4 6 6 4 66
28 29 29 29 850
10 11 11 11 256
5 3 3 3 13
19 21 21 20 570
32 33 33 33 982
11 9 9 11 229
16 16 14 16 420
2 3 3 4 1
13 14 14 14 355
33 31 31 31 937
11 10 11 10 241
16 15 14 15 398
22 24 24 23 669
21 23 22 22 632
21 19 19 20 550
9 8 8 8 171
27 28 27 28 813
24 22 23 23 653
7 8 8 9 166
17 15 16 16 422
29 28 29 29 844
13 14 14 13 346
31 33 33 31 957
17 19 19 18 504
10 10 10 12 248
18 17 17 18 477
29 30 31 29 878
27 26 26 26 765
22 22 23 22 630
28 26 26 28 790
21 21 20 22 598
8 7 6 8 143
28 27 26 28 803
26 27 28 27 788
30 31 32 30 911
14 13 14 13 340
17 16 15 16 431
10 8 8 10 196
33 33 33 31 971
3 4 4 4 25
11 12 11 11 276
3 3 4 3 3
7 7 9 7 139
26 24 24 25 715
25 23 23 23 673
14 14 14 12 344
10 10 12 10 238
15 16 17 16 425
26 27 27 26 775
30 29 29 28 855
22 22 22 23 635
29 29 28 29 853
9 11 11 9 231
33 32 32 31 954
28 27 28 27 802
12 12 12 11 287
8 7 8 8 151
5 4 3 5 44
22 23 23 23 652
16 17 17 16 445
14 14 14 15 371
25 24 24 25 708
19 18 17 18 497
32 32 34 32 964
30 31 30 31 912
30 30 32 30 898
23 23 24 22 654
7 8 8 9 166
24 24 23 25 697
15 13 13 14 352
22 24 24 24 678
3 4 4 5 34
15 15 14 16 400
12 13 14 12 317
33 33 31 33 981
12 10 10 12 262
10 8 8 9 187
9 8 9 9 184
15 16 15 15 408
30 28 28 28 838
25 24 23 25 704
6 6 6 8 116
19 20 19 20 549
7 7 8 6 126
18 19 19 20 529
14 14 13 14 358
27 28 29 27 812
20 19 18 20 539
16 16 16 17 437
8 7 8 8 151
5 6 6 7 100
6 7 7 6 115
32 31 32 32 943
6 8 8 7 141
19 20 20 19 544
16 15 14 16 407
13 13 13 15 347
24 24 25 24 696
23 25 25 23 693
22 24 24 23 669
17 16 16 15 426
12 12 11 12 292
33 32 33 33 976
4 6 6 6 84
30 30 29 31 895
21 21 22 21 597
12 13 14 13 326
5 6 6 5 82
25 26 26 27 760
6 7 7 6 115
13 15 15 15 381
28 28 29 27 819
12 12 13 11 291
11 9 9 9 211
31 32 32 33 958
22 20 20 22 592
13 12 12 11 294
14 15 15 16 397
18 20 20 19 537
11 10 9 11 242
20 20 21 20 564
17 17 17 18 470
9 7 8 8 158
16 17 16 16 441
8 10 10 8 198
17 15 15 17 427
24 25 25 26 727
6 7 7 6 115
17 18 18 17 478
27 27 27 25 773
15 15 16 15 399
29 28 27 28 827
5 3 3 4 22
23 22 23 23 646
29 30 30 30 883
24 24 24 24 692
18 16 16 16 442
3 4 5 3 20
28 28 29 27 819
24 25 25 25 718
9 9 8 10 202
4 4 3 5 37
26 28 28 28 810
34 33 32 33 992
6 5 5 6 81
22 23 23 24 661
15 15 17 15 403
9 7 7 9 163
7 9 8 8 170
28 27 27 27 798
11 13 12 12 302
5 3 3 4 22
13 13 15 13 337
12 12 14 12 304
4 6 6 4 66
18 20 20 18 528
34 32 33 33 983
23 22 22 22 633
22 24 24 23 669
32 32 32 30 938
22 20 21 21 587
30 30 30 32 908
20 20 20 20 560
21 23 23 23 645
28 28 27 29 829
12 14 14 13 339
28 28 27 29 829
15 15 17 15 403
18 20 20 19 537
6 4 4 5 55
8 7 7 6 129
8 10 10 10 216
9 8 7 8 167
13 13 13 11 311
27 25 25 25 739
31 31 30 31 919
13 13 13 15 347
27 28 28 29 826
23 23 23 21 641
7 6 5 6 101
24 23 22 23 662
20 19 18 20 539
11 12 12 13 298
25 24 24 24 699
12 10 10 11 253
16 14 14 16 394
31 32 31 32 945
11 11 10 11 259
14 14 13 15 367
14 14 15 13 357
22 23 22 23 648
11 12 12 13 298
27 27 25 27 783
14 16 15 15 401
3 5 5 5 51
26 27 27 27 784
21 21 20 21 589
23 22 21 23 638
11 13 13 12 306
10 11 11 11 256
31 31 32 31 927
8 8 8 10 182
2 4 4 4 18
19 20 20 20 553
11 9 10 10 224
14 15 15 15 388
32 33 33 32 973
16 14 14 14 376
9 8 9 9 184
9 9 10 9 201
5 5 5 3 47
21 21 22 21 597
15 16 17 15 416
28 28 28 27 815
25 24 24 24 699
21 22 21 21 606
16 16 16 16 428
6 5 5 6 81
20 20 21 20 564
18 19 19 19 520
18 19 19 18 511
12 13 13 12 313
22 22 23 21 621
25 24 24 24 699
22 21 21 21 600
26 28 28 26 792
15 13 13 15 361
11 13 13 11 297
19 21 20 20 566
18 17 17 18 477
32 33 34 32 977
21 22 22 22 619
28 29 30 28 845
11 9 9 10 220
30 31 30 31 912
13 12 11 13 308
20 20 19 20 556
26 27 27 28 793
15 15 16 15 399
31 30 29 31 902
7 7 7 7 131
14 14 14 16 380
22 24 23 23 665
32 32 30 32 948
32 30 30 32 922
24 25 24 25 714
21 22 22 22 619
31 29 29 29 871
31 32 33 32 953
9 10 11 10 227
29 30 30 30 883
9 8 7 9 176
22 20 20 21 583
12 12 10 12 288
19 18 18 17 492
8 7 8 7 142
20 19 18 20 539
19 19 19 17 509
25 23 23 24 682
32 33 33 34 991
24 23 23 24 675
31 31 31 31 923
17 15 16 16 422
27 29 29 28 834
13 13 14 13 333
15 16 17 15 416
19 17 18 18 488
8 9 10 8 185
26 25 24 26 737
25 24 24 25 708
17 17 15 17 453
28 27 26 28 803
12 12 14 12 304
10 10 9 11 235
17 17 17 16 452
4 5 6 5 62
11 11 10 11 259
18 17 18 18 481
10 8 8 8 178
32 33 34 32 977
3 4 4 4 25
3 3 5 3 7
33 33 32 33 985
20 22 22 22 612
11 11 10 12 268
18 18 18 17 485
