1683 1622 1750 1696 1448 1646 1646 1702 1702 1575 1701 1691 1699 1726 1517 1238 1518 1747 1740 1747 1623 1560 1750 1440 1574 1570 1748 1703 1432 1719 1264 1469 1696 1726 1635 1704 1732 1694 1517 1713 1704 1748 1734 1689 1697 1629 1724 1742 1649 1747 1689 1707 1518 1557 1750 1658 1738 1649 1689 1745 1682 1701 1692 1735 1737 1572 1704 1701 1496 1747 1703 1739 1696 1750 1749

72

2227 2419 2014 2187 2966 2344 2344 2167 2166 2566 2169 2202 2176 2090 2748 3629 2746 2026 2047 2026 2414 2613 2015 2991 2568 2583 2022 2164 3018 2112 3547 2899 2186 2089 2378 2161 2073 2190 2748 2130 2159 2021 2065 2206 2183 2395 2098 2041 2333 2026 2207 2151 2746 2624 2014 2304 2051 2333 2207 2029 2231 2170 2197 2064 2056 2576 2161 2170 2816 2026 2164 2048 2186 2014 2019

23.999841699706497 16.00075808497099 13.999580100968494 45.999783870280815

29495.0

0	0	0	0	0	0	0	0	0	0	0	0	0	0	0	28300	0	0	0	0	0	0	0	0	8200	8500	0	0	16900	0	26900	0	0	0	0	0	0	0	11700	0	0	0	0	0	0	0	0	0	2900	0	0	0	0	9300	0	0	0	2900	0	0	400	0	0	0	0	8400	0	0	0	0	0	0	0	0	0
33100	0	20000	32400	0	2000	2000	31700	7700	0	31700	6200	32000	27000	0	61400	0	17000	15000	22200	0	0	20000	0	41300	41600	21600	31500	50000	28600	60000	0	32400	12000	900	31500	26500	32500	44800	9600	31400	21300	26000	6000	7000	500	11500	15500	36000	17000	6000	31000	0	42400	20000	3000	14600	36000	6000	16700	33500	31700	6400	26000	25000	41500	31500	7500	0	17000	7800	23600	32400	20000	20000
13100	0	0	12400	0	0	0	11700	0	0	11700	0	12000	7000	0	41400	0	0	0	2200	0	0	0	0	21300	21600	1600	11500	30000	8600	40000	0	12400	0	0	11500	6500	12500	24800	0	11400	1300	6000	0	0	0	0	0	16000	0	0	11000	0	22400	0	0	0	16000	0	0	13500	11700	0	6000	5000	21500	11500	0	0	0	0	3600	12400	0	0
700	0	0	0	0	0	0	0	0	0	0	0	0	0	0	29000	0	0	0	0	0	0	0	0	8900	9200	0	0	17600	0	27600	0	0	0	0	0	0	100	12400	0	0	0	0	0	0	0	0	0	3600	0	0	0	0	10000	0	0	0	3600	0	0	1100	0	0	0	0	9100	0	0	0	0	0	0	0	0	0
44900	11800	31800	44200	0	13800	13800	43500	19500	8300	43500	18000	43800	38800	4300	73200	4300	28800	26800	34000	11800	7200	31800	0	53100	53400	33400	43300	61800	40400	71800	1300	44200	23800	12700	43300	38300	44300	56600	21400	43200	33100	37800	17800	18800	12300	23300	27300	47800	28800	17800	42800	4300	54200	31800	14800	26400	47800	17800	28500	45300	43500	18200	37800	36800	53300	43300	19300	3100	28800	19600	35400	44200	31800	31800
31100	0	18000	30400	0	0	0	29700	5700	0	29700	4200	30000	25000	0	59400	0	15000	13000	20200	0	0	18000	0	39300	39600	19600	29500	48000	26600	58000	0	30400	10000	0	29500	24500	30500	42800	7600	29400	19300	24000	4000	5000	0	9500	13500	34000	15000	4000	29000	0	40400	18000	1000	12600	34000	4000	14700	31500	29700	4400	24000	23000	39500	29500	5500	0	15000	5800	21600	30400	18000	18000
31100	0	18000	30400	0	0	0	29700	5700	0	29700	4200	30000	25000	0	59400	0	15000	13000	20200	0	0	18000	0	39300	39600	19600	29500	48000	26600	58000	0	30400	10000	0	29500	24500	30500	42800	7600	29400	19300	24000	4000	5000	0	9500	13500	34000	15000	4000	29000	0	40400	18000	1000	12600	34000	4000	14700	31500	29700	4400	24000	23000	39500	29500	5500	0	15000	5800	21600	30400	18000	18000
1400	0	0	700	0	0	0	0	0	0	0	0	300	0	0	29700	0	0	0	0	0	0	0	0	9600	9900	0	0	18300	0	28300	0	700	0	0	0	0	800	13100	0	0	0	0	0	0	0	0	0	4300	0	0	0	0	10700	0	0	0	4300	0	0	1800	0	0	0	0	9800	0	0	0	0	0	0	700	0	0
25400	0	12300	24700	0	0	0	24000	0	0	24000	0	24300	19300	0	53700	0	9300	7300	14500	0	0	12300	0	33600	33900	13900	23800	42300	20900	52300	0	24700	4300	0	23800	18800	24800	37100	1900	23700	13600	18300	0	0	0	3800	7800	28300	9300	0	23300	0	34700	12300	0	6900	28300	0	9000	25800	24000	0	18300	17300	33800	23800	0	0	9300	100	15900	24700	12300	12300
36600	3500	23500	35900	0	5500	5500	35200	11200	0	35200	9700	35500	30500	0	64900	0	20500	18500	25700	3500	0	23500	0	44800	45100	25100	35000	53500	32100	63500	0	35900	15500	4400	35000	30000	36000	48300	13100	34900	24800	29500	9500	10500	4000	15000	19000	39500	20500	9500	34500	0	45900	23500	6500	18100	39500	9500	20200	37000	35200	9900	29500	28500	45000	35000	11000	0	20500	11300	27100	35900	23500	23500
1400	0	0	700	0	0	0	0	0	0	0	0	300	0	0	29700	0	0	0	0	0	0	0	0	9600	9900	0	0	18300	0	28300	0	700	0	0	0	0	800	13100	0	0	0	0	0	0	0	0	0	4300	0	0	0	0	10700	0	0	0	4300	0	0	1800	0	0	0	0	9800	0	0	0	0	0	0	700	0	0
26900	0	13800	26200	0	0	0	25500	1500	0	25500	0	25800	20800	0	55200	0	10800	8800	16000	0	0	13800	0	35100	35400	15400	25300	43800	22400	53800	0	26200	5800	0	25300	20300	26300	38600	3400	25200	15100	19800	0	800	0	5300	9300	29800	10800	0	24800	0	36200	13800	0	8400	29800	0	10500	27300	25500	200	19800	18800	35300	25300	1300	0	10800	1600	17400	26200	13800	13800
1100	0	0	400	0	0	0	0	0	0	0	0	0	0	0	29400	0	0	0	0	0	0	0	0	9300	9600	0	0	18000	0	28000	0	400	0	0	0	0	500	12800	0	0	0	0	0	0	0	0	0	4000	0	0	0	0	10400	0	0	0	4000	0	0	1500	0	0	0	0	9500	0	0	0	0	0	0	400	0	0
6100	0	0	5400	0	0	0	4700	0	0	4700	0	5000	0	0	34400	0	0	0	0	0	0	0	0	14300	14600	0	4500	23000	1600	33000	0	5400	0	0	4500	0	5500	17800	0	4400	0	0	0	0	0	0	0	9000	0	0	4000	0	15400	0	0	0	9000	0	0	6500	4700	0	0	0	14500	4500	0	0	0	0	0	5400	0	0
40600	7500	27500	39900	0	9500	9500	39200	15200	4000	39200	13700	39500	34500	0	68900	0	24500	22500	29700	7500	2900	27500	0	48800	49100	29100	39000	57500	36100	67500	0	39900	19500	8400	39000	34000	40000	52300	17100	38900	28800	33500	13500	14500	8000	19000	23000	43500	24500	13500	38500	0	49900	27500	10500	22100	43500	13500	24200	41000	39200	13900	33500	32500	49000	39000	15000	0	24500	15300	31100	39900	27500	27500
0	0	0	0	0	0	0	0	0	0	0	0	0	0	0	0	0	0	0	0	0	0	0	0	0	0	0	0	0	0	0	0	0	0	0	0	0	0	0	0	0	0	0	0	0	0	0	0	0	0	0	0	0	0	0	0	0	0	0	0	0	0	0	0	0	0	0	0	0	0	0	0	0	0	0
40600	7500	27500	39900	0	9500	9500	39200	15200	4000	39200	13700	39500	34500	0	68900	0	24500	22500	29700	7500	2900	27500	0	48800	49100	29100	39000	57500	36100	67500	0	39900	19500	8400	39000	34000	40000	52300	17100	38900	28800	33500	13500	14500	8000	19000	23000	43500	24500	13500	38500	0	49900	27500	10500	22100	43500	13500	24200	41000	39200	13900	33500	32500	49000	39000	15000	0	24500	15300	31100	39900	27500	27500
16100	0	3000	15400	0	0	0	14700	0	0	14700	0	15000	10000	0	44400	0	0	0	5200	0	0	3000	0	24300	24600	4600	14500	33000	11600	43000	0	15400	0	0	14500	9500	15500	27800	0	14400	4300	9000	0	0	0	0	0	19000	0	0	14000	0	25400	3000	0	0	19000	0	0	16500	14700	0	9000	8000	24500	14500	0	0	0	0	6600	15400	3000	3000
18100	0	5000	17400	0	0	0	16700	0	0	16700	0	17000	12000	0	46400	0	2000	0	7200	0	0	5000	0	26300	26600	6600	16500	35000	13600	45000	0	17400	0	0	16500	11500	17500	29800	0	16400	6300	11000	0	0	0	0	500	21000	2000	0	16000	0	27400	5000	0	0	21000	0	1700	18500	16700	0	11000	10000	26500	16500	0	0	2000	0	8600	17400	5000	5000
10900	0	0	10200	0	0	0	9500	0	0	9500	0	9800	4800	0	39200	0	0	0	0	0	0	0	0	19100	19400	0	9300	27800	6400	37800	0	10200	0	0	9300	4300	10300	22600	0	9200	0	3800	0	0	0	0	0	13800	0	0	8800	0	20200	0	0	0	13800	0	0	11300	9500	0	3800	2800	19300	9300	0	0	0	0	1400	10200	0	0
33100	0	20000	32400	0	2000	2000	31700	7700	0	31700	6200	32000	27000	0	61400	0	17000	15000	22200	0	0	20000	0	41300	41600	21600	31500	50000	28600	60000	0	32400	12000	900	31500	26500	32500	44800	9600	31400	21300	26000	6000	7000	500	11500	15500	36000	17000	6000	31000	0	42400	20000	3000	14600	36000	6000	16700	33500	31700	6400	26000	25000	41500	31500	7500	0	17000	7800	23600	32400	20000	20000
37700	4600	24600	37000	0	6600	6600	36300	12300	1100	36300	10800	36600	31600	0	66000	0	21600	19600	26800	4600	0	24600	0	45900	46200	26200	36100	54600	33200	64600	0	37000	16600	5500	36100	31100	37100	49400	14200	36000	25900	30600	10600	11600	5100	16100	20100	40600	21600	10600	35600	0	47000	24600	7600	19200	40600	10600	21300	38100	36300	11000	30600	29600	46100	36100	12100	0	21600	12400	28200	37000	24600	24600
13100	0	0	12400	0	0	0	11700	0	0	11700	0	12000	7000	0	41400	0	0	0	2200	0	0	0	0	21300	21600	1600	11500	30000	8600	40000	0	12400	0	0	11500	6500	12500	24800	0	11400	1300	6000	0	0	0	0	0	16000	0	0	11000	0	22400	0	0	0	16000	0	0	13500	11700	0	6000	5000	21500	11500	0	0	0	0	3600	12400	0	0
45300	12200	32200	44600	400	14200	14200	43900	19900	8700	43900	18400	44200	39200	4700	73600	4700	29200	27200	34400	12200	7600	32200	0	53500	53800	33800	43700	62200	40800	72200	1700	44600	24200	13100	43700	38700	44700	57000	21800	43600	33500	38200	18200	19200	12700	23700	27700	48200	29200	18200	43200	4700	54600	32200	15200	26800	48200	18200	28900	45700	43900	18600	38200	37200	53700	43700	19700	3500	29200	20000	35800	44600	32200	32200
0	0	0	0	0	0	0	0	0	0	0	0	0	0	0	20100	0	0	0	0	0	0	0	0	0	300	0	0	8700	0	18700	0	0	0	0	0	0	0	3500	0	0	0	0	0	0	0	0	0	0	0	0	0	0	1100	0	0	0	0	0	0	0	0	0	0	0	200	0	0	0	0	0	0	0	0	0
0	0	0	0	0	0	0	0	0	0	0	0	0	0	0	19800	0	0	0	0	0	0	0	0	0	0	0	0	8400	0	18400	0	0	0	0	0	0	0	3200	0	0	0	0	0	0	0	0	0	0	0	0	0	0	800	0	0	0	0	0	0	0	0	0	0	0	0	0	0	0	0	0	0	0	0	0
11500	0	0	10800	0	0	0	10100	0	0	10100	0	10400	5400	0	39800	0	0	0	600	0	0	0	0	19700	20000	0	9900	28400	7000	38400	0	10800	0	0	9900	4900	10900	23200	0	9800	0	4400	0	0	0	0	0	14400	0	0	9400	0	20800	0	0	0	14400	0	0	11900	10100	0	4400	3400	19900	9900	0	0	0	0	2000	10800	0	0
1600	0	0	900	0	0	0	200	0	0	200	0	500	0	0	29900	0	0	0	0	0	0	0	0	9800	10100	0	0	18500	0	28500	0	900	0	0	0	0	1000	13300	0	0	0	0	0	0	0	0	0	4500	0	0	0	0	10900	0	0	0	4500	0	0	2000	200	0	0	0	10000	0	0	0	0	0	0	900	0	0
0	0	0	0	0	0	0	0	0	0	0	0	0	0	0	11400	0	0	0	0	0	0	0	0	0	0	0	0	0	0	10000	0	0	0	0	0	0	0	0	0	0	0	0	0	0	0	0	0	0	0	0	0	0	0	0	0	0	0	0	0	0	0	0	0	0	0	0	0	0	0	0	0	0	0	0
4500	0	0	3800	0	0	0	3100	0	0	3100	0	3400	0	0	32800	0	0	0	0	0	0	0	0	12700	13000	0	2900	21400	0	31400	0	3800	0	0	2900	0	3900	16200	0	2800	0	0	0	0	0	0	0	7400	0	0	2400	0	13800	0	0	0	7400	0	0	4900	3100	0	0	0	12900	2900	0	0	0	0	0	3800	0	0
0	0	0	0	0	0	0	0	0	0	0	0	0	0	0	1400	0	0	0	0	0	0	0	0	0	0	0	0	0	0	0	0	0	0	0	0	0	0	0	0	0	0	0	0	0	0	0	0	0	0	0	0	0	0	0	0	0	0	0	0	0	0	0	0	0	0	0	0	0	0	0	0	0	0	0
43600	10500	30500	42900	0	12500	12500	42200	18200	7000	42200	16700	42500	37500	3000	71900	3000	27500	25500	32700	10500	5900	30500	0	51800	52100	32100	42000	60500	39100	70500	0	42900	22500	11400	42000	37000	43000	55300	20100	41900	31800	36500	16500	17500	11000	22000	26000	46500	27500	16500	41500	3000	52900	30500	13500	25100	46500	16500	27200	44000	42200	16900	36500	35500	52000	42000	18000	1800	27500	18300	34100	42900	30500	30500
700	0	0	0	0	0	0	0	0	0	0	0	0	0	0	29000	0	0	0	0	0	0	0	0	8900	9200	0	0	17600	0	27600	0	0	0	0	0	0	100	12400	0	0	0	0	0	0	0	0	0	3600	0	0	0	0	10000	0	0	0	3600	0	0	1100	0	0	0	0	9100	0	0	0	0	0	0	0	0	0
21100	0	8000	20400	0	0	0	19700	0	0	19700	0	20000	15000	0	49400	0	5000	3000	10200	0	0	8000	0	29300	29600	9600	19500	38000	16600	48000	0	20400	0	0	19500	14500	20500	32800	0	19400	9300	14000	0	0	0	0	3500	24000	5000	0	19000	0	30400	8000	0	2600	24000	0	4700	21500	19700	0	14000	13000	29500	19500	0	0	5000	0	11600	20400	8000	8000
32200	0	19100	31500	0	1100	1100	30800	6800	0	30800	5300	31100	26100	0	60500	0	16100	14100	21300	0	0	19100	0	40400	40700	20700	30600	49100	27700	59100	0	31500	11100	0	30600	25600	31600	43900	8700	30500	20400	25100	5100	6100	0	10600	14600	35100	16100	5100	30100	0	41500	19100	2100	13700	35100	5100	15800	32600	30800	5500	25100	24100	40600	30600	6600	0	16100	6900	22700	31500	19100	19100
1600	0	0	900	0	0	0	200	0	0	200	0	500	0	0	29900	0	0	0	0	0	0	0	0	9800	10100	0	0	18500	0	28500	0	900	0	0	0	0	1000	13300	0	0	0	0	0	0	0	0	0	4500	0	0	0	0	10900	0	0	0	4500	0	0	2000	200	0	0	0	10000	0	0	0	0	0	0	900	0	0
6600	0	0	5900	0	0	0	5200	0	0	5200	0	5500	500	0	34900	0	0	0	0	0	0	0	0	14800	15100	0	5000	23500	2100	33500	0	5900	0	0	5000	0	6000	18300	0	4900	0	0	0	0	0	0	0	9500	0	0	4500	0	15900	0	0	0	9500	0	0	7000	5200	0	0	0	15000	5000	0	0	0	0	0	5900	0	0
600	0	0	0	0	0	0	0	0	0	0	0	0	0	0	28900	0	0	0	0	0	0	0	0	8800	9100	0	0	17500	0	27500	0	0	0	0	0	0	0	12300	0	0	0	0	0	0	0	0	0	3500	0	0	0	0	9900	0	0	0	3500	0	0	1000	0	0	0	0	9000	0	0	0	0	0	0	0	0	0
0	0	0	0	0	0	0	0	0	0	0	0	0	0	0	16600	0	0	0	0	0	0	0	0	0	0	0	0	5200	0	15200	0	0	0	0	0	0	0	0	0	0	0	0	0	0	0	0	0	0	0	0	0	0	0	0	0	0	0	0	0	0	0	0	0	0	0	0	0	0	0	0	0	0	0	0
23500	0	10400	22800	0	0	0	22100	0	0	22100	0	22400	17400	0	51800	0	7400	5400	12600	0	0	10400	0	31700	32000	12000	21900	40400	19000	50400	0	22800	2400	0	21900	16900	22900	35200	0	21800	11700	16400	0	0	0	1900	5900	26400	7400	0	21400	0	32800	10400	0	5000	26400	0	7100	23900	22100	0	16400	15400	31900	21900	0	0	7400	0	14000	22800	10400	10400
1700	0	0	1000	0	0	0	300	0	0	300	0	600	0	0	30000	0	0	0	0	0	0	0	0	9900	10200	0	100	18600	0	28600	0	1000	0	0	100	0	1100	13400	0	0	0	0	0	0	0	0	0	4600	0	0	0	0	11000	0	0	0	4600	0	0	2100	300	0	0	0	10100	100	0	0	0	0	0	1000	0	0
11800	0	0	11100	0	0	0	10400	0	0	10400	0	10700	5700	0	40100	0	0	0	900	0	0	0	0	20000	20300	300	10200	28700	7300	38700	0	11100	0	0	10200	5200	11200	23500	0	10100	0	4700	0	0	0	0	0	14700	0	0	9700	0	21100	0	0	0	14700	0	0	12200	10400	0	4700	3700	20200	10200	0	0	0	0	2300	11100	0	0
7100	0	0	6400	0	0	0	5700	0	0	5700	0	6000	1000	0	35400	0	0	0	0	0	0	0	0	15300	15600	0	5500	24000	2600	34000	0	6400	0	0	5500	500	6500	18800	0	5400	0	0	0	0	0	0	0	10000	0	0	5000	0	16400	0	0	0	10000	0	0	7500	5700	0	0	0	15500	5500	0	0	0	0	0	6400	0	0
27100	0	14000	26400	0	0	0	25700	1700	0	25700	200	26000	21000	0	55400	0	11000	9000	16200	0	0	14000	0	35300	35600	15600	25500	44000	22600	54000	0	26400	6000	0	25500	20500	26500	38800	3600	25400	15300	20000	0	1000	0	5500	9500	30000	11000	0	25000	0	36400	14000	0	8600	30000	0	10700	27500	25700	400	20000	19000	35500	25500	1500	0	11000	1800	17600	26400	14000	14000
26100	0	13000	25400	0	0	0	24700	700	0	24700	0	25000	20000	0	54400	0	10000	8000	15200	0	0	13000	0	34300	34600	14600	24500	43000	21600	53000	0	25400	5000	0	24500	19500	25500	37800	2600	24400	14300	19000	0	0	0	4500	8500	29000	10000	0	24000	0	35400	13000	0	7600	29000	0	9700	26500	24700	0	19000	18000	34500	24500	500	0	10000	800	16600	25400	13000	13000
32600	0	19500	31900	0	1500	1500	31200	7200	0	31200	5700	31500	26500	0	60900	0	16500	14500	21700	0	0	19500	0	40800	41100	21100	31000	49500	28100	59500	0	31900	11500	400	31000	26000	32000	44300	9100	30900	20800	25500	5500	6500	0	11000	15000	35500	16500	5500	30500	0	41900	19500	2500	14100	35500	5500	16200	33000	31200	5900	25500	24500	41000	31000	7000	0	16500	7300	23100	31900	19500	19500
21600	0	8500	20900	0	0	0	20200	0	0	20200	0	20500	15500	0	49900	0	5500	3500	10700	0	0	8500	0	29800	30100	10100	20000	38500	17100	48500	0	20900	500	0	20000	15000	21000	33300	0	19900	9800	14500	0	0	0	0	4000	24500	5500	0	19500	0	30900	8500	0	3100	24500	0	5200	22000	20200	0	14500	13500	30000	20000	0	0	5500	0	12100	20900	8500	8500
17600	0	4500	16900	0	0	0	16200	0	0	16200	0	16500	11500	0	45900	0	1500	0	6700	0	0	4500	0	25800	26100	6100	16000	34500	13100	44500	0	16900	0	0	16000	11000	17000	29300	0	15900	5800	10500	0	0	0	0	0	20500	1500	0	15500	0	26900	4500	0	0	20500	0	1200	18000	16200	0	10500	9500	26000	16000	0	0	1500	0	8100	16900	4500	4500
0	0	0	0	0	0	0	0	0	0	0	0	0	0	0	25400	0	0	0	0	0	0	0	0	5300	5600	0	0	14000	0	24000	0	0	0	0	0	0	0	8800	0	0	0	0	0	0	0	0	0	0	0	0	0	0	6400	0	0	0	0	0	0	0	0	0	0	0	5500	0	0	0	0	0	0	0	0	0
16100	0	3000	15400	0	0	0	14700	0	0	14700	0	15000	10000	0	44400	0	0	0	5200	0	0	3000	0	24300	24600	4600	14500	33000	11600	43000	0	15400	0	0	14500	9500	15500	27800	0	14400	4300	9000	0	0	0	0	0	19000	0	0	14000	0	25400	3000	0	0	19000	0	0	16500	14700	0	9000	8000	24500	14500	0	0	0	0	6600	15400	3000	3000
27100	0	14000	26400	0	0	0	25700	1700	0	25700	200	26000	21000	0	55400	0	11000	9000	16200	0	0	14000	0	35300	35600	15600	25500	44000	22600	54000	0	26400	6000	0	25500	20500	26500	38800	3600	25400	15300	20000	0	1000	0	5500	9500	30000	11000	0	25000	0	36400	14000	0	8600	30000	0	10700	27500	25700	400	20000	19000	35500	25500	1500	0	11000	1800	17600	26400	14000	14000
2100	0	0	1400	0	0	0	700	0	0	700	0	1000	0	0	30400	0	0	0	0	0	0	0	0	10300	10600	0	500	19000	0	29000	0	1400	0	0	500	0	1500	13800	0	400	0	0	0	0	0	0	0	5000	0	0	0	0	11400	0	0	0	5000	0	0	2500	700	0	0	0	10500	500	0	0	0	0	0	1400	0	0
40600	7500	27500	39900	0	9500	9500	39200	15200	4000	39200	13700	39500	34500	0	68900	0	24500	22500	29700	7500	2900	27500	0	48800	49100	29100	39000	57500	36100	67500	0	39900	19500	8400	39000	34000	40000	52300	17100	38900	28800	33500	13500	14500	8000	19000	23000	43500	24500	13500	38500	0	49900	27500	10500	22100	43500	13500	24200	41000	39200	13900	33500	32500	49000	39000	15000	0	24500	15300	31100	39900	27500	27500
0	0	0	0	0	0	0	0	0	0	0	0	0	0	0	19000	0	0	0	0	0	0	0	0	0	0	0	0	7600	0	17600	0	0	0	0	0	0	0	2400	0	0	0	0	0	0	0	0	0	0	0	0	0	0	0	0	0	0	0	0	0	0	0	0	0	0	0	0	0	0	0	0	0	0	0	0
13100	0	0	12400	0	0	0	11700	0	0	11700	0	12000	7000	0	41400	0	0	0	2200	0	0	0	0	21300	21600	1600	11500	30000	8600	40000	0	12400	0	0	11500	6500	12500	24800	0	11400	1300	6000	0	0	0	0	0	16000	0	0	11000	0	22400	0	0	0	16000	0	0	13500	11700	0	6000	5000	21500	11500	0	0	0	0	3600	12400	0	0
30100	0	17000	29400	0	0	0	28700	4700	0	28700	3200	29000	24000	0	58400	0	14000	12000	19200	0	0	17000	0	38300	38600	18600	28500	47000	25600	57000	0	29400	9000	0	28500	23500	29500	41800	6600	28400	18300	23000	3000	4000	0	8500	12500	33000	14000	3000	28000	0	39400	17000	0	11600	33000	3000	13700	30500	28700	3400	23000	22000	38500	28500	4500	0	14000	4800	20600	29400	17000	17000
18500	0	5400	17800	0	0	0	17100	0	0	17100	0	17400	12400	0	46800	0	2400	400	7600	0	0	5400	0	26700	27000	7000	16900	35400	14000	45400	0	17800	0	0	16900	11900	17900	30200	0	16800	6700	11400	0	0	0	0	900	21400	2400	0	16400	0	27800	5400	0	0	21400	0	2100	18900	17100	0	11400	10400	26900	16900	0	0	2400	0	9000	17800	5400	5400
0	0	0	0	0	0	0	0	0	0	0	0	0	0	0	25400	0	0	0	0	0	0	0	0	5300	5600	0	0	14000	0	24000	0	0	0	0	0	0	0	8800	0	0	0	0	0	0	0	0	0	0	0	0	0	0	6400	0	0	0	0	0	0	0	0	0	0	0	5500	0	0	0	0	0	0	0	0	0
27100	0	14000	26400	0	0	0	25700	1700	0	25700	200	26000	21000	0	55400	0	11000	9000	16200	0	0	14000	0	35300	35600	15600	25500	44000	22600	54000	0	26400	6000	0	25500	20500	26500	38800	3600	25400	15300	20000	0	1000	0	5500	9500	30000	11000	0	25000	0	36400	14000	0	8600	30000	0	10700	27500	25700	400	20000	19000	35500	25500	1500	0	11000	1800	17600	26400	14000	14000
16400	0	3300	15700	0	0	0	15000	0	0	15000	0	15300	10300	0	44700	0	300	0	5500	0	0	3300	0	24600	24900	4900	14800	33300	11900	43300	0	15700	0	0	14800	9800	15800	28100	0	14700	4600	9300	0	0	0	0	0	19300	300	0	14300	0	25700	3300	0	0	19300	0	0	16800	15000	0	9300	8300	24800	14800	0	0	300	0	6900	15700	3300	3300
0	0	0	0	0	0	0	0	0	0	0	0	0	0	0	27900	0	0	0	0	0	0	0	0	7800	8100	0	0	16500	0	26500	0	0	0	0	0	0	0	11300	0	0	0	0	0	0	0	0	0	2500	0	0	0	0	8900	0	0	0	2500	0	0	0	0	0	0	0	8000	0	0	0	0	0	0	0	0	0
1400	0	0	700	0	0	0	0	0	0	0	0	300	0	0	29700	0	0	0	0	0	0	0	0	9600	9900	0	0	18300	0	28300	0	700	0	0	0	0	800	13100	0	0	0	0	0	0	0	0	0	4300	0	0	0	0	10700	0	0	0	4300	0	0	1800	0	0	0	0	9800	0	0	0	0	0	0	700	0	0
26700	0	13600	26000	0	0	0	25300	1300	0	25300	0	25600	20600	0	55000	0	10600	8600	15800	0	0	13600	0	34900	35200	15200	25100	43600	22200	53600	0	26000	5600	0	25100	20100	26100	38400	3200	25000	14900	19600	0	600	0	5100	9100	29600	10600	0	24600	0	36000	13600	0	8200	29600	0	10300	27100	25300	0	19600	18600	35100	25100	1100	0	10600	1400	17200	26000	13600	13600
7100	0	0	6400	0	0	0	5700	0	0	5700	0	6000	1000	0	35400	0	0	0	0	0	0	0	0	15300	15600	0	5500	24000	2600	34000	0	6400	0	0	5500	500	6500	18800	0	5400	0	0	0	0	0	0	0	10000	0	0	5000	0	16400	0	0	0	10000	0	0	7500	5700	0	0	0	15500	5500	0	0	0	0	0	6400	0	0
8100	0	0	7400	0	0	0	6700	0	0	6700	0	7000	2000	0	36400	0	0	0	0	0	0	0	0	16300	16600	0	6500	25000	3600	35000	0	7400	0	0	6500	1500	7500	19800	0	6400	0	1000	0	0	0	0	0	11000	0	0	6000	0	17400	0	0	0	11000	0	0	8500	6700	0	1000	0	16500	6500	0	0	0	0	0	7400	0	0
0	0	0	0	0	0	0	0	0	0	0	0	0	0	0	19900	0	0	0	0	0	0	0	0	0	100	0	0	8500	0	18500	0	0	0	0	0	0	0	3300	0	0	0	0	0	0	0	0	0	0	0	0	0	0	900	0	0	0	0	0	0	0	0	0	0	0	0	0	0	0	0	0	0	0	0	0
1600	0	0	900	0	0	0	200	0	0	200	0	500	0	0	29900	0	0	0	0	0	0	0	0	9800	10100	0	0	18500	0	28500	0	900	0	0	0	0	1000	13300	0	0	0	0	0	0	0	0	0	4500	0	0	0	0	10900	0	0	0	4500	0	0	2000	200	0	0	0	10000	0	0	0	0	0	0	900	0	0
25600	0	12500	24900	0	0	0	24200	200	0	24200	0	24500	19500	0	53900	0	9500	7500	14700	0	0	12500	0	33800	34100	14100	24000	42500	21100	52500	0	24900	4500	0	24000	19000	25000	37300	2100	23900	13800	18500	0	0	0	4000	8000	28500	9500	0	23500	0	34900	12500	0	7100	28500	0	9200	26000	24200	0	18500	17500	34000	24000	0	0	9500	300	16100	24900	12500	12500
41800	8700	28700	41100	0	10700	10700	40400	16400	5200	40400	14900	40700	35700	1200	70100	1200	25700	23700	30900	8700	4100	28700	0	50000	50300	30300	40200	58700	37300	68700	0	41100	20700	9600	40200	35200	41200	53500	18300	40100	30000	34700	14700	15700	9200	20200	24200	44700	25700	14700	39700	1200	51100	28700	11700	23300	44700	14700	25400	42200	40400	15100	34700	33700	50200	40200	16200	0	25700	16500	32300	41100	28700	28700
16100	0	3000	15400	0	0	0	14700	0	0	14700	0	15000	10000	0	44400	0	0	0	5200	0	0	3000	0	24300	24600	4600	14500	33000	11600	43000	0	15400	0	0	14500	9500	15500	27800	0	14400	4300	9000	0	0	0	0	0	19000	0	0	14000	0	25400	3000	0	0	19000	0	0	16500	14700	0	9000	8000	24500	14500	0	0	0	0	6600	15400	3000	3000
25300	0	12200	24600	0	0	0	23900	0	0	23900	0	24200	19200	0	53600	0	9200	7200	14400	0	0	12200	0	33500	33800	13800	23700	42200	20800	52200	0	24600	4200	0	23700	18700	24700	37000	1800	23600	13500	18200	0	0	0	3700	7700	28200	9200	0	23200	0	34600	12200	0	6800	28200	0	8900	25700	23900	0	18200	17200	33700	23700	0	0	9200	0	15800	24600	12200	12200
9500	0	0	8800	0	0	0	8100	0	0	8100	0	8400	3400	0	37800	0	0	0	0	0	0	0	0	17700	18000	0	7900	26400	5000	36400	0	8800	0	0	7900	2900	8900	21200	0	7800	0	2400	0	0	0	0	0	12400	0	0	7400	0	18800	0	0	0	12400	0	0	9900	8100	0	2400	1400	17900	7900	0	0	0	0	0	8800	0	0
700	0	0	0	0	0	0	0	0	0	0	0	0	0	0	29000	0	0	0	0	0	0	0	0	8900	9200	0	0	17600	0	27600	0	0	0	0	0	0	100	12400	0	0	0	0	0	0	0	0	0	3600	0	0	0	0	10000	0	0	0	3600	0	0	1100	0	0	0	0	9100	0	0	0	0	0	0	0	0	0
13100	0	0	12400	0	0	0	11700	0	0	11700	0	12000	7000	0	41400	0	0	0	2200	0	0	0	0	21300	21600	1600	11500	30000	8600	40000	0	12400	0	0	11500	6500	12500	24800	0	11400	1300	6000	0	0	0	0	0	16000	0	0	11000	0	22400	0	0	0	16000	0	0	13500	11700	0	6000	5000	21500	11500	0	0	0	0	3600	12400	0	0
13100	0	0	12400	0	0	0	11700	0	0	11700	0	12000	7000	0	41400	0	0	0	2200	0	0	0	0	21300	21600	1600	11500	30000	8600	40000	0	12400	0	0	11500	6500	12500	24800	0	11400	1300	6000	0	0	0	0	0	16000	0	0	11000	0	22400	0	0	0	16000	0	0	13500	11700	0	6000	5000	21500	11500	0	0	0	0	3600	12400	0	0

0	33100	13100	700	44900	31100	31100	1400	25400	36600	1400	26900	1100	6100	40600	0	40600	16100	18100	10900	33100	37700	13100	45300	0	0	11500	1600	0	4500	0	43600	700	21100	32200	1600	6600	600	0	23500	1700	11800	7100	27100	26100	32600	21600	17600	0	16100	27100	2100	40600	0	13100	30100	18500	0	27100	16400	0	1400	26700	7100	8100	0	1600	25600	41800	16100	25300	9500	700	13100	13100
0	0	0	0	11800	0	0	0	0	3500	0	0	0	0	7500	0	7500	0	0	0	0	4600	0	12200	0	0	0	0	0	0	0	10500	0	0	0	0	0	0	0	0	0	0	0	0	0	0	0	0	0	0	0	0	7500	0	0	0	0	0	0	0	0	0	0	0	0	0	0	0	8700	0	0	0	0	0	0
0	20000	0	0	31800	18000	18000	0	12300	23500	0	13800	0	0	27500	0	27500	3000	5000	0	20000	24600	0	32200	0	0	0	0	0	0	0	30500	0	8000	19100	0	0	0	0	10400	0	0	0	14000	13000	19500	8500	4500	0	3000	14000	0	27500	0	0	17000	5400	0	14000	3300	0	0	13600	0	0	0	0	12500	28700	3000	12200	0	0	0	0
0	32400	12400	0	44200	30400	30400	700	24700	35900	700	26200	400	5400	39900	0	39900	15400	17400	10200	32400	37000	12400	44600	0	0	10800	900	0	3800	0	42900	0	20400	31500	900	5900	0	0	22800	1000	11100	6400	26400	25400	31900	20900	16900	0	15400	26400	1400	39900	0	12400	29400	17800	0	26400	15700	0	700	26000	6400	7400	0	900	24900	41100	15400	24600	8800	0	12400	12400
0	0	0	0	0	0	0	0	0	0	0	0	0	0	0	0	0	0	0	0	0	0	0	400	0	0	0	0	0	0	0	0	0	0	0	0	0	0	0	0	0	0	0	0	0	0	0	0	0	0	0	0	0	0	0	0	0	0	0	0	0	0	0	0	0	0	0	0	0	0	0	0	0	0	0
0	2000	0	0	13800	0	0	0	0	5500	0	0	0	0	9500	0	9500	0	0	0	2000	6600	0	14200	0	0	0	0	0	0	0	12500	0	0	1100	0	0	0	0	0	0	0	0	0	0	1500	0	0	0	0	0	0	9500	0	0	0	0	0	0	0	0	0	0	0	0	0	0	0	10700	0	0	0	0	0	0
0	2000	0	0	13800	0	0	0	0	5500	0	0	0	0	9500	0	9500	0	0	0	2000	6600	0	14200	0	0	0	0	0	0	0	12500	0	0	1100	0	0	0	0	0	0	0	0	0	0	1500	0	0	0	0	0	0	9500	0	0	0	0	0	0	0	0	0	0	0	0	0	0	0	10700	0	0	0	0	0	0
0	31700	11700	0	43500	29700	29700	0	24000	35200	0	25500	0	4700	39200	0	39200	14700	16700	9500	31700	36300	11700	43900	0	0	10100	200	0	3100	0	42200	0	19700	30800	200	5200	0	0	22100	300	10400	5700	25700	24700	31200	20200	16200	0	14700	25700	700	39200	0	11700	28700	17100	0	25700	15000	0	0	25300	5700	6700	0	200	24200	40400	14700	23900	8100	0	11700	11700
0	7700	0	0	19500	5700	5700	0	0	11200	0	1500	0	0	15200	0	15200	0	0	0	7700	12300	0	19900	0	0	0	0	0	0	0	18200	0	0	6800	0	0	0	0	0	0	0	0	1700	700	7200	0	0	0	0	1700	0	15200	0	0	4700	0	0	1700	0	0	0	1300	0	0	0	0	200	16400	0	0	0	0	0	0
0	0	0	0	8300	0	0	0	0	0	0	0	0	0	4000	0	4000	0	0	0	0	1100	0	8700	0	0	0	0	0	0	0	7000	0	0	0	0	0	0	0	0	0	0	0	0	0	0	0	0	0	0	0	0	4000	0	0	0	0	0	0	0	0	0	0	0	0	0	0	0	5200	0	0	0	0	0	0
0	31700	11700	0	43500	29700	29700	0	24000	35200	0	25500	0	4700	39200	0	39200	14700	16700	9500	31700	36300	11700	43900	0	0	10100	200	0	3100	0	42200	0	19700	30800	200	5200	0	0	22100	300	10400	5700	25700	24700	31200	20200	16200	0	14700	25700	700	39200	0	11700	28700	17100	0	25700	15000	0	0	25300	5700	6700	0	200	24200	40400	14700	23900	8100	0	11700	11700
0	6200	0	0	18000	4200	4200	0	0	9700	0	0	0	0	13700	0	13700	0	0	0	6200	10800	0	18400	0	0	0	0	0	0	0	16700	0	0	5300	0	0	0	0	0	0	0	0	200	0	5700	0	0	0	0	200	0	13700	0	0	3200	0	0	200	0	0	0	0	0	0	0	0	0	14900	0	0	0	0	0	0
0	32000	12000	0	43800	30000	30000	300	24300	35500	300	25800	0	5000	39500	0	39500	15000	17000	9800	32000	36600	12000	44200	0	0	10400	500	0	3400	0	42500	0	20000	31100	500	5500	0	0	22400	600	10700	6000	26000	25000	31500	20500	16500	0	15000	26000	1000	39500	0	12000	29000	17400	0	26000	15300	0	300	25600	6000	7000	0	500	24500	40700	15000	24200	8400	0	12000	12000
0	27000	7000	0	38800	25000	25000	0	19300	30500	0	20800	0	0	34500	0	34500	10000	12000	4800	27000	31600	7000	39200	0	0	5400	0	0	0	0	37500	0	15000	26100	0	500	0	0	17400	0	5700	1000	21000	20000	26500	15500	11500	0	10000	21000	0	34500	0	7000	24000	12400	0	21000	10300	0	0	20600	1000	2000	0	0	19500	35700	10000	19200	3400	0	7000	7000
0	0	0	0	4300	0	0	0	0	0	0	0	0	0	0	0	0	0	0	0	0	0	0	4700	0	0	0	0	0	0	0	3000	0	0	0	0	0	0	0	0	0	0	0	0	0	0	0	0	0	0	0	0	0	0	0	0	0	0	0	0	0	0	0	0	0	0	0	0	1200	0	0	0	0	0	0
28300	61400	41400	29000	73200	59400	59400	29700	53700	64900	29700	55200	29400	34400	68900	0	68900	44400	46400	39200	61400	66000	41400	73600	20100	19800	39800	29900	11400	32800	1400	71900	29000	49400	60500	29900	34900	28900	16600	51800	30000	40100	35400	55400	54400	60900	49900	45900	25400	44400	55400	30400	68900	19000	41400	58400	46800	25400	55400	44700	27900	29700	55000	35400	36400	19900	29900	53900	70100	44400	53600	37800	29000	41400	41400
0	0	0	0	4300	0	0	0	0	0	0	0	0	0	0	0	0	0	0	0	0	0	0	4700	0	0	0	0	0	0	0	3000	0	0	0	0	0	0	0	0	0	0	0	0	0	0	0	0	0	0	0	0	0	0	0	0	0	0	0	0	0	0	0	0	0	0	0	0	1200	0	0	0	0	0	0
0	17000	0	0	28800	15000	15000	0	9300	20500	0	10800	0	0	24500	0	24500	0	2000	0	17000	21600	0	29200	0	0	0	0	0	0	0	27500	0	5000	16100	0	0	0	0	7400	0	0	0	11000	10000	16500	5500	1500	0	0	11000	0	24500	0	0	14000	2400	0	11000	300	0	0	10600	0	0	0	0	9500	25700	0	9200	0	0	0	0
0	15000	0	0	26800	13000	13000	0	7300	18500	0	8800	0	0	22500	0	22500	0	0	0	15000	19600	0	27200	0	0	0	0	0	0	0	25500	0	3000	14100	0	0	0	0	5400	0	0	0	9000	8000	14500	3500	0	0	0	9000	0	22500	0	0	12000	400	0	9000	0	0	0	8600	0	0	0	0	7500	23700	0	7200	0	0	0	0
0	22200	2200	0	34000	20200	20200	0	14500	25700	0	16000	0	0	29700	0	29700	5200	7200	0	22200	26800	2200	34400	0	0	600	0	0	0	0	32700	0	10200	21300	0	0	0	0	12600	0	900	0	16200	15200	21700	10700	6700	0	5200	16200	0	29700	0	2200	19200	7600	0	16200	5500	0	0	15800	0	0	0	0	14700	30900	5200	14400	0	0	2200	2200
0	0	0	0	11800	0	0	0	0	3500	0	0	0	0	7500	0	7500	0	0	0	0	4600	0	12200	0	0	0	0	0	0	0	10500	0	0	0	0	0	0	0	0	0	0	0	0	0	0	0	0	0	0	0	0	7500	0	0	0	0	0	0	0	0	0	0	0	0	0	0	0	8700	0	0	0	0	0	0
0	0	0	0	7200	0	0	0	0	0	0	0	0	0	2900	0	2900	0	0	0	0	0	0	7600	0	0	0	0	0	0	0	5900	0	0	0	0	0	0	0	0	0	0	0	0	0	0	0	0	0	0	0	0	2900	0	0	0	0	0	0	0	0	0	0	0	0	0	0	0	4100	0	0	0	0	0	0
0	20000	0	0	31800	18000	18000	0	12300	23500	0	13800	0	0	27500	0	27500	3000	5000	0	20000	24600	0	32200	0	0	0	0	0	0	0	30500	0	8000	19100	0	0	0	0	10400	0	0	0	14000	13000	19500	8500	4500	0	3000	14000	0	27500	0	0	17000	5400	0	14000	3300	0	0	13600	0	0	0	0	12500	28700	3000	12200	0	0	0	0
0	0	0	0	0	0	0	0	0	0	0	0	0	0	0	0	0	0	0	0	0	0	0	0	0	0	0	0	0	0	0	0	0	0	0	0	0	0	0	0	0	0	0	0	0	0	0	0	0	0	0	0	0	0	0	0	0	0	0	0	0	0	0	0	0	0	0	0	0	0	0	0	0	0	0
8200	41300	21300	8900	53100	39300	39300	9600	33600	44800	9600	35100	9300	14300	48800	0	48800	24300	26300	19100	41300	45900	21300	53500	0	0	19700	9800	0	12700	0	51800	8900	29300	40400	9800	14800	8800	0	31700	9900	20000	15300	35300	34300	40800	29800	25800	5300	24300	35300	10300	48800	0	21300	38300	26700	5300	35300	24600	7800	9600	34900	15300	16300	0	9800	33800	50000	24300	33500	17700	8900	21300	21300
8500	41600	21600	9200	53400	39600	39600	9900	33900	45100	9900	35400	9600	14600	49100	0	49100	24600	26600	19400	41600	46200	21600	53800	300	0	20000	10100	0	13000	0	52100	9200	29600	40700	10100	15100	9100	0	32000	10200	20300	15600	35600	34600	41100	30100	26100	5600	24600	35600	10600	49100	0	21600	38600	27000	5600	35600	24900	8100	9900	35200	15600	16600	100	10100	34100	50300	24600	33800	18000	9200	21600	21600
0	21600	1600	0	33400	19600	19600	0	13900	25100	0	15400	0	0	29100	0	29100	4600	6600	0	21600	26200	1600	33800	0	0	0	0	0	0	0	32100	0	9600	20700	0	0	0	0	12000	0	300	0	15600	14600	21100	10100	6100	0	4600	15600	0	29100	0	1600	18600	7000	0	15600	4900	0	0	15200	0	0	0	0	14100	30300	4600	13800	0	0	1600	1600
0	31500	11500	0	43300	29500	29500	0	23800	35000	0	25300	0	4500	39000	0	39000	14500	16500	9300	31500	36100	11500	43700	0	0	9900	0	0	2900	0	42000	0	19500	30600	0	5000	0	0	21900	100	10200	5500	25500	24500	31000	20000	16000	0	14500	25500	500	39000	0	11500	28500	16900	0	25500	14800	0	0	25100	5500	6500	0	0	24000	40200	14500	23700	7900	0	11500	11500
16900	50000	30000	17600	61800	48000	48000	18300	42300	53500	18300	43800	18000	23000	57500	0	57500	33000	35000	27800	50000	54600	30000	62200	8700	8400	28400	18500	0	21400	0	60500	17600	38000	49100	18500	23500	17500	5200	40400	18600	28700	24000	44000	43000	49500	38500	34500	14000	33000	44000	19000	57500	7600	30000	47000	35400	14000	44000	33300	16500	18300	43600	24000	25000	8500	18500	42500	58700	33000	42200	26400	17600	30000	30000
0	28600	8600	0	40400	26600	26600	0	20900	32100	0	22400	0	1600	36100	0	36100	11600	13600	6400	28600	33200	8600	40800	0	0	7000	0	0	0	0	39100	0	16600	27700	0	2100	0	0	19000	0	7300	2600	22600	21600	28100	17100	13100	0	11600	22600	0	36100	0	8600	25600	14000	0	22600	11900	0	0	22200	2600	3600	0	0	21100	37300	11600	20800	5000	0	8600	8600
26900	60000	40000	27600	71800	58000	58000	28300	52300	63500	28300	53800	28000	33000	67500	0	67500	43000	45000	37800	60000	64600	40000	72200	18700	18400	38400	28500	10000	31400	0	70500	27600	48000	59100	28500	33500	27500	15200	50400	28600	38700	34000	54000	53000	59500	48500	44500	24000	43000	54000	29000	67500	17600	40000	57000	45400	24000	54000	43300	26500	28300	53600	34000	35000	18500	28500	52500	68700	43000	52200	36400	27600	40000	40000
0	0	0	0	1300	0	0	0	0	0	0	0	0	0	0	0	0	0	0	0	0	0	0	1700	0	0	0	0	0	0	0	0	0	0	0	0	0	0	0	0	0	0	0	0	0	0	0	0	0	0	0	0	0	0	0	0	0	0	0	0	0	0	0	0	0	0	0	0	0	0	0	0	0	0	0
0	32400	12400	0	44200	30400	30400	700	24700	35900	700	26200	400	5400	39900	0	39900	15400	17400	10200	32400	37000	12400	44600	0	0	10800	900	0	3800	0	42900	0	20400	31500	900	5900	0	0	22800	1000	11100	6400	26400	25400	31900	20900	16900	0	15400	26400	1400	39900	0	12400	29400	17800	0	26400	15700	0	700	26000	6400	7400	0	900	24900	41100	15400	24600	8800	0	12400	12400
0	12000	0	0	23800	10000	10000	0	4300	15500	0	5800	0	0	19500	0	19500	0	0	0	12000	16600	0	24200	0	0	0	0	0	0	0	22500	0	0	11100	0	0	0	0	2400	0	0	0	6000	5000	11500	500	0	0	0	6000	0	19500	0	0	9000	0	0	6000	0	0	0	5600	0	0	0	0	4500	20700	0	4200	0	0	0	0
0	900	0	0	12700	0	0	0	0	4400	0	0	0	0	8400	0	8400	0	0	0	900	5500	0	13100	0	0	0	0	0	0	0	11400	0	0	0	0	0	0	0	0	0	0	0	0	0	400	0	0	0	0	0	0	8400	0	0	0	0	0	0	0	0	0	0	0	0	0	0	0	9600	0	0	0	0	0	0
0	31500	11500	0	43300	29500	29500	0	23800	35000	0	25300	0	4500	39000	0	39000	14500	16500	9300	31500	36100	11500	43700	0	0	9900	0	0	2900	0	42000	0	19500	30600	0	5000	0	0	21900	100	10200	5500	25500	24500	31000	20000	16000	0	14500	25500	500	39000	0	11500	28500	16900	0	25500	14800	0	0	25100	5500	6500	0	0	24000	40200	14500	23700	7900	0	11500	11500
0	26500	6500	0	38300	24500	24500	0	18800	30000	0	20300	0	0	34000	0	34000	9500	11500	4300	26500	31100	6500	38700	0	0	4900	0	0	0	0	37000	0	14500	25600	0	0	0	0	16900	0	5200	500	20500	19500	26000	15000	11000	0	9500	20500	0	34000	0	6500	23500	11900	0	20500	9800	0	0	20100	500	1500	0	0	19000	35200	9500	18700	2900	0	6500	6500
0	32500	12500	100	44300	30500	30500	800	24800	36000	800	26300	500	5500	40000	0	40000	15500	17500	10300	32500	37100	12500	44700	0	0	10900	1000	0	3900	0	43000	100	20500	31600	1000	6000	0	0	22900	1100	11200	6500	26500	25500	32000	21000	17000	0	15500	26500	1500	40000	0	12500	29500	17900	0	26500	15800	0	800	26100	6500	7500	0	1000	25000	41200	15500	24700	8900	100	12500	12500
11700	44800	24800	12400	56600	42800	42800	13100	37100	48300	13100	38600	12800	17800	52300	0	52300	27800	29800	22600	44800	49400	24800	57000	3500	3200	23200	13300	0	16200	0	55300	12400	32800	43900	13300	18300	12300	0	35200	13400	23500	18800	38800	37800	44300	33300	29300	8800	27800	38800	13800	52300	2400	24800	41800	30200	8800	38800	28100	11300	13100	38400	18800	19800	3300	13300	37300	53500	27800	37000	21200	12400	24800	24800
0	9600	0	0	21400	7600	7600	0	1900	13100	0	3400	0	0	17100	0	17100	0	0	0	9600	14200	0	21800	0	0	0	0	0	0	0	20100	0	0	8700	0	0	0	0	0	0	0	0	3600	2600	9100	0	0	0	0	3600	0	17100	0	0	6600	0	0	3600	0	0	0	3200	0	0	0	0	2100	18300	0	1800	0	0	0	0
0	31400	11400	0	43200	29400	29400	0	23700	34900	0	25200	0	4400	38900	0	38900	14400	16400	9200	31400	36000	11400	43600	0	0	9800	0	0	2800	0	41900	0	19400	30500	0	4900	0	0	21800	0	10100	5400	25400	24400	30900	19900	15900	0	14400	25400	400	38900	0	11400	28400	16800	0	25400	14700	0	0	25000	5400	6400	0	0	23900	40100	14400	23600	7800	0	11400	11400
0	21300	1300	0	33100	19300	19300	0	13600	24800	0	15100	0	0	28800	0	28800	4300	6300	0	21300	25900	1300	33500	0	0	0	0	0	0	0	31800	0	9300	20400	0	0	0	0	11700	0	0	0	15300	14300	20800	9800	5800	0	4300	15300	0	28800	0	1300	18300	6700	0	15300	4600	0	0	14900	0	0	0	0	13800	30000	4300	13500	0	0	1300	1300
0	26000	6000	0	37800	24000	24000	0	18300	29500	0	19800	0	0	33500	0	33500	9000	11000	3800	26000	30600	6000	38200	0	0	4400	0	0	0	0	36500	0	14000	25100	0	0	0	0	16400	0	4700	0	20000	19000	25500	14500	10500	0	9000	20000	0	33500	0	6000	23000	11400	0	20000	9300	0	0	19600	0	1000	0	0	18500	34700	9000	18200	2400	0	6000	6000
0	6000	0	0	17800	4000	4000	0	0	9500	0	0	0	0	13500	0	13500	0	0	0	6000	10600	0	18200	0	0	0	0	0	0	0	16500	0	0	5100	0	0	0	0	0	0	0	0	0	0	5500	0	0	0	0	0	0	13500	0	0	3000	0	0	0	0	0	0	0	0	0	0	0	0	14700	0	0	0	0	0	0
0	7000	0	0	18800	5000	5000	0	0	10500	0	800	0	0	14500	0	14500	0	0	0	7000	11600	0	19200	0	0	0	0	0	0	0	17500	0	0	6100	0	0	0	0	0	0	0	0	1000	0	6500	0	0	0	0	1000	0	14500	0	0	4000	0	0	1000	0	0	0	600	0	0	0	0	0	15700	0	0	0	0	0	0
0	500	0	0	12300	0	0	0	0	4000	0	0	0	0	8000	0	8000	0	0	0	500	5100	0	12700	0	0	0	0	0	0	0	11000	0	0	0	0	0	0	0	0	0	0	0	0	0	0	0	0	0	0	0	0	8000	0	0	0	0	0	0	0	0	0	0	0	0	0	0	0	9200	0	0	0	0	0	0
0	11500	0	0	23300	9500	9500	0	3800	15000	0	5300	0	0	19000	0	19000	0	0	0	11500	16100	0	23700	0	0	0	0	0	0	0	22000	0	0	10600	0	0	0	0	1900	0	0	0	5500	4500	11000	0	0	0	0	5500	0	19000	0	0	8500	0	0	5500	0	0	0	5100	0	0	0	0	4000	20200	0	3700	0	0	0	0
0	15500	0	0	27300	13500	13500	0	7800	19000	0	9300	0	0	23000	0	23000	0	500	0	15500	20100	0	27700	0	0	0	0	0	0	0	26000	0	3500	14600	0	0	0	0	5900	0	0	0	9500	8500	15000	4000	0	0	0	9500	0	23000	0	0	12500	900	0	9500	0	0	0	9100	0	0	0	0	8000	24200	0	7700	0	0	0	0
2900	36000	16000	3600	47800	34000	34000	4300	28300	39500	4300	29800	4000	9000	43500	0	43500	19000	21000	13800	36000	40600	16000	48200	0	0	14400	4500	0	7400	0	46500	3600	24000	35100	4500	9500	3500	0	26400	4600	14700	10000	30000	29000	35500	24500	20500	0	19000	30000	5000	43500	0	16000	33000	21400	0	30000	19300	2500	4300	29600	10000	11000	0	4500	28500	44700	19000	28200	12400	3600	16000	16000
0	17000	0	0	28800	15000	15000	0	9300	20500	0	10800	0	0	24500	0	24500	0	2000	0	17000	21600	0	29200	0	0	0	0	0	0	0	27500	0	5000	16100	0	0	0	0	7400	0	0	0	11000	10000	16500	5500	1500	0	0	11000	0	24500	0	0	14000	2400	0	11000	300	0	0	10600	0	0	0	0	9500	25700	0	9200	0	0	0	0
0	6000	0	0	17800	4000	4000	0	0	9500	0	0	0	0	13500	0	13500	0	0	0	6000	10600	0	18200	0	0	0	0	0	0	0	16500	0	0	5100	0	0	0	0	0	0	0	0	0	0	5500	0	0	0	0	0	0	13500	0	0	3000	0	0	0	0	0	0	0	0	0	0	0	0	14700	0	0	0	0	0	0
0	31000	11000	0	42800	29000	29000	0	23300	34500	0	24800	0	4000	38500	0	38500	14000	16000	8800	31000	35600	11000	43200	0	0	9400	0	0	2400	0	41500	0	19000	30100	0	4500	0	0	21400	0	9700	5000	25000	24000	30500	19500	15500	0	14000	25000	0	38500	0	11000	28000	16400	0	25000	14300	0	0	24600	5000	6000	0	0	23500	39700	14000	23200	7400	0	11000	11000
0	0	0	0	4300	0	0	0	0	0	0	0	0	0	0	0	0	0	0	0	0	0	0	4700	0	0	0	0	0	0	0	3000	0	0	0	0	0	0	0	0	0	0	0	0	0	0	0	0	0	0	0	0	0	0	0	0	0	0	0	0	0	0	0	0	0	0	0	0	1200	0	0	0	0	0	0
9300	42400	22400	10000	54200	40400	40400	10700	34700	45900	10700	36200	10400	15400	49900	0	49900	25400	27400	20200	42400	47000	22400	54600	1100	800	20800	10900	0	13800	0	52900	10000	30400	41500	10900	15900	9900	0	32800	11000	21100	16400	36400	35400	41900	30900	26900	6400	25400	36400	11400	49900	0	22400	39400	27800	6400	36400	25700	8900	10700	36000	16400	17400	900	10900	34900	51100	25400	34600	18800	10000	22400	22400
0	20000	0	0	31800	18000	18000	0	12300	23500	0	13800	0	0	27500	0	27500	3000	5000	0	20000	24600	0	32200	0	0	0	0	0	0	0	30500	0	8000	19100	0	0	0	0	10400	0	0	0	14000	13000	19500	8500	4500	0	3000	14000	0	27500	0	0	17000	5400	0	14000	3300	0	0	13600	0	0	0	0	12500	28700	3000	12200	0	0	0	0
0	3000	0	0	14800	1000	1000	0	0	6500	0	0	0	0	10500	0	10500	0	0	0	3000	7600	0	15200	0	0	0	0	0	0	0	13500	0	0	2100	0	0	0	0	0	0	0	0	0	0	2500	0	0	0	0	0	0	10500	0	0	0	0	0	0	0	0	0	0	0	0	0	0	0	11700	0	0	0	0	0	0
0	14600	0	0	26400	12600	12600	0	6900	18100	0	8400	0	0	22100	0	22100	0	0	0	14600	19200	0	26800	0	0	0	0	0	0	0	25100	0	2600	13700	0	0	0	0	5000	0	0	0	8600	7600	14100	3100	0	0	0	8600	0	22100	0	0	11600	0	0	8600	0	0	0	8200	0	0	0	0	7100	23300	0	6800	0	0	0	0
2900	36000	16000	3600	47800	34000	34000	4300	28300	39500	4300	29800	4000	9000	43500	0	43500	19000	21000	13800	36000	40600	16000	48200	0	0	14400	4500	0	7400	0	46500	3600	24000	35100	4500	9500	3500	0	26400	4600	14700	10000	30000	29000	35500	24500	20500	0	19000	30000	5000	43500	0	16000	33000	21400	0	30000	19300	2500	4300	29600	10000	11000	0	4500	28500	44700	19000	28200	12400	3600	16000	16000
0	6000	0	0	17800	4000	4000	0	0	9500	0	0	0	0	13500	0	13500	0	0	0	6000	10600	0	18200	0	0	0	0	0	0	0	16500	0	0	5100	0	0	0	0	0	0	0	0	0	0	5500	0	0	0	0	0	0	13500	0	0	3000	0	0	0	0	0	0	0	0	0	0	0	0	14700	0	0	0	0	0	0
0	16700	0	0	28500	14700	14700	0	9000	20200	0	10500	0	0	24200	0	24200	0	1700	0	16700	21300	0	28900	0	0	0	0	0	0	0	27200	0	4700	15800	0	0	0	0	7100	0	0	0	10700	9700	16200	5200	1200	0	0	10700	0	24200	0	0	13700	2100	0	10700	0	0	0	10300	0	0	0	0	9200	25400	0	8900	0	0	0	0
400	33500	13500	1100	45300	31500	31500	1800	25800	37000	1800	27300	1500	6500	41000	0	41000	16500	18500	11300	33500	38100	13500	45700	0	0	11900	2000	0	4900	0	44000	1100	21500	32600	2000	7000	1000	0	23900	2100	12200	7500	27500	26500	33000	22000	18000	0	16500	27500	2500	41000	0	13500	30500	18900	0	27500	16800	0	1800	27100	7500	8500	0	2000	26000	42200	16500	25700	9900	1100	13500	13500
0	31700	11700	0	43500	29700	29700	0	24000	35200	0	25500	0	4700	39200	0	39200	14700	16700	9500	31700	36300	11700	43900	0	0	10100	200	0	3100	0	42200	0	19700	30800	200	5200	0	0	22100	300	10400	5700	25700	24700	31200	20200	16200	0	14700	25700	700	39200	0	11700	28700	17100	0	25700	15000	0	0	25300	5700	6700	0	200	24200	40400	14700	23900	8100	0	11700	11700
0	6400	0	0	18200	4400	4400	0	0	9900	0	200	0	0	13900	0	13900	0	0	0	6400	11000	0	18600	0	0	0	0	0	0	0	16900	0	0	5500	0	0	0	0	0	0	0	0	400	0	5900	0	0	0	0	400	0	13900	0	0	3400	0	0	400	0	0	0	0	0	0	0	0	0	15100	0	0	0	0	0	0
0	26000	6000	0	37800	24000	24000	0	18300	29500	0	19800	0	0	33500	0	33500	9000	11000	3800	26000	30600	6000	38200	0	0	4400	0	0	0	0	36500	0	14000	25100	0	0	0	0	16400	0	4700	0	20000	19000	25500	14500	10500	0	9000	20000	0	33500	0	6000	23000	11400	0	20000	9300	0	0	19600	0	1000	0	0	18500	34700	9000	18200	2400	0	6000	6000
0	25000	5000	0	36800	23000	23000	0	17300	28500	0	18800	0	0	32500	0	32500	8000	10000	2800	25000	29600	5000	37200	0	0	3400	0	0	0	0	35500	0	13000	24100	0	0	0	0	15400	0	3700	0	19000	18000	24500	13500	9500	0	8000	19000	0	32500	0	5000	22000	10400	0	19000	8300	0	0	18600	0	0	0	0	17500	33700	8000	17200	1400	0	5000	5000
8400	41500	21500	9100	53300	39500	39500	9800	33800	45000	9800	35300	9500	14500	49000	0	49000	24500	26500	19300	41500	46100	21500	53700	200	0	19900	10000	0	12900	0	52000	9100	29500	40600	10000	15000	9000	0	31900	10100	20200	15500	35500	34500	41000	30000	26000	5500	24500	35500	10500	49000	0	21500	38500	26900	5500	35500	24800	8000	9800	35100	15500	16500	0	10000	34000	50200	24500	33700	17900	9100	21500	21500
0	31500	11500	0	43300	29500	29500	0	23800	35000	0	25300	0	4500	39000	0	39000	14500	16500	9300	31500	36100	11500	43700	0	0	9900	0	0	2900	0	42000	0	19500	30600	0	5000	0	0	21900	100	10200	5500	25500	24500	31000	20000	16000	0	14500	25500	500	39000	0	11500	28500	16900	0	25500	14800	0	0	25100	5500	6500	0	0	24000	40200	14500	23700	7900	0	11500	11500
0	7500	0	0	19300	5500	5500	0	0	11000	0	1300	0	0	15000	0	15000	0	0	0	7500	12100	0	19700	0	0	0	0	0	0	0	18000	0	0	6600	0	0	0	0	0	0	0	0	1500	500	7000	0	0	0	0	1500	0	15000	0	0	4500	0	0	1500	0	0	0	1100	0	0	0	0	0	16200	0	0	0	0	0	0
0	0	0	0	3100	0	0	0	0	0	0	0	0	0	0	0	0	0	0	0	0	0	0	3500	0	0	0	0	0	0	0	1800	0	0	0	0	0	0	0	0	0	0	0	0	0	0	0	0	0	0	0	0	0	0	0	0	0	0	0	0	0	0	0	0	0	0	0	0	0	0	0	0	0	0	0
0	17000	0	0	28800	15000	15000	0	9300	20500	0	10800	0	0	24500	0	24500	0	2000	0	17000	21600	0	29200	0	0	0	0	0	0	0	27500	0	5000	16100	0	0	0	0	7400	0	0	0	11000	10000	16500	5500	1500	0	0	11000	0	24500	0	0	14000	2400	0	11000	300	0	0	10600	0	0	0	0	9500	25700	0	9200	0	0	0	0
0	7800	0	0	19600	5800	5800	0	100	11300	0	1600	0	0	15300	0	15300	0	0	0	7800	12400	0	20000	0	0	0	0	0	0	0	18300	0	0	6900	0	0	0	0	0	0	0	0	1800	800	7300	0	0	0	0	1800	0	15300	0	0	4800	0	0	1800	0	0	0	1400	0	0	0	0	300	16500	0	0	0	0	0	0
0	23600	3600	0	35400	21600	21600	0	15900	27100	0	17400	0	0	31100	0	31100	6600	8600	1400	23600	28200	3600	35800	0	0	2000	0	0	0	0	34100	0	11600	22700	0	0	0	0	14000	0	2300	0	17600	16600	23100	12100	8100	0	6600	17600	0	31100	0	3600	20600	9000	0	17600	6900	0	0	17200	0	0	0	0	16100	32300	6600	15800	0	0	3600	3600
0	32400	12400	0	44200	30400	30400	700	24700	35900	700	26200	400	5400	39900	0	39900	15400	17400	10200	32400	37000	12400	44600	0	0	10800	900	0	3800	0	42900	0	20400	31500	900	5900	0	0	22800	1000	11100	6400	26400	25400	31900	20900	16900	0	15400	26400	1400	39900	0	12400	29400	17800	0	26400	15700	0	700	26000	6400	7400	0	900	24900	41100	15400	24600	8800	0	12400	12400
0	20000	0	0	31800	18000	18000	0	12300	23500	0	13800	0	0	27500	0	27500	3000	5000	0	20000	24600	0	32200	0	0	0	0	0	0	0	30500	0	8000	19100	0	0	0	0	10400	0	0	0	14000	13000	19500	8500	4500	0	3000	14000	0	27500	0	0	17000	5400	0	14000	3300	0	0	13600	0	0	0	0	12500	28700	3000	12200	0	0	0	0
0	20000	0	0	31800	18000	18000	0	12300	23500	0	13800	0	0	27500	0	27500	3000	5000	0	20000	24600	0	32200	0	0	0	0	0	0	0	30500	0	8000	19100	0	0	0	0	10400	0	0	0	14000	13000	19500	8500	4500	0	3000	14000	0	27500	0	0	17000	5400	0	14000	3300	0	0	13600	0	0	0	0	12500	28700	3000	12200	0	0	0	0

0	8	0	15	8	0	0	0	34	23	43	0	0	110	0	0	18	30	18	8	8	8	0	60	8	32	15	110	48	62	0	18	0	8	8	0	34	0	18	0	0	0	41	8	0	0	43	0	0	8	30	8	0	0	0	0	11	8	4	26	8	62	8	0	34	0	43	0	11	8	0	11	0	0	41
0	0	0	8	0	0	0	0	30	18	40	0	0	109	0	0	11	26	11	0	0	0	0	57	0	28	8	109	45	60	0	11	0	0	0	0	30	0	11	0	0	0	38	0	0	0	40	0	0	0	26	0	0	0	0	0	4	0	0	20	0	60	0	0	30	0	40	0	4	0	0	4	0	0	38
0	8	0	15	8	0	0	0	34	23	43	0	0	110	0	0	18	30	18	8	8	8	0	60	8	32	15	110	48	62	0	18	0	8	8	0	34	0	18	0	0	0	41	8	0	0	43	0	0	8	30	8	0	0	0	0	11	8	4	26	8	62	8	0	34	0	43	0	11	8	0	11	0	0	41
0	0	0	0	0	0	0	0	26	11	36	0	0	108	0	0	4	20	4	0	0	0	0	56	0	23	0	108	42	57	0	4	0	0	0	0	26	0	4	0	0	0	34	0	0	0	36	0	0	0	20	0	0	0	0	0	0	0	0	15	0	57	0	0	26	0	36	0	0	0	0	0	0	0	34
0	0	0	8	0	0	0	0	30	18	40	0	0	109	0	0	11	26	11	0	0	0	0	57	0	28	8	109	45	60	0	11	0	0	0	0	30	0	11	0	0	0	38	0	0	0	40	0	0	0	26	0	0	0	0	0	4	0	0	20	0	60	0	0	30	0	40	0	4	0	0	4	0	0	38
26	30	26	34	30	0	0	0	48	40	54	11	0	112	0	0	36	45	36	30	30	30	0	68	30	46	34	112	59	70	8	36	11	30	30	0	48	11	36	4	18	0	53	30	0	10	54	18	10	30	45	30	18	11	0	0	32	30	28	41	30	70	30	18	48	0	54	0	32	30	26	32	0	0	53
26	30	26	34	30	0	0	0	48	40	54	11	0	112	0	0	36	45	36	30	30	30	0	68	30	46	34	112	59	70	8	36	11	30	30	0	48	11	36	4	18	0	53	30	0	10	54	18	10	30	45	30	18	11	0	0	32	30	28	41	30	70	30	18	48	0	54	0	32	30	26	32	0	0	53
26	30	26	34	30	0	0	0	48	40	54	11	0	112	0	0	36	45	36	30	30	30	0	68	30	46	34	112	59	70	8	36	11	30	30	0	48	11	36	4	18	0	53	30	0	10	54	18	10	30	45	30	18	11	0	0	32	30	28	41	30	70	30	18	48	0	54	0	32	30	26	32	0	0	53
0	0	0	0	0	0	0	0	0	0	18	0	0	105	0	0	0	0	0	0	0	0	0	45	0	0	0	105	27	48	0	0	0	0	0	0	0	0	0	0	0	0	15	0	0	0	18	0	0	0	0	0	0	0	0	0	0	0	0	0	0	48	0	0	0	0	18	0	0	0	0	0	0	0	15
0	0	0	0	0	0	0	0	18	0	30	0	0	107	0	0	0	11	0	0	0	0	0	52	0	15	0	107	37	54	0	0	0	0	0	0	18	0	0	0	0	0	28	0	0	0	30	0	0	0	11	0	0	0	0	0	0	0	0	4	0	54	0	0	18	0	30	0	0	0	0	0	0	0	28
0	0	0	0	0	0	0	0	0	0	0	0	0	103	0	0	0	0	0	0	0	0	0	36	0	0	0	103	13	40	0	0	0	0	0	0	0	0	0	0	0	0	0	0	0	0	0	0	0	0	0	0	0	0	0	0	0	0	0	0	0	40	0	0	0	0	0	0	0	0	0	0	0	0	0
18	23	18	28	23	0	0	0	43	34	51	0	0	111	0	0	30	40	30	23	23	23	0	65	23	41	28	111	55	67	0	30	0	23	23	0	43	0	30	0	8	0	49	23	0	0	51	8	0	23	40	23	8	0	0	0	26	23	20	36	23	67	23	8	43	0	51	0	26	23	18	26	0	0	49
31	35	31	39	35	10	10	10	51	44	56	19	0	112	2	10	41	48	41	35	35	35	10	70	35	50	39	112	61	72	16	41	19	35	35	10	51	19	41	13	24	10	56	35	0	18	56	24	18	35	48	35	24	19	10	10	37	35	33	45	35	72	35	24	51	0	56	10	37	35	31	37	10	10	56
0	0	0	0	0	0	0	0	0	0	0	0	0	0	0	0	0	0	0	0	0	0	0	0	0	0	0	0	0	0	0	0	0	0	0	0	0	0	0	0	0	0	0	0	0	0	0	0	0	0	0	0	0	0	0	0	0	0	0	0	0	0	0	0	0	0	0	0	0	0	0	0	0	0	0
30	34	30	38	34	8	8	8	51	43	56	18	0	112	0	8	40	48	40	34	34	34	8	70	34	49	38	112	61	72	15	40	18	34	34	8	51	18	40	11	23	8	56	34	0	16	56	23	16	34	48	34	23	18	8	8	36	34	32	45	34	72	34	23	51	0	56	8	36	34	30	36	8	8	56
26	30	26	34	30	0	0	0	48	40	54	11	0	112	0	0	36	45	36	30	30	30	0	68	30	46	34	112	59	70	8	36	11	30	30	0	48	11	36	4	18	0	53	30	0	10	54	18	10	30	45	30	18	11	0	0	32	30	28	41	30	70	30	18	48	0	54	0	32	30	26	32	0	0	53
0	0	0	0	0	0	0	0	23	8	34	0	0	108	0	0	0	18	0	0	0	0	0	54	0	20	0	108	41	56	0	0	0	0	0	0	23	0	0	0	0	0	32	0	0	0	34	0	0	0	18	0	0	0	0	0	0	0	0	11	0	56	0	0	23	0	34	0	0	0	0	0	0	0	32
0	0	0	0	0	0	0	0	8	0	23	0	0	106	0	0	0	0	0	0	0	0	0	48	0	4	0	106	31	51	0	0	0	0	0	0	8	0	0	0	0	0	20	0	0	0	23	0	0	0	0	0	0	0	0	0	0	0	0	0	0	51	0	0	8	0	23	0	0	0	0	0	0	0	20
0	0	0	0	0	0	0	0	23	8	34	0	0	108	0	0	0	18	0	0	0	0	0	54	0	20	0	108	41	56	0	0	0	0	0	0	23	0	0	0	0	0	32	0	0	0	34	0	0	0	18	0	0	0	0	0	0	0	0	11	0	56	0	0	23	0	34	0	0	0	0	0	0	0	32
0	0	0	8	0	0	0	0	30	18	40	0	0	109	0	0	11	26	11	0	0	0	0	57	0	28	8	109	45	60	0	11	0	0	0	0	30	0	11	0	0	0	38	0	0	0	40	0	0	0	26	0	0	0	0	0	4	0	0	20	0	60	0	0	30	0	40	0	4	0	0	4	0	0	38
0	0	0	8	0	0	0	0	30	18	40	0	0	109	0	0	11	26	11	0	0	0	0	57	0	28	8	109	45	60	0	11	0	0	0	0	30	0	11	0	0	0	38	0	0	0	40	0	0	0	26	0	0	0	0	0	4	0	0	20	0	60	0	0	30	0	40	0	4	0	0	4	0	0	38
0	0	0	8	0	0	0	0	30	18	40	0	0	109	0	0	11	26	11	0	0	0	0	57	0	28	8	109	45	60	0	11	0	0	0	0	30	0	11	0	0	0	38	0	0	0	40	0	0	0	26	0	0	0	0	0	4	0	0	20	0	60	0	0	30	0	40	0	4	0	0	4	0	0	38
26	30	26	34	30	0	0	0	48	40	54	11	0	112	0	0	36	45	36	30	30	30	0	68	30	46	34	112	59	70	8	36	11	30	30	0	48	11	36	4	18	0	53	30	0	10	54	18	10	30	45	30	18	11	0	0	32	30	28	41	30	70	30	18	48	0	54	0	32	30	26	32	0	0	53
0	0	0	0	0	0	0	0	0	0	0	0	0	98	0	0	0	0	0	0	0	0	0	0	0	0	0	98	0	8	0	0	0	0	0	0	0	0	0	0	0	0	0	0	0	0	0	0	0	0	0	0	0	0	0	0	0	0	0	0	0	8	0	0	0	0	0	0	0	0	0	0	0	0	0
0	0	0	8	0	0	0	0	30	18	40	0	0	109	0	0	11	26	11	0	0	0	0	57	0	28	8	109	45	60	0	11	0	0	0	0	30	0	11	0	0	0	38	0	0	0	40	0	0	0	26	0	0	0	0	0	4	0	0	20	0	60	0	0	30	0	40	0	4	0	0	4	0	0	38
0	0	0	0	0	0	0	0	4	0	20	0	0	106	0	0	0	0	0	0	0	0	0	46	0	0	0	106	28	49	0	0	0	0	0	0	4	0	0	0	0	0	18	0	0	0	20	0	0	0	0	0	0	0	0	0	0	0	0	0	0	49	0	0	4	0	20	0	0	0	0	0	0	0	18
0	0	0	0	0	0	0	0	26	11	36	0	0	108	0	0	4	20	4	0	0	0	0	56	0	23	0	108	42	57	0	4	0	0	0	0	26	0	4	0	0	0	34	0	0	0	36	0	0	0	20	0	0	0	0	0	0	0	0	15	0	57	0	0	26	0	36	0	0	0	0	0	0	0	34
0	0	0	0	0	0	0	0	0	0	0	0	0	0	0	0	0	0	0	0	0	0	0	0	0	0	0	0	0	0	0	0	0	0	0	0	0	0	0	0	0	0	0	0	0	0	0	0	0	0	0	0	0	0	0	0	0	0	0	0	0	0	0	0	0	0	0	0	0	0	0	0	0	0	0
0	0	0	0	0	0	0	0	0	0	0	0	0	102	0	0	0	0	0	0	0	0	0	28	0	0	0	102	0	33	0	0	0	0	0	0	0	0	0	0	0	0	0	0	0	0	0	0	0	0	0	0	0	0	0	0	0	0	0	0	0	33	0	0	0	0	0	0	0	0	0	0	0	0	0
0	0	0	0	0	0	0	0	0	0	0	0	0	97	0	0	0	0	0	0	0	0	0	0	0	0	0	97	0	0	0	0	0	0	0	0	0	0	0	0	0	0	0	0	0	0	0	0	0	0	0	0	0	0	0	0	0	0	0	0	0	0	0	0	0	0	0	0	0	0	0	0	0	0	0
20	26	20	30	26	0	0	0	45	36	52	4	0	112	0	0	32	41	32	26	26	26	0	66	26	43	30	112	56	68	0	32	4	26	26	0	45	4	32	0	11	0	51	26	0	2	52	11	2	26	41	26	11	4	0	0	28	26	23	38	26	68	26	11	45	0	52	0	28	26	20	28	0	0	51
0	0	0	0	0	0	0	0	23	8	34	0	0	108	0	0	0	18	0	0	0	0	0	54	0	20	0	108	41	56	0	0	0	0	0	0	23	0	0	0	0	0	32	0	0	0	34	0	0	0	18	0	0	0	0	0	0	0	0	11	0	56	0	0	23	0	34	0	0	0	0	0	0	0	32
18	23	18	28	23	0	0	0	43	34	51	0	0	111	0	0	30	40	30	23	23	23	0	65	23	41	28	111	55	67	0	30	0	23	23	0	43	0	30	0	8	0	49	23	0	0	51	8	0	23	40	23	8	0	0	0	26	23	20	36	23	67	23	8	43	0	51	0	26	23	18	26	0	0	49
0	0	0	8	0	0	0	0	30	18	40	0	0	109	0	0	11	26	11	0	0	0	0	57	0	28	8	109	45	60	0	11	0	0	0	0	30	0	11	0	0	0	38	0	0	0	40	0	0	0	26	0	0	0	0	0	4	0	0	20	0	60	0	0	30	0	40	0	4	0	0	4	0	0	38
0	0	0	8	0	0	0	0	30	18	40	0	0	109	0	0	11	26	11	0	0	0	0	57	0	28	8	109	45	60	0	11	0	0	0	0	30	0	11	0	0	0	38	0	0	0	40	0	0	0	26	0	0	0	0	0	4	0	0	20	0	60	0	0	30	0	40	0	4	0	0	4	0	0	38
26	30	26	34	30	0	0	0	48	40	54	11	0	112	0	0	36	45	36	30	30	30	0	68	30	46	34	112	59	70	8	36	11	30	30	0	48	11	36	4	18	0	53	30	0	10	54	18	10	30	45	30	18	11	0	0	32	30	28	41	30	70	30	18	48	0	54	0	32	30	26	32	0	0	53
0	0	0	0	0	0	0	0	0	0	18	0	0	105	0	0	0	0	0	0	0	0	0	45	0	0	0	105	27	48	0	0	0	0	0	0	0	0	0	0	0	0	15	0	0	0	18	0	0	0	0	0	0	0	0	0	0	0	0	0	0	48	0	0	0	0	18	0	0	0	0	0	0	0	15
18	23	18	28	23	0	0	0	43	34	51	0	0	111	0	0	30	40	30	23	23	23	0	65	23	41	28	111	55	67	0	30	0	23	23	0	43	0	30	0	8	0	49	23	0	0	51	8	0	23	40	23	8	0	0	0	26	23	20	36	23	67	23	8	43	0	51	0	26	23	18	26	0	0	49
0	0	0	0	0	0	0	0	23	8	34	0	0	108	0	0	0	18	0	0	0	0	0	54	0	20	0	108	41	56	0	0	0	0	0	0	23	0	0	0	0	0	32	0	0	0	34	0	0	0	18	0	0	0	0	0	0	0	0	11	0	56	0	0	23	0	34	0	0	0	0	0	0	0	32
23	28	23	32	28	0	0	0	46	38	53	8	0	112	0	0	34	43	34	28	28	28	0	67	28	45	32	112	56	69	4	34	8	28	28	0	46	8	34	0	15	0	52	28	0	6	53	15	6	28	43	28	15	8	0	0	30	28	26	40	28	69	28	15	46	0	53	0	30	28	23	30	0	0	52
11	18	11	23	18	0	0	0	40	30	48	0	0	111	0	0	26	36	26	18	18	18	0	63	18	38	23	111	53	65	0	26	0	18	18	0	40	0	26	0	0	0	46	18	0	0	48	0	0	18	36	18	0	0	0	0	20	18	15	32	18	65	18	0	40	0	48	0	20	18	11	20	0	0	46
26	30	26	34	30	0	0	0	48	40	54	11	0	112	0	0	36	45	36	30	30	30	0	68	30	46	34	112	59	70	8	36	11	30	30	0	48	11	36	4	18	0	53	30	0	10	54	18	10	30	45	30	18	11	0	0	32	30	28	41	30	70	30	18	48	0	54	0	32	30	26	32	0	0	53
0	0	0	0	0	0	0	0	0	0	4	0	0	104	0	0	0	0	0	0	0	0	0	38	0	0	0	104	16	41	0	0	0	0	0	0	0	0	0	0	0	0	0	0	0	0	4	0	0	0	0	0	0	0	0	0	0	0	0	0	0	41	0	0	0	0	4	0	0	0	0	0	0	0	0
0	0	0	8	0	0	0	0	30	18	40	0	0	109	0	0	11	26	11	0	0	0	0	57	0	28	8	109	45	60	0	11	0	0	0	0	30	0	11	0	0	0	38	0	0	0	40	0	0	0	26	0	0	0	0	0	4	0	0	20	0	60	0	0	30	0	40	0	4	0	0	4	0	0	38
31	35	31	39	35	10	10	10	51	44	56	19	0	112	2	10	41	48	41	35	35	35	10	70	35	50	39	112	61	72	16	41	19	35	35	10	51	19	41	13	24	10	56	35	0	18	56	24	18	35	48	35	24	19	10	10	37	35	33	45	35	72	35	24	51	0	56	10	37	35	31	37	10	10	56
19	24	19	28	24	0	0	0	44	35	51	2	0	112	0	0	31	41	31	24	24	24	0	66	24	42	28	112	56	68	0	31	2	24	24	0	44	2	31	0	10	0	50	24	0	0	51	10	0	24	41	24	10	2	0	0	27	24	22	37	24	68	24	10	44	0	51	0	27	24	19	27	0	0	50
0	0	0	0	0	0	0	0	0	0	0	0	0	103	0	0	0	0	0	0	0	0	0	36	0	0	0	103	13	40	0	0	0	0	0	0	0	0	0	0	0	0	0	0	0	0	0	0	0	0	0	0	0	0	0	0	0	0	0	0	0	40	0	0	0	0	0	0	0	0	0	0	0	0	0
11	18	11	23	18	0	0	0	40	30	48	0	0	111	0	0	26	36	26	18	18	18	0	63	18	38	23	111	53	65	0	26	0	18	18	0	40	0	26	0	0	0	46	18	0	0	48	0	0	18	36	18	0	0	0	0	20	18	15	32	18	65	18	0	40	0	48	0	20	18	11	20	0	0	46
19	24	19	28	24	0	0	0	44	35	51	2	0	112	0	0	31	41	31	24	24	24	0	66	24	42	28	112	56	68	0	31	2	24	24	0	44	2	31	0	10	0	50	24	0	0	51	10	0	24	41	24	10	2	0	0	27	24	22	37	24	68	24	10	44	0	51	0	27	24	19	27	0	0	50
0	0	0	8	0	0	0	0	30	18	40	0	0	109	0	0	11	26	11	0	0	0	0	57	0	28	8	109	45	60	0	11	0	0	0	0	30	0	11	0	0	0	38	0	0	0	40	0	0	0	26	0	0	0	0	0	4	0	0	20	0	60	0	0	30	0	40	0	4	0	0	4	0	0	38
0	0	0	0	0	0	0	0	8	0	23	0	0	106	0	0	0	0	0	0	0	0	0	48	0	4	0	106	31	51	0	0	0	0	0	0	8	0	0	0	0	0	20	0	0	0	23	0	0	0	0	0	0	0	0	0	0	0	0	0	0	51	0	0	8	0	23	0	0	0	0	0	0	0	20
0	0	0	8	0	0	0	0	30	18	40	0	0	109	0	0	11	26	11	0	0	0	0	57	0	28	8	109	45	60	0	11	0	0	0	0	30	0	11	0	0	0	38	0	0	0	40	0	0	0	26	0	0	0	0	0	4	0	0	20	0	60	0	0	30	0	40	0	4	0	0	4	0	0	38
11	18	11	23	18	0	0	0	40	30	48	0	0	111	0	0	26	36	26	18	18	18	0	63	18	38	23	111	53	65	0	26	0	18	18	0	40	0	26	0	0	0	46	18	0	0	48	0	0	18	36	18	0	0	0	0	20	18	15	32	18	65	18	0	40	0	48	0	20	18	11	20	0	0	46
18	23	18	28	23	0	0	0	43	34	51	0	0	111	0	0	30	40	30	23	23	23	0	65	23	41	28	111	55	67	0	30	0	23	23	0	43	0	30	0	8	0	49	23	0	0	51	8	0	23	40	23	8	0	0	0	26	23	20	36	23	67	23	8	43	0	51	0	26	23	18	26	0	0	49
26	30	26	34	30	0	0	0	48	40	54	11	0	112	0	0	36	45	36	30	30	30	0	68	30	46	34	112	59	70	8	36	11	30	30	0	48	11	36	4	18	0	53	30	0	10	54	18	10	30	45	30	18	11	0	0	32	30	28	41	30	70	30	18	48	0	54	0	32	30	26	32	0	0	53
26	30	26	34	30	0	0	0	48	40	54	11	0	112	0	0	36	45	36	30	30	30	0	68	30	46	34	112	59	70	8	36	11	30	30	0	48	11	36	4	18	0	53	30	0	10	54	18	10	30	45	30	18	11	0	0	32	30	28	41	30	70	30	18	48	0	54	0	32	30	26	32	0	0	53
0	0	0	4	0	0	0	0	28	15	38	0	0	109	0	0	8	23	8	0	0	0	0	56	0	26	4	109	44	59	0	8	0	0	0	0	28	0	8	0	0	0	36	0	0	0	38	0	0	0	23	0	0	0	0	0	0	0	0	18	0	59	0	0	28	0	38	0	0	0	0	0	0	0	36
0	0	0	8	0	0	0	0	30	18	40	0	0	109	0	0	11	26	11	0	0	0	0	57	0	28	8	109	45	60	0	11	0	0	0	0	30	0	11	0	0	0	38	0	0	0	40	0	0	0	26	0	0	0	0	0	4	0	0	20	0	60	0	0	30	0	40	0	4	0	0	4	0	0	38
0	4	0	11	4	0	0	0	32	20	41	0	0	109	0	0	15	28	15	4	4	4	0	59	4	30	11	109	47	61	0	15	0	4	4	0	32	0	15	0	0	0	40	4	0	0	41	0	0	4	28	4	0	0	0	0	8	4	0	23	4	61	4	0	32	0	41	0	8	4	0	8	0	0	40
0	0	0	0	0	0	0	0	15	0	28	0	0	107	0	0	0	8	0	0	0	0	0	51	0	11	0	107	35	53	0	0	0	0	0	0	15	0	0	0	0	0	26	0	0	0	28	0	0	0	8	0	0	0	0	0	0	0	0	0	0	53	0	0	15	0	28	0	0	0	0	0	0	0	26
0	0	0	8	0	0	0	0	30	18	40	0	0	109	0	0	11	26	11	0	0	0	0	57	0	28	8	109	45	60	0	11	0	0	0	0	30	0	11	0	0	0	38	0	0	0	40	0	0	0	26	0	0	0	0	0	4	0	0	20	0	60	0	0	30	0	40	0	4	0	0	4	0	0	38
0	0	0	0	0	0	0	0	0	0	0	0	0	97	0	0	0	0	0	0	0	0	0	0	0	0	0	97	0	0	0	0	0	0	0	0	0	0	0	0	0	0	0	0	0	0	0	0	0	0	0	0	0	0	0	0	0	0	0	0	0	0	0	0	0	0	0	0	0	0	0	0	0	0	0
0	0	0	8	0	0	0	0	30	18	40	0	0	109	0	0	11	26	11	0	0	0	0	57	0	28	8	109	45	60	0	11	0	0	0	0	30	0	11	0	0	0	38	0	0	0	40	0	0	0	26	0	0	0	0	0	4	0	0	20	0	60	0	0	30	0	40	0	4	0	0	4	0	0	38
11	18	11	23	18	0	0	0	40	30	48	0	0	111	0	0	26	36	26	18	18	18	0	63	18	38	23	111	53	65	0	26	0	18	18	0	40	0	26	0	0	0	46	18	0	0	48	0	0	18	36	18	0	0	0	0	20	18	15	32	18	65	18	0	40	0	48	0	20	18	11	20	0	0	46
0	0	0	0	0	0	0	0	0	0	18	0	0	105	0	0	0	0	0	0	0	0	0	45	0	0	0	105	27	48	0	0	0	0	0	0	0	0	0	0	0	0	15	0	0	0	18	0	0	0	0	0	0	0	0	0	0	0	0	0	0	48	0	0	0	0	18	0	0	0	0	0	0	0	15
31	35	31	39	35	10	10	10	51	44	56	19	0	112	2	10	41	48	41	35	35	35	10	70	35	50	39	112	61	72	16	41	19	35	35	10	51	19	41	13	24	10	56	35	0	18	56	24	18	35	48	35	24	19	10	10	37	35	33	45	35	72	35	24	51	0	56	10	37	35	31	37	10	10	56
0	0	0	0	0	0	0	0	0	0	0	0	0	103	0	0	0	0	0	0	0	0	0	36	0	0	0	103	13	40	0	0	0	0	0	0	0	0	0	0	0	0	0	0	0	0	0	0	0	0	0	0	0	0	0	0	0	0	0	0	0	40	0	0	0	0	0	0	0	0	0	0	0	0	0
26	30	26	34	30	0	0	0	48	40	54	11	0	112	0	0	36	45	36	30	30	30	0	68	30	46	34	112	59	70	8	36	11	30	30	0	48	11	36	4	18	0	53	30	0	10	54	18	10	30	45	30	18	11	0	0	32	30	28	41	30	70	30	18	48	0	54	0	32	30	26	32	0	0	53
0	0	0	4	0	0	0	0	28	15	38	0	0	109	0	0	8	23	8	0	0	0	0	56	0	26	4	109	44	59	0	8	0	0	0	0	28	0	8	0	0	0	36	0	0	0	38	0	0	0	23	0	0	0	0	0	0	0	0	18	0	59	0	0	28	0	38	0	0	0	0	0	0	0	36
0	0	0	8	0	0	0	0	30	18	40	0	0	109	0	0	11	26	11	0	0	0	0	57	0	28	8	109	45	60	0	11	0	0	0	0	30	0	11	0	0	0	38	0	0	0	40	0	0	0	26	0	0	0	0	0	4	0	0	20	0	60	0	0	30	0	40	0	4	0	0	4	0	0	38
0	8	0	15	8	0	0	0	34	23	43	0	0	110	0	0	18	30	18	8	8	8	0	60	8	32	15	110	48	62	0	18	0	8	8	0	34	0	18	0	0	0	41	8	0	0	43	0	0	8	30	8	0	0	0	0	11	8	4	26	8	62	8	0	34	0	43	0	11	8	0	11	0	0	41
0	0	0	4	0	0	0	0	28	15	38	0	0	109	0	0	8	23	8	0	0	0	0	56	0	26	4	109	44	59	0	8	0	0	0	0	28	0	8	0	0	0	36	0	0	0	38	0	0	0	23	0	0	0	0	0	0	0	0	18	0	59	0	0	28	0	38	0	0	0	0	0	0	0	36
26	30	26	34	30	0	0	0	48	40	54	11	0	112	0	0	36	45	36	30	30	30	0	68	30	46	34	112	59	70	8	36	11	30	30	0	48	11	36	4	18	0	53	30	0	10	54	18	10	30	45	30	18	11	0	0	32	30	28	41	30	70	30	18	48	0	54	0	32	30	26	32	0	0	53
26	30	26	34	30	0	0	0	48	40	54	11	0	112	0	0	36	45	36	30	30	30	0	68	30	46	34	112	59	70	8	36	11	30	30	0	48	11	36	4	18	0	53	30	0	10	54	18	10	30	45	30	18	11	0	0	32	30	28	41	30	70	30	18	48	0	54	0	32	30	26	32	0	0	53
0	0	0	0	0	0	0	0	0	0	4	0	0	104	0	0	0	0	0	0	0	0	0	38	0	0	0	104	16	41	0	0	0	0	0	0	0	0	0	0	0	0	0	0	0	0	4	0	0	0	0	0	0	0	0	0	0	0	0	0	0	41	0	0	0	0	4	0	0	0	0	0	0	0	0

0	0	0	0	0	26	26	26	0	0	0	18	31	0	30	26	0	0	0	0	0	0	26	0	0	0	0	0	0	0	20	0	18	0	0	26	0	18	0	23	11	26	0	0	31	19	0	11	19	0	0	0	11	18	26	26	0	0	0	0	0	0	0	11	0	31	0	26	0	0	0	0	26	26	0
8	0	8	0	0	30	30	30	0	0	0	23	35	0	34	30	0	0	0	0	0	0	30	0	0	0	0	0	0	0	26	0	23	0	0	30	0	23	0	28	18	30	0	0	35	24	0	18	24	0	0	0	18	23	30	30	0	0	4	0	0	0	0	18	0	35	0	30	0	0	8	0	30	30	0
0	0	0	0	0	26	26	26	0	0	0	18	31	0	30	26	0	0	0	0	0	0	26	0	0	0	0	0	0	0	20	0	18	0	0	26	0	18	0	23	11	26	0	0	31	19	0	11	19	0	0	0	11	18	26	26	0	0	0	0	0	0	0	11	0	31	0	26	0	0	0	0	26	26	0
15	8	15	0	8	34	34	34	0	0	0	28	39	0	38	34	0	0	0	8	8	8	34	0	8	0	0	0	0	0	30	0	28	8	8	34	0	28	0	32	23	34	0	8	39	28	0	23	28	8	0	8	23	28	34	34	4	8	11	0	8	0	8	23	0	39	0	34	4	8	15	4	34	34	0
8	0	8	0	0	30	30	30	0	0	0	23	35	0	34	30	0	0	0	0	0	0	30	0	0	0	0	0	0	0	26	0	23	0	0	30	0	23	0	28	18	30	0	0	35	24	0	18	24	0	0	0	18	23	30	30	0	0	4	0	0	0	0	18	0	35	0	30	0	0	8	0	30	30	0
0	0	0	0	0	0	0	0	0	0	0	0	10	0	8	0	0	0	0	0	0	0	0	0	0	0	0	0	0	0	0	0	0	0	0	0	0	0	0	0	0	0	0	0	10	0	0	0	0	0	0	0	0	0	0	0	0	0	0	0	0	0	0	0	0	10	0	0	0	0	0	0	0	0	0
0	0	0	0	0	0	0	0	0	0	0	0	10	0	8	0	0	0	0	0	0	0	0	0	0	0	0	0	0	0	0	0	0	0	0	0	0	0	0	0	0	0	0	0	10	0	0	0	0	0	0	0	0	0	0	0	0	0	0	0	0	0	0	0	0	10	0	0	0	0	0	0	0	0	0
0	0	0	0	0	0	0	0	0	0	0	0	10	0	8	0	0	0	0	0	0	0	0	0	0	0	0	0	0	0	0	0	0	0	0	0	0	0	0	0	0	0	0	0	10	0	0	0	0	0	0	0	0	0	0	0	0	0	0	0	0	0	0	0	0	10	0	0	0	0	0	0	0	0	0
34	30	34	26	30	48	48	48	0	18	0	43	51	0	51	48	23	8	23	30	30	30	48	0	30	4	26	0	0	0	45	23	43	30	30	48	0	43	23	46	40	48	0	30	51	44	0	40	44	30	8	30	40	43	48	48	28	30	32	15	30	0	30	40	0	51	0	48	28	30	34	28	48	48	0
23	18	23	11	18	40	40	40	0	0	0	34	44	0	43	40	8	0	8	18	18	18	40	0	18	0	11	0	0	0	36	8	34	18	18	40	0	34	8	38	30	40	0	18	44	35	0	30	35	18	0	18	30	34	40	40	15	18	20	0	18	0	18	30	0	44	0	40	15	18	23	15	40	40	0
43	40	43	36	40	54	54	54	18	30	0	51	56	0	56	54	34	23	34	40	40	40	54	0	40	20	36	0	0	0	52	34	51	40	40	54	18	51	34	53	48	54	4	40	56	51	0	48	51	40	23	40	48	51	54	54	38	40	41	28	40	0	40	48	18	56	0	54	38	40	43	38	54	54	4
0	0	0	0	0	11	11	11	0	0	0	0	19	0	18	11	0	0	0	0	0	0	11	0	0	0	0	0	0	0	4	0	0	0	0	11	0	0	0	8	0	11	0	0	19	2	0	0	2	0	0	0	0	0	11	11	0	0	0	0	0	0	0	0	0	19	0	11	0	0	0	0	11	11	0
0	0	0	0	0	0	0	0	0	0	0	0	0	0	0	0	0	0	0	0	0	0	0	0	0	0	0	0	0	0	0	0	0	0	0	0	0	0	0	0	0	0	0	0	0	0	0	0	0	0	0	0	0	0	0	0	0	0	0	0	0	0	0	0	0	0	0	0	0	0	0	0	0	0	0
110	109	110	108	109	112	112	112	105	107	103	111	112	0	112	112	108	106	108	109	109	109	112	98	109	106	108	0	102	97	112	108	111	109	109	112	105	111	108	112	111	112	104	109	112	112	103	111	112	109	106	109	111	111	112	112	109	109	109	107	109	97	109	111	105	112	103	112	109	109	110	109	112	112	104
0	0	0	0	0	0	0	0	0	0	0	0	2	0	0	0	0	0	0	0	0	0	0	0	0	0	0	0	0	0	0	0	0	0	0	0	0	0	0	0	0	0	0	0	2	0	0	0	0	0	0	0	0	0	0	0	0	0	0	0	0	0	0	0	0	2	0	0	0	0	0	0	0	0	0
0	0	0	0	0	0	0	0	0	0	0	0	10	0	8	0	0	0	0	0	0	0	0	0	0	0	0	0	0	0	0	0	0	0	0	0	0	0	0	0	0	0	0	0	10	0	0	0	0	0	0	0	0	0	0	0	0	0	0	0	0	0	0	0	0	10	0	0	0	0	0	0	0	0	0
18	11	18	4	11	36	36	36	0	0	0	30	41	0	40	36	0	0	0	11	11	11	36	0	11	0	4	0	0	0	32	0	30	11	11	36	0	30	0	34	26	36	0	11	41	31	0	26	31	11	0	11	26	30	36	36	8	11	15	0	11	0	11	26	0	41	0	36	8	11	18	8	36	36	0
30	26	30	20	26	45	45	45	0	11	0	40	48	0	48	45	18	0	18	26	26	26	45	0	26	0	20	0	0	0	41	18	40	26	26	45	0	40	18	43	36	45	0	26	48	41	0	36	41	26	0	26	36	40	45	45	23	26	28	8	26	0	26	36	0	48	0	45	23	26	30	23	45	45	0
18	11	18	4	11	36	36	36	0	0	0	30	41	0	40	36	0	0	0	11	11	11	36	0	11	0	4	0	0	0	32	0	30	11	11	36	0	30	0	34	26	36	0	11	41	31	0	26	31	11	0	11	26	30	36	36	8	11	15	0	11	0	11	26	0	41	0	36	8	11	18	8	36	36	0
8	0	8	0	0	30	30	30	0	0	0	23	35	0	34	30	0	0	0	0	0	0	30	0	0	0	0	0	0	0	26	0	23	0	0	30	0	23	0	28	18	30	0	0	35	24	0	18	24	0	0	0	18	23	30	30	0	0	4	0	0	0	0	18	0	35	0	30	0	0	8	0	30	30	0
8	0	8	0	0	30	30	30	0	0	0	23	35	0	34	30	0	0	0	0	0	0	30	0	0	0	0	0	0	0	26	0	23	0	0	30	0	23	0	28	18	30	0	0	35	24	0	18	24	0	0	0	18	23	30	30	0	0	4	0	0	0	0	18	0	35	0	30	0	0	8	0	30	30	0
8	0	8	0	0	30	30	30	0	0	0	23	35	0	34	30	0	0	0	0	0	0	30	0	0	0	0	0	0	0	26	0	23	0	0	30	0	23	0	28	18	30	0	0	35	24	0	18	24	0	0	0	18	23	30	30	0	0	4	0	0	0	0	18	0	35	0	30	0	0	8	0	30	30	0
0	0	0	0	0	0	0	0	0	0	0	0	10	0	8	0	0	0	0	0	0	0	0	0	0	0	0	0	0	0	0	0	0	0	0	0	0	0	0	0	0	0	0	0	10	0	0	0	0	0	0	0	0	0	0	0	0	0	0	0	0	0	0	0	0	10	0	0	0	0	0	0	0	0	0
60	57	60	56	57	68	68	68	45	52	36	65	70	0	70	68	54	48	54	57	57	57	68	0	57	46	56	0	28	0	66	54	65	57	57	68	45	65	54	67	63	68	38	57	70	66	36	63	66	57	48	57	63	65	68	68	56	57	59	51	57	0	57	63	45	70	36	68	56	57	60	56	68	68	38
8	0	8	0	0	30	30	30	0	0	0	23	35	0	34	30	0	0	0	0	0	0	30	0	0	0	0	0	0	0	26	0	23	0	0	30	0	23	0	28	18	30	0	0	35	24	0	18	24	0	0	0	18	23	30	30	0	0	4	0	0	0	0	18	0	35	0	30	0	0	8	0	30	30	0
32	28	32	23	28	46	46	46	0	15	0	41	50	0	49	46	20	4	20	28	28	28	46	0	28	0	23	0	0	0	43	20	41	28	28	46	0	41	20	45	38	46	0	28	50	42	0	38	42	28	4	28	38	41	46	46	26	28	30	11	28	0	28	38	0	50	0	46	26	28	32	26	46	46	0
15	8	15	0	8	34	34	34	0	0	0	28	39	0	38	34	0	0	0	8	8	8	34	0	8	0	0	0	0	0	30	0	28	8	8	34	0	28	0	32	23	34	0	8	39	28	0	23	28	8	0	8	23	28	34	34	4	8	11	0	8	0	8	23	0	39	0	34	4	8	15	4	34	34	0
110	109	110	108	109	112	112	112	105	107	103	111	112	0	112	112	108	106	108	109	109	109	112	98	109	106	108	0	102	97	112	108	111	109	109	112	105	111	108	112	111	112	104	109	112	112	103	111	112	109	106	109	111	111	112	112	109	109	109	107	109	97	109	111	105	112	103	112	109	109	110	109	112	112	104
48	45	48	42	45	59	59	59	27	37	13	55	61	0	61	59	41	31	41	45	45	45	59	0	45	28	42	0	0	0	56	41	55	45	45	59	27	55	41	56	53	59	16	45	61	56	13	53	56	45	31	45	53	55	59	59	44	45	47	35	45	0	45	53	27	61	13	59	44	45	48	44	59	59	16
62	60	62	57	60	70	70	70	48	54	40	67	72	0	72	70	56	51	56	60	60	60	70	8	60	49	57	0	33	0	68	56	67	60	60	70	48	67	56	69	65	70	41	60	72	68	40	65	68	60	51	60	65	67	70	70	59	60	61	53	60	0	60	65	48	72	40	70	59	60	62	59	70	70	41
0	0	0	0	0	8	8	8	0	0	0	0	16	0	15	8	0	0	0	0	0	0	8	0	0	0	0	0	0	0	0	0	0	0	0	8	0	0	0	4	0	8	0	0	16	0	0	0	0	0	0	0	0	0	8	8	0	0	0	0	0	0	0	0	0	16	0	8	0	0	0	0	8	8	0
18	11	18	4	11	36	36	36	0	0	0	30	41	0	40	36	0	0	0	11	11	11	36	0	11	0	4	0	0	0	32	0	30	11	11	36	0	30	0	34	26	36	0	11	41	31	0	26	31	11	0	11	26	30	36	36	8	11	15	0	11	0	11	26	0	41	0	36	8	11	18	8	36	36	0
0	0	0	0	0	11	11	11	0	0	0	0	19	0	18	11	0	0	0	0	0	0	11	0	0	0	0	0	0	0	4	0	0	0	0	11	0	0	0	8	0	11	0	0	19	2	0	0	2	0	0	0	0	0	11	11	0	0	0	0	0	0	0	0	0	19	0	11	0	0	0	0	11	11	0
8	0	8	0	0	30	30	30	0	0	0	23	35	0	34	30	0	0	0	0	0	0	30	0	0	0	0	0	0	0	26	0	23	0	0	30	0	23	0	28	18	30	0	0	35	24	0	18	24	0	0	0	18	23	30	30	0	0	4	0	0	0	0	18	0	35	0	30	0	0	8	0	30	30	0
8	0	8	0	0	30	30	30	0	0	0	23	35	0	34	30	0	0	0	0	0	0	30	0	0	0	0	0	0	0	26	0	23	0	0	30	0	23	0	28	18	30	0	0	35	24	0	18	24	0	0	0	18	23	30	30	0	0	4	0	0	0	0	18	0	35	0	30	0	0	8	0	30	30	0
0	0	0	0	0	0	0	0	0	0	0	0	10	0	8	0	0	0	0	0	0	0	0	0	0	0	0	0	0	0	0	0	0	0	0	0	0	0	0	0	0	0	0	0	10	0	0	0	0	0	0	0	0	0	0	0	0	0	0	0	0	0	0	0	0	10	0	0	0	0	0	0	0	0	0
34	30	34	26	30	48	48	48	0	18	0	43	51	0	51	48	23	8	23	30	30	30	48	0	30	4	26	0	0	0	45	23	43	30	30	48	0	43	23	46	40	48	0	30	51	44	0	40	44	30	8	30	40	43	48	48	28	30	32	15	30	0	30	40	0	51	0	48	28	30	34	28	48	48	0
0	0	0	0	0	11	11	11	0	0	0	0	19	0	18	11	0	0	0	0	0	0	11	0	0	0	0	0	0	0	4	0	0	0	0	11	0	0	0	8	0	11	0	0	19	2	0	0	2	0	0	0	0	0	11	11	0	0	0	0	0	0	0	0	0	19	0	11	0	0	0	0	11	11	0
18	11	18	4	11	36	36	36	0	0	0	30	41	0	40	36	0	0	0	11	11	11	36	0	11	0	4	0	0	0	32	0	30	11	11	36	0	30	0	34	26	36	0	11	41	31	0	26	31	11	0	11	26	30	36	36	8	11	15	0	11	0	11	26	0	41	0	36	8	11	18	8	36	36	0
0	0	0	0	0	4	4	4	0	0	0	0	13	0	11	4	0	0	0	0	0	0	4	0	0	0	0	0	0	0	0	0	0	0	0	4	0	0	0	0	0	4	0	0	13	0	0	0	0	0	0	0	0	0	4	4	0	0	0	0	0	0	0	0	0	13	0	4	0	0	0	0	4	4	0
0	0	0	0	0	18	18	18	0	0	0	8	24	0	23	18	0	0	0	0	0	0	18	0	0	0	0	0	0	0	11	0	8	0	0	18	0	8	0	15	0	18	0	0	24	10	0	0	10	0	0	0	0	8	18	18	0	0	0	0	0	0	0	0	0	24	0	18	0	0	0	0	18	18	0
0	0	0	0	0	0	0	0	0	0	0	0	10	0	8	0	0	0	0	0	0	0	0	0	0	0	0	0	0	0	0	0	0	0	0	0	0	0	0	0	0	0	0	0	10	0	0	0	0	0	0	0	0	0	0	0	0	0	0	0	0	0	0	0	0	10	0	0	0	0	0	0	0	0	0
41	38	41	34	38	53	53	53	15	28	0	49	56	0	56	53	32	20	32	38	38	38	53	0	38	18	34	0	0	0	51	32	49	38	38	53	15	49	32	52	46	53	0	38	56	50	0	46	50	38	20	38	46	49	53	53	36	38	40	26	38	0	38	46	15	56	0	53	36	38	41	36	53	53	0
8	0	8	0	0	30	30	30	0	0	0	23	35	0	34	30	0	0	0	0	0	0	30	0	0	0	0	0	0	0	26	0	23	0	0	30	0	23	0	28	18	30	0	0	35	24	0	18	24	0	0	0	18	23	30	30	0	0	4	0	0	0	0	18	0	35	0	30	0	0	8	0	30	30	0
0	0	0	0	0	0	0	0	0	0	0	0	0	0	0	0	0	0	0	0	0	0	0	0	0	0	0	0	0	0	0	0	0	0	0	0	0	0	0	0	0	0	0	0	0	0	0	0	0	0	0	0	0	0	0	0	0	0	0	0	0	0	0	0	0	0	0	0	0	0	0	0	0	0	0
0	0	0	0	0	10	10	10	0	0	0	0	18	0	16	10	0	0	0	0	0	0	10	0	0	0	0	0	0	0	2	0	0	0	0	10	0	0	0	6	0	10	0	0	18	0	0	0	0	0	0	0	0	0	10	10	0	0	0	0	0	0	0	0	0	18	0	10	0	0	0	0	10	10	0
43	40	43	36	40	54	54	54	18	30	0	51	56	0	56	54	34	23	34	40	40	40	54	0	40	20	36	0	0	0	52	34	51	40	40	54	18	51	34	53	48	54	4	40	56	51	0	48	51	40	23	40	48	51	54	54	38	40	41	28	40	0	40	48	18	56	0	54	38	40	43	38	54	54	4
0	0	0	0	0	18	18	18	0	0	0	8	24	0	23	18	0	0	0	0	0	0	18	0	0	0	0	0	0	0	11	0	8	0	0	18	0	8	0	15	0	18	0	0	24	10	0	0	10	0	0	0	0	8	18	18	0	0	0	0	0	0	0	0	0	24	0	18	0	0	0	0	18	18	0
0	0	0	0	0	10	10	10	0	0	0	0	18	0	16	10	0	0	0	0	0	0	10	0	0	0	0	0	0	0	2	0	0	0	0	10	0	0	0	6	0	10	0	0	18	0	0	0	0	0	0	0	0	0	10	10	0	0	0	0	0	0	0	0	0	18	0	10	0	0	0	0	10	10	0
8	0	8	0	0	30	30	30	0	0	0	23	35	0	34	30	0	0	0	0	0	0	30	0	0	0	0	0	0	0	26	0	23	0	0	30	0	23	0	28	18	30	0	0	35	24	0	18	24	0	0	0	18	23	30	30	0	0	4	0	0	0	0	18	0	35	0	30	0	0	8	0	30	30	0
30	26	30	20	26	45	45	45	0	11	0	40	48	0	48	45	18	0	18	26	26	26	45	0	26	0	20	0	0	0	41	18	40	26	26	45	0	40	18	43	36	45	0	26	48	41	0	36	41	26	0	26	36	40	45	45	23	26	28	8	26	0	26	36	0	48	0	45	23	26	30	23	45	45	0
8	0	8	0	0	30	30	30	0	0	0	23	35	0	34	30	0	0	0	0	0	0	30	0	0	0	0	0	0	0	26	0	23	0	0	30	0	23	0	28	18	30	0	0	35	24	0	18	24	0	0	0	18	23	30	30	0	0	4	0	0	0	0	18	0	35	0	30	0	0	8	0	30	30	0
0	0	0	0	0	18	18	18	0	0	0	8	24	0	23	18	0	0	0	0	0	0	18	0	0	0	0	0	0	0	11	0	8	0	0	18	0	8	0	15	0	18	0	0	24	10	0	0	10	0	0	0	0	8	18	18	0	0	0	0	0	0	0	0	0	24	0	18	0	0	0	0	18	18	0
0	0	0	0	0	11	11	11	0	0	0	0	19	0	18	11	0	0	0	0	0	0	11	0	0	0	0	0	0	0	4	0	0	0	0	11	0	0	0	8	0	11	0	0	19	2	0	0	2	0	0	0	0	0	11	11	0	0	0	0	0	0	0	0	0	19	0	11	0	0	0	0	11	11	0
0	0	0	0	0	0	0	0	0	0	0	0	10	0	8	0	0	0	0	0	0	0	0	0	0	0	0	0	0	0	0	0	0	0	0	0	0	0	0	0	0	0	0	0	10	0	0	0	0	0	0	0	0	0	0	0	0	0	0	0	0	0	0	0	0	10	0	0	0	0	0	0	0	0	0
0	0	0	0	0	0	0	0	0	0	0	0	10	0	8	0	0	0	0	0	0	0	0	0	0	0	0	0	0	0	0	0	0	0	0	0	0	0	0	0	0	0	0	0	10	0	0	0	0	0	0	0	0	0	0	0	0	0	0	0	0	0	0	0	0	10	0	0	0	0	0	0	0	0	0
11	4	11	0	4	32	32	32	0	0	0	26	37	0	36	32	0	0	0	4	4	4	32	0	4	0	0	0	0	0	28	0	26	4	4	32	0	26	0	30	20	32	0	4	37	27	0	20	27	4	0	4	20	26	32	32	0	4	8	0	4	0	4	20	0	37	0	32	0	4	11	0	32	32	0
8	0	8	0	0	30	30	30	0	0	0	23	35	0	34	30	0	0	0	0	0	0	30	0	0	0	0	0	0	0	26	0	23	0	0	30	0	23	0	28	18	30	0	0	35	24	0	18	24	0	0	0	18	23	30	30	0	0	4	0	0	0	0	18	0	35	0	30	0	0	8	0	30	30	0
4	0	4	0	0	28	28	28	0	0	0	20	33	0	32	28	0	0	0	0	0	0	28	0	0	0	0	0	0	0	23	0	20	0	0	28	0	20	0	26	15	28	0	0	33	22	0	15	22	0	0	0	15	20	28	28	0	0	0	0	0	0	0	15	0	33	0	28	0	0	4	0	28	28	0
26	20	26	15	20	41	41	41	0	4	0	36	45	0	45	41	11	0	11	20	20	20	41	0	20	0	15	0	0	0	38	11	36	20	20	41	0	36	11	40	32	41	0	20	45	37	0	32	37	20	0	20	32	36	41	41	18	20	23	0	20	0	20	32	0	45	0	41	18	20	26	18	41	41	0
8	0	8	0	0	30	30	30	0	0	0	23	35	0	34	30	0	0	0	0	0	0	30	0	0	0	0	0	0	0	26	0	23	0	0	30	0	23	0	28	18	30	0	0	35	24	0	18	24	0	0	0	18	23	30	30	0	0	4	0	0	0	0	18	0	35	0	30	0	0	8	0	30	30	0
62	60	62	57	60	70	70	70	48	54	40	67	72	0	72	70	56	51	56	60	60	60	70	8	60	49	57	0	33	0	68	56	67	60	60	70	48	67	56	69	65	70	41	60	72	68	40	65	68	60	51	60	65	67	70	70	59	60	61	53	60	0	60	65	48	72	40	70	59	60	62	59	70	70	41
8	0	8	0	0	30	30	30	0	0	0	23	35	0	34	30	0	0	0	0	0	0	30	0	0	0	0	0	0	0	26	0	23	0	0	30	0	23	0	28	18	30	0	0	35	24	0	18	24	0	0	0	18	23	30	30	0	0	4	0	0	0	0	18	0	35	0	30	0	0	8	0	30	30	0
0	0	0	0	0	18	18	18	0	0	0	8	24	0	23	18	0	0	0	0	0	0	18	0	0	0	0	0	0	0	11	0	8	0	0	18	0	8	0	15	0	18	0	0	24	10	0	0	10	0	0	0	0	8	18	18	0	0	0	0	0	0	0	0	0	24	0	18	0	0	0	0	18	18	0
34	30	34	26	30	48	48	48	0	18	0	43	51	0	51	48	23	8	23	30	30	30	48	0	30	4	26	0	0	0	45	23	43	30	30	48	0	43	23	46	40	48	0	30	51	44	0	40	44	30	8	30	40	43	48	48	28	30	32	15	30	0	30	40	0	51	0	48	28	30	34	28	48	48	0
0	0	0	0	0	0	0	0	0	0	0	0	0	0	0	0	0	0	0	0	0	0	0	0	0	0	0	0	0	0	0	0	0	0	0	0	0	0	0	0	0	0	0	0	0	0	0	0	0	0	0	0	0	0	0	0	0	0	0	0	0	0	0	0	0	0	0	0	0	0	0	0	0	0	0
43	40	43	36	40	54	54	54	18	30	0	51	56	0	56	54	34	23	34	40	40	40	54	0	40	20	36	0	0	0	52	34	51	40	40	54	18	51	34	53	48	54	4	40	56	51	0	48	51	40	23	40	48	51	54	54	38	40	41	28	40	0	40	48	18	56	0	54	38	40	43	38	54	54	4
0	0	0	0	0	0	0	0	0	0	0	0	10	0	8	0	0	0	0	0	0	0	0	0	0	0	0	0	0	0	0	0	0	0	0	0	0	0	0	0	0	0	0	0	10	0	0	0	0	0	0	0	0	0	0	0	0	0	0	0	0	0	0	0	0	10	0	0	0	0	0	0	0	0	0
11	4	11	0	4	32	32	32	0	0	0	26	37	0	36	32	0	0	0	4	4	4	32	0	4	0	0	0	0	0	28	0	26	4	4	32	0	26	0	30	20	32	0	4	37	27	0	20	27	4	0	4	20	26	32	32	0	4	8	0	4	0	4	20	0	37	0	32	0	4	11	0	32	32	0
8	0	8	0	0	30	30	30	0	0	0	23	35	0	34	30	0	0	0	0	0	0	30	0	0	0	0	0	0	0	26	0	23	0	0	30	0	23	0	28	18	30	0	0	35	24	0	18	24	0	0	0	18	23	30	30	0	0	4	0	0	0	0	18	0	35	0	30	0	0	8	0	30	30	0
0	0	0	0	0	26	26	26	0	0	0	18	31	0	30	26	0	0	0	0	0	0	26	0	0	0	0	0	0	0	20	0	18	0	0	26	0	18	0	23	11	26	0	0	31	19	0	11	19	0	0	0	11	18	26	26	0	0	0	0	0	0	0	11	0	31	0	26	0	0	0	0	26	26	0
11	4	11	0	4	32	32	32	0	0	0	26	37	0	36	32	0	0	0	4	4	4	32	0	4	0	0	0	0	0	28	0	26	4	4	32	0	26	0	30	20	32	0	4	37	27	0	20	27	4	0	4	20	26	32	32	0	4	8	0	4	0	4	20	0	37	0	32	0	4	11	0	32	32	0
0	0	0	0	0	0	0	0	0	0	0	0	10	0	8	0	0	0	0	0	0	0	0	0	0	0	0	0	0	0	0	0	0	0	0	0	0	0	0	0	0	0	0	0	10	0	0	0	0	0	0	0	0	0	0	0	0	0	0	0	0	0	0	0	0	10	0	0	0	0	0	0	0	0	0
0	0	0	0	0	0	0	0	0	0	0	0	10	0	8	0	0	0	0	0	0	0	0	0	0	0	0	0	0	0	0	0	0	0	0	0	0	0	0	0	0	0	0	0	10	0	0	0	0	0	0	0	0	0	0	0	0	0	0	0	0	0	0	0	0	10	0	0	0	0	0	0	0	0	0
41	38	41	34	38	53	53	53	15	28	0	49	56	0	56	53	32	20	32	38	38	38	53	0	38	18	34	0	0	0	51	32	49	38	38	53	15	49	32	52	46	53	0	38	56	50	0	46	50	38	20	38	46	49	53	53	36	38	40	26	38	0	38	46	15	56	0	53	36	38	41	36	53	53	0