1719 1630 1727 1696 1689 1700 1542 1719 1633 1272 1718 1729 1673 1666 1465 1730 1702 1725 1633 1631 1726 1727 1627 1315 1635 1720 1727 1730 1308 1636 1633 1730 1620 1654 1730 1655 1615 1718 1721 1729 1696 1719 1370 1727 1696 1633 1643 1718 1676 1699 1695 1716 1635 1470 1699 1546 1723 1460 1347 1645 1687 1404 1399 1631 1729 1272 1656 1347 1721 1595 1404 1726 1717 1689 1630

72

2310 2619 2284 2390 2414 2377 2921 2311 2607 3852 2314 2277 2471 2493 3186 2274 2369 2291 2606 2616 2288 2282 2629 3703 2602 2308 2282 2274 3730 2599 2608 2274 2652 2536 2273 2533 2670 2313 2306 2275 2391 2312 3516 2286 2389 2606 2575 2315 2459 2379 2393 2320 2599 3171 2379 2909 2297 3205 3594 2568 2423 3396 3413 2615 2275 3851 2528 3594 2306 2740 3397 2288 2318 2416 2618

24.000699344281365 16.000391854753122 13.999062876969804 46.000470708711475

29800.0

0	21000	0	0	0	7000	28700	3600	20700	49000	0	0	0	0	0	0	0	0	20700	0	1200	0	21400	46100	0	0	0	0	46600	0	20700	0	22000	17600	0	17000	22500	4000	0	0	0	0	42300	0	9200	20700	19300	0	0	0	0	4500	0	0	0	28500	1100	35400	44000	19000	0	0	40100	21000	0	49000	17200	44000	3000	0	0	0	0	0	21000
0	0	0	0	0	0	7700	0	0	28000	0	0	0	0	0	0	0	0	0	0	0	0	400	25100	0	0	0	0	25600	0	0	0	1000	0	0	0	1500	0	0	0	0	0	21300	0	0	0	0	0	0	0	0	0	0	0	0	7500	0	14400	23000	0	0	0	19100	0	0	28000	0	23000	0	0	0	0	0	0	0
4000	25000	0	0	0	11000	32700	7600	24700	53000	0	1600	0	0	0	0	0	0	24700	0	5200	0	25400	50100	0	0	0	0	50600	0	24700	2000	26000	21600	0	21000	26500	8000	0	0	0	0	46300	0	13200	24700	23300	0	0	0	0	8500	0	0	0	32500	5100	39400	48000	23000	0	0	44100	25000	0	53000	21200	48000	7000	0	0	0	0	0	25000
11000	32000	7000	0	0	18000	39700	14600	31700	60000	3000	8600	0	0	0	6000	900	4500	31700	0	12200	5000	32400	57100	0	3400	5000	6000	57600	0	31700	9000	33000	28600	6000	28000	33500	15000	3600	6200	0	3300	53300	5000	20200	31700	30300	3000	0	500	0	15500	0	0	500	39500	12100	46400	55000	30000	0	0	51100	32000	6000	60000	28200	55000	14000	0	0	6400	2900	0	32000
11700	32700	7700	700	0	18700	40400	15300	32400	60700	3700	9300	0	0	0	6700	1600	5200	32400	0	12900	5700	33100	57800	0	4100	5700	6700	58300	0	32400	9700	33700	29300	6700	28700	34200	15700	4300	6900	700	4000	54000	5700	20900	32400	31000	3700	0	1200	700	16200	0	0	1200	40200	12800	47100	55700	30700	0	0	51800	32700	6700	60700	28900	55700	14700	0	0	7100	3600	0	32700
0	14000	0	0	0	0	21700	0	13700	42000	0	0	0	0	0	0	0	0	13700	0	0	0	14400	39100	0	0	0	0	39600	0	13700	0	15000	10600	0	10000	15500	0	0	0	0	0	35300	0	2200	13700	12300	0	0	0	0	0	0	0	0	21500	0	28400	37000	12000	0	0	33100	14000	0	42000	10200	37000	0	0	0	0	0	0	14000
0	0	0	0	0	0	0	0	0	20300	0	0	0	0	0	0	0	0	0	0	0	0	0	17400	0	0	0	0	17900	0	0	0	0	0	0	0	0	0	0	0	0	0	13600	0	0	0	0	0	0	0	0	0	0	0	0	0	0	6700	15300	0	0	0	11400	0	0	20300	0	15300	0	0	0	0	0	0	0
0	17400	0	0	0	3400	25100	0	17100	45400	0	0	0	0	0	0	0	0	17100	0	0	0	17800	42500	0	0	0	0	43000	0	17100	0	18400	14000	0	13400	18900	400	0	0	0	0	38700	0	5600	17100	15700	0	0	0	0	900	0	0	0	24900	0	31800	40400	15400	0	0	36500	17400	0	45400	13600	40400	0	0	0	0	0	0	17400
0	300	0	0	0	0	8000	0	0	28300	0	0	0	0	0	0	0	0	0	0	0	0	700	25400	0	0	0	0	25900	0	0	0	1300	0	0	0	1800	0	0	0	0	0	21600	0	0	0	0	0	0	0	0	0	0	0	0	7800	0	14700	23300	0	0	0	19400	300	0	28300	0	23300	0	0	0	0	0	0	300
0	0	0	0	0	0	0	0	0	0	0	0	0	0	0	0	0	0	0	0	0	0	0	0	0	0	0	0	0	0	0	0	0	0	0	0	0	0	0	0	0	0	0	0	0	0	0	0	0	0	0	0	0	0	0	0	0	0	0	0	0	0	0	0	0	0	0	0	0	0	0	0	0	0	0
8000	29000	4000	0	0	15000	36700	11600	28700	57000	0	5600	0	0	0	3000	0	1500	28700	0	9200	2000	29400	54100	0	400	2000	3000	54600	0	28700	6000	30000	25600	3000	25000	30500	12000	600	3200	0	300	50300	2000	17200	28700	27300	0	0	0	0	12500	0	0	0	36500	9100	43400	52000	27000	0	0	48100	29000	3000	57000	25200	52000	11000	0	0	3400	0	0	29000
2400	23400	0	0	0	9400	31100	6000	23100	51400	0	0	0	0	0	0	0	0	23100	0	3600	0	23800	48500	0	0	0	0	49000	0	23100	400	24400	20000	0	19400	24900	6400	0	0	0	0	44700	0	11600	23100	21700	0	0	0	0	6900	0	0	0	30900	3500	37800	46400	21400	0	0	42500	23400	0	51400	19600	46400	5400	0	0	0	0	0	23400
13000	34000	9000	2000	1300	20000	41700	16600	33700	62000	5000	10600	0	0	0	8000	2900	6500	33700	0	14200	7000	34400	59100	0	5400	7000	8000	59600	0	33700	11000	35000	30600	8000	30000	35500	17000	5600	8200	2000	5300	55300	7000	22200	33700	32300	5000	300	2500	2000	17500	0	0	2500	41500	14100	48400	57000	32000	1100	0	53100	34000	8000	62000	30200	57000	16000	0	0	8400	4900	1300	34000
13400	34400	9400	2400	1700	20400	42100	17000	34100	62400	5400	11000	400	0	0	8400	3300	6900	34100	0	14600	7400	34800	59500	0	5800	7400	8400	60000	0	34100	11400	35400	31000	8400	30400	35900	17400	6000	8600	2400	5700	55700	7400	22600	34100	32700	5400	700	2900	2400	17900	0	0	2900	41900	14500	48800	57400	32400	1500	0	53500	34400	8400	62400	30600	57400	16400	0	0	8800	5300	1700	34400
27800	48800	23800	16800	16100	34800	56500	31400	48500	76800	19800	25400	14800	14400	0	22800	17700	21300	48500	11400	29000	21800	49200	73900	11700	20200	21800	22800	74400	11800	48500	25800	49800	45400	22800	44800	50300	31800	20400	23000	16800	20100	70100	21800	37000	48500	47100	19800	15100	17300	16800	32300	11800	400	17300	56300	28900	63200	71800	46800	15900	0	67900	48800	22800	76800	45000	71800	30800	9000	0	23200	19700	16100	48800
5000	26000	1000	0	0	12000	33700	8600	25700	54000	0	2600	0	0	0	0	0	0	25700	0	6200	0	26400	51100	0	0	0	0	51600	0	25700	3000	27000	22600	0	22000	27500	9000	0	200	0	0	47300	0	14200	25700	24300	0	0	0	0	9500	0	0	0	33500	6100	40400	49000	24000	0	0	45100	26000	0	54000	22200	49000	8000	0	0	400	0	0	26000
10100	31100	6100	0	0	17100	38800	13700	30800	59100	2100	7700	0	0	0	5100	0	3600	30800	0	11300	4100	31500	56200	0	2500	4100	5100	56700	0	30800	8100	32100	27700	5100	27100	32600	14100	2700	5300	0	2400	52400	4100	19300	30800	29400	2100	0	0	0	14600	0	0	0	38600	11200	45500	54100	29100	0	0	50200	31100	5100	59100	27300	54100	13100	0	0	5500	2000	0	31100
6500	27500	2500	0	0	13500	35200	10100	27200	55500	0	4100	0	0	0	1500	0	0	27200	0	7700	500	27900	52600	0	0	500	1500	53100	0	27200	4500	28500	24100	1500	23500	29000	10500	0	1700	0	0	48800	500	15700	27200	25800	0	0	0	0	11000	0	0	0	35000	7600	41900	50500	25500	0	0	46600	27500	1500	55500	23700	50500	9500	0	0	1900	0	0	27500
0	300	0	0	0	0	8000	0	0	28300	0	0	0	0	0	0	0	0	0	0	0	0	700	25400	0	0	0	0	25900	0	0	0	1300	0	0	0	1800	0	0	0	0	0	21600	0	0	0	0	0	0	0	0	0	0	0	0	7800	0	14700	23300	0	0	0	19400	300	0	28300	0	23300	0	0	0	0	0	0	300
16400	37400	12400	5400	4700	23400	45100	20000	37100	65400	8400	14000	3400	3000	0	11400	6300	9900	37100	0	17600	10400	37800	62500	300	8800	10400	11400	63000	400	37100	14400	38400	34000	11400	33400	38900	20400	9000	11600	5400	8700	58700	10400	25600	37100	35700	8400	3700	5900	5400	20900	400	0	5900	44900	17500	51800	60400	35400	4500	0	56500	37400	11400	65400	33600	60400	19400	0	0	11800	8300	4700	37400
0	19800	0	0	0	5800	27500	2400	19500	47800	0	0	0	0	0	0	0	0	19500	0	0	0	20200	44900	0	0	0	0	45400	0	19500	0	20800	16400	0	15800	21300	2800	0	0	0	0	41100	0	8000	19500	18100	0	0	0	0	3300	0	0	0	27300	0	34200	42800	17800	0	0	38900	19800	0	47800	16000	42800	1800	0	0	0	0	0	19800
6000	27000	2000	0	0	13000	34700	9600	26700	55000	0	3600	0	0	0	1000	0	0	26700	0	7200	0	27400	52100	0	0	0	1000	52600	0	26700	4000	28000	23600	1000	23000	28500	10000	0	1200	0	0	48300	0	15200	26700	25300	0	0	0	0	10500	0	0	0	34500	7100	41400	50000	25000	0	0	46100	27000	1000	55000	23200	50000	9000	0	0	1400	0	0	27000
0	0	0	0	0	0	7300	0	0	27600	0	0	0	0	0	0	0	0	0	0	0	0	0	24700	0	0	0	0	25200	0	0	0	600	0	0	0	1100	0	0	0	0	0	20900	0	0	0	0	0	0	0	0	0	0	0	0	7100	0	14000	22600	0	0	0	18700	0	0	27600	0	22600	0	0	0	0	0	0	0
0	0	0	0	0	0	0	0	0	2900	0	0	0	0	0	0	0	0	0	0	0	0	0	0	0	0	0	0	500	0	0	0	0	0	0	0	0	0	0	0	0	0	0	0	0	0	0	0	0	0	0	0	0	0	0	0	0	0	0	0	0	0	0	0	0	2900	0	0	0	0	0	0	0	0	0
16100	37100	12100	5100	4400	23100	44800	19700	36800	65100	8100	13700	3100	2700	0	11100	6000	9600	36800	0	17300	10100	37500	62200	0	8500	10100	11100	62700	100	36800	14100	38100	33700	11100	33100	38600	20100	8700	11300	5100	8400	58400	10100	25300	36800	35400	8100	3400	5600	5100	20600	100	0	5600	44600	17200	51500	60100	35100	4200	0	56200	37100	11100	65100	33300	60100	19100	0	0	11500	8000	4400	37100
7600	28600	3600	0	0	14600	36300	11200	28300	56600	0	5200	0	0	0	2600	0	1100	28300	0	8800	1600	29000	53700	0	0	1600	2600	54200	0	28300	5600	29600	25200	2600	24600	30100	11600	200	2800	0	0	49900	1600	16800	28300	26900	0	0	0	0	12100	0	0	0	36100	8700	43000	51600	26600	0	0	47700	28600	2600	56600	24800	51600	10600	0	0	3000	0	0	28600
6000	27000	2000	0	0	13000	34700	9600	26700	55000	0	3600	0	0	0	1000	0	0	26700	0	7200	0	27400	52100	0	0	0	1000	52600	0	26700	4000	28000	23600	1000	23000	28500	10000	0	1200	0	0	48300	0	15200	26700	25300	0	0	0	0	10500	0	0	0	34500	7100	41400	50000	25000	0	0	46100	27000	1000	55000	23200	50000	9000	0	0	1400	0	0	27000
5000	26000	1000	0	0	12000	33700	8600	25700	54000	0	2600	0	0	0	0	0	0	25700	0	6200	0	26400	51100	0	0	0	0	51600	0	25700	3000	27000	22600	0	22000	27500	9000	0	200	0	0	47300	0	14200	25700	24300	0	0	0	0	9500	0	0	0	33500	6100	40400	49000	24000	0	0	45100	26000	0	54000	22200	49000	8000	0	0	400	0	0	26000
0	0	0	0	0	0	0	0	0	2400	0	0	0	0	0	0	0	0	0	0	0	0	0	0	0	0	0	0	0	0	0	0	0	0	0	0	0	0	0	0	0	0	0	0	0	0	0	0	0	0	0	0	0	0	0	0	0	0	0	0	0	0	0	0	0	2400	0	0	0	0	0	0	0	0	0
16000	37000	12000	5000	4300	23000	44700	19600	36700	65000	8000	13600	3000	2600	0	11000	5900	9500	36700	0	17200	10000	37400	62100	0	8400	10000	11000	62600	0	36700	14000	38000	33600	11000	33000	38500	20000	8600	11200	5000	8300	58300	10000	25200	36700	35300	8000	3300	5500	5000	20500	0	0	5500	44500	17100	51400	60000	35000	4100	0	56100	37000	11000	65000	33200	60000	19000	0	0	11400	7900	4300	37000
0	300	0	0	0	0	8000	0	0	28300	0	0	0	0	0	0	0	0	0	0	0	0	700	25400	0	0	0	0	25900	0	0	0	1300	0	0	0	1800	0	0	0	0	0	21600	0	0	0	0	0	0	0	0	0	0	0	0	7800	0	14700	23300	0	0	0	19400	300	0	28300	0	23300	0	0	0	0	0	0	300
2000	23000	0	0	0	9000	30700	5600	22700	51000	0	0	0	0	0	0	0	0	22700	0	3200	0	23400	48100	0	0	0	0	48600	0	22700	0	24000	19600	0	19000	24500	6000	0	0	0	0	44300	0	11200	22700	21300	0	0	0	0	6500	0	0	0	30500	3100	37400	46000	21000	0	0	42100	23000	0	51000	19200	46000	5000	0	0	0	0	0	23000
0	0	0	0	0	0	6700	0	0	27000	0	0	0	0	0	0	0	0	0	0	0	0	0	24100	0	0	0	0	24600	0	0	0	0	0	0	0	500	0	0	0	0	0	20300	0	0	0	0	0	0	0	0	0	0	0	0	6500	0	13400	22000	0	0	0	18100	0	0	27000	0	22000	0	0	0	0	0	0	0
0	3400	0	0	0	0	11100	0	3100	31400	0	0	0	0	0	0	0	0	3100	0	0	0	3800	28500	0	0	0	0	29000	0	3100	0	4400	0	0	0	4900	0	0	0	0	0	24700	0	0	3100	1700	0	0	0	0	0	0	0	0	10900	0	17800	26400	1400	0	0	22500	3400	0	31400	0	26400	0	0	0	0	0	0	3400
5000	26000	1000	0	0	12000	33700	8600	25700	54000	0	2600	0	0	0	0	0	0	25700	0	6200	0	26400	51100	0	0	0	0	51600	0	25700	3000	27000	22600	0	22000	27500	9000	0	200	0	0	47300	0	14200	25700	24300	0	0	0	0	9500	0	0	0	33500	6100	40400	49000	24000	0	0	45100	26000	0	54000	22200	49000	8000	0	0	400	0	0	26000
0	4000	0	0	0	0	11700	0	3700	32000	0	0	0	0	0	0	0	0	3700	0	0	0	4400	29100	0	0	0	0	29600	0	3700	0	5000	600	0	0	5500	0	0	0	0	0	25300	0	0	3700	2300	0	0	0	0	0	0	0	0	11500	0	18400	27000	2000	0	0	23100	4000	0	32000	200	27000	0	0	0	0	0	0	4000
0	0	0	0	0	0	6200	0	0	26500	0	0	0	0	0	0	0	0	0	0	0	0	0	23600	0	0	0	0	24100	0	0	0	0	0	0	0	0	0	0	0	0	0	19800	0	0	0	0	0	0	0	0	0	0	0	0	6000	0	12900	21500	0	0	0	17600	0	0	26500	0	21500	0	0	0	0	0	0	0
0	17000	0	0	0	3000	24700	0	16700	45000	0	0	0	0	0	0	0	0	16700	0	0	0	17400	42100	0	0	0	0	42600	0	16700	0	18000	13600	0	13000	18500	0	0	0	0	0	38300	0	5200	16700	15300	0	0	0	0	500	0	0	0	24500	0	31400	40000	15000	0	0	36100	17000	0	45000	13200	40000	0	0	0	0	0	0	17000
7400	28400	3400	0	0	14400	36100	11000	28100	56400	0	5000	0	0	0	2400	0	900	28100	0	8600	1400	28800	53500	0	0	1400	2400	54000	0	28100	5400	29400	25000	2400	24400	29900	11400	0	2600	0	0	49700	1400	16600	28100	26700	0	0	0	0	11900	0	0	0	35900	8500	42800	51400	26400	0	0	47500	28400	2400	56400	24600	51400	10400	0	0	2800	0	0	28400
4800	25800	800	0	0	11800	33500	8400	25500	53800	0	2400	0	0	0	0	0	0	25500	0	6000	0	26200	50900	0	0	0	0	51400	0	25500	2800	26800	22400	0	21800	27300	8800	0	0	0	0	47100	0	14000	25500	24100	0	0	0	0	9300	0	0	0	33300	5900	40200	48800	23800	0	0	44900	25800	0	53800	22000	48800	7800	0	0	200	0	0	25800
11000	32000	7000	0	0	18000	39700	14600	31700	60000	3000	8600	0	0	0	6000	900	4500	31700	0	12200	5000	32400	57100	0	3400	5000	6000	57600	0	31700	9000	33000	28600	6000	28000	33500	15000	3600	6200	0	3300	53300	5000	20200	31700	30300	3000	0	500	0	15500	0	0	500	39500	12100	46400	55000	30000	0	0	51100	32000	6000	60000	28200	55000	14000	0	0	6400	2900	0	32000
7700	28700	3700	0	0	14700	36400	11300	28400	56700	0	5300	0	0	0	2700	0	1200	28400	0	8900	1700	29100	53800	0	100	1700	2700	54300	0	28400	5700	29700	25300	2700	24700	30200	11700	300	2900	0	0	50000	1700	16900	28400	27000	0	0	0	0	12200	0	0	0	36200	8800	43100	51700	26700	0	0	47800	28700	2700	56700	24900	51700	10700	0	0	3100	0	0	28700
0	0	0	0	0	0	0	0	0	6700	0	0	0	0	0	0	0	0	0	0	0	0	0	3800	0	0	0	0	4300	0	0	0	0	0	0	0	0	0	0	0	0	0	0	0	0	0	0	0	0	0	0	0	0	0	0	0	0	0	1700	0	0	0	0	0	0	6700	0	1700	0	0	0	0	0	0	0
6000	27000	2000	0	0	13000	34700	9600	26700	55000	0	3600	0	0	0	1000	0	0	26700	0	7200	0	27400	52100	0	0	0	1000	52600	0	26700	4000	28000	23600	1000	23000	28500	10000	0	1200	0	0	48300	0	15200	26700	25300	0	0	0	0	10500	0	0	0	34500	7100	41400	50000	25000	0	0	46100	27000	1000	55000	23200	50000	9000	0	0	1400	0	0	27000
0	11800	0	0	0	0	19500	0	11500	39800	0	0	0	0	0	0	0	0	11500	0	0	0	12200	36900	0	0	0	0	37400	0	11500	0	12800	8400	0	7800	13300	0	0	0	0	0	33100	0	0	11500	10100	0	0	0	0	0	0	0	0	19300	0	26200	34800	9800	0	0	30900	11800	0	39800	8000	34800	0	0	0	0	0	0	11800
0	300	0	0	0	0	8000	0	0	28300	0	0	0	0	0	0	0	0	0	0	0	0	700	25400	0	0	0	0	25900	0	0	0	1300	0	0	0	1800	0	0	0	0	0	21600	0	0	0	0	0	0	0	0	0	0	0	0	7800	0	14700	23300	0	0	0	19400	300	0	28300	0	23300	0	0	0	0	0	0	300
0	1700	0	0	0	0	9400	0	1400	29700	0	0	0	0	0	0	0	0	1400	0	0	0	2100	26800	0	0	0	0	27300	0	1400	0	2700	0	0	0	3200	0	0	0	0	0	23000	0	0	1400	0	0	0	0	0	0	0	0	0	9200	0	16100	24700	0	0	0	20800	1700	0	29700	0	24700	0	0	0	0	0	0	1700
8000	29000	4000	0	0	15000	36700	11600	28700	57000	0	5600	0	0	0	3000	0	1500	28700	0	9200	2000	29400	54100	0	400	2000	3000	54600	0	28700	6000	30000	25600	3000	25000	30500	12000	600	3200	0	300	50300	2000	17200	28700	27300	0	0	0	0	12500	0	0	0	36500	9100	43400	52000	27000	0	0	48100	29000	3000	57000	25200	52000	11000	0	0	3400	0	0	29000
12700	33700	8700	1700	1000	19700	41400	16300	33400	61700	4700	10300	0	0	0	7700	2600	6200	33400	0	13900	6700	34100	58800	0	5100	6700	7700	59300	0	33400	10700	34700	30300	7700	29700	35200	16700	5300	7900	1700	5000	55000	6700	21900	33400	32000	4700	0	2200	1700	17200	0	0	2200	41200	13800	48100	56700	31700	800	0	52800	33700	7700	61700	29900	56700	15700	0	0	8100	4600	1000	33700
10500	31500	6500	0	0	17500	39200	14100	31200	59500	2500	8100	0	0	0	5500	400	4000	31200	0	11700	4500	31900	56600	0	2900	4500	5500	57100	0	31200	8500	32500	28100	5500	27500	33000	14500	3100	5700	0	2800	52800	4500	19700	31200	29800	2500	0	0	0	15000	0	0	0	39000	11600	45900	54500	29500	0	0	50600	31500	5500	59500	27700	54500	13500	0	0	5900	2400	0	31500
11000	32000	7000	0	0	18000	39700	14600	31700	60000	3000	8600	0	0	0	6000	900	4500	31700	0	12200	5000	32400	57100	0	3400	5000	6000	57600	0	31700	9000	33000	28600	6000	28000	33500	15000	3600	6200	0	3300	53300	5000	20200	31700	30300	3000	0	500	0	15500	0	0	500	39500	12100	46400	55000	30000	0	0	51100	32000	6000	60000	28200	55000	14000	0	0	6400	2900	0	32000
0	16500	0	0	0	2500	24200	0	16200	44500	0	0	0	0	0	0	0	0	16200	0	0	0	16900	41600	0	0	0	0	42100	0	16200	0	17500	13100	0	12500	18000	0	0	0	0	0	37800	0	4700	16200	14800	0	0	0	0	0	0	0	0	24000	0	30900	39500	14500	0	0	35600	16500	0	44500	12700	39500	0	0	0	0	0	0	16500
16000	37000	12000	5000	4300	23000	44700	19600	36700	65000	8000	13600	3000	2600	0	11000	5900	9500	36700	0	17200	10000	37400	62100	0	8400	10000	11000	62600	0	36700	14000	38000	33600	11000	33000	38500	20000	8600	11200	5000	8300	58300	10000	25200	36700	35300	8000	3300	5500	5000	20500	0	0	5500	44500	17100	51400	60000	35000	4100	0	56100	37000	11000	65000	33200	60000	19000	0	0	11400	7900	4300	37000
27400	48400	23400	16400	15700	34400	56100	31000	48100	76400	19400	25000	14400	14000	0	22400	17300	20900	48100	11000	28600	21400	48800	73500	11300	19800	21400	22400	74000	11400	48100	25400	49400	45000	22400	44400	49900	31400	20000	22600	16400	19700	69700	21400	36600	48100	46700	19400	14700	16900	16400	31900	11400	0	16900	55900	28500	62800	71400	46400	15500	0	67500	48400	22400	76400	44600	71400	30400	8600	0	22800	19300	15700	48400
10500	31500	6500	0	0	17500	39200	14100	31200	59500	2500	8100	0	0	0	5500	400	4000	31200	0	11700	4500	31900	56600	0	2900	4500	5500	57100	0	31200	8500	32500	28100	5500	27500	33000	14500	3100	5700	0	2800	52800	4500	19700	31200	29800	2500	0	0	0	15000	0	0	0	39000	11600	45900	54500	29500	0	0	50600	31500	5500	59500	27700	54500	13500	0	0	5900	2400	0	31500
0	0	0	0	0	0	200	0	0	20500	0	0	0	0	0	0	0	0	0	0	0	0	0	17600	0	0	0	0	18100	0	0	0	0	0	0	0	0	0	0	0	0	0	13800	0	0	0	0	0	0	0	0	0	0	0	0	0	0	6900	15500	0	0	0	11600	0	0	20500	0	15500	0	0	0	0	0	0	0
0	19900	0	0	0	5900	27600	2500	19600	47900	0	0	0	0	0	0	0	0	19600	0	100	0	20300	45000	0	0	0	0	45500	0	19600	0	20900	16500	0	15900	21400	2900	0	0	0	0	41200	0	8100	19600	18200	0	0	0	0	3400	0	0	0	27400	0	34300	42900	17900	0	0	39000	19900	0	47900	16100	42900	1900	0	0	0	0	0	19900
0	0	0	0	0	0	0	0	0	13600	0	0	0	0	0	0	0	0	0	0	0	0	0	10700	0	0	0	0	11200	0	0	0	0	0	0	0	0	0	0	0	0	0	6900	0	0	0	0	0	0	0	0	0	0	0	0	0	0	0	8600	0	0	0	4700	0	0	13600	0	8600	0	0	0	0	0	0	0
0	0	0	0	0	0	0	0	0	5000	0	0	0	0	0	0	0	0	0	0	0	0	0	2100	0	0	0	0	2600	0	0	0	0	0	0	0	0	0	0	0	0	0	0	0	0	0	0	0	0	0	0	0	0	0	0	0	0	0	0	0	0	0	0	0	0	5000	0	0	0	0	0	0	0	0	0
0	2000	0	0	0	0	9700	0	1700	30000	0	0	0	0	0	0	0	0	1700	0	0	0	2400	27100	0	0	0	0	27600	0	1700	0	3000	0	0	0	3500	0	0	0	0	0	23300	0	0	1700	300	0	0	0	0	0	0	0	0	9500	0	16400	25000	0	0	0	21100	2000	0	30000	0	25000	0	0	0	0	0	0	2000
11900	32900	7900	900	200	18900	40600	15500	32600	60900	3900	9500	0	0	0	6900	1800	5400	32600	0	13100	5900	33300	58000	0	4300	5900	6900	58500	0	32600	9900	33900	29500	6900	28900	34400	15900	4500	7100	900	4200	54200	5900	21100	32600	31200	3900	0	1400	900	16400	0	0	1400	40400	13000	47300	55900	30900	0	0	52000	32900	6900	60900	29100	55900	14900	0	0	7300	3800	200	32900
31600	52600	27600	20600	19900	38600	60300	35200	52300	80600	23600	29200	18600	18200	3800	26600	21500	25100	52300	15200	32800	25600	53000	77700	15500	24000	25600	26600	78200	15600	52300	29600	53600	49200	26600	48600	54100	35600	24200	26800	20600	23900	73900	25600	40800	52300	50900	23600	18900	21100	20600	36100	15600	4200	21100	60100	32700	67000	75600	50600	19700	0	71700	52600	26600	80600	48800	75600	34600	12800	0	27000	23500	19900	52600
0	0	0	0	0	0	0	0	0	8900	0	0	0	0	0	0	0	0	0	0	0	0	0	6000	0	0	0	0	6500	0	0	0	0	0	0	0	0	0	0	0	0	0	2200	0	0	0	0	0	0	0	0	0	0	0	0	0	0	0	3900	0	0	0	0	0	0	8900	0	3900	0	0	0	0	0	0	0
0	0	0	0	0	0	7700	0	0	28000	0	0	0	0	0	0	0	0	0	0	0	0	400	25100	0	0	0	0	25600	0	0	0	1000	0	0	0	1500	0	0	0	0	0	21300	0	0	0	0	0	0	0	0	0	0	0	0	7500	0	14400	23000	0	0	0	19100	0	0	28000	0	23000	0	0	0	0	0	0	0
5000	26000	1000	0	0	12000	33700	8600	25700	54000	0	2600	0	0	0	0	0	0	25700	0	6200	0	26400	51100	0	0	0	0	51600	0	25700	3000	27000	22600	0	22000	27500	9000	0	200	0	0	47300	0	14200	25700	24300	0	0	0	0	9500	0	0	0	33500	6100	40400	49000	24000	0	0	45100	26000	0	54000	22200	49000	8000	0	0	400	0	0	26000
0	0	0	0	0	0	0	0	0	0	0	0	0	0	0	0	0	0	0	0	0	0	0	0	0	0	0	0	0	0	0	0	0	0	0	0	0	0	0	0	0	0	0	0	0	0	0	0	0	0	0	0	0	0	0	0	0	0	0	0	0	0	0	0	0	0	0	0	0	0	0	0	0	0	0
0	3800	0	0	0	0	11500	0	3500	31800	0	0	0	0	0	0	0	0	3500	0	0	0	4200	28900	0	0	0	0	29400	0	3500	0	4800	400	0	0	5300	0	0	0	0	0	25100	0	0	3500	2100	0	0	0	0	0	0	0	0	11300	0	18200	26800	1800	0	0	22900	3800	0	31800	0	26800	0	0	0	0	0	0	3800
0	0	0	0	0	0	0	0	0	5000	0	0	0	0	0	0	0	0	0	0	0	0	0	2100	0	0	0	0	2600	0	0	0	0	0	0	0	0	0	0	0	0	0	0	0	0	0	0	0	0	0	0	0	0	0	0	0	0	0	0	0	0	0	0	0	0	5000	0	0	0	0	0	0	0	0	0
0	18000	0	0	0	4000	25700	600	17700	46000	0	0	0	0	0	0	0	0	17700	0	0	0	18400	43100	0	0	0	0	43600	0	17700	0	19000	14600	0	14000	19500	1000	0	0	0	0	39300	0	6200	17700	16300	0	0	0	0	1500	0	0	0	25500	0	32400	41000	16000	0	0	37100	18000	0	46000	14200	41000	0	0	0	0	0	0	18000
18800	39800	14800	7800	7100	25800	47500	22400	39500	67800	10800	16400	5800	5400	0	13800	8700	12300	39500	2400	20000	12800	40200	64900	2700	11200	12800	13800	65400	2800	39500	16800	40800	36400	13800	35800	41300	22800	11400	14000	7800	11100	61100	12800	28000	39500	38100	10800	6100	8300	7800	23300	2800	0	8300	47300	19900	54200	62800	37800	6900	0	58900	39800	13800	67800	36000	62800	21800	0	0	14200	10700	7100	39800
31600	52600	27600	20600	19900	38600	60300	35200	52300	80600	23600	29200	18600	18200	3800	26600	21500	25100	52300	15200	32800	25600	53000	77700	15500	24000	25600	26600	78200	15600	52300	29600	53600	49200	26600	48600	54100	35600	24200	26800	20600	23900	73900	25600	40800	52300	50900	23600	18900	21100	20600	36100	15600	4200	21100	60100	32700	67000	75600	50600	19700	0	71700	52600	26600	80600	48800	75600	34600	12800	0	27000	23500	19900	52600
4600	25600	600	0	0	11600	33300	8200	25300	53600	0	2200	0	0	0	0	0	0	25300	0	5800	0	26000	50700	0	0	0	0	51200	0	25300	2600	26600	22200	0	21600	27100	8600	0	0	0	0	46900	0	13800	25300	23900	0	0	0	0	9100	0	0	0	33100	5700	40000	48600	23600	0	0	44700	25600	0	53600	21800	48600	7600	0	0	0	0	0	25600
8100	29100	4100	0	0	15100	36800	11700	28800	57100	100	5700	0	0	0	3100	0	1600	28800	0	9300	2100	29500	54200	0	500	2100	3100	54700	0	28800	6100	30100	25700	3100	25100	30600	12100	700	3300	0	400	50400	2100	17300	28800	27400	100	0	0	0	12600	0	0	0	36600	9200	43500	52100	27100	0	0	48200	29100	3100	57100	25300	52100	11100	0	0	3500	0	0	29100
11700	32700	7700	700	0	18700	40400	15300	32400	60700	3700	9300	0	0	0	6700	1600	5200	32400	0	12900	5700	33100	57800	0	4100	5700	6700	58300	0	32400	9700	33700	29300	6700	28700	34200	15700	4300	6900	700	4000	54000	5700	20900	32400	31000	3700	0	1200	700	16200	0	0	1200	40200	12800	47100	55700	30700	0	0	51800	32700	6700	60700	28900	55700	14700	0	0	7100	3600	0	32700
0	0	0	0	0	0	7700	0	0	28000	0	0	0	0	0	0	0	0	0	0	0	0	400	25100	0	0	0	0	25600	0	0	0	1000	0	0	0	1500	0	0	0	0	0	21300	0	0	0	0	0	0	0	0	0	0	0	0	7500	0	14400	23000	0	0	0	19100	0	0	28000	0	23000	0	0	0	0	0	0	0

0	0	4000	11000	11700	0	0	0	0	0	8000	2400	13000	13400	27800	5000	10100	6500	0	16400	0	6000	0	0	16100	7600	6000	5000	0	16000	0	2000	0	0	5000	0	0	0	7400	4800	11000	7700	0	6000	0	0	0	8000	12700	10500	11000	0	16000	27400	10500	0	0	0	0	0	11900	31600	0	0	5000	0	0	0	0	18800	31600	4600	8100	11700	0
21000	0	25000	32000	32700	14000	0	17400	300	0	29000	23400	34000	34400	48800	26000	31100	27500	300	37400	19800	27000	0	0	37100	28600	27000	26000	0	37000	300	23000	0	3400	26000	4000	0	17000	28400	25800	32000	28700	0	27000	11800	300	1700	29000	33700	31500	32000	16500	37000	48400	31500	0	19900	0	0	2000	32900	52600	0	0	26000	0	3800	0	18000	39800	52600	25600	29100	32700	0
0	0	0	7000	7700	0	0	0	0	0	4000	0	9000	9400	23800	1000	6100	2500	0	12400	0	2000	0	0	12100	3600	2000	1000	0	12000	0	0	0	0	1000	0	0	0	3400	800	7000	3700	0	2000	0	0	0	4000	8700	6500	7000	0	12000	23400	6500	0	0	0	0	0	7900	27600	0	0	1000	0	0	0	0	14800	27600	600	4100	7700	0
0	0	0	0	700	0	0	0	0	0	0	0	2000	2400	16800	0	0	0	0	5400	0	0	0	0	5100	0	0	0	0	5000	0	0	0	0	0	0	0	0	0	0	0	0	0	0	0	0	0	0	1700	0	0	0	5000	16400	0	0	0	0	0	0	900	20600	0	0	0	0	0	0	0	7800	20600	0	0	700	0
0	0	0	0	0	0	0	0	0	0	0	0	1300	1700	16100	0	0	0	0	4700	0	0	0	0	4400	0	0	0	0	4300	0	0	0	0	0	0	0	0	0	0	0	0	0	0	0	0	0	0	1000	0	0	0	4300	15700	0	0	0	0	0	0	200	19900	0	0	0	0	0	0	0	7100	19900	0	0	0	0
7000	0	11000	18000	18700	0	0	3400	0	0	15000	9400	20000	20400	34800	12000	17100	13500	0	23400	5800	13000	0	0	23100	14600	13000	12000	0	23000	0	9000	0	0	12000	0	0	3000	14400	11800	18000	14700	0	13000	0	0	0	15000	19700	17500	18000	2500	23000	34400	17500	0	5900	0	0	0	18900	38600	0	0	12000	0	0	0	4000	25800	38600	11600	15100	18700	0
28700	7700	32700	39700	40400	21700	0	25100	8000	0	36700	31100	41700	42100	56500	33700	38800	35200	8000	45100	27500	34700	7300	0	44800	36300	34700	33700	0	44700	8000	30700	6700	11100	33700	11700	6200	24700	36100	33500	39700	36400	0	34700	19500	8000	9400	36700	41400	39200	39700	24200	44700	56100	39200	200	27600	0	0	9700	40600	60300	0	7700	33700	0	11500	0	25700	47500	60300	33300	36800	40400	7700
3600	0	7600	14600	15300	0	0	0	0	0	11600	6000	16600	17000	31400	8600	13700	10100	0	20000	2400	9600	0	0	19700	11200	9600	8600	0	19600	0	5600	0	0	8600	0	0	0	11000	8400	14600	11300	0	9600	0	0	0	11600	16300	14100	14600	0	19600	31000	14100	0	2500	0	0	0	15500	35200	0	0	8600	0	0	0	600	22400	35200	8200	11700	15300	0
20700	0	24700	31700	32400	13700	0	17100	0	0	28700	23100	33700	34100	48500	25700	30800	27200	0	37100	19500	26700	0	0	36800	28300	26700	25700	0	36700	0	22700	0	3100	25700	3700	0	16700	28100	25500	31700	28400	0	26700	11500	0	1400	28700	33400	31200	31700	16200	36700	48100	31200	0	19600	0	0	1700	32600	52300	0	0	25700	0	3500	0	17700	39500	52300	25300	28800	32400	0
49000	28000	53000	60000	60700	42000	20300	45400	28300	0	57000	51400	62000	62400	76800	54000	59100	55500	28300	65400	47800	55000	27600	2900	65100	56600	55000	54000	2400	65000	28300	51000	27000	31400	54000	32000	26500	45000	56400	53800	60000	56700	6700	55000	39800	28300	29700	57000	61700	59500	60000	44500	65000	76400	59500	20500	47900	13600	5000	30000	60900	80600	8900	28000	54000	0	31800	5000	46000	67800	80600	53600	57100	60700	28000
0	0	0	3000	3700	0	0	0	0	0	0	0	5000	5400	19800	0	2100	0	0	8400	0	0	0	0	8100	0	0	0	0	8000	0	0	0	0	0	0	0	0	0	0	3000	0	0	0	0	0	0	0	4700	2500	3000	0	8000	19400	2500	0	0	0	0	0	3900	23600	0	0	0	0	0	0	0	10800	23600	0	100	3700	0
0	0	1600	8600	9300	0	0	0	0	0	5600	0	10600	11000	25400	2600	7700	4100	0	14000	0	3600	0	0	13700	5200	3600	2600	0	13600	0	0	0	0	2600	0	0	0	5000	2400	8600	5300	0	3600	0	0	0	5600	10300	8100	8600	0	13600	25000	8100	0	0	0	0	0	9500	29200	0	0	2600	0	0	0	0	16400	29200	2200	5700	9300	0
0	0	0	0	0	0	0	0	0	0	0	0	0	400	14800	0	0	0	0	3400	0	0	0	0	3100	0	0	0	0	3000	0	0	0	0	0	0	0	0	0	0	0	0	0	0	0	0	0	0	0	0	0	0	3000	14400	0	0	0	0	0	0	0	18600	0	0	0	0	0	0	0	5800	18600	0	0	0	0
0	0	0	0	0	0	0	0	0	0	0	0	0	0	14400	0	0	0	0	3000	0	0	0	0	2700	0	0	0	0	2600	0	0	0	0	0	0	0	0	0	0	0	0	0	0	0	0	0	0	0	0	0	0	2600	14000	0	0	0	0	0	0	0	18200	0	0	0	0	0	0	0	5400	18200	0	0	0	0
0	0	0	0	0	0	0	0	0	0	0	0	0	0	0	0	0	0	0	0	0	0	0	0	0	0	0	0	0	0	0	0	0	0	0	0	0	0	0	0	0	0	0	0	0	0	0	0	0	0	0	0	0	0	0	0	0	0	0	0	0	3800	0	0	0	0	0	0	0	0	3800	0	0	0	0
0	0	0	6000	6700	0	0	0	0	0	3000	0	8000	8400	22800	0	5100	1500	0	11400	0	1000	0	0	11100	2600	1000	0	0	11000	0	0	0	0	0	0	0	0	2400	0	6000	2700	0	1000	0	0	0	3000	7700	5500	6000	0	11000	22400	5500	0	0	0	0	0	6900	26600	0	0	0	0	0	0	0	13800	26600	0	3100	6700	0
0	0	0	900	1600	0	0	0	0	0	0	0	2900	3300	17700	0	0	0	0	6300	0	0	0	0	6000	0	0	0	0	5900	0	0	0	0	0	0	0	0	0	0	900	0	0	0	0	0	0	0	2600	400	900	0	5900	17300	400	0	0	0	0	0	1800	21500	0	0	0	0	0	0	0	8700	21500	0	0	1600	0
0	0	0	4500	5200	0	0	0	0	0	1500	0	6500	6900	21300	0	3600	0	0	9900	0	0	0	0	9600	1100	0	0	0	9500	0	0	0	0	0	0	0	0	900	0	4500	1200	0	0	0	0	0	1500	6200	4000	4500	0	9500	20900	4000	0	0	0	0	0	5400	25100	0	0	0	0	0	0	0	12300	25100	0	1600	5200	0
20700	0	24700	31700	32400	13700	0	17100	0	0	28700	23100	33700	34100	48500	25700	30800	27200	0	37100	19500	26700	0	0	36800	28300	26700	25700	0	36700	0	22700	0	3100	25700	3700	0	16700	28100	25500	31700	28400	0	26700	11500	0	1400	28700	33400	31200	31700	16200	36700	48100	31200	0	19600	0	0	1700	32600	52300	0	0	25700	0	3500	0	17700	39500	52300	25300	28800	32400	0
0	0	0	0	0	0	0	0	0	0	0	0	0	0	11400	0	0	0	0	0	0	0	0	0	0	0	0	0	0	0	0	0	0	0	0	0	0	0	0	0	0	0	0	0	0	0	0	0	0	0	0	0	0	11000	0	0	0	0	0	0	0	15200	0	0	0	0	0	0	0	2400	15200	0	0	0	0
1200	0	5200	12200	12900	0	0	0	0	0	9200	3600	14200	14600	29000	6200	11300	7700	0	17600	0	7200	0	0	17300	8800	7200	6200	0	17200	0	3200	0	0	6200	0	0	0	8600	6000	12200	8900	0	7200	0	0	0	9200	13900	11700	12200	0	17200	28600	11700	0	100	0	0	0	13100	32800	0	0	6200	0	0	0	0	20000	32800	5800	9300	12900	0
0	0	0	5000	5700	0	0	0	0	0	2000	0	7000	7400	21800	0	4100	500	0	10400	0	0	0	0	10100	1600	0	0	0	10000	0	0	0	0	0	0	0	0	1400	0	5000	1700	0	0	0	0	0	2000	6700	4500	5000	0	10000	21400	4500	0	0	0	0	0	5900	25600	0	0	0	0	0	0	0	12800	25600	0	2100	5700	0
21400	400	25400	32400	33100	14400	0	17800	700	0	29400	23800	34400	34800	49200	26400	31500	27900	700	37800	20200	27400	0	0	37500	29000	27400	26400	0	37400	700	23400	0	3800	26400	4400	0	17400	28800	26200	32400	29100	0	27400	12200	700	2100	29400	34100	31900	32400	16900	37400	48800	31900	0	20300	0	0	2400	33300	53000	0	400	26400	0	4200	0	18400	40200	53000	26000	29500	33100	400
46100	25100	50100	57100	57800	39100	17400	42500	25400	0	54100	48500	59100	59500	73900	51100	56200	52600	25400	62500	44900	52100	24700	0	62200	53700	52100	51100	0	62100	25400	48100	24100	28500	51100	29100	23600	42100	53500	50900	57100	53800	3800	52100	36900	25400	26800	54100	58800	56600	57100	41600	62100	73500	56600	17600	45000	10700	2100	27100	58000	77700	6000	25100	51100	0	28900	2100	43100	64900	77700	50700	54200	57800	25100
0	0	0	0	0	0	0	0	0	0	0	0	0	0	11700	0	0	0	0	300	0	0	0	0	0	0	0	0	0	0	0	0	0	0	0	0	0	0	0	0	0	0	0	0	0	0	0	0	0	0	0	0	0	11300	0	0	0	0	0	0	0	15500	0	0	0	0	0	0	0	2700	15500	0	0	0	0
0	0	0	3400	4100	0	0	0	0	0	400	0	5400	5800	20200	0	2500	0	0	8800	0	0	0	0	8500	0	0	0	0	8400	0	0	0	0	0	0	0	0	0	0	3400	100	0	0	0	0	0	400	5100	2900	3400	0	8400	19800	2900	0	0	0	0	0	4300	24000	0	0	0	0	0	0	0	11200	24000	0	500	4100	0
0	0	0	5000	5700	0	0	0	0	0	2000	0	7000	7400	21800	0	4100	500	0	10400	0	0	0	0	10100	1600	0	0	0	10000	0	0	0	0	0	0	0	0	1400	0	5000	1700	0	0	0	0	0	2000	6700	4500	5000	0	10000	21400	4500	0	0	0	0	0	5900	25600	0	0	0	0	0	0	0	12800	25600	0	2100	5700	0
0	0	0	6000	6700	0	0	0	0	0	3000	0	8000	8400	22800	0	5100	1500	0	11400	0	1000	0	0	11100	2600	1000	0	0	11000	0	0	0	0	0	0	0	0	2400	0	6000	2700	0	1000	0	0	0	3000	7700	5500	6000	0	11000	22400	5500	0	0	0	0	0	6900	26600	0	0	0	0	0	0	0	13800	26600	0	3100	6700	0
46600	25600	50600	57600	58300	39600	17900	43000	25900	0	54600	49000	59600	60000	74400	51600	56700	53100	25900	63000	45400	52600	25200	500	62700	54200	52600	51600	0	62600	25900	48600	24600	29000	51600	29600	24100	42600	54000	51400	57600	54300	4300	52600	37400	25900	27300	54600	59300	57100	57600	42100	62600	74000	57100	18100	45500	11200	2600	27600	58500	78200	6500	25600	51600	0	29400	2600	43600	65400	78200	51200	54700	58300	25600
0	0	0	0	0	0	0	0	0	0	0	0	0	0	11800	0	0	0	0	400	0	0	0	0	100	0	0	0	0	0	0	0	0	0	0	0	0	0	0	0	0	0	0	0	0	0	0	0	0	0	0	0	0	11400	0	0	0	0	0	0	0	15600	0	0	0	0	0	0	0	2800	15600	0	0	0	0
20700	0	24700	31700	32400	13700	0	17100	0	0	28700	23100	33700	34100	48500	25700	30800	27200	0	37100	19500	26700	0	0	36800	28300	26700	25700	0	36700	0	22700	0	3100	25700	3700	0	16700	28100	25500	31700	28400	0	26700	11500	0	1400	28700	33400	31200	31700	16200	36700	48100	31200	0	19600	0	0	1700	32600	52300	0	0	25700	0	3500	0	17700	39500	52300	25300	28800	32400	0
0	0	2000	9000	9700	0	0	0	0	0	6000	400	11000	11400	25800	3000	8100	4500	0	14400	0	4000	0	0	14100	5600	4000	3000	0	14000	0	0	0	0	3000	0	0	0	5400	2800	9000	5700	0	4000	0	0	0	6000	10700	8500	9000	0	14000	25400	8500	0	0	0	0	0	9900	29600	0	0	3000	0	0	0	0	16800	29600	2600	6100	9700	0
22000	1000	26000	33000	33700	15000	0	18400	1300	0	30000	24400	35000	35400	49800	27000	32100	28500	1300	38400	20800	28000	600	0	38100	29600	28000	27000	0	38000	1300	24000	0	4400	27000	5000	0	18000	29400	26800	33000	29700	0	28000	12800	1300	2700	30000	34700	32500	33000	17500	38000	49400	32500	0	20900	0	0	3000	33900	53600	0	1000	27000	0	4800	0	19000	40800	53600	26600	30100	33700	1000
17600	0	21600	28600	29300	10600	0	14000	0	0	25600	20000	30600	31000	45400	22600	27700	24100	0	34000	16400	23600	0	0	33700	25200	23600	22600	0	33600	0	19600	0	0	22600	600	0	13600	25000	22400	28600	25300	0	23600	8400	0	0	25600	30300	28100	28600	13100	33600	45000	28100	0	16500	0	0	0	29500	49200	0	0	22600	0	400	0	14600	36400	49200	22200	25700	29300	0
0	0	0	6000	6700	0	0	0	0	0	3000	0	8000	8400	22800	0	5100	1500	0	11400	0	1000	0	0	11100	2600	1000	0	0	11000	0	0	0	0	0	0	0	0	2400	0	6000	2700	0	1000	0	0	0	3000	7700	5500	6000	0	11000	22400	5500	0	0	0	0	0	6900	26600	0	0	0	0	0	0	0	13800	26600	0	3100	6700	0
17000	0	21000	28000	28700	10000	0	13400	0	0	25000	19400	30000	30400	44800	22000	27100	23500	0	33400	15800	23000	0	0	33100	24600	23000	22000	0	33000	0	19000	0	0	22000	0	0	13000	24400	21800	28000	24700	0	23000	7800	0	0	25000	29700	27500	28000	12500	33000	44400	27500	0	15900	0	0	0	28900	48600	0	0	22000	0	0	0	14000	35800	48600	21600	25100	28700	0
22500	1500	26500	33500	34200	15500	0	18900	1800	0	30500	24900	35500	35900	50300	27500	32600	29000	1800	38900	21300	28500	1100	0	38600	30100	28500	27500	0	38500	1800	24500	500	4900	27500	5500	0	18500	29900	27300	33500	30200	0	28500	13300	1800	3200	30500	35200	33000	33500	18000	38500	49900	33000	0	21400	0	0	3500	34400	54100	0	1500	27500	0	5300	0	19500	41300	54100	27100	30600	34200	1500
4000	0	8000	15000	15700	0	0	400	0	0	12000	6400	17000	17400	31800	9000	14100	10500	0	20400	2800	10000	0	0	20100	11600	10000	9000	0	20000	0	6000	0	0	9000	0	0	0	11400	8800	15000	11700	0	10000	0	0	0	12000	16700	14500	15000	0	20000	31400	14500	0	2900	0	0	0	15900	35600	0	0	9000	0	0	0	1000	22800	35600	8600	12100	15700	0
0	0	0	3600	4300	0	0	0	0	0	600	0	5600	6000	20400	0	2700	0	0	9000	0	0	0	0	8700	200	0	0	0	8600	0	0	0	0	0	0	0	0	0	0	3600	300	0	0	0	0	0	600	5300	3100	3600	0	8600	20000	3100	0	0	0	0	0	4500	24200	0	0	0	0	0	0	0	11400	24200	0	700	4300	0
0	0	0	6200	6900	0	0	0	0	0	3200	0	8200	8600	23000	200	5300	1700	0	11600	0	1200	0	0	11300	2800	1200	200	0	11200	0	0	0	0	200	0	0	0	2600	0	6200	2900	0	1200	0	0	0	3200	7900	5700	6200	0	11200	22600	5700	0	0	0	0	0	7100	26800	0	0	200	0	0	0	0	14000	26800	0	3300	6900	0
0	0	0	0	700	0	0	0	0	0	0	0	2000	2400	16800	0	0	0	0	5400	0	0	0	0	5100	0	0	0	0	5000	0	0	0	0	0	0	0	0	0	0	0	0	0	0	0	0	0	0	1700	0	0	0	5000	16400	0	0	0	0	0	0	900	20600	0	0	0	0	0	0	0	7800	20600	0	0	700	0
0	0	0	3300	4000	0	0	0	0	0	300	0	5300	5700	20100	0	2400	0	0	8700	0	0	0	0	8400	0	0	0	0	8300	0	0	0	0	0	0	0	0	0	0	3300	0	0	0	0	0	0	300	5000	2800	3300	0	8300	19700	2800	0	0	0	0	0	4200	23900	0	0	0	0	0	0	0	11100	23900	0	400	4000	0
42300	21300	46300	53300	54000	35300	13600	38700	21600	0	50300	44700	55300	55700	70100	47300	52400	48800	21600	58700	41100	48300	20900	0	58400	49900	48300	47300	0	58300	21600	44300	20300	24700	47300	25300	19800	38300	49700	47100	53300	50000	0	48300	33100	21600	23000	50300	55000	52800	53300	37800	58300	69700	52800	13800	41200	6900	0	23300	54200	73900	2200	21300	47300	0	25100	0	39300	61100	73900	46900	50400	54000	21300
0	0	0	5000	5700	0	0	0	0	0	2000	0	7000	7400	21800	0	4100	500	0	10400	0	0	0	0	10100	1600	0	0	0	10000	0	0	0	0	0	0	0	0	1400	0	5000	1700	0	0	0	0	0	2000	6700	4500	5000	0	10000	21400	4500	0	0	0	0	0	5900	25600	0	0	0	0	0	0	0	12800	25600	0	2100	5700	0
9200	0	13200	20200	20900	2200	0	5600	0	0	17200	11600	22200	22600	37000	14200	19300	15700	0	25600	8000	15200	0	0	25300	16800	15200	14200	0	25200	0	11200	0	0	14200	0	0	5200	16600	14000	20200	16900	0	15200	0	0	0	17200	21900	19700	20200	4700	25200	36600	19700	0	8100	0	0	0	21100	40800	0	0	14200	0	0	0	6200	28000	40800	13800	17300	20900	0
20700	0	24700	31700	32400	13700	0	17100	0	0	28700	23100	33700	34100	48500	25700	30800	27200	0	37100	19500	26700	0	0	36800	28300	26700	25700	0	36700	0	22700	0	3100	25700	3700	0	16700	28100	25500	31700	28400	0	26700	11500	0	1400	28700	33400	31200	31700	16200	36700	48100	31200	0	19600	0	0	1700	32600	52300	0	0	25700	0	3500	0	17700	39500	52300	25300	28800	32400	0
19300	0	23300	30300	31000	12300	0	15700	0	0	27300	21700	32300	32700	47100	24300	29400	25800	0	35700	18100	25300	0	0	35400	26900	25300	24300	0	35300	0	21300	0	1700	24300	2300	0	15300	26700	24100	30300	27000	0	25300	10100	0	0	27300	32000	29800	30300	14800	35300	46700	29800	0	18200	0	0	300	31200	50900	0	0	24300	0	2100	0	16300	38100	50900	23900	27400	31000	0
0	0	0	3000	3700	0	0	0	0	0	0	0	5000	5400	19800	0	2100	0	0	8400	0	0	0	0	8100	0	0	0	0	8000	0	0	0	0	0	0	0	0	0	0	3000	0	0	0	0	0	0	0	4700	2500	3000	0	8000	19400	2500	0	0	0	0	0	3900	23600	0	0	0	0	0	0	0	10800	23600	0	100	3700	0
0	0	0	0	0	0	0	0	0	0	0	0	300	700	15100	0	0	0	0	3700	0	0	0	0	3400	0	0	0	0	3300	0	0	0	0	0	0	0	0	0	0	0	0	0	0	0	0	0	0	0	0	0	0	3300	14700	0	0	0	0	0	0	0	18900	0	0	0	0	0	0	0	6100	18900	0	0	0	0
0	0	0	500	1200	0	0	0	0	0	0	0	2500	2900	17300	0	0	0	0	5900	0	0	0	0	5600	0	0	0	0	5500	0	0	0	0	0	0	0	0	0	0	500	0	0	0	0	0	0	0	2200	0	500	0	5500	16900	0	0	0	0	0	0	1400	21100	0	0	0	0	0	0	0	8300	21100	0	0	1200	0
0	0	0	0	700	0	0	0	0	0	0	0	2000	2400	16800	0	0	0	0	5400	0	0	0	0	5100	0	0	0	0	5000	0	0	0	0	0	0	0	0	0	0	0	0	0	0	0	0	0	0	1700	0	0	0	5000	16400	0	0	0	0	0	0	900	20600	0	0	0	0	0	0	0	7800	20600	0	0	700	0
4500	0	8500	15500	16200	0	0	900	0	0	12500	6900	17500	17900	32300	9500	14600	11000	0	20900	3300	10500	0	0	20600	12100	10500	9500	0	20500	0	6500	0	0	9500	0	0	500	11900	9300	15500	12200	0	10500	0	0	0	12500	17200	15000	15500	0	20500	31900	15000	0	3400	0	0	0	16400	36100	0	0	9500	0	0	0	1500	23300	36100	9100	12600	16200	0
0	0	0	0	0	0	0	0	0	0	0	0	0	0	11800	0	0	0	0	400	0	0	0	0	100	0	0	0	0	0	0	0	0	0	0	0	0	0	0	0	0	0	0	0	0	0	0	0	0	0	0	0	0	11400	0	0	0	0	0	0	0	15600	0	0	0	0	0	0	0	2800	15600	0	0	0	0
0	0	0	0	0	0	0	0	0	0	0	0	0	0	400	0	0	0	0	0	0	0	0	0	0	0	0	0	0	0	0	0	0	0	0	0	0	0	0	0	0	0	0	0	0	0	0	0	0	0	0	0	0	0	0	0	0	0	0	0	0	4200	0	0	0	0	0	0	0	0	4200	0	0	0	0
0	0	0	500	1200	0	0	0	0	0	0	0	2500	2900	17300	0	0	0	0	5900	0	0	0	0	5600	0	0	0	0	5500	0	0	0	0	0	0	0	0	0	0	500	0	0	0	0	0	0	0	2200	0	500	0	5500	16900	0	0	0	0	0	0	1400	21100	0	0	0	0	0	0	0	8300	21100	0	0	1200	0
28500	7500	32500	39500	40200	21500	0	24900	7800	0	36500	30900	41500	41900	56300	33500	38600	35000	7800	44900	27300	34500	7100	0	44600	36100	34500	33500	0	44500	7800	30500	6500	10900	33500	11500	6000	24500	35900	33300	39500	36200	0	34500	19300	7800	9200	36500	41200	39000	39500	24000	44500	55900	39000	0	27400	0	0	9500	40400	60100	0	7500	33500	0	11300	0	25500	47300	60100	33100	36600	40200	7500
1100	0	5100	12100	12800	0	0	0	0	0	9100	3500	14100	14500	28900	6100	11200	7600	0	17500	0	7100	0	0	17200	8700	7100	6100	0	17100	0	3100	0	0	6100	0	0	0	8500	5900	12100	8800	0	7100	0	0	0	9100	13800	11600	12100	0	17100	28500	11600	0	0	0	0	0	13000	32700	0	0	6100	0	0	0	0	19900	32700	5700	9200	12800	0
35400	14400	39400	46400	47100	28400	6700	31800	14700	0	43400	37800	48400	48800	63200	40400	45500	41900	14700	51800	34200	41400	14000	0	51500	43000	41400	40400	0	51400	14700	37400	13400	17800	40400	18400	12900	31400	42800	40200	46400	43100	0	41400	26200	14700	16100	43400	48100	45900	46400	30900	51400	62800	45900	6900	34300	0	0	16400	47300	67000	0	14400	40400	0	18200	0	32400	54200	67000	40000	43500	47100	14400
44000	23000	48000	55000	55700	37000	15300	40400	23300	0	52000	46400	57000	57400	71800	49000	54100	50500	23300	60400	42800	50000	22600	0	60100	51600	50000	49000	0	60000	23300	46000	22000	26400	49000	27000	21500	40000	51400	48800	55000	51700	1700	50000	34800	23300	24700	52000	56700	54500	55000	39500	60000	71400	54500	15500	42900	8600	0	25000	55900	75600	3900	23000	49000	0	26800	0	41000	62800	75600	48600	52100	55700	23000
19000	0	23000	30000	30700	12000	0	15400	0	0	27000	21400	32000	32400	46800	24000	29100	25500	0	35400	17800	25000	0	0	35100	26600	25000	24000	0	35000	0	21000	0	1400	24000	2000	0	15000	26400	23800	30000	26700	0	25000	9800	0	0	27000	31700	29500	30000	14500	35000	46400	29500	0	17900	0	0	0	30900	50600	0	0	24000	0	1800	0	16000	37800	50600	23600	27100	30700	0
0	0	0	0	0	0	0	0	0	0	0	0	1100	1500	15900	0	0	0	0	4500	0	0	0	0	4200	0	0	0	0	4100	0	0	0	0	0	0	0	0	0	0	0	0	0	0	0	0	0	0	800	0	0	0	4100	15500	0	0	0	0	0	0	0	19700	0	0	0	0	0	0	0	6900	19700	0	0	0	0
0	0	0	0	0	0	0	0	0	0	0	0	0	0	0	0	0	0	0	0	0	0	0	0	0	0	0	0	0	0	0	0	0	0	0	0	0	0	0	0	0	0	0	0	0	0	0	0	0	0	0	0	0	0	0	0	0	0	0	0	0	0	0	0	0	0	0	0	0	0	0	0	0	0	0
40100	19100	44100	51100	51800	33100	11400	36500	19400	0	48100	42500	53100	53500	67900	45100	50200	46600	19400	56500	38900	46100	18700	0	56200	47700	46100	45100	0	56100	19400	42100	18100	22500	45100	23100	17600	36100	47500	44900	51100	47800	0	46100	30900	19400	20800	48100	52800	50600	51100	35600	56100	67500	50600	11600	39000	4700	0	21100	52000	71700	0	19100	45100	0	22900	0	37100	58900	71700	44700	48200	51800	19100
21000	0	25000	32000	32700	14000	0	17400	300	0	29000	23400	34000	34400	48800	26000	31100	27500	300	37400	19800	27000	0	0	37100	28600	27000	26000	0	37000	300	23000	0	3400	26000	4000	0	17000	28400	25800	32000	28700	0	27000	11800	300	1700	29000	33700	31500	32000	16500	37000	48400	31500	0	19900	0	0	2000	32900	52600	0	0	26000	0	3800	0	18000	39800	52600	25600	29100	32700	0
0	0	0	6000	6700	0	0	0	0	0	3000	0	8000	8400	22800	0	5100	1500	0	11400	0	1000	0	0	11100	2600	1000	0	0	11000	0	0	0	0	0	0	0	0	2400	0	6000	2700	0	1000	0	0	0	3000	7700	5500	6000	0	11000	22400	5500	0	0	0	0	0	6900	26600	0	0	0	0	0	0	0	13800	26600	0	3100	6700	0
49000	28000	53000	60000	60700	42000	20300	45400	28300	0	57000	51400	62000	62400	76800	54000	59100	55500	28300	65400	47800	55000	27600	2900	65100	56600	55000	54000	2400	65000	28300	51000	27000	31400	54000	32000	26500	45000	56400	53800	60000	56700	6700	55000	39800	28300	29700	57000	61700	59500	60000	44500	65000	76400	59500	20500	47900	13600	5000	30000	60900	80600	8900	28000	54000	0	31800	5000	46000	67800	80600	53600	57100	60700	28000
17200	0	21200	28200	28900	10200	0	13600	0	0	25200	19600	30200	30600	45000	22200	27300	23700	0	33600	16000	23200	0	0	33300	24800	23200	22200	0	33200	0	19200	0	0	22200	200	0	13200	24600	22000	28200	24900	0	23200	8000	0	0	25200	29900	27700	28200	12700	33200	44600	27700	0	16100	0	0	0	29100	48800	0	0	22200	0	0	0	14200	36000	48800	21800	25300	28900	0
44000	23000	48000	55000	55700	37000	15300	40400	23300	0	52000	46400	57000	57400	71800	49000	54100	50500	23300	60400	42800	50000	22600	0	60100	51600	50000	49000	0	60000	23300	46000	22000	26400	49000	27000	21500	40000	51400	48800	55000	51700	1700	50000	34800	23300	24700	52000	56700	54500	55000	39500	60000	71400	54500	15500	42900	8600	0	25000	55900	75600	3900	23000	49000	0	26800	0	41000	62800	75600	48600	52100	55700	23000
3000	0	7000	14000	14700	0	0	0	0	0	11000	5400	16000	16400	30800	8000	13100	9500	0	19400	1800	9000	0	0	19100	10600	9000	8000	0	19000	0	5000	0	0	8000	0	0	0	10400	7800	14000	10700	0	9000	0	0	0	11000	15700	13500	14000	0	19000	30400	13500	0	1900	0	0	0	14900	34600	0	0	8000	0	0	0	0	21800	34600	7600	11100	14700	0
0	0	0	0	0	0	0	0	0	0	0	0	0	0	9000	0	0	0	0	0	0	0	0	0	0	0	0	0	0	0	0	0	0	0	0	0	0	0	0	0	0	0	0	0	0	0	0	0	0	0	0	0	0	8600	0	0	0	0	0	0	0	12800	0	0	0	0	0	0	0	0	12800	0	0	0	0
0	0	0	0	0	0	0	0	0	0	0	0	0	0	0	0	0	0	0	0	0	0	0	0	0	0	0	0	0	0	0	0	0	0	0	0	0	0	0	0	0	0	0	0	0	0	0	0	0	0	0	0	0	0	0	0	0	0	0	0	0	0	0	0	0	0	0	0	0	0	0	0	0	0	0
0	0	0	6400	7100	0	0	0	0	0	3400	0	8400	8800	23200	400	5500	1900	0	11800	0	1400	0	0	11500	3000	1400	400	0	11400	0	0	0	0	400	0	0	0	2800	200	6400	3100	0	1400	0	0	0	3400	8100	5900	6400	0	11400	22800	5900	0	0	0	0	0	7300	27000	0	0	400	0	0	0	0	14200	27000	0	3500	7100	0
0	0	0	2900	3600	0	0	0	0	0	0	0	4900	5300	19700	0	2000	0	0	8300	0	0	0	0	8000	0	0	0	0	7900	0	0	0	0	0	0	0	0	0	0	2900	0	0	0	0	0	0	0	4600	2400	2900	0	7900	19300	2400	0	0	0	0	0	3800	23500	0	0	0	0	0	0	0	10700	23500	0	0	3600	0
0	0	0	0	0	0	0	0	0	0	0	0	1300	1700	16100	0	0	0	0	4700	0	0	0	0	4400	0	0	0	0	4300	0	0	0	0	0	0	0	0	0	0	0	0	0	0	0	0	0	0	1000	0	0	0	4300	15700	0	0	0	0	0	0	200	19900	0	0	0	0	0	0	0	7100	19900	0	0	0	0
21000	0	25000	32000	32700	14000	0	17400	300	0	29000	23400	34000	34400	48800	26000	31100	27500	300	37400	19800	27000	0	0	37100	28600	27000	26000	0	37000	300	23000	0	3400	26000	4000	0	17000	28400	25800	32000	28700	0	27000	11800	300	1700	29000	33700	31500	32000	16500	37000	48400	31500	0	19900	0	0	2000	32900	52600	0	0	26000	0	3800	0	18000	39800	52600	25600	29100	32700	0

0	0	0	0	0	103	0	0	0	0	0	0	0	0	0	0	0	0	0	0	0	0	0	0	0	0	0	0	0	64	1	0	0	0	0	96	0	0	0	1	0	1	0	18	0	0	0	0	0	0	0	0	37	0	0	0	93	0	0	1	0	0	0	0	0	0	0	0	0	0	0	96	0	0	28
43	0	0	34	15	110	34	18	8	30	8	8	0	23	0	0	0	0	0	4	8	8	0	0	0	34	0	0	15	78	43	0	20	32	0	104	8	34	8	43	0	43	8	51	0	0	0	23	0	8	34	23	60	18	8	23	101	8	15	43	26	23	0	41	34	0	23	23	8	0	8	104	0	26	56
53	23	0	46	32	112	46	34	28	43	28	28	23	38	0	0	0	6	23	26	28	28	0	0	0	46	23	0	32	83	53	15	36	45	8	106	28	46	28	53	8	53	28	59	0	15	0	38	8	28	46	38	67	34	28	38	104	28	32	53	40	38	18	52	46	8	38	38	28	15	28	106	23	40	63
17	0	0	0	0	105	0	0	0	0	0	0	0	0	0	0	0	0	0	0	0	0	0	0	0	0	0	0	0	69	18	0	0	0	0	99	0	0	0	18	0	18	0	30	0	0	0	0	0	0	0	0	45	0	0	0	95	0	0	18	0	0	0	15	0	0	0	0	0	0	0	99	0	0	38
36	0	0	26	0	108	26	4	0	20	0	0	0	11	0	0	0	0	0	0	0	0	0	0	0	26	0	0	0	75	36	0	8	23	0	102	0	26	0	36	0	36	0	45	0	0	0	11	0	0	26	11	56	4	0	11	99	0	0	36	15	11	0	34	26	0	11	11	0	0	0	102	0	15	51
0	0	0	0	0	0	0	0	0	0	0	0	0	0	0	0	0	0	0	0	0	0	0	0	0	0	0	0	0	0	0	0	0	0	0	0	0	0	0	0	0	0	0	0	0	0	0	0	0	0	0	0	0	0	0	0	0	0	0	0	0	0	0	0	0	0	0	0	0	0	0	0	0	0	0
17	0	0	0	0	105	0	0	0	0	0	0	0	0	0	0	0	0	0	0	0	0	0	0	0	0	0	0	0	69	18	0	0	0	0	99	0	0	0	18	0	18	0	30	0	0	0	0	0	0	0	0	45	0	0	0	95	0	0	18	0	0	0	15	0	0	0	0	0	0	0	99	0	0	38
34	0	0	23	0	108	23	0	0	18	0	0	0	8	0	0	0	0	0	0	0	0	0	0	0	23	0	0	0	74	34	0	4	20	0	102	0	23	0	34	0	34	0	43	0	0	0	8	0	0	23	8	54	0	0	8	99	0	0	34	11	8	0	32	23	0	8	8	0	0	0	102	0	11	49
39	0	0	30	8	109	30	11	0	26	0	0	0	18	0	0	0	0	0	0	0	0	0	0	0	30	0	0	8	77	40	0	15	28	0	103	0	30	0	40	0	40	0	48	0	0	0	18	0	0	30	18	57	11	0	18	100	0	8	40	20	18	0	38	30	0	18	18	0	0	0	103	0	20	53
23	0	0	8	0	106	8	0	0	0	0	0	0	0	0	0	0	0	0	0	0	0	0	0	0	8	0	0	0	70	23	0	0	4	0	100	0	8	0	23	0	23	0	34	0	0	0	0	0	0	8	0	48	0	0	0	96	0	0	23	0	0	0	20	8	0	0	0	0	0	0	100	0	0	41
39	0	0	30	8	109	30	11	0	26	0	0	0	18	0	0	0	0	0	0	0	0	0	0	0	30	0	0	8	77	40	0	15	28	0	103	0	30	0	40	0	40	0	48	0	0	0	18	0	0	30	18	57	11	0	18	100	0	8	40	20	18	0	38	30	0	18	18	0	0	0	103	0	20	53
39	0	0	30	8	109	30	11	0	26	0	0	0	18	0	0	0	0	0	0	0	0	0	0	0	30	0	0	8	77	40	0	15	28	0	103	0	30	0	40	0	40	0	48	0	0	0	18	0	0	30	18	57	11	0	18	100	0	8	40	20	18	0	38	30	0	18	18	0	0	0	103	0	20	53
43	0	0	34	15	110	34	18	8	30	8	8	0	23	0	0	0	0	0	4	8	8	0	0	0	34	0	0	15	78	43	0	20	32	0	104	8	34	8	43	0	43	8	51	0	0	0	23	0	8	34	23	60	18	8	23	101	8	15	43	26	23	0	41	34	0	23	23	8	0	8	104	0	26	56
30	0	0	18	0	107	18	0	0	11	0	0	0	0	0	0	0	0	0	0	0	0	0	0	0	18	0	0	0	73	30	0	0	15	0	101	0	18	0	30	0	30	0	40	0	0	0	0	0	0	18	0	52	0	0	0	98	0	0	30	4	0	0	28	18	0	0	0	0	0	0	101	0	4	46
53	23	0	46	32	112	46	34	28	43	28	28	23	38	0	0	0	6	23	26	28	28	0	0	0	46	23	0	32	83	53	15	36	45	8	106	28	46	28	53	8	53	28	59	0	15	0	38	8	28	46	38	67	34	28	38	104	28	32	53	40	38	18	52	46	8	38	38	28	15	28	106	23	40	63
54	26	4	48	34	112	48	36	30	45	30	30	26	40	4	0	0	10	26	28	30	30	0	0	4	48	26	0	34	84	54	18	38	46	11	107	30	48	30	54	11	54	30	60	0	18	0	40	11	30	48	40	68	36	30	40	104	30	34	54	41	40	20	53	48	11	40	40	30	18	30	107	26	41	64
56	31	13	51	39	112	51	41	35	48	35	35	31	44	13	10	0	18	31	33	35	35	10	10	13	51	31	10	39	85	56	24	42	50	19	108	35	51	35	56	19	56	35	63	0	24	10	44	19	35	51	44	70	41	35	44	105	35	39	56	45	44	27	56	51	19	44	44	35	24	35	108	31	45	67
51	19	0	44	28	112	44	31	24	41	24	24	19	35	0	0	0	0	19	22	24	24	0	0	0	44	19	0	28	82	51	10	33	42	2	106	24	44	24	51	2	51	24	56	0	10	0	35	2	24	44	35	66	31	24	35	103	24	28	51	37	35	13	50	44	2	35	35	24	10	24	106	19	37	62
43	0	0	34	15	110	34	18	8	30	8	8	0	23	0	0	0	0	0	4	8	8	0	0	0	34	0	0	15	78	43	0	20	32	0	104	8	34	8	43	0	43	8	51	0	0	0	23	0	8	34	23	60	18	8	23	101	8	15	43	26	23	0	41	34	0	23	23	8	0	8	104	0	26	56
41	0	0	32	11	109	32	15	4	28	4	4	0	20	0	0	0	0	0	0	4	4	0	0	0	32	0	0	11	77	41	0	18	30	0	103	4	32	4	41	0	41	4	49	0	0	0	20	0	4	32	20	59	15	4	20	100	4	11	41	23	20	0	40	32	0	20	20	4	0	4	103	0	23	54
39	0	0	30	8	109	30	11	0	26	0	0	0	18	0	0	0	0	0	0	0	0	0	0	0	30	0	0	8	77	40	0	15	28	0	103	0	30	0	40	0	40	0	48	0	0	0	18	0	0	30	18	57	11	0	18	100	0	8	40	20	18	0	38	30	0	18	18	0	0	0	103	0	20	53
39	0	0	30	8	109	30	11	0	26	0	0	0	18	0	0	0	0	0	0	0	0	0	0	0	30	0	0	8	77	40	0	15	28	0	103	0	30	0	40	0	40	0	48	0	0	0	18	0	0	30	18	57	11	0	18	100	0	8	40	20	18	0	38	30	0	18	18	0	0	0	103	0	20	53
54	26	4	48	34	112	48	36	30	45	30	30	26	40	4	0	0	10	26	28	30	30	0	0	4	48	26	0	34	84	54	18	38	46	11	107	30	48	30	54	11	54	30	60	0	18	0	40	11	30	48	40	68	36	30	40	104	30	34	54	41	40	20	53	48	11	40	40	30	18	30	107	26	41	64
54	26	4	48	34	112	48	36	30	45	30	30	26	40	4	0	0	10	26	28	30	30	0	0	4	48	26	0	34	84	54	18	38	46	11	107	30	48	30	54	11	54	30	60	0	18	0	40	11	30	48	40	68	36	30	40	104	30	34	54	41	40	20	53	48	11	40	40	30	18	30	107	26	41	64
53	23	0	46	32	112	46	34	28	43	28	28	23	38	0	0	0	6	23	26	28	28	0	0	0	46	23	0	32	83	53	15	36	45	8	106	28	46	28	53	8	53	28	59	0	15	0	38	8	28	46	38	67	34	28	38	104	28	32	53	40	38	18	52	46	8	38	38	28	15	28	106	23	40	63
17	0	0	0	0	105	0	0	0	0	0	0	0	0	0	0	0	0	0	0	0	0	0	0	0	0	0	0	0	69	18	0	0	0	0	99	0	0	0	18	0	18	0	30	0	0	0	0	0	0	0	0	45	0	0	0	95	0	0	18	0	0	0	15	0	0	0	0	0	0	0	99	0	0	38
43	0	0	34	15	110	34	18	8	30	8	8	0	23	0	0	0	0	0	4	8	8	0	0	0	34	0	0	15	78	43	0	20	32	0	104	8	34	8	43	0	43	8	51	0	0	0	23	0	8	34	23	60	18	8	23	101	8	15	43	26	23	0	41	34	0	23	23	8	0	8	104	0	26	56
54	26	4	48	34	112	48	36	30	45	30	30	26	40	4	0	0	10	26	28	30	30	0	0	4	48	26	0	34	84	54	18	38	46	11	107	30	48	30	54	11	54	30	60	0	18	0	40	11	30	48	40	68	36	30	40	104	30	34	54	41	40	20	53	48	11	40	40	30	18	30	107	26	41	64
36	0	0	26	0	108	26	4	0	20	0	0	0	11	0	0	0	0	0	0	0	0	0	0	0	26	0	0	0	75	36	0	8	23	0	102	0	26	0	36	0	36	0	45	0	0	0	11	0	0	26	11	56	4	0	11	99	0	0	36	15	11	0	34	26	0	11	11	0	0	0	102	0	15	51
0	0	0	0	0	87	0	0	0	0	0	0	0	0	0	0	0	0	0	0	0	0	0	0	0	0	0	0	0	0	0	0	0	0	0	77	0	0	0	0	0	0	0	0	0	0	0	0	0	0	0	0	0	0	0	0	71	0	0	0	0	0	0	0	0	0	0	0	0	0	0	77	0	0	0
0	0	0	0	0	103	0	0	0	0	0	0	0	0	0	0	0	0	0	0	0	0	0	0	0	0	0	0	0	64	0	0	0	0	0	96	0	0	0	0	0	0	0	18	0	0	0	0	0	0	0	0	36	0	0	0	93	0	0	0	0	0	0	0	0	0	0	0	0	0	0	96	0	0	28
47	11	0	40	23	111	40	26	18	36	18	18	11	30	0	0	0	0	11	15	18	18	0	0	0	40	11	0	23	80	48	0	28	38	0	105	18	40	18	48	0	48	18	54	0	0	0	30	0	18	40	30	63	26	18	30	102	18	23	48	32	30	4	46	40	0	30	30	18	0	18	105	11	32	59
32	0	0	20	0	108	20	0	0	15	0	0	0	4	0	0	0	0	0	0	0	0	0	0	0	20	0	0	0	74	32	0	0	18	0	101	0	20	0	32	0	32	0	41	0	0	0	4	0	0	20	4	53	0	0	4	98	0	0	32	8	4	0	30	20	0	4	4	0	0	0	101	0	8	48
20	0	0	4	0	106	4	0	0	0	0	0	0	0	0	0	0	0	0	0	0	0	0	0	0	4	0	0	0	69	20	0	0	0	0	99	0	4	0	20	0	20	0	32	0	0	0	0	0	0	4	0	46	0	0	0	96	0	0	20	0	0	0	18	4	0	0	0	0	0	0	99	0	0	40
50	18	0	43	28	111	43	30	23	40	23	23	18	34	0	0	0	0	18	20	23	23	0	0	0	43	18	0	28	82	51	8	32	41	0	106	23	43	23	51	0	51	23	56	0	8	0	34	0	23	43	34	65	30	23	34	103	23	28	51	36	34	11	49	43	0	34	34	23	8	23	106	18	36	61
0	0	0	0	0	41	0	0	0	0	0	0	0	0	0	0	0	0	0	0	0	0	0	0	0	0	0	0	0	0	0	0	0	0	0	0	0	0	0	0	0	0	0	0	0	0	0	0	0	0	0	0	0	0	0	0	0	0	0	0	0	0	0	0	0	0	0	0	0	0	0	0	0	0	0
39	0	0	30	8	109	30	11	0	26	0	0	0	18	0	0	0	0	0	0	0	0	0	0	0	30	0	0	8	77	40	0	15	28	0	103	0	30	0	40	0	40	0	48	0	0	0	18	0	0	30	18	57	11	0	18	100	0	8	40	20	18	0	38	30	0	18	18	0	0	0	103	0	20	53
17	0	0	0	0	105	0	0	0	0	0	0	0	0	0	0	0	0	0	0	0	0	0	0	0	0	0	0	0	69	18	0	0	0	0	99	0	0	0	18	0	18	0	30	0	0	0	0	0	0	0	0	45	0	0	0	95	0	0	18	0	0	0	15	0	0	0	0	0	0	0	99	0	0	38
39	0	0	30	8	109	30	11	0	26	0	0	0	18	0	0	0	0	0	0	0	0	0	0	0	30	0	0	8	77	40	0	15	28	0	103	0	30	0	40	0	40	0	48	0	0	0	18	0	0	30	18	57	11	0	18	100	0	8	40	20	18	0	38	30	0	18	18	0	0	0	103	0	20	53
0	0	0	0	0	103	0	0	0	0	0	0	0	0	0	0	0	0	0	0	0	0	0	0	0	0	0	0	0	64	0	0	0	0	0	96	0	0	0	0	0	0	0	18	0	0	0	0	0	0	0	0	36	0	0	0	93	0	0	0	0	0	0	0	0	0	0	0	0	0	0	96	0	0	28
50	18	0	43	28	111	43	30	23	40	23	23	18	34	0	0	0	0	18	20	23	23	0	0	0	43	18	0	28	82	51	8	32	41	0	106	23	43	23	51	0	51	23	56	0	8	0	34	0	23	43	34	65	30	23	34	103	23	28	51	36	34	11	49	43	0	34	34	23	8	23	106	18	36	61
0	0	0	0	0	103	0	0	0	0	0	0	0	0	0	0	0	0	0	0	0	0	0	0	0	0	0	0	0	64	0	0	0	0	0	96	0	0	0	0	0	0	0	18	0	0	0	0	0	0	0	0	36	0	0	0	93	0	0	0	0	0	0	0	0	0	0	0	0	0	0	96	0	0	28
39	0	0	30	8	109	30	11	0	26	0	0	0	18	0	0	0	0	0	0	0	0	0	0	0	30	0	0	8	77	40	0	15	28	0	103	0	30	0	40	0	40	0	48	0	0	0	18	0	0	30	18	57	11	0	18	100	0	8	40	20	18	0	38	30	0	18	18	0	0	0	103	0	20	53
0	0	0	0	0	101	0	0	0	0	0	0	0	0	0	0	0	0	0	0	0	0	0	0	0	0	0	0	0	59	0	0	0	0	0	94	0	0	0	0	0	0	0	0	0	0	0	0	0	0	0	0	26	0	0	0	90	0	0	0	0	0	0	0	0	0	0	0	0	0	0	94	0	0	15
59	35	19	54	42	113	54	44	39	51	39	39	35	47	19	16	8	23	35	37	39	39	16	16	19	54	35	16	42	86	60	28	45	53	24	108	39	54	39	60	24	60	39	65	0	28	16	47	24	39	54	47	72	44	39	47	106	39	42	60	48	47	31	59	54	24	47	47	39	28	39	108	35	48	69
47	11	0	40	23	111	40	26	18	36	18	18	11	30	0	0	0	0	11	15	18	18	0	0	0	40	11	0	23	80	48	0	28	38	0	105	18	40	18	48	0	48	18	54	0	0	0	30	0	18	40	30	63	26	18	30	102	18	23	48	32	30	4	46	40	0	30	30	18	0	18	105	11	32	59
54	26	4	48	34	112	48	36	30	45	30	30	26	40	4	0	0	10	26	28	30	30	0	0	4	48	26	0	34	84	54	18	38	46	11	107	30	48	30	54	11	54	30	60	0	18	0	40	11	30	48	40	68	36	30	40	104	30	34	54	41	40	20	53	48	11	40	40	30	18	30	107	26	41	64
30	0	0	18	0	107	18	0	0	11	0	0	0	0	0	0	0	0	0	0	0	0	0	0	0	18	0	0	0	73	30	0	0	15	0	101	0	18	0	30	0	30	0	40	0	0	0	0	0	0	18	0	52	0	0	0	98	0	0	30	4	0	0	28	18	0	0	0	0	0	0	101	0	4	46
50	18	0	43	28	111	43	30	23	40	23	23	18	34	0	0	0	0	18	20	23	23	0	0	0	43	18	0	28	82	51	8	32	41	0	106	23	43	23	51	0	51	23	56	0	8	0	34	0	23	43	34	65	30	23	34	103	23	28	51	36	34	11	49	43	0	34	34	23	8	23	106	18	36	61
39	0	0	30	8	109	30	11	0	26	0	0	0	18	0	0	0	0	0	0	0	0	0	0	0	30	0	0	8	77	40	0	15	28	0	103	0	30	0	40	0	40	0	48	0	0	0	18	0	0	30	18	57	11	0	18	100	0	8	40	20	18	0	38	30	0	18	18	0	0	0	103	0	20	53
17	0	0	0	0	105	0	0	0	0	0	0	0	0	0	0	0	0	0	0	0	0	0	0	0	0	0	0	0	69	18	0	0	0	0	99	0	0	0	18	0	18	0	30	0	0	0	0	0	0	0	0	45	0	0	0	95	0	0	18	0	0	0	15	0	0	0	0	0	0	0	99	0	0	38
30	0	0	18	0	107	18	0	0	11	0	0	0	0	0	0	0	0	0	0	0	0	0	0	0	18	0	0	0	73	30	0	0	15	0	101	0	18	0	30	0	30	0	40	0	0	0	0	0	0	18	0	52	0	0	0	98	0	0	30	4	0	0	28	18	0	0	0	0	0	0	101	0	4	46
0	0	0	0	0	98	0	0	0	0	0	0	0	0	0	0	0	0	0	0	0	0	0	0	0	0	0	0	0	48	0	0	0	0	0	90	0	0	0	0	0	0	0	0	0	0	0	0	0	0	0	0	0	0	0	0	86	0	0	0	0	0	0	0	0	0	0	0	0	0	0	90	0	0	0
34	0	0	23	0	108	23	0	0	18	0	0	0	8	0	0	0	0	0	0	0	0	0	0	0	23	0	0	0	74	34	0	4	20	0	102	0	23	0	34	0	34	0	43	0	0	0	8	0	0	23	8	54	0	0	8	99	0	0	34	11	8	0	32	23	0	8	8	0	0	0	102	0	11	49
39	0	0	30	8	109	30	11	0	26	0	0	0	18	0	0	0	0	0	0	0	0	0	0	0	30	0	0	8	77	40	0	15	28	0	103	0	30	0	40	0	40	0	48	0	0	0	18	0	0	30	18	57	11	0	18	100	0	8	40	20	18	0	38	30	0	18	18	0	0	0	103	0	20	53
30	0	0	18	0	107	18	0	0	11	0	0	0	0	0	0	0	0	0	0	0	0	0	0	0	18	0	0	0	73	30	0	0	15	0	101	0	18	0	30	0	30	0	40	0	0	0	0	0	0	18	0	52	0	0	0	98	0	0	30	4	0	0	28	18	0	0	0	0	0	0	101	0	4	46
0	0	0	0	0	52	0	0	0	0	0	0	0	0	0	0	0	0	0	0	0	0	0	0	0	0	0	0	0	0	0	0	0	0	0	23	0	0	0	0	0	0	0	0	0	0	0	0	0	0	0	0	0	0	0	0	0	0	0	0	0	0	0	0	0	0	0	0	0	0	0	23	0	0	0
39	0	0	30	8	109	30	11	0	26	0	0	0	18	0	0	0	0	0	0	0	0	0	0	0	30	0	0	8	77	40	0	15	28	0	103	0	30	0	40	0	40	0	48	0	0	0	18	0	0	30	18	57	11	0	18	100	0	8	40	20	18	0	38	30	0	18	18	0	0	0	103	0	20	53
36	0	0	26	0	108	26	4	0	20	0	0	0	11	0	0	0	0	0	0	0	0	0	0	0	26	0	0	0	75	36	0	8	23	0	102	0	26	0	36	0	36	0	45	0	0	0	11	0	0	26	11	56	4	0	11	99	0	0	36	15	11	0	34	26	0	11	11	0	0	0	102	0	15	51
0	0	0	0	0	103	0	0	0	0	0	0	0	0	0	0	0	0	0	0	0	0	0	0	0	0	0	0	0	64	0	0	0	0	0	96	0	0	0	0	0	0	0	18	0	0	0	0	0	0	0	0	36	0	0	0	93	0	0	0	0	0	0	0	0	0	0	0	0	0	0	96	0	0	28
27	0	0	15	0	107	15	0	0	8	0	0	0	0	0	0	0	0	0	0	0	0	0	0	0	15	0	0	0	72	28	0	0	11	0	100	0	15	0	28	0	28	0	38	0	0	0	0	0	0	15	0	51	0	0	0	97	0	0	28	0	0	0	26	15	0	0	0	0	0	0	100	0	0	45
30	0	0	18	0	107	18	0	0	11	0	0	0	0	0	0	0	0	0	0	0	0	0	0	0	18	0	0	0	73	30	0	0	15	0	101	0	18	0	30	0	30	0	40	0	0	0	0	0	0	18	0	52	0	0	0	98	0	0	30	4	0	0	28	18	0	0	0	0	0	0	101	0	4	46
46	8	0	38	20	110	38	23	15	34	15	15	8	28	0	0	0	0	8	11	15	15	0	0	0	38	8	0	20	80	46	0	26	36	0	105	15	38	15	46	0	46	15	53	0	0	0	28	0	15	38	28	62	23	15	28	102	15	20	46	30	28	0	45	38	0	28	28	15	0	15	105	8	30	57
3	0	0	0	0	104	0	0	0	0	0	0	0	0	0	0	0	0	0	0	0	0	0	0	0	0	0	0	0	65	4	0	0	0	0	97	0	0	0	4	0	4	0	20	0	0	0	0	0	0	0	0	38	0	0	0	93	0	0	4	0	0	0	0	0	0	0	0	0	0	0	97	0	0	30
17	0	0	0	0	105	0	0	0	0	0	0	0	0	0	0	0	0	0	0	0	0	0	0	0	0	0	0	0	69	18	0	0	0	0	99	0	0	0	18	0	18	0	30	0	0	0	0	0	0	0	0	45	0	0	0	95	0	0	18	0	0	0	15	0	0	0	0	0	0	0	99	0	0	38
50	18	0	43	28	111	43	30	23	40	23	23	18	34	0	0	0	0	18	20	23	23	0	0	0	43	18	0	28	82	51	8	32	41	0	106	23	43	23	51	0	51	23	56	0	8	0	34	0	23	43	34	65	30	23	34	103	23	28	51	36	34	11	49	43	0	34	34	23	8	23	106	18	36	61
30	0	0	18	0	107	18	0	0	11	0	0	0	0	0	0	0	0	0	0	0	0	0	0	0	18	0	0	0	73	30	0	0	15	0	101	0	18	0	30	0	30	0	40	0	0	0	0	0	0	18	0	52	0	0	0	98	0	0	30	4	0	0	28	18	0	0	0	0	0	0	101	0	4	46
30	0	0	18	0	107	18	0	0	11	0	0	0	0	0	0	0	0	0	0	0	0	0	0	0	18	0	0	0	73	30	0	0	15	0	101	0	18	0	30	0	30	0	40	0	0	0	0	0	0	18	0	52	0	0	0	98	0	0	30	4	0	0	28	18	0	0	0	0	0	0	101	0	4	46
39	0	0	30	8	109	30	11	0	26	0	0	0	18	0	0	0	0	0	0	0	0	0	0	0	30	0	0	8	77	40	0	15	28	0	103	0	30	0	40	0	40	0	48	0	0	0	18	0	0	30	18	57	11	0	18	100	0	8	40	20	18	0	38	30	0	18	18	0	0	0	103	0	20	53
47	11	0	40	23	111	40	26	18	36	18	18	11	30	0	0	0	0	11	15	18	18	0	0	0	40	11	0	23	80	48	0	28	38	0	105	18	40	18	48	0	48	18	54	0	0	0	30	0	18	40	30	63	26	18	30	102	18	23	48	32	30	4	46	40	0	30	30	18	0	18	105	11	32	59
39	0	0	30	8	109	30	11	0	26	0	0	0	18	0	0	0	0	0	0	0	0	0	0	0	30	0	0	8	77	40	0	15	28	0	103	0	30	0	40	0	40	0	48	0	0	0	18	0	0	30	18	57	11	0	18	100	0	8	40	20	18	0	38	30	0	18	18	0	0	0	103	0	20	53
0	0	0	0	0	41	0	0	0	0	0	0	0	0	0	0	0	0	0	0	0	0	0	0	0	0	0	0	0	0	0	0	0	0	0	0	0	0	0	0	0	0	0	0	0	0	0	0	0	0	0	0	0	0	0	0	0	0	0	0	0	0	0	0	0	0	0	0	0	0	0	0	0	0	0
43	0	0	34	15	110	34	18	8	30	8	8	0	23	0	0	0	0	0	4	8	8	0	0	0	34	0	0	15	78	43	0	20	32	0	104	8	34	8	43	0	43	8	51	0	0	0	23	0	8	34	23	60	18	8	23	101	8	15	43	26	23	0	41	34	0	23	23	8	0	8	104	0	26	56
27	0	0	15	0	107	15	0	0	8	0	0	0	0	0	0	0	0	0	0	0	0	0	0	0	15	0	0	0	72	28	0	0	11	0	100	0	15	0	28	0	28	0	38	0	0	0	0	0	0	15	0	51	0	0	0	97	0	0	28	0	0	0	26	15	0	0	0	0	0	0	100	0	0	45
0	0	0	0	0	100	0	0	0	0	0	0	0	0	0	0	0	0	0	0	0	0	0	0	0	0	0	0	0	54	0	0	0	0	0	92	0	0	0	0	0	0	0	0	0	0	0	0	0	0	0	0	15	0	0	0	88	0	0	0	0	0	0	0	0	0	0	0	0	0	0	92	0	0	0

0	43	53	17	36	0	17	34	39	23	39	39	43	30	53	54	56	51	43	41	39	39	54	54	53	17	43	54	36	0	0	47	32	20	50	0	39	17	39	0	50	0	39	0	59	47	54	30	50	39	17	30	0	34	39	30	0	39	36	0	27	30	46	3	17	50	30	30	39	47	39	0	43	27	0
0	0	23	0	0	0	0	0	0	0	0	0	0	0	23	26	31	19	0	0	0	0	26	26	23	0	0	26	0	0	0	11	0	0	18	0	0	0	0	0	18	0	0	0	35	11	26	0	18	0	0	0	0	0	0	0	0	0	0	0	0	0	8	0	0	18	0	0	0	11	0	0	0	0	0
0	0	0	0	0	0	0	0	0	0	0	0	0	0	0	4	13	0	0	0	0	0	4	4	0	0	0	4	0	0	0	0	0	0	0	0	0	0	0	0	0	0	0	0	19	0	4	0	0	0	0	0	0	0	0	0	0	0	0	0	0	0	0	0	0	0	0	0	0	0	0	0	0	0	0
0	34	46	0	26	0	0	23	30	8	30	30	34	18	46	48	51	44	34	32	30	30	48	48	46	0	34	48	26	0	0	40	20	4	43	0	30	0	30	0	43	0	30	0	54	40	48	18	43	30	0	18	0	23	30	18	0	30	26	0	15	18	38	0	0	43	18	18	30	40	30	0	34	15	0
0	15	32	0	0	0	0	0	8	0	8	8	15	0	32	34	39	28	15	11	8	8	34	34	32	0	15	34	0	0	0	23	0	0	28	0	8	0	8	0	28	0	8	0	42	23	34	0	28	8	0	0	0	0	8	0	0	8	0	0	0	0	20	0	0	28	0	0	8	23	8	0	15	0	0
103	110	112	105	108	0	105	108	109	106	109	109	110	107	112	112	112	112	110	109	109	109	112	112	112	105	110	112	108	87	103	111	108	106	111	41	109	105	109	103	111	103	109	101	113	111	112	107	111	109	105	107	98	108	109	107	52	109	108	103	107	107	110	104	105	111	107	107	109	111	109	41	110	107	100
0	34	46	0	26	0	0	23	30	8	30	30	34	18	46	48	51	44	34	32	30	30	48	48	46	0	34	48	26	0	0	40	20	4	43	0	30	0	30	0	43	0	30	0	54	40	48	18	43	30	0	18	0	23	30	18	0	30	26	0	15	18	38	0	0	43	18	18	30	40	30	0	34	15	0
0	18	34	0	4	0	0	0	11	0	11	11	18	0	34	36	41	31	18	15	11	11	36	36	34	0	18	36	4	0	0	26	0	0	30	0	11	0	11	0	30	0	11	0	44	26	36	0	30	11	0	0	0	0	11	0	0	11	4	0	0	0	23	0	0	30	0	0	11	26	11	0	18	0	0
0	8	28	0	0	0	0	0	0	0	0	0	8	0	28	30	35	24	8	4	0	0	30	30	28	0	8	30	0	0	0	18	0	0	23	0	0	0	0	0	23	0	0	0	39	18	30	0	23	0	0	0	0	0	0	0	0	0	0	0	0	0	15	0	0	23	0	0	0	18	0	0	8	0	0
0	30	43	0	20	0	0	18	26	0	26	26	30	11	43	45	48	41	30	28	26	26	45	45	43	0	30	45	20	0	0	36	15	0	40	0	26	0	26	0	40	0	26	0	51	36	45	11	40	26	0	11	0	18	26	11	0	26	20	0	8	11	34	0	0	40	11	11	26	36	26	0	30	8	0
0	8	28	0	0	0	0	0	0	0	0	0	8	0	28	30	35	24	8	4	0	0	30	30	28	0	8	30	0	0	0	18	0	0	23	0	0	0	0	0	23	0	0	0	39	18	30	0	23	0	0	0	0	0	0	0	0	0	0	0	0	0	15	0	0	23	0	0	0	18	0	0	8	0	0
0	8	28	0	0	0	0	0	0	0	0	0	8	0	28	30	35	24	8	4	0	0	30	30	28	0	8	30	0	0	0	18	0	0	23	0	0	0	0	0	23	0	0	0	39	18	30	0	23	0	0	0	0	0	0	0	0	0	0	0	0	0	15	0	0	23	0	0	0	18	0	0	8	0	0
0	0	23	0	0	0	0	0	0	0	0	0	0	0	23	26	31	19	0	0	0	0	26	26	23	0	0	26	0	0	0	11	0	0	18	0	0	0	0	0	18	0	0	0	35	11	26	0	18	0	0	0	0	0	0	0	0	0	0	0	0	0	8	0	0	18	0	0	0	11	0	0	0	0	0
0	23	38	0	11	0	0	8	18	0	18	18	23	0	38	40	44	35	23	20	18	18	40	40	38	0	23	40	11	0	0	30	4	0	34	0	18	0	18	0	34	0	18	0	47	30	40	0	34	18	0	0	0	8	18	0	0	18	11	0	0	0	28	0	0	34	0	0	18	30	18	0	23	0	0
0	0	0	0	0	0	0	0	0	0	0	0	0	0	0	4	13	0	0	0	0	0	4	4	0	0	0	4	0	0	0	0	0	0	0	0	0	0	0	0	0	0	0	0	19	0	4	0	0	0	0	0	0	0	0	0	0	0	0	0	0	0	0	0	0	0	0	0	0	0	0	0	0	0	0
0	0	0	0	0	0	0	0	0	0	0	0	0	0	0	0	10	0	0	0	0	0	0	0	0	0	0	0	0	0	0	0	0	0	0	0	0	0	0	0	0	0	0	0	16	0	0	0	0	0	0	0	0	0	0	0	0	0	0	0	0	0	0	0	0	0	0	0	0	0	0	0	0	0	0
0	0	0	0	0	0	0	0	0	0	0	0	0	0	0	0	0	0	0	0	0	0	0	0	0	0	0	0	0	0	0	0	0	0	0	0	0	0	0	0	0	0	0	0	8	0	0	0	0	0	0	0	0	0	0	0	0	0	0	0	0	0	0	0	0	0	0	0	0	0	0	0	0	0	0
0	0	6	0	0	0	0	0	0	0	0	0	0	0	6	10	18	0	0	0	0	0	10	10	6	0	0	10	0	0	0	0	0	0	0	0	0	0	0	0	0	0	0	0	23	0	10	0	0	0	0	0	0	0	0	0	0	0	0	0	0	0	0	0	0	0	0	0	0	0	0	0	0	0	0
0	0	23	0	0	0	0	0	0	0	0	0	0	0	23	26	31	19	0	0	0	0	26	26	23	0	0	26	0	0	0	11	0	0	18	0	0	0	0	0	18	0	0	0	35	11	26	0	18	0	0	0	0	0	0	0	0	0	0	0	0	0	8	0	0	18	0	0	0	11	0	0	0	0	0
0	4	26	0	0	0	0	0	0	0	0	0	4	0	26	28	33	22	4	0	0	0	28	28	26	0	4	28	0	0	0	15	0	0	20	0	0	0	0	0	20	0	0	0	37	15	28	0	20	0	0	0	0	0	0	0	0	0	0	0	0	0	11	0	0	20	0	0	0	15	0	0	4	0	0
0	8	28	0	0	0	0	0	0	0	0	0	8	0	28	30	35	24	8	4	0	0	30	30	28	0	8	30	0	0	0	18	0	0	23	0	0	0	0	0	23	0	0	0	39	18	30	0	23	0	0	0	0	0	0	0	0	0	0	0	0	0	15	0	0	23	0	0	0	18	0	0	8	0	0
0	8	28	0	0	0	0	0	0	0	0	0	8	0	28	30	35	24	8	4	0	0	30	30	28	0	8	30	0	0	0	18	0	0	23	0	0	0	0	0	23	0	0	0	39	18	30	0	23	0	0	0	0	0	0	0	0	0	0	0	0	0	15	0	0	23	0	0	0	18	0	0	8	0	0
0	0	0	0	0	0	0	0	0	0	0	0	0	0	0	0	10	0	0	0	0	0	0	0	0	0	0	0	0	0	0	0	0	0	0	0	0	0	0	0	0	0	0	0	16	0	0	0	0	0	0	0	0	0	0	0	0	0	0	0	0	0	0	0	0	0	0	0	0	0	0	0	0	0	0
0	0	0	0	0	0	0	0	0	0	0	0	0	0	0	0	10	0	0	0	0	0	0	0	0	0	0	0	0	0	0	0	0	0	0	0	0	0	0	0	0	0	0	0	16	0	0	0	0	0	0	0	0	0	0	0	0	0	0	0	0	0	0	0	0	0	0	0	0	0	0	0	0	0	0
0	0	0	0	0	0	0	0	0	0	0	0	0	0	0	4	13	0	0	0	0	0	4	4	0	0	0	4	0	0	0	0	0	0	0	0	0	0	0	0	0	0	0	0	19	0	4	0	0	0	0	0	0	0	0	0	0	0	0	0	0	0	0	0	0	0	0	0	0	0	0	0	0	0	0
0	34	46	0	26	0	0	23	30	8	30	30	34	18	46	48	51	44	34	32	30	30	48	48	46	0	34	48	26	0	0	40	20	4	43	0	30	0	30	0	43	0	30	0	54	40	48	18	43	30	0	18	0	23	30	18	0	30	26	0	15	18	38	0	0	43	18	18	30	40	30	0	34	15	0
0	0	23	0	0	0	0	0	0	0	0	0	0	0	23	26	31	19	0	0	0	0	26	26	23	0	0	26	0	0	0	11	0	0	18	0	0	0	0	0	18	0	0	0	35	11	26	0	18	0	0	0	0	0	0	0	0	0	0	0	0	0	8	0	0	18	0	0	0	11	0	0	0	0	0
0	0	0	0	0	0	0	0	0	0	0	0	0	0	0	0	10	0	0	0	0	0	0	0	0	0	0	0	0	0	0	0	0	0	0	0	0	0	0	0	0	0	0	0	16	0	0	0	0	0	0	0	0	0	0	0	0	0	0	0	0	0	0	0	0	0	0	0	0	0	0	0	0	0	0
0	15	32	0	0	0	0	0	8	0	8	8	15	0	32	34	39	28	15	11	8	8	34	34	32	0	15	34	0	0	0	23	0	0	28	0	8	0	8	0	28	0	8	0	42	23	34	0	28	8	0	0	0	0	8	0	0	8	0	0	0	0	20	0	0	28	0	0	8	23	8	0	15	0	0
64	78	83	69	75	0	69	74	77	70	77	77	78	73	83	84	85	82	78	77	77	77	84	84	83	69	78	84	75	0	64	80	74	69	82	0	77	69	77	64	82	64	77	59	86	80	84	73	82	77	69	73	48	74	77	73	0	77	75	64	72	73	80	65	69	82	73	73	77	80	77	0	78	72	54
1	43	53	18	36	0	18	34	40	23	40	40	43	30	53	54	56	51	43	41	40	40	54	54	53	18	43	54	36	0	0	48	32	20	51	0	40	18	40	0	51	0	40	0	60	48	54	30	51	40	18	30	0	34	40	30	0	40	36	0	28	30	46	4	18	51	30	30	40	48	40	0	43	28	0
0	0	15	0	0	0	0	0	0	0	0	0	0	0	15	18	24	10	0	0	0	0	18	18	15	0	0	18	0	0	0	0	0	0	8	0	0	0	0	0	8	0	0	0	28	0	18	0	8	0	0	0	0	0	0	0	0	0	0	0	0	0	0	0	0	8	0	0	0	0	0	0	0	0	0
0	20	36	0	8	0	0	4	15	0	15	15	20	0	36	38	42	33	20	18	15	15	38	38	36	0	20	38	8	0	0	28	0	0	32	0	15	0	15	0	32	0	15	0	45	28	38	0	32	15	0	0	0	4	15	0	0	15	8	0	0	0	26	0	0	32	0	0	15	28	15	0	20	0	0
0	32	45	0	23	0	0	20	28	4	28	28	32	15	45	46	50	42	32	30	28	28	46	46	45	0	32	46	23	0	0	38	18	0	41	0	28	0	28	0	41	0	28	0	53	38	46	15	41	28	0	15	0	20	28	15	0	28	23	0	11	15	36	0	0	41	15	15	28	38	28	0	32	11	0
0	0	8	0	0	0	0	0	0	0	0	0	0	0	8	11	19	2	0	0	0	0	11	11	8	0	0	11	0	0	0	0	0	0	0	0	0	0	0	0	0	0	0	0	24	0	11	0	0	0	0	0	0	0	0	0	0	0	0	0	0	0	0	0	0	0	0	0	0	0	0	0	0	0	0
96	104	106	99	102	0	99	102	103	100	103	103	104	101	106	107	108	106	104	103	103	103	107	107	106	99	104	107	102	77	96	105	101	99	106	0	103	99	103	96	106	96	103	94	108	105	107	101	106	103	99	101	90	102	103	101	23	103	102	96	100	101	105	97	99	106	101	101	103	105	103	0	104	100	92
0	8	28	0	0	0	0	0	0	0	0	0	8	0	28	30	35	24	8	4	0	0	30	30	28	0	8	30	0	0	0	18	0	0	23	0	0	0	0	0	23	0	0	0	39	18	30	0	23	0	0	0	0	0	0	0	0	0	0	0	0	0	15	0	0	23	0	0	0	18	0	0	8	0	0
0	34	46	0	26	0	0	23	30	8	30	30	34	18	46	48	51	44	34	32	30	30	48	48	46	0	34	48	26	0	0	40	20	4	43	0	30	0	30	0	43	0	30	0	54	40	48	18	43	30	0	18	0	23	30	18	0	30	26	0	15	18	38	0	0	43	18	18	30	40	30	0	34	15	0
0	8	28	0	0	0	0	0	0	0	0	0	8	0	28	30	35	24	8	4	0	0	30	30	28	0	8	30	0	0	0	18	0	0	23	0	0	0	0	0	23	0	0	0	39	18	30	0	23	0	0	0	0	0	0	0	0	0	0	0	0	0	15	0	0	23	0	0	0	18	0	0	8	0	0
1	43	53	18	36	0	18	34	40	23	40	40	43	30	53	54	56	51	43	41	40	40	54	54	53	18	43	54	36	0	0	48	32	20	51	0	40	18	40	0	51	0	40	0	60	48	54	30	51	40	18	30	0	34	40	30	0	40	36	0	28	30	46	4	18	51	30	30	40	48	40	0	43	28	0
0	0	8	0	0	0	0	0	0	0	0	0	0	0	8	11	19	2	0	0	0	0	11	11	8	0	0	11	0	0	0	0	0	0	0	0	0	0	0	0	0	0	0	0	24	0	11	0	0	0	0	0	0	0	0	0	0	0	0	0	0	0	0	0	0	0	0	0	0	0	0	0	0	0	0
1	43	53	18	36	0	18	34	40	23	40	40	43	30	53	54	56	51	43	41	40	40	54	54	53	18	43	54	36	0	0	48	32	20	51	0	40	18	40	0	51	0	40	0	60	48	54	30	51	40	18	30	0	34	40	30	0	40	36	0	28	30	46	4	18	51	30	30	40	48	40	0	43	28	0
0	8	28	0	0	0	0	0	0	0	0	0	8	0	28	30	35	24	8	4	0	0	30	30	28	0	8	30	0	0	0	18	0	0	23	0	0	0	0	0	23	0	0	0	39	18	30	0	23	0	0	0	0	0	0	0	0	0	0	0	0	0	15	0	0	23	0	0	0	18	0	0	8	0	0
18	51	59	30	45	0	30	43	48	34	48	48	51	40	59	60	63	56	51	49	48	48	60	60	59	30	51	60	45	0	18	54	41	32	56	0	48	30	48	18	56	18	48	0	65	54	60	40	56	48	30	40	0	43	48	40	0	48	45	18	38	40	53	20	30	56	40	40	48	54	48	0	51	38	0
0	0	0	0	0	0	0	0	0	0	0	0	0	0	0	0	0	0	0	0	0	0	0	0	0	0	0	0	0	0	0	0	0	0	0	0	0	0	0	0	0	0	0	0	0	0	0	0	0	0	0	0	0	0	0	0	0	0	0	0	0	0	0	0	0	0	0	0	0	0	0	0	0	0	0
0	0	15	0	0	0	0	0	0	0	0	0	0	0	15	18	24	10	0	0	0	0	18	18	15	0	0	18	0	0	0	0	0	0	8	0	0	0	0	0	8	0	0	0	28	0	18	0	8	0	0	0	0	0	0	0	0	0	0	0	0	0	0	0	0	8	0	0	0	0	0	0	0	0	0
0	0	0	0	0	0	0	0	0	0	0	0	0	0	0	0	10	0	0	0	0	0	0	0	0	0	0	0	0	0	0	0	0	0	0	0	0	0	0	0	0	0	0	0	16	0	0	0	0	0	0	0	0	0	0	0	0	0	0	0	0	0	0	0	0	0	0	0	0	0	0	0	0	0	0
0	23	38	0	11	0	0	8	18	0	18	18	23	0	38	40	44	35	23	20	18	18	40	40	38	0	23	40	11	0	0	30	4	0	34	0	18	0	18	0	34	0	18	0	47	30	40	0	34	18	0	0	0	8	18	0	0	18	11	0	0	0	28	0	0	34	0	0	18	30	18	0	23	0	0
0	0	8	0	0	0	0	0	0	0	0	0	0	0	8	11	19	2	0	0	0	0	11	11	8	0	0	11	0	0	0	0	0	0	0	0	0	0	0	0	0	0	0	0	24	0	11	0	0	0	0	0	0	0	0	0	0	0	0	0	0	0	0	0	0	0	0	0	0	0	0	0	0	0	0
0	8	28	0	0	0	0	0	0	0	0	0	8	0	28	30	35	24	8	4	0	0	30	30	28	0	8	30	0	0	0	18	0	0	23	0	0	0	0	0	23	0	0	0	39	18	30	0	23	0	0	0	0	0	0	0	0	0	0	0	0	0	15	0	0	23	0	0	0	18	0	0	8	0	0
0	34	46	0	26	0	0	23	30	8	30	30	34	18	46	48	51	44	34	32	30	30	48	48	46	0	34	48	26	0	0	40	20	4	43	0	30	0	30	0	43	0	30	0	54	40	48	18	43	30	0	18	0	23	30	18	0	30	26	0	15	18	38	0	0	43	18	18	30	40	30	0	34	15	0
0	23	38	0	11	0	0	8	18	0	18	18	23	0	38	40	44	35	23	20	18	18	40	40	38	0	23	40	11	0	0	30	4	0	34	0	18	0	18	0	34	0	18	0	47	30	40	0	34	18	0	0	0	8	18	0	0	18	11	0	0	0	28	0	0	34	0	0	18	30	18	0	23	0	0
37	60	67	45	56	0	45	54	57	48	57	57	60	52	67	68	70	66	60	59	57	57	68	68	67	45	60	68	56	0	36	63	53	46	65	0	57	45	57	36	65	36	57	26	72	63	68	52	65	57	45	52	0	54	57	52	0	57	56	36	51	52	62	38	45	65	52	52	57	63	57	0	60	51	15
0	18	34	0	4	0	0	0	11	0	11	11	18	0	34	36	41	31	18	15	11	11	36	36	34	0	18	36	4	0	0	26	0	0	30	0	11	0	11	0	30	0	11	0	44	26	36	0	30	11	0	0	0	0	11	0	0	11	4	0	0	0	23	0	0	30	0	0	11	26	11	0	18	0	0
0	8	28	0	0	0	0	0	0	0	0	0	8	0	28	30	35	24	8	4	0	0	30	30	28	0	8	30	0	0	0	18	0	0	23	0	0	0	0	0	23	0	0	0	39	18	30	0	23	0	0	0	0	0	0	0	0	0	0	0	0	0	15	0	0	23	0	0	0	18	0	0	8	0	0
0	23	38	0	11	0	0	8	18	0	18	18	23	0	38	40	44	35	23	20	18	18	40	40	38	0	23	40	11	0	0	30	4	0	34	0	18	0	18	0	34	0	18	0	47	30	40	0	34	18	0	0	0	8	18	0	0	18	11	0	0	0	28	0	0	34	0	0	18	30	18	0	23	0	0
93	101	104	95	99	0	95	99	100	96	100	100	101	98	104	104	105	103	101	100	100	100	104	104	104	95	101	104	99	71	93	102	98	96	103	0	100	95	100	93	103	93	100	90	106	102	104	98	103	100	95	98	86	99	100	98	0	100	99	93	97	98	102	93	95	103	98	98	100	102	100	0	101	97	88
0	8	28	0	0	0	0	0	0	0	0	0	8	0	28	30	35	24	8	4	0	0	30	30	28	0	8	30	0	0	0	18	0	0	23	0	0	0	0	0	23	0	0	0	39	18	30	0	23	0	0	0	0	0	0	0	0	0	0	0	0	0	15	0	0	23	0	0	0	18	0	0	8	0	0
0	15	32	0	0	0	0	0	8	0	8	8	15	0	32	34	39	28	15	11	8	8	34	34	32	0	15	34	0	0	0	23	0	0	28	0	8	0	8	0	28	0	8	0	42	23	34	0	28	8	0	0	0	0	8	0	0	8	0	0	0	0	20	0	0	28	0	0	8	23	8	0	15	0	0
1	43	53	18	36	0	18	34	40	23	40	40	43	30	53	54	56	51	43	41	40	40	54	54	53	18	43	54	36	0	0	48	32	20	51	0	40	18	40	0	51	0	40	0	60	48	54	30	51	40	18	30	0	34	40	30	0	40	36	0	28	30	46	4	18	51	30	30	40	48	40	0	43	28	0
0	26	40	0	15	0	0	11	20	0	20	20	26	4	40	41	45	37	26	23	20	20	41	41	40	0	26	41	15	0	0	32	8	0	36	0	20	0	20	0	36	0	20	0	48	32	41	4	36	20	0	4	0	11	20	4	0	20	15	0	0	4	30	0	0	36	4	4	20	32	20	0	26	0	0
0	23	38	0	11	0	0	8	18	0	18	18	23	0	38	40	44	35	23	20	18	18	40	40	38	0	23	40	11	0	0	30	4	0	34	0	18	0	18	0	34	0	18	0	47	30	40	0	34	18	0	0	0	8	18	0	0	18	11	0	0	0	28	0	0	34	0	0	18	30	18	0	23	0	0
0	0	18	0	0	0	0	0	0	0	0	0	0	0	18	20	27	13	0	0	0	0	20	20	18	0	0	20	0	0	0	4	0	0	11	0	0	0	0	0	11	0	0	0	31	4	20	0	11	0	0	0	0	0	0	0	0	0	0	0	0	0	0	0	0	11	0	0	0	4	0	0	0	0	0
0	41	52	15	34	0	15	32	38	20	38	38	41	28	52	53	56	50	41	40	38	38	53	53	52	15	41	53	34	0	0	46	30	18	49	0	38	15	38	0	49	0	38	0	59	46	53	28	49	38	15	28	0	32	38	28	0	38	34	0	26	28	45	0	15	49	28	28	38	46	38	0	41	26	0
0	34	46	0	26	0	0	23	30	8	30	30	34	18	46	48	51	44	34	32	30	30	48	48	46	0	34	48	26	0	0	40	20	4	43	0	30	0	30	0	43	0	30	0	54	40	48	18	43	30	0	18	0	23	30	18	0	30	26	0	15	18	38	0	0	43	18	18	30	40	30	0	34	15	0
0	0	8	0	0	0	0	0	0	0	0	0	0	0	8	11	19	2	0	0	0	0	11	11	8	0	0	11	0	0	0	0	0	0	0	0	0	0	0	0	0	0	0	0	24	0	11	0	0	0	0	0	0	0	0	0	0	0	0	0	0	0	0	0	0	0	0	0	0	0	0	0	0	0	0
0	23	38	0	11	0	0	8	18	0	18	18	23	0	38	40	44	35	23	20	18	18	40	40	38	0	23	40	11	0	0	30	4	0	34	0	18	0	18	0	34	0	18	0	47	30	40	0	34	18	0	0	0	8	18	0	0	18	11	0	0	0	28	0	0	34	0	0	18	30	18	0	23	0	0
0	23	38	0	11	0	0	8	18	0	18	18	23	0	38	40	44	35	23	20	18	18	40	40	38	0	23	40	11	0	0	30	4	0	34	0	18	0	18	0	34	0	18	0	47	30	40	0	34	18	0	0	0	8	18	0	0	18	11	0	0	0	28	0	0	34	0	0	18	30	18	0	23	0	0
0	8	28	0	0	0	0	0	0	0	0	0	8	0	28	30	35	24	8	4	0	0	30	30	28	0	8	30	0	0	0	18	0	0	23	0	0	0	0	0	23	0	0	0	39	18	30	0	23	0	0	0	0	0	0	0	0	0	0	0	0	0	15	0	0	23	0	0	0	18	0	0	8	0	0
0	0	15	0	0	0	0	0	0	0	0	0	0	0	15	18	24	10	0	0	0	0	18	18	15	0	0	18	0	0	0	0	0	0	8	0	0	0	0	0	8	0	0	0	28	0	18	0	8	0	0	0	0	0	0	0	0	0	0	0	0	0	0	0	0	8	0	0	0	0	0	0	0	0	0
0	8	28	0	0	0	0	0	0	0	0	0	8	0	28	30	35	24	8	4	0	0	30	30	28	0	8	30	0	0	0	18	0	0	23	0	0	0	0	0	23	0	0	0	39	18	30	0	23	0	0	0	0	0	0	0	0	0	0	0	0	0	15	0	0	23	0	0	0	18	0	0	8	0	0
96	104	106	99	102	0	99	102	103	100	103	103	104	101	106	107	108	106	104	103	103	103	107	107	106	99	104	107	102	77	96	105	101	99	106	0	103	99	103	96	106	96	103	94	108	105	107	101	106	103	99	101	90	102	103	101	23	103	102	96	100	101	105	97	99	106	101	101	103	105	103	0	104	100	92
0	0	23	0	0	0	0	0	0	0	0	0	0	0	23	26	31	19	0	0	0	0	26	26	23	0	0	26	0	0	0	11	0	0	18	0	0	0	0	0	18	0	0	0	35	11	26	0	18	0	0	0	0	0	0	0	0	0	0	0	0	0	8	0	0	18	0	0	0	11	0	0	0	0	0
0	26	40	0	15	0	0	11	20	0	20	20	26	4	40	41	45	37	26	23	20	20	41	41	40	0	26	41	15	0	0	32	8	0	36	0	20	0	20	0	36	0	20	0	48	32	41	4	36	20	0	4	0	11	20	4	0	20	15	0	0	4	30	0	0	36	4	4	20	32	20	0	26	0	0
28	56	63	38	51	0	38	49	53	41	53	53	56	46	63	64	67	62	56	54	53	53	64	64	63	38	56	64	51	0	28	59	48	40	61	0	53	38	53	28	61	28	53	15	69	59	64	46	61	53	38	46	0	49	53	46	0	53	51	28	45	46	57	30	38	61	46	46	53	59	53	0	56	45	0