1685 1532 1533 1685 1690 1620 1705 1616 1609 1651 1592 1530 1681 1361 1460 1445 1445 1683 1669 1530 1689 1652 1504 1687 1645 1706 1682 1622 1630 1489 1396 1671 1576 1618 1564 1690 1682 1528 1676 1702 1530 1609 1695 1706 1636 1621 1700 1656 1687 1580 1684 1697 1395 1539 1613 1690 1465 1704 1678 1683 1701 1655 1704 1277 1472 1396 1680 1690 1704 1703 1700 1644 1671 1696 1671

72

2669 3250 3244 2669 2651 2914 2595 2932 2956 2798 3023 3257 2685 3898 3524 3579 3580 2676 2729 3257 2654 2794 3356 2662 2822 2589 2682 2906 2877 3414 3763 2723 3082 2924 3129 2651 2681 3263 2703 2604 3257 2956 2631 2591 2856 2911 2613 2778 2662 3068 2672 2623 3768 3223 2944 2651 3502 2599 2695 2678 2610 2783 2599 4215 3475 3763 2687 2650 2597 2601 2611 2823 2723 2628 2722

23.99986247399979 15.999406514752089 13.999974434323281 46.000691264210545

28682.0

0	39500	40700	0	23200	32200	12200	32800	0	28600	35300	41200	0	0	0	0	0	0	26100	41200	22600	0	0	23600	0	11600	24400	0	31200	44400	51200	0	0	0	0	23200	0	0	0	18900	41200	0	21500	11200	0	32200	6200	27900	23600	36500	0	21100	51200	40400	0	22900	46200	18200	0	0	19800	0	8900	0	0	51200	0	23200	12700	18000	19800	0	0	20500	0
0	0	1200	0	0	0	0	0	0	0	0	1700	0	0	0	0	0	0	0	1700	0	0	0	0	0	0	0	0	0	4900	11700	0	0	0	0	0	0	0	0	0	1700	0	0	0	0	0	0	0	0	0	0	0	11700	900	0	0	6700	0	0	0	0	0	0	0	0	11700	0	0	0	0	0	0	0	0	0
0	0	0	0	0	0	0	0	0	0	0	500	0	0	0	0	0	0	0	500	0	0	0	0	0	0	0	0	0	3700	10500	0	0	0	0	0	0	0	0	0	500	0	0	0	0	0	0	0	0	0	0	0	10500	0	0	0	5500	0	0	0	0	0	0	0	0	10500	0	0	0	0	0	0	0	0	0
0	39500	40700	0	23200	32200	12200	32800	0	28600	35300	41200	0	0	0	0	0	0	26100	41200	22600	0	0	23600	0	11600	24400	0	31200	44400	51200	0	0	0	0	23200	0	0	0	18900	41200	0	21500	11200	0	32200	6200	27900	23600	36500	0	21100	51200	40400	0	22900	46200	18200	0	0	19800	0	8900	0	0	51200	0	23200	12700	18000	19800	0	0	20500	0
0	16300	17500	0	0	9000	0	9600	0	5400	12100	18000	0	0	0	0	0	0	2900	18000	0	0	0	400	0	0	1200	0	8000	21200	28000	0	0	0	0	0	0	0	0	0	18000	0	0	0	0	9000	0	4700	400	13300	0	0	28000	17200	0	0	23000	0	0	0	0	0	0	0	0	28000	0	0	0	0	0	0	0	0	0
0	7300	8500	0	0	0	0	600	0	0	3100	9000	0	0	0	0	0	0	0	9000	0	0	0	0	0	0	0	0	0	12200	19000	0	0	0	0	0	0	0	0	0	9000	0	0	0	0	0	0	0	0	4300	0	0	19000	8200	0	0	14000	0	0	0	0	0	0	0	0	19000	0	0	0	0	0	0	0	0	0
0	27300	28500	0	11000	20000	0	20600	0	16400	23100	29000	0	0	0	0	0	0	13900	29000	10400	0	0	11400	0	0	12200	0	19000	32200	39000	0	0	0	0	11000	0	0	0	6700	29000	0	9300	0	0	20000	0	15700	11400	24300	0	8900	39000	28200	0	10700	34000	6000	0	0	7600	0	0	0	0	39000	0	11000	500	5800	7600	0	0	8300	0
0	6700	7900	0	0	0	0	0	0	0	2500	8400	0	0	0	0	0	0	0	8400	0	0	0	0	0	0	0	0	0	11600	18400	0	0	0	0	0	0	0	0	0	8400	0	0	0	0	0	0	0	0	3700	0	0	18400	7600	0	0	13400	0	0	0	0	0	0	0	0	18400	0	0	0	0	0	0	0	0	0
12200	51700	52900	12200	35400	44400	24400	45000	0	40800	47500	53400	9400	0	0	0	0	9900	38300	53400	34800	4900	0	35800	3900	23800	36600	1400	43400	56600	63400	7500	0	900	0	35400	9600	0	8400	31100	53400	0	33700	23400	2900	44400	18400	40100	35800	48700	10400	33300	63400	52600	400	35100	58400	30400	8900	9900	32000	5400	21100	0	0	63400	9400	35400	24900	30200	32000	3900	7900	32700	7900
0	10900	12100	0	0	3600	0	4200	0	0	6700	12600	0	0	0	0	0	0	0	12600	0	0	0	0	0	0	0	0	2600	15800	22600	0	0	0	0	0	0	0	0	0	12600	0	0	0	0	3600	0	0	0	7900	0	0	22600	11800	0	0	17600	0	0	0	0	0	0	0	0	22600	0	0	0	0	0	0	0	0	0
0	4200	5400	0	0	0	0	0	0	0	0	5900	0	0	0	0	0	0	0	5900	0	0	0	0	0	0	0	0	0	9100	15900	0	0	0	0	0	0	0	0	0	5900	0	0	0	0	0	0	0	0	1200	0	0	15900	5100	0	0	10900	0	0	0	0	0	0	0	0	15900	0	0	0	0	0	0	0	0	0
0	0	0	0	0	0	0	0	0	0	0	0	0	0	0	0	0	0	0	0	0	0	0	0	0	0	0	0	0	3200	10000	0	0	0	0	0	0	0	0	0	0	0	0	0	0	0	0	0	0	0	0	0	10000	0	0	0	5000	0	0	0	0	0	0	0	0	10000	0	0	0	0	0	0	0	0	0
2800	42300	43500	2800	26000	35000	15000	35600	0	31400	38100	44000	0	0	0	0	0	500	28900	44000	25400	0	0	26400	0	14400	27200	0	34000	47200	54000	0	0	0	0	26000	200	0	0	21700	44000	0	24300	14000	0	35000	9000	30700	26400	39300	1000	23900	54000	43200	0	25700	49000	21000	0	500	22600	0	11700	0	0	54000	0	26000	15500	20800	22600	0	0	23300	0
32000	71500	72700	32000	55200	64200	44200	64800	19800	60600	67300	73200	29200	0	7100	6000	6000	29700	58100	73200	54600	24700	10600	55600	23700	43600	56400	21200	63200	76400	83200	27300	16800	20700	15700	55200	29400	12700	28200	50900	73200	19800	53500	43200	22700	64200	38200	59900	55600	68500	30200	53100	83200	72400	20200	54900	78200	50200	28700	29700	51800	25200	40900	0	8300	83200	29200	55200	44700	50000	51800	23700	27700	52500	27700
24900	64400	65600	24900	48100	57100	37100	57700	12700	53500	60200	66100	22100	0	0	0	0	22600	51000	66100	47500	17600	3500	48500	16600	36500	49300	14100	56100	69300	76100	20200	9700	13600	8600	48100	22300	5600	21100	43800	66100	12700	46400	36100	15600	57100	31100	52800	48500	61400	23100	46000	76100	65300	13100	47800	71100	43100	21600	22600	44700	18100	33800	0	1200	76100	22100	48100	37600	42900	44700	16600	20600	45400	20600
26000	65500	66700	26000	49200	58200	38200	58800	13800	54600	61300	67200	23200	0	1100	0	0	23700	52100	67200	48600	18700	4600	49600	17700	37600	50400	15200	57200	70400	77200	21300	10800	14700	9700	49200	23400	6700	22200	44900	67200	13800	47500	37200	16700	58200	32200	53900	49600	62500	24200	47100	77200	66400	14200	48900	72200	44200	22700	23700	45800	19200	34900	0	2300	77200	23200	49200	38700	44000	45800	17700	21700	46500	21700
26000	65500	66700	26000	49200	58200	38200	58800	13800	54600	61300	67200	23200	0	1100	0	0	23700	52100	67200	48600	18700	4600	49600	17700	37600	50400	15200	57200	70400	77200	21300	10800	14700	9700	49200	23400	6700	22200	44900	67200	13800	47500	37200	16700	58200	32200	53900	49600	62500	24200	47100	77200	66400	14200	48900	72200	44200	22700	23700	45800	19200	34900	0	2300	77200	23200	49200	38700	44000	45800	17700	21700	46500	21700
2300	41800	43000	2300	25500	34500	14500	35100	0	30900	37600	43500	0	0	0	0	0	0	28400	43500	24900	0	0	25900	0	13900	26700	0	33500	46700	53500	0	0	0	0	25500	0	0	0	21200	43500	0	23800	13500	0	34500	8500	30200	25900	38800	500	23400	53500	42700	0	25200	48500	20500	0	0	22100	0	11200	0	0	53500	0	25500	15000	20300	22100	0	0	22800	0
0	13400	14600	0	0	6100	0	6700	0	2500	9200	15100	0	0	0	0	0	0	0	15100	0	0	0	0	0	0	0	0	5100	18300	25100	0	0	0	0	0	0	0	0	0	15100	0	0	0	0	6100	0	1800	0	10400	0	0	25100	14300	0	0	20100	0	0	0	0	0	0	0	0	25100	0	0	0	0	0	0	0	0	0
0	0	0	0	0	0	0	0	0	0	0	0	0	0	0	0	0	0	0	0	0	0	0	0	0	0	0	0	0	3200	10000	0	0	0	0	0	0	0	0	0	0	0	0	0	0	0	0	0	0	0	0	0	10000	0	0	0	5000	0	0	0	0	0	0	0	0	10000	0	0	0	0	0	0	0	0	0
0	16900	18100	0	600	9600	0	10200	0	6000	12700	18600	0	0	0	0	0	0	3500	18600	0	0	0	1000	0	0	1800	0	8600	21800	28600	0	0	0	0	600	0	0	0	0	18600	0	0	0	0	9600	0	5300	1000	13900	0	0	28600	17800	0	300	23600	0	0	0	0	0	0	0	0	28600	0	600	0	0	0	0	0	0	0
7300	46800	48000	7300	30500	39500	19500	40100	0	35900	42600	48500	4500	0	0	0	0	5000	33400	48500	29900	0	0	30900	0	18900	31700	0	38500	51700	58500	2600	0	0	0	30500	4700	0	3500	26200	48500	0	28800	18500	0	39500	13500	35200	30900	43800	5500	28400	58500	47700	0	30200	53500	25500	4000	5000	27100	500	16200	0	0	58500	4500	30500	20000	25300	27100	0	3000	27800	3000
21400	60900	62100	21400	44600	53600	33600	54200	9200	50000	56700	62600	18600	0	0	0	0	19100	47500	62600	44000	14100	0	45000	13100	33000	45800	10600	52600	65800	72600	16700	6200	10100	5100	44600	18800	2100	17600	40300	62600	9200	42900	32600	12100	53600	27600	49300	45000	57900	19600	42500	72600	61800	9600	44300	67600	39600	18100	19100	41200	14600	30300	0	0	72600	18600	44600	34100	39400	41200	13100	17100	41900	17100
0	15900	17100	0	0	8600	0	9200	0	5000	11700	17600	0	0	0	0	0	0	2500	17600	0	0	0	0	0	0	800	0	7600	20800	27600	0	0	0	0	0	0	0	0	0	17600	0	0	0	0	8600	0	4300	0	12900	0	0	27600	16800	0	0	22600	0	0	0	0	0	0	0	0	27600	0	0	0	0	0	0	0	0	0
8300	47800	49000	8300	31500	40500	20500	41100	0	36900	43600	49500	5500	0	0	0	0	6000	34400	49500	30900	1000	0	31900	0	19900	32700	0	39500	52700	59500	3600	0	0	0	31500	5700	0	4500	27200	49500	0	29800	19500	0	40500	14500	36200	31900	44800	6500	29400	59500	48700	0	31200	54500	26500	5000	6000	28100	1500	17200	0	0	59500	5500	31500	21000	26300	28100	0	4000	28800	4000
0	27900	29100	0	11600	20600	600	21200	0	17000	23700	29600	0	0	0	0	0	0	14500	29600	11000	0	0	12000	0	0	12800	0	19600	32800	39600	0	0	0	0	11600	0	0	0	7300	29600	0	9900	0	0	20600	0	16300	12000	24900	0	9500	39600	28800	0	11300	34600	6600	0	0	8200	0	0	0	0	39600	0	11600	1100	6400	8200	0	0	8900	0
0	15100	16300	0	0	7800	0	8400	0	4200	10900	16800	0	0	0	0	0	0	1700	16800	0	0	0	0	0	0	0	0	6800	20000	26800	0	0	0	0	0	0	0	0	0	16800	0	0	0	0	7800	0	3500	0	12100	0	0	26800	16000	0	0	21800	0	0	0	0	0	0	0	0	26800	0	0	0	0	0	0	0	0	0
10800	50300	51500	10800	34000	43000	23000	43600	0	39400	46100	52000	8000	0	0	0	0	8500	36900	52000	33400	3500	0	34400	2500	22400	35200	0	42000	55200	62000	6100	0	0	0	34000	8200	0	7000	29700	52000	0	32300	22000	1500	43000	17000	38700	34400	47300	9000	31900	62000	51200	0	33700	57000	29000	7500	8500	30600	4000	19700	0	0	62000	8000	34000	23500	28800	30600	2500	6500	31300	6500
0	8300	9500	0	0	1000	0	1600	0	0	4100	10000	0	0	0	0	0	0	0	10000	0	0	0	0	0	0	0	0	0	13200	20000	0	0	0	0	0	0	0	0	0	10000	0	0	0	0	1000	0	0	0	5300	0	0	20000	9200	0	0	15000	0	0	0	0	0	0	0	0	20000	0	0	0	0	0	0	0	0	0
0	0	0	0	0	0	0	0	0	0	0	0	0	0	0	0	0	0	0	0	0	0	0	0	0	0	0	0	0	0	6800	0	0	0	0	0	0	0	0	0	0	0	0	0	0	0	0	0	0	0	0	0	6800	0	0	0	1800	0	0	0	0	0	0	0	0	6800	0	0	0	0	0	0	0	0	0
0	0	0	0	0	0	0	0	0	0	0	0	0	0	0	0	0	0	0	0	0	0	0	0	0	0	0	0	0	0	0	0	0	0	0	0	0	0	0	0	0	0	0	0	0	0	0	0	0	0	0	0	0	0	0	0	0	0	0	0	0	0	0	0	0	0	0	0	0	0	0	0	0	0	0
4700	44200	45400	4700	27900	36900	16900	37500	0	33300	40000	45900	1900	0	0	0	0	2400	30800	45900	27300	0	0	28300	0	16300	29100	0	35900	49100	55900	0	0	0	0	27900	2100	0	900	23600	45900	0	26200	15900	0	36900	10900	32600	28300	41200	2900	25800	55900	45100	0	27600	50900	22900	1400	2400	24500	0	13600	0	0	55900	1900	27900	17400	22700	24500	0	400	25200	400
15200	54700	55900	15200	38400	47400	27400	48000	3000	43800	50500	56400	12400	0	0	0	0	12900	41300	56400	37800	7900	0	38800	6900	26800	39600	4400	46400	59600	66400	10500	0	3900	0	38400	12600	0	11400	34100	56400	3000	36700	26400	5900	47400	21400	43100	38800	51700	13400	36300	66400	55600	3400	38100	61400	33400	11900	12900	35000	8400	24100	0	0	66400	12400	38400	27900	33200	35000	6900	10900	35700	10900
11300	50800	52000	11300	34500	43500	23500	44100	0	39900	46600	52500	8500	0	0	0	0	9000	37400	52500	33900	4000	0	34900	3000	22900	35700	500	42500	55700	62500	6600	0	0	0	34500	8700	0	7500	30200	52500	0	32800	22500	2000	43500	17500	39200	34900	47800	9500	32400	62500	51700	0	34200	57500	29500	8000	9000	31100	4500	20200	0	0	62500	8500	34500	24000	29300	31100	3000	7000	31800	7000
16300	55800	57000	16300	39500	48500	28500	49100	4100	44900	51600	57500	13500	0	0	0	0	14000	42400	57500	38900	9000	0	39900	8000	27900	40700	5500	47500	60700	67500	11600	1100	5000	0	39500	13700	0	12500	35200	57500	4100	37800	27500	7000	48500	22500	44200	39900	52800	14500	37400	67500	56700	4500	39200	62500	34500	13000	14000	36100	9500	25200	0	0	67500	13500	39500	29000	34300	36100	8000	12000	36800	12000
0	16300	17500	0	0	9000	0	9600	0	5400	12100	18000	0	0	0	0	0	0	2900	18000	0	0	0	400	0	0	1200	0	8000	21200	28000	0	0	0	0	0	0	0	0	0	18000	0	0	0	0	9000	0	4700	400	13300	0	0	28000	17200	0	0	23000	0	0	0	0	0	0	0	0	28000	0	0	0	0	0	0	0	0	0
2600	42100	43300	2600	25800	34800	14800	35400	0	31200	37900	43800	0	0	0	0	0	300	28700	43800	25200	0	0	26200	0	14200	27000	0	33800	47000	53800	0	0	0	0	25800	0	0	0	21500	43800	0	24100	13800	0	34800	8800	30500	26200	39100	800	23700	53800	43000	0	25500	48800	20800	0	300	22400	0	11500	0	0	53800	0	25800	15300	20600	22400	0	0	23100	0
19300	58800	60000	19300	42500	51500	31500	52100	7100	47900	54600	60500	16500	0	0	0	0	17000	45400	60500	41900	12000	0	42900	11000	30900	43700	8500	50500	63700	70500	14600	4100	8000	3000	42500	16700	0	15500	38200	60500	7100	40800	30500	10000	51500	25500	47200	42900	55800	17500	40400	70500	59700	7500	42200	65500	37500	16000	17000	39100	12500	28200	0	0	70500	16500	42500	32000	37300	39100	11000	15000	39800	15000
3800	43300	44500	3800	27000	36000	16000	36600	0	32400	39100	45000	1000	0	0	0	0	1500	29900	45000	26400	0	0	27400	0	15400	28200	0	35000	48200	55000	0	0	0	0	27000	1200	0	0	22700	45000	0	25300	15000	0	36000	10000	31700	27400	40300	2000	24900	55000	44200	0	26700	50000	22000	500	1500	23600	0	12700	0	0	55000	1000	27000	16500	21800	23600	0	0	24300	0
0	20600	21800	0	4300	13300	0	13900	0	9700	16400	22300	0	0	0	0	0	0	7200	22300	3700	0	0	4700	0	0	5500	0	12300	25500	32300	0	0	0	0	4300	0	0	0	0	22300	0	2600	0	0	13300	0	9000	4700	17600	0	2200	32300	21500	0	4000	27300	0	0	0	900	0	0	0	0	32300	0	4300	0	0	900	0	0	1600	0
0	0	0	0	0	0	0	0	0	0	0	0	0	0	0	0	0	0	0	0	0	0	0	0	0	0	0	0	0	3200	10000	0	0	0	0	0	0	0	0	0	0	0	0	0	0	0	0	0	0	0	0	0	10000	0	0	0	5000	0	0	0	0	0	0	0	0	10000	0	0	0	0	0	0	0	0	0
12200	51700	52900	12200	35400	44400	24400	45000	0	40800	47500	53400	9400	0	0	0	0	9900	38300	53400	34800	4900	0	35800	3900	23800	36600	1400	43400	56600	63400	7500	0	900	0	35400	9600	0	8400	31100	53400	0	33700	23400	2900	44400	18400	40100	35800	48700	10400	33300	63400	52600	400	35100	58400	30400	8900	9900	32000	5400	21100	0	0	63400	9400	35400	24900	30200	32000	3900	7900	32700	7900
0	18000	19200	0	1700	10700	0	11300	0	7100	13800	19700	0	0	0	0	0	0	4600	19700	1100	0	0	2100	0	0	2900	0	9700	22900	29700	0	0	0	0	1700	0	0	0	0	19700	0	0	0	0	10700	0	6400	2100	15000	0	0	29700	18900	0	1400	24700	0	0	0	0	0	0	0	0	29700	0	1700	0	0	0	0	0	0	0
0	28300	29500	0	12000	21000	1000	21600	0	17400	24100	30000	0	0	0	0	0	0	14900	30000	11400	0	0	12400	0	400	13200	0	20000	33200	40000	0	0	0	0	12000	0	0	0	7700	30000	0	10300	0	0	21000	0	16700	12400	25300	0	9900	40000	29200	0	11700	35000	7000	0	0	8600	0	0	0	0	40000	0	12000	1500	6800	8600	0	0	9300	0
9300	48800	50000	9300	32500	41500	21500	42100	0	37900	44600	50500	6500	0	0	0	0	7000	35400	50500	31900	2000	0	32900	1000	20900	33700	0	40500	53700	60500	4600	0	0	0	32500	6700	0	5500	28200	50500	0	30800	20500	0	41500	15500	37200	32900	45800	7500	30400	60500	49700	0	32200	55500	27500	6000	7000	29100	2500	18200	0	0	60500	6500	32500	22000	27300	29100	1000	5000	29800	5000
0	7300	8500	0	0	0	0	600	0	0	3100	9000	0	0	0	0	0	0	0	9000	0	0	0	0	0	0	0	0	0	12200	19000	0	0	0	0	0	0	0	0	0	9000	0	0	0	0	0	0	0	0	4300	0	0	19000	8200	0	0	14000	0	0	0	0	0	0	0	0	19000	0	0	0	0	0	0	0	0	0
0	33300	34500	0	17000	26000	6000	26600	0	22400	29100	35000	0	0	0	0	0	0	19900	35000	16400	0	0	17400	0	5400	18200	0	25000	38200	45000	0	0	0	0	17000	0	0	0	12700	35000	0	15300	5000	0	26000	0	21700	17400	30300	0	14900	45000	34200	0	16700	40000	12000	0	0	13600	0	2700	0	0	45000	0	17000	6500	11800	13600	0	0	14300	0
0	11600	12800	0	0	4300	0	4900	0	700	7400	13300	0	0	0	0	0	0	0	13300	0	0	0	0	0	0	0	0	3300	16500	23300	0	0	0	0	0	0	0	0	0	13300	0	0	0	0	4300	0	0	0	8600	0	0	23300	12500	0	0	18300	0	0	0	0	0	0	0	0	23300	0	0	0	0	0	0	0	0	0
0	15900	17100	0	0	8600	0	9200	0	5000	11700	17600	0	0	0	0	0	0	2500	17600	0	0	0	0	0	0	800	0	7600	20800	27600	0	0	0	0	0	0	0	0	0	17600	0	0	0	0	8600	0	4300	0	12900	0	0	27600	16800	0	0	22600	0	0	0	0	0	0	0	0	27600	0	0	0	0	0	0	0	0	0
0	3000	4200	0	0	0	0	0	0	0	0	4700	0	0	0	0	0	0	0	4700	0	0	0	0	0	0	0	0	0	7900	14700	0	0	0	0	0	0	0	0	0	4700	0	0	0	0	0	0	0	0	0	0	0	14700	3900	0	0	9700	0	0	0	0	0	0	0	0	14700	0	0	0	0	0	0	0	0	0
1800	41300	42500	1800	25000	34000	14000	34600	0	30400	37100	43000	0	0	0	0	0	0	27900	43000	24400	0	0	25400	0	13400	26200	0	33000	46200	53000	0	0	0	0	25000	0	0	0	20700	43000	0	23300	13000	0	34000	8000	29700	25400	38300	0	22900	53000	42200	0	24700	48000	20000	0	0	21600	0	10700	0	0	53000	0	25000	14500	19800	21600	0	0	22300	0
0	18400	19600	0	2100	11100	0	11700	0	7500	14200	20100	0	0	0	0	0	0	5000	20100	1500	0	0	2500	0	0	3300	0	10100	23300	30100	0	0	0	0	2100	0	0	0	0	20100	0	400	0	0	11100	0	6800	2500	15400	0	0	30100	19300	0	1800	25100	0	0	0	0	0	0	0	0	30100	0	2100	0	0	0	0	0	0	0
0	0	0	0	0	0	0	0	0	0	0	0	0	0	0	0	0	0	0	0	0	0	0	0	0	0	0	0	0	0	0	0	0	0	0	0	0	0	0	0	0	0	0	0	0	0	0	0	0	0	0	0	0	0	0	0	0	0	0	0	0	0	0	0	0	0	0	0	0	0	0	0	0	0	0
0	0	300	0	0	0	0	0	0	0	0	800	0	0	0	0	0	0	0	800	0	0	0	0	0	0	0	0	0	4000	10800	0	0	0	0	0	0	0	0	0	800	0	0	0	0	0	0	0	0	0	0	0	10800	0	0	0	5800	0	0	0	0	0	0	0	0	10800	0	0	0	0	0	0	0	0	0
11800	51300	52500	11800	35000	44000	24000	44600	0	40400	47100	53000	9000	0	0	0	0	9500	37900	53000	34400	4500	0	35400	3500	23400	36200	1000	43000	56200	63000	7100	0	500	0	35000	9200	0	8000	30700	53000	0	33300	23000	2500	44000	18000	39700	35400	48300	10000	32900	63000	52200	0	34700	58000	30000	8500	9500	31600	5000	20700	0	0	63000	9000	35000	24500	29800	31600	3500	7500	32300	7500
0	16600	17800	0	300	9300	0	9900	0	5700	12400	18300	0	0	0	0	0	0	3200	18300	0	0	0	700	0	0	1500	0	8300	21500	28300	0	0	0	0	300	0	0	0	0	18300	0	0	0	0	9300	0	5000	700	13600	0	0	28300	17500	0	0	23300	0	0	0	0	0	0	0	0	28300	0	300	0	0	0	0	0	0	0
0	0	0	0	0	0	0	0	0	0	0	0	0	0	0	0	0	0	0	0	0	0	0	0	0	0	0	0	0	0	5000	0	0	0	0	0	0	0	0	0	0	0	0	0	0	0	0	0	0	0	0	0	5000	0	0	0	0	0	0	0	0	0	0	0	0	5000	0	0	0	0	0	0	0	0	0
0	21300	22500	0	5000	14000	0	14600	0	10400	17100	23000	0	0	0	0	0	0	7900	23000	4400	0	0	5400	0	0	6200	0	13000	26200	33000	0	0	0	0	5000	0	0	0	700	23000	0	3300	0	0	14000	0	9700	5400	18300	0	2900	33000	22200	0	4700	28000	0	0	0	1600	0	0	0	0	33000	0	5000	0	0	1600	0	0	2300	0
3300	42800	44000	3300	26500	35500	15500	36100	0	31900	38600	44500	500	0	0	0	0	1000	29400	44500	25900	0	0	26900	0	14900	27700	0	34500	47700	54500	0	0	0	0	26500	700	0	0	22200	44500	0	24800	14500	0	35500	9500	31200	26900	39800	1500	24400	54500	43700	0	26200	49500	21500	0	1000	23100	0	12200	0	0	54500	500	26500	16000	21300	23100	0	0	23800	0
2300	41800	43000	2300	25500	34500	14500	35100	0	30900	37600	43500	0	0	0	0	0	0	28400	43500	24900	0	0	25900	0	13900	26700	0	33500	46700	53500	0	0	0	0	25500	0	0	0	21200	43500	0	23800	13500	0	34500	8500	30200	25900	38800	500	23400	53500	42700	0	25200	48500	20500	0	0	22100	0	11200	0	0	53500	0	25500	15000	20300	22100	0	0	22800	0
0	19700	20900	0	3400	12400	0	13000	0	8800	15500	21400	0	0	0	0	0	0	6300	21400	2800	0	0	3800	0	0	4600	0	11400	24600	31400	0	0	0	0	3400	0	0	0	0	21400	0	1700	0	0	12400	0	8100	3800	16700	0	1300	31400	20600	0	3100	26400	0	0	0	0	0	0	0	0	31400	0	3400	0	0	0	0	0	700	0
6800	46300	47500	6800	30000	39000	19000	39600	0	35400	42100	48000	4000	0	0	0	0	4500	32900	48000	29400	0	0	30400	0	18400	31200	0	38000	51200	58000	2100	0	0	0	30000	4200	0	3000	25700	48000	0	28300	18000	0	39000	13000	34700	30400	43300	5000	27900	58000	47200	0	29700	53000	25000	3500	4500	26600	0	15700	0	0	58000	4000	30000	19500	24800	26600	0	2500	27300	2500
0	30600	31800	0	14300	23300	3300	23900	0	19700	26400	32300	0	0	0	0	0	0	17200	32300	13700	0	0	14700	0	2700	15500	0	22300	35500	42300	0	0	0	0	14300	0	0	0	10000	32300	0	12600	2300	0	23300	0	19000	14700	27600	0	12200	42300	31500	0	14000	37300	9300	0	0	10900	0	0	0	0	42300	0	14300	3800	9100	10900	0	0	11600	0
37400	76900	78100	37400	60600	69600	49600	70200	25200	66000	72700	78600	34600	5400	12500	11400	11400	35100	63500	78600	60000	30100	16000	61000	29100	49000	61800	26600	68600	81800	88600	32700	22200	26100	21100	60600	34800	18100	33600	56300	78600	25200	58900	48600	28100	69600	43600	65300	61000	73900	35600	58500	88600	77800	25600	60300	83600	55600	34100	35100	57200	30600	46300	0	13700	88600	34600	60600	50100	55400	57200	29100	33100	57900	33100
23700	63200	64400	23700	46900	55900	35900	56500	11500	52300	59000	64900	20900	0	0	0	0	21400	49800	64900	46300	16400	2300	47300	15400	35300	48100	12900	54900	68100	74900	19000	8500	12400	7400	46900	21100	4400	19900	42600	64900	11500	45200	34900	14400	55900	29900	51600	47300	60200	21900	44800	74900	64100	11900	46600	69900	41900	20400	21400	43500	16900	32600	0	0	74900	20900	46900	36400	41700	43500	15400	19400	44200	19400
0	0	0	0	0	0	0	0	0	0	0	0	0	0	0	0	0	0	0	0	0	0	0	0	0	0	0	0	0	0	0	0	0	0	0	0	0	0	0	0	0	0	0	0	0	0	0	0	0	0	0	0	0	0	0	0	0	0	0	0	0	0	0	0	0	0	0	0	0	0	0	0	0	0	0
2800	42300	43500	2800	26000	35000	15000	35600	0	31400	38100	44000	0	0	0	0	0	500	28900	44000	25400	0	0	26400	0	14400	27200	0	34000	47200	54000	0	0	0	0	26000	200	0	0	21700	44000	0	24300	14000	0	35000	9000	30700	26400	39300	1000	23900	54000	43200	0	25700	49000	21000	0	500	22600	0	11700	0	0	54000	0	26000	15500	20800	22600	0	0	23300	0
0	16300	17500	0	0	9000	0	9600	0	5400	12100	18000	0	0	0	0	0	0	2900	18000	0	0	0	400	0	0	1200	0	8000	21200	28000	0	0	0	0	0	0	0	0	0	18000	0	0	0	0	9000	0	4700	400	13300	0	0	28000	17200	0	0	23000	0	0	0	0	0	0	0	0	28000	0	0	0	0	0	0	0	0	0
0	26800	28000	0	10500	19500	0	20100	0	15900	22600	28500	0	0	0	0	0	0	13400	28500	9900	0	0	10900	0	0	11700	0	18500	31700	38500	0	0	0	0	10500	0	0	0	6200	28500	0	8800	0	0	19500	0	15200	10900	23800	0	8400	38500	27700	0	10200	33500	5500	0	0	7100	0	0	0	0	38500	0	10500	0	5300	7100	0	0	7800	0
0	21500	22700	0	5200	14200	0	14800	0	10600	17300	23200	0	0	0	0	0	0	8100	23200	4600	0	0	5600	0	0	6400	0	13200	26400	33200	0	0	0	0	5200	0	0	0	900	23200	0	3500	0	0	14200	0	9900	5600	18500	0	3100	33200	22400	0	4900	28200	200	0	0	1800	0	0	0	0	33200	0	5200	0	0	1800	0	0	2500	0
0	19700	20900	0	3400	12400	0	13000	0	8800	15500	21400	0	0	0	0	0	0	6300	21400	2800	0	0	3800	0	0	4600	0	11400	24600	31400	0	0	0	0	3400	0	0	0	0	21400	0	1700	0	0	12400	0	8100	3800	16700	0	1300	31400	20600	0	3100	26400	0	0	0	0	0	0	0	0	31400	0	3400	0	0	0	0	0	700	0
8300	47800	49000	8300	31500	40500	20500	41100	0	36900	43600	49500	5500	0	0	0	0	6000	34400	49500	30900	1000	0	31900	0	19900	32700	0	39500	52700	59500	3600	0	0	0	31500	5700	0	4500	27200	49500	0	29800	19500	0	40500	14500	36200	31900	44800	6500	29400	59500	48700	0	31200	54500	26500	5000	6000	28100	1500	17200	0	0	59500	5500	31500	21000	26300	28100	0	4000	28800	4000
4300	43800	45000	4300	27500	36500	16500	37100	0	32900	39600	45500	1500	0	0	0	0	2000	30400	45500	26900	0	0	27900	0	15900	28700	0	35500	48700	55500	0	0	0	0	27500	1700	0	500	23200	45500	0	25800	15500	0	36500	10500	32200	27900	40800	2500	25400	55500	44700	0	27200	50500	22500	1000	2000	24100	0	13200	0	0	55500	1500	27500	17000	22300	24100	0	0	24800	0
0	19000	20200	0	2700	11700	0	12300	0	8100	14800	20700	0	0	0	0	0	0	5600	20700	2100	0	0	3100	0	0	3900	0	10700	23900	30700	0	0	0	0	2700	0	0	0	0	20700	0	1000	0	0	11700	0	7400	3100	16000	0	600	30700	19900	0	2400	25700	0	0	0	0	0	0	0	0	30700	0	2700	0	0	0	0	0	0	0
4300	43800	45000	4300	27500	36500	16500	37100	0	32900	39600	45500	1500	0	0	0	0	2000	30400	45500	26900	0	0	27900	0	15900	28700	0	35500	48700	55500	0	0	0	0	27500	1700	0	500	23200	45500	0	25800	15500	0	36500	10500	32200	27900	40800	2500	25400	55500	44700	0	27200	50500	22500	1000	2000	24100	0	13200	0	0	55500	1500	27500	17000	22300	24100	0	0	24800	0

0	0	0	0	0	0	0	0	12200	0	0	0	2800	32000	24900	26000	26000	2300	0	0	0	7300	21400	0	8300	0	0	10800	0	0	0	4700	15200	11300	16300	0	2600	19300	3800	0	0	12200	0	0	9300	0	0	0	0	0	1800	0	0	0	11800	0	0	0	3300	2300	0	6800	0	37400	23700	0	2800	0	0	0	0	8300	4300	0	4300
39500	0	0	39500	16300	7300	27300	6700	51700	10900	4200	0	42300	71500	64400	65500	65500	41800	13400	0	16900	46800	60900	15900	47800	27900	15100	50300	8300	0	0	44200	54700	50800	55800	16300	42100	58800	43300	20600	0	51700	18000	28300	48800	7300	33300	11600	15900	3000	41300	18400	0	0	51300	16600	0	21300	42800	41800	19700	46300	30600	76900	63200	0	42300	16300	26800	21500	19700	47800	43800	19000	43800
40700	1200	0	40700	17500	8500	28500	7900	52900	12100	5400	0	43500	72700	65600	66700	66700	43000	14600	0	18100	48000	62100	17100	49000	29100	16300	51500	9500	0	0	45400	55900	52000	57000	17500	43300	60000	44500	21800	0	52900	19200	29500	50000	8500	34500	12800	17100	4200	42500	19600	0	300	52500	17800	0	22500	44000	43000	20900	47500	31800	78100	64400	0	43500	17500	28000	22700	20900	49000	45000	20200	45000
0	0	0	0	0	0	0	0	12200	0	0	0	2800	32000	24900	26000	26000	2300	0	0	0	7300	21400	0	8300	0	0	10800	0	0	0	4700	15200	11300	16300	0	2600	19300	3800	0	0	12200	0	0	9300	0	0	0	0	0	1800	0	0	0	11800	0	0	0	3300	2300	0	6800	0	37400	23700	0	2800	0	0	0	0	8300	4300	0	4300
23200	0	0	23200	0	0	11000	0	35400	0	0	0	26000	55200	48100	49200	49200	25500	0	0	600	30500	44600	0	31500	11600	0	34000	0	0	0	27900	38400	34500	39500	0	25800	42500	27000	4300	0	35400	1700	12000	32500	0	17000	0	0	0	25000	2100	0	0	35000	300	0	5000	26500	25500	3400	30000	14300	60600	46900	0	26000	0	10500	5200	3400	31500	27500	2700	27500
32200	0	0	32200	9000	0	20000	0	44400	3600	0	0	35000	64200	57100	58200	58200	34500	6100	0	9600	39500	53600	8600	40500	20600	7800	43000	1000	0	0	36900	47400	43500	48500	9000	34800	51500	36000	13300	0	44400	10700	21000	41500	0	26000	4300	8600	0	34000	11100	0	0	44000	9300	0	14000	35500	34500	12400	39000	23300	69600	55900	0	35000	9000	19500	14200	12400	40500	36500	11700	36500
12200	0	0	12200	0	0	0	0	24400	0	0	0	15000	44200	37100	38200	38200	14500	0	0	0	19500	33600	0	20500	600	0	23000	0	0	0	16900	27400	23500	28500	0	14800	31500	16000	0	0	24400	0	1000	21500	0	6000	0	0	0	14000	0	0	0	24000	0	0	0	15500	14500	0	19000	3300	49600	35900	0	15000	0	0	0	0	20500	16500	0	16500
32800	0	0	32800	9600	600	20600	0	45000	4200	0	0	35600	64800	57700	58800	58800	35100	6700	0	10200	40100	54200	9200	41100	21200	8400	43600	1600	0	0	37500	48000	44100	49100	9600	35400	52100	36600	13900	0	45000	11300	21600	42100	600	26600	4900	9200	0	34600	11700	0	0	44600	9900	0	14600	36100	35100	13000	39600	23900	70200	56500	0	35600	9600	20100	14800	13000	41100	37100	12300	37100
0	0	0	0	0	0	0	0	0	0	0	0	0	19800	12700	13800	13800	0	0	0	0	0	9200	0	0	0	0	0	0	0	0	0	3000	0	4100	0	0	7100	0	0	0	0	0	0	0	0	0	0	0	0	0	0	0	0	0	0	0	0	0	0	0	0	0	25200	11500	0	0	0	0	0	0	0	0	0	0
28600	0	0	28600	5400	0	16400	0	40800	0	0	0	31400	60600	53500	54600	54600	30900	2500	0	6000	35900	50000	5000	36900	17000	4200	39400	0	0	0	33300	43800	39900	44900	5400	31200	47900	32400	9700	0	40800	7100	17400	37900	0	22400	700	5000	0	30400	7500	0	0	40400	5700	0	10400	31900	30900	8800	35400	19700	66000	52300	0	31400	5400	15900	10600	8800	36900	32900	8100	32900
35300	0	0	35300	12100	3100	23100	2500	47500	6700	0	0	38100	67300	60200	61300	61300	37600	9200	0	12700	42600	56700	11700	43600	23700	10900	46100	4100	0	0	40000	50500	46600	51600	12100	37900	54600	39100	16400	0	47500	13800	24100	44600	3100	29100	7400	11700	0	37100	14200	0	0	47100	12400	0	17100	38600	37600	15500	42100	26400	72700	59000	0	38100	12100	22600	17300	15500	43600	39600	14800	39600
41200	1700	500	41200	18000	9000	29000	8400	53400	12600	5900	0	44000	73200	66100	67200	67200	43500	15100	0	18600	48500	62600	17600	49500	29600	16800	52000	10000	0	0	45900	56400	52500	57500	18000	43800	60500	45000	22300	0	53400	19700	30000	50500	9000	35000	13300	17600	4700	43000	20100	0	800	53000	18300	0	23000	44500	43500	21400	48000	32300	78600	64900	0	44000	18000	28500	23200	21400	49500	45500	20700	45500
0	0	0	0	0	0	0	0	9400	0	0	0	0	29200	22100	23200	23200	0	0	0	0	4500	18600	0	5500	0	0	8000	0	0	0	1900	12400	8500	13500	0	0	16500	1000	0	0	9400	0	0	6500	0	0	0	0	0	0	0	0	0	9000	0	0	0	500	0	0	4000	0	34600	20900	0	0	0	0	0	0	5500	1500	0	1500
0	0	0	0	0	0	0	0	0	0	0	0	0	0	0	0	0	0	0	0	0	0	0	0	0	0	0	0	0	0	0	0	0	0	0	0	0	0	0	0	0	0	0	0	0	0	0	0	0	0	0	0	0	0	0	0	0	0	0	0	0	0	0	5400	0	0	0	0	0	0	0	0	0	0	0
0	0	0	0	0	0	0	0	0	0	0	0	0	7100	0	1100	1100	0	0	0	0	0	0	0	0	0	0	0	0	0	0	0	0	0	0	0	0	0	0	0	0	0	0	0	0	0	0	0	0	0	0	0	0	0	0	0	0	0	0	0	0	0	0	12500	0	0	0	0	0	0	0	0	0	0	0
0	0	0	0	0	0	0	0	0	0	0	0	0	6000	0	0	0	0	0	0	0	0	0	0	0	0	0	0	0	0	0	0	0	0	0	0	0	0	0	0	0	0	0	0	0	0	0	0	0	0	0	0	0	0	0	0	0	0	0	0	0	0	0	11400	0	0	0	0	0	0	0	0	0	0	0
0	0	0	0	0	0	0	0	0	0	0	0	0	6000	0	0	0	0	0	0	0	0	0	0	0	0	0	0	0	0	0	0	0	0	0	0	0	0	0	0	0	0	0	0	0	0	0	0	0	0	0	0	0	0	0	0	0	0	0	0	0	0	0	11400	0	0	0	0	0	0	0	0	0	0	0
0	0	0	0	0	0	0	0	9900	0	0	0	500	29700	22600	23700	23700	0	0	0	0	5000	19100	0	6000	0	0	8500	0	0	0	2400	12900	9000	14000	0	300	17000	1500	0	0	9900	0	0	7000	0	0	0	0	0	0	0	0	0	9500	0	0	0	1000	0	0	4500	0	35100	21400	0	500	0	0	0	0	6000	2000	0	2000
26100	0	0	26100	2900	0	13900	0	38300	0	0	0	28900	58100	51000	52100	52100	28400	0	0	3500	33400	47500	2500	34400	14500	1700	36900	0	0	0	30800	41300	37400	42400	2900	28700	45400	29900	7200	0	38300	4600	14900	35400	0	19900	0	2500	0	27900	5000	0	0	37900	3200	0	7900	29400	28400	6300	32900	17200	63500	49800	0	28900	2900	13400	8100	6300	34400	30400	5600	30400
41200	1700	500	41200	18000	9000	29000	8400	53400	12600	5900	0	44000	73200	66100	67200	67200	43500	15100	0	18600	48500	62600	17600	49500	29600	16800	52000	10000	0	0	45900	56400	52500	57500	18000	43800	60500	45000	22300	0	53400	19700	30000	50500	9000	35000	13300	17600	4700	43000	20100	0	800	53000	18300	0	23000	44500	43500	21400	48000	32300	78600	64900	0	44000	18000	28500	23200	21400	49500	45500	20700	45500
22600	0	0	22600	0	0	10400	0	34800	0	0	0	25400	54600	47500	48600	48600	24900	0	0	0	29900	44000	0	30900	11000	0	33400	0	0	0	27300	37800	33900	38900	0	25200	41900	26400	3700	0	34800	1100	11400	31900	0	16400	0	0	0	24400	1500	0	0	34400	0	0	4400	25900	24900	2800	29400	13700	60000	46300	0	25400	0	9900	4600	2800	30900	26900	2100	26900
0	0	0	0	0	0	0	0	4900	0	0	0	0	24700	17600	18700	18700	0	0	0	0	0	14100	0	1000	0	0	3500	0	0	0	0	7900	4000	9000	0	0	12000	0	0	0	4900	0	0	2000	0	0	0	0	0	0	0	0	0	4500	0	0	0	0	0	0	0	0	30100	16400	0	0	0	0	0	0	1000	0	0	0
0	0	0	0	0	0	0	0	0	0	0	0	0	10600	3500	4600	4600	0	0	0	0	0	0	0	0	0	0	0	0	0	0	0	0	0	0	0	0	0	0	0	0	0	0	0	0	0	0	0	0	0	0	0	0	0	0	0	0	0	0	0	0	0	0	16000	2300	0	0	0	0	0	0	0	0	0	0
23600	0	0	23600	400	0	11400	0	35800	0	0	0	26400	55600	48500	49600	49600	25900	0	0	1000	30900	45000	0	31900	12000	0	34400	0	0	0	28300	38800	34900	39900	400	26200	42900	27400	4700	0	35800	2100	12400	32900	0	17400	0	0	0	25400	2500	0	0	35400	700	0	5400	26900	25900	3800	30400	14700	61000	47300	0	26400	400	10900	5600	3800	31900	27900	3100	27900
0	0	0	0	0	0	0	0	3900	0	0	0	0	23700	16600	17700	17700	0	0	0	0	0	13100	0	0	0	0	2500	0	0	0	0	6900	3000	8000	0	0	11000	0	0	0	3900	0	0	1000	0	0	0	0	0	0	0	0	0	3500	0	0	0	0	0	0	0	0	29100	15400	0	0	0	0	0	0	0	0	0	0
11600	0	0	11600	0	0	0	0	23800	0	0	0	14400	43600	36500	37600	37600	13900	0	0	0	18900	33000	0	19900	0	0	22400	0	0	0	16300	26800	22900	27900	0	14200	30900	15400	0	0	23800	0	400	20900	0	5400	0	0	0	13400	0	0	0	23400	0	0	0	14900	13900	0	18400	2700	49000	35300	0	14400	0	0	0	0	19900	15900	0	15900
24400	0	0	24400	1200	0	12200	0	36600	0	0	0	27200	56400	49300	50400	50400	26700	0	0	1800	31700	45800	800	32700	12800	0	35200	0	0	0	29100	39600	35700	40700	1200	27000	43700	28200	5500	0	36600	2900	13200	33700	0	18200	0	800	0	26200	3300	0	0	36200	1500	0	6200	27700	26700	4600	31200	15500	61800	48100	0	27200	1200	11700	6400	4600	32700	28700	3900	28700
0	0	0	0	0	0	0	0	1400	0	0	0	0	21200	14100	15200	15200	0	0	0	0	0	10600	0	0	0	0	0	0	0	0	0	4400	500	5500	0	0	8500	0	0	0	1400	0	0	0	0	0	0	0	0	0	0	0	0	1000	0	0	0	0	0	0	0	0	26600	12900	0	0	0	0	0	0	0	0	0	0
31200	0	0	31200	8000	0	19000	0	43400	2600	0	0	34000	63200	56100	57200	57200	33500	5100	0	8600	38500	52600	7600	39500	19600	6800	42000	0	0	0	35900	46400	42500	47500	8000	33800	50500	35000	12300	0	43400	9700	20000	40500	0	25000	3300	7600	0	33000	10100	0	0	43000	8300	0	13000	34500	33500	11400	38000	22300	68600	54900	0	34000	8000	18500	13200	11400	39500	35500	10700	35500
44400	4900	3700	44400	21200	12200	32200	11600	56600	15800	9100	3200	47200	76400	69300	70400	70400	46700	18300	3200	21800	51700	65800	20800	52700	32800	20000	55200	13200	0	0	49100	59600	55700	60700	21200	47000	63700	48200	25500	3200	56600	22900	33200	53700	12200	38200	16500	20800	7900	46200	23300	0	4000	56200	21500	0	26200	47700	46700	24600	51200	35500	81800	68100	0	47200	21200	31700	26400	24600	52700	48700	23900	48700
51200	11700	10500	51200	28000	19000	39000	18400	63400	22600	15900	10000	54000	83200	76100	77200	77200	53500	25100	10000	28600	58500	72600	27600	59500	39600	26800	62000	20000	6800	0	55900	66400	62500	67500	28000	53800	70500	55000	32300	10000	63400	29700	40000	60500	19000	45000	23300	27600	14700	53000	30100	0	10800	63000	28300	5000	33000	54500	53500	31400	58000	42300	88600	74900	0	54000	28000	38500	33200	31400	59500	55500	30700	55500
0	0	0	0	0	0	0	0	7500	0	0	0	0	27300	20200	21300	21300	0	0	0	0	2600	16700	0	3600	0	0	6100	0	0	0	0	10500	6600	11600	0	0	14600	0	0	0	7500	0	0	4600	0	0	0	0	0	0	0	0	0	7100	0	0	0	0	0	0	2100	0	32700	19000	0	0	0	0	0	0	3600	0	0	0
0	0	0	0	0	0	0	0	0	0	0	0	0	16800	9700	10800	10800	0	0	0	0	0	6200	0	0	0	0	0	0	0	0	0	0	0	1100	0	0	4100	0	0	0	0	0	0	0	0	0	0	0	0	0	0	0	0	0	0	0	0	0	0	0	0	0	22200	8500	0	0	0	0	0	0	0	0	0	0
0	0	0	0	0	0	0	0	900	0	0	0	0	20700	13600	14700	14700	0	0	0	0	0	10100	0	0	0	0	0	0	0	0	0	3900	0	5000	0	0	8000	0	0	0	900	0	0	0	0	0	0	0	0	0	0	0	0	500	0	0	0	0	0	0	0	0	26100	12400	0	0	0	0	0	0	0	0	0	0
0	0	0	0	0	0	0	0	0	0	0	0	0	15700	8600	9700	9700	0	0	0	0	0	5100	0	0	0	0	0	0	0	0	0	0	0	0	0	0	3000	0	0	0	0	0	0	0	0	0	0	0	0	0	0	0	0	0	0	0	0	0	0	0	0	0	21100	7400	0	0	0	0	0	0	0	0	0	0
23200	0	0	23200	0	0	11000	0	35400	0	0	0	26000	55200	48100	49200	49200	25500	0	0	600	30500	44600	0	31500	11600	0	34000	0	0	0	27900	38400	34500	39500	0	25800	42500	27000	4300	0	35400	1700	12000	32500	0	17000	0	0	0	25000	2100	0	0	35000	300	0	5000	26500	25500	3400	30000	14300	60600	46900	0	26000	0	10500	5200	3400	31500	27500	2700	27500
0	0	0	0	0	0	0	0	9600	0	0	0	200	29400	22300	23400	23400	0	0	0	0	4700	18800	0	5700	0	0	8200	0	0	0	2100	12600	8700	13700	0	0	16700	1200	0	0	9600	0	0	6700	0	0	0	0	0	0	0	0	0	9200	0	0	0	700	0	0	4200	0	34800	21100	0	200	0	0	0	0	5700	1700	0	1700
0	0	0	0	0	0	0	0	0	0	0	0	0	12700	5600	6700	6700	0	0	0	0	0	2100	0	0	0	0	0	0	0	0	0	0	0	0	0	0	0	0	0	0	0	0	0	0	0	0	0	0	0	0	0	0	0	0	0	0	0	0	0	0	0	0	18100	4400	0	0	0	0	0	0	0	0	0	0
0	0	0	0	0	0	0	0	8400	0	0	0	0	28200	21100	22200	22200	0	0	0	0	3500	17600	0	4500	0	0	7000	0	0	0	900	11400	7500	12500	0	0	15500	0	0	0	8400	0	0	5500	0	0	0	0	0	0	0	0	0	8000	0	0	0	0	0	0	3000	0	33600	19900	0	0	0	0	0	0	4500	500	0	500
18900	0	0	18900	0	0	6700	0	31100	0	0	0	21700	50900	43800	44900	44900	21200	0	0	0	26200	40300	0	27200	7300	0	29700	0	0	0	23600	34100	30200	35200	0	21500	38200	22700	0	0	31100	0	7700	28200	0	12700	0	0	0	20700	0	0	0	30700	0	0	700	22200	21200	0	25700	10000	56300	42600	0	21700	0	6200	900	0	27200	23200	0	23200
41200	1700	500	41200	18000	9000	29000	8400	53400	12600	5900	0	44000	73200	66100	67200	67200	43500	15100	0	18600	48500	62600	17600	49500	29600	16800	52000	10000	0	0	45900	56400	52500	57500	18000	43800	60500	45000	22300	0	53400	19700	30000	50500	9000	35000	13300	17600	4700	43000	20100	0	800	53000	18300	0	23000	44500	43500	21400	48000	32300	78600	64900	0	44000	18000	28500	23200	21400	49500	45500	20700	45500
0	0	0	0	0	0	0	0	0	0	0	0	0	19800	12700	13800	13800	0	0	0	0	0	9200	0	0	0	0	0	0	0	0	0	3000	0	4100	0	0	7100	0	0	0	0	0	0	0	0	0	0	0	0	0	0	0	0	0	0	0	0	0	0	0	0	0	25200	11500	0	0	0	0	0	0	0	0	0	0
21500	0	0	21500	0	0	9300	0	33700	0	0	0	24300	53500	46400	47500	47500	23800	0	0	0	28800	42900	0	29800	9900	0	32300	0	0	0	26200	36700	32800	37800	0	24100	40800	25300	2600	0	33700	0	10300	30800	0	15300	0	0	0	23300	400	0	0	33300	0	0	3300	24800	23800	1700	28300	12600	58900	45200	0	24300	0	8800	3500	1700	29800	25800	1000	25800
11200	0	0	11200	0	0	0	0	23400	0	0	0	14000	43200	36100	37200	37200	13500	0	0	0	18500	32600	0	19500	0	0	22000	0	0	0	15900	26400	22500	27500	0	13800	30500	15000	0	0	23400	0	0	20500	0	5000	0	0	0	13000	0	0	0	23000	0	0	0	14500	13500	0	18000	2300	48600	34900	0	14000	0	0	0	0	19500	15500	0	15500
0	0	0	0	0	0	0	0	2900	0	0	0	0	22700	15600	16700	16700	0	0	0	0	0	12100	0	0	0	0	1500	0	0	0	0	5900	2000	7000	0	0	10000	0	0	0	2900	0	0	0	0	0	0	0	0	0	0	0	0	2500	0	0	0	0	0	0	0	0	28100	14400	0	0	0	0	0	0	0	0	0	0
32200	0	0	32200	9000	0	20000	0	44400	3600	0	0	35000	64200	57100	58200	58200	34500	6100	0	9600	39500	53600	8600	40500	20600	7800	43000	1000	0	0	36900	47400	43500	48500	9000	34800	51500	36000	13300	0	44400	10700	21000	41500	0	26000	4300	8600	0	34000	11100	0	0	44000	9300	0	14000	35500	34500	12400	39000	23300	69600	55900	0	35000	9000	19500	14200	12400	40500	36500	11700	36500
6200	0	0	6200	0	0	0	0	18400	0	0	0	9000	38200	31100	32200	32200	8500	0	0	0	13500	27600	0	14500	0	0	17000	0	0	0	10900	21400	17500	22500	0	8800	25500	10000	0	0	18400	0	0	15500	0	0	0	0	0	8000	0	0	0	18000	0	0	0	9500	8500	0	13000	0	43600	29900	0	9000	0	0	0	0	14500	10500	0	10500
27900	0	0	27900	4700	0	15700	0	40100	0	0	0	30700	59900	52800	53900	53900	30200	1800	0	5300	35200	49300	4300	36200	16300	3500	38700	0	0	0	32600	43100	39200	44200	4700	30500	47200	31700	9000	0	40100	6400	16700	37200	0	21700	0	4300	0	29700	6800	0	0	39700	5000	0	9700	31200	30200	8100	34700	19000	65300	51600	0	30700	4700	15200	9900	8100	36200	32200	7400	32200
23600	0	0	23600	400	0	11400	0	35800	0	0	0	26400	55600	48500	49600	49600	25900	0	0	1000	30900	45000	0	31900	12000	0	34400	0	0	0	28300	38800	34900	39900	400	26200	42900	27400	4700	0	35800	2100	12400	32900	0	17400	0	0	0	25400	2500	0	0	35400	700	0	5400	26900	25900	3800	30400	14700	61000	47300	0	26400	400	10900	5600	3800	31900	27900	3100	27900
36500	0	0	36500	13300	4300	24300	3700	48700	7900	1200	0	39300	68500	61400	62500	62500	38800	10400	0	13900	43800	57900	12900	44800	24900	12100	47300	5300	0	0	41200	51700	47800	52800	13300	39100	55800	40300	17600	0	48700	15000	25300	45800	4300	30300	8600	12900	0	38300	15400	0	0	48300	13600	0	18300	39800	38800	16700	43300	27600	73900	60200	0	39300	13300	23800	18500	16700	44800	40800	16000	40800
0	0	0	0	0	0	0	0	10400	0	0	0	1000	30200	23100	24200	24200	500	0	0	0	5500	19600	0	6500	0	0	9000	0	0	0	2900	13400	9500	14500	0	800	17500	2000	0	0	10400	0	0	7500	0	0	0	0	0	0	0	0	0	10000	0	0	0	1500	500	0	5000	0	35600	21900	0	1000	0	0	0	0	6500	2500	0	2500
21100	0	0	21100	0	0	8900	0	33300	0	0	0	23900	53100	46000	47100	47100	23400	0	0	0	28400	42500	0	29400	9500	0	31900	0	0	0	25800	36300	32400	37400	0	23700	40400	24900	2200	0	33300	0	9900	30400	0	14900	0	0	0	22900	0	0	0	32900	0	0	2900	24400	23400	1300	27900	12200	58500	44800	0	23900	0	8400	3100	1300	29400	25400	600	25400
51200	11700	10500	51200	28000	19000	39000	18400	63400	22600	15900	10000	54000	83200	76100	77200	77200	53500	25100	10000	28600	58500	72600	27600	59500	39600	26800	62000	20000	6800	0	55900	66400	62500	67500	28000	53800	70500	55000	32300	10000	63400	29700	40000	60500	19000	45000	23300	27600	14700	53000	30100	0	10800	63000	28300	5000	33000	54500	53500	31400	58000	42300	88600	74900	0	54000	28000	38500	33200	31400	59500	55500	30700	55500
40400	900	0	40400	17200	8200	28200	7600	52600	11800	5100	0	43200	72400	65300	66400	66400	42700	14300	0	17800	47700	61800	16800	48700	28800	16000	51200	9200	0	0	45100	55600	51700	56700	17200	43000	59700	44200	21500	0	52600	18900	29200	49700	8200	34200	12500	16800	3900	42200	19300	0	0	52200	17500	0	22200	43700	42700	20600	47200	31500	77800	64100	0	43200	17200	27700	22400	20600	48700	44700	19900	44700
0	0	0	0	0	0	0	0	400	0	0	0	0	20200	13100	14200	14200	0	0	0	0	0	9600	0	0	0	0	0	0	0	0	0	3400	0	4500	0	0	7500	0	0	0	400	0	0	0	0	0	0	0	0	0	0	0	0	0	0	0	0	0	0	0	0	0	25600	11900	0	0	0	0	0	0	0	0	0	0
22900	0	0	22900	0	0	10700	0	35100	0	0	0	25700	54900	47800	48900	48900	25200	0	0	300	30200	44300	0	31200	11300	0	33700	0	0	0	27600	38100	34200	39200	0	25500	42200	26700	4000	0	35100	1400	11700	32200	0	16700	0	0	0	24700	1800	0	0	34700	0	0	4700	26200	25200	3100	29700	14000	60300	46600	0	25700	0	10200	4900	3100	31200	27200	2400	27200
46200	6700	5500	46200	23000	14000	34000	13400	58400	17600	10900	5000	49000	78200	71100	72200	72200	48500	20100	5000	23600	53500	67600	22600	54500	34600	21800	57000	15000	1800	0	50900	61400	57500	62500	23000	48800	65500	50000	27300	5000	58400	24700	35000	55500	14000	40000	18300	22600	9700	48000	25100	0	5800	58000	23300	0	28000	49500	48500	26400	53000	37300	83600	69900	0	49000	23000	33500	28200	26400	54500	50500	25700	50500
18200	0	0	18200	0	0	6000	0	30400	0	0	0	21000	50200	43100	44200	44200	20500	0	0	0	25500	39600	0	26500	6600	0	29000	0	0	0	22900	33400	29500	34500	0	20800	37500	22000	0	0	30400	0	7000	27500	0	12000	0	0	0	20000	0	0	0	30000	0	0	0	21500	20500	0	25000	9300	55600	41900	0	21000	0	5500	200	0	26500	22500	0	22500
0	0	0	0	0	0	0	0	8900	0	0	0	0	28700	21600	22700	22700	0	0	0	0	4000	18100	0	5000	0	0	7500	0	0	0	1400	11900	8000	13000	0	0	16000	500	0	0	8900	0	0	6000	0	0	0	0	0	0	0	0	0	8500	0	0	0	0	0	0	3500	0	34100	20400	0	0	0	0	0	0	5000	1000	0	1000
0	0	0	0	0	0	0	0	9900	0	0	0	500	29700	22600	23700	23700	0	0	0	0	5000	19100	0	6000	0	0	8500	0	0	0	2400	12900	9000	14000	0	300	17000	1500	0	0	9900	0	0	7000	0	0	0	0	0	0	0	0	0	9500	0	0	0	1000	0	0	4500	0	35100	21400	0	500	0	0	0	0	6000	2000	0	2000
19800	0	0	19800	0	0	7600	0	32000	0	0	0	22600	51800	44700	45800	45800	22100	0	0	0	27100	41200	0	28100	8200	0	30600	0	0	0	24500	35000	31100	36100	0	22400	39100	23600	900	0	32000	0	8600	29100	0	13600	0	0	0	21600	0	0	0	31600	0	0	1600	23100	22100	0	26600	10900	57200	43500	0	22600	0	7100	1800	0	28100	24100	0	24100
0	0	0	0	0	0	0	0	5400	0	0	0	0	25200	18100	19200	19200	0	0	0	0	500	14600	0	1500	0	0	4000	0	0	0	0	8400	4500	9500	0	0	12500	0	0	0	5400	0	0	2500	0	0	0	0	0	0	0	0	0	5000	0	0	0	0	0	0	0	0	30600	16900	0	0	0	0	0	0	1500	0	0	0
8900	0	0	8900	0	0	0	0	21100	0	0	0	11700	40900	33800	34900	34900	11200	0	0	0	16200	30300	0	17200	0	0	19700	0	0	0	13600	24100	20200	25200	0	11500	28200	12700	0	0	21100	0	0	18200	0	2700	0	0	0	10700	0	0	0	20700	0	0	0	12200	11200	0	15700	0	46300	32600	0	11700	0	0	0	0	17200	13200	0	13200
0	0	0	0	0	0	0	0	0	0	0	0	0	0	0	0	0	0	0	0	0	0	0	0	0	0	0	0	0	0	0	0	0	0	0	0	0	0	0	0	0	0	0	0	0	0	0	0	0	0	0	0	0	0	0	0	0	0	0	0	0	0	0	0	0	0	0	0	0	0	0	0	0	0	0
0	0	0	0	0	0	0	0	0	0	0	0	0	8300	1200	2300	2300	0	0	0	0	0	0	0	0	0	0	0	0	0	0	0	0	0	0	0	0	0	0	0	0	0	0	0	0	0	0	0	0	0	0	0	0	0	0	0	0	0	0	0	0	0	0	13700	0	0	0	0	0	0	0	0	0	0	0
51200	11700	10500	51200	28000	19000	39000	18400	63400	22600	15900	10000	54000	83200	76100	77200	77200	53500	25100	10000	28600	58500	72600	27600	59500	39600	26800	62000	20000	6800	0	55900	66400	62500	67500	28000	53800	70500	55000	32300	10000	63400	29700	40000	60500	19000	45000	23300	27600	14700	53000	30100	0	10800	63000	28300	5000	33000	54500	53500	31400	58000	42300	88600	74900	0	54000	28000	38500	33200	31400	59500	55500	30700	55500
0	0	0	0	0	0	0	0	9400	0	0	0	0	29200	22100	23200	23200	0	0	0	0	4500	18600	0	5500	0	0	8000	0	0	0	1900	12400	8500	13500	0	0	16500	1000	0	0	9400	0	0	6500	0	0	0	0	0	0	0	0	0	9000	0	0	0	500	0	0	4000	0	34600	20900	0	0	0	0	0	0	5500	1500	0	1500
23200	0	0	23200	0	0	11000	0	35400	0	0	0	26000	55200	48100	49200	49200	25500	0	0	600	30500	44600	0	31500	11600	0	34000	0	0	0	27900	38400	34500	39500	0	25800	42500	27000	4300	0	35400	1700	12000	32500	0	17000	0	0	0	25000	2100	0	0	35000	300	0	5000	26500	25500	3400	30000	14300	60600	46900	0	26000	0	10500	5200	3400	31500	27500	2700	27500
12700	0	0	12700	0	0	500	0	24900	0	0	0	15500	44700	37600	38700	38700	15000	0	0	0	20000	34100	0	21000	1100	0	23500	0	0	0	17400	27900	24000	29000	0	15300	32000	16500	0	0	24900	0	1500	22000	0	6500	0	0	0	14500	0	0	0	24500	0	0	0	16000	15000	0	19500	3800	50100	36400	0	15500	0	0	0	0	21000	17000	0	17000
18000	0	0	18000	0	0	5800	0	30200	0	0	0	20800	50000	42900	44000	44000	20300	0	0	0	25300	39400	0	26300	6400	0	28800	0	0	0	22700	33200	29300	34300	0	20600	37300	21800	0	0	30200	0	6800	27300	0	11800	0	0	0	19800	0	0	0	29800	0	0	0	21300	20300	0	24800	9100	55400	41700	0	20800	0	5300	0	0	26300	22300	0	22300
19800	0	0	19800	0	0	7600	0	32000	0	0	0	22600	51800	44700	45800	45800	22100	0	0	0	27100	41200	0	28100	8200	0	30600	0	0	0	24500	35000	31100	36100	0	22400	39100	23600	900	0	32000	0	8600	29100	0	13600	0	0	0	21600	0	0	0	31600	0	0	1600	23100	22100	0	26600	10900	57200	43500	0	22600	0	7100	1800	0	28100	24100	0	24100
0	0	0	0	0	0	0	0	3900	0	0	0	0	23700	16600	17700	17700	0	0	0	0	0	13100	0	0	0	0	2500	0	0	0	0	6900	3000	8000	0	0	11000	0	0	0	3900	0	0	1000	0	0	0	0	0	0	0	0	0	3500	0	0	0	0	0	0	0	0	29100	15400	0	0	0	0	0	0	0	0	0	0
0	0	0	0	0	0	0	0	7900	0	0	0	0	27700	20600	21700	21700	0	0	0	0	3000	17100	0	4000	0	0	6500	0	0	0	400	10900	7000	12000	0	0	15000	0	0	0	7900	0	0	5000	0	0	0	0	0	0	0	0	0	7500	0	0	0	0	0	0	2500	0	33100	19400	0	0	0	0	0	0	4000	0	0	0
20500	0	0	20500	0	0	8300	0	32700	0	0	0	23300	52500	45400	46500	46500	22800	0	0	0	27800	41900	0	28800	8900	0	31300	0	0	0	25200	35700	31800	36800	0	23100	39800	24300	1600	0	32700	0	9300	29800	0	14300	0	0	0	22300	0	0	0	32300	0	0	2300	23800	22800	700	27300	11600	57900	44200	0	23300	0	7800	2500	700	28800	24800	0	24800
0	0	0	0	0	0	0	0	7900	0	0	0	0	27700	20600	21700	21700	0	0	0	0	3000	17100	0	4000	0	0	6500	0	0	0	400	10900	7000	12000	0	0	15000	0	0	0	7900	0	0	5000	0	0	0	0	0	0	0	0	0	7500	0	0	0	0	0	0	2500	0	33100	19400	0	0	0	0	0	0	4000	0	0	0

0	99	0	0	30	99	0	0	0	0	0	0	0	0	0	0	0	0	0	0	0	0	30	0	0	0	0	0	0	0	0	0	0	0	0	0	0	17	0	0	0	0	0	0	0	40	0	0	0	0	0	0	105	15	0	0	0	0	0	8	0	30	0	0	0	28	41	0	99	0	0	0	0	48	0
0	0	0	0	0	0	0	0	0	0	0	0	0	0	0	0	0	0	0	0	0	0	0	0	0	0	0	0	0	0	0	0	0	0	0	0	0	0	0	0	0	0	0	0	0	0	0	0	0	0	0	0	41	0	0	0	0	0	0	0	0	0	0	0	0	0	0	0	0	0	0	0	0	0	0
0	99	0	0	30	99	0	0	0	0	0	0	0	0	0	0	0	0	0	0	0	0	30	0	0	0	0	0	0	0	0	0	0	0	0	0	0	17	0	0	0	0	0	0	0	40	0	0	0	0	0	0	105	15	0	0	0	0	0	8	0	30	0	0	0	28	41	0	99	0	0	0	0	48	0
30	103	30	0	48	103	30	0	0	0	28	30	0	18	8	0	0	0	0	28	18	0	48	0	0	0	0	0	0	11	0	0	0	0	0	0	0	39	8	0	0	0	30	30	8	54	0	0	11	26	0	0	109	38	0	30	0	0	18	34	18	48	0	0	30	46	56	0	103	0	28	0	0	60	0
0	94	0	0	0	94	0	0	0	0	0	0	0	0	0	0	0	0	0	0	0	0	0	0	0	0	0	0	0	0	0	0	0	0	0	0	0	0	0	0	0	0	0	0	0	18	0	0	0	0	0	0	101	0	0	0	0	0	0	0	0	0	0	0	0	0	20	0	94	0	0	0	0	30	0
0	0	0	0	0	0	0	0	0	0	0	0	0	0	0	0	0	0	0	0	0	0	0	0	0	0	0	0	0	0	0	0	0	0	0	0	0	0	0	0	0	0	0	0	0	0	0	0	0	0	0	0	41	0	0	0	0	0	0	0	0	0	0	0	0	0	0	0	0	0	0	0	0	0	0
0	99	0	0	30	99	0	0	0	0	0	0	0	0	0	0	0	0	0	0	0	0	30	0	0	0	0	0	0	0	0	0	0	0	0	0	0	17	0	0	0	0	0	0	0	40	0	0	0	0	0	0	105	15	0	0	0	0	0	8	0	30	0	0	0	28	41	0	99	0	0	0	0	48	0
34	104	34	8	51	104	34	0	0	8	32	34	0	23	15	0	0	0	0	32	23	0	51	4	0	0	0	0	0	18	4	8	0	4	0	0	8	43	15	8	8	0	34	34	15	56	0	8	18	30	0	0	110	41	0	34	0	0	23	38	23	51	0	0	34	49	57	0	104	8	32	0	0	62	8
43	106	43	23	56	106	43	18	0	23	41	43	0	34	28	0	0	8	0	41	34	18	56	20	0	0	18	0	0	30	20	23	0	20	8	0	23	50	28	23	23	0	43	43	28	62	0	23	30	40	0	4	111	49	0	43	0	8	34	46	34	56	4	0	43	56	63	0	106	23	41	8	8	67	23
30	103	30	0	48	103	30	0	0	0	28	30	0	18	8	0	0	0	0	28	18	0	48	0	0	0	0	0	0	11	0	0	0	0	0	0	0	39	8	0	0	0	30	30	8	54	0	0	11	26	0	0	109	38	0	30	0	0	18	34	18	48	0	0	30	46	56	0	103	0	28	0	0	60	0
4	99	4	0	32	99	4	0	0	0	0	4	0	0	0	0	0	0	0	0	0	0	32	0	0	0	0	0	0	0	0	0	0	0	0	0	0	20	0	0	0	0	4	4	0	41	0	0	0	0	0	0	106	18	0	4	0	0	0	11	0	32	0	0	4	30	43	0	99	0	0	0	0	49	0
0	99	0	0	30	99	0	0	0	0	0	0	0	0	0	0	0	0	0	0	0	0	30	0	0	0	0	0	0	0	0	0	0	0	0	0	0	17	0	0	0	0	0	0	0	40	0	0	0	0	0	0	105	15	0	0	0	0	0	8	0	30	0	0	0	28	41	0	99	0	0	0	0	48	0
45	106	45	26	57	106	45	20	4	26	43	45	0	36	30	4	0	11	0	43	36	20	57	23	0	0	20	4	0	32	23	26	0	23	11	0	26	52	30	26	26	0	45	45	30	63	4	26	32	41	4	8	112	51	2	45	0	11	36	48	36	57	8	0	45	56	64	0	106	26	43	11	11	68	26
18	101	18	0	40	101	18	0	0	0	15	18	0	0	0	0	0	0	0	15	0	0	40	0	0	0	0	0	0	0	0	0	0	0	0	0	0	30	0	0	0	0	18	18	0	48	0	0	0	11	0	0	107	28	0	18	0	0	0	23	0	40	0	0	18	38	49	0	101	0	15	0	0	54	0
26	102	26	0	45	102	26	0	0	0	23	26	0	11	0	0	0	0	0	23	11	0	45	0	0	0	0	0	0	4	0	0	0	0	0	0	0	36	0	0	0	0	26	26	0	52	0	0	4	20	0	0	108	34	0	26	0	0	11	30	11	45	0	0	26	43	53	0	102	0	23	0	0	57	0
43	106	43	23	56	106	43	18	0	23	41	43	0	34	28	0	0	8	0	41	34	18	56	20	0	0	18	0	0	30	20	23	0	20	8	0	23	50	28	23	23	0	43	43	28	62	0	23	30	40	0	4	111	49	0	43	0	8	34	46	34	56	4	0	43	56	63	0	106	23	41	8	8	67	23
54	108	54	39	65	108	54	35	24	39	53	54	22	47	42	24	0	28	16	53	47	35	65	37	16	8	35	24	16	44	37	39	22	37	28	10	39	59	42	39	39	19	54	54	42	69	24	39	44	51	24	27	113	59	23	54	19	28	47	56	47	65	27	16	54	64	70	22	108	39	53	28	28	74	39
40	105	40	18	54	105	40	11	0	18	38	40	0	30	23	0	0	0	0	38	30	11	54	15	0	0	11	0	0	26	15	18	0	15	0	0	18	47	23	18	18	0	40	40	23	60	0	18	26	36	0	0	111	46	0	40	0	0	30	43	30	54	0	0	40	53	61	0	105	18	38	0	0	65	18
48	107	48	30	60	107	48	26	11	30	46	48	8	40	34	11	0	18	0	46	40	26	60	28	0	0	26	11	0	36	28	30	8	28	18	0	30	54	34	30	30	4	48	48	34	65	11	30	36	45	11	15	112	53	10	48	4	18	40	51	40	60	15	0	48	59	66	8	107	30	46	18	18	70	30
4	99	4	0	32	99	4	0	0	0	0	4	0	0	0	0	0	0	0	0	0	0	32	0	0	0	0	0	0	0	0	0	0	0	0	0	0	20	0	0	0	0	4	4	0	41	0	0	0	0	0	0	106	18	0	4	0	0	0	11	0	32	0	0	4	30	43	0	99	0	0	0	0	49	0
18	101	18	0	40	101	18	0	0	0	15	18	0	0	0	0	0	0	0	15	0	0	40	0	0	0	0	0	0	0	0	0	0	0	0	0	0	30	0	0	0	0	18	18	0	48	0	0	0	11	0	0	107	28	0	18	0	0	0	23	0	40	0	0	18	38	49	0	101	0	15	0	0	54	0
34	104	34	8	51	104	34	0	0	8	32	34	0	23	15	0	0	0	0	32	23	0	51	4	0	0	0	0	0	18	4	8	0	4	0	0	8	43	15	8	8	0	34	34	15	56	0	8	18	30	0	0	110	41	0	34	0	0	23	38	23	51	0	0	34	49	57	0	104	8	32	0	0	62	8
0	94	0	0	0	94	0	0	0	0	0	0	0	0	0	0	0	0	0	0	0	0	0	0	0	0	0	0	0	0	0	0	0	0	0	0	0	0	0	0	0	0	0	0	0	18	0	0	0	0	0	0	101	0	0	0	0	0	0	0	0	0	0	0	0	0	20	0	94	0	0	0	0	30	0
32	103	32	4	49	103	32	0	0	4	30	32	0	20	11	0	0	0	0	30	20	0	49	0	0	0	0	0	0	15	0	4	0	0	0	0	4	41	11	4	4	0	32	32	11	56	0	4	15	28	0	0	109	40	0	32	0	0	20	36	20	49	0	0	32	48	56	0	103	4	30	0	0	61	4
48	107	48	30	60	107	48	26	11	30	46	48	8	40	34	11	0	18	0	46	40	26	60	28	0	0	26	11	0	36	28	30	8	28	18	0	30	54	34	30	30	4	48	48	34	65	11	30	36	45	11	15	112	53	10	48	4	18	40	51	40	60	15	0	48	59	66	8	107	30	46	18	18	70	30
51	108	51	35	63	108	51	31	19	35	50	51	16	44	39	19	0	24	10	50	44	31	63	33	10	0	31	19	10	41	33	35	16	33	24	2	35	56	39	35	35	13	51	51	39	68	19	35	41	48	19	22	112	56	18	51	13	24	44	54	44	63	22	10	51	62	69	16	108	35	50	24	24	72	35
34	104	34	8	51	104	34	0	0	8	32	34	0	23	15	0	0	0	0	32	23	0	51	4	0	0	0	0	0	18	4	8	0	4	0	0	8	43	15	8	8	0	34	34	15	56	0	8	18	30	0	0	110	41	0	34	0	0	23	38	23	51	0	0	34	49	57	0	104	8	32	0	0	62	8
43	106	43	23	56	106	43	18	0	23	41	43	0	34	28	0	0	8	0	41	34	18	56	20	0	0	18	0	0	30	20	23	0	20	8	0	23	50	28	23	23	0	43	43	28	62	0	23	30	40	0	4	111	49	0	43	0	8	34	46	34	56	4	0	43	56	63	0	106	23	41	8	8	67	23
48	107	48	30	60	107	48	26	11	30	46	48	8	40	34	11	0	18	0	46	40	26	60	28	0	0	26	11	0	36	28	30	8	28	18	0	30	54	34	30	30	4	48	48	34	65	11	30	36	45	11	15	112	53	10	48	4	18	40	51	40	60	15	0	48	59	66	8	107	30	46	18	18	70	30
23	102	23	0	43	102	23	0	0	0	20	23	0	8	0	0	0	0	0	20	8	0	43	0	0	0	0	0	0	0	0	0	0	0	0	0	0	34	0	0	0	0	23	23	0	51	0	0	0	18	0	0	108	32	0	23	0	0	8	28	8	43	0	0	23	41	52	0	102	0	20	0	0	56	0
32	103	32	4	49	103	32	0	0	4	30	32	0	20	11	0	0	0	0	30	20	0	49	0	0	0	0	0	0	15	0	4	0	0	0	0	4	41	11	4	4	0	32	32	11	56	0	4	15	28	0	0	109	40	0	32	0	0	20	36	20	49	0	0	32	48	56	0	103	4	30	0	0	61	4
30	103	30	0	48	103	30	0	0	0	28	30	0	18	8	0	0	0	0	28	18	0	48	0	0	0	0	0	0	11	0	0	0	0	0	0	0	39	8	0	0	0	30	30	8	54	0	0	11	26	0	0	109	38	0	30	0	0	18	34	18	48	0	0	30	46	56	0	103	0	28	0	0	60	0
45	106	45	26	57	106	45	20	4	26	43	45	0	36	30	4	0	11	0	43	36	20	57	23	0	0	20	4	0	32	23	26	0	23	11	0	26	52	30	26	26	0	45	45	30	63	4	26	32	41	4	8	112	51	2	45	0	11	36	48	36	57	8	0	45	56	64	0	106	26	43	11	11	68	26
32	103	32	4	49	103	32	0	0	4	30	32	0	20	11	0	0	0	0	30	20	0	49	0	0	0	0	0	0	15	0	4	0	0	0	0	4	41	11	4	4	0	32	32	11	56	0	4	15	28	0	0	109	40	0	32	0	0	20	36	20	49	0	0	32	48	56	0	103	4	30	0	0	61	4
40	105	40	18	54	105	40	11	0	18	38	40	0	30	23	0	0	0	0	38	30	11	54	15	0	0	11	0	0	26	15	18	0	15	0	0	18	47	23	18	18	0	40	40	23	60	0	18	26	36	0	0	111	46	0	40	0	0	30	43	30	54	0	0	40	53	61	0	105	18	38	0	0	65	18
51	108	51	34	62	108	51	30	18	34	49	51	15	43	38	18	0	23	8	49	43	30	62	32	8	0	30	18	8	40	32	34	15	32	23	0	34	56	38	34	34	11	51	51	38	67	18	34	40	48	18	20	112	56	16	51	11	23	43	53	43	62	20	8	51	61	68	15	108	34	49	23	23	72	34
30	103	30	0	48	103	30	0	0	0	28	30	0	18	8	0	0	0	0	28	18	0	48	0	0	0	0	0	0	11	0	0	0	0	0	0	0	39	8	0	0	0	30	30	8	54	0	0	11	26	0	0	109	38	0	30	0	0	18	34	18	48	0	0	30	46	56	0	103	0	28	0	0	60	0
0	96	0	0	18	96	0	0	0	0	0	0	0	0	0	0	0	0	0	0	0	0	18	0	0	0	0	0	0	0	0	0	0	0	0	0	0	0	0	0	0	0	0	0	0	31	0	0	0	0	0	0	103	0	0	0	0	0	0	0	0	18	0	0	0	15	33	0	96	0	0	0	0	40	0
26	102	26	0	45	102	26	0	0	0	23	26	0	11	0	0	0	0	0	23	11	0	45	0	0	0	0	0	0	4	0	0	0	0	0	0	0	36	0	0	0	0	26	26	0	52	0	0	4	20	0	0	108	34	0	26	0	0	11	30	11	45	0	0	26	43	53	0	102	0	23	0	0	57	0
30	103	30	0	48	103	30	0	0	0	28	30	0	18	8	0	0	0	0	28	18	0	48	0	0	0	0	0	0	11	0	0	0	0	0	0	0	39	8	0	0	0	30	30	8	54	0	0	11	26	0	0	109	38	0	30	0	0	18	34	18	48	0	0	30	46	56	0	103	0	28	0	0	60	0
30	103	30	0	48	103	30	0	0	0	28	30	0	18	8	0	0	0	0	28	18	0	48	0	0	0	0	0	0	11	0	0	0	0	0	0	0	39	8	0	0	0	30	30	8	54	0	0	11	26	0	0	109	38	0	30	0	0	18	34	18	48	0	0	30	46	56	0	103	0	28	0	0	60	0
46	106	46	28	59	106	46	23	8	28	45	46	4	38	32	8	0	15	0	45	38	23	59	26	0	0	23	8	0	34	26	28	4	26	15	0	28	53	32	28	28	0	46	46	32	64	8	28	34	43	8	11	112	52	6	46	0	15	38	49	38	59	11	0	46	57	65	4	106	28	45	15	15	69	28
0	99	0	0	30	99	0	0	0	0	0	0	0	0	0	0	0	0	0	0	0	0	30	0	0	0	0	0	0	0	0	0	0	0	0	0	0	17	0	0	0	0	0	0	0	40	0	0	0	0	0	0	105	15	0	0	0	0	0	8	0	30	0	0	0	28	41	0	99	0	0	0	0	48	0
0	99	0	0	30	99	0	0	0	0	0	0	0	0	0	0	0	0	0	0	0	0	30	0	0	0	0	0	0	0	0	0	0	0	0	0	0	17	0	0	0	0	0	0	0	40	0	0	0	0	0	0	105	15	0	0	0	0	0	8	0	30	0	0	0	28	41	0	99	0	0	0	0	48	0
26	102	26	0	45	102	26	0	0	0	23	26	0	11	0	0	0	0	0	23	11	0	45	0	0	0	0	0	0	4	0	0	0	0	0	0	0	36	0	0	0	0	26	26	0	52	0	0	4	20	0	0	108	34	0	26	0	0	11	30	11	45	0	0	26	43	53	0	102	0	23	0	0	57	0
0	91	0	0	0	91	0	0	0	0	0	0	0	0	0	0	0	0	0	0	0	0	0	0	0	0	0	0	0	0	0	0	0	0	0	0	0	0	0	0	0	0	0	0	0	0	0	0	0	0	0	0	99	0	0	0	0	0	0	0	0	0	0	0	0	0	4	0	91	0	0	0	0	18	0
43	106	43	23	56	106	43	18	0	23	41	43	0	34	28	0	0	8	0	41	34	18	56	20	0	0	18	0	0	30	20	23	0	20	8	0	23	50	28	23	23	0	43	43	28	62	0	23	30	40	0	4	111	49	0	43	0	8	34	46	34	56	4	0	43	56	63	0	106	23	41	8	8	67	23
30	103	30	0	48	103	30	0	0	0	28	30	0	18	8	0	0	0	0	28	18	0	48	0	0	0	0	0	0	11	0	0	0	0	0	0	0	39	8	0	0	0	30	30	8	54	0	0	11	26	0	0	109	38	0	30	0	0	18	34	18	48	0	0	30	46	56	0	103	0	28	0	0	60	0
23	102	23	0	43	102	23	0	0	0	20	23	0	8	0	0	0	0	0	20	8	0	43	0	0	0	0	0	0	0	0	0	0	0	0	0	0	34	0	0	0	0	23	23	0	51	0	0	0	18	0	0	108	32	0	23	0	0	8	28	8	43	0	0	23	41	52	0	102	0	20	0	0	56	0
8	100	8	0	34	100	8	0	0	0	4	8	0	0	0	0	0	0	0	4	0	0	34	0	0	0	0	0	0	0	0	0	0	0	0	0	0	23	0	0	0	0	8	8	0	43	0	0	0	0	0	0	106	20	0	8	0	0	0	15	0	34	0	0	8	32	45	0	100	0	4	0	0	51	0
43	106	43	23	56	106	43	18	0	23	41	43	0	34	28	0	0	8	0	41	34	18	56	20	0	0	18	0	0	30	20	23	0	20	8	0	23	50	28	23	23	0	43	43	28	62	0	23	30	40	0	4	111	49	0	43	0	8	34	46	34	56	4	0	43	56	63	0	106	23	41	8	8	67	23
41	105	41	20	56	105	41	15	0	20	40	41	0	32	26	0	0	4	0	40	32	15	56	18	0	0	15	0	0	28	18	20	0	18	4	0	20	49	26	20	20	0	41	41	26	61	0	20	28	38	0	0	111	48	0	41	0	4	32	45	32	56	0	0	41	54	62	0	105	20	40	4	4	66	20
0	0	0	0	0	0	0	0	0	0	0	0	0	0	0	0	0	0	0	0	0	0	0	0	0	0	0	0	0	0	0	0	0	0	0	0	0	0	0	0	0	0	0	0	0	0	0	0	0	0	0	0	0	0	0	0	0	0	0	0	0	0	0	0	0	0	0	0	0	0	0	0	0	0	0
0	97	0	0	20	97	0	0	0	0	0	0	0	0	0	0	0	0	0	0	0	0	20	0	0	0	0	0	0	0	0	0	0	0	0	0	0	3	0	0	0	0	0	0	0	32	0	0	0	0	0	0	104	0	0	0	0	0	0	0	0	20	0	0	0	18	34	0	97	0	0	0	0	41	0
44	106	44	24	56	106	44	19	2	24	42	44	0	35	28	2	0	10	0	42	35	19	56	22	0	0	19	2	0	31	22	24	0	22	10	0	24	51	28	24	24	0	44	44	28	63	2	24	31	41	2	6	112	50	0	44	0	10	35	47	35	56	6	0	44	56	64	0	106	24	42	10	10	68	24
0	99	0	0	30	99	0	0	0	0	0	0	0	0	0	0	0	0	0	0	0	0	30	0	0	0	0	0	0	0	0	0	0	0	0	0	0	17	0	0	0	0	0	0	0	40	0	0	0	0	0	0	105	15	0	0	0	0	0	8	0	30	0	0	0	28	41	0	99	0	0	0	0	48	0
46	106	46	28	59	106	46	23	8	28	45	46	4	38	32	8	0	15	0	45	38	23	59	26	0	0	23	8	0	34	26	28	4	26	15	0	28	53	32	28	28	0	46	46	32	64	8	28	34	43	8	11	112	52	6	46	0	15	38	49	38	59	11	0	46	57	65	4	106	28	45	15	15	69	28
40	105	40	18	54	105	40	11	0	18	38	40	0	30	23	0	0	0	0	38	30	11	54	15	0	0	11	0	0	26	15	18	0	15	0	0	18	47	23	18	18	0	40	40	23	60	0	18	26	36	0	0	111	46	0	40	0	0	30	43	30	54	0	0	40	53	61	0	105	18	38	0	0	65	18
18	101	18	0	40	101	18	0	0	0	15	18	0	0	0	0	0	0	0	15	0	0	40	0	0	0	0	0	0	0	0	0	0	0	0	0	0	30	0	0	0	0	18	18	0	48	0	0	0	11	0	0	107	28	0	18	0	0	0	23	0	40	0	0	18	38	49	0	101	0	15	0	0	54	0
0	98	0	0	26	98	0	0	0	0	0	0	0	0	0	0	0	0	0	0	0	0	26	0	0	0	0	0	0	0	0	0	0	0	0	0	0	11	0	0	0	0	0	0	0	36	0	0	0	0	0	0	105	8	0	0	0	0	0	0	0	26	0	0	0	23	38	0	98	0	0	0	0	45	0
18	101	18	0	40	101	18	0	0	0	15	18	0	0	0	0	0	0	0	15	0	0	40	0	0	0	0	0	0	0	0	0	0	0	0	0	0	30	0	0	0	0	18	18	0	48	0	0	0	11	0	0	107	28	0	18	0	0	0	23	0	40	0	0	18	38	49	0	101	0	15	0	0	54	0
0	94	0	0	0	94	0	0	0	0	0	0	0	0	0	0	0	0	0	0	0	0	0	0	0	0	0	0	0	0	0	0	0	0	0	0	0	0	0	0	0	0	0	0	0	18	0	0	0	0	0	0	101	0	0	0	0	0	0	0	0	0	0	0	0	0	20	0	94	0	0	0	0	30	0
41	105	41	20	56	105	41	15	0	20	40	41	0	32	26	0	0	4	0	40	32	15	56	18	0	0	15	0	0	28	18	20	0	18	4	0	20	49	26	20	20	0	41	41	26	61	0	20	28	38	0	0	111	48	0	41	0	4	32	45	32	56	0	0	41	54	62	0	105	20	40	4	4	66	20
48	107	48	30	60	107	48	26	11	30	46	48	8	40	34	11	0	18	0	46	40	26	60	28	0	0	26	11	0	36	28	30	8	28	18	0	30	54	34	30	30	4	48	48	34	65	11	30	36	45	11	15	112	53	10	48	4	18	40	51	40	60	15	0	48	59	66	8	107	30	46	18	18	70	30
0	99	0	0	30	99	0	0	0	0	0	0	0	0	0	0	0	0	0	0	0	0	30	0	0	0	0	0	0	0	0	0	0	0	0	0	0	17	0	0	0	0	0	0	0	40	0	0	0	0	0	0	105	15	0	0	0	0	0	8	0	30	0	0	0	28	41	0	99	0	0	0	0	48	0
0	94	0	0	4	94	0	0	0	0	0	0	0	0	0	0	0	0	0	0	0	0	4	0	0	0	0	0	0	0	0	0	0	0	0	0	0	0	0	0	0	0	0	0	0	20	0	0	0	0	0	0	102	0	0	0	0	0	0	0	0	4	0	0	0	0	23	0	94	0	0	0	0	32	0
0	91	0	0	0	91	0	0	0	0	0	0	0	0	0	0	0	0	0	0	0	0	0	0	0	0	0	0	0	0	0	0	0	0	0	0	0	0	0	0	0	0	0	0	0	0	0	0	0	0	0	0	99	0	0	0	0	0	0	0	0	0	0	0	0	0	0	0	91	0	0	0	0	15	0
45	106	45	26	57	106	45	20	4	26	43	45	0	36	30	4	0	11	0	43	36	20	57	23	0	0	20	4	0	32	23	26	0	23	11	0	26	52	30	26	26	0	45	45	30	63	4	26	32	41	4	8	112	51	2	45	0	11	36	48	36	57	8	0	45	56	64	0	106	26	43	11	11	68	26
0	0	0	0	0	0	0	0	0	0	0	0	0	0	0	0	0	0	0	0	0	0	0	0	0	0	0	0	0	0	0	0	0	0	0	0	0	0	0	0	0	0	0	0	0	0	0	0	0	0	0	0	41	0	0	0	0	0	0	0	0	0	0	0	0	0	0	0	0	0	0	0	0	0	0
30	103	30	0	48	103	30	0	0	0	28	30	0	18	8	0	0	0	0	28	18	0	48	0	0	0	0	0	0	11	0	0	0	0	0	0	0	39	8	0	0	0	30	30	8	54	0	0	11	26	0	0	109	38	0	30	0	0	18	34	18	48	0	0	30	46	56	0	103	0	28	0	0	60	0
4	99	4	0	32	99	4	0	0	0	0	4	0	0	0	0	0	0	0	0	0	0	32	0	0	0	0	0	0	0	0	0	0	0	0	0	0	20	0	0	0	0	4	4	0	41	0	0	0	0	0	0	106	18	0	4	0	0	0	11	0	32	0	0	4	30	43	0	99	0	0	0	0	49	0
40	105	40	18	54	105	40	11	0	18	38	40	0	30	23	0	0	0	0	38	30	11	54	15	0	0	11	0	0	26	15	18	0	15	0	0	18	47	23	18	18	0	40	40	23	60	0	18	26	36	0	0	111	46	0	40	0	0	30	43	30	54	0	0	40	53	61	0	105	18	38	0	0	65	18
40	105	40	18	54	105	40	11	0	18	38	40	0	30	23	0	0	0	0	38	30	11	54	15	0	0	11	0	0	26	15	18	0	15	0	0	18	47	23	18	18	0	40	40	23	60	0	18	26	36	0	0	111	46	0	40	0	0	30	43	30	54	0	0	40	53	61	0	105	18	38	0	0	65	18
0	89	0	0	0	89	0	0	0	0	0	0	0	0	0	0	0	0	0	0	0	0	0	0	0	0	0	0	0	0	0	0	0	0	0	0	0	0	0	0	0	0	0	0	0	0	0	0	0	0	0	0	97	0	0	0	0	0	0	0	0	0	0	0	0	0	0	0	89	0	0	0	0	0	0
30	103	30	0	48	103	30	0	0	0	28	30	0	18	8	0	0	0	0	28	18	0	48	0	0	0	0	0	0	11	0	0	0	0	0	0	0	39	8	0	0	0	30	30	8	54	0	0	11	26	0	0	109	38	0	30	0	0	18	34	18	48	0	0	30	46	56	0	103	0	28	0	0	60	0

0	0	0	30	0	0	0	34	43	30	4	0	45	18	26	43	54	40	48	4	18	34	0	32	48	51	34	43	48	23	32	30	45	32	40	51	30	0	26	30	30	46	0	0	26	0	43	30	23	8	43	41	0	0	44	0	46	40	18	0	18	0	41	48	0	0	0	45	0	30	4	40	40	0	30
99	0	99	103	94	0	99	104	106	103	99	99	106	101	102	106	108	105	107	99	101	104	94	103	107	108	104	106	107	102	103	103	106	103	105	108	103	96	102	103	103	106	99	99	102	91	106	103	102	100	106	105	0	97	106	99	106	105	101	98	101	94	105	107	99	94	91	106	0	103	99	105	105	89	103
0	0	0	30	0	0	0	34	43	30	4	0	45	18	26	43	54	40	48	4	18	34	0	32	48	51	34	43	48	23	32	30	45	32	40	51	30	0	26	30	30	46	0	0	26	0	43	30	23	8	43	41	0	0	44	0	46	40	18	0	18	0	41	48	0	0	0	45	0	30	4	40	40	0	30
0	0	0	0	0	0	0	8	23	0	0	0	26	0	0	23	39	18	30	0	0	8	0	4	30	35	8	23	30	0	4	0	26	4	18	34	0	0	0	0	0	28	0	0	0	0	23	0	0	0	23	20	0	0	24	0	28	18	0	0	0	0	20	30	0	0	0	26	0	0	0	18	18	0	0
30	0	30	48	0	0	30	51	56	48	32	30	57	40	45	56	65	54	60	32	40	51	0	49	60	63	51	56	60	43	49	48	57	49	54	62	48	18	45	48	48	59	30	30	45	0	56	48	43	34	56	56	0	20	56	30	59	54	40	26	40	0	56	60	30	4	0	57	0	48	32	54	54	0	48
99	0	99	103	94	0	99	104	106	103	99	99	106	101	102	106	108	105	107	99	101	104	94	103	107	108	104	106	107	102	103	103	106	103	105	108	103	96	102	103	103	106	99	99	102	91	106	103	102	100	106	105	0	97	106	99	106	105	101	98	101	94	105	107	99	94	91	106	0	103	99	105	105	89	103
0	0	0	30	0	0	0	34	43	30	4	0	45	18	26	43	54	40	48	4	18	34	0	32	48	51	34	43	48	23	32	30	45	32	40	51	30	0	26	30	30	46	0	0	26	0	43	30	23	8	43	41	0	0	44	0	46	40	18	0	18	0	41	48	0	0	0	45	0	30	4	40	40	0	30
0	0	0	0	0	0	0	0	18	0	0	0	20	0	0	18	35	11	26	0	0	0	0	0	26	31	0	18	26	0	0	0	20	0	11	30	0	0	0	0	0	23	0	0	0	0	18	0	0	0	18	15	0	0	19	0	23	11	0	0	0	0	15	26	0	0	0	20	0	0	0	11	11	0	0
0	0	0	0	0	0	0	0	0	0	0	0	4	0	0	0	24	0	11	0	0	0	0	0	11	19	0	0	11	0	0	0	4	0	0	18	0	0	0	0	0	8	0	0	0	0	0	0	0	0	0	0	0	0	2	0	8	0	0	0	0	0	0	11	0	0	0	4	0	0	0	0	0	0	0
0	0	0	0	0	0	0	8	23	0	0	0	26	0	0	23	39	18	30	0	0	8	0	4	30	35	8	23	30	0	4	0	26	4	18	34	0	0	0	0	0	28	0	0	0	0	23	0	0	0	23	20	0	0	24	0	28	18	0	0	0	0	20	30	0	0	0	26	0	0	0	18	18	0	0
0	0	0	28	0	0	0	32	41	28	0	0	43	15	23	41	53	38	46	0	15	32	0	30	46	50	32	41	46	20	30	28	43	30	38	49	28	0	23	28	28	45	0	0	23	0	41	28	20	4	41	40	0	0	42	0	45	38	15	0	15	0	40	46	0	0	0	43	0	28	0	38	38	0	28
0	0	0	30	0	0	0	34	43	30	4	0	45	18	26	43	54	40	48	4	18	34	0	32	48	51	34	43	48	23	32	30	45	32	40	51	30	0	26	30	30	46	0	0	26	0	43	30	23	8	43	41	0	0	44	0	46	40	18	0	18	0	41	48	0	0	0	45	0	30	4	40	40	0	30
0	0	0	0	0	0	0	0	0	0	0	0	0	0	0	0	22	0	8	0	0	0	0	0	8	16	0	0	8	0	0	0	0	0	0	15	0	0	0	0	0	4	0	0	0	0	0	0	0	0	0	0	0	0	0	0	4	0	0	0	0	0	0	8	0	0	0	0	0	0	0	0	0	0	0
0	0	0	18	0	0	0	23	34	18	0	0	36	0	11	34	47	30	40	0	0	23	0	20	40	44	23	34	40	8	20	18	36	20	30	43	18	0	11	18	18	38	0	0	11	0	34	18	8	0	34	32	0	0	35	0	38	30	0	0	0	0	32	40	0	0	0	36	0	18	0	30	30	0	18
0	0	0	8	0	0	0	15	28	8	0	0	30	0	0	28	42	23	34	0	0	15	0	11	34	39	15	28	34	0	11	8	30	11	23	38	8	0	0	8	8	32	0	0	0	0	28	8	0	0	28	26	0	0	28	0	32	23	0	0	0	0	26	34	0	0	0	30	0	8	0	23	23	0	8
0	0	0	0	0	0	0	0	0	0	0	0	4	0	0	0	24	0	11	0	0	0	0	0	11	19	0	0	11	0	0	0	4	0	0	18	0	0	0	0	0	8	0	0	0	0	0	0	0	0	0	0	0	0	2	0	8	0	0	0	0	0	0	11	0	0	0	4	0	0	0	0	0	0	0
0	0	0	0	0	0	0	0	0	0	0	0	0	0	0	0	0	0	0	0	0	0	0	0	0	0	0	0	0	0	0	0	0	0	0	0	0	0	0	0	0	0	0	0	0	0	0	0	0	0	0	0	0	0	0	0	0	0	0	0	0	0	0	0	0	0	0	0	0	0	0	0	0	0	0
0	0	0	0	0	0	0	0	8	0	0	0	11	0	0	8	28	0	18	0	0	0	0	0	18	24	0	8	18	0	0	0	11	0	0	23	0	0	0	0	0	15	0	0	0	0	8	0	0	0	8	4	0	0	10	0	15	0	0	0	0	0	4	18	0	0	0	11	0	0	0	0	0	0	0
0	0	0	0	0	0	0	0	0	0	0	0	0	0	0	0	16	0	0	0	0	0	0	0	0	10	0	0	0	0	0	0	0	0	0	8	0	0	0	0	0	0	0	0	0	0	0	0	0	0	0	0	0	0	0	0	0	0	0	0	0	0	0	0	0	0	0	0	0	0	0	0	0	0	0
0	0	0	28	0	0	0	32	41	28	0	0	43	15	23	41	53	38	46	0	15	32	0	30	46	50	32	41	46	20	30	28	43	30	38	49	28	0	23	28	28	45	0	0	23	0	41	28	20	4	41	40	0	0	42	0	45	38	15	0	15	0	40	46	0	0	0	43	0	28	0	38	38	0	28
0	0	0	18	0	0	0	23	34	18	0	0	36	0	11	34	47	30	40	0	0	23	0	20	40	44	23	34	40	8	20	18	36	20	30	43	18	0	11	18	18	38	0	0	11	0	34	18	8	0	34	32	0	0	35	0	38	30	0	0	0	0	32	40	0	0	0	36	0	18	0	30	30	0	18
0	0	0	0	0	0	0	0	18	0	0	0	20	0	0	18	35	11	26	0	0	0	0	0	26	31	0	18	26	0	0	0	20	0	11	30	0	0	0	0	0	23	0	0	0	0	18	0	0	0	18	15	0	0	19	0	23	11	0	0	0	0	15	26	0	0	0	20	0	0	0	11	11	0	0
30	0	30	48	0	0	30	51	56	48	32	30	57	40	45	56	65	54	60	32	40	51	0	49	60	63	51	56	60	43	49	48	57	49	54	62	48	18	45	48	48	59	30	30	45	0	56	48	43	34	56	56	0	20	56	30	59	54	40	26	40	0	56	60	30	4	0	57	0	48	32	54	54	0	48
0	0	0	0	0	0	0	4	20	0	0	0	23	0	0	20	37	15	28	0	0	4	0	0	28	33	4	20	28	0	0	0	23	0	15	32	0	0	0	0	0	26	0	0	0	0	20	0	0	0	20	18	0	0	22	0	26	15	0	0	0	0	18	28	0	0	0	23	0	0	0	15	15	0	0
0	0	0	0	0	0	0	0	0	0	0	0	0	0	0	0	16	0	0	0	0	0	0	0	0	10	0	0	0	0	0	0	0	0	0	8	0	0	0	0	0	0	0	0	0	0	0	0	0	0	0	0	0	0	0	0	0	0	0	0	0	0	0	0	0	0	0	0	0	0	0	0	0	0	0
0	0	0	0	0	0	0	0	0	0	0	0	0	0	0	0	8	0	0	0	0	0	0	0	0	0	0	0	0	0	0	0	0	0	0	0	0	0	0	0	0	0	0	0	0	0	0	0	0	0	0	0	0	0	0	0	0	0	0	0	0	0	0	0	0	0	0	0	0	0	0	0	0	0	0
0	0	0	0	0	0	0	0	18	0	0	0	20	0	0	18	35	11	26	0	0	0	0	0	26	31	0	18	26	0	0	0	20	0	11	30	0	0	0	0	0	23	0	0	0	0	18	0	0	0	18	15	0	0	19	0	23	11	0	0	0	0	15	26	0	0	0	20	0	0	0	11	11	0	0
0	0	0	0	0	0	0	0	0	0	0	0	4	0	0	0	24	0	11	0	0	0	0	0	11	19	0	0	11	0	0	0	4	0	0	18	0	0	0	0	0	8	0	0	0	0	0	0	0	0	0	0	0	0	2	0	8	0	0	0	0	0	0	11	0	0	0	4	0	0	0	0	0	0	0
0	0	0	0	0	0	0	0	0	0	0	0	0	0	0	0	16	0	0	0	0	0	0	0	0	10	0	0	0	0	0	0	0	0	0	8	0	0	0	0	0	0	0	0	0	0	0	0	0	0	0	0	0	0	0	0	0	0	0	0	0	0	0	0	0	0	0	0	0	0	0	0	0	0	0
0	0	0	11	0	0	0	18	30	11	0	0	32	0	4	30	44	26	36	0	0	18	0	15	36	41	18	30	36	0	15	11	32	15	26	40	11	0	4	11	11	34	0	0	4	0	30	11	0	0	30	28	0	0	31	0	34	26	0	0	0	0	28	36	0	0	0	32	0	11	0	26	26	0	11
0	0	0	0	0	0	0	4	20	0	0	0	23	0	0	20	37	15	28	0	0	4	0	0	28	33	4	20	28	0	0	0	23	0	15	32	0	0	0	0	0	26	0	0	0	0	20	0	0	0	20	18	0	0	22	0	26	15	0	0	0	0	18	28	0	0	0	23	0	0	0	15	15	0	0
0	0	0	0	0	0	0	8	23	0	0	0	26	0	0	23	39	18	30	0	0	8	0	4	30	35	8	23	30	0	4	0	26	4	18	34	0	0	0	0	0	28	0	0	0	0	23	0	0	0	23	20	0	0	24	0	28	18	0	0	0	0	20	30	0	0	0	26	0	0	0	18	18	0	0
0	0	0	0	0	0	0	0	0	0	0	0	0	0	0	0	22	0	8	0	0	0	0	0	8	16	0	0	8	0	0	0	0	0	0	15	0	0	0	0	0	4	0	0	0	0	0	0	0	0	0	0	0	0	0	0	4	0	0	0	0	0	0	8	0	0	0	0	0	0	0	0	0	0	0
0	0	0	0	0	0	0	4	20	0	0	0	23	0	0	20	37	15	28	0	0	4	0	0	28	33	4	20	28	0	0	0	23	0	15	32	0	0	0	0	0	26	0	0	0	0	20	0	0	0	20	18	0	0	22	0	26	15	0	0	0	0	18	28	0	0	0	23	0	0	0	15	15	0	0
0	0	0	0	0	0	0	0	8	0	0	0	11	0	0	8	28	0	18	0	0	0	0	0	18	24	0	8	18	0	0	0	11	0	0	23	0	0	0	0	0	15	0	0	0	0	8	0	0	0	8	4	0	0	10	0	15	0	0	0	0	0	4	18	0	0	0	11	0	0	0	0	0	0	0
0	0	0	0	0	0	0	0	0	0	0	0	0	0	0	0	10	0	0	0	0	0	0	0	0	2	0	0	0	0	0	0	0	0	0	0	0	0	0	0	0	0	0	0	0	0	0	0	0	0	0	0	0	0	0	0	0	0	0	0	0	0	0	0	0	0	0	0	0	0	0	0	0	0	0
0	0	0	0	0	0	0	8	23	0	0	0	26	0	0	23	39	18	30	0	0	8	0	4	30	35	8	23	30	0	4	0	26	4	18	34	0	0	0	0	0	28	0	0	0	0	23	0	0	0	23	20	0	0	24	0	28	18	0	0	0	0	20	30	0	0	0	26	0	0	0	18	18	0	0
17	0	17	39	0	0	17	43	50	39	20	17	52	30	36	50	59	47	54	20	30	43	0	41	54	56	43	50	54	34	41	39	52	41	47	56	39	0	36	39	39	53	17	17	36	0	50	39	34	23	50	49	0	3	51	17	53	47	30	11	30	0	49	54	17	0	0	52	0	39	20	47	47	0	39
0	0	0	8	0	0	0	15	28	8	0	0	30	0	0	28	42	23	34	0	0	15	0	11	34	39	15	28	34	0	11	8	30	11	23	38	8	0	0	8	8	32	0	0	0	0	28	8	0	0	28	26	0	0	28	0	32	23	0	0	0	0	26	34	0	0	0	30	0	8	0	23	23	0	8
0	0	0	0	0	0	0	8	23	0	0	0	26	0	0	23	39	18	30	0	0	8	0	4	30	35	8	23	30	0	4	0	26	4	18	34	0	0	0	0	0	28	0	0	0	0	23	0	0	0	23	20	0	0	24	0	28	18	0	0	0	0	20	30	0	0	0	26	0	0	0	18	18	0	0
0	0	0	0	0	0	0	8	23	0	0	0	26	0	0	23	39	18	30	0	0	8	0	4	30	35	8	23	30	0	4	0	26	4	18	34	0	0	0	0	0	28	0	0	0	0	23	0	0	0	23	20	0	0	24	0	28	18	0	0	0	0	20	30	0	0	0	26	0	0	0	18	18	0	0
0	0	0	0	0	0	0	0	0	0	0	0	0	0	0	0	19	0	4	0	0	0	0	0	4	13	0	0	4	0	0	0	0	0	0	11	0	0	0	0	0	0	0	0	0	0	0	0	0	0	0	0	0	0	0	0	0	0	0	0	0	0	0	4	0	0	0	0	0	0	0	0	0	0	0
0	0	0	30	0	0	0	34	43	30	4	0	45	18	26	43	54	40	48	4	18	34	0	32	48	51	34	43	48	23	32	30	45	32	40	51	30	0	26	30	30	46	0	0	26	0	43	30	23	8	43	41	0	0	44	0	46	40	18	0	18	0	41	48	0	0	0	45	0	30	4	40	40	0	30
0	0	0	30	0	0	0	34	43	30	4	0	45	18	26	43	54	40	48	4	18	34	0	32	48	51	34	43	48	23	32	30	45	32	40	51	30	0	26	30	30	46	0	0	26	0	43	30	23	8	43	41	0	0	44	0	46	40	18	0	18	0	41	48	0	0	0	45	0	30	4	40	40	0	30
0	0	0	8	0	0	0	15	28	8	0	0	30	0	0	28	42	23	34	0	0	15	0	11	34	39	15	28	34	0	11	8	30	11	23	38	8	0	0	8	8	32	0	0	0	0	28	8	0	0	28	26	0	0	28	0	32	23	0	0	0	0	26	34	0	0	0	30	0	8	0	23	23	0	8
40	0	40	54	18	0	40	56	62	54	41	40	63	48	52	62	69	60	65	41	48	56	18	56	65	68	56	62	65	51	56	54	63	56	60	67	54	31	52	54	54	64	40	40	52	0	62	54	51	43	62	61	0	32	63	40	64	60	48	36	48	18	61	65	40	20	0	63	0	54	41	60	60	0	54
0	0	0	0	0	0	0	0	0	0	0	0	4	0	0	0	24	0	11	0	0	0	0	0	11	19	0	0	11	0	0	0	4	0	0	18	0	0	0	0	0	8	0	0	0	0	0	0	0	0	0	0	0	0	2	0	8	0	0	0	0	0	0	11	0	0	0	4	0	0	0	0	0	0	0
0	0	0	0	0	0	0	8	23	0	0	0	26	0	0	23	39	18	30	0	0	8	0	4	30	35	8	23	30	0	4	0	26	4	18	34	0	0	0	0	0	28	0	0	0	0	23	0	0	0	23	20	0	0	24	0	28	18	0	0	0	0	20	30	0	0	0	26	0	0	0	18	18	0	0
0	0	0	11	0	0	0	18	30	11	0	0	32	0	4	30	44	26	36	0	0	18	0	15	36	41	18	30	36	0	15	11	32	15	26	40	11	0	4	11	11	34	0	0	4	0	30	11	0	0	30	28	0	0	31	0	34	26	0	0	0	0	28	36	0	0	0	32	0	11	0	26	26	0	11
0	0	0	26	0	0	0	30	40	26	0	0	41	11	20	40	51	36	45	0	11	30	0	28	45	48	30	40	45	18	28	26	41	28	36	48	26	0	20	26	26	43	0	0	20	0	40	26	18	0	40	38	0	0	41	0	43	36	11	0	11	0	38	45	0	0	0	41	0	26	0	36	36	0	26
0	0	0	0	0	0	0	0	0	0	0	0	4	0	0	0	24	0	11	0	0	0	0	0	11	19	0	0	11	0	0	0	4	0	0	18	0	0	0	0	0	8	0	0	0	0	0	0	0	0	0	0	0	0	2	0	8	0	0	0	0	0	0	11	0	0	0	4	0	0	0	0	0	0	0
0	0	0	0	0	0	0	0	4	0	0	0	8	0	0	4	27	0	15	0	0	0	0	0	15	22	0	4	15	0	0	0	8	0	0	20	0	0	0	0	0	11	0	0	0	0	4	0	0	0	4	0	0	0	6	0	11	0	0	0	0	0	0	15	0	0	0	8	0	0	0	0	0	0	0
105	41	105	109	101	41	105	110	111	109	106	105	112	107	108	111	113	111	112	106	107	110	101	109	112	112	110	111	112	108	109	109	112	109	111	112	109	103	108	109	109	112	105	105	108	99	111	109	108	106	111	111	0	104	112	105	112	111	107	105	107	101	111	112	105	102	99	112	41	109	106	111	111	97	109
15	0	15	38	0	0	15	41	49	38	18	15	51	28	34	49	59	46	53	18	28	41	0	40	53	56	41	49	53	32	40	38	51	40	46	56	38	0	34	38	38	52	15	15	34	0	49	38	32	20	49	48	0	0	50	15	52	46	28	8	28	0	48	53	15	0	0	51	0	38	18	46	46	0	38
0	0	0	0	0	0	0	0	0	0	0	0	2	0	0	0	23	0	10	0	0	0	0	0	10	18	0	0	10	0	0	0	2	0	0	16	0	0	0	0	0	6	0	0	0	0	0	0	0	0	0	0	0	0	0	0	6	0	0	0	0	0	0	10	0	0	0	2	0	0	0	0	0	0	0
0	0	0	30	0	0	0	34	43	30	4	0	45	18	26	43	54	40	48	4	18	34	0	32	48	51	34	43	48	23	32	30	45	32	40	51	30	0	26	30	30	46	0	0	26	0	43	30	23	8	43	41	0	0	44	0	46	40	18	0	18	0	41	48	0	0	0	45	0	30	4	40	40	0	30
0	0	0	0	0	0	0	0	0	0	0	0	0	0	0	0	19	0	4	0	0	0	0	0	4	13	0	0	4	0	0	0	0	0	0	11	0	0	0	0	0	0	0	0	0	0	0	0	0	0	0	0	0	0	0	0	0	0	0	0	0	0	0	4	0	0	0	0	0	0	0	0	0	0	0
0	0	0	0	0	0	0	0	8	0	0	0	11	0	0	8	28	0	18	0	0	0	0	0	18	24	0	8	18	0	0	0	11	0	0	23	0	0	0	0	0	15	0	0	0	0	8	0	0	0	8	4	0	0	10	0	15	0	0	0	0	0	4	18	0	0	0	11	0	0	0	0	0	0	0
0	0	0	18	0	0	0	23	34	18	0	0	36	0	11	34	47	30	40	0	0	23	0	20	40	44	23	34	40	8	20	18	36	20	30	43	18	0	11	18	18	38	0	0	11	0	34	18	8	0	34	32	0	0	35	0	38	30	0	0	0	0	32	40	0	0	0	36	0	18	0	30	30	0	18
8	0	8	34	0	0	8	38	46	34	11	8	48	23	30	46	56	43	51	11	23	38	0	36	51	54	38	46	51	28	36	34	48	36	43	53	34	0	30	34	34	49	8	8	30	0	46	34	28	15	46	45	0	0	47	8	49	43	23	0	23	0	45	51	8	0	0	48	0	34	11	43	43	0	34
0	0	0	18	0	0	0	23	34	18	0	0	36	0	11	34	47	30	40	0	0	23	0	20	40	44	23	34	40	8	20	18	36	20	30	43	18	0	11	18	18	38	0	0	11	0	34	18	8	0	34	32	0	0	35	0	38	30	0	0	0	0	32	40	0	0	0	36	0	18	0	30	30	0	18
30	0	30	48	0	0	30	51	56	48	32	30	57	40	45	56	65	54	60	32	40	51	0	49	60	63	51	56	60	43	49	48	57	49	54	62	48	18	45	48	48	59	30	30	45	0	56	48	43	34	56	56	0	20	56	30	59	54	40	26	40	0	56	60	30	4	0	57	0	48	32	54	54	0	48
0	0	0	0	0	0	0	0	4	0	0	0	8	0	0	4	27	0	15	0	0	0	0	0	15	22	0	4	15	0	0	0	8	0	0	20	0	0	0	0	0	11	0	0	0	0	4	0	0	0	4	0	0	0	6	0	11	0	0	0	0	0	0	15	0	0	0	8	0	0	0	0	0	0	0
0	0	0	0	0	0	0	0	0	0	0	0	0	0	0	0	16	0	0	0	0	0	0	0	0	10	0	0	0	0	0	0	0	0	0	8	0	0	0	0	0	0	0	0	0	0	0	0	0	0	0	0	0	0	0	0	0	0	0	0	0	0	0	0	0	0	0	0	0	0	0	0	0	0	0
0	0	0	30	0	0	0	34	43	30	4	0	45	18	26	43	54	40	48	4	18	34	0	32	48	51	34	43	48	23	32	30	45	32	40	51	30	0	26	30	30	46	0	0	26	0	43	30	23	8	43	41	0	0	44	0	46	40	18	0	18	0	41	48	0	0	0	45	0	30	4	40	40	0	30
28	0	28	46	0	0	28	49	56	46	30	28	56	38	43	56	64	53	59	30	38	49	0	48	59	62	49	56	59	41	48	46	56	48	53	61	46	15	43	46	46	57	28	28	43	0	56	46	41	32	56	54	0	18	56	28	57	53	38	23	38	0	54	59	28	0	0	56	0	46	30	53	53	0	46
41	0	41	56	20	0	41	57	63	56	43	41	64	49	53	63	70	61	66	43	49	57	20	56	66	69	57	63	66	52	56	56	64	56	61	68	56	33	53	56	56	65	41	41	53	4	63	56	52	45	63	62	0	34	64	41	65	61	49	38	49	20	62	66	41	23	0	64	0	56	43	61	61	0	56
0	0	0	0	0	0	0	0	0	0	0	0	0	0	0	0	22	0	8	0	0	0	0	0	8	16	0	0	8	0	0	0	0	0	0	15	0	0	0	0	0	4	0	0	0	0	0	0	0	0	0	0	0	0	0	0	4	0	0	0	0	0	0	8	0	0	0	0	0	0	0	0	0	0	0
99	0	99	103	94	0	99	104	106	103	99	99	106	101	102	106	108	105	107	99	101	104	94	103	107	108	104	106	107	102	103	103	106	103	105	108	103	96	102	103	103	106	99	99	102	91	106	103	102	100	106	105	0	97	106	99	106	105	101	98	101	94	105	107	99	94	91	106	0	103	99	105	105	89	103
0	0	0	0	0	0	0	8	23	0	0	0	26	0	0	23	39	18	30	0	0	8	0	4	30	35	8	23	30	0	4	0	26	4	18	34	0	0	0	0	0	28	0	0	0	0	23	0	0	0	23	20	0	0	24	0	28	18	0	0	0	0	20	30	0	0	0	26	0	0	0	18	18	0	0
0	0	0	28	0	0	0	32	41	28	0	0	43	15	23	41	53	38	46	0	15	32	0	30	46	50	32	41	46	20	30	28	43	30	38	49	28	0	23	28	28	45	0	0	23	0	41	28	20	4	41	40	0	0	42	0	45	38	15	0	15	0	40	46	0	0	0	43	0	28	0	38	38	0	28
0	0	0	0	0	0	0	0	8	0	0	0	11	0	0	8	28	0	18	0	0	0	0	0	18	24	0	8	18	0	0	0	11	0	0	23	0	0	0	0	0	15	0	0	0	0	8	0	0	0	8	4	0	0	10	0	15	0	0	0	0	0	4	18	0	0	0	11	0	0	0	0	0	0	0
0	0	0	0	0	0	0	0	8	0	0	0	11	0	0	8	28	0	18	0	0	0	0	0	18	24	0	8	18	0	0	0	11	0	0	23	0	0	0	0	0	15	0	0	0	0	8	0	0	0	8	4	0	0	10	0	15	0	0	0	0	0	4	18	0	0	0	11	0	0	0	0	0	0	0
48	0	48	60	30	0	48	62	67	60	49	48	68	54	57	67	74	65	70	49	54	62	30	61	70	72	62	67	70	56	61	60	68	61	65	72	60	40	57	60	60	69	48	48	57	18	67	60	56	51	67	66	0	41	68	48	69	65	54	45	54	30	66	70	48	32	15	68	0	60	49	65	65	0	60
0	0	0	0	0	0	0	8	23	0	0	0	26	0	0	23	39	18	30	0	0	8	0	4	30	35	8	23	30	0	4	0	26	4	18	34	0	0	0	0	0	28	0	0	0	0	23	0	0	0	23	20	0	0	24	0	28	18	0	0	0	0	20	30	0	0	0	26	0	0	0	18	18	0	0