1562 1681 1714 1730 1345 1679 1573 1733 1655 1721 1647 1659 1679 1701 1705 1731 1682 1694 1473 1346 1425 1701 1700 1501 1732 1524 1705 1580 1333 1538 1702 1651 1642 1733 1719 1724 1642 1722 1592 1699 1641 1476 1639 1713 1623 1733 1667 1641 1642 1685 1709 1673 1719 1695 1714 1706 1592 1696 1501 1346 1731 1719 1556 1463 1680 1722 1660 1730 1537 1702 1705 1687 1710 1718 1710

72

3135 2683 2558 2499 3960 2692 3094 2488 2785 2532 2816 2767 2691 2610 2594 2495 2682 2636 3474 3956 3654 2608 2614 3368 2490 3279 2593 3068 4005 3228 2606 2800 2832 2489 2542 2524 2832 2531 3021 2618 2837 3461 2844 2564 2904 2488 2739 2837 2834 2669 2580 2715 2542 2631 2559 2591 3023 2628 3369 3955 2497 2541 3157 3512 2690 2531 2766 2500 3230 2604 2594 2664 2576 2543 2575

23.999631772391496 15.99940805523238 14.000668170243086 45.99900747310438

29796.0

0	43900	17100	27700	71900	11500	900	26900	8500	18900	7400	46500	44300	40900	40100	25900	43900	42200	62300	71900	0	14400	41200	0	27900	0	14900	1400	0	57400	40800	47400	6900	26900	17900	20100	6900	18900	52900	13900	6800	0	48600	16500	50000	26900	9700	6800	6900	43600	39100	10500	17900	13400	16900	40000	53000	41900	0	71900	28800	35400	56000	63300	44300	18900	46500	29200	57600	15200	14900	43400	38400	35100	37900
0	0	0	0	28000	0	0	0	0	0	0	2600	400	0	0	0	0	0	18400	28000	0	0	0	0	0	0	0	0	0	13500	0	3500	0	0	0	0	0	0	9000	0	0	0	4700	0	6100	0	0	0	0	0	0	0	0	0	0	0	9100	0	0	28000	0	0	12100	19400	400	0	2600	0	13700	0	0	0	0	0	0
0	26800	0	10600	54800	0	0	9800	0	1800	0	29400	27200	23800	23000	8800	26800	25100	45200	54800	0	0	24100	0	10800	0	0	0	0	40300	23700	30300	0	9800	800	3000	0	1800	35800	0	0	0	31500	0	32900	9800	0	0	0	26500	22000	0	800	0	0	22900	35900	24800	0	54800	11700	18300	38900	46200	27200	1800	29400	12100	40500	0	0	26300	21300	18000	20800
0	16200	0	0	44200	0	0	0	0	0	0	18800	16600	13200	12400	0	16200	14500	34600	44200	0	0	13500	0	200	0	0	0	0	29700	13100	19700	0	0	0	0	0	0	25200	0	0	0	20900	0	22300	0	0	0	0	15900	11400	0	0	0	0	12300	25300	14200	0	44200	1100	7700	28300	35600	16600	0	18800	1500	29900	0	0	15700	10700	7400	10200
0	0	0	0	0	0	0	0	0	0	0	0	0	0	0	0	0	0	0	0	0	0	0	0	0	0	0	0	0	0	0	0	0	0	0	0	0	0	0	0	0	0	0	0	0	0	0	0	0	0	0	0	0	0	0	0	0	0	0	0	0	0	0	0	0	0	0	0	0	0	0	0	0	0	0
0	32400	5600	16200	60400	0	0	15400	0	7400	0	35000	32800	29400	28600	14400	32400	30700	50800	60400	0	2900	29700	0	16400	0	3400	0	0	45900	29300	35900	0	15400	6400	8600	0	7400	41400	2400	0	0	37100	5000	38500	15400	0	0	0	32100	27600	0	6400	1900	5400	28500	41500	30400	0	60400	17300	23900	44500	51800	32800	7400	35000	17700	46100	3700	3400	31900	26900	23600	26400
0	43000	16200	26800	71000	10600	0	26000	7600	18000	6500	45600	43400	40000	39200	25000	43000	41300	61400	71000	0	13500	40300	0	27000	0	14000	500	0	56500	39900	46500	6000	26000	17000	19200	6000	18000	52000	13000	5900	0	47700	15600	49100	26000	8800	5900	6000	42700	38200	9600	17000	12500	16000	39100	52100	41000	0	71000	27900	34500	55100	62400	43400	18000	45600	28300	56700	14300	14000	42500	37500	34200	37000
0	17000	0	800	45000	0	0	0	0	0	0	19600	17400	14000	13200	0	17000	15300	35400	45000	0	0	14300	0	1000	0	0	0	0	30500	13900	20500	0	0	0	0	0	0	26000	0	0	0	21700	0	23100	0	0	0	0	16700	12200	0	0	0	0	13100	26100	15000	0	45000	1900	8500	29100	36400	17400	0	19600	2300	30700	0	0	16500	11500	8200	11000
0	35400	8600	19200	63400	3000	0	18400	0	10400	0	38000	35800	32400	31600	17400	35400	33700	53800	63400	0	5900	32700	0	19400	0	6400	0	0	48900	32300	38900	0	18400	9400	11600	0	10400	44400	5400	0	0	40100	8000	41500	18400	1200	0	0	35100	30600	2000	9400	4900	8400	31500	44500	33400	0	63400	20300	26900	47500	54800	35800	10400	38000	20700	49100	6700	6400	34900	29900	26600	29400
0	25000	0	8800	53000	0	0	8000	0	0	0	27600	25400	22000	21200	7000	25000	23300	43400	53000	0	0	22300	0	9000	0	0	0	0	38500	21900	28500	0	8000	0	1200	0	0	34000	0	0	0	29700	0	31100	8000	0	0	0	24700	20200	0	0	0	0	21100	34100	23000	0	53000	9900	16500	37100	44400	25400	0	27600	10300	38700	0	0	24500	19500	16200	19000
0	36500	9700	20300	64500	4100	0	19500	1100	11500	0	39100	36900	33500	32700	18500	36500	34800	54900	64500	0	7000	33800	0	20500	0	7500	0	0	50000	33400	40000	0	19500	10500	12700	0	11500	45500	6500	0	0	41200	9100	42600	19500	2300	0	0	36200	31700	3100	10500	6000	9500	32600	45600	34500	0	64500	21400	28000	48600	55900	36900	11500	39100	21800	50200	7800	7500	36000	31000	27700	30500
0	0	0	0	25400	0	0	0	0	0	0	0	0	0	0	0	0	0	15800	25400	0	0	0	0	0	0	0	0	0	10900	0	900	0	0	0	0	0	0	6400	0	0	0	2100	0	3500	0	0	0	0	0	0	0	0	0	0	0	6500	0	0	25400	0	0	9500	16800	0	0	0	0	11100	0	0	0	0	0	0
0	0	0	0	27600	0	0	0	0	0	0	2200	0	0	0	0	0	0	18000	27600	0	0	0	0	0	0	0	0	0	13100	0	3100	0	0	0	0	0	0	8600	0	0	0	4300	0	5700	0	0	0	0	0	0	0	0	0	0	0	8700	0	0	27600	0	0	11700	19000	0	0	2200	0	13300	0	0	0	0	0	0
0	3000	0	0	31000	0	0	0	0	0	0	5600	3400	0	0	0	3000	1300	21400	31000	0	0	300	0	0	0	0	0	0	16500	0	6500	0	0	0	0	0	0	12000	0	0	0	7700	0	9100	0	0	0	0	2700	0	0	0	0	0	0	12100	1000	0	31000	0	0	15100	22400	3400	0	5600	0	16700	0	0	2500	0	0	0
0	3800	0	0	31800	0	0	0	0	0	0	6400	4200	800	0	0	3800	2100	22200	31800	0	0	1100	0	0	0	0	0	0	17300	700	7300	0	0	0	0	0	0	12800	0	0	0	8500	0	9900	0	0	0	0	3500	0	0	0	0	0	0	12900	1800	0	31800	0	0	15900	23200	4200	0	6400	0	17500	0	0	3300	0	0	0
0	18000	0	1800	46000	0	0	1000	0	0	0	20600	18400	15000	14200	0	18000	16300	36400	46000	0	0	15300	0	2000	0	0	0	0	31500	14900	21500	0	1000	0	0	0	0	27000	0	0	0	22700	0	24100	1000	0	0	0	17700	13200	0	0	0	0	14100	27100	16000	0	46000	2900	9500	30100	37400	18400	0	20600	3300	31700	0	0	17500	12500	9200	12000
0	0	0	0	28000	0	0	0	0	0	0	2600	400	0	0	0	0	0	18400	28000	0	0	0	0	0	0	0	0	0	13500	0	3500	0	0	0	0	0	0	9000	0	0	0	4700	0	6100	0	0	0	0	0	0	0	0	0	0	0	9100	0	0	28000	0	0	12100	19400	400	0	2600	0	13700	0	0	0	0	0	0
0	1700	0	0	29700	0	0	0	0	0	0	4300	2100	0	0	0	1700	0	20100	29700	0	0	0	0	0	0	0	0	0	15200	0	5200	0	0	0	0	0	0	10700	0	0	0	6400	0	7800	0	0	0	0	1400	0	0	0	0	0	0	10800	0	0	29700	0	0	13800	21100	2100	0	4300	0	15400	0	0	1200	0	0	0
0	0	0	0	9600	0	0	0	0	0	0	0	0	0	0	0	0	0	0	9600	0	0	0	0	0	0	0	0	0	0	0	0	0	0	0	0	0	0	0	0	0	0	0	0	0	0	0	0	0	0	0	0	0	0	0	0	0	0	0	9600	0	0	0	1000	0	0	0	0	0	0	0	0	0	0	0
0	0	0	0	0	0	0	0	0	0	0	0	0	0	0	0	0	0	0	0	0	0	0	0	0	0	0	0	0	0	0	0	0	0	0	0	0	0	0	0	0	0	0	0	0	0	0	0	0	0	0	0	0	0	0	0	0	0	0	0	0	0	0	0	0	0	0	0	0	0	0	0	0	0	0
10300	54200	27400	38000	82200	21800	11200	37200	18800	29200	17700	56800	54600	51200	50400	36200	54200	52500	72600	82200	0	24700	51500	5400	38200	7200	25200	11700	0	67700	51100	57700	17200	37200	28200	30400	17200	29200	63200	24200	17100	3600	58900	26800	60300	37200	20000	17100	17200	53900	49400	20800	28200	23700	27200	50300	63300	52200	5400	82200	39100	45700	66300	73600	54600	29200	56800	39500	67900	25500	25200	53700	48700	45400	48200
0	29500	2700	13300	57500	0	0	12500	0	4500	0	32100	29900	26500	25700	11500	29500	27800	47900	57500	0	0	26800	0	13500	0	500	0	0	43000	26400	33000	0	12500	3500	5700	0	4500	38500	0	0	0	34200	2100	35600	12500	0	0	0	29200	24700	0	3500	0	2500	25600	38600	27500	0	57500	14400	21000	41600	48900	29900	4500	32100	14800	43200	800	500	29000	24000	20700	23500
0	2700	0	0	30700	0	0	0	0	0	0	5300	3100	0	0	0	2700	1000	21100	30700	0	0	0	0	0	0	0	0	0	16200	0	6200	0	0	0	0	0	0	11700	0	0	0	7400	0	8800	0	0	0	0	2400	0	0	0	0	0	0	11800	700	0	30700	0	0	14800	22100	3100	0	5300	0	16400	0	0	2200	0	0	0
4900	48800	22000	32600	76800	16400	5800	31800	13400	23800	12300	51400	49200	45800	45000	30800	48800	47100	67200	76800	0	19300	46100	0	32800	1800	19800	6300	0	62300	45700	52300	11800	31800	22800	25000	11800	23800	57800	18800	11700	0	53500	21400	54900	31800	14600	11700	11800	48500	44000	15400	22800	18300	21800	44900	57900	46800	0	76800	33700	40300	60900	68200	49200	23800	51400	34100	62500	20100	19800	48300	43300	40000	42800
0	16000	0	0	44000	0	0	0	0	0	0	18600	16400	13000	12200	0	16000	14300	34400	44000	0	0	13300	0	0	0	0	0	0	29500	12900	19500	0	0	0	0	0	0	25000	0	0	0	20700	0	22100	0	0	0	0	15700	11200	0	0	0	0	12100	25100	14000	0	44000	900	7500	28100	35400	16400	0	18600	1300	29700	0	0	15500	10500	7200	10000
3100	47000	20200	30800	75000	14600	4000	30000	11600	22000	10500	49600	47400	44000	43200	29000	47000	45300	65400	75000	0	17500	44300	0	31000	0	18000	4500	0	60500	43900	50500	10000	30000	21000	23200	10000	22000	56000	17000	9900	0	51700	19600	53100	30000	12800	9900	10000	46700	42200	13600	21000	16500	20000	43100	56100	45000	0	75000	31900	38500	59100	66400	47400	22000	49600	32300	60700	18300	18000	46500	41500	38200	41000
0	29000	2200	12800	57000	0	0	12000	0	4000	0	31600	29400	26000	25200	11000	29000	27300	47400	57000	0	0	26300	0	13000	0	0	0	0	42500	25900	32500	0	12000	3000	5200	0	4000	38000	0	0	0	33700	1600	35100	12000	0	0	0	28700	24200	0	3000	0	2000	25100	38100	27000	0	57000	13900	20500	41100	48400	29400	4000	31600	14300	42700	300	0	28500	23500	20200	23000
0	42500	15700	26300	70500	10100	0	25500	7100	17500	6000	45100	42900	39500	38700	24500	42500	40800	60900	70500	0	13000	39800	0	26500	0	13500	0	0	56000	39400	46000	5500	25500	16500	18700	5500	17500	51500	12500	5400	0	47200	15100	48600	25500	8300	5400	5500	42200	37700	9100	16500	12000	15500	38600	51600	40500	0	70500	27400	34000	54600	61900	42900	17500	45100	27800	56200	13800	13500	42000	37000	33700	36500
16700	60600	33800	44400	88600	28200	17600	43600	25200	35600	24100	63200	61000	57600	56800	42600	60600	58900	79000	88600	6400	31100	57900	11800	44600	13600	31600	18100	0	74100	57500	64100	23600	43600	34600	36800	23600	35600	69600	30600	23500	10000	65300	33200	66700	43600	26400	23500	23600	60300	55800	27200	34600	30100	33600	56700	69700	58600	11800	88600	45500	52100	72700	80000	61000	35600	63200	45900	74300	31900	31600	60100	55100	51800	54600
0	0	0	0	14500	0	0	0	0	0	0	0	0	0	0	0	0	0	4900	14500	0	0	0	0	0	0	0	0	0	0	0	0	0	0	0	0	0	0	0	0	0	0	0	0	0	0	0	0	0	0	0	0	0	0	0	0	0	0	0	14500	0	0	0	5900	0	0	0	0	200	0	0	0	0	0	0
0	3100	0	0	31100	0	0	0	0	0	0	5700	3500	100	0	0	3100	1400	21500	31100	0	0	400	0	0	0	0	0	0	16600	0	6600	0	0	0	0	0	0	12100	0	0	0	7800	0	9200	0	0	0	0	2800	0	0	0	0	0	0	12200	1100	0	31100	0	0	15200	22500	3500	0	5700	0	16800	0	0	2600	0	0	0
0	0	0	0	24500	0	0	0	0	0	0	0	0	0	0	0	0	0	14900	24500	0	0	0	0	0	0	0	0	0	10000	0	0	0	0	0	0	0	0	5500	0	0	0	1200	0	2600	0	0	0	0	0	0	0	0	0	0	0	5600	0	0	24500	0	0	8600	15900	0	0	0	0	10200	0	0	0	0	0	0
0	37000	10200	20800	65000	4600	0	20000	1600	12000	500	39600	37400	34000	33200	19000	37000	35300	55400	65000	0	7500	34300	0	21000	0	8000	0	0	50500	33900	40500	0	20000	11000	13200	0	12000	46000	7000	0	0	41700	9600	43100	20000	2800	0	0	36700	32200	3600	11000	6500	10000	33100	46100	35000	0	65000	21900	28500	49100	56400	37400	12000	39600	22300	50700	8300	8000	36500	31500	28200	31000
0	17000	0	800	45000	0	0	0	0	0	0	19600	17400	14000	13200	0	17000	15300	35400	45000	0	0	14300	0	1000	0	0	0	0	30500	13900	20500	0	0	0	0	0	0	26000	0	0	0	21700	0	23100	0	0	0	0	16700	12200	0	0	0	0	13100	26100	15000	0	45000	1900	8500	29100	36400	17400	0	19600	2300	30700	0	0	16500	11500	8200	11000
0	26000	0	9800	54000	0	0	9000	0	1000	0	28600	26400	23000	22200	8000	26000	24300	44400	54000	0	0	23300	0	10000	0	0	0	0	39500	22900	29500	0	9000	0	2200	0	1000	35000	0	0	0	30700	0	32100	9000	0	0	0	25700	21200	0	0	0	0	22100	35100	24000	0	54000	10900	17500	38100	45400	26400	1000	28600	11300	39700	0	0	25500	20500	17200	20000
0	23800	0	7600	51800	0	0	6800	0	0	0	26400	24200	20800	20000	5800	23800	22100	42200	51800	0	0	21100	0	7800	0	0	0	0	37300	20700	27300	0	6800	0	0	0	0	32800	0	0	0	28500	0	29900	6800	0	0	0	23500	19000	0	0	0	0	19900	32900	21800	0	51800	8700	15300	35900	43200	24200	0	26400	9100	37500	0	0	23300	18300	15000	17800
0	37000	10200	20800	65000	4600	0	20000	1600	12000	500	39600	37400	34000	33200	19000	37000	35300	55400	65000	0	7500	34300	0	21000	0	8000	0	0	50500	33900	40500	0	20000	11000	13200	0	12000	46000	7000	0	0	41700	9600	43100	20000	2800	0	0	36700	32200	3600	11000	6500	10000	33100	46100	35000	0	65000	21900	28500	49100	56400	37400	12000	39600	22300	50700	8300	8000	36500	31500	28200	31000
0	25000	0	8800	53000	0	0	8000	0	0	0	27600	25400	22000	21200	7000	25000	23300	43400	53000	0	0	22300	0	9000	0	0	0	0	38500	21900	28500	0	8000	0	1200	0	0	34000	0	0	0	29700	0	31100	8000	0	0	0	24700	20200	0	0	0	0	21100	34100	23000	0	53000	9900	16500	37100	44400	25400	0	27600	10300	38700	0	0	24500	19500	16200	19000
0	0	0	0	19000	0	0	0	0	0	0	0	0	0	0	0	0	0	9400	19000	0	0	0	0	0	0	0	0	0	4500	0	0	0	0	0	0	0	0	0	0	0	0	0	0	0	0	0	0	0	0	0	0	0	0	0	0	100	0	0	19000	0	0	3100	10400	0	0	0	0	4700	0	0	0	0	0	0
0	30000	3200	13800	58000	0	0	13000	0	5000	0	32600	30400	27000	26200	12000	30000	28300	48400	58000	0	500	27300	0	14000	0	1000	0	0	43500	26900	33500	0	13000	4000	6200	0	5000	39000	0	0	0	34700	2600	36100	13000	0	0	0	29700	25200	0	4000	0	3000	26100	39100	28000	0	58000	14900	21500	42100	49400	30400	5000	32600	15300	43700	1300	1000	29500	24500	21200	24000
0	37100	10300	20900	65100	4700	0	20100	1700	12100	600	39700	37500	34100	33300	19100	37100	35400	55500	65100	0	7600	34400	0	21100	0	8100	0	0	50600	34000	40600	100	20100	11100	13300	100	12100	46100	7100	0	0	41800	9700	43200	20100	2900	0	100	36800	32300	3700	11100	6600	10100	33200	46200	35100	0	65100	22000	28600	49200	56500	37500	12100	39700	22400	50800	8400	8100	36600	31600	28300	31100
6700	50600	23800	34400	78600	18200	7600	33600	15200	25600	14100	53200	51000	47600	46800	32600	50600	48900	69000	78600	0	21100	47900	1800	34600	3600	21600	8100	0	64100	47500	54100	13600	33600	24600	26800	13600	25600	59600	20600	13500	0	55300	23200	56700	33600	16400	13500	13600	50300	45800	17200	24600	20100	23600	46700	59700	48600	1800	78600	35500	42100	62700	70000	51000	25600	53200	35900	64300	21900	21600	50100	45100	41800	44600
0	0	0	0	23300	0	0	0	0	0	0	0	0	0	0	0	0	0	13700	23300	0	0	0	0	0	0	0	0	0	8800	0	0	0	0	0	0	0	0	4300	0	0	0	0	0	1400	0	0	0	0	0	0	0	0	0	0	0	4400	0	0	23300	0	0	7400	14700	0	0	0	0	9000	0	0	0	0	0	0
0	27400	600	11200	55400	0	0	10400	0	2400	0	30000	27800	24400	23600	9400	27400	25700	45800	55400	0	0	24700	0	11400	0	0	0	0	40900	24300	30900	0	10400	1400	3600	0	2400	36400	0	0	0	32100	0	33500	10400	0	0	0	27100	22600	0	1400	0	400	23500	36500	25400	0	55400	12300	18900	39500	46800	27800	2400	30000	12700	41100	0	0	26900	21900	18600	21400
0	0	0	0	21900	0	0	0	0	0	0	0	0	0	0	0	0	0	12300	21900	0	0	0	0	0	0	0	0	0	7400	0	0	0	0	0	0	0	0	2900	0	0	0	0	0	0	0	0	0	0	0	0	0	0	0	0	0	3000	0	0	21900	0	0	6000	13300	0	0	0	0	7600	0	0	0	0	0	0
0	17000	0	800	45000	0	0	0	0	0	0	19600	17400	14000	13200	0	17000	15300	35400	45000	0	0	14300	0	1000	0	0	0	0	30500	13900	20500	0	0	0	0	0	0	26000	0	0	0	21700	0	23100	0	0	0	0	16700	12200	0	0	0	0	13100	26100	15000	0	45000	1900	8500	29100	36400	17400	0	19600	2300	30700	0	0	16500	11500	8200	11000
0	34200	7400	18000	62200	1800	0	17200	0	9200	0	36800	34600	31200	30400	16200	34200	32500	52600	62200	0	4700	31500	0	18200	0	5200	0	0	47700	31100	37700	0	17200	8200	10400	0	9200	43200	4200	0	0	38900	6800	40300	17200	0	0	0	33900	29400	800	8200	3700	7200	30300	43300	32200	0	62200	19100	25700	46300	53600	34600	9200	36800	19500	47900	5500	5200	33700	28700	25400	28200
0	37100	10300	20900	65100	4700	0	20100	1700	12100	600	39700	37500	34100	33300	19100	37100	35400	55500	65100	0	7600	34400	0	21100	0	8100	0	0	50600	34000	40600	100	20100	11100	13300	100	12100	46100	7100	0	0	41800	9700	43200	20100	2900	0	100	36800	32300	3700	11100	6600	10100	33200	46200	35100	0	65100	22000	28600	49200	56500	37500	12100	39700	22400	50800	8400	8100	36600	31600	28300	31100
0	37000	10200	20800	65000	4600	0	20000	1600	12000	500	39600	37400	34000	33200	19000	37000	35300	55400	65000	0	7500	34300	0	21000	0	8000	0	0	50500	33900	40500	0	20000	11000	13200	0	12000	46000	7000	0	0	41700	9600	43100	20000	2800	0	0	36700	32200	3600	11000	6500	10000	33100	46100	35000	0	65000	21900	28500	49100	56400	37400	12000	39600	22300	50700	8300	8000	36500	31500	28200	31000
0	300	0	0	28300	0	0	0	0	0	0	2900	700	0	0	0	300	0	18700	28300	0	0	0	0	0	0	0	0	0	13800	0	3800	0	0	0	0	0	0	9300	0	0	0	5000	0	6400	0	0	0	0	0	0	0	0	0	0	0	9400	0	0	28300	0	0	12400	19700	700	0	2900	0	14000	0	0	0	0	0	0
0	4800	0	0	32800	0	0	0	0	0	0	7400	5200	1800	1000	0	4800	3100	23200	32800	0	0	2100	0	0	0	0	0	0	18300	1700	8300	0	0	0	0	0	0	13800	0	0	0	9500	0	10900	0	0	0	0	4500	0	0	0	0	0	900	13900	2800	0	32800	0	0	16900	24200	5200	0	7400	0	18500	0	0	4300	0	0	0
0	33400	6600	17200	61400	1000	0	16400	0	8400	0	36000	33800	30400	29600	15400	33400	31700	51800	61400	0	3900	30700	0	17400	0	4400	0	0	46900	30300	36900	0	16400	7400	9600	0	8400	42400	3400	0	0	38100	6000	39500	16400	0	0	0	33100	28600	0	7400	2900	6400	29500	42500	31400	0	61400	18300	24900	45500	52800	33800	8400	36000	18700	47100	4700	4400	32900	27900	24600	27400
0	26000	0	9800	54000	0	0	9000	0	1000	0	28600	26400	23000	22200	8000	26000	24300	44400	54000	0	0	23300	0	10000	0	0	0	0	39500	22900	29500	0	9000	0	2200	0	1000	35000	0	0	0	30700	0	32100	9000	0	0	0	25700	21200	0	0	0	0	22100	35100	24000	0	54000	10900	17500	38100	45400	26400	1000	28600	11300	39700	0	0	25500	20500	17200	20000
0	30500	3700	14300	58500	0	0	13500	0	5500	0	33100	30900	27500	26700	12500	30500	28800	48900	58500	0	1000	27800	0	14500	0	1500	0	0	44000	27400	34000	0	13500	4500	6700	0	5500	39500	500	0	0	35200	3100	36600	13500	0	0	0	30200	25700	0	4500	0	3500	26600	39600	28500	0	58500	15400	22000	42600	49900	30900	5500	33100	15800	44200	1800	1500	30000	25000	21700	24500
0	27000	200	10800	55000	0	0	10000	0	2000	0	29600	27400	24000	23200	9000	27000	25300	45400	55000	0	0	24300	0	11000	0	0	0	0	40500	23900	30500	0	10000	1000	3200	0	2000	36000	0	0	0	31700	0	33100	10000	0	0	0	26700	22200	0	1000	0	0	23100	36100	25000	0	55000	11900	18500	39100	46400	27400	2000	29600	12300	40700	0	0	26500	21500	18200	21000
0	3900	0	0	31900	0	0	0	0	0	0	6500	4300	900	100	0	3900	2200	22300	31900	0	0	1200	0	0	0	0	0	0	17400	800	7400	0	0	0	0	0	0	12900	0	0	0	8600	0	10000	0	0	0	0	3600	0	0	0	0	0	0	13000	1900	0	31900	0	0	16000	23300	4300	0	6500	0	17600	0	0	3400	0	0	0
0	0	0	0	18900	0	0	0	0	0	0	0	0	0	0	0	0	0	9300	18900	0	0	0	0	0	0	0	0	0	4400	0	0	0	0	0	0	0	0	0	0	0	0	0	0	0	0	0	0	0	0	0	0	0	0	0	0	0	0	0	18900	0	0	3000	10300	0	0	0	0	4600	0	0	0	0	0	0
0	2000	0	0	30000	0	0	0	0	0	0	4600	2400	0	0	0	2000	300	20400	30000	0	0	0	0	0	0	0	0	0	15500	0	5500	0	0	0	0	0	0	11000	0	0	0	6700	0	8100	0	0	0	0	1700	0	0	0	0	0	0	11100	0	0	30000	0	0	14100	21400	2400	0	4600	0	15700	0	0	1500	0	0	0
4900	48800	22000	32600	76800	16400	5800	31800	13400	23800	12300	51400	49200	45800	45000	30800	48800	47100	67200	76800	0	19300	46100	0	32800	1800	19800	6300	0	62300	45700	52300	11800	31800	22800	25000	11800	23800	57800	18800	11700	0	53500	21400	54900	31800	14600	11700	11800	48500	44000	15400	22800	18300	21800	44900	57900	46800	0	76800	33700	40300	60900	68200	49200	23800	51400	34100	62500	20100	19800	48300	43300	40000	42800
0	0	0	0	0	0	0	0	0	0	0	0	0	0	0	0	0	0	0	0	0	0	0	0	0	0	0	0	0	0	0	0	0	0	0	0	0	0	0	0	0	0	0	0	0	0	0	0	0	0	0	0	0	0	0	0	0	0	0	0	0	0	0	0	0	0	0	0	0	0	0	0	0	0	0
0	15100	0	0	43100	0	0	0	0	0	0	17700	15500	12100	11300	0	15100	13400	33500	43100	0	0	12400	0	0	0	0	0	0	28600	12000	18600	0	0	0	0	0	0	24100	0	0	0	19800	0	21200	0	0	0	0	14800	10300	0	0	0	0	11200	24200	13100	0	43100	0	6600	27200	34500	15500	0	17700	400	28800	0	0	14600	9600	6300	9100
0	8500	0	0	36500	0	0	0	0	0	0	11100	8900	5500	4700	0	8500	6800	26900	36500	0	0	5800	0	0	0	0	0	0	22000	5400	12000	0	0	0	0	0	0	17500	0	0	0	13200	0	14600	0	0	0	0	8200	3700	0	0	0	0	4600	17600	6500	0	36500	0	0	20600	27900	8900	0	11100	0	22200	0	0	8000	3000	0	2500
0	0	0	0	15900	0	0	0	0	0	0	0	0	0	0	0	0	0	6300	15900	0	0	0	0	0	0	0	0	0	1400	0	0	0	0	0	0	0	0	0	0	0	0	0	0	0	0	0	0	0	0	0	0	0	0	0	0	0	0	0	15900	0	0	0	7300	0	0	0	0	1600	0	0	0	0	0	0
0	0	0	0	8600	0	0	0	0	0	0	0	0	0	0	0	0	0	0	8600	0	0	0	0	0	0	0	0	0	0	0	0	0	0	0	0	0	0	0	0	0	0	0	0	0	0	0	0	0	0	0	0	0	0	0	0	0	0	0	8600	0	0	0	0	0	0	0	0	0	0	0	0	0	0	0
0	0	0	0	27600	0	0	0	0	0	0	2200	0	0	0	0	0	0	18000	27600	0	0	0	0	0	0	0	0	0	13100	0	3100	0	0	0	0	0	0	8600	0	0	0	4300	0	5700	0	0	0	0	0	0	0	0	0	0	0	8700	0	0	27600	0	0	11700	19000	0	0	2200	0	13300	0	0	0	0	0	0
0	25000	0	8800	53000	0	0	8000	0	0	0	27600	25400	22000	21200	7000	25000	23300	43400	53000	0	0	22300	0	9000	0	0	0	0	38500	21900	28500	0	8000	0	1200	0	0	34000	0	0	0	29700	0	31100	8000	0	0	0	24700	20200	0	0	0	0	21100	34100	23000	0	53000	9900	16500	37100	44400	25400	0	27600	10300	38700	0	0	24500	19500	16200	19000
0	0	0	0	25400	0	0	0	0	0	0	0	0	0	0	0	0	0	15800	25400	0	0	0	0	0	0	0	0	0	10900	0	900	0	0	0	0	0	0	6400	0	0	0	2100	0	3500	0	0	0	0	0	0	0	0	0	0	0	6500	0	0	25400	0	0	9500	16800	0	0	0	0	11100	0	0	0	0	0	0
0	14700	0	0	42700	0	0	0	0	0	0	17300	15100	11700	10900	0	14700	13000	33100	42700	0	0	12000	0	0	0	0	0	0	28200	11600	18200	0	0	0	0	0	0	23700	0	0	0	19400	0	20800	0	0	0	0	14400	9900	0	0	0	0	10800	23800	12700	0	42700	0	6200	26800	34100	15100	0	17300	0	28400	0	0	14200	9200	5900	8700
0	0	0	0	14300	0	0	0	0	0	0	0	0	0	0	0	0	0	4700	14300	0	0	0	0	0	0	0	0	0	0	0	0	0	0	0	0	0	0	0	0	0	0	0	0	0	0	0	0	0	0	0	0	0	0	0	0	0	0	0	14300	0	0	0	5700	0	0	0	0	0	0	0	0	0	0	0
0	28700	1900	12500	56700	0	0	11700	0	3700	0	31300	29100	25700	24900	10700	28700	27000	47100	56700	0	0	26000	0	12700	0	0	0	0	42200	25600	32200	0	11700	2700	4900	0	3700	37700	0	0	0	33400	1300	34800	11700	0	0	0	28400	23900	0	2700	0	1700	24800	37800	26700	0	56700	13600	20200	40800	48100	29100	3700	31300	14000	42400	0	0	28200	23200	19900	22700
0	29000	2200	12800	57000	0	0	12000	0	4000	0	31600	29400	26000	25200	11000	29000	27300	47400	57000	0	0	26300	0	13000	0	0	0	0	42500	25900	32500	0	12000	3000	5200	0	4000	38000	0	0	0	33700	1600	35100	12000	0	0	0	28700	24200	0	3000	0	2000	25100	38100	27000	0	57000	13900	20500	41100	48400	29400	4000	31600	14300	42700	300	0	28500	23500	20200	23000
0	500	0	0	28500	0	0	0	0	0	0	3100	900	0	0	0	500	0	18900	28500	0	0	0	0	0	0	0	0	0	14000	0	4000	0	0	0	0	0	0	9500	0	0	0	5200	0	6600	0	0	0	0	200	0	0	0	0	0	0	9600	0	0	28500	0	0	12600	19900	900	0	3100	0	14200	0	0	0	0	0	0
0	5500	0	0	33500	0	0	0	0	0	0	8100	5900	2500	1700	0	5500	3800	23900	33500	0	0	2800	0	0	0	0	0	0	19000	2400	9000	0	0	0	0	0	0	14500	0	0	0	10200	0	11600	0	0	0	0	5200	700	0	0	0	0	1600	14600	3500	0	33500	0	0	17600	24900	5900	0	8100	0	19200	0	0	5000	0	0	0
0	8800	0	0	36800	0	0	0	0	0	0	11400	9200	5800	5000	0	8800	7100	27200	36800	0	0	6100	0	0	0	0	0	0	22300	5700	12300	0	0	0	0	0	0	17800	0	0	0	13500	0	14900	0	0	0	0	8500	4000	0	0	0	0	4900	17900	6800	0	36800	0	300	20900	28200	9200	0	11400	0	22500	0	0	8300	3300	0	2800
0	6000	0	0	34000	0	0	0	0	0	0	8600	6400	3000	2200	0	6000	4300	24400	34000	0	0	3300	0	0	0	0	0	0	19500	2900	9500	0	0	0	0	0	0	15000	0	0	0	10700	0	12100	0	0	0	0	5700	1200	0	0	0	0	2100	15100	4000	0	34000	0	0	18100	25400	6400	0	8600	0	19700	0	0	5500	500	0	0

0	0	0	0	0	0	0	0	0	0	0	0	0	0	0	0	0	0	0	0	10300	0	0	4900	0	3100	0	0	16700	0	0	0	0	0	0	0	0	0	0	0	0	6700	0	0	0	0	0	0	0	0	0	0	0	0	0	0	0	0	4900	0	0	0	0	0	0	0	0	0	0	0	0	0	0	0	0
43900	0	26800	16200	0	32400	43000	17000	35400	25000	36500	0	0	3000	3800	18000	0	1700	0	0	54200	29500	2700	48800	16000	47000	29000	42500	60600	0	3100	0	37000	17000	26000	23800	37000	25000	0	30000	37100	50600	0	27400	0	17000	34200	37100	37000	300	4800	33400	26000	30500	27000	3900	0	2000	48800	0	15100	8500	0	0	0	25000	0	14700	0	28700	29000	500	5500	8800	6000
17100	0	0	0	0	5600	16200	0	8600	0	9700	0	0	0	0	0	0	0	0	0	27400	2700	0	22000	0	20200	2200	15700	33800	0	0	0	10200	0	0	0	10200	0	0	3200	10300	23800	0	600	0	0	7400	10300	10200	0	0	6600	0	3700	200	0	0	0	22000	0	0	0	0	0	0	0	0	0	0	1900	2200	0	0	0	0
27700	0	10600	0	0	16200	26800	800	19200	8800	20300	0	0	0	0	1800	0	0	0	0	38000	13300	0	32600	0	30800	12800	26300	44400	0	0	0	20800	800	9800	7600	20800	8800	0	13800	20900	34400	0	11200	0	800	18000	20900	20800	0	0	17200	9800	14300	10800	0	0	0	32600	0	0	0	0	0	0	8800	0	0	0	12500	12800	0	0	0	0
71900	28000	54800	44200	0	60400	71000	45000	63400	53000	64500	25400	27600	31000	31800	46000	28000	29700	9600	0	82200	57500	30700	76800	44000	75000	57000	70500	88600	14500	31100	24500	65000	45000	54000	51800	65000	53000	19000	58000	65100	78600	23300	55400	21900	45000	62200	65100	65000	28300	32800	61400	54000	58500	55000	31900	18900	30000	76800	0	43100	36500	15900	8600	27600	53000	25400	42700	14300	56700	57000	28500	33500	36800	34000
11500	0	0	0	0	0	10600	0	3000	0	4100	0	0	0	0	0	0	0	0	0	21800	0	0	16400	0	14600	0	10100	28200	0	0	0	4600	0	0	0	4600	0	0	0	4700	18200	0	0	0	0	1800	4700	4600	0	0	1000	0	0	0	0	0	0	16400	0	0	0	0	0	0	0	0	0	0	0	0	0	0	0	0
900	0	0	0	0	0	0	0	0	0	0	0	0	0	0	0	0	0	0	0	11200	0	0	5800	0	4000	0	0	17600	0	0	0	0	0	0	0	0	0	0	0	0	7600	0	0	0	0	0	0	0	0	0	0	0	0	0	0	0	0	5800	0	0	0	0	0	0	0	0	0	0	0	0	0	0	0	0
26900	0	9800	0	0	15400	26000	0	18400	8000	19500	0	0	0	0	1000	0	0	0	0	37200	12500	0	31800	0	30000	12000	25500	43600	0	0	0	20000	0	9000	6800	20000	8000	0	13000	20100	33600	0	10400	0	0	17200	20100	20000	0	0	16400	9000	13500	10000	0	0	0	31800	0	0	0	0	0	0	8000	0	0	0	11700	12000	0	0	0	0
8500	0	0	0	0	0	7600	0	0	0	1100	0	0	0	0	0	0	0	0	0	18800	0	0	13400	0	11600	0	7100	25200	0	0	0	1600	0	0	0	1600	0	0	0	1700	15200	0	0	0	0	0	1700	1600	0	0	0	0	0	0	0	0	0	13400	0	0	0	0	0	0	0	0	0	0	0	0	0	0	0	0
18900	0	1800	0	0	7400	18000	0	10400	0	11500	0	0	0	0	0	0	0	0	0	29200	4500	0	23800	0	22000	4000	17500	35600	0	0	0	12000	0	1000	0	12000	0	0	5000	12100	25600	0	2400	0	0	9200	12100	12000	0	0	8400	1000	5500	2000	0	0	0	23800	0	0	0	0	0	0	0	0	0	0	3700	4000	0	0	0	0
7400	0	0	0	0	0	6500	0	0	0	0	0	0	0	0	0	0	0	0	0	17700	0	0	12300	0	10500	0	6000	24100	0	0	0	500	0	0	0	500	0	0	0	600	14100	0	0	0	0	0	600	500	0	0	0	0	0	0	0	0	0	12300	0	0	0	0	0	0	0	0	0	0	0	0	0	0	0	0
46500	2600	29400	18800	0	35000	45600	19600	38000	27600	39100	0	2200	5600	6400	20600	2600	4300	0	0	56800	32100	5300	51400	18600	49600	31600	45100	63200	0	5700	0	39600	19600	28600	26400	39600	27600	0	32600	39700	53200	0	30000	0	19600	36800	39700	39600	2900	7400	36000	28600	33100	29600	6500	0	4600	51400	0	17700	11100	0	0	2200	27600	0	17300	0	31300	31600	3100	8100	11400	8600
44300	400	27200	16600	0	32800	43400	17400	35800	25400	36900	0	0	3400	4200	18400	400	2100	0	0	54600	29900	3100	49200	16400	47400	29400	42900	61000	0	3500	0	37400	17400	26400	24200	37400	25400	0	30400	37500	51000	0	27800	0	17400	34600	37500	37400	700	5200	33800	26400	30900	27400	4300	0	2400	49200	0	15500	8900	0	0	0	25400	0	15100	0	29100	29400	900	5900	9200	6400
40900	0	23800	13200	0	29400	40000	14000	32400	22000	33500	0	0	0	800	15000	0	0	0	0	51200	26500	0	45800	13000	44000	26000	39500	57600	0	100	0	34000	14000	23000	20800	34000	22000	0	27000	34100	47600	0	24400	0	14000	31200	34100	34000	0	1800	30400	23000	27500	24000	900	0	0	45800	0	12100	5500	0	0	0	22000	0	11700	0	25700	26000	0	2500	5800	3000
40100	0	23000	12400	0	28600	39200	13200	31600	21200	32700	0	0	0	0	14200	0	0	0	0	50400	25700	0	45000	12200	43200	25200	38700	56800	0	0	0	33200	13200	22200	20000	33200	21200	0	26200	33300	46800	0	23600	0	13200	30400	33300	33200	0	1000	29600	22200	26700	23200	100	0	0	45000	0	11300	4700	0	0	0	21200	0	10900	0	24900	25200	0	1700	5000	2200
25900	0	8800	0	0	14400	25000	0	17400	7000	18500	0	0	0	0	0	0	0	0	0	36200	11500	0	30800	0	29000	11000	24500	42600	0	0	0	19000	0	8000	5800	19000	7000	0	12000	19100	32600	0	9400	0	0	16200	19100	19000	0	0	15400	8000	12500	9000	0	0	0	30800	0	0	0	0	0	0	7000	0	0	0	10700	11000	0	0	0	0
43900	0	26800	16200	0	32400	43000	17000	35400	25000	36500	0	0	3000	3800	18000	0	1700	0	0	54200	29500	2700	48800	16000	47000	29000	42500	60600	0	3100	0	37000	17000	26000	23800	37000	25000	0	30000	37100	50600	0	27400	0	17000	34200	37100	37000	300	4800	33400	26000	30500	27000	3900	0	2000	48800	0	15100	8500	0	0	0	25000	0	14700	0	28700	29000	500	5500	8800	6000
42200	0	25100	14500	0	30700	41300	15300	33700	23300	34800	0	0	1300	2100	16300	0	0	0	0	52500	27800	1000	47100	14300	45300	27300	40800	58900	0	1400	0	35300	15300	24300	22100	35300	23300	0	28300	35400	48900	0	25700	0	15300	32500	35400	35300	0	3100	31700	24300	28800	25300	2200	0	300	47100	0	13400	6800	0	0	0	23300	0	13000	0	27000	27300	0	3800	7100	4300
62300	18400	45200	34600	0	50800	61400	35400	53800	43400	54900	15800	18000	21400	22200	36400	18400	20100	0	0	72600	47900	21100	67200	34400	65400	47400	60900	79000	4900	21500	14900	55400	35400	44400	42200	55400	43400	9400	48400	55500	69000	13700	45800	12300	35400	52600	55500	55400	18700	23200	51800	44400	48900	45400	22300	9300	20400	67200	0	33500	26900	6300	0	18000	43400	15800	33100	4700	47100	47400	18900	23900	27200	24400
71900	28000	54800	44200	0	60400	71000	45000	63400	53000	64500	25400	27600	31000	31800	46000	28000	29700	9600	0	82200	57500	30700	76800	44000	75000	57000	70500	88600	14500	31100	24500	65000	45000	54000	51800	65000	53000	19000	58000	65100	78600	23300	55400	21900	45000	62200	65100	65000	28300	32800	61400	54000	58500	55000	31900	18900	30000	76800	0	43100	36500	15900	8600	27600	53000	25400	42700	14300	56700	57000	28500	33500	36800	34000
0	0	0	0	0	0	0	0	0	0	0	0	0	0	0	0	0	0	0	0	0	0	0	0	0	0	0	0	6400	0	0	0	0	0	0	0	0	0	0	0	0	0	0	0	0	0	0	0	0	0	0	0	0	0	0	0	0	0	0	0	0	0	0	0	0	0	0	0	0	0	0	0	0	0	0
14400	0	0	0	0	2900	13500	0	5900	0	7000	0	0	0	0	0	0	0	0	0	24700	0	0	19300	0	17500	0	13000	31100	0	0	0	7500	0	0	0	7500	0	0	500	7600	21100	0	0	0	0	4700	7600	7500	0	0	3900	0	1000	0	0	0	0	19300	0	0	0	0	0	0	0	0	0	0	0	0	0	0	0	0
41200	0	24100	13500	0	29700	40300	14300	32700	22300	33800	0	0	300	1100	15300	0	0	0	0	51500	26800	0	46100	13300	44300	26300	39800	57900	0	400	0	34300	14300	23300	21100	34300	22300	0	27300	34400	47900	0	24700	0	14300	31500	34400	34300	0	2100	30700	23300	27800	24300	1200	0	0	46100	0	12400	5800	0	0	0	22300	0	12000	0	26000	26300	0	2800	6100	3300
0	0	0	0	0	0	0	0	0	0	0	0	0	0	0	0	0	0	0	0	5400	0	0	0	0	0	0	0	11800	0	0	0	0	0	0	0	0	0	0	0	0	1800	0	0	0	0	0	0	0	0	0	0	0	0	0	0	0	0	0	0	0	0	0	0	0	0	0	0	0	0	0	0	0	0	0
27900	0	10800	200	0	16400	27000	1000	19400	9000	20500	0	0	0	0	2000	0	0	0	0	38200	13500	0	32800	0	31000	13000	26500	44600	0	0	0	21000	1000	10000	7800	21000	9000	0	14000	21100	34600	0	11400	0	1000	18200	21100	21000	0	0	17400	10000	14500	11000	0	0	0	32800	0	0	0	0	0	0	9000	0	0	0	12700	13000	0	0	0	0
0	0	0	0	0	0	0	0	0	0	0	0	0	0	0	0	0	0	0	0	7200	0	0	1800	0	0	0	0	13600	0	0	0	0	0	0	0	0	0	0	0	0	3600	0	0	0	0	0	0	0	0	0	0	0	0	0	0	0	0	1800	0	0	0	0	0	0	0	0	0	0	0	0	0	0	0	0
14900	0	0	0	0	3400	14000	0	6400	0	7500	0	0	0	0	0	0	0	0	0	25200	500	0	19800	0	18000	0	13500	31600	0	0	0	8000	0	0	0	8000	0	0	1000	8100	21600	0	0	0	0	5200	8100	8000	0	0	4400	0	1500	0	0	0	0	19800	0	0	0	0	0	0	0	0	0	0	0	0	0	0	0	0
1400	0	0	0	0	0	500	0	0	0	0	0	0	0	0	0	0	0	0	0	11700	0	0	6300	0	4500	0	0	18100	0	0	0	0	0	0	0	0	0	0	0	0	8100	0	0	0	0	0	0	0	0	0	0	0	0	0	0	0	0	6300	0	0	0	0	0	0	0	0	0	0	0	0	0	0	0	0
0	0	0	0	0	0	0	0	0	0	0	0	0	0	0	0	0	0	0	0	0	0	0	0	0	0	0	0	0	0	0	0	0	0	0	0	0	0	0	0	0	0	0	0	0	0	0	0	0	0	0	0	0	0	0	0	0	0	0	0	0	0	0	0	0	0	0	0	0	0	0	0	0	0	0
57400	13500	40300	29700	0	45900	56500	30500	48900	38500	50000	10900	13100	16500	17300	31500	13500	15200	0	0	67700	43000	16200	62300	29500	60500	42500	56000	74100	0	16600	10000	50500	30500	39500	37300	50500	38500	4500	43500	50600	64100	8800	40900	7400	30500	47700	50600	50500	13800	18300	46900	39500	44000	40500	17400	4400	15500	62300	0	28600	22000	1400	0	13100	38500	10900	28200	0	42200	42500	14000	19000	22300	19500
40800	0	23700	13100	0	29300	39900	13900	32300	21900	33400	0	0	0	700	14900	0	0	0	0	51100	26400	0	45700	12900	43900	25900	39400	57500	0	0	0	33900	13900	22900	20700	33900	21900	0	26900	34000	47500	0	24300	0	13900	31100	34000	33900	0	1700	30300	22900	27400	23900	800	0	0	45700	0	12000	5400	0	0	0	21900	0	11600	0	25600	25900	0	2400	5700	2900
47400	3500	30300	19700	0	35900	46500	20500	38900	28500	40000	900	3100	6500	7300	21500	3500	5200	0	0	57700	33000	6200	52300	19500	50500	32500	46000	64100	0	6600	0	40500	20500	29500	27300	40500	28500	0	33500	40600	54100	0	30900	0	20500	37700	40600	40500	3800	8300	36900	29500	34000	30500	7400	0	5500	52300	0	18600	12000	0	0	3100	28500	900	18200	0	32200	32500	4000	9000	12300	9500
6900	0	0	0	0	0	6000	0	0	0	0	0	0	0	0	0	0	0	0	0	17200	0	0	11800	0	10000	0	5500	23600	0	0	0	0	0	0	0	0	0	0	0	100	13600	0	0	0	0	0	100	0	0	0	0	0	0	0	0	0	0	11800	0	0	0	0	0	0	0	0	0	0	0	0	0	0	0	0
26900	0	9800	0	0	15400	26000	0	18400	8000	19500	0	0	0	0	1000	0	0	0	0	37200	12500	0	31800	0	30000	12000	25500	43600	0	0	0	20000	0	9000	6800	20000	8000	0	13000	20100	33600	0	10400	0	0	17200	20100	20000	0	0	16400	9000	13500	10000	0	0	0	31800	0	0	0	0	0	0	8000	0	0	0	11700	12000	0	0	0	0
17900	0	800	0	0	6400	17000	0	9400	0	10500	0	0	0	0	0	0	0	0	0	28200	3500	0	22800	0	21000	3000	16500	34600	0	0	0	11000	0	0	0	11000	0	0	4000	11100	24600	0	1400	0	0	8200	11100	11000	0	0	7400	0	4500	1000	0	0	0	22800	0	0	0	0	0	0	0	0	0	0	2700	3000	0	0	0	0
20100	0	3000	0	0	8600	19200	0	11600	1200	12700	0	0	0	0	0	0	0	0	0	30400	5700	0	25000	0	23200	5200	18700	36800	0	0	0	13200	0	2200	0	13200	1200	0	6200	13300	26800	0	3600	0	0	10400	13300	13200	0	0	9600	2200	6700	3200	0	0	0	25000	0	0	0	0	0	0	1200	0	0	0	4900	5200	0	0	0	0
6900	0	0	0	0	0	6000	0	0	0	0	0	0	0	0	0	0	0	0	0	17200	0	0	11800	0	10000	0	5500	23600	0	0	0	0	0	0	0	0	0	0	0	100	13600	0	0	0	0	0	100	0	0	0	0	0	0	0	0	0	0	11800	0	0	0	0	0	0	0	0	0	0	0	0	0	0	0	0
18900	0	1800	0	0	7400	18000	0	10400	0	11500	0	0	0	0	0	0	0	0	0	29200	4500	0	23800	0	22000	4000	17500	35600	0	0	0	12000	0	1000	0	12000	0	0	5000	12100	25600	0	2400	0	0	9200	12100	12000	0	0	8400	1000	5500	2000	0	0	0	23800	0	0	0	0	0	0	0	0	0	0	3700	4000	0	0	0	0
52900	9000	35800	25200	0	41400	52000	26000	44400	34000	45500	6400	8600	12000	12800	27000	9000	10700	0	0	63200	38500	11700	57800	25000	56000	38000	51500	69600	0	12100	5500	46000	26000	35000	32800	46000	34000	0	39000	46100	59600	4300	36400	2900	26000	43200	46100	46000	9300	13800	42400	35000	39500	36000	12900	0	11000	57800	0	24100	17500	0	0	8600	34000	6400	23700	0	37700	38000	9500	14500	17800	15000
13900	0	0	0	0	2400	13000	0	5400	0	6500	0	0	0	0	0	0	0	0	0	24200	0	0	18800	0	17000	0	12500	30600	0	0	0	7000	0	0	0	7000	0	0	0	7100	20600	0	0	0	0	4200	7100	7000	0	0	3400	0	500	0	0	0	0	18800	0	0	0	0	0	0	0	0	0	0	0	0	0	0	0	0
6800	0	0	0	0	0	5900	0	0	0	0	0	0	0	0	0	0	0	0	0	17100	0	0	11700	0	9900	0	5400	23500	0	0	0	0	0	0	0	0	0	0	0	0	13500	0	0	0	0	0	0	0	0	0	0	0	0	0	0	0	0	11700	0	0	0	0	0	0	0	0	0	0	0	0	0	0	0	0
0	0	0	0	0	0	0	0	0	0	0	0	0	0	0	0	0	0	0	0	3600	0	0	0	0	0	0	0	10000	0	0	0	0	0	0	0	0	0	0	0	0	0	0	0	0	0	0	0	0	0	0	0	0	0	0	0	0	0	0	0	0	0	0	0	0	0	0	0	0	0	0	0	0	0	0
48600	4700	31500	20900	0	37100	47700	21700	40100	29700	41200	2100	4300	7700	8500	22700	4700	6400	0	0	58900	34200	7400	53500	20700	51700	33700	47200	65300	0	7800	1200	41700	21700	30700	28500	41700	29700	0	34700	41800	55300	0	32100	0	21700	38900	41800	41700	5000	9500	38100	30700	35200	31700	8600	0	6700	53500	0	19800	13200	0	0	4300	29700	2100	19400	0	33400	33700	5200	10200	13500	10700
16500	0	0	0	0	5000	15600	0	8000	0	9100	0	0	0	0	0	0	0	0	0	26800	2100	0	21400	0	19600	1600	15100	33200	0	0	0	9600	0	0	0	9600	0	0	2600	9700	23200	0	0	0	0	6800	9700	9600	0	0	6000	0	3100	0	0	0	0	21400	0	0	0	0	0	0	0	0	0	0	1300	1600	0	0	0	0
50000	6100	32900	22300	0	38500	49100	23100	41500	31100	42600	3500	5700	9100	9900	24100	6100	7800	0	0	60300	35600	8800	54900	22100	53100	35100	48600	66700	0	9200	2600	43100	23100	32100	29900	43100	31100	0	36100	43200	56700	1400	33500	0	23100	40300	43200	43100	6400	10900	39500	32100	36600	33100	10000	0	8100	54900	0	21200	14600	0	0	5700	31100	3500	20800	0	34800	35100	6600	11600	14900	12100
26900	0	9800	0	0	15400	26000	0	18400	8000	19500	0	0	0	0	1000	0	0	0	0	37200	12500	0	31800	0	30000	12000	25500	43600	0	0	0	20000	0	9000	6800	20000	8000	0	13000	20100	33600	0	10400	0	0	17200	20100	20000	0	0	16400	9000	13500	10000	0	0	0	31800	0	0	0	0	0	0	8000	0	0	0	11700	12000	0	0	0	0
9700	0	0	0	0	0	8800	0	1200	0	2300	0	0	0	0	0	0	0	0	0	20000	0	0	14600	0	12800	0	8300	26400	0	0	0	2800	0	0	0	2800	0	0	0	2900	16400	0	0	0	0	0	2900	2800	0	0	0	0	0	0	0	0	0	14600	0	0	0	0	0	0	0	0	0	0	0	0	0	0	0	0
6800	0	0	0	0	0	5900	0	0	0	0	0	0	0	0	0	0	0	0	0	17100	0	0	11700	0	9900	0	5400	23500	0	0	0	0	0	0	0	0	0	0	0	0	13500	0	0	0	0	0	0	0	0	0	0	0	0	0	0	0	0	11700	0	0	0	0	0	0	0	0	0	0	0	0	0	0	0	0
6900	0	0	0	0	0	6000	0	0	0	0	0	0	0	0	0	0	0	0	0	17200	0	0	11800	0	10000	0	5500	23600	0	0	0	0	0	0	0	0	0	0	0	100	13600	0	0	0	0	0	100	0	0	0	0	0	0	0	0	0	0	11800	0	0	0	0	0	0	0	0	0	0	0	0	0	0	0	0
43600	0	26500	15900	0	32100	42700	16700	35100	24700	36200	0	0	2700	3500	17700	0	1400	0	0	53900	29200	2400	48500	15700	46700	28700	42200	60300	0	2800	0	36700	16700	25700	23500	36700	24700	0	29700	36800	50300	0	27100	0	16700	33900	36800	36700	0	4500	33100	25700	30200	26700	3600	0	1700	48500	0	14800	8200	0	0	0	24700	0	14400	0	28400	28700	200	5200	8500	5700
39100	0	22000	11400	0	27600	38200	12200	30600	20200	31700	0	0	0	0	13200	0	0	0	0	49400	24700	0	44000	11200	42200	24200	37700	55800	0	0	0	32200	12200	21200	19000	32200	20200	0	25200	32300	45800	0	22600	0	12200	29400	32300	32200	0	0	28600	21200	25700	22200	0	0	0	44000	0	10300	3700	0	0	0	20200	0	9900	0	23900	24200	0	700	4000	1200
10500	0	0	0	0	0	9600	0	2000	0	3100	0	0	0	0	0	0	0	0	0	20800	0	0	15400	0	13600	0	9100	27200	0	0	0	3600	0	0	0	3600	0	0	0	3700	17200	0	0	0	0	800	3700	3600	0	0	0	0	0	0	0	0	0	15400	0	0	0	0	0	0	0	0	0	0	0	0	0	0	0	0
17900	0	800	0	0	6400	17000	0	9400	0	10500	0	0	0	0	0	0	0	0	0	28200	3500	0	22800	0	21000	3000	16500	34600	0	0	0	11000	0	0	0	11000	0	0	4000	11100	24600	0	1400	0	0	8200	11100	11000	0	0	7400	0	4500	1000	0	0	0	22800	0	0	0	0	0	0	0	0	0	0	2700	3000	0	0	0	0
13400	0	0	0	0	1900	12500	0	4900	0	6000	0	0	0	0	0	0	0	0	0	23700	0	0	18300	0	16500	0	12000	30100	0	0	0	6500	0	0	0	6500	0	0	0	6600	20100	0	0	0	0	3700	6600	6500	0	0	2900	0	0	0	0	0	0	18300	0	0	0	0	0	0	0	0	0	0	0	0	0	0	0	0
16900	0	0	0	0	5400	16000	0	8400	0	9500	0	0	0	0	0	0	0	0	0	27200	2500	0	21800	0	20000	2000	15500	33600	0	0	0	10000	0	0	0	10000	0	0	3000	10100	23600	0	400	0	0	7200	10100	10000	0	0	6400	0	3500	0	0	0	0	21800	0	0	0	0	0	0	0	0	0	0	1700	2000	0	0	0	0
40000	0	22900	12300	0	28500	39100	13100	31500	21100	32600	0	0	0	0	14100	0	0	0	0	50300	25600	0	44900	12100	43100	25100	38600	56700	0	0	0	33100	13100	22100	19900	33100	21100	0	26100	33200	46700	0	23500	0	13100	30300	33200	33100	0	900	29500	22100	26600	23100	0	0	0	44900	0	11200	4600	0	0	0	21100	0	10800	0	24800	25100	0	1600	4900	2100
53000	9100	35900	25300	0	41500	52100	26100	44500	34100	45600	6500	8700	12100	12900	27100	9100	10800	0	0	63300	38600	11800	57900	25100	56100	38100	51600	69700	0	12200	5600	46100	26100	35100	32900	46100	34100	100	39100	46200	59700	4400	36500	3000	26100	43300	46200	46100	9400	13900	42500	35100	39600	36100	13000	0	11100	57900	0	24200	17600	0	0	8700	34100	6500	23800	0	37800	38100	9600	14600	17900	15100
41900	0	24800	14200	0	30400	41000	15000	33400	23000	34500	0	0	1000	1800	16000	0	0	0	0	52200	27500	700	46800	14000	45000	27000	40500	58600	0	1100	0	35000	15000	24000	21800	35000	23000	0	28000	35100	48600	0	25400	0	15000	32200	35100	35000	0	2800	31400	24000	28500	25000	1900	0	0	46800	0	13100	6500	0	0	0	23000	0	12700	0	26700	27000	0	3500	6800	4000
0	0	0	0	0	0	0	0	0	0	0	0	0	0	0	0	0	0	0	0	5400	0	0	0	0	0	0	0	11800	0	0	0	0	0	0	0	0	0	0	0	0	1800	0	0	0	0	0	0	0	0	0	0	0	0	0	0	0	0	0	0	0	0	0	0	0	0	0	0	0	0	0	0	0	0	0
71900	28000	54800	44200	0	60400	71000	45000	63400	53000	64500	25400	27600	31000	31800	46000	28000	29700	9600	0	82200	57500	30700	76800	44000	75000	57000	70500	88600	14500	31100	24500	65000	45000	54000	51800	65000	53000	19000	58000	65100	78600	23300	55400	21900	45000	62200	65100	65000	28300	32800	61400	54000	58500	55000	31900	18900	30000	76800	0	43100	36500	15900	8600	27600	53000	25400	42700	14300	56700	57000	28500	33500	36800	34000
28800	0	11700	1100	0	17300	27900	1900	20300	9900	21400	0	0	0	0	2900	0	0	0	0	39100	14400	0	33700	900	31900	13900	27400	45500	0	0	0	21900	1900	10900	8700	21900	9900	0	14900	22000	35500	0	12300	0	1900	19100	22000	21900	0	0	18300	10900	15400	11900	0	0	0	33700	0	0	0	0	0	0	9900	0	0	0	13600	13900	0	0	0	0
35400	0	18300	7700	0	23900	34500	8500	26900	16500	28000	0	0	0	0	9500	0	0	0	0	45700	21000	0	40300	7500	38500	20500	34000	52100	0	0	0	28500	8500	17500	15300	28500	16500	0	21500	28600	42100	0	18900	0	8500	25700	28600	28500	0	0	24900	17500	22000	18500	0	0	0	40300	0	6600	0	0	0	0	16500	0	6200	0	20200	20500	0	0	300	0
56000	12100	38900	28300	0	44500	55100	29100	47500	37100	48600	9500	11700	15100	15900	30100	12100	13800	0	0	66300	41600	14800	60900	28100	59100	41100	54600	72700	0	15200	8600	49100	29100	38100	35900	49100	37100	3100	42100	49200	62700	7400	39500	6000	29100	46300	49200	49100	12400	16900	45500	38100	42600	39100	16000	3000	14100	60900	0	27200	20600	0	0	11700	37100	9500	26800	0	40800	41100	12600	17600	20900	18100
63300	19400	46200	35600	0	51800	62400	36400	54800	44400	55900	16800	19000	22400	23200	37400	19400	21100	1000	0	73600	48900	22100	68200	35400	66400	48400	61900	80000	5900	22500	15900	56400	36400	45400	43200	56400	44400	10400	49400	56500	70000	14700	46800	13300	36400	53600	56500	56400	19700	24200	52800	45400	49900	46400	23300	10300	21400	68200	0	34500	27900	7300	0	19000	44400	16800	34100	5700	48100	48400	19900	24900	28200	25400
44300	400	27200	16600	0	32800	43400	17400	35800	25400	36900	0	0	3400	4200	18400	400	2100	0	0	54600	29900	3100	49200	16400	47400	29400	42900	61000	0	3500	0	37400	17400	26400	24200	37400	25400	0	30400	37500	51000	0	27800	0	17400	34600	37500	37400	700	5200	33800	26400	30900	27400	4300	0	2400	49200	0	15500	8900	0	0	0	25400	0	15100	0	29100	29400	900	5900	9200	6400
18900	0	1800	0	0	7400	18000	0	10400	0	11500	0	0	0	0	0	0	0	0	0	29200	4500	0	23800	0	22000	4000	17500	35600	0	0	0	12000	0	1000	0	12000	0	0	5000	12100	25600	0	2400	0	0	9200	12100	12000	0	0	8400	1000	5500	2000	0	0	0	23800	0	0	0	0	0	0	0	0	0	0	3700	4000	0	0	0	0
46500	2600	29400	18800	0	35000	45600	19600	38000	27600	39100	0	2200	5600	6400	20600	2600	4300	0	0	56800	32100	5300	51400	18600	49600	31600	45100	63200	0	5700	0	39600	19600	28600	26400	39600	27600	0	32600	39700	53200	0	30000	0	19600	36800	39700	39600	2900	7400	36000	28600	33100	29600	6500	0	4600	51400	0	17700	11100	0	0	2200	27600	0	17300	0	31300	31600	3100	8100	11400	8600
29200	0	12100	1500	0	17700	28300	2300	20700	10300	21800	0	0	0	0	3300	0	0	0	0	39500	14800	0	34100	1300	32300	14300	27800	45900	0	0	0	22300	2300	11300	9100	22300	10300	0	15300	22400	35900	0	12700	0	2300	19500	22400	22300	0	0	18700	11300	15800	12300	0	0	0	34100	0	400	0	0	0	0	10300	0	0	0	14000	14300	0	0	0	0
57600	13700	40500	29900	0	46100	56700	30700	49100	38700	50200	11100	13300	16700	17500	31700	13700	15400	0	0	67900	43200	16400	62500	29700	60700	42700	56200	74300	200	16800	10200	50700	30700	39700	37500	50700	38700	4700	43700	50800	64300	9000	41100	7600	30700	47900	50800	50700	14000	18500	47100	39700	44200	40700	17600	4600	15700	62500	0	28800	22200	1600	0	13300	38700	11100	28400	0	42400	42700	14200	19200	22500	19700
15200	0	0	0	0	3700	14300	0	6700	0	7800	0	0	0	0	0	0	0	0	0	25500	800	0	20100	0	18300	300	13800	31900	0	0	0	8300	0	0	0	8300	0	0	1300	8400	21900	0	0	0	0	5500	8400	8300	0	0	4700	0	1800	0	0	0	0	20100	0	0	0	0	0	0	0	0	0	0	0	300	0	0	0	0
14900	0	0	0	0	3400	14000	0	6400	0	7500	0	0	0	0	0	0	0	0	0	25200	500	0	19800	0	18000	0	13500	31600	0	0	0	8000	0	0	0	8000	0	0	1000	8100	21600	0	0	0	0	5200	8100	8000	0	0	4400	0	1500	0	0	0	0	19800	0	0	0	0	0	0	0	0	0	0	0	0	0	0	0	0
43400	0	26300	15700	0	31900	42500	16500	34900	24500	36000	0	0	2500	3300	17500	0	1200	0	0	53700	29000	2200	48300	15500	46500	28500	42000	60100	0	2600	0	36500	16500	25500	23300	36500	24500	0	29500	36600	50100	0	26900	0	16500	33700	36600	36500	0	4300	32900	25500	30000	26500	3400	0	1500	48300	0	14600	8000	0	0	0	24500	0	14200	0	28200	28500	0	5000	8300	5500
38400	0	21300	10700	0	26900	37500	11500	29900	19500	31000	0	0	0	0	12500	0	0	0	0	48700	24000	0	43300	10500	41500	23500	37000	55100	0	0	0	31500	11500	20500	18300	31500	19500	0	24500	31600	45100	0	21900	0	11500	28700	31600	31500	0	0	27900	20500	25000	21500	0	0	0	43300	0	9600	3000	0	0	0	19500	0	9200	0	23200	23500	0	0	3300	500
35100	0	18000	7400	0	23600	34200	8200	26600	16200	27700	0	0	0	0	9200	0	0	0	0	45400	20700	0	40000	7200	38200	20200	33700	51800	0	0	0	28200	8200	17200	15000	28200	16200	0	21200	28300	41800	0	18600	0	8200	25400	28300	28200	0	0	24600	17200	21700	18200	0	0	0	40000	0	6300	0	0	0	0	16200	0	5900	0	19900	20200	0	0	0	0
37900	0	20800	10200	0	26400	37000	11000	29400	19000	30500	0	0	0	0	12000	0	0	0	0	48200	23500	0	42800	10000	41000	23000	36500	54600	0	0	0	31000	11000	20000	17800	31000	19000	0	24000	31100	44600	0	21400	0	11000	28200	31100	31000	0	0	27400	20000	24500	21000	0	0	0	42800	0	9100	2500	0	0	0	19000	0	8700	0	22700	23000	0	0	2800	0

0	0	0	26	0	0	0	0	0	0	48	0	0	45	0	4	49	0	20	30	18	0	0	75	0	28	0	0	18	48	11	11	4	30	0	0	11	30	11	11	30	0	0	0	48	0	20	0	48	11	48	40	0	0	40	0	0	0	30	4	0	11	11	18	30	0	34	30	0	48	0	0	26	30	0
0	0	0	26	0	0	0	0	0	0	48	0	0	45	0	4	49	0	20	30	18	0	0	75	0	28	0	0	18	48	11	11	4	30	0	0	11	30	11	11	30	0	0	0	48	0	20	0	48	11	48	40	0	0	40	0	0	0	30	4	0	11	11	18	30	0	34	30	0	48	0	0	26	30	0
30	30	0	45	0	0	4	15	0	30	60	0	11	59	30	32	61	4	41	48	40	30	26	82	11	46	18	11	40	60	36	36	32	48	30	0	36	48	36	36	48	11	30	23	60	0	41	11	60	36	60	54	11	0	54	0	30	26	48	32	0	36	36	40	48	30	51	48	0	60	0	0	45	48	0
0	0	0	0	0	0	0	0	0	0	34	0	0	31	0	0	36	0	0	8	0	0	0	68	0	4	0	0	0	34	0	0	0	8	0	0	0	8	0	0	8	0	0	0	34	0	0	0	34	0	34	23	0	0	23	0	0	0	8	0	0	0	0	0	8	0	15	8	0	34	0	0	0	8	0
30	30	0	45	0	0	4	15	0	30	60	0	11	59	30	32	61	4	41	48	40	30	26	82	11	46	18	11	40	60	36	36	32	48	30	0	36	48	36	36	48	11	30	23	60	0	41	11	60	36	60	54	11	0	54	0	30	26	48	32	0	36	36	40	48	30	51	48	0	60	0	0	45	48	0
30	30	0	45	0	0	4	15	0	30	60	0	11	59	30	32	61	4	41	48	40	30	26	82	11	46	18	11	40	60	36	36	32	48	30	0	36	48	36	36	48	11	30	23	60	0	41	11	60	36	60	54	11	0	54	0	30	26	48	32	0	36	36	40	48	30	51	48	0	60	0	0	45	48	0
28	28	0	43	0	0	0	11	0	28	59	0	8	56	28	30	60	0	40	46	38	28	23	81	8	45	15	8	38	59	34	34	30	46	28	0	34	46	34	34	46	8	28	20	59	0	40	8	59	34	59	53	8	0	53	0	28	23	46	30	0	34	34	38	46	28	49	46	0	59	0	0	43	46	0
20	20	0	38	0	0	0	0	0	20	56	0	0	54	20	23	56	0	34	41	32	20	15	79	0	40	4	0	32	56	28	28	23	41	20	0	28	41	28	28	41	0	20	11	56	0	34	0	56	28	56	49	0	0	49	0	20	15	41	23	0	28	28	32	41	20	45	41	0	56	0	0	38	41	0
30	30	0	45	0	0	4	15	0	30	60	0	11	59	30	32	61	4	41	48	40	30	26	82	11	46	18	11	40	60	36	36	32	48	30	0	36	48	36	36	48	11	30	23	60	0	41	11	60	36	60	54	11	0	54	0	30	26	48	32	0	36	36	40	48	30	51	48	0	60	0	0	45	48	0
0	0	0	26	0	0	0	0	0	0	48	0	0	45	0	4	49	0	20	30	18	0	0	75	0	28	0	0	18	48	11	11	4	30	0	0	11	30	11	11	30	0	0	0	48	0	20	0	48	11	48	40	0	0	40	0	0	0	30	4	0	11	11	18	30	0	34	30	0	48	0	0	26	30	0
0	0	0	0	0	0	0	0	0	0	0	0	0	0	0	0	4	0	0	0	0	0	0	56	0	0	0	0	0	0	0	0	0	0	0	0	0	0	0	0	0	0	0	0	0	0	0	0	0	0	0	0	0	0	0	0	0	0	0	0	0	0	0	0	0	0	0	0	0	0	0	0	0	0	0
38	38	15	51	15	15	18	26	15	38	64	0	23	63	38	40	65	18	48	53	46	38	34	85	23	52	28	23	46	64	43	43	40	53	38	15	43	53	43	43	53	23	38	32	64	15	48	23	64	43	64	59	23	15	59	15	38	34	53	40	15	43	43	46	53	38	56	53	15	64	15	15	51	53	15
23	23	0	40	0	0	0	4	0	23	56	0	0	55	23	26	57	0	36	43	34	23	18	80	0	41	8	0	34	56	30	30	26	43	23	0	30	43	30	30	43	0	23	15	56	0	36	0	56	30	56	51	0	0	51	0	23	18	43	26	0	30	30	34	43	23	46	43	0	56	0	0	40	43	0
0	0	0	0	0	0	0	0	0	0	6	0	0	0	0	0	10	0	0	0	0	0	0	56	0	0	0	0	0	6	0	0	0	0	0	0	0	0	0	0	0	0	0	0	6	0	0	0	6	0	6	0	0	0	0	0	0	0	0	0	0	0	0	0	0	0	0	0	0	6	0	0	0	0	0
0	0	0	26	0	0	0	0	0	0	48	0	0	45	0	4	49	0	20	30	18	0	0	75	0	28	0	0	18	48	11	11	4	30	0	0	11	30	11	11	30	0	0	0	48	0	20	0	48	11	48	40	0	0	40	0	0	0	30	4	0	11	11	18	30	0	34	30	0	48	0	0	26	30	0
0	0	0	23	0	0	0	0	0	0	46	0	0	44	0	0	48	0	18	28	15	0	0	74	0	26	0	0	15	46	8	8	0	28	0	0	8	28	8	8	28	0	0	0	46	0	18	0	46	8	46	38	0	0	38	0	0	0	28	0	0	8	8	15	28	0	32	28	0	46	0	0	23	28	0
0	0	0	0	0	0	0	0	0	0	0	0	0	0	0	0	0	0	0	0	0	0	0	54	0	0	0	0	0	0	0	0	0	0	0	0	0	0	0	0	0	0	0	0	0	0	0	0	0	0	0	0	0	0	0	0	0	0	0	0	0	0	0	0	0	0	0	0	0	0	0	0	0	0	0
28	28	0	43	0	0	0	11	0	28	59	0	8	56	28	30	60	0	40	46	38	28	23	81	8	45	15	8	38	59	34	34	30	46	28	0	34	46	34	34	46	8	28	20	59	0	40	8	59	34	59	53	8	0	53	0	28	23	46	30	0	34	34	38	46	28	49	46	0	59	0	0	43	46	0
0	0	0	8	0	0	0	0	0	0	38	0	0	35	0	0	40	0	0	15	0	0	0	70	0	11	0	0	0	38	0	0	0	15	0	0	0	15	0	0	15	0	0	0	38	0	0	0	38	0	38	28	0	0	28	0	0	0	15	0	0	0	0	0	15	0	20	15	0	38	0	0	8	15	0
0	0	0	0	0	0	0	0	0	0	30	0	0	27	0	0	32	0	0	0	0	0	0	66	0	0	0	0	0	30	0	0	0	0	0	0	0	0	0	0	0	0	0	0	30	0	0	0	30	0	30	18	0	0	18	0	0	0	0	0	0	0	0	0	0	0	8	0	0	30	0	0	0	0	0
0	0	0	11	0	0	0	0	0	0	40	0	0	37	0	0	41	0	4	18	0	0	0	71	0	15	0	0	0	40	0	0	0	18	0	0	0	18	0	0	18	0	0	0	40	0	4	0	40	0	40	30	0	0	30	0	0	0	18	0	0	0	0	0	18	0	23	18	0	40	0	0	11	18	0
0	0	0	26	0	0	0	0	0	0	48	0	0	45	0	4	49	0	20	30	18	0	0	75	0	28	0	0	18	48	11	11	4	30	0	0	11	30	11	11	30	0	0	0	48	0	20	0	48	11	48	40	0	0	40	0	0	0	30	4	0	11	11	18	30	0	34	30	0	48	0	0	26	30	0
8	8	0	30	0	0	0	0	0	8	51	0	0	48	8	11	52	0	26	34	23	8	0	76	0	32	0	0	23	51	18	18	11	34	8	0	18	34	18	18	34	0	8	0	51	0	26	0	51	18	51	43	0	0	43	0	8	0	34	11	0	18	18	23	34	8	38	34	0	51	0	0	30	34	0
0	0	0	0	0	0	0	0	0	0	0	0	0	0	0	0	0	0	0	0	0	0	0	0	0	0	0	0	0	0	0	0	0	0	0	0	0	0	0	0	0	0	0	0	0	0	0	0	0	0	0	0	0	0	0	0	0	0	0	0	0	0	0	0	0	0	0	0	0	0	0	0	0	0	0
23	23	0	40	0	0	0	4	0	23	56	0	0	55	23	26	57	0	36	43	34	23	18	80	0	41	8	0	34	56	30	30	26	43	23	0	30	43	30	30	43	0	23	15	56	0	36	0	56	30	56	51	0	0	51	0	23	18	43	26	0	30	30	34	43	23	46	43	0	56	0	0	40	43	0
0	0	0	0	0	0	0	0	0	0	32	0	0	28	0	0	34	0	0	4	0	0	0	67	0	0	0	0	0	32	0	0	0	4	0	0	0	4	0	0	4	0	0	0	32	0	0	0	32	0	32	20	0	0	20	0	0	0	4	0	0	0	0	0	4	0	11	4	0	32	0	0	0	4	0
18	18	0	36	0	0	0	0	0	18	54	0	0	53	18	20	56	0	32	40	30	18	11	79	0	38	0	0	30	54	26	26	20	40	18	0	26	40	26	26	40	0	18	8	54	0	32	0	54	26	54	48	0	0	48	0	18	11	40	20	0	26	26	30	40	18	43	40	0	54	0	0	36	40	0
23	23	0	40	0	0	0	4	0	23	56	0	0	55	23	26	57	0	36	43	34	23	18	80	0	41	8	0	34	56	30	30	26	43	23	0	30	43	30	30	43	0	23	15	56	0	36	0	56	30	56	51	0	0	51	0	23	18	43	26	0	30	30	34	43	23	46	43	0	56	0	0	40	43	0
0	0	0	11	0	0	0	0	0	0	40	0	0	37	0	0	41	0	4	18	0	0	0	71	0	15	0	0	0	40	0	0	0	18	0	0	0	18	0	0	18	0	0	0	40	0	4	0	40	0	40	30	0	0	30	0	0	0	18	0	0	0	0	0	18	0	23	18	0	40	0	0	11	18	0
0	0	0	0	0	0	0	0	0	0	0	0	0	0	0	0	4	0	0	0	0	0	0	56	0	0	0	0	0	0	0	0	0	0	0	0	0	0	0	0	0	0	0	0	0	0	0	0	0	0	0	0	0	0	0	0	0	0	0	0	0	0	0	0	0	0	0	0	0	0	0	0	0	0	0
0	0	0	18	0	0	0	0	0	0	43	0	0	41	0	0	45	0	11	23	8	0	0	72	0	20	0	0	8	43	0	0	0	23	0	0	0	23	0	0	23	0	0	0	43	0	11	0	43	0	43	34	0	0	34	0	0	0	23	0	0	0	0	8	23	0	28	23	0	43	0	0	18	23	0
0	0	0	18	0	0	0	0	0	0	43	0	0	41	0	0	45	0	11	23	8	0	0	72	0	20	0	0	8	43	0	0	0	23	0	0	0	23	0	0	23	0	0	0	43	0	11	0	43	0	43	34	0	0	34	0	0	0	23	0	0	0	0	8	23	0	28	23	0	43	0	0	18	23	0
0	0	0	23	0	0	0	0	0	0	46	0	0	44	0	0	48	0	18	28	15	0	0	74	0	26	0	0	15	46	8	8	0	28	0	0	8	28	8	8	28	0	0	0	46	0	18	0	46	8	46	38	0	0	38	0	0	0	28	0	0	8	8	15	28	0	32	28	0	46	0	0	23	28	0
0	0	0	0	0	0	0	0	0	0	30	0	0	27	0	0	32	0	0	0	0	0	0	66	0	0	0	0	0	30	0	0	0	0	0	0	0	0	0	0	0	0	0	0	30	0	0	0	30	0	30	18	0	0	18	0	0	0	0	0	0	0	0	0	0	0	8	0	0	30	0	0	0	0	0
0	0	0	26	0	0	0	0	0	0	48	0	0	45	0	4	49	0	20	30	18	0	0	75	0	28	0	0	18	48	11	11	4	30	0	0	11	30	11	11	30	0	0	0	48	0	20	0	48	11	48	40	0	0	40	0	0	0	30	4	0	11	11	18	30	0	34	30	0	48	0	0	26	30	0
30	30	0	45	0	0	4	15	0	30	60	0	11	59	30	32	61	4	41	48	40	30	26	82	11	46	18	11	40	60	36	36	32	48	30	0	36	48	36	36	48	11	30	23	60	0	41	11	60	36	60	54	11	0	54	0	30	26	48	32	0	36	36	40	48	30	51	48	0	60	0	0	45	48	0
0	0	0	18	0	0	0	0	0	0	43	0	0	41	0	0	45	0	11	23	8	0	0	72	0	20	0	0	8	43	0	0	0	23	0	0	0	23	0	0	23	0	0	0	43	0	11	0	43	0	43	34	0	0	34	0	0	0	23	0	0	0	0	8	23	0	28	23	0	43	0	0	18	23	0
0	0	0	0	0	0	0	0	0	0	30	0	0	27	0	0	32	0	0	0	0	0	0	66	0	0	0	0	0	30	0	0	0	0	0	0	0	0	0	0	0	0	0	0	30	0	0	0	30	0	30	18	0	0	18	0	0	0	0	0	0	0	0	0	0	0	8	0	0	30	0	0	0	0	0
0	0	0	18	0	0	0	0	0	0	43	0	0	41	0	0	45	0	11	23	8	0	0	72	0	20	0	0	8	43	0	0	0	23	0	0	0	23	0	0	23	0	0	0	43	0	11	0	43	0	43	34	0	0	34	0	0	0	23	0	0	0	0	8	23	0	28	23	0	43	0	0	18	23	0
0	0	0	18	0	0	0	0	0	0	43	0	0	41	0	0	45	0	11	23	8	0	0	72	0	20	0	0	8	43	0	0	0	23	0	0	0	23	0	0	23	0	0	0	43	0	11	0	43	0	43	34	0	0	34	0	0	0	23	0	0	0	0	8	23	0	28	23	0	43	0	0	18	23	0
0	0	0	0	0	0	0	0	0	0	30	0	0	27	0	0	32	0	0	0	0	0	0	66	0	0	0	0	0	30	0	0	0	0	0	0	0	0	0	0	0	0	0	0	30	0	0	0	30	0	30	18	0	0	18	0	0	0	0	0	0	0	0	0	0	0	8	0	0	30	0	0	0	0	0
23	23	0	40	0	0	0	4	0	23	56	0	0	55	23	26	57	0	36	43	34	23	18	80	0	41	8	0	34	56	30	30	26	43	23	0	30	43	30	30	43	0	23	15	56	0	36	0	56	30	56	51	0	0	51	0	23	18	43	26	0	30	30	34	43	23	46	43	0	56	0	0	40	43	0
0	0	0	26	0	0	0	0	0	0	48	0	0	45	0	4	49	0	20	30	18	0	0	75	0	28	0	0	18	48	11	11	4	30	0	0	11	30	11	11	30	0	0	0	48	0	20	0	48	11	48	40	0	0	40	0	0	0	30	4	0	11	11	18	30	0	34	30	0	48	0	0	26	30	0
11	11	0	32	0	0	0	0	0	11	52	0	0	50	11	15	53	0	28	36	26	11	4	77	0	34	0	0	26	52	20	20	15	36	11	0	20	36	20	20	36	0	11	0	52	0	28	0	52	20	52	45	0	0	45	0	11	4	36	15	0	20	20	26	36	11	40	36	0	52	0	0	32	36	0
0	0	0	0	0	0	0	0	0	0	0	0	0	0	0	0	4	0	0	0	0	0	0	56	0	0	0	0	0	0	0	0	0	0	0	0	0	0	0	0	0	0	0	0	0	0	0	0	0	0	0	0	0	0	0	0	0	0	0	0	0	0	0	0	0	0	0	0	0	0	0	0	0	0	0
30	30	0	45	0	0	4	15	0	30	60	0	11	59	30	32	61	4	41	48	40	30	26	82	11	46	18	11	40	60	36	36	32	48	30	0	36	48	36	36	48	11	30	23	60	0	41	11	60	36	60	54	11	0	54	0	30	26	48	32	0	36	36	40	48	30	51	48	0	60	0	0	45	48	0
0	0	0	8	0	0	0	0	0	0	38	0	0	35	0	0	40	0	0	15	0	0	0	70	0	11	0	0	0	38	0	0	0	15	0	0	0	15	0	0	15	0	0	0	38	0	0	0	38	0	38	28	0	0	28	0	0	0	15	0	0	0	0	0	15	0	20	15	0	38	0	0	8	15	0
23	23	0	40	0	0	0	4	0	23	56	0	0	55	23	26	57	0	36	43	34	23	18	80	0	41	8	0	34	56	30	30	26	43	23	0	30	43	30	30	43	0	23	15	56	0	36	0	56	30	56	51	0	0	51	0	23	18	43	26	0	30	30	34	43	23	46	43	0	56	0	0	40	43	0
0	0	0	0	0	0	0	0	0	0	0	0	0	0	0	0	4	0	0	0	0	0	0	56	0	0	0	0	0	0	0	0	0	0	0	0	0	0	0	0	0	0	0	0	0	0	0	0	0	0	0	0	0	0	0	0	0	0	0	0	0	0	0	0	0	0	0	0	0	0	0	0	0	0	0
0	0	0	18	0	0	0	0	0	0	43	0	0	41	0	0	45	0	11	23	8	0	0	72	0	20	0	0	8	43	0	0	0	23	0	0	0	23	0	0	23	0	0	0	43	0	11	0	43	0	43	34	0	0	34	0	0	0	23	0	0	0	0	8	23	0	28	23	0	43	0	0	18	23	0
0	0	0	0	0	0	0	0	0	0	0	0	0	0	0	0	4	0	0	0	0	0	0	56	0	0	0	0	0	0	0	0	0	0	0	0	0	0	0	0	0	0	0	0	0	0	0	0	0	0	0	0	0	0	0	0	0	0	0	0	0	0	0	0	0	0	0	0	0	0	0	0	0	0	0
0	0	0	0	0	0	0	0	0	0	18	0	0	13	0	0	20	0	0	0	0	0	0	61	0	0	0	0	0	18	0	0	0	0	0	0	0	0	0	0	0	0	0	0	18	0	0	0	18	0	18	0	0	0	0	0	0	0	0	0	0	0	0	0	0	0	0	0	0	18	0	0	0	0	0
23	23	0	40	0	0	0	4	0	23	56	0	0	55	23	26	57	0	36	43	34	23	18	80	0	41	8	0	34	56	30	30	26	43	23	0	30	43	30	30	43	0	23	15	56	0	36	0	56	30	56	51	0	0	51	0	23	18	43	26	0	30	30	34	43	23	46	43	0	56	0	0	40	43	0
30	30	0	45	0	0	4	15	0	30	60	0	11	59	30	32	61	4	41	48	40	30	26	82	11	46	18	11	40	60	36	36	32	48	30	0	36	48	36	36	48	11	30	23	60	0	41	11	60	36	60	54	11	0	54	0	30	26	48	32	0	36	36	40	48	30	51	48	0	60	0	0	45	48	0
0	0	0	0	0	0	0	0	0	0	18	0	0	13	0	0	20	0	0	0	0	0	0	61	0	0	0	0	0	18	0	0	0	0	0	0	0	0	0	0	0	0	0	0	18	0	0	0	18	0	18	0	0	0	0	0	0	0	0	0	0	0	0	0	0	0	0	0	0	18	0	0	0	0	0
30	30	0	45	0	0	4	15	0	30	60	0	11	59	30	32	61	4	41	48	40	30	26	82	11	46	18	11	40	60	36	36	32	48	30	0	36	48	36	36	48	11	30	23	60	0	41	11	60	36	60	54	11	0	54	0	30	26	48	32	0	36	36	40	48	30	51	48	0	60	0	0	45	48	0
0	0	0	26	0	0	0	0	0	0	48	0	0	45	0	4	49	0	20	30	18	0	0	75	0	28	0	0	18	48	11	11	4	30	0	0	11	30	11	11	30	0	0	0	48	0	20	0	48	11	48	40	0	0	40	0	0	0	30	4	0	11	11	18	30	0	34	30	0	48	0	0	26	30	0
8	8	0	30	0	0	0	0	0	8	51	0	0	48	8	11	52	0	26	34	23	8	0	76	0	32	0	0	23	51	18	18	11	34	8	0	18	34	18	18	34	0	8	0	51	0	26	0	51	18	51	43	0	0	43	0	8	0	34	11	0	18	18	23	34	8	38	34	0	51	0	0	30	34	0
0	0	0	0	0	0	0	0	0	0	30	0	0	27	0	0	32	0	0	0	0	0	0	66	0	0	0	0	0	30	0	0	0	0	0	0	0	0	0	0	0	0	0	0	30	0	0	0	30	0	30	18	0	0	18	0	0	0	0	0	0	0	0	0	0	0	8	0	0	30	0	0	0	0	0
0	0	0	23	0	0	0	0	0	0	46	0	0	44	0	0	48	0	18	28	15	0	0	74	0	26	0	0	15	46	8	8	0	28	0	0	8	28	8	8	28	0	0	0	46	0	18	0	46	8	46	38	0	0	38	0	0	0	28	0	0	8	8	15	28	0	32	28	0	46	0	0	23	28	0
30	30	0	45	0	0	4	15	0	30	60	0	11	59	30	32	61	4	41	48	40	30	26	82	11	46	18	11	40	60	36	36	32	48	30	0	36	48	36	36	48	11	30	23	60	0	41	11	60	36	60	54	11	0	54	0	30	26	48	32	0	36	36	40	48	30	51	48	0	60	0	0	45	48	0
0	0	0	18	0	0	0	0	0	0	43	0	0	41	0	0	45	0	11	23	8	0	0	72	0	20	0	0	8	43	0	0	0	23	0	0	0	23	0	0	23	0	0	0	43	0	11	0	43	0	43	34	0	0	34	0	0	0	23	0	0	0	0	8	23	0	28	23	0	43	0	0	18	23	0
0	0	0	18	0	0	0	0	0	0	43	0	0	41	0	0	45	0	11	23	8	0	0	72	0	20	0	0	8	43	0	0	0	23	0	0	0	23	0	0	23	0	0	0	43	0	11	0	43	0	43	34	0	0	34	0	0	0	23	0	0	0	0	8	23	0	28	23	0	43	0	0	18	23	0
0	0	0	11	0	0	0	0	0	0	40	0	0	37	0	0	41	0	4	18	0	0	0	71	0	15	0	0	0	40	0	0	0	18	0	0	0	18	0	0	18	0	0	0	40	0	4	0	40	0	40	30	0	0	30	0	0	0	18	0	0	0	0	0	18	0	23	18	0	40	0	0	11	18	0
0	0	0	0	0	0	0	0	0	0	30	0	0	27	0	0	32	0	0	0	0	0	0	66	0	0	0	0	0	30	0	0	0	0	0	0	0	0	0	0	0	0	0	0	30	0	0	0	30	0	30	18	0	0	18	0	0	0	0	0	0	0	0	0	0	0	8	0	0	30	0	0	0	0	0
0	0	0	26	0	0	0	0	0	0	48	0	0	45	0	4	49	0	20	30	18	0	0	75	0	28	0	0	18	48	11	11	4	30	0	0	11	30	11	11	30	0	0	0	48	0	20	0	48	11	48	40	0	0	40	0	0	0	30	4	0	11	11	18	30	0	34	30	0	48	0	0	26	30	0
0	0	0	0	0	0	0	0	0	0	26	0	0	22	0	0	28	0	0	0	0	0	0	64	0	0	0	0	0	26	0	0	0	0	0	0	0	0	0	0	0	0	0	0	26	0	0	0	26	0	26	11	0	0	11	0	0	0	0	0	0	0	0	0	0	0	0	0	0	26	0	0	0	0	0
0	0	0	0	0	0	0	0	0	0	30	0	0	27	0	0	32	0	0	0	0	0	0	66	0	0	0	0	0	30	0	0	0	0	0	0	0	0	0	0	0	0	0	0	30	0	0	0	30	0	30	18	0	0	18	0	0	0	0	0	0	0	0	0	0	0	8	0	0	30	0	0	0	0	0
30	30	0	45	0	0	4	15	0	30	60	0	11	59	30	32	61	4	41	48	40	30	26	82	11	46	18	11	40	60	36	36	32	48	30	0	36	48	36	36	48	11	30	23	60	0	41	11	60	36	60	54	11	0	54	0	30	26	48	32	0	36	36	40	48	30	51	48	0	60	0	0	45	48	0
0	0	0	0	0	0	0	0	0	0	0	0	0	0	0	0	4	0	0	0	0	0	0	56	0	0	0	0	0	0	0	0	0	0	0	0	0	0	0	0	0	0	0	0	0	0	0	0	0	0	0	0	0	0	0	0	0	0	0	0	0	0	0	0	0	0	0	0	0	0	0	0	0	0	0
30	30	0	45	0	0	4	15	0	30	60	0	11	59	30	32	61	4	41	48	40	30	26	82	11	46	18	11	40	60	36	36	32	48	30	0	36	48	36	36	48	11	30	23	60	0	41	11	60	36	60	54	11	0	54	0	30	26	48	32	0	36	36	40	48	30	51	48	0	60	0	0	45	48	0
30	30	0	45	0	0	4	15	0	30	60	0	11	59	30	32	61	4	41	48	40	30	26	82	11	46	18	11	40	60	36	36	32	48	30	0	36	48	36	36	48	11	30	23	60	0	41	11	60	36	60	54	11	0	54	0	30	26	48	32	0	36	36	40	48	30	51	48	0	60	0	0	45	48	0
0	0	0	0	0	0	0	0	0	0	34	0	0	31	0	0	36	0	0	8	0	0	0	68	0	4	0	0	0	34	0	0	0	8	0	0	0	8	0	0	8	0	0	0	34	0	0	0	34	0	34	23	0	0	23	0	0	0	8	0	0	0	0	0	8	0	15	8	0	34	0	0	0	8	0
0	0	0	0	0	0	0	0	0	0	30	0	0	27	0	0	32	0	0	0	0	0	0	66	0	0	0	0	0	30	0	0	0	0	0	0	0	0	0	0	0	0	0	0	30	0	0	0	30	0	30	18	0	0	18	0	0	0	0	0	0	0	0	0	0	0	8	0	0	30	0	0	0	0	0
30	30	0	45	0	0	4	15	0	30	60	0	11	59	30	32	61	4	41	48	40	30	26	82	11	46	18	11	40	60	36	36	32	48	30	0	36	48	36	36	48	11	30	23	60	0	41	11	60	36	60	54	11	0	54	0	30	26	48	32	0	36	36	40	48	30	51	48	0	60	0	0	45	48	0

0	0	30	0	30	30	28	20	30	0	0	38	23	0	0	0	0	28	0	0	0	0	8	0	23	0	18	23	0	0	0	0	0	0	0	30	0	0	0	0	0	23	0	11	0	30	0	23	0	0	0	0	23	30	0	30	0	8	0	0	30	0	0	0	0	0	0	0	30	0	30	30	0	0	30
0	0	30	0	30	30	28	20	30	0	0	38	23	0	0	0	0	28	0	0	0	0	8	0	23	0	18	23	0	0	0	0	0	0	0	30	0	0	0	0	0	23	0	11	0	30	0	23	0	0	0	0	23	30	0	30	0	8	0	0	30	0	0	0	0	0	0	0	30	0	30	30	0	0	30
0	0	0	0	0	0	0	0	0	0	0	15	0	0	0	0	0	0	0	0	0	0	0	0	0	0	0	0	0	0	0	0	0	0	0	0	0	0	0	0	0	0	0	0	0	0	0	0	0	0	0	0	0	0	0	0	0	0	0	0	0	0	0	0	0	0	0	0	0	0	0	0	0	0	0
26	26	45	0	45	45	43	38	45	26	0	51	40	0	26	23	0	43	8	0	11	26	30	0	40	0	36	40	11	0	18	18	23	0	26	45	18	0	18	18	0	40	26	32	0	45	8	40	0	18	0	0	40	45	0	45	26	30	0	23	45	18	18	11	0	26	0	0	45	0	45	45	0	0	45
0	0	0	0	0	0	0	0	0	0	0	15	0	0	0	0	0	0	0	0	0	0	0	0	0	0	0	0	0	0	0	0	0	0	0	0	0	0	0	0	0	0	0	0	0	0	0	0	0	0	0	0	0	0	0	0	0	0	0	0	0	0	0	0	0	0	0	0	0	0	0	0	0	0	0
0	0	0	0	0	0	0	0	0	0	0	15	0	0	0	0	0	0	0	0	0	0	0	0	0	0	0	0	0	0	0	0	0	0	0	0	0	0	0	0	0	0	0	0	0	0	0	0	0	0	0	0	0	0	0	0	0	0	0	0	0	0	0	0	0	0	0	0	0	0	0	0	0	0	0
0	0	4	0	4	4	0	0	4	0	0	18	0	0	0	0	0	0	0	0	0	0	0	0	0	0	0	0	0	0	0	0	0	0	0	4	0	0	0	0	0	0	0	0	0	4	0	0	0	0	0	0	0	4	0	4	0	0	0	0	4	0	0	0	0	0	0	0	4	0	4	4	0	0	4
0	0	15	0	15	15	11	0	15	0	0	26	4	0	0	0	0	11	0	0	0	0	0	0	4	0	0	4	0	0	0	0	0	0	0	15	0	0	0	0	0	4	0	0	0	15	0	4	0	0	0	0	4	15	0	15	0	0	0	0	15	0	0	0	0	0	0	0	15	0	15	15	0	0	15
0	0	0	0	0	0	0	0	0	0	0	15	0	0	0	0	0	0	0	0	0	0	0	0	0	0	0	0	0	0	0	0	0	0	0	0	0	0	0	0	0	0	0	0	0	0	0	0	0	0	0	0	0	0	0	0	0	0	0	0	0	0	0	0	0	0	0	0	0	0	0	0	0	0	0
0	0	30	0	30	30	28	20	30	0	0	38	23	0	0	0	0	28	0	0	0	0	8	0	23	0	18	23	0	0	0	0	0	0	0	30	0	0	0	0	0	23	0	11	0	30	0	23	0	0	0	0	23	30	0	30	0	8	0	0	30	0	0	0	0	0	0	0	30	0	30	30	0	0	30
48	48	60	34	60	60	59	56	60	48	0	64	56	6	48	46	0	59	38	30	40	48	51	0	56	32	54	56	40	0	43	43	46	30	48	60	43	30	43	43	30	56	48	52	0	60	38	56	0	43	0	18	56	60	18	60	48	51	30	46	60	43	43	40	30	48	26	30	60	0	60	60	34	30	60
0	0	0	0	0	0	0	0	0	0	0	0	0	0	0	0	0	0	0	0	0	0	0	0	0	0	0	0	0	0	0	0	0	0	0	0	0	0	0	0	0	0	0	0	0	0	0	0	0	0	0	0	0	0	0	0	0	0	0	0	0	0	0	0	0	0	0	0	0	0	0	0	0	0	0
0	0	11	0	11	11	8	0	11	0	0	23	0	0	0	0	0	8	0	0	0	0	0	0	0	0	0	0	0	0	0	0	0	0	0	11	0	0	0	0	0	0	0	0	0	11	0	0	0	0	0	0	0	11	0	11	0	0	0	0	11	0	0	0	0	0	0	0	11	0	11	11	0	0	11
45	45	59	31	59	59	56	54	59	45	0	63	55	0	45	44	0	56	35	27	37	45	48	0	55	28	53	55	37	0	41	41	44	27	45	59	41	27	41	41	27	55	45	50	0	59	35	55	0	41	0	13	55	59	13	59	45	48	27	44	59	41	41	37	27	45	22	27	59	0	59	59	31	27	59
0	0	30	0	30	30	28	20	30	0	0	38	23	0	0	0	0	28	0	0	0	0	8	0	23	0	18	23	0	0	0	0	0	0	0	30	0	0	0	0	0	23	0	11	0	30	0	23	0	0	0	0	23	30	0	30	0	8	0	0	30	0	0	0	0	0	0	0	30	0	30	30	0	0	30
4	4	32	0	32	32	30	23	32	4	0	40	26	0	4	0	0	30	0	0	0	4	11	0	26	0	20	26	0	0	0	0	0	0	4	32	0	0	0	0	0	26	4	15	0	32	0	26	0	0	0	0	26	32	0	32	4	11	0	0	32	0	0	0	0	4	0	0	32	0	32	32	0	0	32
49	49	61	36	61	61	60	56	61	49	4	65	57	10	49	48	0	60	40	32	41	49	52	0	57	34	56	57	41	4	45	45	48	32	49	61	45	32	45	45	32	57	49	53	4	61	40	57	4	45	4	20	57	61	20	61	49	52	32	48	61	45	45	41	32	49	28	32	61	4	61	61	36	32	61
0	0	4	0	4	4	0	0	4	0	0	18	0	0	0	0	0	0	0	0	0	0	0	0	0	0	0	0	0	0	0	0	0	0	0	4	0	0	0	0	0	0	0	0	0	4	0	0	0	0	0	0	0	4	0	4	0	0	0	0	4	0	0	0	0	0	0	0	4	0	4	4	0	0	4
20	20	41	0	41	41	40	34	41	20	0	48	36	0	20	18	0	40	0	0	4	20	26	0	36	0	32	36	4	0	11	11	18	0	20	41	11	0	11	11	0	36	20	28	0	41	0	36	0	11	0	0	36	41	0	41	20	26	0	18	41	11	11	4	0	20	0	0	41	0	41	41	0	0	41
30	30	48	8	48	48	46	41	48	30	0	53	43	0	30	28	0	46	15	0	18	30	34	0	43	4	40	43	18	0	23	23	28	0	30	48	23	0	23	23	0	43	30	36	0	48	15	43	0	23	0	0	43	48	0	48	30	34	0	28	48	23	23	18	0	30	0	0	48	0	48	48	8	0	48
18	18	40	0	40	40	38	32	40	18	0	46	34	0	18	15	0	38	0	0	0	18	23	0	34	0	30	34	0	0	8	8	15	0	18	40	8	0	8	8	0	34	18	26	0	40	0	34	0	8	0	0	34	40	0	40	18	23	0	15	40	8	8	0	0	18	0	0	40	0	40	40	0	0	40
0	0	30	0	30	30	28	20	30	0	0	38	23	0	0	0	0	28	0	0	0	0	8	0	23	0	18	23	0	0	0	0	0	0	0	30	0	0	0	0	0	23	0	11	0	30	0	23	0	0	0	0	23	30	0	30	0	8	0	0	30	0	0	0	0	0	0	0	30	0	30	30	0	0	30
0	0	26	0	26	26	23	15	26	0	0	34	18	0	0	0	0	23	0	0	0	0	0	0	18	0	11	18	0	0	0	0	0	0	0	26	0	0	0	0	0	18	0	4	0	26	0	18	0	0	0	0	18	26	0	26	0	0	0	0	26	0	0	0	0	0	0	0	26	0	26	26	0	0	26
75	75	82	68	82	82	81	79	82	75	56	85	80	56	75	74	54	81	70	66	71	75	76	0	80	67	79	80	71	56	72	72	74	66	75	82	72	66	72	72	66	80	75	77	56	82	70	80	56	72	56	61	80	82	61	82	75	76	66	74	82	72	72	71	66	75	64	66	82	56	82	82	68	66	82
0	0	11	0	11	11	8	0	11	0	0	23	0	0	0	0	0	8	0	0	0	0	0	0	0	0	0	0	0	0	0	0	0	0	0	11	0	0	0	0	0	0	0	0	0	11	0	0	0	0	0	0	0	11	0	11	0	0	0	0	11	0	0	0	0	0	0	0	11	0	11	11	0	0	11
28	28	46	4	46	46	45	40	46	28	0	52	41	0	28	26	0	45	11	0	15	28	32	0	41	0	38	41	15	0	20	20	26	0	28	46	20	0	20	20	0	41	28	34	0	46	11	41	0	20	0	0	41	46	0	46	28	32	0	26	46	20	20	15	0	28	0	0	46	0	46	46	4	0	46
0	0	18	0	18	18	15	4	18	0	0	28	8	0	0	0	0	15	0	0	0	0	0	0	8	0	0	8	0	0	0	0	0	0	0	18	0	0	0	0	0	8	0	0	0	18	0	8	0	0	0	0	8	18	0	18	0	0	0	0	18	0	0	0	0	0	0	0	18	0	18	18	0	0	18
0	0	11	0	11	11	8	0	11	0	0	23	0	0	0	0	0	8	0	0	0	0	0	0	0	0	0	0	0	0	0	0	0	0	0	11	0	0	0	0	0	0	0	0	0	11	0	0	0	0	0	0	0	11	0	11	0	0	0	0	11	0	0	0	0	0	0	0	11	0	11	11	0	0	11
18	18	40	0	40	40	38	32	40	18	0	46	34	0	18	15	0	38	0	0	0	18	23	0	34	0	30	34	0	0	8	8	15	0	18	40	8	0	8	8	0	34	18	26	0	40	0	34	0	8	0	0	34	40	0	40	18	23	0	15	40	8	8	0	0	18	0	0	40	0	40	40	0	0	40
48	48	60	34	60	60	59	56	60	48	0	64	56	6	48	46	0	59	38	30	40	48	51	0	56	32	54	56	40	0	43	43	46	30	48	60	43	30	43	43	30	56	48	52	0	60	38	56	0	43	0	18	56	60	18	60	48	51	30	46	60	43	43	40	30	48	26	30	60	0	60	60	34	30	60
11	11	36	0	36	36	34	28	36	11	0	43	30	0	11	8	0	34	0	0	0	11	18	0	30	0	26	30	0	0	0	0	8	0	11	36	0	0	0	0	0	30	11	20	0	36	0	30	0	0	0	0	30	36	0	36	11	18	0	8	36	0	0	0	0	11	0	0	36	0	36	36	0	0	36
11	11	36	0	36	36	34	28	36	11	0	43	30	0	11	8	0	34	0	0	0	11	18	0	30	0	26	30	0	0	0	0	8	0	11	36	0	0	0	0	0	30	11	20	0	36	0	30	0	0	0	0	30	36	0	36	11	18	0	8	36	0	0	0	0	11	0	0	36	0	36	36	0	0	36
4	4	32	0	32	32	30	23	32	4	0	40	26	0	4	0	0	30	0	0	0	4	11	0	26	0	20	26	0	0	0	0	0	0	4	32	0	0	0	0	0	26	4	15	0	32	0	26	0	0	0	0	26	32	0	32	4	11	0	0	32	0	0	0	0	4	0	0	32	0	32	32	0	0	32
30	30	48	8	48	48	46	41	48	30	0	53	43	0	30	28	0	46	15	0	18	30	34	0	43	4	40	43	18	0	23	23	28	0	30	48	23	0	23	23	0	43	30	36	0	48	15	43	0	23	0	0	43	48	0	48	30	34	0	28	48	23	23	18	0	30	0	0	48	0	48	48	8	0	48
0	0	30	0	30	30	28	20	30	0	0	38	23	0	0	0	0	28	0	0	0	0	8	0	23	0	18	23	0	0	0	0	0	0	0	30	0	0	0	0	0	23	0	11	0	30	0	23	0	0	0	0	23	30	0	30	0	8	0	0	30	0	0	0	0	0	0	0	30	0	30	30	0	0	30
0	0	0	0	0	0	0	0	0	0	0	15	0	0	0	0	0	0	0	0	0	0	0	0	0	0	0	0	0	0	0	0	0	0	0	0	0	0	0	0	0	0	0	0	0	0	0	0	0	0	0	0	0	0	0	0	0	0	0	0	0	0	0	0	0	0	0	0	0	0	0	0	0	0	0
11	11	36	0	36	36	34	28	36	11	0	43	30	0	11	8	0	34	0	0	0	11	18	0	30	0	26	30	0	0	0	0	8	0	11	36	0	0	0	0	0	30	11	20	0	36	0	30	0	0	0	0	30	36	0	36	11	18	0	8	36	0	0	0	0	11	0	0	36	0	36	36	0	0	36
30	30	48	8	48	48	46	41	48	30	0	53	43	0	30	28	0	46	15	0	18	30	34	0	43	4	40	43	18	0	23	23	28	0	30	48	23	0	23	23	0	43	30	36	0	48	15	43	0	23	0	0	43	48	0	48	30	34	0	28	48	23	23	18	0	30	0	0	48	0	48	48	8	0	48
11	11	36	0	36	36	34	28	36	11	0	43	30	0	11	8	0	34	0	0	0	11	18	0	30	0	26	30	0	0	0	0	8	0	11	36	0	0	0	0	0	30	11	20	0	36	0	30	0	0	0	0	30	36	0	36	11	18	0	8	36	0	0	0	0	11	0	0	36	0	36	36	0	0	36
11	11	36	0	36	36	34	28	36	11	0	43	30	0	11	8	0	34	0	0	0	11	18	0	30	0	26	30	0	0	0	0	8	0	11	36	0	0	0	0	0	30	11	20	0	36	0	30	0	0	0	0	30	36	0	36	11	18	0	8	36	0	0	0	0	11	0	0	36	0	36	36	0	0	36
30	30	48	8	48	48	46	41	48	30	0	53	43	0	30	28	0	46	15	0	18	30	34	0	43	4	40	43	18	0	23	23	28	0	30	48	23	0	23	23	0	43	30	36	0	48	15	43	0	23	0	0	43	48	0	48	30	34	0	28	48	23	23	18	0	30	0	0	48	0	48	48	8	0	48
0	0	11	0	11	11	8	0	11	0	0	23	0	0	0	0	0	8	0	0	0	0	0	0	0	0	0	0	0	0	0	0	0	0	0	11	0	0	0	0	0	0	0	0	0	11	0	0	0	0	0	0	0	11	0	11	0	0	0	0	11	0	0	0	0	0	0	0	11	0	11	11	0	0	11
0	0	30	0	30	30	28	20	30	0	0	38	23	0	0	0	0	28	0	0	0	0	8	0	23	0	18	23	0	0	0	0	0	0	0	30	0	0	0	0	0	23	0	11	0	30	0	23	0	0	0	0	23	30	0	30	0	8	0	0	30	0	0	0	0	0	0	0	30	0	30	30	0	0	30
0	0	23	0	23	23	20	11	23	0	0	32	15	0	0	0	0	20	0	0	0	0	0	0	15	0	8	15	0	0	0	0	0	0	0	23	0	0	0	0	0	15	0	0	0	23	0	15	0	0	0	0	15	23	0	23	0	0	0	0	23	0	0	0	0	0	0	0	23	0	23	23	0	0	23
48	48	60	34	60	60	59	56	60	48	0	64	56	6	48	46	0	59	38	30	40	48	51	0	56	32	54	56	40	0	43	43	46	30	48	60	43	30	43	43	30	56	48	52	0	60	38	56	0	43	0	18	56	60	18	60	48	51	30	46	60	43	43	40	30	48	26	30	60	0	60	60	34	30	60
0	0	0	0	0	0	0	0	0	0	0	15	0	0	0	0	0	0	0	0	0	0	0	0	0	0	0	0	0	0	0	0	0	0	0	0	0	0	0	0	0	0	0	0	0	0	0	0	0	0	0	0	0	0	0	0	0	0	0	0	0	0	0	0	0	0	0	0	0	0	0	0	0	0	0
20	20	41	0	41	41	40	34	41	20	0	48	36	0	20	18	0	40	0	0	4	20	26	0	36	0	32	36	4	0	11	11	18	0	20	41	11	0	11	11	0	36	20	28	0	41	0	36	0	11	0	0	36	41	0	41	20	26	0	18	41	11	11	4	0	20	0	0	41	0	41	41	0	0	41
0	0	11	0	11	11	8	0	11	0	0	23	0	0	0	0	0	8	0	0	0	0	0	0	0	0	0	0	0	0	0	0	0	0	0	11	0	0	0	0	0	0	0	0	0	11	0	0	0	0	0	0	0	11	0	11	0	0	0	0	11	0	0	0	0	0	0	0	11	0	11	11	0	0	11
48	48	60	34	60	60	59	56	60	48	0	64	56	6	48	46	0	59	38	30	40	48	51	0	56	32	54	56	40	0	43	43	46	30	48	60	43	30	43	43	30	56	48	52	0	60	38	56	0	43	0	18	56	60	18	60	48	51	30	46	60	43	43	40	30	48	26	30	60	0	60	60	34	30	60
11	11	36	0	36	36	34	28	36	11	0	43	30	0	11	8	0	34	0	0	0	11	18	0	30	0	26	30	0	0	0	0	8	0	11	36	0	0	0	0	0	30	11	20	0	36	0	30	0	0	0	0	30	36	0	36	11	18	0	8	36	0	0	0	0	11	0	0	36	0	36	36	0	0	36
48	48	60	34	60	60	59	56	60	48	0	64	56	6	48	46	0	59	38	30	40	48	51	0	56	32	54	56	40	0	43	43	46	30	48	60	43	30	43	43	30	56	48	52	0	60	38	56	0	43	0	18	56	60	18	60	48	51	30	46	60	43	43	40	30	48	26	30	60	0	60	60	34	30	60
40	40	54	23	54	54	53	49	54	40	0	59	51	0	40	38	0	53	28	18	30	40	43	0	51	20	48	51	30	0	34	34	38	18	40	54	34	18	34	34	18	51	40	45	0	54	28	51	0	34	0	0	51	54	0	54	40	43	18	38	54	34	34	30	18	40	11	18	54	0	54	54	23	18	54
0	0	11	0	11	11	8	0	11	0	0	23	0	0	0	0	0	8	0	0	0	0	0	0	0	0	0	0	0	0	0	0	0	0	0	11	0	0	0	0	0	0	0	0	0	11	0	0	0	0	0	0	0	11	0	11	0	0	0	0	11	0	0	0	0	0	0	0	11	0	11	11	0	0	11
0	0	0	0	0	0	0	0	0	0	0	15	0	0	0	0	0	0	0	0	0	0	0	0	0	0	0	0	0	0	0	0	0	0	0	0	0	0	0	0	0	0	0	0	0	0	0	0	0	0	0	0	0	0	0	0	0	0	0	0	0	0	0	0	0	0	0	0	0	0	0	0	0	0	0
40	40	54	23	54	54	53	49	54	40	0	59	51	0	40	38	0	53	28	18	30	40	43	0	51	20	48	51	30	0	34	34	38	18	40	54	34	18	34	34	18	51	40	45	0	54	28	51	0	34	0	0	51	54	0	54	40	43	18	38	54	34	34	30	18	40	11	18	54	0	54	54	23	18	54
0	0	0	0	0	0	0	0	0	0	0	15	0	0	0	0	0	0	0	0	0	0	0	0	0	0	0	0	0	0	0	0	0	0	0	0	0	0	0	0	0	0	0	0	0	0	0	0	0	0	0	0	0	0	0	0	0	0	0	0	0	0	0	0	0	0	0	0	0	0	0	0	0	0	0
0	0	30	0	30	30	28	20	30	0	0	38	23	0	0	0	0	28	0	0	0	0	8	0	23	0	18	23	0	0	0	0	0	0	0	30	0	0	0	0	0	23	0	11	0	30	0	23	0	0	0	0	23	30	0	30	0	8	0	0	30	0	0	0	0	0	0	0	30	0	30	30	0	0	30
0	0	26	0	26	26	23	15	26	0	0	34	18	0	0	0	0	23	0	0	0	0	0	0	18	0	11	18	0	0	0	0	0	0	0	26	0	0	0	0	0	18	0	4	0	26	0	18	0	0	0	0	18	26	0	26	0	0	0	0	26	0	0	0	0	0	0	0	26	0	26	26	0	0	26
30	30	48	8	48	48	46	41	48	30	0	53	43	0	30	28	0	46	15	0	18	30	34	0	43	4	40	43	18	0	23	23	28	0	30	48	23	0	23	23	0	43	30	36	0	48	15	43	0	23	0	0	43	48	0	48	30	34	0	28	48	23	23	18	0	30	0	0	48	0	48	48	8	0	48
4	4	32	0	32	32	30	23	32	4	0	40	26	0	4	0	0	30	0	0	0	4	11	0	26	0	20	26	0	0	0	0	0	0	4	32	0	0	0	0	0	26	4	15	0	32	0	26	0	0	0	0	26	32	0	32	4	11	0	0	32	0	0	0	0	4	0	0	32	0	32	32	0	0	32
0	0	0	0	0	0	0	0	0	0	0	15	0	0	0	0	0	0	0	0	0	0	0	0	0	0	0	0	0	0	0	0	0	0	0	0	0	0	0	0	0	0	0	0	0	0	0	0	0	0	0	0	0	0	0	0	0	0	0	0	0	0	0	0	0	0	0	0	0	0	0	0	0	0	0
11	11	36	0	36	36	34	28	36	11	0	43	30	0	11	8	0	34	0	0	0	11	18	0	30	0	26	30	0	0	0	0	8	0	11	36	0	0	0	0	0	30	11	20	0	36	0	30	0	0	0	0	30	36	0	36	11	18	0	8	36	0	0	0	0	11	0	0	36	0	36	36	0	0	36
11	11	36	0	36	36	34	28	36	11	0	43	30	0	11	8	0	34	0	0	0	11	18	0	30	0	26	30	0	0	0	0	8	0	11	36	0	0	0	0	0	30	11	20	0	36	0	30	0	0	0	0	30	36	0	36	11	18	0	8	36	0	0	0	0	11	0	0	36	0	36	36	0	0	36
18	18	40	0	40	40	38	32	40	18	0	46	34	0	18	15	0	38	0	0	0	18	23	0	34	0	30	34	0	0	8	8	15	0	18	40	8	0	8	8	0	34	18	26	0	40	0	34	0	8	0	0	34	40	0	40	18	23	0	15	40	8	8	0	0	18	0	0	40	0	40	40	0	0	40
30	30	48	8	48	48	46	41	48	30	0	53	43	0	30	28	0	46	15	0	18	30	34	0	43	4	40	43	18	0	23	23	28	0	30	48	23	0	23	23	0	43	30	36	0	48	15	43	0	23	0	0	43	48	0	48	30	34	0	28	48	23	23	18	0	30	0	0	48	0	48	48	8	0	48
0	0	30	0	30	30	28	20	30	0	0	38	23	0	0	0	0	28	0	0	0	0	8	0	23	0	18	23	0	0	0	0	0	0	0	30	0	0	0	0	0	23	0	11	0	30	0	23	0	0	0	0	23	30	0	30	0	8	0	0	30	0	0	0	0	0	0	0	30	0	30	30	0	0	30
34	34	51	15	51	51	49	45	51	34	0	56	46	0	34	32	0	49	20	8	23	34	38	0	46	11	43	46	23	0	28	28	32	8	34	51	28	8	28	28	8	46	34	40	0	51	20	46	0	28	0	0	46	51	0	51	34	38	8	32	51	28	28	23	8	34	0	8	51	0	51	51	15	8	51
30	30	48	8	48	48	46	41	48	30	0	53	43	0	30	28	0	46	15	0	18	30	34	0	43	4	40	43	18	0	23	23	28	0	30	48	23	0	23	23	0	43	30	36	0	48	15	43	0	23	0	0	43	48	0	48	30	34	0	28	48	23	23	18	0	30	0	0	48	0	48	48	8	0	48
0	0	0	0	0	0	0	0	0	0	0	15	0	0	0	0	0	0	0	0	0	0	0	0	0	0	0	0	0	0	0	0	0	0	0	0	0	0	0	0	0	0	0	0	0	0	0	0	0	0	0	0	0	0	0	0	0	0	0	0	0	0	0	0	0	0	0	0	0	0	0	0	0	0	0
48	48	60	34	60	60	59	56	60	48	0	64	56	6	48	46	0	59	38	30	40	48	51	0	56	32	54	56	40	0	43	43	46	30	48	60	43	30	43	43	30	56	48	52	0	60	38	56	0	43	0	18	56	60	18	60	48	51	30	46	60	43	43	40	30	48	26	30	60	0	60	60	34	30	60
0	0	0	0	0	0	0	0	0	0	0	15	0	0	0	0	0	0	0	0	0	0	0	0	0	0	0	0	0	0	0	0	0	0	0	0	0	0	0	0	0	0	0	0	0	0	0	0	0	0	0	0	0	0	0	0	0	0	0	0	0	0	0	0	0	0	0	0	0	0	0	0	0	0	0
0	0	0	0	0	0	0	0	0	0	0	15	0	0	0	0	0	0	0	0	0	0	0	0	0	0	0	0	0	0	0	0	0	0	0	0	0	0	0	0	0	0	0	0	0	0	0	0	0	0	0	0	0	0	0	0	0	0	0	0	0	0	0	0	0	0	0	0	0	0	0	0	0	0	0
26	26	45	0	45	45	43	38	45	26	0	51	40	0	26	23	0	43	8	0	11	26	30	0	40	0	36	40	11	0	18	18	23	0	26	45	18	0	18	18	0	40	26	32	0	45	8	40	0	18	0	0	40	45	0	45	26	30	0	23	45	18	18	11	0	26	0	0	45	0	45	45	0	0	45
30	30	48	8	48	48	46	41	48	30	0	53	43	0	30	28	0	46	15	0	18	30	34	0	43	4	40	43	18	0	23	23	28	0	30	48	23	0	23	23	0	43	30	36	0	48	15	43	0	23	0	0	43	48	0	48	30	34	0	28	48	23	23	18	0	30	0	0	48	0	48	48	8	0	48
0	0	0	0	0	0	0	0	0	0	0	15	0	0	0	0	0	0	0	0	0	0	0	0	0	0	0	0	0	0	0	0	0	0	0	0	0	0	0	0	0	0	0	0	0	0	0	0	0	0	0	0	0	0	0	0	0	0	0	0	0	0	0	0	0	0	0	0	0	0	0	0	0	0	0