1680 1553 1558 1700 1381 1348 1586 1461 1695 1440 1638 1709 1681 1709 1714 1713 1710 1690 1494 1627 1435 1682 1397 1312 1636 1504 1714 1576 1678 1516 1710 1482 1397 1713 1699 1708 1680 1644 1712 1678 1686 1712 1574 1713 1306 1531 1397 1648 1683 1667 1712 1579 1612 1696 1686 1655 1681 1513 1712 1713 1689 1461 1681 1638 1679 1677 1632 1378 1648 1305 1582 1373 1678 1686 1655

72

2758 3251 3231 2679 3917 4047 3120 3608 2697 3691 2920 2644 2753 2645 2626 2628 2640 2719 3480 2963 3710 2748 3857 4185 2930 3442 2626 3160 2764 3394 2641 3524 3858 2630 2682 2649 2758 2898 2632 2765 2732 2631 3168 2630 4209 3337 3856 2880 2745 2806 2633 3151 3022 2695 2735 2853 2755 3407 2633 2629 2722 3608 2753 2920 2759 2767 2942 3929 2881 4214 3136 3951 2765 2735 2854

23.9995443282043 15.999962855322119 14.000030193964255 45.99982112111888

28937.0

0	40200	0	20400	0	0	0	0	21800	0	32100	17800	25800	17800	12900	14500	9300	2700	46200	33300	0	700	53800	0	0	45400	12900	0	0	0	9200	46900	53800	10900	5900	18800	0	31200	10500	26200	2000	16000	38800	11100	0	42900	53800	0	25500	0	10400	0	0	22400	25200	29800	25800	44600	16800	15300	24400	48800	600	32100	300	0	32700	0	0	0	37900	55600	0	25200	29800
0	0	0	0	0	0	0	0	0	0	0	0	0	0	0	0	0	0	6000	0	0	0	13600	0	0	5200	0	0	0	0	0	6700	13600	0	0	0	0	0	0	0	0	0	0	0	0	2700	13600	0	0	0	0	0	0	0	0	0	0	4400	0	0	0	8600	0	0	0	0	0	0	0	0	0	15400	0	0	0
13700	53900	0	34100	0	0	2500	0	35500	0	45800	31500	39500	31500	26600	28200	23000	16400	59900	47000	0	14400	67500	0	8000	59100	26600	1400	13500	0	22900	60600	67500	24600	19600	32500	13700	44900	24200	39900	15700	29700	52500	24800	0	56600	67500	9500	39200	12000	24100	1700	5300	36100	38900	43500	39500	58300	30500	29000	38100	62500	14300	45800	14000	13500	46400	0	9500	0	51600	69300	13500	38900	43500
0	19800	0	0	0	0	0	0	1400	0	11700	0	5400	0	0	0	0	0	25800	12900	0	0	33400	0	0	25000	0	0	0	0	0	26500	33400	0	0	0	0	10800	0	5800	0	0	18400	0	0	22500	33400	0	5100	0	0	0	0	2000	4800	9400	5400	24200	0	0	4000	28400	0	11700	0	0	12300	0	0	0	17500	35200	0	4800	9400
29400	69600	15700	49800	0	0	18200	6500	51200	4600	61500	47200	55200	47200	42300	43900	38700	32100	75600	62700	4200	30100	83200	0	23700	74800	42300	17100	29200	11400	38600	76300	83200	40300	35300	48200	29400	60600	39900	55600	31400	45400	68200	40500	0	72300	83200	25200	54900	27700	39800	17400	21000	51800	54600	59200	55200	74000	46200	44700	53800	78200	30000	61500	29700	29200	62100	0	25200	0	67300	85000	29200	54600	59200
32200	72400	18500	52600	2800	0	21000	9300	54000	7400	64300	50000	58000	50000	45100	46700	41500	34900	78400	65500	7000	32900	86000	0	26500	77600	45100	19900	32000	14200	41400	79100	86000	43100	38100	51000	32200	63400	42700	58400	34200	48200	71000	43300	0	75100	86000	28000	57700	30500	42600	20200	23800	54600	57400	62000	58000	76800	49000	47500	56600	81000	32800	64300	32500	32000	64900	2800	28000	0	70100	87800	32000	57400	62000
11200	51400	0	31600	0	0	0	0	33000	0	43300	29000	37000	29000	24100	25700	20500	13900	57400	44500	0	11900	65000	0	5500	56600	24100	0	11000	0	20400	58100	65000	22100	17100	30000	11200	42400	21700	37400	13200	27200	50000	22300	0	54100	65000	7000	36700	9500	21600	0	2800	33600	36400	41000	37000	55800	28000	26500	35600	60000	11800	43300	11500	11000	43900	0	7000	0	49100	66800	11000	36400	41000
22900	63100	9200	43300	0	0	11700	0	44700	0	55000	40700	48700	40700	35800	37400	32200	25600	69100	56200	0	23600	76700	0	17200	68300	35800	10600	22700	4900	32100	69800	76700	33800	28800	41700	22900	54100	33400	49100	24900	38900	61700	34000	0	65800	76700	18700	48400	21200	33300	10900	14500	45300	48100	52700	48700	67500	39700	38200	47300	71700	23500	55000	23200	22700	55600	0	18700	0	60800	78500	22700	48100	52700
0	18400	0	0	0	0	0	0	0	0	10300	0	4000	0	0	0	0	0	24400	11500	0	0	32000	0	0	23600	0	0	0	0	0	25100	32000	0	0	0	0	9400	0	4400	0	0	17000	0	0	21100	32000	0	3700	0	0	0	0	600	3400	8000	4000	22800	0	0	2600	27000	0	10300	0	0	10900	0	0	0	16100	33800	0	3400	8000
24800	65000	11100	45200	0	0	13600	1900	46600	0	56900	42600	50600	42600	37700	39300	34100	27500	71000	58100	0	25500	78600	0	19100	70200	37700	12500	24600	6800	34000	71700	78600	35700	30700	43600	24800	56000	35300	51000	26800	40800	63600	35900	0	67700	78600	20600	50300	23100	35200	12800	16400	47200	50000	54600	50600	69400	41600	40100	49200	73600	25400	56900	25100	24600	57500	0	20600	0	62700	80400	24600	50000	54600
0	8100	0	0	0	0	0	0	0	0	0	0	0	0	0	0	0	0	14100	1200	0	0	21700	0	0	13300	0	0	0	0	0	14800	21700	0	0	0	0	0	0	0	0	0	6700	0	0	10800	21700	0	0	0	0	0	0	0	0	0	0	12500	0	0	0	16700	0	0	0	0	600	0	0	0	5800	23500	0	0	0
0	22400	0	2600	0	0	0	0	4000	0	14300	0	8000	0	0	0	0	0	28400	15500	0	0	36000	0	0	27600	0	0	0	0	0	29100	36000	0	0	1000	0	13400	0	8400	0	0	21000	0	0	25100	36000	0	7700	0	0	0	0	4600	7400	12000	8000	26800	0	0	6600	31000	0	14300	0	0	14900	0	0	0	20100	37800	0	7400	12000
0	14400	0	0	0	0	0	0	0	0	6300	0	0	0	0	0	0	0	20400	7500	0	0	28000	0	0	19600	0	0	0	0	0	21100	28000	0	0	0	0	5400	0	400	0	0	13000	0	0	17100	28000	0	0	0	0	0	0	0	0	4000	0	18800	0	0	0	23000	0	6300	0	0	6900	0	0	0	12100	29800	0	0	4000
0	22400	0	2600	0	0	0	0	4000	0	14300	0	8000	0	0	0	0	0	28400	15500	0	0	36000	0	0	27600	0	0	0	0	0	29100	36000	0	0	1000	0	13400	0	8400	0	0	21000	0	0	25100	36000	0	7700	0	0	0	0	4600	7400	12000	8000	26800	0	0	6600	31000	0	14300	0	0	14900	0	0	0	20100	37800	0	7400	12000
0	27300	0	7500	0	0	0	0	8900	0	19200	4900	12900	4900	0	1600	0	0	33300	20400	0	0	40900	0	0	32500	0	0	0	0	0	34000	40900	0	0	5900	0	18300	0	13300	0	3100	25900	0	0	30000	40900	0	12600	0	0	0	0	9500	12300	16900	12900	31700	3900	2400	11500	35900	0	19200	0	0	19800	0	0	0	25000	42700	0	12300	16900
0	25700	0	5900	0	0	0	0	7300	0	17600	3300	11300	3300	0	0	0	0	31700	18800	0	0	39300	0	0	30900	0	0	0	0	0	32400	39300	0	0	4300	0	16700	0	11700	0	1500	24300	0	0	28400	39300	0	11000	0	0	0	0	7900	10700	15300	11300	30100	2300	800	9900	34300	0	17600	0	0	18200	0	0	0	23400	41100	0	10700	15300
0	30900	0	11100	0	0	0	0	12500	0	22800	8500	16500	8500	3600	5200	0	0	36900	24000	0	0	44500	0	0	36100	3600	0	0	0	0	37600	44500	1600	0	9500	0	21900	1200	16900	0	6700	29500	1800	0	33600	44500	0	16200	0	1100	0	0	13100	15900	20500	16500	35300	7500	6000	15100	39500	0	22800	0	0	23400	0	0	0	28600	46300	0	15900	20500
0	37500	0	17700	0	0	0	0	19100	0	29400	15100	23100	15100	10200	11800	6600	0	43500	30600	0	0	51100	0	0	42700	10200	0	0	0	6500	44200	51100	8200	3200	16100	0	28500	7800	23500	0	13300	36100	8400	0	40200	51100	0	22800	0	7700	0	0	19700	22500	27100	23100	41900	14100	12600	21700	46100	0	29400	0	0	30000	0	0	0	35200	52900	0	22500	27100
0	0	0	0	0	0	0	0	0	0	0	0	0	0	0	0	0	0	0	0	0	0	7600	0	0	0	0	0	0	0	0	700	7600	0	0	0	0	0	0	0	0	0	0	0	0	0	7600	0	0	0	0	0	0	0	0	0	0	0	0	0	0	2600	0	0	0	0	0	0	0	0	0	9400	0	0	0
0	6900	0	0	0	0	0	0	0	0	0	0	0	0	0	0	0	0	12900	0	0	0	20500	0	0	12100	0	0	0	0	0	13600	20500	0	0	0	0	0	0	0	0	0	5500	0	0	9600	20500	0	0	0	0	0	0	0	0	0	0	11300	0	0	0	15500	0	0	0	0	0	0	0	0	4600	22300	0	0	0
25200	65400	11500	45600	0	0	14000	2300	47000	400	57300	43000	51000	43000	38100	39700	34500	27900	71400	58500	0	25900	79000	0	19500	70600	38100	12900	25000	7200	34400	72100	79000	36100	31100	44000	25200	56400	35700	51400	27200	41200	64000	36300	0	68100	79000	21000	50700	23500	35600	13200	16800	47600	50400	55000	51000	69800	42000	40500	49600	74000	25800	57300	25500	25000	57900	0	21000	0	63100	80800	25000	50400	55000
0	39500	0	19700	0	0	0	0	21100	0	31400	17100	25100	17100	12200	13800	8600	2000	45500	32600	0	0	53100	0	0	44700	12200	0	0	0	8500	46200	53100	10200	5200	18100	0	30500	9800	25500	1300	15300	38100	10400	0	42200	53100	0	24800	0	9700	0	0	21700	24500	29100	25100	43900	16100	14600	23700	48100	0	31400	0	0	32000	0	0	0	37200	54900	0	24500	29100
0	0	0	0	0	0	0	0	0	0	0	0	0	0	0	0	0	0	0	0	0	0	0	0	0	0	0	0	0	0	0	0	0	0	0	0	0	0	0	0	0	0	0	0	0	0	0	0	0	0	0	0	0	0	0	0	0	0	0	0	0	0	0	0	0	0	0	0	0	0	0	1800	0	0	0
34800	75000	21100	55200	5400	2600	23600	11900	56600	10000	66900	52600	60600	52600	47700	49300	44100	37500	81000	68100	9600	35500	88600	0	29100	80200	47700	22500	34600	16800	44000	81700	88600	45700	40700	53600	34800	66000	45300	61000	36800	50800	73600	45900	0	77700	88600	30600	60300	33100	45200	22800	26400	57200	60000	64600	60600	79400	51600	50100	59200	83600	35400	66900	35100	34600	67500	5400	30600	0	72700	90400	34600	60000	64600
5700	45900	0	26100	0	0	0	0	27500	0	37800	23500	31500	23500	18600	20200	15000	8400	51900	39000	0	6400	59500	0	0	51100	18600	0	5500	0	14900	52600	59500	16600	11600	24500	5700	36900	16200	31900	7700	21700	44500	16800	0	48600	59500	1500	31200	4000	16100	0	0	28100	30900	35500	31500	50300	22500	21000	30100	54500	6300	37800	6000	5500	38400	0	1500	0	43600	61300	5500	30900	35500
0	0	0	0	0	0	0	0	0	0	0	0	0	0	0	0	0	0	800	0	0	0	8400	0	0	0	0	0	0	0	0	1500	8400	0	0	0	0	0	0	0	0	0	0	0	0	0	8400	0	0	0	0	0	0	0	0	0	0	0	0	0	0	3400	0	0	0	0	0	0	0	0	0	10200	0	0	0
0	27300	0	7500	0	0	0	0	8900	0	19200	4900	12900	4900	0	1600	0	0	33300	20400	0	0	40900	0	0	32500	0	0	0	0	0	34000	40900	0	0	5900	0	18300	0	13300	0	3100	25900	0	0	30000	40900	0	12600	0	0	0	0	9500	12300	16900	12900	31700	3900	2400	11500	35900	0	19200	0	0	19800	0	0	0	25000	42700	0	12300	16900
12300	52500	0	32700	0	0	1100	0	34100	0	44400	30100	38100	30100	25200	26800	21600	15000	58500	45600	0	13000	66100	0	6600	57700	25200	0	12100	0	21500	59200	66100	23200	18200	31100	12300	43500	22800	38500	14300	28300	51100	23400	0	55200	66100	8100	37800	10600	22700	300	3900	34700	37500	42100	38100	56900	29100	27600	36700	61100	12900	44400	12600	12100	45000	0	8100	0	50200	67900	12100	37500	42100
200	40400	0	20600	0	0	0	0	22000	0	32300	18000	26000	18000	13100	14700	9500	2900	46400	33500	0	900	54000	0	0	45600	13100	0	0	0	9400	47100	54000	11100	6100	19000	200	31400	10700	26400	2200	16200	39000	11300	0	43100	54000	0	25700	0	10600	0	0	22600	25400	30000	26000	44800	17000	15500	24600	49000	800	32300	500	0	32900	0	0	0	38100	55800	0	25400	30000
18000	58200	4300	38400	0	0	6800	0	39800	0	50100	35800	43800	35800	30900	32500	27300	20700	64200	51300	0	18700	71800	0	12300	63400	30900	5700	17800	0	27200	64900	71800	28900	23900	36800	18000	49200	28500	44200	20000	34000	56800	29100	0	60900	71800	13800	43500	16300	28400	6000	9600	40400	43200	47800	43800	62600	34800	33300	42400	66800	18600	50100	18300	17800	50700	0	13800	0	55900	73600	17800	43200	47800
0	31000	0	11200	0	0	0	0	12600	0	22900	8600	16600	8600	3700	5300	100	0	37000	24100	0	0	44600	0	0	36200	3700	0	0	0	0	37700	44600	1700	0	9600	0	22000	1300	17000	0	6800	29600	1900	0	33700	44600	0	16300	0	1200	0	0	13200	16000	20600	16600	35400	7600	6100	15200	39600	0	22900	0	0	23500	0	0	0	28700	46400	0	16000	20600
0	0	0	0	0	0	0	0	0	0	0	0	0	0	0	0	0	0	0	0	0	0	6900	0	0	0	0	0	0	0	0	0	6900	0	0	0	0	0	0	0	0	0	0	0	0	0	6900	0	0	0	0	0	0	0	0	0	0	0	0	0	0	1900	0	0	0	0	0	0	0	0	0	8700	0	0	0
0	0	0	0	0	0	0	0	0	0	0	0	0	0	0	0	0	0	0	0	0	0	0	0	0	0	0	0	0	0	0	0	0	0	0	0	0	0	0	0	0	0	0	0	0	0	0	0	0	0	0	0	0	0	0	0	0	0	0	0	0	0	0	0	0	0	0	0	0	0	0	1800	0	0	0
0	29300	0	9500	0	0	0	0	10900	0	21200	6900	14900	6900	2000	3600	0	0	35300	22400	0	0	42900	0	0	34500	2000	0	0	0	0	36000	42900	0	0	7900	0	20300	0	15300	0	5100	27900	200	0	32000	42900	0	14600	0	0	0	0	11500	14300	18900	14900	33700	5900	4400	13500	37900	0	21200	0	0	21800	0	0	0	27000	44700	0	14300	18900
0	34300	0	14500	0	0	0	0	15900	0	26200	11900	19900	11900	7000	8600	3400	0	40300	27400	0	0	47900	0	0	39500	7000	0	0	0	3300	41000	47900	5000	0	12900	0	25300	4600	20300	0	10100	32900	5200	0	37000	47900	0	19600	0	4500	0	0	16500	19300	23900	19900	38700	10900	9400	18500	42900	0	26200	0	0	26800	0	0	0	32000	49700	0	19300	23900
0	21400	0	1600	0	0	0	0	3000	0	13300	0	7000	0	0	0	0	0	27400	14500	0	0	35000	0	0	26600	0	0	0	0	0	28100	35000	0	0	0	0	12400	0	7400	0	0	20000	0	0	24100	35000	0	6700	0	0	0	0	3600	6400	11000	7000	25800	0	0	5600	30000	0	13300	0	0	13900	0	0	0	19100	36800	0	6400	11000
0	40200	0	20400	0	0	0	0	21800	0	32100	17800	25800	17800	12900	14500	9300	2700	46200	33300	0	700	53800	0	0	45400	12900	0	0	0	9200	46900	53800	10900	5900	18800	0	31200	10500	26200	2000	16000	38800	11100	0	42900	53800	0	25500	0	10400	0	0	22400	25200	29800	25800	44600	16800	15300	24400	48800	600	32100	300	0	32700	0	0	0	37900	55600	0	25200	29800
0	9000	0	0	0	0	0	0	0	0	900	0	0	0	0	0	0	0	15000	2100	0	0	22600	0	0	14200	0	0	0	0	0	15700	22600	0	0	0	0	0	0	0	0	0	7600	0	0	11700	22600	0	0	0	0	0	0	0	0	0	0	13400	0	0	0	17600	0	900	0	0	1500	0	0	0	6700	24400	0	0	0
0	29700	0	9900	0	0	0	0	11300	0	21600	7300	15300	7300	2400	4000	0	0	35700	22800	0	0	43300	0	0	34900	2400	0	0	0	0	36400	43300	400	0	8300	0	20700	0	15700	0	5500	28300	600	0	32400	43300	0	15000	0	0	0	0	11900	14700	19300	15300	34100	6300	4800	13900	38300	0	21600	0	0	22200	0	0	0	27400	45100	0	14700	19300
0	14000	0	0	0	0	0	0	0	0	5900	0	0	0	0	0	0	0	20000	7100	0	0	27600	0	0	19200	0	0	0	0	0	20700	27600	0	0	0	0	5000	0	0	0	0	12600	0	0	16700	27600	0	0	0	0	0	0	0	0	3600	0	18400	0	0	0	22600	0	5900	0	0	6500	0	0	0	11700	29400	0	0	3600
0	38200	0	18400	0	0	0	0	19800	0	30100	15800	23800	15800	10900	12500	7300	700	44200	31300	0	0	51800	0	0	43400	10900	0	0	0	7200	44900	51800	8900	3900	16800	0	29200	8500	24200	0	14000	36800	9100	0	40900	51800	0	23500	0	8400	0	0	20400	23200	27800	23800	42600	14800	13300	22400	46800	0	30100	0	0	30700	0	0	0	35900	53600	0	23200	27800
0	24200	0	4400	0	0	0	0	5800	0	16100	1800	9800	1800	0	0	0	0	30200	17300	0	0	37800	0	0	29400	0	0	0	0	0	30900	37800	0	0	2800	0	15200	0	10200	0	0	22800	0	0	26900	37800	0	9500	0	0	0	0	6400	9200	13800	9800	28600	800	0	8400	32800	0	16100	0	0	16700	0	0	0	21900	39600	0	9200	13800
0	1400	0	0	0	0	0	0	0	0	0	0	0	0	0	0	0	0	7400	0	0	0	15000	0	0	6600	0	0	0	0	0	8100	15000	0	0	0	0	0	0	0	0	0	0	0	0	4100	15000	0	0	0	0	0	0	0	0	0	0	5800	0	0	0	10000	0	0	0	0	0	0	0	0	0	16800	0	0	0
0	29100	0	9300	0	0	0	0	10700	0	21000	6700	14700	6700	1800	3400	0	0	35100	22200	0	0	42700	0	0	34300	1800	0	0	0	0	35800	42700	0	0	7700	0	20100	0	15100	0	4900	27700	0	0	31800	42700	0	14400	0	0	0	0	11300	14100	18700	14700	33500	5700	4200	13300	37700	0	21000	0	0	21600	0	0	0	26800	44500	0	14100	18700
35200	75400	21500	55600	5800	3000	24000	12300	57000	10400	67300	53000	61000	53000	48100	49700	44500	37900	81400	68500	10000	35900	89000	400	29500	80600	48100	22900	35000	17200	44400	82100	89000	46100	41100	54000	35200	66400	45700	61400	37200	51200	74000	46300	0	78100	89000	31000	60700	33500	45600	23200	26800	57600	60400	65000	61000	79800	52000	50500	59600	84000	35800	67300	35500	35000	67900	5800	31000	0	73100	90800	35000	60400	65000
0	0	0	0	0	0	0	0	0	0	0	0	0	0	0	0	0	0	3300	0	0	0	10900	0	0	2500	0	0	0	0	0	4000	10900	0	0	0	0	0	0	0	0	0	0	0	0	0	10900	0	0	0	0	0	0	0	0	0	0	1700	0	0	0	5900	0	0	0	0	0	0	0	0	0	12700	0	0	0
0	0	0	0	0	0	0	0	0	0	0	0	0	0	0	0	0	0	0	0	0	0	0	0	0	0	0	0	0	0	0	0	0	0	0	0	0	0	0	0	0	0	0	0	0	0	0	0	0	0	0	0	0	0	0	0	0	0	0	0	0	0	0	0	0	0	0	0	0	0	0	1800	0	0	0
4200	44400	0	24600	0	0	0	0	26000	0	36300	22000	30000	22000	17100	18700	13500	6900	50400	37500	0	4900	58000	0	0	49600	17100	0	4000	0	13400	51100	58000	15100	10100	23000	4200	35400	14700	30400	6200	20200	43000	15300	0	47100	58000	0	29700	2500	14600	0	0	26600	29400	34000	30000	48800	21000	19500	28600	53000	4800	36300	4500	4000	36900	0	0	0	42100	59800	4000	29400	34000
0	14700	0	0	0	0	0	0	0	0	6600	0	300	0	0	0	0	0	20700	7800	0	0	28300	0	0	19900	0	0	0	0	0	21400	28300	0	0	0	0	5700	0	700	0	0	13300	0	0	17400	28300	0	0	0	0	0	0	0	0	4300	300	19100	0	0	0	23300	0	6600	0	0	7200	0	0	0	12400	30100	0	0	4300
1700	41900	0	22100	0	0	0	0	23500	0	33800	19500	27500	19500	14600	16200	11000	4400	47900	35000	0	2400	55500	0	0	47100	14600	0	1500	0	10900	48600	55500	12600	7600	20500	1700	32900	12200	27900	3700	17700	40500	12800	0	44600	55500	0	27200	0	12100	0	0	24100	26900	31500	27500	46300	18500	17000	26100	50500	2300	33800	2000	1500	34400	0	0	0	39600	57300	1500	26900	31500
0	29800	0	10000	0	0	0	0	11400	0	21700	7400	15400	7400	2500	4100	0	0	35800	22900	0	0	43400	0	0	35000	2500	0	0	0	0	36500	43400	500	0	8400	0	20800	100	15800	0	5600	28400	700	0	32500	43400	0	15100	0	0	0	0	12000	14800	19400	15400	34200	6400	4900	14000	38400	0	21700	0	0	22300	0	0	0	27500	45200	0	14800	19400
12000	52200	0	32400	0	0	800	0	33800	0	44100	29800	37800	29800	24900	26500	21300	14700	58200	45300	0	12700	65800	0	6300	57400	24900	0	11800	0	21200	58900	65800	22900	17900	30800	12000	43200	22500	38200	14000	28000	50800	23100	0	54900	65800	7800	37500	10300	22400	0	3600	34400	37200	41800	37800	56600	28800	27300	36400	60800	12600	44100	12300	11800	44700	0	7800	0	49900	67600	11800	37200	41800
8400	48600	0	28800	0	0	0	0	30200	0	40500	26200	34200	26200	21300	22900	17700	11100	54600	41700	0	9100	62200	0	2700	53800	21300	0	8200	0	17600	55300	62200	19300	14300	27200	8400	39600	18900	34600	10400	24400	47200	19500	0	51300	62200	4200	33900	6700	18800	0	0	30800	33600	38200	34200	53000	25200	23700	32800	57200	9000	40500	8700	8200	41100	0	4200	0	46300	64000	8200	33600	38200
0	17800	0	0	0	0	0	0	0	0	9700	0	3400	0	0	0	0	0	23800	10900	0	0	31400	0	0	23000	0	0	0	0	0	24500	31400	0	0	0	0	8800	0	3800	0	0	16400	0	0	20500	31400	0	3100	0	0	0	0	0	2800	7400	3400	22200	0	0	2000	26400	0	9700	0	0	10300	0	0	0	15500	33200	0	2800	7400
0	15000	0	0	0	0	0	0	0	0	6900	0	600	0	0	0	0	0	21000	8100	0	0	28600	0	0	20200	0	0	0	0	0	21700	28600	0	0	0	0	6000	0	1000	0	0	13600	0	0	17700	28600	0	300	0	0	0	0	0	0	4600	600	19400	0	0	0	23600	0	6900	0	0	7500	0	0	0	12700	30400	0	0	4600
0	10400	0	0	0	0	0	0	0	0	2300	0	0	0	0	0	0	0	16400	3500	0	0	24000	0	0	15600	0	0	0	0	0	17100	24000	0	0	0	0	1400	0	0	0	0	9000	0	0	13100	24000	0	0	0	0	0	0	0	0	0	0	14800	0	0	0	19000	0	2300	0	0	2900	0	0	0	8100	25800	0	0	0
0	14400	0	0	0	0	0	0	0	0	6300	0	0	0	0	0	0	0	20400	7500	0	0	28000	0	0	19600	0	0	0	0	0	21100	28000	0	0	0	0	5400	0	400	0	0	13000	0	0	17100	28000	0	0	0	0	0	0	0	0	4000	0	18800	0	0	0	23000	0	6300	0	0	6900	0	0	0	12100	29800	0	0	4000
0	0	0	0	0	0	0	0	0	0	0	0	0	0	0	0	0	0	1600	0	0	0	9200	0	0	800	0	0	0	0	0	2300	9200	0	0	0	0	0	0	0	0	0	0	0	0	0	9200	0	0	0	0	0	0	0	0	0	0	0	0	0	0	4200	0	0	0	0	0	0	0	0	0	11000	0	0	0
0	23400	0	3600	0	0	0	0	5000	0	15300	1000	9000	1000	0	0	0	0	29400	16500	0	0	37000	0	0	28600	0	0	0	0	0	30100	37000	0	0	2000	0	14400	0	9400	0	0	22000	0	0	26100	37000	0	8700	0	0	0	0	5600	8400	13000	9000	27800	0	0	7600	32000	0	15300	0	0	15900	0	0	0	21100	38800	0	8400	13000
0	24900	0	5100	0	0	0	0	6500	0	16800	2500	10500	2500	0	0	0	0	30900	18000	0	0	38500	0	0	30100	0	0	0	0	0	31600	38500	0	0	3500	0	15900	0	10900	0	700	23500	0	0	27600	38500	0	10200	0	0	0	0	7100	9900	14500	10500	29300	1500	0	9100	33500	0	16800	0	0	17400	0	0	0	22600	40300	0	9900	14500
0	15800	0	0	0	0	0	0	0	0	7700	0	1400	0	0	0	0	0	21800	8900	0	0	29400	0	0	21000	0	0	0	0	0	22500	29400	0	0	0	0	6800	0	1800	0	0	14400	0	0	18500	29400	0	1100	0	0	0	0	0	800	5400	1400	20200	0	0	0	24400	0	7700	0	0	8300	0	0	0	13500	31200	0	800	5400
0	0	0	0	0	0	0	0	0	0	0	0	0	0	0	0	0	0	0	0	0	0	5000	0	0	0	0	0	0	0	0	0	5000	0	0	0	0	0	0	0	0	0	0	0	0	0	5000	0	0	0	0	0	0	0	0	0	0	0	0	0	0	0	0	0	0	0	0	0	0	0	0	6800	0	0	0
0	39600	0	19800	0	0	0	0	21200	0	31500	17200	25200	17200	12300	13900	8700	2100	45600	32700	0	100	53200	0	0	44800	12300	0	0	0	8600	46300	53200	10300	5300	18200	0	30600	9900	25600	1400	15400	38200	10500	0	42300	53200	0	24900	0	9800	0	0	21800	24600	29200	25200	44000	16200	14700	23800	48200	0	31500	0	0	32100	0	0	0	37300	55000	0	24600	29200
0	8100	0	0	0	0	0	0	0	0	0	0	0	0	0	0	0	0	14100	1200	0	0	21700	0	0	13300	0	0	0	0	0	14800	21700	0	0	0	0	0	0	0	0	0	6700	0	0	10800	21700	0	0	0	0	0	0	0	0	0	0	12500	0	0	0	16700	0	0	0	0	600	0	0	0	5800	23500	0	0	0
0	39900	0	20100	0	0	0	0	21500	0	31800	17500	25500	17500	12600	14200	9000	2400	45900	33000	0	400	53500	0	0	45100	12600	0	0	0	8900	46600	53500	10600	5600	18500	0	30900	10200	25900	1700	15700	38500	10800	0	42600	53500	0	25200	0	10100	0	0	22100	24900	29500	25500	44300	16500	15000	24100	48500	300	31800	0	0	32400	0	0	0	37600	55300	0	24900	29500
200	40400	0	20600	0	0	0	0	22000	0	32300	18000	26000	18000	13100	14700	9500	2900	46400	33500	0	900	54000	0	0	45600	13100	0	0	0	9400	47100	54000	11100	6100	19000	200	31400	10700	26400	2200	16200	39000	11300	0	43100	54000	0	25700	0	10600	0	0	22600	25400	30000	26000	44800	17000	15500	24600	49000	800	32300	500	0	32900	0	0	0	38100	55800	0	25400	30000
0	7500	0	0	0	0	0	0	0	0	0	0	0	0	0	0	0	0	13500	600	0	0	21100	0	0	12700	0	0	0	0	0	14200	21100	0	0	0	0	0	0	0	0	0	6100	0	0	10200	21100	0	0	0	0	0	0	0	0	0	0	11900	0	0	0	16100	0	0	0	0	0	0	0	0	5200	22900	0	0	0
29400	69600	15700	49800	0	0	18200	6500	51200	4600	61500	47200	55200	47200	42300	43900	38700	32100	75600	62700	4200	30100	83200	0	23700	74800	42300	17100	29200	11400	38600	76300	83200	40300	35300	48200	29400	60600	39900	55600	31400	45400	68200	40500	0	72300	83200	25200	54900	27700	39800	17400	21000	51800	54600	59200	55200	74000	46200	44700	53800	78200	30000	61500	29700	29200	62100	0	25200	0	67300	85000	29200	54600	59200
4200	44400	0	24600	0	0	0	0	26000	0	36300	22000	30000	22000	17100	18700	13500	6900	50400	37500	0	4900	58000	0	0	49600	17100	0	4000	0	13400	51100	58000	15100	10100	23000	4200	35400	14700	30400	6200	20200	43000	15300	0	47100	58000	0	29700	2500	14600	0	0	26600	29400	34000	30000	48800	21000	19500	28600	53000	4800	36300	4500	4000	36900	0	0	0	42100	59800	4000	29400	34000
35200	75400	21500	55600	5800	3000	24000	12300	57000	10400	67300	53000	61000	53000	48100	49700	44500	37900	81400	68500	10000	35900	89000	400	29500	80600	48100	22900	35000	17200	44400	82100	89000	46100	41100	54000	35200	66400	45700	61400	37200	51200	74000	46300	0	78100	89000	31000	60700	33500	45600	23200	26800	57600	60400	65000	61000	79800	52000	50500	59600	84000	35800	67300	35500	35000	67900	5800	31000	0	73100	90800	35000	60400	65000
0	2300	0	0	0	0	0	0	0	0	0	0	0	0	0	0	0	0	8300	0	0	0	15900	0	0	7500	0	0	0	0	0	9000	15900	0	0	0	0	0	0	0	0	0	900	0	0	5000	15900	0	0	0	0	0	0	0	0	0	0	6700	0	0	0	10900	0	0	0	0	0	0	0	0	0	17700	0	0	0
0	0	0	0	0	0	0	0	0	0	0	0	0	0	0	0	0	0	0	0	0	0	0	0	0	0	0	0	0	0	0	0	0	0	0	0	0	0	0	0	0	0	0	0	0	0	0	0	0	0	0	0	0	0	0	0	0	0	0	0	0	0	0	0	0	0	0	0	0	0	0	0	0	0	0
200	40400	0	20600	0	0	0	0	22000	0	32300	18000	26000	18000	13100	14700	9500	2900	46400	33500	0	900	54000	0	0	45600	13100	0	0	0	9400	47100	54000	11100	6100	19000	200	31400	10700	26400	2200	16200	39000	11300	0	43100	54000	0	25700	0	10600	0	0	22600	25400	30000	26000	44800	17000	15500	24600	49000	800	32300	500	0	32900	0	0	0	38100	55800	0	25400	30000
0	15000	0	0	0	0	0	0	0	0	6900	0	600	0	0	0	0	0	21000	8100	0	0	28600	0	0	20200	0	0	0	0	0	21700	28600	0	0	0	0	6000	0	1000	0	0	13600	0	0	17700	28600	0	300	0	0	0	0	0	0	4600	600	19400	0	0	0	23600	0	6900	0	0	7500	0	0	0	12700	30400	0	0	4600
0	10400	0	0	0	0	0	0	0	0	2300	0	0	0	0	0	0	0	16400	3500	0	0	24000	0	0	15600	0	0	0	0	0	17100	24000	0	0	0	0	1400	0	0	0	0	9000	0	0	13100	24000	0	0	0	0	0	0	0	0	0	0	14800	0	0	0	19000	0	2300	0	0	2900	0	0	0	8100	25800	0	0	0

0	0	13700	0	29400	32200	11200	22900	0	24800	0	0	0	0	0	0	0	0	0	0	25200	0	0	34800	5700	0	0	12300	200	18000	0	0	0	0	0	0	0	0	0	0	0	0	0	0	35200	0	0	4200	0	1700	0	12000	8400	0	0	0	0	0	0	0	0	0	0	0	0	200	0	29400	4200	35200	0	0	200	0	0
40200	0	53900	19800	69600	72400	51400	63100	18400	65000	8100	22400	14400	22400	27300	25700	30900	37500	0	6900	65400	39500	0	75000	45900	0	27300	52500	40400	58200	31000	0	0	29300	34300	21400	40200	9000	29700	14000	38200	24200	1400	29100	75400	0	0	44400	14700	41900	29800	52200	48600	17800	15000	10400	14400	0	23400	24900	15800	0	39600	8100	39900	40400	7500	69600	44400	75400	2300	0	40400	15000	10400
0	0	0	0	15700	18500	0	9200	0	11100	0	0	0	0	0	0	0	0	0	0	11500	0	0	21100	0	0	0	0	0	4300	0	0	0	0	0	0	0	0	0	0	0	0	0	0	21500	0	0	0	0	0	0	0	0	0	0	0	0	0	0	0	0	0	0	0	0	0	0	15700	0	21500	0	0	0	0	0
20400	0	34100	0	49800	52600	31600	43300	0	45200	0	2600	0	2600	7500	5900	11100	17700	0	0	45600	19700	0	55200	26100	0	7500	32700	20600	38400	11200	0	0	9500	14500	1600	20400	0	9900	0	18400	4400	0	9300	55600	0	0	24600	0	22100	10000	32400	28800	0	0	0	0	0	3600	5100	0	0	19800	0	20100	20600	0	49800	24600	55600	0	0	20600	0	0
0	0	0	0	0	2800	0	0	0	0	0	0	0	0	0	0	0	0	0	0	0	0	0	5400	0	0	0	0	0	0	0	0	0	0	0	0	0	0	0	0	0	0	0	0	5800	0	0	0	0	0	0	0	0	0	0	0	0	0	0	0	0	0	0	0	0	0	0	0	0	5800	0	0	0	0	0
0	0	0	0	0	0	0	0	0	0	0	0	0	0	0	0	0	0	0	0	0	0	0	2600	0	0	0	0	0	0	0	0	0	0	0	0	0	0	0	0	0	0	0	0	3000	0	0	0	0	0	0	0	0	0	0	0	0	0	0	0	0	0	0	0	0	0	0	0	0	3000	0	0	0	0	0
0	0	2500	0	18200	21000	0	11700	0	13600	0	0	0	0	0	0	0	0	0	0	14000	0	0	23600	0	0	0	1100	0	6800	0	0	0	0	0	0	0	0	0	0	0	0	0	0	24000	0	0	0	0	0	0	800	0	0	0	0	0	0	0	0	0	0	0	0	0	0	0	18200	0	24000	0	0	0	0	0
0	0	0	0	6500	9300	0	0	0	1900	0	0	0	0	0	0	0	0	0	0	2300	0	0	11900	0	0	0	0	0	0	0	0	0	0	0	0	0	0	0	0	0	0	0	0	12300	0	0	0	0	0	0	0	0	0	0	0	0	0	0	0	0	0	0	0	0	0	0	6500	0	12300	0	0	0	0	0
21800	0	35500	1400	51200	54000	33000	44700	0	46600	0	4000	0	4000	8900	7300	12500	19100	0	0	47000	21100	0	56600	27500	0	8900	34100	22000	39800	12600	0	0	10900	15900	3000	21800	0	11300	0	19800	5800	0	10700	57000	0	0	26000	0	23500	11400	33800	30200	0	0	0	0	0	5000	6500	0	0	21200	0	21500	22000	0	51200	26000	57000	0	0	22000	0	0
0	0	0	0	4600	7400	0	0	0	0	0	0	0	0	0	0	0	0	0	0	400	0	0	10000	0	0	0	0	0	0	0	0	0	0	0	0	0	0	0	0	0	0	0	0	10400	0	0	0	0	0	0	0	0	0	0	0	0	0	0	0	0	0	0	0	0	0	0	4600	0	10400	0	0	0	0	0
32100	0	45800	11700	61500	64300	43300	55000	10300	56900	0	14300	6300	14300	19200	17600	22800	29400	0	0	57300	31400	0	66900	37800	0	19200	44400	32300	50100	22900	0	0	21200	26200	13300	32100	900	21600	5900	30100	16100	0	21000	67300	0	0	36300	6600	33800	21700	44100	40500	9700	6900	2300	6300	0	15300	16800	7700	0	31500	0	31800	32300	0	61500	36300	67300	0	0	32300	6900	2300
17800	0	31500	0	47200	50000	29000	40700	0	42600	0	0	0	0	4900	3300	8500	15100	0	0	43000	17100	0	52600	23500	0	4900	30100	18000	35800	8600	0	0	6900	11900	0	17800	0	7300	0	15800	1800	0	6700	53000	0	0	22000	0	19500	7400	29800	26200	0	0	0	0	0	1000	2500	0	0	17200	0	17500	18000	0	47200	22000	53000	0	0	18000	0	0
25800	0	39500	5400	55200	58000	37000	48700	4000	50600	0	8000	0	8000	12900	11300	16500	23100	0	0	51000	25100	0	60600	31500	0	12900	38100	26000	43800	16600	0	0	14900	19900	7000	25800	0	15300	0	23800	9800	0	14700	61000	0	0	30000	300	27500	15400	37800	34200	3400	600	0	0	0	9000	10500	1400	0	25200	0	25500	26000	0	55200	30000	61000	0	0	26000	600	0
17800	0	31500	0	47200	50000	29000	40700	0	42600	0	0	0	0	4900	3300	8500	15100	0	0	43000	17100	0	52600	23500	0	4900	30100	18000	35800	8600	0	0	6900	11900	0	17800	0	7300	0	15800	1800	0	6700	53000	0	0	22000	0	19500	7400	29800	26200	0	0	0	0	0	1000	2500	0	0	17200	0	17500	18000	0	47200	22000	53000	0	0	18000	0	0
12900	0	26600	0	42300	45100	24100	35800	0	37700	0	0	0	0	0	0	3600	10200	0	0	38100	12200	0	47700	18600	0	0	25200	13100	30900	3700	0	0	2000	7000	0	12900	0	2400	0	10900	0	0	1800	48100	0	0	17100	0	14600	2500	24900	21300	0	0	0	0	0	0	0	0	0	12300	0	12600	13100	0	42300	17100	48100	0	0	13100	0	0
14500	0	28200	0	43900	46700	25700	37400	0	39300	0	0	0	0	1600	0	5200	11800	0	0	39700	13800	0	49300	20200	0	1600	26800	14700	32500	5300	0	0	3600	8600	0	14500	0	4000	0	12500	0	0	3400	49700	0	0	18700	0	16200	4100	26500	22900	0	0	0	0	0	0	0	0	0	13900	0	14200	14700	0	43900	18700	49700	0	0	14700	0	0
9300	0	23000	0	38700	41500	20500	32200	0	34100	0	0	0	0	0	0	0	6600	0	0	34500	8600	0	44100	15000	0	0	21600	9500	27300	100	0	0	0	3400	0	9300	0	0	0	7300	0	0	0	44500	0	0	13500	0	11000	0	21300	17700	0	0	0	0	0	0	0	0	0	8700	0	9000	9500	0	38700	13500	44500	0	0	9500	0	0
2700	0	16400	0	32100	34900	13900	25600	0	27500	0	0	0	0	0	0	0	0	0	0	27900	2000	0	37500	8400	0	0	15000	2900	20700	0	0	0	0	0	0	2700	0	0	0	700	0	0	0	37900	0	0	6900	0	4400	0	14700	11100	0	0	0	0	0	0	0	0	0	2100	0	2400	2900	0	32100	6900	37900	0	0	2900	0	0
46200	6000	59900	25800	75600	78400	57400	69100	24400	71000	14100	28400	20400	28400	33300	31700	36900	43500	0	12900	71400	45500	0	81000	51900	800	33300	58500	46400	64200	37000	0	0	35300	40300	27400	46200	15000	35700	20000	44200	30200	7400	35100	81400	3300	0	50400	20700	47900	35800	58200	54600	23800	21000	16400	20400	1600	29400	30900	21800	0	45600	14100	45900	46400	13500	75600	50400	81400	8300	0	46400	21000	16400
33300	0	47000	12900	62700	65500	44500	56200	11500	58100	1200	15500	7500	15500	20400	18800	24000	30600	0	0	58500	32600	0	68100	39000	0	20400	45600	33500	51300	24100	0	0	22400	27400	14500	33300	2100	22800	7100	31300	17300	0	22200	68500	0	0	37500	7800	35000	22900	45300	41700	10900	8100	3500	7500	0	16500	18000	8900	0	32700	1200	33000	33500	600	62700	37500	68500	0	0	33500	8100	3500
0	0	0	0	4200	7000	0	0	0	0	0	0	0	0	0	0	0	0	0	0	0	0	0	9600	0	0	0	0	0	0	0	0	0	0	0	0	0	0	0	0	0	0	0	0	10000	0	0	0	0	0	0	0	0	0	0	0	0	0	0	0	0	0	0	0	0	0	0	4200	0	10000	0	0	0	0	0
700	0	14400	0	30100	32900	11900	23600	0	25500	0	0	0	0	0	0	0	0	0	0	25900	0	0	35500	6400	0	0	13000	900	18700	0	0	0	0	0	0	700	0	0	0	0	0	0	0	35900	0	0	4900	0	2400	0	12700	9100	0	0	0	0	0	0	0	0	0	100	0	400	900	0	30100	4900	35900	0	0	900	0	0
53800	13600	67500	33400	83200	86000	65000	76700	32000	78600	21700	36000	28000	36000	40900	39300	44500	51100	7600	20500	79000	53100	0	88600	59500	8400	40900	66100	54000	71800	44600	6900	0	42900	47900	35000	53800	22600	43300	27600	51800	37800	15000	42700	89000	10900	0	58000	28300	55500	43400	65800	62200	31400	28600	24000	28000	9200	37000	38500	29400	5000	53200	21700	53500	54000	21100	83200	58000	89000	15900	0	54000	28600	24000
0	0	0	0	0	0	0	0	0	0	0	0	0	0	0	0	0	0	0	0	0	0	0	0	0	0	0	0	0	0	0	0	0	0	0	0	0	0	0	0	0	0	0	0	400	0	0	0	0	0	0	0	0	0	0	0	0	0	0	0	0	0	0	0	0	0	0	0	0	400	0	0	0	0	0
0	0	8000	0	23700	26500	5500	17200	0	19100	0	0	0	0	0	0	0	0	0	0	19500	0	0	29100	0	0	0	6600	0	12300	0	0	0	0	0	0	0	0	0	0	0	0	0	0	29500	0	0	0	0	0	0	6300	2700	0	0	0	0	0	0	0	0	0	0	0	0	0	0	23700	0	29500	0	0	0	0	0
45400	5200	59100	25000	74800	77600	56600	68300	23600	70200	13300	27600	19600	27600	32500	30900	36100	42700	0	12100	70600	44700	0	80200	51100	0	32500	57700	45600	63400	36200	0	0	34500	39500	26600	45400	14200	34900	19200	43400	29400	6600	34300	80600	2500	0	49600	19900	47100	35000	57400	53800	23000	20200	15600	19600	800	28600	30100	21000	0	44800	13300	45100	45600	12700	74800	49600	80600	7500	0	45600	20200	15600
12900	0	26600	0	42300	45100	24100	35800	0	37700	0	0	0	0	0	0	3600	10200	0	0	38100	12200	0	47700	18600	0	0	25200	13100	30900	3700	0	0	2000	7000	0	12900	0	2400	0	10900	0	0	1800	48100	0	0	17100	0	14600	2500	24900	21300	0	0	0	0	0	0	0	0	0	12300	0	12600	13100	0	42300	17100	48100	0	0	13100	0	0
0	0	1400	0	17100	19900	0	10600	0	12500	0	0	0	0	0	0	0	0	0	0	12900	0	0	22500	0	0	0	0	0	5700	0	0	0	0	0	0	0	0	0	0	0	0	0	0	22900	0	0	0	0	0	0	0	0	0	0	0	0	0	0	0	0	0	0	0	0	0	0	17100	0	22900	0	0	0	0	0
0	0	13500	0	29200	32000	11000	22700	0	24600	0	0	0	0	0	0	0	0	0	0	25000	0	0	34600	5500	0	0	12100	0	17800	0	0	0	0	0	0	0	0	0	0	0	0	0	0	35000	0	0	4000	0	1500	0	11800	8200	0	0	0	0	0	0	0	0	0	0	0	0	0	0	29200	4000	35000	0	0	0	0	0
0	0	0	0	11400	14200	0	4900	0	6800	0	0	0	0	0	0	0	0	0	0	7200	0	0	16800	0	0	0	0	0	0	0	0	0	0	0	0	0	0	0	0	0	0	0	0	17200	0	0	0	0	0	0	0	0	0	0	0	0	0	0	0	0	0	0	0	0	0	0	11400	0	17200	0	0	0	0	0
9200	0	22900	0	38600	41400	20400	32100	0	34000	0	0	0	0	0	0	0	6500	0	0	34400	8500	0	44000	14900	0	0	21500	9400	27200	0	0	0	0	3300	0	9200	0	0	0	7200	0	0	0	44400	0	0	13400	0	10900	0	21200	17600	0	0	0	0	0	0	0	0	0	8600	0	8900	9400	0	38600	13400	44400	0	0	9400	0	0
46900	6700	60600	26500	76300	79100	58100	69800	25100	71700	14800	29100	21100	29100	34000	32400	37600	44200	700	13600	72100	46200	0	81700	52600	1500	34000	59200	47100	64900	37700	0	0	36000	41000	28100	46900	15700	36400	20700	44900	30900	8100	35800	82100	4000	0	51100	21400	48600	36500	58900	55300	24500	21700	17100	21100	2300	30100	31600	22500	0	46300	14800	46600	47100	14200	76300	51100	82100	9000	0	47100	21700	17100
53800	13600	67500	33400	83200	86000	65000	76700	32000	78600	21700	36000	28000	36000	40900	39300	44500	51100	7600	20500	79000	53100	0	88600	59500	8400	40900	66100	54000	71800	44600	6900	0	42900	47900	35000	53800	22600	43300	27600	51800	37800	15000	42700	89000	10900	0	58000	28300	55500	43400	65800	62200	31400	28600	24000	28000	9200	37000	38500	29400	5000	53200	21700	53500	54000	21100	83200	58000	89000	15900	0	54000	28600	24000
10900	0	24600	0	40300	43100	22100	33800	0	35700	0	0	0	0	0	0	1600	8200	0	0	36100	10200	0	45700	16600	0	0	23200	11100	28900	1700	0	0	0	5000	0	10900	0	400	0	8900	0	0	0	46100	0	0	15100	0	12600	500	22900	19300	0	0	0	0	0	0	0	0	0	10300	0	10600	11100	0	40300	15100	46100	0	0	11100	0	0
5900	0	19600	0	35300	38100	17100	28800	0	30700	0	0	0	0	0	0	0	3200	0	0	31100	5200	0	40700	11600	0	0	18200	6100	23900	0	0	0	0	0	0	5900	0	0	0	3900	0	0	0	41100	0	0	10100	0	7600	0	17900	14300	0	0	0	0	0	0	0	0	0	5300	0	5600	6100	0	35300	10100	41100	0	0	6100	0	0
18800	0	32500	0	48200	51000	30000	41700	0	43600	0	1000	0	1000	5900	4300	9500	16100	0	0	44000	18100	0	53600	24500	0	5900	31100	19000	36800	9600	0	0	7900	12900	0	18800	0	8300	0	16800	2800	0	7700	54000	0	0	23000	0	20500	8400	30800	27200	0	0	0	0	0	2000	3500	0	0	18200	0	18500	19000	0	48200	23000	54000	0	0	19000	0	0
0	0	13700	0	29400	32200	11200	22900	0	24800	0	0	0	0	0	0	0	0	0	0	25200	0	0	34800	5700	0	0	12300	200	18000	0	0	0	0	0	0	0	0	0	0	0	0	0	0	35200	0	0	4200	0	1700	0	12000	8400	0	0	0	0	0	0	0	0	0	0	0	0	200	0	29400	4200	35200	0	0	200	0	0
31200	0	44900	10800	60600	63400	42400	54100	9400	56000	0	13400	5400	13400	18300	16700	21900	28500	0	0	56400	30500	0	66000	36900	0	18300	43500	31400	49200	22000	0	0	20300	25300	12400	31200	0	20700	5000	29200	15200	0	20100	66400	0	0	35400	5700	32900	20800	43200	39600	8800	6000	1400	5400	0	14400	15900	6800	0	30600	0	30900	31400	0	60600	35400	66400	0	0	31400	6000	1400
10500	0	24200	0	39900	42700	21700	33400	0	35300	0	0	0	0	0	0	1200	7800	0	0	35700	9800	0	45300	16200	0	0	22800	10700	28500	1300	0	0	0	4600	0	10500	0	0	0	8500	0	0	0	45700	0	0	14700	0	12200	100	22500	18900	0	0	0	0	0	0	0	0	0	9900	0	10200	10700	0	39900	14700	45700	0	0	10700	0	0
26200	0	39900	5800	55600	58400	37400	49100	4400	51000	0	8400	400	8400	13300	11700	16900	23500	0	0	51400	25500	0	61000	31900	0	13300	38500	26400	44200	17000	0	0	15300	20300	7400	26200	0	15700	0	24200	10200	0	15100	61400	0	0	30400	700	27900	15800	38200	34600	3800	1000	0	400	0	9400	10900	1800	0	25600	0	25900	26400	0	55600	30400	61400	0	0	26400	1000	0
2000	0	15700	0	31400	34200	13200	24900	0	26800	0	0	0	0	0	0	0	0	0	0	27200	1300	0	36800	7700	0	0	14300	2200	20000	0	0	0	0	0	0	2000	0	0	0	0	0	0	0	37200	0	0	6200	0	3700	0	14000	10400	0	0	0	0	0	0	0	0	0	1400	0	1700	2200	0	31400	6200	37200	0	0	2200	0	0
16000	0	29700	0	45400	48200	27200	38900	0	40800	0	0	0	0	3100	1500	6700	13300	0	0	41200	15300	0	50800	21700	0	3100	28300	16200	34000	6800	0	0	5100	10100	0	16000	0	5500	0	14000	0	0	4900	51200	0	0	20200	0	17700	5600	28000	24400	0	0	0	0	0	0	700	0	0	15400	0	15700	16200	0	45400	20200	51200	0	0	16200	0	0
38800	0	52500	18400	68200	71000	50000	61700	17000	63600	6700	21000	13000	21000	25900	24300	29500	36100	0	5500	64000	38100	0	73600	44500	0	25900	51100	39000	56800	29600	0	0	27900	32900	20000	38800	7600	28300	12600	36800	22800	0	27700	74000	0	0	43000	13300	40500	28400	50800	47200	16400	13600	9000	13000	0	22000	23500	14400	0	38200	6700	38500	39000	6100	68200	43000	74000	900	0	39000	13600	9000
11100	0	24800	0	40500	43300	22300	34000	0	35900	0	0	0	0	0	0	1800	8400	0	0	36300	10400	0	45900	16800	0	0	23400	11300	29100	1900	0	0	200	5200	0	11100	0	600	0	9100	0	0	0	46300	0	0	15300	0	12800	700	23100	19500	0	0	0	0	0	0	0	0	0	10500	0	10800	11300	0	40500	15300	46300	0	0	11300	0	0
0	0	0	0	0	0	0	0	0	0	0	0	0	0	0	0	0	0	0	0	0	0	0	0	0	0	0	0	0	0	0	0	0	0	0	0	0	0	0	0	0	0	0	0	0	0	0	0	0	0	0	0	0	0	0	0	0	0	0	0	0	0	0	0	0	0	0	0	0	0	0	0	0	0	0
42900	2700	56600	22500	72300	75100	54100	65800	21100	67700	10800	25100	17100	25100	30000	28400	33600	40200	0	9600	68100	42200	0	77700	48600	0	30000	55200	43100	60900	33700	0	0	32000	37000	24100	42900	11700	32400	16700	40900	26900	4100	31800	78100	0	0	47100	17400	44600	32500	54900	51300	20500	17700	13100	17100	0	26100	27600	18500	0	42300	10800	42600	43100	10200	72300	47100	78100	5000	0	43100	17700	13100
53800	13600	67500	33400	83200	86000	65000	76700	32000	78600	21700	36000	28000	36000	40900	39300	44500	51100	7600	20500	79000	53100	0	88600	59500	8400	40900	66100	54000	71800	44600	6900	0	42900	47900	35000	53800	22600	43300	27600	51800	37800	15000	42700	89000	10900	0	58000	28300	55500	43400	65800	62200	31400	28600	24000	28000	9200	37000	38500	29400	5000	53200	21700	53500	54000	21100	83200	58000	89000	15900	0	54000	28600	24000
0	0	9500	0	25200	28000	7000	18700	0	20600	0	0	0	0	0	0	0	0	0	0	21000	0	0	30600	1500	0	0	8100	0	13800	0	0	0	0	0	0	0	0	0	0	0	0	0	0	31000	0	0	0	0	0	0	7800	4200	0	0	0	0	0	0	0	0	0	0	0	0	0	0	25200	0	31000	0	0	0	0	0
25500	0	39200	5100	54900	57700	36700	48400	3700	50300	0	7700	0	7700	12600	11000	16200	22800	0	0	50700	24800	0	60300	31200	0	12600	37800	25700	43500	16300	0	0	14600	19600	6700	25500	0	15000	0	23500	9500	0	14400	60700	0	0	29700	0	27200	15100	37500	33900	3100	300	0	0	0	8700	10200	1100	0	24900	0	25200	25700	0	54900	29700	60700	0	0	25700	300	0
0	0	12000	0	27700	30500	9500	21200	0	23100	0	0	0	0	0	0	0	0	0	0	23500	0	0	33100	4000	0	0	10600	0	16300	0	0	0	0	0	0	0	0	0	0	0	0	0	0	33500	0	0	2500	0	0	0	10300	6700	0	0	0	0	0	0	0	0	0	0	0	0	0	0	27700	2500	33500	0	0	0	0	0
10400	0	24100	0	39800	42600	21600	33300	0	35200	0	0	0	0	0	0	1100	7700	0	0	35600	9700	0	45200	16100	0	0	22700	10600	28400	1200	0	0	0	4500	0	10400	0	0	0	8400	0	0	0	45600	0	0	14600	0	12100	0	22400	18800	0	0	0	0	0	0	0	0	0	9800	0	10100	10600	0	39800	14600	45600	0	0	10600	0	0
0	0	1700	0	17400	20200	0	10900	0	12800	0	0	0	0	0	0	0	0	0	0	13200	0	0	22800	0	0	0	300	0	6000	0	0	0	0	0	0	0	0	0	0	0	0	0	0	23200	0	0	0	0	0	0	0	0	0	0	0	0	0	0	0	0	0	0	0	0	0	0	17400	0	23200	0	0	0	0	0
0	0	5300	0	21000	23800	2800	14500	0	16400	0	0	0	0	0	0	0	0	0	0	16800	0	0	26400	0	0	0	3900	0	9600	0	0	0	0	0	0	0	0	0	0	0	0	0	0	26800	0	0	0	0	0	0	3600	0	0	0	0	0	0	0	0	0	0	0	0	0	0	0	21000	0	26800	0	0	0	0	0
22400	0	36100	2000	51800	54600	33600	45300	600	47200	0	4600	0	4600	9500	7900	13100	19700	0	0	47600	21700	0	57200	28100	0	9500	34700	22600	40400	13200	0	0	11500	16500	3600	22400	0	11900	0	20400	6400	0	11300	57600	0	0	26600	0	24100	12000	34400	30800	0	0	0	0	0	5600	7100	0	0	21800	0	22100	22600	0	51800	26600	57600	0	0	22600	0	0
25200	0	38900	4800	54600	57400	36400	48100	3400	50000	0	7400	0	7400	12300	10700	15900	22500	0	0	50400	24500	0	60000	30900	0	12300	37500	25400	43200	16000	0	0	14300	19300	6400	25200	0	14700	0	23200	9200	0	14100	60400	0	0	29400	0	26900	14800	37200	33600	2800	0	0	0	0	8400	9900	800	0	24600	0	24900	25400	0	54600	29400	60400	0	0	25400	0	0
29800	0	43500	9400	59200	62000	41000	52700	8000	54600	0	12000	4000	12000	16900	15300	20500	27100	0	0	55000	29100	0	64600	35500	0	16900	42100	30000	47800	20600	0	0	18900	23900	11000	29800	0	19300	3600	27800	13800	0	18700	65000	0	0	34000	4300	31500	19400	41800	38200	7400	4600	0	4000	0	13000	14500	5400	0	29200	0	29500	30000	0	59200	34000	65000	0	0	30000	4600	0
25800	0	39500	5400	55200	58000	37000	48700	4000	50600	0	8000	0	8000	12900	11300	16500	23100	0	0	51000	25100	0	60600	31500	0	12900	38100	26000	43800	16600	0	0	14900	19900	7000	25800	0	15300	0	23800	9800	0	14700	61000	0	0	30000	300	27500	15400	37800	34200	3400	600	0	0	0	9000	10500	1400	0	25200	0	25500	26000	0	55200	30000	61000	0	0	26000	600	0
44600	4400	58300	24200	74000	76800	55800	67500	22800	69400	12500	26800	18800	26800	31700	30100	35300	41900	0	11300	69800	43900	0	79400	50300	0	31700	56900	44800	62600	35400	0	0	33700	38700	25800	44600	13400	34100	18400	42600	28600	5800	33500	79800	1700	0	48800	19100	46300	34200	56600	53000	22200	19400	14800	18800	0	27800	29300	20200	0	44000	12500	44300	44800	11900	74000	48800	79800	6700	0	44800	19400	14800
16800	0	30500	0	46200	49000	28000	39700	0	41600	0	0	0	0	3900	2300	7500	14100	0	0	42000	16100	0	51600	22500	0	3900	29100	17000	34800	7600	0	0	5900	10900	0	16800	0	6300	0	14800	800	0	5700	52000	0	0	21000	0	18500	6400	28800	25200	0	0	0	0	0	0	1500	0	0	16200	0	16500	17000	0	46200	21000	52000	0	0	17000	0	0
15300	0	29000	0	44700	47500	26500	38200	0	40100	0	0	0	0	2400	800	6000	12600	0	0	40500	14600	0	50100	21000	0	2400	27600	15500	33300	6100	0	0	4400	9400	0	15300	0	4800	0	13300	0	0	4200	50500	0	0	19500	0	17000	4900	27300	23700	0	0	0	0	0	0	0	0	0	14700	0	15000	15500	0	44700	19500	50500	0	0	15500	0	0
24400	0	38100	4000	53800	56600	35600	47300	2600	49200	0	6600	0	6600	11500	9900	15100	21700	0	0	49600	23700	0	59200	30100	0	11500	36700	24600	42400	15200	0	0	13500	18500	5600	24400	0	13900	0	22400	8400	0	13300	59600	0	0	28600	0	26100	14000	36400	32800	2000	0	0	0	0	7600	9100	0	0	23800	0	24100	24600	0	53800	28600	59600	0	0	24600	0	0
48800	8600	62500	28400	78200	81000	60000	71700	27000	73600	16700	31000	23000	31000	35900	34300	39500	46100	2600	15500	74000	48100	0	83600	54500	3400	35900	61100	49000	66800	39600	1900	0	37900	42900	30000	48800	17600	38300	22600	46800	32800	10000	37700	84000	5900	0	53000	23300	50500	38400	60800	57200	26400	23600	19000	23000	4200	32000	33500	24400	0	48200	16700	48500	49000	16100	78200	53000	84000	10900	0	49000	23600	19000
600	0	14300	0	30000	32800	11800	23500	0	25400	0	0	0	0	0	0	0	0	0	0	25800	0	0	35400	6300	0	0	12900	800	18600	0	0	0	0	0	0	600	0	0	0	0	0	0	0	35800	0	0	4800	0	2300	0	12600	9000	0	0	0	0	0	0	0	0	0	0	0	300	800	0	30000	4800	35800	0	0	800	0	0
32100	0	45800	11700	61500	64300	43300	55000	10300	56900	0	14300	6300	14300	19200	17600	22800	29400	0	0	57300	31400	0	66900	37800	0	19200	44400	32300	50100	22900	0	0	21200	26200	13300	32100	900	21600	5900	30100	16100	0	21000	67300	0	0	36300	6600	33800	21700	44100	40500	9700	6900	2300	6300	0	15300	16800	7700	0	31500	0	31800	32300	0	61500	36300	67300	0	0	32300	6900	2300
300	0	14000	0	29700	32500	11500	23200	0	25100	0	0	0	0	0	0	0	0	0	0	25500	0	0	35100	6000	0	0	12600	500	18300	0	0	0	0	0	0	300	0	0	0	0	0	0	0	35500	0	0	4500	0	2000	0	12300	8700	0	0	0	0	0	0	0	0	0	0	0	0	500	0	29700	4500	35500	0	0	500	0	0
0	0	13500	0	29200	32000	11000	22700	0	24600	0	0	0	0	0	0	0	0	0	0	25000	0	0	34600	5500	0	0	12100	0	17800	0	0	0	0	0	0	0	0	0	0	0	0	0	0	35000	0	0	4000	0	1500	0	11800	8200	0	0	0	0	0	0	0	0	0	0	0	0	0	0	29200	4000	35000	0	0	0	0	0
32700	0	46400	12300	62100	64900	43900	55600	10900	57500	600	14900	6900	14900	19800	18200	23400	30000	0	0	57900	32000	0	67500	38400	0	19800	45000	32900	50700	23500	0	0	21800	26800	13900	32700	1500	22200	6500	30700	16700	0	21600	67900	0	0	36900	7200	34400	22300	44700	41100	10300	7500	2900	6900	0	15900	17400	8300	0	32100	600	32400	32900	0	62100	36900	67900	0	0	32900	7500	2900
0	0	0	0	0	2800	0	0	0	0	0	0	0	0	0	0	0	0	0	0	0	0	0	5400	0	0	0	0	0	0	0	0	0	0	0	0	0	0	0	0	0	0	0	0	5800	0	0	0	0	0	0	0	0	0	0	0	0	0	0	0	0	0	0	0	0	0	0	0	0	5800	0	0	0	0	0
0	0	9500	0	25200	28000	7000	18700	0	20600	0	0	0	0	0	0	0	0	0	0	21000	0	0	30600	1500	0	0	8100	0	13800	0	0	0	0	0	0	0	0	0	0	0	0	0	0	31000	0	0	0	0	0	0	7800	4200	0	0	0	0	0	0	0	0	0	0	0	0	0	0	25200	0	31000	0	0	0	0	0
0	0	0	0	0	0	0	0	0	0	0	0	0	0	0	0	0	0	0	0	0	0	0	0	0	0	0	0	0	0	0	0	0	0	0	0	0	0	0	0	0	0	0	0	0	0	0	0	0	0	0	0	0	0	0	0	0	0	0	0	0	0	0	0	0	0	0	0	0	0	0	0	0	0	0
37900	0	51600	17500	67300	70100	49100	60800	16100	62700	5800	20100	12100	20100	25000	23400	28600	35200	0	4600	63100	37200	0	72700	43600	0	25000	50200	38100	55900	28700	0	0	27000	32000	19100	37900	6700	27400	11700	35900	21900	0	26800	73100	0	0	42100	12400	39600	27500	49900	46300	15500	12700	8100	12100	0	21100	22600	13500	0	37300	5800	37600	38100	5200	67300	42100	73100	0	0	38100	12700	8100
55600	15400	69300	35200	85000	87800	66800	78500	33800	80400	23500	37800	29800	37800	42700	41100	46300	52900	9400	22300	80800	54900	1800	90400	61300	10200	42700	67900	55800	73600	46400	8700	1800	44700	49700	36800	55600	24400	45100	29400	53600	39600	16800	44500	90800	12700	1800	59800	30100	57300	45200	67600	64000	33200	30400	25800	29800	11000	38800	40300	31200	6800	55000	23500	55300	55800	22900	85000	59800	90800	17700	0	55800	30400	25800
0	0	13500	0	29200	32000	11000	22700	0	24600	0	0	0	0	0	0	0	0	0	0	25000	0	0	34600	5500	0	0	12100	0	17800	0	0	0	0	0	0	0	0	0	0	0	0	0	0	35000	0	0	4000	0	1500	0	11800	8200	0	0	0	0	0	0	0	0	0	0	0	0	0	0	29200	4000	35000	0	0	0	0	0
25200	0	38900	4800	54600	57400	36400	48100	3400	50000	0	7400	0	7400	12300	10700	15900	22500	0	0	50400	24500	0	60000	30900	0	12300	37500	25400	43200	16000	0	0	14300	19300	6400	25200	0	14700	0	23200	9200	0	14100	60400	0	0	29400	0	26900	14800	37200	33600	2800	0	0	0	0	8400	9900	800	0	24600	0	24900	25400	0	54600	29400	60400	0	0	25400	0	0
29800	0	43500	9400	59200	62000	41000	52700	8000	54600	0	12000	4000	12000	16900	15300	20500	27100	0	0	55000	29100	0	64600	35500	0	16900	42100	30000	47800	20600	0	0	18900	23900	11000	29800	0	19300	3600	27800	13800	0	18700	65000	0	0	34000	4300	31500	19400	41800	38200	7400	4600	0	4000	0	13000	14500	5400	0	29200	0	29500	30000	0	59200	34000	65000	0	0	30000	4600	0

0	104	0	8	0	30	60	51	0	23	0	23	8	34	0	23	11	34	0	0	57	8	0	0	40	0	0	51	0	23	0	91	34	30	0	23	8	18	23	62	51	43	0	30	0	38	0	0	51	0	30	41	11	60	8	34	78	8	6	34	0	0	30	0	0	48	0	0	0	57	26	0	0	0	43
0	0	0	0	0	0	0	0	0	0	0	0	0	0	0	0	0	0	0	0	0	0	0	0	0	0	0	0	0	0	0	0	0	0	0	0	0	0	0	0	0	0	0	0	0	0	0	0	0	0	0	0	0	0	0	0	0	0	0	0	0	0	0	0	0	0	0	0	0	0	0	0	0	0	0
11	105	0	18	0	36	63	54	0	30	0	30	18	40	0	30	20	40	0	11	61	18	0	0	45	0	0	54	0	30	0	93	40	36	0	30	18	26	30	65	54	48	11	36	0	43	0	0	54	0	36	46	20	63	18	40	80	18	16	40	0	0	36	0	0	53	0	0	11	61	32	0	0	0	48
0	103	0	0	0	26	57	48	0	18	0	18	0	30	0	18	4	30	0	0	56	0	0	0	36	0	0	48	0	18	0	90	30	26	0	18	0	11	18	60	48	40	0	26	0	34	0	0	48	0	26	38	4	57	0	30	77	0	0	30	0	0	26	0	0	45	0	0	0	56	20	0	0	0	40
26	107	18	30	0	45	68	60	0	40	11	40	30	48	11	40	32	48	8	26	66	30	18	15	52	4	18	60	0	40	18	95	48	45	11	40	30	36	40	70	60	54	26	45	11	51	0	0	60	15	45	53	32	68	30	48	84	30	28	48	18	0	45	0	11	59	11	0	26	66	41	11	11	0	54
0	100	0	0	0	0	48	34	0	0	0	0	0	8	0	0	0	8	0	0	45	0	0	0	18	0	0	34	0	0	0	86	8	0	0	0	0	0	0	51	34	23	0	0	0	15	0	0	34	0	0	20	0	48	0	8	70	0	0	8	0	0	0	0	0	31	0	0	0	45	0	0	0	0	23
0	90	0	0	0	0	0	0	0	0	0	0	0	0	0	0	0	0	0	0	0	0	0	0	0	0	0	0	0	0	0	72	0	0	0	0	0	0	0	8	0	0	0	0	0	0	0	0	0	0	0	0	0	0	0	0	48	0	0	0	0	0	0	0	0	0	0	0	0	0	0	0	0	0	0
0	94	0	0	0	0	26	0	0	0	0	0	0	0	0	0	0	0	0	0	20	0	0	0	0	0	0	0	0	0	0	78	0	0	0	0	0	0	0	30	0	0	0	0	0	0	0	0	0	0	0	0	0	26	0	0	59	0	0	0	0	0	0	0	0	0	0	0	0	20	0	0	0	0	0
26	107	18	30	0	45	68	60	0	40	11	40	30	48	11	40	32	48	8	26	66	30	18	15	52	4	18	60	0	40	18	95	48	45	11	40	30	36	40	70	60	54	26	45	11	51	0	0	60	15	45	53	32	68	30	48	84	30	28	48	18	0	45	0	11	59	11	0	26	66	41	11	11	0	54
0	101	0	0	0	11	52	40	0	0	0	0	0	18	0	0	0	18	0	0	49	0	0	0	26	0	0	40	0	0	0	88	18	11	0	0	0	0	0	54	40	30	0	11	0	23	0	0	40	0	11	28	0	52	0	18	73	0	0	18	0	0	11	0	0	37	0	0	0	49	4	0	0	0	30
18	106	8	23	0	40	65	56	0	34	0	34	23	43	0	34	26	43	0	18	63	23	8	4	48	0	8	56	0	34	8	94	43	40	0	34	23	30	34	67	56	51	18	40	0	46	0	0	56	4	40	49	26	65	23	43	82	23	22	43	8	0	40	0	0	55	0	0	18	63	36	0	0	0	51
0	101	0	0	0	11	52	40	0	0	0	0	0	18	0	0	0	18	0	0	49	0	0	0	26	0	0	40	0	0	0	88	18	11	0	0	0	0	0	54	40	30	0	11	0	23	0	0	40	0	11	28	0	52	0	18	73	0	0	18	0	0	11	0	0	37	0	0	0	49	4	0	0	0	30
0	103	0	0	0	26	57	48	0	18	0	18	0	30	0	18	4	30	0	0	56	0	0	0	36	0	0	48	0	18	0	90	30	26	0	18	0	11	18	60	48	40	0	26	0	34	0	0	48	0	26	38	4	57	0	30	77	0	0	30	0	0	26	0	0	45	0	0	0	56	20	0	0	0	40
0	99	0	0	0	0	45	30	0	0	0	0	0	0	0	0	0	0	0	0	41	0	0	0	11	0	0	30	0	0	0	85	0	0	0	0	0	0	0	48	30	18	0	0	0	8	0	0	30	0	0	15	0	45	0	0	69	0	0	0	0	0	0	0	0	27	0	0	0	41	0	0	0	0	18
18	106	8	23	0	40	65	56	0	34	0	34	23	43	0	34	26	43	0	18	63	23	8	4	48	0	8	56	0	34	8	94	43	40	0	34	23	30	34	67	56	51	18	40	0	46	0	0	56	4	40	49	26	65	23	43	82	23	22	43	8	0	40	0	0	55	0	0	18	63	36	0	0	0	51
0	101	0	0	0	11	52	40	0	0	0	0	0	18	0	0	0	18	0	0	49	0	0	0	26	0	0	40	0	0	0	88	18	11	0	0	0	0	0	54	40	30	0	11	0	23	0	0	40	0	11	28	0	52	0	18	73	0	0	18	0	0	11	0	0	37	0	0	0	49	4	0	0	0	30
0	103	0	0	0	23	56	46	0	15	0	15	0	28	0	15	0	28	0	0	54	0	0	0	34	0	0	46	0	15	0	90	28	23	0	15	0	8	15	59	46	38	0	23	0	32	0	0	46	0	23	36	0	56	0	28	76	0	0	28	0	0	23	0	0	44	0	0	0	54	18	0	0	0	38
0	99	0	0	0	0	45	30	0	0	0	0	0	0	0	0	0	0	0	0	41	0	0	0	11	0	0	30	0	0	0	85	0	0	0	0	0	0	0	48	30	18	0	0	0	8	0	0	30	0	0	15	0	45	0	0	69	0	0	0	0	0	0	0	0	27	0	0	0	41	0	0	0	0	18
20	106	11	26	0	41	66	57	0	36	4	36	26	45	4	36	28	45	0	20	64	26	11	8	49	0	11	57	0	36	11	94	45	41	4	36	26	32	36	68	57	52	20	41	4	48	0	0	57	8	41	51	28	66	26	45	82	26	24	45	11	0	41	0	4	56	4	0	20	64	38	4	4	0	52
0	104	0	8	0	30	60	51	0	23	0	23	8	34	0	23	11	34	0	0	57	8	0	0	40	0	0	51	0	23	0	91	34	30	0	23	8	18	23	62	51	43	0	30	0	38	0	0	51	0	30	41	11	60	8	34	78	8	6	34	0	0	30	0	0	48	0	0	0	57	26	0	0	0	43
0	91	0	0	0	0	8	0	0	0	0	0	0	0	0	0	0	0	0	0	0	0	0	0	0	0	0	0	0	0	0	73	0	0	0	0	0	0	0	15	0	0	0	0	0	0	0	0	0	0	0	0	0	8	0	0	51	0	0	0	0	0	0	0	0	0	0	0	0	0	0	0	0	0	0
0	103	0	0	0	26	57	48	0	18	0	18	0	30	0	18	4	30	0	0	56	0	0	0	36	0	0	48	0	18	0	90	30	26	0	18	0	11	18	60	48	40	0	26	0	34	0	0	48	0	26	38	4	57	0	30	77	0	0	30	0	0	26	0	0	45	0	0	0	56	20	0	0	0	40
11	105	0	18	0	36	63	54	0	30	0	30	18	40	0	30	20	40	0	11	61	18	0	0	45	0	0	54	0	30	0	93	40	36	0	30	18	26	30	65	54	48	11	36	0	43	0	0	54	0	36	46	20	63	18	40	80	18	16	40	0	0	36	0	0	53	0	0	11	61	32	0	0	0	48
15	105	4	20	0	38	64	56	0	32	0	32	20	41	0	32	23	41	0	15	62	20	4	0	46	0	4	56	0	32	4	93	41	38	0	32	20	28	32	66	56	49	15	38	0	45	0	0	56	0	38	48	23	64	20	41	81	20	19	41	4	0	38	0	0	54	0	0	15	62	34	0	0	0	49
0	97	0	0	0	0	40	23	0	0	0	0	0	0	0	0	0	0	0	0	36	0	0	0	0	0	0	23	0	0	0	83	0	0	0	0	0	0	0	43	23	8	0	0	0	0	0	0	23	0	0	4	0	40	0	0	66	0	0	0	0	0	0	0	0	19	0	0	0	36	0	0	0	0	8
23	106	15	28	0	43	67	59	0	38	8	38	28	46	8	38	30	46	4	23	65	28	15	11	51	0	15	59	0	38	15	95	46	43	8	38	28	34	38	69	59	53	23	43	8	49	0	0	59	11	43	52	30	67	28	46	83	28	27	46	15	0	43	0	8	56	8	0	23	65	40	8	8	0	53
11	105	0	18	0	36	63	54	0	30	0	30	18	40	0	30	20	40	0	11	61	18	0	0	45	0	0	54	0	30	0	93	40	36	0	30	18	26	30	65	54	48	11	36	0	43	0	0	54	0	36	46	20	63	18	40	80	18	16	40	0	0	36	0	0	53	0	0	11	61	32	0	0	0	48
0	94	0	0	0	0	26	0	0	0	0	0	0	0	0	0	0	0	0	0	20	0	0	0	0	0	0	0	0	0	0	78	0	0	0	0	0	0	0	30	0	0	0	0	0	0	0	0	0	0	0	0	0	26	0	0	59	0	0	0	0	0	0	0	0	0	0	0	0	20	0	0	0	0	0
30	108	23	34	8	48	70	62	8	43	18	43	34	51	18	43	36	51	15	30	68	34	23	20	54	11	23	62	0	43	23	96	51	48	18	43	34	40	43	72	62	56	30	48	18	53	8	8	62	20	48	56	36	70	34	51	85	34	33	51	23	8	48	0	18	61	18	8	30	68	45	18	18	0	56
0	101	0	0	0	11	52	40	0	0	0	0	0	18	0	0	0	18	0	0	49	0	0	0	26	0	0	40	0	0	0	88	18	11	0	0	0	0	0	54	40	30	0	11	0	23	0	0	40	0	11	28	0	52	0	18	73	0	0	18	0	0	11	0	0	37	0	0	0	49	4	0	0	0	30
11	105	0	18	0	36	63	54	0	30	0	30	18	40	0	30	20	40	0	11	61	18	0	0	45	0	0	54	0	30	0	93	40	36	0	30	18	26	30	65	54	48	11	36	0	43	0	0	54	0	36	46	20	63	18	40	80	18	16	40	0	0	36	0	0	53	0	0	11	61	32	0	0	0	48
0	56	0	0	0	0	0	0	0	0	0	0	0	0	0	0	0	0	0	0	0	0	0	0	0	0	0	0	0	0	0	0	0	0	0	0	0	0	0	0	0	0	0	0	0	0	0	0	0	0	0	0	0	0	0	0	0	0	0	0	0	0	0	0	0	0	0	0	0	0	0	0	0	0	0
0	99	0	0	0	0	45	30	0	0	0	0	0	0	0	0	0	0	0	0	41	0	0	0	11	0	0	30	0	0	0	85	0	0	0	0	0	0	0	48	30	18	0	0	0	8	0	0	30	0	0	15	0	45	0	0	69	0	0	0	0	0	0	0	0	27	0	0	0	41	0	0	0	0	18
0	100	0	0	0	0	48	34	0	0	0	0	0	8	0	0	0	8	0	0	45	0	0	0	18	0	0	34	0	0	0	86	8	0	0	0	0	0	0	51	34	23	0	0	0	15	0	0	34	0	0	20	0	48	0	8	70	0	0	8	0	0	0	0	0	31	0	0	0	45	0	0	0	0	23
18	106	8	23	0	40	65	56	0	34	0	34	23	43	0	34	26	43	0	18	63	23	8	4	48	0	8	56	0	34	8	94	43	40	0	34	23	30	34	67	56	51	18	40	0	46	0	0	56	4	40	49	26	65	23	43	82	23	22	43	8	0	40	0	0	55	0	0	18	63	36	0	0	0	51
0	101	0	0	0	11	52	40	0	0	0	0	0	18	0	0	0	18	0	0	49	0	0	0	26	0	0	40	0	0	0	88	18	11	0	0	0	0	0	54	40	30	0	11	0	23	0	0	40	0	11	28	0	52	0	18	73	0	0	18	0	0	11	0	0	37	0	0	0	49	4	0	0	0	30
0	103	0	0	0	26	57	48	0	18	0	18	0	30	0	18	4	30	0	0	56	0	0	0	36	0	0	48	0	18	0	90	30	26	0	18	0	11	18	60	48	40	0	26	0	34	0	0	48	0	26	38	4	57	0	30	77	0	0	30	0	0	26	0	0	45	0	0	0	56	20	0	0	0	40
0	102	0	0	0	18	54	43	0	8	0	8	0	23	0	8	0	23	0	0	52	0	0	0	30	0	0	43	0	8	0	89	23	18	0	8	0	0	8	56	43	34	0	18	0	28	0	0	43	0	18	32	0	54	0	23	74	0	0	23	0	0	18	0	0	41	0	0	0	52	11	0	0	0	34
0	101	0	0	0	11	52	40	0	0	0	0	0	18	0	0	0	18	0	0	49	0	0	0	26	0	0	40	0	0	0	88	18	11	0	0	0	0	0	54	40	30	0	11	0	23	0	0	40	0	11	28	0	52	0	18	73	0	0	18	0	0	11	0	0	37	0	0	0	49	4	0	0	0	30
0	89	0	0	0	0	0	0	0	0	0	0	0	0	0	0	0	0	0	0	0	0	0	0	0	0	0	0	0	0	0	70	0	0	0	0	0	0	0	0	0	0	0	0	0	0	0	0	0	0	0	0	0	0	0	0	45	0	0	0	0	0	0	0	0	0	0	0	0	0	0	0	0	0	0
0	94	0	0	0	0	26	0	0	0	0	0	0	0	0	0	0	0	0	0	20	0	0	0	0	0	0	0	0	0	0	78	0	0	0	0	0	0	0	30	0	0	0	0	0	0	0	0	0	0	0	0	0	26	0	0	59	0	0	0	0	0	0	0	0	0	0	0	0	20	0	0	0	0	0
0	96	0	0	0	0	36	18	0	0	0	0	0	0	0	0	0	0	0	0	32	0	0	0	0	0	0	18	0	0	0	81	0	0	0	0	0	0	0	40	18	0	0	0	0	0	0	0	18	0	0	0	0	36	0	0	64	0	0	0	0	0	0	0	0	13	0	0	0	32	0	0	0	0	0
0	104	0	8	0	30	60	51	0	23	0	23	8	34	0	23	11	34	0	0	57	8	0	0	40	0	0	51	0	23	0	91	34	30	0	23	8	18	23	62	51	43	0	30	0	38	0	0	51	0	30	41	11	60	8	34	78	8	6	34	0	0	30	0	0	48	0	0	0	57	26	0	0	0	43
0	100	0	0	0	0	48	34	0	0	0	0	0	8	0	0	0	8	0	0	45	0	0	0	18	0	0	34	0	0	0	86	8	0	0	0	0	0	0	51	34	23	0	0	0	15	0	0	34	0	0	20	0	48	0	8	70	0	0	8	0	0	0	0	0	31	0	0	0	45	0	0	0	0	23
18	106	8	23	0	40	65	56	0	34	0	34	23	43	0	34	26	43	0	18	63	23	8	4	48	0	8	56	0	34	8	94	43	40	0	34	23	30	34	67	56	51	18	40	0	46	0	0	56	4	40	49	26	65	23	43	82	23	22	43	8	0	40	0	0	55	0	0	18	63	36	0	0	0	51
0	98	0	0	0	0	41	26	0	0	0	0	0	0	0	0	0	0	0	0	38	0	0	0	4	0	0	26	0	0	0	83	0	0	0	0	0	0	0	45	26	11	0	0	0	0	0	0	26	0	0	8	0	41	0	0	67	0	0	0	0	0	0	0	0	22	0	0	0	38	0	0	0	0	11
26	107	18	30	0	45	68	60	0	40	11	40	30	48	11	40	32	48	8	26	66	30	18	15	52	4	18	60	0	40	18	95	48	45	11	40	30	36	40	70	60	54	26	45	11	51	0	0	60	15	45	53	32	68	30	48	84	30	28	48	18	0	45	0	11	59	11	0	26	66	41	11	11	0	54
26	107	18	30	0	45	68	60	0	40	11	40	30	48	11	40	32	48	8	26	66	30	18	15	52	4	18	60	0	40	18	95	48	45	11	40	30	36	40	70	60	54	26	45	11	51	0	0	60	15	45	53	32	68	30	48	84	30	28	48	18	0	45	0	11	59	11	0	26	66	41	11	11	0	54
0	94	0	0	0	0	26	0	0	0	0	0	0	0	0	0	0	0	0	0	20	0	0	0	0	0	0	0	0	0	0	78	0	0	0	0	0	0	0	30	0	0	0	0	0	0	0	0	0	0	0	0	0	26	0	0	59	0	0	0	0	0	0	0	0	0	0	0	0	20	0	0	0	0	0
15	105	4	20	0	38	64	56	0	32	0	32	20	41	0	32	23	41	0	15	62	20	4	0	46	0	4	56	0	32	4	93	41	38	0	32	20	28	32	66	56	49	15	38	0	45	0	0	56	0	38	48	23	64	20	41	81	20	19	41	4	0	38	0	0	54	0	0	15	62	34	0	0	0	49
0	100	0	0	0	0	48	34	0	0	0	0	0	8	0	0	0	8	0	0	45	0	0	0	18	0	0	34	0	0	0	86	8	0	0	0	0	0	0	51	34	23	0	0	0	15	0	0	34	0	0	20	0	48	0	8	70	0	0	8	0	0	0	0	0	31	0	0	0	45	0	0	0	0	23
0	97	0	0	0	0	38	20	0	0	0	0	0	0	0	0	0	0	0	0	34	0	0	0	0	0	0	20	0	0	0	82	0	0	0	0	0	0	0	41	20	4	0	0	0	0	0	0	20	0	0	0	0	38	0	0	65	0	0	0	0	0	0	0	0	16	0	0	0	34	0	0	0	0	4
0	103	0	0	0	23	56	46	0	15	0	15	0	28	0	15	0	28	0	0	54	0	0	0	34	0	0	46	0	15	0	90	28	23	0	15	0	8	15	59	46	38	0	23	0	32	0	0	46	0	23	36	0	56	0	28	76	0	0	28	0	0	23	0	0	44	0	0	0	54	18	0	0	0	38
0	90	0	0	0	0	0	0	0	0	0	0	0	0	0	0	0	0	0	0	0	0	0	0	0	0	0	0	0	0	0	72	0	0	0	0	0	0	0	8	0	0	0	0	0	0	0	0	0	0	0	0	0	0	0	0	48	0	0	0	0	0	0	0	0	0	0	0	0	0	0	0	0	0	0
0	103	0	0	0	26	57	48	0	18	0	18	0	30	0	18	4	30	0	0	56	0	0	0	36	0	0	48	0	18	0	90	30	26	0	18	0	11	18	60	48	40	0	26	0	34	0	0	48	0	26	38	4	57	0	30	77	0	0	30	0	0	26	0	0	45	0	0	0	56	20	0	0	0	40
0	99	0	0	0	0	45	30	0	0	0	0	0	0	0	0	0	0	0	0	41	0	0	0	11	0	0	30	0	0	0	85	0	0	0	0	0	0	0	48	30	18	0	0	0	8	0	0	30	0	0	15	0	45	0	0	69	0	0	0	0	0	0	0	0	27	0	0	0	41	0	0	0	0	18
0	77	0	0	0	0	0	0	0	0	0	0	0	0	0	0	0	0	0	0	0	0	0	0	0	0	0	0	0	0	0	50	0	0	0	0	0	0	0	0	0	0	0	0	0	0	0	0	0	0	0	0	0	0	0	0	0	0	0	0	0	0	0	0	0	0	0	0	0	0	0	0	0	0	0
0	103	0	0	0	26	57	48	0	18	0	18	0	30	0	18	4	30	0	0	56	0	0	0	36	0	0	48	0	18	0	90	30	26	0	18	0	11	18	60	48	40	0	26	0	34	0	0	48	0	26	38	4	57	0	30	77	0	0	30	0	0	26	0	0	45	0	0	0	56	20	0	0	0	40
0	103	0	2	0	27	59	48	0	19	0	19	2	31	0	19	6	31	0	0	56	2	0	0	37	0	0	48	0	19	0	91	31	27	0	19	2	13	19	61	48	41	0	27	0	35	0	0	48	0	27	39	6	59	2	31	77	2	0	31	0	0	27	0	0	46	0	0	0	56	22	0	0	0	41
0	99	0	0	0	0	45	30	0	0	0	0	0	0	0	0	0	0	0	0	41	0	0	0	11	0	0	30	0	0	0	85	0	0	0	0	0	0	0	48	30	18	0	0	0	8	0	0	30	0	0	15	0	45	0	0	69	0	0	0	0	0	0	0	0	27	0	0	0	41	0	0	0	0	18
11	105	0	18	0	36	63	54	0	30	0	30	18	40	0	30	20	40	0	11	61	18	0	0	45	0	0	54	0	30	0	93	40	36	0	30	18	26	30	65	54	48	11	36	0	43	0	0	54	0	36	46	20	63	18	40	80	18	16	40	0	0	36	0	0	53	0	0	11	61	32	0	0	0	48
26	107	18	30	0	45	68	60	0	40	11	40	30	48	11	40	32	48	8	26	66	30	18	15	52	4	18	60	0	40	18	95	48	45	11	40	30	36	40	70	60	54	26	45	11	51	0	0	60	15	45	53	32	68	30	48	84	30	28	48	18	0	45	0	11	59	11	0	26	66	41	11	11	0	54
0	100	0	0	0	0	48	34	0	0	0	0	0	8	0	0	0	8	0	0	45	0	0	0	18	0	0	34	0	0	0	86	8	0	0	0	0	0	0	51	34	23	0	0	0	15	0	0	34	0	0	20	0	48	0	8	70	0	0	8	0	0	0	0	0	31	0	0	0	45	0	0	0	0	23
30	108	23	34	8	48	70	62	8	43	18	43	34	51	18	43	36	51	15	30	68	34	23	20	54	11	23	62	0	43	23	96	51	48	18	43	34	40	43	72	62	56	30	48	18	53	8	8	62	20	48	56	36	70	34	51	85	34	33	51	23	8	48	0	18	61	18	8	30	68	45	18	18	0	56
18	106	8	23	0	40	65	56	0	34	0	34	23	43	0	34	26	43	0	18	63	23	8	4	48	0	8	56	0	34	8	94	43	40	0	34	23	30	34	67	56	51	18	40	0	46	0	0	56	4	40	49	26	65	23	43	82	23	22	43	8	0	40	0	0	55	0	0	18	63	36	0	0	0	51
0	95	0	0	0	0	28	6	0	0	0	0	0	0	0	0	0	0	0	0	24	0	0	0	0	0	0	6	0	0	0	79	0	0	0	0	0	0	0	33	6	0	0	0	0	0	0	0	6	0	0	0	0	28	0	0	60	0	0	0	0	0	0	0	0	0	0	0	0	24	0	0	0	0	0
18	106	8	23	0	40	65	56	0	34	0	34	23	43	0	34	26	43	0	18	63	23	8	4	48	0	8	56	0	34	8	94	43	40	0	34	23	30	34	67	56	51	18	40	0	46	0	0	56	4	40	49	26	65	23	43	82	23	22	43	8	0	40	0	0	55	0	0	18	63	36	0	0	0	51
26	107	18	30	0	45	68	60	0	40	11	40	30	48	11	40	32	48	8	26	66	30	18	15	52	4	18	60	0	40	18	95	48	45	11	40	30	36	40	70	60	54	26	45	11	51	0	0	60	15	45	53	32	68	30	48	84	30	28	48	18	0	45	0	11	59	11	0	26	66	41	11	11	0	54
0	104	0	8	0	30	60	51	0	23	0	23	8	34	0	23	11	34	0	0	57	8	0	0	40	0	0	51	0	23	0	91	34	30	0	23	8	18	23	62	51	43	0	30	0	38	0	0	51	0	30	41	11	60	8	34	78	8	6	34	0	0	30	0	0	48	0	0	0	57	26	0	0	0	43
0	91	0	0	0	0	8	0	0	0	0	0	0	0	0	0	0	0	0	0	0	0	0	0	0	0	0	0	0	0	0	73	0	0	0	0	0	0	0	15	0	0	0	0	0	0	0	0	0	0	0	0	0	8	0	0	51	0	0	0	0	0	0	0	0	0	0	0	0	0	0	0	0	0	0
0	100	0	0	0	8	51	38	0	0	0	0	0	15	0	0	0	15	0	0	48	0	0	0	23	0	0	38	0	0	0	87	15	8	0	0	0	0	0	53	38	28	0	8	0	20	0	0	38	0	8	26	0	51	0	15	72	0	0	15	0	0	8	0	0	35	0	0	0	48	0	0	0	0	28
18	106	8	23	0	40	65	56	0	34	0	34	23	43	0	34	26	43	0	18	63	23	8	4	48	0	8	56	0	34	8	94	43	40	0	34	23	30	34	67	56	51	18	40	0	46	0	0	56	4	40	49	26	65	23	43	82	23	22	43	8	0	40	0	0	55	0	0	18	63	36	0	0	0	51
18	106	8	23	0	40	65	56	0	34	0	34	23	43	0	34	26	43	0	18	63	23	8	4	48	0	8	56	0	34	8	94	43	40	0	34	23	30	34	67	56	51	18	40	0	46	0	0	56	4	40	49	26	65	23	43	82	23	22	43	8	0	40	0	0	55	0	0	18	63	36	0	0	0	51
31	108	24	35	10	48	70	63	10	44	19	44	35	51	19	44	37	51	16	31	69	35	24	22	55	13	24	63	2	44	24	97	51	48	19	44	35	41	44	72	63	56	31	48	19	54	10	10	63	22	48	56	37	70	35	51	85	35	34	51	24	10	48	2	19	61	19	10	31	69	45	19	19	0	56
0	96	0	0	0	0	36	18	0	0	0	0	0	0	0	0	0	0	0	0	32	0	0	0	0	0	0	18	0	0	0	81	0	0	0	0	0	0	0	40	18	0	0	0	0	0	0	0	18	0	0	0	0	36	0	0	64	0	0	0	0	0	0	0	0	13	0	0	0	32	0	0	0	0	0

0	0	11	0	26	0	0	0	26	0	18	0	0	0	18	0	0	0	20	0	0	0	11	15	0	23	11	0	30	0	11	0	0	0	18	0	0	0	0	0	0	0	0	0	18	0	26	26	0	15	0	0	0	0	0	0	0	0	0	0	11	26	0	30	18	0	18	26	0	0	0	18	18	31	0
104	0	105	103	107	100	90	94	107	101	106	101	103	99	106	101	103	99	106	104	91	103	105	105	97	106	105	94	108	101	105	56	99	100	106	101	103	102	101	89	94	96	104	100	106	98	107	107	94	105	100	97	103	90	103	99	77	103	103	99	105	107	100	108	106	95	106	107	104	91	100	106	106	108	96
0	0	0	0	18	0	0	0	18	0	8	0	0	0	8	0	0	0	11	0	0	0	0	4	0	15	0	0	23	0	0	0	0	0	8	0	0	0	0	0	0	0	0	0	8	0	18	18	0	4	0	0	0	0	0	0	0	0	0	0	0	18	0	23	8	0	8	18	0	0	0	8	8	24	0
8	0	18	0	30	0	0	0	30	0	23	0	0	0	23	0	0	0	26	8	0	0	18	20	0	28	18	0	34	0	18	0	0	0	23	0	0	0	0	0	0	0	8	0	23	0	30	30	0	20	0	0	0	0	0	0	0	0	2	0	18	30	0	34	23	0	23	30	8	0	0	23	23	35	0
0	0	0	0	0	0	0	0	0	0	0	0	0	0	0	0	0	0	0	0	0	0	0	0	0	0	0	0	8	0	0	0	0	0	0	0	0	0	0	0	0	0	0	0	0	0	0	0	0	0	0	0	0	0	0	0	0	0	0	0	0	0	0	8	0	0	0	0	0	0	0	0	0	10	0
30	0	36	26	45	0	0	0	45	11	40	11	26	0	40	11	23	0	41	30	0	26	36	38	0	43	36	0	48	11	36	0	0	0	40	11	26	18	11	0	0	0	30	0	40	0	45	45	0	38	0	0	23	0	26	0	0	26	27	0	36	45	0	48	40	0	40	45	30	0	8	40	40	48	0
60	0	63	57	68	48	0	26	68	52	65	52	57	45	65	52	56	45	66	60	8	57	63	64	40	67	63	26	70	52	63	0	45	48	65	52	57	54	52	0	26	36	60	48	65	41	68	68	26	64	48	38	56	0	57	45	0	57	59	45	63	68	48	70	65	28	65	68	60	8	51	65	65	70	36
51	0	54	48	60	34	0	0	60	40	56	40	48	30	56	40	46	30	57	51	0	48	54	56	23	59	54	0	62	40	54	0	30	34	56	40	48	43	40	0	0	18	51	34	56	26	60	60	0	56	34	20	46	0	48	30	0	48	48	30	54	60	34	62	56	6	56	60	51	0	38	56	56	63	18
0	0	0	0	0	0	0	0	0	0	0	0	0	0	0	0	0	0	0	0	0	0	0	0	0	0	0	0	8	0	0	0	0	0	0	0	0	0	0	0	0	0	0	0	0	0	0	0	0	0	0	0	0	0	0	0	0	0	0	0	0	0	0	8	0	0	0	0	0	0	0	0	0	10	0
23	0	30	18	40	0	0	0	40	0	34	0	18	0	34	0	15	0	36	23	0	18	30	32	0	38	30	0	43	0	30	0	0	0	34	0	18	8	0	0	0	0	23	0	34	0	40	40	0	32	0	0	15	0	18	0	0	18	19	0	30	40	0	43	34	0	34	40	23	0	0	34	34	44	0
0	0	0	0	11	0	0	0	11	0	0	0	0	0	0	0	0	0	4	0	0	0	0	0	0	8	0	0	18	0	0	0	0	0	0	0	0	0	0	0	0	0	0	0	0	0	11	11	0	0	0	0	0	0	0	0	0	0	0	0	0	11	0	18	0	0	0	11	0	0	0	0	0	19	0
23	0	30	18	40	0	0	0	40	0	34	0	18	0	34	0	15	0	36	23	0	18	30	32	0	38	30	0	43	0	30	0	0	0	34	0	18	8	0	0	0	0	23	0	34	0	40	40	0	32	0	0	15	0	18	0	0	18	19	0	30	40	0	43	34	0	34	40	23	0	0	34	34	44	0
8	0	18	0	30	0	0	0	30	0	23	0	0	0	23	0	0	0	26	8	0	0	18	20	0	28	18	0	34	0	18	0	0	0	23	0	0	0	0	0	0	0	8	0	23	0	30	30	0	20	0	0	0	0	0	0	0	0	2	0	18	30	0	34	23	0	23	30	8	0	0	23	23	35	0
34	0	40	30	48	8	0	0	48	18	43	18	30	0	43	18	28	0	45	34	0	30	40	41	0	46	40	0	51	18	40	0	0	8	43	18	30	23	18	0	0	0	34	8	43	0	48	48	0	41	8	0	28	0	30	0	0	30	31	0	40	48	8	51	43	0	43	48	34	0	15	43	43	51	0
0	0	0	0	11	0	0	0	11	0	0	0	0	0	0	0	0	0	4	0	0	0	0	0	0	8	0	0	18	0	0	0	0	0	0	0	0	0	0	0	0	0	0	0	0	0	11	11	0	0	0	0	0	0	0	0	0	0	0	0	0	11	0	18	0	0	0	11	0	0	0	0	0	19	0
23	0	30	18	40	0	0	0	40	0	34	0	18	0	34	0	15	0	36	23	0	18	30	32	0	38	30	0	43	0	30	0	0	0	34	0	18	8	0	0	0	0	23	0	34	0	40	40	0	32	0	0	15	0	18	0	0	18	19	0	30	40	0	43	34	0	34	40	23	0	0	34	34	44	0
11	0	20	4	32	0	0	0	32	0	26	0	4	0	26	0	0	0	28	11	0	4	20	23	0	30	20	0	36	0	20	0	0	0	26	0	4	0	0	0	0	0	11	0	26	0	32	32	0	23	0	0	0	0	4	0	0	4	6	0	20	32	0	36	26	0	26	32	11	0	0	26	26	37	0
34	0	40	30	48	8	0	0	48	18	43	18	30	0	43	18	28	0	45	34	0	30	40	41	0	46	40	0	51	18	40	0	0	8	43	18	30	23	18	0	0	0	34	8	43	0	48	48	0	41	8	0	28	0	30	0	0	30	31	0	40	48	8	51	43	0	43	48	34	0	15	43	43	51	0
0	0	0	0	8	0	0	0	8	0	0	0	0	0	0	0	0	0	0	0	0	0	0	0	0	4	0	0	15	0	0	0	0	0	0	0	0	0	0	0	0	0	0	0	0	0	8	8	0	0	0	0	0	0	0	0	0	0	0	0	0	8	0	15	0	0	0	8	0	0	0	0	0	16	0
0	0	11	0	26	0	0	0	26	0	18	0	0	0	18	0	0	0	20	0	0	0	11	15	0	23	11	0	30	0	11	0	0	0	18	0	0	0	0	0	0	0	0	0	18	0	26	26	0	15	0	0	0	0	0	0	0	0	0	0	11	26	0	30	18	0	18	26	0	0	0	18	18	31	0
57	0	61	56	66	45	0	20	66	49	63	49	56	41	63	49	54	41	64	57	0	56	61	62	36	65	61	20	68	49	61	0	41	45	63	49	56	52	49	0	20	32	57	45	63	38	66	66	20	62	45	34	54	0	56	41	0	56	56	41	61	66	45	68	63	24	63	66	57	0	48	63	63	69	32
8	0	18	0	30	0	0	0	30	0	23	0	0	0	23	0	0	0	26	8	0	0	18	20	0	28	18	0	34	0	18	0	0	0	23	0	0	0	0	0	0	0	8	0	23	0	30	30	0	20	0	0	0	0	0	0	0	0	2	0	18	30	0	34	23	0	23	30	8	0	0	23	23	35	0
0	0	0	0	18	0	0	0	18	0	8	0	0	0	8	0	0	0	11	0	0	0	0	4	0	15	0	0	23	0	0	0	0	0	8	0	0	0	0	0	0	0	0	0	8	0	18	18	0	4	0	0	0	0	0	0	0	0	0	0	0	18	0	23	8	0	8	18	0	0	0	8	8	24	0
0	0	0	0	15	0	0	0	15	0	4	0	0	0	4	0	0	0	8	0	0	0	0	0	0	11	0	0	20	0	0	0	0	0	4	0	0	0	0	0	0	0	0	0	4	0	15	15	0	0	0	0	0	0	0	0	0	0	0	0	0	15	0	20	4	0	4	15	0	0	0	4	4	22	0
40	0	45	36	52	18	0	0	52	26	48	26	36	11	48	26	34	11	49	40	0	36	45	46	0	51	45	0	54	26	45	0	11	18	48	26	36	30	26	0	0	0	40	18	48	4	52	52	0	46	18	0	34	0	36	11	0	36	37	11	45	52	18	54	48	0	48	52	40	0	23	48	48	55	0
0	0	0	0	4	0	0	0	4	0	0	0	0	0	0	0	0	0	0	0	0	0	0	0	0	0	0	0	11	0	0	0	0	0	0	0	0	0	0	0	0	0	0	0	0	0	4	4	0	0	0	0	0	0	0	0	0	0	0	0	0	4	0	11	0	0	0	4	0	0	0	0	0	13	0
0	0	0	0	18	0	0	0	18	0	8	0	0	0	8	0	0	0	11	0	0	0	0	4	0	15	0	0	23	0	0	0	0	0	8	0	0	0	0	0	0	0	0	0	8	0	18	18	0	4	0	0	0	0	0	0	0	0	0	0	0	18	0	23	8	0	8	18	0	0	0	8	8	24	0
51	0	54	48	60	34	0	0	60	40	56	40	48	30	56	40	46	30	57	51	0	48	54	56	23	59	54	0	62	40	54	0	30	34	56	40	48	43	40	0	0	18	51	34	56	26	60	60	0	56	34	20	46	0	48	30	0	48	48	30	54	60	34	62	56	6	56	60	51	0	38	56	56	63	18
0	0	0	0	0	0	0	0	0	0	0	0	0	0	0	0	0	0	0	0	0	0	0	0	0	0	0	0	0	0	0	0	0	0	0	0	0	0	0	0	0	0	0	0	0	0	0	0	0	0	0	0	0	0	0	0	0	0	0	0	0	0	0	0	0	0	0	0	0	0	0	0	0	2	0
23	0	30	18	40	0	0	0	40	0	34	0	18	0	34	0	15	0	36	23	0	18	30	32	0	38	30	0	43	0	30	0	0	0	34	0	18	8	0	0	0	0	23	0	34	0	40	40	0	32	0	0	15	0	18	0	0	18	19	0	30	40	0	43	34	0	34	40	23	0	0	34	34	44	0
0	0	0	0	18	0	0	0	18	0	8	0	0	0	8	0	0	0	11	0	0	0	0	4	0	15	0	0	23	0	0	0	0	0	8	0	0	0	0	0	0	0	0	0	8	0	18	18	0	4	0	0	0	0	0	0	0	0	0	0	0	18	0	23	8	0	8	18	0	0	0	8	8	24	0
91	0	93	90	95	86	72	78	95	88	94	88	90	85	94	88	90	85	94	91	73	90	93	93	83	95	93	78	96	88	93	0	85	86	94	88	90	89	88	70	78	81	91	86	94	83	95	95	78	93	86	82	90	72	90	85	50	90	91	85	93	95	86	96	94	79	94	95	91	73	87	94	94	97	81
34	0	40	30	48	8	0	0	48	18	43	18	30	0	43	18	28	0	45	34	0	30	40	41	0	46	40	0	51	18	40	0	0	8	43	18	30	23	18	0	0	0	34	8	43	0	48	48	0	41	8	0	28	0	30	0	0	30	31	0	40	48	8	51	43	0	43	48	34	0	15	43	43	51	0
30	0	36	26	45	0	0	0	45	11	40	11	26	0	40	11	23	0	41	30	0	26	36	38	0	43	36	0	48	11	36	0	0	0	40	11	26	18	11	0	0	0	30	0	40	0	45	45	0	38	0	0	23	0	26	0	0	26	27	0	36	45	0	48	40	0	40	45	30	0	8	40	40	48	0
0	0	0	0	11	0	0	0	11	0	0	0	0	0	0	0	0	0	4	0	0	0	0	0	0	8	0	0	18	0	0	0	0	0	0	0	0	0	0	0	0	0	0	0	0	0	11	11	0	0	0	0	0	0	0	0	0	0	0	0	0	11	0	18	0	0	0	11	0	0	0	0	0	19	0
23	0	30	18	40	0	0	0	40	0	34	0	18	0	34	0	15	0	36	23	0	18	30	32	0	38	30	0	43	0	30	0	0	0	34	0	18	8	0	0	0	0	23	0	34	0	40	40	0	32	0	0	15	0	18	0	0	18	19	0	30	40	0	43	34	0	34	40	23	0	0	34	34	44	0
8	0	18	0	30	0	0	0	30	0	23	0	0	0	23	0	0	0	26	8	0	0	18	20	0	28	18	0	34	0	18	0	0	0	23	0	0	0	0	0	0	0	8	0	23	0	30	30	0	20	0	0	0	0	0	0	0	0	2	0	18	30	0	34	23	0	23	30	8	0	0	23	23	35	0
18	0	26	11	36	0	0	0	36	0	30	0	11	0	30	0	8	0	32	18	0	11	26	28	0	34	26	0	40	0	26	0	0	0	30	0	11	0	0	0	0	0	18	0	30	0	36	36	0	28	0	0	8	0	11	0	0	11	13	0	26	36	0	40	30	0	30	36	18	0	0	30	30	41	0
23	0	30	18	40	0	0	0	40	0	34	0	18	0	34	0	15	0	36	23	0	18	30	32	0	38	30	0	43	0	30	0	0	0	34	0	18	8	0	0	0	0	23	0	34	0	40	40	0	32	0	0	15	0	18	0	0	18	19	0	30	40	0	43	34	0	34	40	23	0	0	34	34	44	0
62	0	65	60	70	51	8	30	70	54	67	54	60	48	67	54	59	48	68	62	15	60	65	66	43	69	65	30	72	54	65	0	48	51	67	54	60	56	54	0	30	40	62	51	67	45	70	70	30	66	51	41	59	8	60	48	0	60	61	48	65	70	51	72	67	33	67	70	62	15	53	67	67	72	40
51	0	54	48	60	34	0	0	60	40	56	40	48	30	56	40	46	30	57	51	0	48	54	56	23	59	54	0	62	40	54	0	30	34	56	40	48	43	40	0	0	18	51	34	56	26	60	60	0	56	34	20	46	0	48	30	0	48	48	30	54	60	34	62	56	6	56	60	51	0	38	56	56	63	18
43	0	48	40	54	23	0	0	54	30	51	30	40	18	51	30	38	18	52	43	0	40	48	49	8	53	48	0	56	30	48	0	18	23	51	30	40	34	30	0	0	0	43	23	51	11	54	54	0	49	23	4	38	0	40	18	0	40	41	18	48	54	23	56	51	0	51	54	43	0	28	51	51	56	0
0	0	11	0	26	0	0	0	26	0	18	0	0	0	18	0	0	0	20	0	0	0	11	15	0	23	11	0	30	0	11	0	0	0	18	0	0	0	0	0	0	0	0	0	18	0	26	26	0	15	0	0	0	0	0	0	0	0	0	0	11	26	0	30	18	0	18	26	0	0	0	18	18	31	0
30	0	36	26	45	0	0	0	45	11	40	11	26	0	40	11	23	0	41	30	0	26	36	38	0	43	36	0	48	11	36	0	0	0	40	11	26	18	11	0	0	0	30	0	40	0	45	45	0	38	0	0	23	0	26	0	0	26	27	0	36	45	0	48	40	0	40	45	30	0	8	40	40	48	0
0	0	0	0	11	0	0	0	11	0	0	0	0	0	0	0	0	0	4	0	0	0	0	0	0	8	0	0	18	0	0	0	0	0	0	0	0	0	0	0	0	0	0	0	0	0	11	11	0	0	0	0	0	0	0	0	0	0	0	0	0	11	0	18	0	0	0	11	0	0	0	0	0	19	0
38	0	43	34	51	15	0	0	51	23	46	23	34	8	46	23	32	8	48	38	0	34	43	45	0	49	43	0	53	23	43	0	8	15	46	23	34	28	23	0	0	0	38	15	46	0	51	51	0	45	15	0	32	0	34	8	0	34	35	8	43	51	15	53	46	0	46	51	38	0	20	46	46	54	0
0	0	0	0	0	0	0	0	0	0	0	0	0	0	0	0	0	0	0	0	0	0	0	0	0	0	0	0	8	0	0	0	0	0	0	0	0	0	0	0	0	0	0	0	0	0	0	0	0	0	0	0	0	0	0	0	0	0	0	0	0	0	0	8	0	0	0	0	0	0	0	0	0	10	0
0	0	0	0	0	0	0	0	0	0	0	0	0	0	0	0	0	0	0	0	0	0	0	0	0	0	0	0	8	0	0	0	0	0	0	0	0	0	0	0	0	0	0	0	0	0	0	0	0	0	0	0	0	0	0	0	0	0	0	0	0	0	0	8	0	0	0	0	0	0	0	0	0	10	0
51	0	54	48	60	34	0	0	60	40	56	40	48	30	56	40	46	30	57	51	0	48	54	56	23	59	54	0	62	40	54	0	30	34	56	40	48	43	40	0	0	18	51	34	56	26	60	60	0	56	34	20	46	0	48	30	0	48	48	30	54	60	34	62	56	6	56	60	51	0	38	56	56	63	18
0	0	0	0	15	0	0	0	15	0	4	0	0	0	4	0	0	0	8	0	0	0	0	0	0	11	0	0	20	0	0	0	0	0	4	0	0	0	0	0	0	0	0	0	4	0	15	15	0	0	0	0	0	0	0	0	0	0	0	0	0	15	0	20	4	0	4	15	0	0	0	4	4	22	0
30	0	36	26	45	0	0	0	45	11	40	11	26	0	40	11	23	0	41	30	0	26	36	38	0	43	36	0	48	11	36	0	0	0	40	11	26	18	11	0	0	0	30	0	40	0	45	45	0	38	0	0	23	0	26	0	0	26	27	0	36	45	0	48	40	0	40	45	30	0	8	40	40	48	0
41	0	46	38	53	20	0	0	53	28	49	28	38	15	49	28	36	15	51	41	0	38	46	48	4	52	46	0	56	28	46	0	15	20	49	28	38	32	28	0	0	0	41	20	49	8	53	53	0	48	20	0	36	0	38	15	0	38	39	15	46	53	20	56	49	0	49	53	41	0	26	49	49	56	0
11	0	20	4	32	0	0	0	32	0	26	0	4	0	26	0	0	0	28	11	0	4	20	23	0	30	20	0	36	0	20	0	0	0	26	0	4	0	0	0	0	0	11	0	26	0	32	32	0	23	0	0	0	0	4	0	0	4	6	0	20	32	0	36	26	0	26	32	11	0	0	26	26	37	0
60	0	63	57	68	48	0	26	68	52	65	52	57	45	65	52	56	45	66	60	8	57	63	64	40	67	63	26	70	52	63	0	45	48	65	52	57	54	52	0	26	36	60	48	65	41	68	68	26	64	48	38	56	0	57	45	0	57	59	45	63	68	48	70	65	28	65	68	60	8	51	65	65	70	36
8	0	18	0	30	0	0	0	30	0	23	0	0	0	23	0	0	0	26	8	0	0	18	20	0	28	18	0	34	0	18	0	0	0	23	0	0	0	0	0	0	0	8	0	23	0	30	30	0	20	0	0	0	0	0	0	0	0	2	0	18	30	0	34	23	0	23	30	8	0	0	23	23	35	0
34	0	40	30	48	8	0	0	48	18	43	18	30	0	43	18	28	0	45	34	0	30	40	41	0	46	40	0	51	18	40	0	0	8	43	18	30	23	18	0	0	0	34	8	43	0	48	48	0	41	8	0	28	0	30	0	0	30	31	0	40	48	8	51	43	0	43	48	34	0	15	43	43	51	0
78	0	80	77	84	70	48	59	84	73	82	73	77	69	82	73	76	69	82	78	51	77	80	81	66	83	80	59	85	73	80	0	69	70	82	73	77	74	73	45	59	64	78	70	82	67	84	84	59	81	70	65	76	48	77	69	0	77	77	69	80	84	70	85	82	60	82	84	78	51	72	82	82	85	64
8	0	18	0	30	0	0	0	30	0	23	0	0	0	23	0	0	0	26	8	0	0	18	20	0	28	18	0	34	0	18	0	0	0	23	0	0	0	0	0	0	0	8	0	23	0	30	30	0	20	0	0	0	0	0	0	0	0	2	0	18	30	0	34	23	0	23	30	8	0	0	23	23	35	0
6	0	16	0	28	0	0	0	28	0	22	0	0	0	22	0	0	0	24	6	0	0	16	19	0	27	16	0	33	0	16	0	0	0	22	0	0	0	0	0	0	0	6	0	22	0	28	28	0	19	0	0	0	0	0	0	0	0	0	0	16	28	0	33	22	0	22	28	6	0	0	22	22	34	0
34	0	40	30	48	8	0	0	48	18	43	18	30	0	43	18	28	0	45	34	0	30	40	41	0	46	40	0	51	18	40	0	0	8	43	18	30	23	18	0	0	0	34	8	43	0	48	48	0	41	8	0	28	0	30	0	0	30	31	0	40	48	8	51	43	0	43	48	34	0	15	43	43	51	0
0	0	0	0	18	0	0	0	18	0	8	0	0	0	8	0	0	0	11	0	0	0	0	4	0	15	0	0	23	0	0	0	0	0	8	0	0	0	0	0	0	0	0	0	8	0	18	18	0	4	0	0	0	0	0	0	0	0	0	0	0	18	0	23	8	0	8	18	0	0	0	8	8	24	0
0	0	0	0	0	0	0	0	0	0	0	0	0	0	0	0	0	0	0	0	0	0	0	0	0	0	0	0	8	0	0	0	0	0	0	0	0	0	0	0	0	0	0	0	0	0	0	0	0	0	0	0	0	0	0	0	0	0	0	0	0	0	0	8	0	0	0	0	0	0	0	0	0	10	0
30	0	36	26	45	0	0	0	45	11	40	11	26	0	40	11	23	0	41	30	0	26	36	38	0	43	36	0	48	11	36	0	0	0	40	11	26	18	11	0	0	0	30	0	40	0	45	45	0	38	0	0	23	0	26	0	0	26	27	0	36	45	0	48	40	0	40	45	30	0	8	40	40	48	0
0	0	0	0	0	0	0	0	0	0	0	0	0	0	0	0	0	0	0	0	0	0	0	0	0	0	0	0	0	0	0	0	0	0	0	0	0	0	0	0	0	0	0	0	0	0	0	0	0	0	0	0	0	0	0	0	0	0	0	0	0	0	0	0	0	0	0	0	0	0	0	0	0	2	0
0	0	0	0	11	0	0	0	11	0	0	0	0	0	0	0	0	0	4	0	0	0	0	0	0	8	0	0	18	0	0	0	0	0	0	0	0	0	0	0	0	0	0	0	0	0	11	11	0	0	0	0	0	0	0	0	0	0	0	0	0	11	0	18	0	0	0	11	0	0	0	0	0	19	0
48	0	53	45	59	31	0	0	59	37	55	37	45	27	55	37	44	27	56	48	0	45	53	54	19	56	53	0	61	37	53	0	27	31	55	37	45	41	37	0	0	13	48	31	55	22	59	59	0	54	31	16	44	0	45	27	0	45	46	27	53	59	31	61	55	0	55	59	48	0	35	55	55	61	13
0	0	0	0	11	0	0	0	11	0	0	0	0	0	0	0	0	0	4	0	0	0	0	0	0	8	0	0	18	0	0	0	0	0	0	0	0	0	0	0	0	0	0	0	0	0	11	11	0	0	0	0	0	0	0	0	0	0	0	0	0	11	0	18	0	0	0	11	0	0	0	0	0	19	0
0	0	0	0	0	0	0	0	0	0	0	0	0	0	0	0	0	0	0	0	0	0	0	0	0	0	0	0	8	0	0	0	0	0	0	0	0	0	0	0	0	0	0	0	0	0	0	0	0	0	0	0	0	0	0	0	0	0	0	0	0	0	0	8	0	0	0	0	0	0	0	0	0	10	0
0	0	11	0	26	0	0	0	26	0	18	0	0	0	18	0	0	0	20	0	0	0	11	15	0	23	11	0	30	0	11	0	0	0	18	0	0	0	0	0	0	0	0	0	18	0	26	26	0	15	0	0	0	0	0	0	0	0	0	0	11	26	0	30	18	0	18	26	0	0	0	18	18	31	0
57	0	61	56	66	45	0	20	66	49	63	49	56	41	63	49	54	41	64	57	0	56	61	62	36	65	61	20	68	49	61	0	41	45	63	49	56	52	49	0	20	32	57	45	63	38	66	66	20	62	45	34	54	0	56	41	0	56	56	41	61	66	45	68	63	24	63	66	57	0	48	63	63	69	32
26	0	32	20	41	0	0	0	41	4	36	4	20	0	36	4	18	0	38	26	0	20	32	34	0	40	32	0	45	4	32	0	0	0	36	4	20	11	4	0	0	0	26	0	36	0	41	41	0	34	0	0	18	0	20	0	0	20	22	0	32	41	0	45	36	0	36	41	26	0	0	36	36	45	0
0	0	0	0	11	0	0	0	11	0	0	0	0	0	0	0	0	0	4	0	0	0	0	0	0	8	0	0	18	0	0	0	0	0	0	0	0	0	0	0	0	0	0	0	0	0	11	11	0	0	0	0	0	0	0	0	0	0	0	0	0	11	0	18	0	0	0	11	0	0	0	0	0	19	0
0	0	0	0	11	0	0	0	11	0	0	0	0	0	0	0	0	0	4	0	0	0	0	0	0	8	0	0	18	0	0	0	0	0	0	0	0	0	0	0	0	0	0	0	0	0	11	11	0	0	0	0	0	0	0	0	0	0	0	0	0	11	0	18	0	0	0	11	0	0	0	0	0	19	0
0	0	0	0	0	0	0	0	0	0	0	0	0	0	0	0	0	0	0	0	0	0	0	0	0	0	0	0	0	0	0	0	0	0	0	0	0	0	0	0	0	0	0	0	0	0	0	0	0	0	0	0	0	0	0	0	0	0	0	0	0	0	0	0	0	0	0	0	0	0	0	0	0	0	0
43	0	48	40	54	23	0	0	54	30	51	30	40	18	51	30	38	18	52	43	0	40	48	49	8	53	48	0	56	30	48	0	18	23	51	30	40	34	30	0	0	0	43	23	51	11	54	54	0	49	23	4	38	0	40	18	0	40	41	18	48	54	23	56	51	0	51	54	43	0	28	51	51	56	0