1578 1741 1714 1683 1720 1663 1740 1521 1613 1720 1644 1700 1735 1676 1720 1676 1735 1732 1568 1365 1401 1717 1611 1619 1740 1414 1719 1532 1531 1593 1647 1396 1706 1740 1692 1700 1732 1378 1719 1706 1732 1702 1740 1700 1702 1330 1705 1741 1659 1349 1736 1671 1592 1655 1733 1739 1705 1708 1654 1482 1704 1735 1581 1705 1697 1658 1720 1723 1704 1699 1349 1550 1678 1677 1600

72

2969 2372 2470 2585 2448 2656 2377 3178 2841 2448 2726 2524 2393 2609 2449 2610 2393 2406 3004 3747 3616 2460 2847 2820 2377 3570 2454 3137 3140 2912 2715 3635 2499 2375 2550 2522 2404 3700 2453 2499 2406 2515 2375 2523 2515 3877 2504 2372 2674 3807 2390 2628 2916 2685 2403 2378 2504 2495 2689 3321 2506 2393 2957 2505 2534 2676 2450 2439 2506 2526 3807 3070 2603 2607 2889

23.999318233672312 16.00024205818436 13.999427018493007 46.000422473878196

30285.0

0	27900	37400	10400	36400	7900	29100	0	2900	36400	5900	39600	25000	9400	36500	9400	25100	33300	0	0	64000	17500	2800	3500	25900	62900	36800	54100	0	49400	6200	64500	14100	28600	40300	39400	23400	0	17800	14100	33400	39300	27900	39600	39300	0	14100	27900	7400	67900	31400	42400	1300	43900	32900	25900	38900	38200	43900	58200	13900	31500	50300	13900	39900	7400	36600	35100	13900	14900	67900	0	10800	9900	48900
0	0	9500	0	8500	0	1200	0	0	8500	0	11700	0	0	8600	0	0	5400	0	0	36100	0	0	0	0	35000	8900	26200	0	21500	0	36600	0	700	12400	11500	0	0	0	0	5500	11400	0	11700	11400	0	0	0	0	40000	3500	14500	0	16000	5000	0	11000	10300	16000	30300	0	3600	22400	0	12000	0	8700	7200	0	0	40000	0	0	0	21000
0	0	0	0	0	0	0	0	0	0	0	2200	0	0	0	0	0	0	0	0	26600	0	0	0	0	25500	0	16700	0	12000	0	27100	0	0	2900	2000	0	0	0	0	0	1900	0	2200	1900	0	0	0	0	30500	0	5000	0	6500	0	0	1500	800	6500	20800	0	0	12900	0	2500	0	0	0	0	0	30500	0	0	0	11500
0	17500	27000	0	26000	0	18700	0	0	26000	0	29200	14600	0	26100	0	14700	22900	0	0	53600	7100	0	0	15500	52500	26400	43700	0	39000	0	54100	3700	18200	29900	29000	13000	0	7400	3700	23000	28900	17500	29200	28900	0	3700	17500	0	57500	21000	32000	0	33500	22500	15500	28500	27800	33500	47800	3500	21100	39900	3500	29500	0	26200	24700	3500	4500	57500	0	400	0	38500
0	0	1000	0	0	0	0	0	0	0	0	3200	0	0	100	0	0	0	0	0	27600	0	0	0	0	26500	400	17700	0	13000	0	28100	0	0	3900	3000	0	0	0	0	0	2900	0	3200	2900	0	0	0	0	31500	0	6000	0	7500	0	0	2500	1800	7500	21800	0	0	13900	0	3500	0	200	0	0	0	31500	0	0	0	12500
0	20000	29500	2500	28500	0	21200	0	0	28500	0	31700	17100	1500	28600	1500	17200	25400	0	0	56100	9600	0	0	18000	55000	28900	46200	0	41500	0	56600	6200	20700	32400	31500	15500	0	9900	6200	25500	31400	20000	31700	31400	0	6200	20000	0	60000	23500	34500	0	36000	25000	18000	31000	30300	36000	50300	6000	23600	42400	6000	32000	0	28700	27200	6000	7000	60000	0	2900	2000	41000
0	0	8300	0	7300	0	0	0	0	7300	0	10500	0	0	7400	0	0	4200	0	0	34900	0	0	0	0	33800	7700	25000	0	20300	0	35400	0	0	11200	10300	0	0	0	0	4300	10200	0	10500	10200	0	0	0	0	38800	2300	13300	0	14800	3800	0	9800	9100	14800	29100	0	2400	21200	0	10800	0	7500	6000	0	0	38800	0	0	0	19800
4300	32200	41700	14700	40700	12200	33400	0	7200	40700	10200	43900	29300	13700	40800	13700	29400	37600	3500	0	68300	21800	7100	7800	30200	67200	41100	58400	800	53700	10500	68800	18400	32900	44600	43700	27700	0	22100	18400	37700	43600	32200	43900	43600	0	18400	32200	11700	72200	35700	46700	5600	48200	37200	30200	43200	42500	48200	62500	18200	35800	54600	18200	44200	11700	40900	39400	18200	19200	72200	2500	15100	14200	53200
0	25000	34500	7500	33500	5000	26200	0	0	33500	3000	36700	22100	6500	33600	6500	22200	30400	0	0	61100	14600	0	600	23000	60000	33900	51200	0	46500	3300	61600	11200	25700	37400	36500	20500	0	14900	11200	30500	36400	25000	36700	36400	0	11200	25000	4500	65000	28500	39500	0	41000	30000	23000	36000	35300	41000	55300	11000	28600	47400	11000	37000	4500	33700	32200	11000	12000	65000	0	7900	7000	46000
0	0	1000	0	0	0	0	0	0	0	0	3200	0	0	100	0	0	0	0	0	27600	0	0	0	0	26500	400	17700	0	13000	0	28100	0	0	3900	3000	0	0	0	0	0	2900	0	3200	2900	0	0	0	0	31500	0	6000	0	7500	0	0	2500	1800	7500	21800	0	0	13900	0	3500	0	200	0	0	0	31500	0	0	0	12500
0	22000	31500	4500	30500	2000	23200	0	0	30500	0	33700	19100	3500	30600	3500	19200	27400	0	0	58100	11600	0	0	20000	57000	30900	48200	0	43500	300	58600	8200	22700	34400	33500	17500	0	11900	8200	27500	33400	22000	33700	33400	0	8200	22000	1500	62000	25500	36500	0	38000	27000	20000	33000	32300	38000	52300	8000	25600	44400	8000	34000	1500	30700	29200	8000	9000	62000	0	4900	4000	43000
0	0	0	0	0	0	0	0	0	0	0	0	0	0	0	0	0	0	0	0	24400	0	0	0	0	23300	0	14500	0	9800	0	24900	0	0	700	0	0	0	0	0	0	0	0	0	0	0	0	0	0	28300	0	2800	0	4300	0	0	0	0	4300	18600	0	0	10700	0	300	0	0	0	0	0	28300	0	0	0	9300
0	2900	12400	0	11400	0	4100	0	0	11400	0	14600	0	0	11500	0	100	8300	0	0	39000	0	0	0	900	37900	11800	29100	0	24400	0	39500	0	3600	15300	14400	0	0	0	0	8400	14300	2900	14600	14300	0	0	2900	0	42900	6400	17400	0	18900	7900	900	13900	13200	18900	33200	0	6500	25300	0	14900	0	11600	10100	0	0	42900	0	0	0	23900
0	18500	28000	1000	27000	0	19700	0	0	27000	0	30200	15600	0	27100	0	15700	23900	0	0	54600	8100	0	0	16500	53500	27400	44700	0	40000	0	55100	4700	19200	30900	30000	14000	0	8400	4700	24000	29900	18500	30200	29900	0	4700	18500	0	58500	22000	33000	0	34500	23500	16500	29500	28800	34500	48800	4500	22100	40900	4500	30500	0	27200	25700	4500	5500	58500	0	1400	500	39500
0	0	900	0	0	0	0	0	0	0	0	3100	0	0	0	0	0	0	0	0	27500	0	0	0	0	26400	300	17600	0	12900	0	28000	0	0	3800	2900	0	0	0	0	0	2800	0	3100	2800	0	0	0	0	31400	0	5900	0	7400	0	0	2400	1700	7400	21700	0	0	13800	0	3400	0	100	0	0	0	31400	0	0	0	12400
0	18500	28000	1000	27000	0	19700	0	0	27000	0	30200	15600	0	27100	0	15700	23900	0	0	54600	8100	0	0	16500	53500	27400	44700	0	40000	0	55100	4700	19200	30900	30000	14000	0	8400	4700	24000	29900	18500	30200	29900	0	4700	18500	0	58500	22000	33000	0	34500	23500	16500	29500	28800	34500	48800	4500	22100	40900	4500	30500	0	27200	25700	4500	5500	58500	0	1400	500	39500
0	2800	12300	0	11300	0	4000	0	0	11300	0	14500	0	0	11400	0	0	8200	0	0	38900	0	0	0	800	37800	11700	29000	0	24300	0	39400	0	3500	15200	14300	0	0	0	0	8300	14200	2800	14500	14200	0	0	2800	0	42800	6300	17300	0	18800	7800	800	13800	13100	18800	33100	0	6400	25200	0	14800	0	11500	10000	0	0	42800	0	0	0	23800
0	0	4100	0	3100	0	0	0	0	3100	0	6300	0	0	3200	0	0	0	0	0	30700	0	0	0	0	29600	3500	20800	0	16100	0	31200	0	0	7000	6100	0	0	0	0	100	6000	0	6300	6000	0	0	0	0	34600	0	9100	0	10600	0	0	5600	4900	10600	24900	0	0	17000	0	6600	0	3300	1800	0	0	34600	0	0	0	15600
800	28700	38200	11200	37200	8700	29900	0	3700	37200	6700	40400	25800	10200	37300	10200	25900	34100	0	0	64800	18300	3600	4300	26700	63700	37600	54900	0	50200	7000	65300	14900	29400	41100	40200	24200	0	18600	14900	34200	40100	28700	40400	40100	0	14900	28700	8200	68700	32200	43200	2100	44700	33700	26700	39700	39000	44700	59000	14700	32300	51100	14700	40700	8200	37400	35900	14700	15700	68700	0	11600	10700	49700
15300	43200	52700	25700	51700	23200	44400	11000	18200	51700	21200	54900	40300	24700	51800	24700	40400	48600	14500	0	79300	32800	18100	18800	41200	78200	52100	69400	11800	64700	21500	79800	29400	43900	55600	54700	38700	1000	33100	29400	48700	54600	43200	54900	54600	0	29400	43200	22700	83200	46700	57700	16600	59200	48200	41200	54200	53500	59200	73500	29200	46800	65600	29200	55200	22700	51900	50400	29200	30200	83200	13500	26100	25200	64200
0	0	0	0	0	0	0	0	0	0	0	0	0	0	0	0	0	0	0	0	0	0	0	0	0	0	0	0	0	0	0	500	0	0	0	0	0	0	0	0	0	0	0	0	0	0	0	0	0	3900	0	0	0	0	0	0	0	0	0	0	0	0	0	0	0	0	0	0	0	0	3900	0	0	0	0
0	10400	19900	0	18900	0	11600	0	0	18900	0	22100	7500	0	19000	0	7600	15800	0	0	46500	0	0	0	8400	45400	19300	36600	0	31900	0	47000	0	11100	22800	21900	5900	0	300	0	15900	21800	10400	22100	21800	0	0	10400	0	50400	13900	24900	0	26400	15400	8400	21400	20700	26400	40700	0	14000	32800	0	22400	0	19100	17600	0	0	50400	0	0	0	31400
0	25100	34600	7600	33600	5100	26300	0	100	33600	3100	36800	22200	6600	33700	6600	22300	30500	0	0	61200	14700	0	700	23100	60100	34000	51300	0	46600	3400	61700	11300	25800	37500	36600	20600	0	15000	11300	30600	36500	25100	36800	36500	0	11300	25100	4600	65100	28600	39600	0	41100	30100	23100	36100	35400	41100	55400	11100	28700	47500	11100	37100	4600	33800	32300	11100	12100	65100	0	8000	7100	46100
0	24400	33900	6900	32900	4400	25600	0	0	32900	2400	36100	21500	5900	33000	5900	21600	29800	0	0	60500	14000	0	0	22400	59400	33300	50600	0	45900	2700	61000	10600	25100	36800	35900	19900	0	14300	10600	29900	35800	24400	36100	35800	0	10600	24400	3900	64400	27900	38900	0	40400	29400	22400	35400	34700	40400	54700	10400	28000	46800	10400	36400	3900	33100	31600	10400	11400	64400	0	7300	6400	45400
0	2000	11500	0	10500	0	3200	0	0	10500	0	13700	0	0	10600	0	0	7400	0	0	38100	0	0	0	0	37000	10900	28200	0	23500	0	38600	0	2700	14400	13500	0	0	0	0	7500	13400	2000	13700	13400	0	0	2000	0	42000	5500	16500	0	18000	7000	0	13000	12300	18000	32300	0	5600	24400	0	14000	0	10700	9200	0	0	42000	0	0	0	23000
0	0	0	0	0	0	0	0	0	0	0	0	0	0	0	0	0	0	0	0	1100	0	0	0	0	0	0	0	0	0	0	1600	0	0	0	0	0	0	0	0	0	0	0	0	0	0	0	0	0	5000	0	0	0	0	0	0	0	0	0	0	0	0	0	0	0	0	0	0	0	0	5000	0	0	0	0
0	0	600	0	0	0	0	0	0	0	0	2800	0	0	0	0	0	0	0	0	27200	0	0	0	0	26100	0	17300	0	12600	0	27700	0	0	3500	2600	0	0	0	0	0	2500	0	2800	2500	0	0	0	0	31100	0	5600	0	7100	0	0	2100	1400	7100	21400	0	0	13500	0	3100	0	0	0	0	0	31100	0	0	0	12100
0	0	0	0	0	0	0	0	0	0	0	0	0	0	0	0	0	0	0	0	9900	0	0	0	0	8800	0	0	0	0	0	10400	0	0	0	0	0	0	0	0	0	0	0	0	0	0	0	0	0	13800	0	0	0	0	0	0	0	0	0	4100	0	0	0	0	0	0	0	0	0	0	13800	0	0	0	0
3500	31400	40900	13900	39900	11400	32600	0	6400	39900	9400	43100	28500	12900	40000	12900	28600	36800	2700	0	67500	21000	6300	7000	29400	66400	40300	57600	0	52900	9700	68000	17600	32100	43800	42900	26900	0	21300	17600	36900	42800	31400	43100	42800	0	17600	31400	10900	71400	34900	45900	4800	47400	36400	29400	42400	41700	47400	61700	17400	35000	53800	17400	43400	10900	40100	38600	17400	18400	71400	1700	14300	13400	52400
0	0	0	0	0	0	0	0	0	0	0	0	0	0	0	0	0	0	0	0	14600	0	0	0	0	13500	0	4700	0	0	0	15100	0	0	0	0	0	0	0	0	0	0	0	0	0	0	0	0	0	18500	0	0	0	0	0	0	0	0	0	8800	0	0	900	0	0	0	0	0	0	0	18500	0	0	0	0
0	21700	31200	4200	30200	1700	22900	0	0	30200	0	33400	18800	3200	30300	3200	18900	27100	0	0	57800	11300	0	0	19700	56700	30600	47900	0	43200	0	58300	7900	22400	34100	33200	17200	0	11600	7900	27200	33100	21700	33400	33100	0	7900	21700	1200	61700	25200	36200	0	37700	26700	19700	32700	32000	37700	52000	7700	25300	44100	7700	33700	1200	30400	28900	7700	8700	61700	0	4600	3700	42700
0	0	0	0	0	0	0	0	0	0	0	0	0	0	0	0	0	0	0	0	0	0	0	0	0	0	0	0	0	0	0	0	0	0	0	0	0	0	0	0	0	0	0	0	0	0	0	0	0	3400	0	0	0	0	0	0	0	0	0	0	0	0	0	0	0	0	0	0	0	0	3400	0	0	0	0
0	13800	23300	0	22300	0	15000	0	0	22300	0	25500	10900	0	22400	0	11000	19200	0	0	49900	3400	0	0	11800	48800	22700	40000	0	35300	0	50400	0	14500	26200	25300	9300	0	3700	0	19300	25200	13800	25500	25200	0	0	13800	0	53800	17300	28300	0	29800	18800	11800	24800	24100	29800	44100	0	17400	36200	0	25800	0	22500	21000	0	800	53800	0	0	0	34800
0	0	8800	0	7800	0	500	0	0	7800	0	11000	0	0	7900	0	0	4700	0	0	35400	0	0	0	0	34300	8200	25500	0	20800	0	35900	0	0	11700	10800	0	0	0	0	4800	10700	0	11000	10700	0	0	0	0	39300	2800	13800	0	15300	4300	0	10300	9600	15300	29600	0	2900	21700	0	11300	0	8000	6500	0	0	39300	0	0	0	20300
0	0	0	0	0	0	0	0	0	0	0	0	0	0	0	0	0	0	0	0	23700	0	0	0	0	22600	0	13800	0	9100	0	24200	0	0	0	0	0	0	0	0	0	0	0	0	0	0	0	0	0	27600	0	2100	0	3600	0	0	0	0	3600	17900	0	0	10000	0	0	0	0	0	0	0	27600	0	0	0	8600
0	0	0	0	0	0	0	0	0	0	0	200	0	0	0	0	0	0	0	0	24600	0	0	0	0	23500	0	14700	0	10000	0	25100	0	0	900	0	0	0	0	0	0	0	0	200	0	0	0	0	0	28500	0	3000	0	4500	0	0	0	0	4500	18800	0	0	10900	0	500	0	0	0	0	0	28500	0	0	0	9500
0	4500	14000	0	13000	0	5700	0	0	13000	0	16200	1600	0	13100	0	1700	9900	0	0	40600	0	0	0	2500	39500	13400	30700	0	26000	0	41100	0	5200	16900	16000	0	0	0	0	10000	15900	4500	16200	15900	0	0	4500	0	44500	8000	19000	0	20500	9500	2500	15500	14800	20500	34800	0	8100	26900	0	16500	0	13200	11700	0	0	44500	0	0	0	25500
14300	42200	51700	24700	50700	22200	43400	10000	17200	50700	20200	53900	39300	23700	50800	23700	39400	47600	13500	0	78300	31800	17100	17800	40200	77200	51100	68400	10800	63700	20500	78800	28400	42900	54600	53700	37700	0	32100	28400	47700	53600	42200	53900	53600	0	28400	42200	21700	82200	45700	56700	15600	58200	47200	40200	53200	52500	58200	72500	28200	45800	64600	28200	54200	21700	50900	49400	28200	29200	82200	12500	25100	24200	63200
0	10100	19600	0	18600	0	11300	0	0	18600	0	21800	7200	0	18700	0	7300	15500	0	0	46200	0	0	0	8100	45100	19000	36300	0	31600	0	46700	0	10800	22500	21600	5600	0	0	0	15600	21500	10100	21800	21500	0	0	10100	0	50100	13600	24600	0	26100	15100	8100	21100	20400	26100	40400	0	13700	32500	0	22100	0	18800	17300	0	0	50100	0	0	0	31100
0	13800	23300	0	22300	0	15000	0	0	22300	0	25500	10900	0	22400	0	11000	19200	0	0	49900	3400	0	0	11800	48800	22700	40000	0	35300	0	50400	0	14500	26200	25300	9300	0	3700	0	19300	25200	13800	25500	25200	0	0	13800	0	53800	17300	28300	0	29800	18800	11800	24800	24100	29800	44100	0	17400	36200	0	25800	0	22500	21000	0	800	53800	0	0	0	34800
0	0	4000	0	3000	0	0	0	0	3000	0	6200	0	0	3100	0	0	0	0	0	30600	0	0	0	0	29500	3400	20700	0	16000	0	31100	0	0	6900	6000	0	0	0	0	0	5900	0	6200	5900	0	0	0	0	34500	0	9000	0	10500	0	0	5500	4800	10500	24800	0	0	16900	0	6500	0	3200	1700	0	0	34500	0	0	0	15500
0	0	0	0	0	0	0	0	0	0	0	300	0	0	0	0	0	0	0	0	24700	0	0	0	0	23600	0	14800	0	10100	0	25200	0	0	1000	100	0	0	0	0	0	0	0	300	0	0	0	0	0	28600	0	3100	0	4600	0	0	0	0	4600	18900	0	0	11000	0	600	0	0	0	0	0	28600	0	0	0	9600
0	0	9500	0	8500	0	1200	0	0	8500	0	11700	0	0	8600	0	0	5400	0	0	36100	0	0	0	0	35000	8900	26200	0	21500	0	36600	0	700	12400	11500	0	0	0	0	5500	11400	0	11700	11400	0	0	0	0	40000	3500	14500	0	16000	5000	0	11000	10300	16000	30300	0	3600	22400	0	12000	0	8700	7200	0	0	40000	0	0	0	21000
0	0	0	0	0	0	0	0	0	0	0	0	0	0	0	0	0	0	0	0	24400	0	0	0	0	23300	0	14500	0	9800	0	24900	0	0	700	0	0	0	0	0	0	0	0	0	0	0	0	0	0	28300	0	2800	0	4300	0	0	0	0	4300	18600	0	0	10700	0	300	0	0	0	0	0	28300	0	0	0	9300
0	0	0	0	0	0	0	0	0	0	0	300	0	0	0	0	0	0	0	0	24700	0	0	0	0	23600	0	14800	0	10100	0	25200	0	0	1000	100	0	0	0	0	0	0	0	300	0	0	0	0	0	28600	0	3100	0	4600	0	0	0	0	4600	18900	0	0	11000	0	600	0	0	0	0	0	28600	0	0	0	9600
17500	45400	54900	27900	53900	25400	46600	13200	20400	53900	23400	57100	42500	26900	54000	26900	42600	50800	16700	2200	81500	35000	20300	21000	43400	80400	54300	71600	14000	66900	23700	82000	31600	46100	57800	56900	40900	3200	35300	31600	50900	56800	45400	57100	56800	0	31600	45400	24900	85400	48900	59900	18800	61400	50400	43400	56400	55700	61400	75700	31400	49000	67800	31400	57400	24900	54100	52600	31400	32400	85400	15700	28300	27400	66400
0	13800	23300	0	22300	0	15000	0	0	22300	0	25500	10900	0	22400	0	11000	19200	0	0	49900	3400	0	0	11800	48800	22700	40000	0	35300	0	50400	0	14500	26200	25300	9300	0	3700	0	19300	25200	13800	25500	25200	0	0	13800	0	53800	17300	28300	0	29800	18800	11800	24800	24100	29800	44100	0	17400	36200	0	25800	0	22500	21000	0	800	53800	0	0	0	34800
0	0	9500	0	8500	0	1200	0	0	8500	0	11700	0	0	8600	0	0	5400	0	0	36100	0	0	0	0	35000	8900	26200	0	21500	0	36600	0	700	12400	11500	0	0	0	0	5500	11400	0	11700	11400	0	0	0	0	40000	3500	14500	0	16000	5000	0	11000	10300	16000	30300	0	3600	22400	0	12000	0	8700	7200	0	0	40000	0	0	0	21000
0	20500	30000	3000	29000	500	21700	0	0	29000	0	32200	17600	2000	29100	2000	17700	25900	0	0	56600	10100	0	0	18500	55500	29400	46700	0	42000	0	57100	6700	21200	32900	32000	16000	0	10400	6700	26000	31900	20500	32200	31900	0	6700	20500	0	60500	24000	35000	0	36500	25500	18500	31500	30800	36500	50800	6500	24100	42900	6500	32500	0	29200	27700	6500	7500	60500	0	3400	2500	41500
0	0	0	0	0	0	0	0	0	0	0	0	0	0	0	0	0	0	0	0	0	0	0	0	0	0	0	0	0	0	0	0	0	0	0	0	0	0	0	0	0	0	0	0	0	0	0	0	0	0	0	0	0	0	0	0	0	0	0	0	0	0	0	0	0	0	0	0	0	0	0	0	0	0	0
0	0	6000	0	5000	0	0	0	0	5000	0	8200	0	0	5100	0	0	1900	0	0	32600	0	0	0	0	31500	5400	22700	0	18000	0	33100	0	0	8900	8000	0	0	0	0	2000	7900	0	8200	7900	0	0	0	0	36500	0	11000	0	12500	1500	0	7500	6800	12500	26800	0	100	18900	0	8500	0	5200	3700	0	0	36500	0	0	0	17500
0	0	0	0	0	0	0	0	0	0	0	0	0	0	0	0	0	0	0	0	21600	0	0	0	0	20500	0	11700	0	7000	0	22100	0	0	0	0	0	0	0	0	0	0	0	0	0	0	0	0	0	25500	0	0	0	1500	0	0	0	0	1500	15800	0	0	7900	0	0	0	0	0	0	0	25500	0	0	0	6500
0	26600	36100	9100	35100	6600	27800	0	1600	35100	4600	38300	23700	8100	35200	8100	23800	32000	0	0	62700	16200	1500	2200	24600	61600	35500	52800	0	48100	4900	63200	12800	27300	39000	38100	22100	0	16500	12800	32100	38000	26600	38300	38000	0	12800	26600	6100	66600	30100	41100	0	42600	31600	24600	37600	36900	42600	56900	12600	30200	49000	12600	38600	6100	35300	33800	12600	13600	66600	0	9500	8600	47600
0	0	0	0	0	0	0	0	0	0	0	0	0	0	0	0	0	0	0	0	20100	0	0	0	0	19000	0	10200	0	5500	0	20600	0	0	0	0	0	0	0	0	0	0	0	0	0	0	0	0	0	24000	0	0	0	0	0	0	0	0	0	14300	0	0	6400	0	0	0	0	0	0	0	24000	0	0	0	5000
0	0	4500	0	3500	0	0	0	0	3500	0	6700	0	0	3600	0	0	400	0	0	31100	0	0	0	0	30000	3900	21200	0	16500	0	31600	0	0	7400	6500	0	0	0	0	500	6400	0	6700	6400	0	0	0	0	35000	0	9500	0	11000	0	0	6000	5300	11000	25300	0	0	17400	0	7000	0	3700	2200	0	0	35000	0	0	0	16000
0	2000	11500	0	10500	0	3200	0	0	10500	0	13700	0	0	10600	0	0	7400	0	0	38100	0	0	0	0	37000	10900	28200	0	23500	0	38600	0	2700	14400	13500	0	0	0	0	7500	13400	2000	13700	13400	0	0	2000	0	42000	5500	16500	0	18000	7000	0	13000	12300	18000	32300	0	5600	24400	0	14000	0	10700	9200	0	0	42000	0	0	0	23000
0	0	0	0	0	0	0	0	0	0	0	700	0	0	0	0	0	0	0	0	25100	0	0	0	0	24000	0	15200	0	10500	0	25600	0	0	1400	500	0	0	0	0	0	400	0	700	400	0	0	0	0	29000	0	3500	0	5000	0	0	0	0	5000	19300	0	0	11400	0	1000	0	0	0	0	0	29000	0	0	0	10000
0	0	0	0	0	0	0	0	0	0	0	1400	0	0	0	0	0	0	0	0	25800	0	0	0	0	24700	0	15900	0	11200	0	26300	0	0	2100	1200	0	0	0	0	0	1100	0	1400	1100	0	0	0	0	29700	0	4200	0	5700	0	0	700	0	5700	20000	0	0	12100	0	1700	0	0	0	0	0	29700	0	0	0	10700
0	0	0	0	0	0	0	0	0	0	0	0	0	0	0	0	0	0	0	0	20100	0	0	0	0	19000	0	10200	0	5500	0	20600	0	0	0	0	0	0	0	0	0	0	0	0	0	0	0	0	0	24000	0	0	0	0	0	0	0	0	0	14300	0	0	6400	0	0	0	0	0	0	0	24000	0	0	0	5000
0	0	0	0	0	0	0	0	0	0	0	0	0	0	0	0	0	0	0	0	5800	0	0	0	0	4700	0	0	0	0	0	6300	0	0	0	0	0	0	0	0	0	0	0	0	0	0	0	0	0	9700	0	0	0	0	0	0	0	0	0	0	0	0	0	0	0	0	0	0	0	0	9700	0	0	0	0
0	14000	23500	0	22500	0	15200	0	0	22500	0	25700	11100	0	22600	0	11200	19400	0	0	50100	3600	0	0	12000	49000	22900	40200	0	35500	0	50600	200	14700	26400	25500	9500	0	3900	200	19500	25400	14000	25700	25400	0	200	14000	0	54000	17500	28500	0	30000	19000	12000	25000	24300	30000	44300	0	17600	36400	0	26000	0	22700	21200	0	1000	54000	0	0	0	35000
0	0	5900	0	4900	0	0	0	0	4900	0	8100	0	0	5000	0	0	1800	0	0	32500	0	0	0	0	31400	5300	22600	0	17900	0	33000	0	0	8800	7900	0	0	0	0	1900	7800	0	8100	7800	0	0	0	0	36400	0	10900	0	12400	1400	0	7400	6700	12400	26700	0	0	18800	0	8400	0	5100	3600	0	0	36400	0	0	0	17400
0	0	0	0	0	0	0	0	0	0	0	0	0	0	0	0	0	0	0	0	13700	0	0	0	0	12600	0	3800	0	0	0	14200	0	0	0	0	0	0	0	0	0	0	0	0	0	0	0	0	0	17600	0	0	0	0	0	0	0	0	0	7900	0	0	0	0	0	0	0	0	0	0	17600	0	0	0	0
0	14000	23500	0	22500	0	15200	0	0	22500	0	25700	11100	0	22600	0	11200	19400	0	0	50100	3600	0	0	12000	49000	22900	40200	0	35500	0	50600	200	14700	26400	25500	9500	0	3900	200	19500	25400	14000	25700	25400	0	200	14000	0	54000	17500	28500	0	30000	19000	12000	25000	24300	30000	44300	0	17600	36400	0	26000	0	22700	21200	0	1000	54000	0	0	0	35000
0	0	0	0	0	0	0	0	0	0	0	0	0	0	0	0	0	0	0	0	24100	0	0	0	0	23000	0	14200	0	9500	0	24600	0	0	400	0	0	0	0	0	0	0	0	0	0	0	0	0	0	28000	0	2500	0	4000	0	0	0	0	4000	18300	0	0	10400	0	0	0	0	0	0	0	28000	0	0	0	9000
0	20500	30000	3000	29000	500	21700	0	0	29000	0	32200	17600	2000	29100	2000	17700	25900	0	0	56600	10100	0	0	18500	55500	29400	46700	0	42000	0	57100	6700	21200	32900	32000	16000	0	10400	6700	26000	31900	20500	32200	31900	0	6700	20500	0	60500	24000	35000	0	36500	25500	18500	31500	30800	36500	50800	6500	24100	42900	6500	32500	0	29200	27700	6500	7500	60500	0	3400	2500	41500
0	0	800	0	0	0	0	0	0	0	0	3000	0	0	0	0	0	0	0	0	27400	0	0	0	0	26300	200	17500	0	12800	0	27900	0	0	3700	2800	0	0	0	0	0	2700	0	3000	2700	0	0	0	0	31300	0	5800	0	7300	0	0	2300	1600	7300	21600	0	0	13700	0	3300	0	0	0	0	0	31300	0	0	0	12300
0	0	2300	0	1300	0	0	0	0	1300	0	4500	0	0	1400	0	0	0	0	0	28900	0	0	0	0	27800	1700	19000	0	14300	0	29400	0	0	5200	4300	0	0	0	0	0	4200	0	4500	4200	0	0	0	0	32800	0	7300	0	8800	0	0	3800	3100	8800	23100	0	0	15200	0	4800	0	1500	0	0	0	32800	0	0	0	13800
0	14000	23500	0	22500	0	15200	0	0	22500	0	25700	11100	0	22600	0	11200	19400	0	0	50100	3600	0	0	12000	49000	22900	40200	0	35500	0	50600	200	14700	26400	25500	9500	0	3900	200	19500	25400	14000	25700	25400	0	200	14000	0	54000	17500	28500	0	30000	19000	12000	25000	24300	30000	44300	0	17600	36400	0	26000	0	22700	21200	0	1000	54000	0	0	0	35000
0	13000	22500	0	21500	0	14200	0	0	21500	0	24700	10100	0	21600	0	10200	18400	0	0	49100	2600	0	0	11000	48000	21900	39200	0	34500	0	49600	0	13700	25400	24500	8500	0	2900	0	18500	24400	13000	24700	24400	0	0	13000	0	53000	16500	27500	0	29000	18000	11000	24000	23300	29000	43300	0	16600	35400	0	25000	0	21700	20200	0	0	53000	0	0	0	34000
0	0	0	0	0	0	0	0	0	0	0	0	0	0	0	0	0	0	0	0	0	0	0	0	0	0	0	0	0	0	0	0	0	0	0	0	0	0	0	0	0	0	0	0	0	0	0	0	0	0	0	0	0	0	0	0	0	0	0	0	0	0	0	0	0	0	0	0	0	0	0	0	0	0	0
1800	29700	39200	12200	38200	9700	30900	0	4700	38200	7700	41400	26800	11200	38300	11200	26900	35100	1000	0	65800	19300	4600	5300	27700	64700	38600	55900	0	51200	8000	66300	15900	30400	42100	41200	25200	0	19600	15900	35200	41100	29700	41400	41100	0	15900	29700	9200	69700	33200	44200	3100	45700	34700	27700	40700	40000	45700	60000	15700	33300	52100	15700	41700	9200	38400	36900	15700	16700	69700	0	12600	11700	50700
0	17100	26600	0	25600	0	18300	0	0	25600	0	28800	14200	0	25700	0	14300	22500	0	0	53200	6700	0	0	15100	52100	26000	43300	0	38600	0	53700	3300	17800	29500	28600	12600	0	7000	3300	22600	28500	17100	28800	28500	0	3300	17100	0	57100	20600	31600	0	33100	22100	15100	28100	27400	33100	47400	3100	20700	39500	3100	29100	0	25800	24300	3100	4100	57100	0	0	0	38100
0	18000	27500	500	26500	0	19200	0	0	26500	0	29700	15100	0	26600	0	15200	23400	0	0	54100	7600	0	0	16000	53000	26900	44200	0	39500	0	54600	4200	18700	30400	29500	13500	0	7900	4200	23500	29400	18000	29700	29400	0	4200	18000	0	58000	21500	32500	0	34000	23000	16000	29000	28300	34000	48300	4000	21600	40400	4000	30000	0	26700	25200	4000	5000	58000	0	900	0	39000
0	0	0	0	0	0	0	0	0	0	0	0	0	0	0	0	0	0	0	0	15100	0	0	0	0	14000	0	5200	0	500	0	15600	0	0	0	0	0	0	0	0	0	0	0	0	0	0	0	0	0	19000	0	0	0	0	0	0	0	0	0	9300	0	0	1400	0	0	0	0	0	0	0	19000	0	0	0	0

0	0	0	0	0	0	0	4300	0	0	0	0	0	0	0	0	0	0	800	15300	0	0	0	0	0	0	0	0	3500	0	0	0	0	0	0	0	0	14300	0	0	0	0	0	0	0	17500	0	0	0	0	0	0	0	0	0	0	0	0	0	0	0	0	0	0	0	0	0	0	0	0	0	1800	0	0	0
27900	0	0	17500	0	20000	0	32200	25000	0	22000	0	2900	18500	0	18500	2800	0	28700	43200	0	10400	25100	24400	2000	0	0	0	31400	0	21700	0	13800	0	0	0	4500	42200	10100	13800	0	0	0	0	0	45400	13800	0	20500	0	0	0	26600	0	0	2000	0	0	0	0	14000	0	0	14000	0	20500	0	0	14000	13000	0	29700	17100	18000	0
37400	9500	0	27000	1000	29500	8300	41700	34500	1000	31500	0	12400	28000	900	28000	12300	4100	38200	52700	0	19900	34600	33900	11500	0	600	0	40900	0	31200	0	23300	8800	0	0	14000	51700	19600	23300	4000	0	9500	0	0	54900	23300	9500	30000	0	6000	0	36100	0	4500	11500	0	0	0	0	23500	5900	0	23500	0	30000	800	2300	23500	22500	0	39200	26600	27500	0
10400	0	0	0	0	2500	0	14700	7500	0	4500	0	0	1000	0	1000	0	0	11200	25700	0	0	7600	6900	0	0	0	0	13900	0	4200	0	0	0	0	0	0	24700	0	0	0	0	0	0	0	27900	0	0	3000	0	0	0	9100	0	0	0	0	0	0	0	0	0	0	0	0	3000	0	0	0	0	0	12200	0	500	0
36400	8500	0	26000	0	28500	7300	40700	33500	0	30500	0	11400	27000	0	27000	11300	3100	37200	51700	0	18900	33600	32900	10500	0	0	0	39900	0	30200	0	22300	7800	0	0	13000	50700	18600	22300	3000	0	8500	0	0	53900	22300	8500	29000	0	5000	0	35100	0	3500	10500	0	0	0	0	22500	4900	0	22500	0	29000	0	1300	22500	21500	0	38200	25600	26500	0
7900	0	0	0	0	0	0	12200	5000	0	2000	0	0	0	0	0	0	0	8700	23200	0	0	5100	4400	0	0	0	0	11400	0	1700	0	0	0	0	0	0	22200	0	0	0	0	0	0	0	25400	0	0	500	0	0	0	6600	0	0	0	0	0	0	0	0	0	0	0	0	500	0	0	0	0	0	9700	0	0	0
29100	1200	0	18700	0	21200	0	33400	26200	0	23200	0	4100	19700	0	19700	4000	0	29900	44400	0	11600	26300	25600	3200	0	0	0	32600	0	22900	0	15000	500	0	0	5700	43400	11300	15000	0	0	1200	0	0	46600	15000	1200	21700	0	0	0	27800	0	0	3200	0	0	0	0	15200	0	0	15200	0	21700	0	0	15200	14200	0	30900	18300	19200	0
0	0	0	0	0	0	0	0	0	0	0	0	0	0	0	0	0	0	0	11000	0	0	0	0	0	0	0	0	0	0	0	0	0	0	0	0	0	10000	0	0	0	0	0	0	0	13200	0	0	0	0	0	0	0	0	0	0	0	0	0	0	0	0	0	0	0	0	0	0	0	0	0	0	0	0	0
2900	0	0	0	0	0	0	7200	0	0	0	0	0	0	0	0	0	0	3700	18200	0	0	100	0	0	0	0	0	6400	0	0	0	0	0	0	0	0	17200	0	0	0	0	0	0	0	20400	0	0	0	0	0	0	1600	0	0	0	0	0	0	0	0	0	0	0	0	0	0	0	0	0	0	4700	0	0	0
36400	8500	0	26000	0	28500	7300	40700	33500	0	30500	0	11400	27000	0	27000	11300	3100	37200	51700	0	18900	33600	32900	10500	0	0	0	39900	0	30200	0	22300	7800	0	0	13000	50700	18600	22300	3000	0	8500	0	0	53900	22300	8500	29000	0	5000	0	35100	0	3500	10500	0	0	0	0	22500	4900	0	22500	0	29000	0	1300	22500	21500	0	38200	25600	26500	0
5900	0	0	0	0	0	0	10200	3000	0	0	0	0	0	0	0	0	0	6700	21200	0	0	3100	2400	0	0	0	0	9400	0	0	0	0	0	0	0	0	20200	0	0	0	0	0	0	0	23400	0	0	0	0	0	0	4600	0	0	0	0	0	0	0	0	0	0	0	0	0	0	0	0	0	0	7700	0	0	0
39600	11700	2200	29200	3200	31700	10500	43900	36700	3200	33700	0	14600	30200	3100	30200	14500	6300	40400	54900	0	22100	36800	36100	13700	0	2800	0	43100	0	33400	0	25500	11000	0	200	16200	53900	21800	25500	6200	300	11700	0	300	57100	25500	11700	32200	0	8200	0	38300	0	6700	13700	700	1400	0	0	25700	8100	0	25700	0	32200	3000	4500	25700	24700	0	41400	28800	29700	0
25000	0	0	14600	0	17100	0	29300	22100	0	19100	0	0	15600	0	15600	0	0	25800	40300	0	7500	22200	21500	0	0	0	0	28500	0	18800	0	10900	0	0	0	1600	39300	7200	10900	0	0	0	0	0	42500	10900	0	17600	0	0	0	23700	0	0	0	0	0	0	0	11100	0	0	11100	0	17600	0	0	11100	10100	0	26800	14200	15100	0
9400	0	0	0	0	1500	0	13700	6500	0	3500	0	0	0	0	0	0	0	10200	24700	0	0	6600	5900	0	0	0	0	12900	0	3200	0	0	0	0	0	0	23700	0	0	0	0	0	0	0	26900	0	0	2000	0	0	0	8100	0	0	0	0	0	0	0	0	0	0	0	0	2000	0	0	0	0	0	11200	0	0	0
36500	8600	0	26100	100	28600	7400	40800	33600	100	30600	0	11500	27100	0	27100	11400	3200	37300	51800	0	19000	33700	33000	10600	0	0	0	40000	0	30300	0	22400	7900	0	0	13100	50800	18700	22400	3100	0	8600	0	0	54000	22400	8600	29100	0	5100	0	35200	0	3600	10600	0	0	0	0	22600	5000	0	22600	0	29100	0	1400	22600	21600	0	38300	25700	26600	0
9400	0	0	0	0	1500	0	13700	6500	0	3500	0	0	0	0	0	0	0	10200	24700	0	0	6600	5900	0	0	0	0	12900	0	3200	0	0	0	0	0	0	23700	0	0	0	0	0	0	0	26900	0	0	2000	0	0	0	8100	0	0	0	0	0	0	0	0	0	0	0	0	2000	0	0	0	0	0	11200	0	0	0
25100	0	0	14700	0	17200	0	29400	22200	0	19200	0	100	15700	0	15700	0	0	25900	40400	0	7600	22300	21600	0	0	0	0	28600	0	18900	0	11000	0	0	0	1700	39400	7300	11000	0	0	0	0	0	42600	11000	0	17700	0	0	0	23800	0	0	0	0	0	0	0	11200	0	0	11200	0	17700	0	0	11200	10200	0	26900	14300	15200	0
33300	5400	0	22900	0	25400	4200	37600	30400	0	27400	0	8300	23900	0	23900	8200	0	34100	48600	0	15800	30500	29800	7400	0	0	0	36800	0	27100	0	19200	4700	0	0	9900	47600	15500	19200	0	0	5400	0	0	50800	19200	5400	25900	0	1900	0	32000	0	400	7400	0	0	0	0	19400	1800	0	19400	0	25900	0	0	19400	18400	0	35100	22500	23400	0
0	0	0	0	0	0	0	3500	0	0	0	0	0	0	0	0	0	0	0	14500	0	0	0	0	0	0	0	0	2700	0	0	0	0	0	0	0	0	13500	0	0	0	0	0	0	0	16700	0	0	0	0	0	0	0	0	0	0	0	0	0	0	0	0	0	0	0	0	0	0	0	0	0	1000	0	0	0
0	0	0	0	0	0	0	0	0	0	0	0	0	0	0	0	0	0	0	0	0	0	0	0	0	0	0	0	0	0	0	0	0	0	0	0	0	0	0	0	0	0	0	0	0	2200	0	0	0	0	0	0	0	0	0	0	0	0	0	0	0	0	0	0	0	0	0	0	0	0	0	0	0	0	0
64000	36100	26600	53600	27600	56100	34900	68300	61100	27600	58100	24400	39000	54600	27500	54600	38900	30700	64800	79300	0	46500	61200	60500	38100	1100	27200	9900	67500	14600	57800	0	49900	35400	23700	24600	40600	78300	46200	49900	30600	24700	36100	24400	24700	81500	49900	36100	56600	0	32600	21600	62700	20100	31100	38100	25100	25800	20100	5800	50100	32500	13700	50100	24100	56600	27400	28900	50100	49100	0	65800	53200	54100	15100
17500	0	0	7100	0	9600	0	21800	14600	0	11600	0	0	8100	0	8100	0	0	18300	32800	0	0	14700	14000	0	0	0	0	21000	0	11300	0	3400	0	0	0	0	31800	0	3400	0	0	0	0	0	35000	3400	0	10100	0	0	0	16200	0	0	0	0	0	0	0	3600	0	0	3600	0	10100	0	0	3600	2600	0	19300	6700	7600	0
2800	0	0	0	0	0	0	7100	0	0	0	0	0	0	0	0	0	0	3600	18100	0	0	0	0	0	0	0	0	6300	0	0	0	0	0	0	0	0	17100	0	0	0	0	0	0	0	20300	0	0	0	0	0	0	1500	0	0	0	0	0	0	0	0	0	0	0	0	0	0	0	0	0	0	4600	0	0	0
3500	0	0	0	0	0	0	7800	600	0	0	0	0	0	0	0	0	0	4300	18800	0	0	700	0	0	0	0	0	7000	0	0	0	0	0	0	0	0	17800	0	0	0	0	0	0	0	21000	0	0	0	0	0	0	2200	0	0	0	0	0	0	0	0	0	0	0	0	0	0	0	0	0	0	5300	0	0	0
25900	0	0	15500	0	18000	0	30200	23000	0	20000	0	900	16500	0	16500	800	0	26700	41200	0	8400	23100	22400	0	0	0	0	29400	0	19700	0	11800	0	0	0	2500	40200	8100	11800	0	0	0	0	0	43400	11800	0	18500	0	0	0	24600	0	0	0	0	0	0	0	12000	0	0	12000	0	18500	0	0	12000	11000	0	27700	15100	16000	0
62900	35000	25500	52500	26500	55000	33800	67200	60000	26500	57000	23300	37900	53500	26400	53500	37800	29600	63700	78200	0	45400	60100	59400	37000	0	26100	8800	66400	13500	56700	0	48800	34300	22600	23500	39500	77200	45100	48800	29500	23600	35000	23300	23600	80400	48800	35000	55500	0	31500	20500	61600	19000	30000	37000	24000	24700	19000	4700	49000	31400	12600	49000	23000	55500	26300	27800	49000	48000	0	64700	52100	53000	14000
36800	8900	0	26400	400	28900	7700	41100	33900	400	30900	0	11800	27400	300	27400	11700	3500	37600	52100	0	19300	34000	33300	10900	0	0	0	40300	0	30600	0	22700	8200	0	0	13400	51100	19000	22700	3400	0	8900	0	0	54300	22700	8900	29400	0	5400	0	35500	0	3900	10900	0	0	0	0	22900	5300	0	22900	0	29400	200	1700	22900	21900	0	38600	26000	26900	0
54100	26200	16700	43700	17700	46200	25000	58400	51200	17700	48200	14500	29100	44700	17600	44700	29000	20800	54900	69400	0	36600	51300	50600	28200	0	17300	0	57600	4700	47900	0	40000	25500	13800	14700	30700	68400	36300	40000	20700	14800	26200	14500	14800	71600	40000	26200	46700	0	22700	11700	52800	10200	21200	28200	15200	15900	10200	0	40200	22600	3800	40200	14200	46700	17500	19000	40200	39200	0	55900	43300	44200	5200
0	0	0	0	0	0	0	800	0	0	0	0	0	0	0	0	0	0	0	11800	0	0	0	0	0	0	0	0	0	0	0	0	0	0	0	0	0	10800	0	0	0	0	0	0	0	14000	0	0	0	0	0	0	0	0	0	0	0	0	0	0	0	0	0	0	0	0	0	0	0	0	0	0	0	0	0
49400	21500	12000	39000	13000	41500	20300	53700	46500	13000	43500	9800	24400	40000	12900	40000	24300	16100	50200	64700	0	31900	46600	45900	23500	0	12600	0	52900	0	43200	0	35300	20800	9100	10000	26000	63700	31600	35300	16000	10100	21500	9800	10100	66900	35300	21500	42000	0	18000	7000	48100	5500	16500	23500	10500	11200	5500	0	35500	17900	0	35500	9500	42000	12800	14300	35500	34500	0	51200	38600	39500	500
6200	0	0	0	0	0	0	10500	3300	0	300	0	0	0	0	0	0	0	7000	21500	0	0	3400	2700	0	0	0	0	9700	0	0	0	0	0	0	0	0	20500	0	0	0	0	0	0	0	23700	0	0	0	0	0	0	4900	0	0	0	0	0	0	0	0	0	0	0	0	0	0	0	0	0	0	8000	0	0	0
64500	36600	27100	54100	28100	56600	35400	68800	61600	28100	58600	24900	39500	55100	28000	55100	39400	31200	65300	79800	500	47000	61700	61000	38600	1600	27700	10400	68000	15100	58300	0	50400	35900	24200	25100	41100	78800	46700	50400	31100	25200	36600	24900	25200	82000	50400	36600	57100	0	33100	22100	63200	20600	31600	38600	25600	26300	20600	6300	50600	33000	14200	50600	24600	57100	27900	29400	50600	49600	0	66300	53700	54600	15600
14100	0	0	3700	0	6200	0	18400	11200	0	8200	0	0	4700	0	4700	0	0	14900	29400	0	0	11300	10600	0	0	0	0	17600	0	7900	0	0	0	0	0	0	28400	0	0	0	0	0	0	0	31600	0	0	6700	0	0	0	12800	0	0	0	0	0	0	0	200	0	0	200	0	6700	0	0	200	0	0	15900	3300	4200	0
28600	700	0	18200	0	20700	0	32900	25700	0	22700	0	3600	19200	0	19200	3500	0	29400	43900	0	11100	25800	25100	2700	0	0	0	32100	0	22400	0	14500	0	0	0	5200	42900	10800	14500	0	0	700	0	0	46100	14500	700	21200	0	0	0	27300	0	0	2700	0	0	0	0	14700	0	0	14700	0	21200	0	0	14700	13700	0	30400	17800	18700	0
40300	12400	2900	29900	3900	32400	11200	44600	37400	3900	34400	700	15300	30900	3800	30900	15200	7000	41100	55600	0	22800	37500	36800	14400	0	3500	0	43800	0	34100	0	26200	11700	0	900	16900	54600	22500	26200	6900	1000	12400	700	1000	57800	26200	12400	32900	0	8900	0	39000	0	7400	14400	1400	2100	0	0	26400	8800	0	26400	400	32900	3700	5200	26400	25400	0	42100	29500	30400	0
39400	11500	2000	29000	3000	31500	10300	43700	36500	3000	33500	0	14400	30000	2900	30000	14300	6100	40200	54700	0	21900	36600	35900	13500	0	2600	0	42900	0	33200	0	25300	10800	0	0	16000	53700	21600	25300	6000	100	11500	0	100	56900	25300	11500	32000	0	8000	0	38100	0	6500	13500	500	1200	0	0	25500	7900	0	25500	0	32000	2800	4300	25500	24500	0	41200	28600	29500	0
23400	0	0	13000	0	15500	0	27700	20500	0	17500	0	0	14000	0	14000	0	0	24200	38700	0	5900	20600	19900	0	0	0	0	26900	0	17200	0	9300	0	0	0	0	37700	5600	9300	0	0	0	0	0	40900	9300	0	16000	0	0	0	22100	0	0	0	0	0	0	0	9500	0	0	9500	0	16000	0	0	9500	8500	0	25200	12600	13500	0
0	0	0	0	0	0	0	0	0	0	0	0	0	0	0	0	0	0	0	1000	0	0	0	0	0	0	0	0	0	0	0	0	0	0	0	0	0	0	0	0	0	0	0	0	0	3200	0	0	0	0	0	0	0	0	0	0	0	0	0	0	0	0	0	0	0	0	0	0	0	0	0	0	0	0	0
17800	0	0	7400	0	9900	0	22100	14900	0	11900	0	0	8400	0	8400	0	0	18600	33100	0	300	15000	14300	0	0	0	0	21300	0	11600	0	3700	0	0	0	0	32100	0	3700	0	0	0	0	0	35300	3700	0	10400	0	0	0	16500	0	0	0	0	0	0	0	3900	0	0	3900	0	10400	0	0	3900	2900	0	19600	7000	7900	0
14100	0	0	3700	0	6200	0	18400	11200	0	8200	0	0	4700	0	4700	0	0	14900	29400	0	0	11300	10600	0	0	0	0	17600	0	7900	0	0	0	0	0	0	28400	0	0	0	0	0	0	0	31600	0	0	6700	0	0	0	12800	0	0	0	0	0	0	0	200	0	0	200	0	6700	0	0	200	0	0	15900	3300	4200	0
33400	5500	0	23000	0	25500	4300	37700	30500	0	27500	0	8400	24000	0	24000	8300	100	34200	48700	0	15900	30600	29900	7500	0	0	0	36900	0	27200	0	19300	4800	0	0	10000	47700	15600	19300	0	0	5500	0	0	50900	19300	5500	26000	0	2000	0	32100	0	500	7500	0	0	0	0	19500	1900	0	19500	0	26000	0	0	19500	18500	0	35200	22600	23500	0
39300	11400	1900	28900	2900	31400	10200	43600	36400	2900	33400	0	14300	29900	2800	29900	14200	6000	40100	54600	0	21800	36500	35800	13400	0	2500	0	42800	0	33100	0	25200	10700	0	0	15900	53600	21500	25200	5900	0	11400	0	0	56800	25200	11400	31900	0	7900	0	38000	0	6400	13400	400	1100	0	0	25400	7800	0	25400	0	31900	2700	4200	25400	24400	0	41100	28500	29400	0
27900	0	0	17500	0	20000	0	32200	25000	0	22000	0	2900	18500	0	18500	2800	0	28700	43200	0	10400	25100	24400	2000	0	0	0	31400	0	21700	0	13800	0	0	0	4500	42200	10100	13800	0	0	0	0	0	45400	13800	0	20500	0	0	0	26600	0	0	2000	0	0	0	0	14000	0	0	14000	0	20500	0	0	14000	13000	0	29700	17100	18000	0
39600	11700	2200	29200	3200	31700	10500	43900	36700	3200	33700	0	14600	30200	3100	30200	14500	6300	40400	54900	0	22100	36800	36100	13700	0	2800	0	43100	0	33400	0	25500	11000	0	200	16200	53900	21800	25500	6200	300	11700	0	300	57100	25500	11700	32200	0	8200	0	38300	0	6700	13700	700	1400	0	0	25700	8100	0	25700	0	32200	3000	4500	25700	24700	0	41400	28800	29700	0
39300	11400	1900	28900	2900	31400	10200	43600	36400	2900	33400	0	14300	29900	2800	29900	14200	6000	40100	54600	0	21800	36500	35800	13400	0	2500	0	42800	0	33100	0	25200	10700	0	0	15900	53600	21500	25200	5900	0	11400	0	0	56800	25200	11400	31900	0	7900	0	38000	0	6400	13400	400	1100	0	0	25400	7800	0	25400	0	31900	2700	4200	25400	24400	0	41100	28500	29400	0
0	0	0	0	0	0	0	0	0	0	0	0	0	0	0	0	0	0	0	0	0	0	0	0	0	0	0	0	0	0	0	0	0	0	0	0	0	0	0	0	0	0	0	0	0	0	0	0	0	0	0	0	0	0	0	0	0	0	0	0	0	0	0	0	0	0	0	0	0	0	0	0	0	0	0
14100	0	0	3700	0	6200	0	18400	11200	0	8200	0	0	4700	0	4700	0	0	14900	29400	0	0	11300	10600	0	0	0	0	17600	0	7900	0	0	0	0	0	0	28400	0	0	0	0	0	0	0	31600	0	0	6700	0	0	0	12800	0	0	0	0	0	0	0	200	0	0	200	0	6700	0	0	200	0	0	15900	3300	4200	0
27900	0	0	17500	0	20000	0	32200	25000	0	22000	0	2900	18500	0	18500	2800	0	28700	43200	0	10400	25100	24400	2000	0	0	0	31400	0	21700	0	13800	0	0	0	4500	42200	10100	13800	0	0	0	0	0	45400	13800	0	20500	0	0	0	26600	0	0	2000	0	0	0	0	14000	0	0	14000	0	20500	0	0	14000	13000	0	29700	17100	18000	0
7400	0	0	0	0	0	0	11700	4500	0	1500	0	0	0	0	0	0	0	8200	22700	0	0	4600	3900	0	0	0	0	10900	0	1200	0	0	0	0	0	0	21700	0	0	0	0	0	0	0	24900	0	0	0	0	0	0	6100	0	0	0	0	0	0	0	0	0	0	0	0	0	0	0	0	0	0	9200	0	0	0
67900	40000	30500	57500	31500	60000	38800	72200	65000	31500	62000	28300	42900	58500	31400	58500	42800	34600	68700	83200	3900	50400	65100	64400	42000	5000	31100	13800	71400	18500	61700	3400	53800	39300	27600	28500	44500	82200	50100	53800	34500	28600	40000	28300	28600	85400	53800	40000	60500	0	36500	25500	66600	24000	35000	42000	29000	29700	24000	9700	54000	36400	17600	54000	28000	60500	31300	32800	54000	53000	0	69700	57100	58000	19000
31400	3500	0	21000	0	23500	2300	35700	28500	0	25500	0	6400	22000	0	22000	6300	0	32200	46700	0	13900	28600	27900	5500	0	0	0	34900	0	25200	0	17300	2800	0	0	8000	45700	13600	17300	0	0	3500	0	0	48900	17300	3500	24000	0	0	0	30100	0	0	5500	0	0	0	0	17500	0	0	17500	0	24000	0	0	17500	16500	0	33200	20600	21500	0
42400	14500	5000	32000	6000	34500	13300	46700	39500	6000	36500	2800	17400	33000	5900	33000	17300	9100	43200	57700	0	24900	39600	38900	16500	0	5600	0	45900	0	36200	0	28300	13800	2100	3000	19000	56700	24600	28300	9000	3100	14500	2800	3100	59900	28300	14500	35000	0	11000	0	41100	0	9500	16500	3500	4200	0	0	28500	10900	0	28500	2500	35000	5800	7300	28500	27500	0	44200	31600	32500	0
1300	0	0	0	0	0	0	5600	0	0	0	0	0	0	0	0	0	0	2100	16600	0	0	0	0	0	0	0	0	4800	0	0	0	0	0	0	0	0	15600	0	0	0	0	0	0	0	18800	0	0	0	0	0	0	0	0	0	0	0	0	0	0	0	0	0	0	0	0	0	0	0	0	0	3100	0	0	0
43900	16000	6500	33500	7500	36000	14800	48200	41000	7500	38000	4300	18900	34500	7400	34500	18800	10600	44700	59200	0	26400	41100	40400	18000	0	7100	0	47400	0	37700	0	29800	15300	3600	4500	20500	58200	26100	29800	10500	4600	16000	4300	4600	61400	29800	16000	36500	0	12500	1500	42600	0	11000	18000	5000	5700	0	0	30000	12400	0	30000	4000	36500	7300	8800	30000	29000	0	45700	33100	34000	0
32900	5000	0	22500	0	25000	3800	37200	30000	0	27000	0	7900	23500	0	23500	7800	0	33700	48200	0	15400	30100	29400	7000	0	0	0	36400	0	26700	0	18800	4300	0	0	9500	47200	15100	18800	0	0	5000	0	0	50400	18800	5000	25500	0	1500	0	31600	0	0	7000	0	0	0	0	19000	1400	0	19000	0	25500	0	0	19000	18000	0	34700	22100	23000	0
25900	0	0	15500	0	18000	0	30200	23000	0	20000	0	900	16500	0	16500	800	0	26700	41200	0	8400	23100	22400	0	0	0	0	29400	0	19700	0	11800	0	0	0	2500	40200	8100	11800	0	0	0	0	0	43400	11800	0	18500	0	0	0	24600	0	0	0	0	0	0	0	12000	0	0	12000	0	18500	0	0	12000	11000	0	27700	15100	16000	0
38900	11000	1500	28500	2500	31000	9800	43200	36000	2500	33000	0	13900	29500	2400	29500	13800	5600	39700	54200	0	21400	36100	35400	13000	0	2100	0	42400	0	32700	0	24800	10300	0	0	15500	53200	21100	24800	5500	0	11000	0	0	56400	24800	11000	31500	0	7500	0	37600	0	6000	13000	0	700	0	0	25000	7400	0	25000	0	31500	2300	3800	25000	24000	0	40700	28100	29000	0
38200	10300	800	27800	1800	30300	9100	42500	35300	1800	32300	0	13200	28800	1700	28800	13100	4900	39000	53500	0	20700	35400	34700	12300	0	1400	0	41700	0	32000	0	24100	9600	0	0	14800	52500	20400	24100	4800	0	10300	0	0	55700	24100	10300	30800	0	6800	0	36900	0	5300	12300	0	0	0	0	24300	6700	0	24300	0	30800	1600	3100	24300	23300	0	40000	27400	28300	0
43900	16000	6500	33500	7500	36000	14800	48200	41000	7500	38000	4300	18900	34500	7400	34500	18800	10600	44700	59200	0	26400	41100	40400	18000	0	7100	0	47400	0	37700	0	29800	15300	3600	4500	20500	58200	26100	29800	10500	4600	16000	4300	4600	61400	29800	16000	36500	0	12500	1500	42600	0	11000	18000	5000	5700	0	0	30000	12400	0	30000	4000	36500	7300	8800	30000	29000	0	45700	33100	34000	0
58200	30300	20800	47800	21800	50300	29100	62500	55300	21800	52300	18600	33200	48800	21700	48800	33100	24900	59000	73500	0	40700	55400	54700	32300	0	21400	4100	61700	8800	52000	0	44100	29600	17900	18800	34800	72500	40400	44100	24800	18900	30300	18600	18900	75700	44100	30300	50800	0	26800	15800	56900	14300	25300	32300	19300	20000	14300	0	44300	26700	7900	44300	18300	50800	21600	23100	44300	43300	0	60000	47400	48300	9300
13900	0	0	3500	0	6000	0	18200	11000	0	8000	0	0	4500	0	4500	0	0	14700	29200	0	0	11100	10400	0	0	0	0	17400	0	7700	0	0	0	0	0	0	28200	0	0	0	0	0	0	0	31400	0	0	6500	0	0	0	12600	0	0	0	0	0	0	0	0	0	0	0	0	6500	0	0	0	0	0	15700	3100	4000	0
31500	3600	0	21100	0	23600	2400	35800	28600	0	25600	0	6500	22100	0	22100	6400	0	32300	46800	0	14000	28700	28000	5600	0	0	0	35000	0	25300	0	17400	2900	0	0	8100	45800	13700	17400	0	0	3600	0	0	49000	17400	3600	24100	0	100	0	30200	0	0	5600	0	0	0	0	17600	0	0	17600	0	24100	0	0	17600	16600	0	33300	20700	21600	0
50300	22400	12900	39900	13900	42400	21200	54600	47400	13900	44400	10700	25300	40900	13800	40900	25200	17000	51100	65600	0	32800	47500	46800	24400	0	13500	0	53800	900	44100	0	36200	21700	10000	10900	26900	64600	32500	36200	16900	11000	22400	10700	11000	67800	36200	22400	42900	0	18900	7900	49000	6400	17400	24400	11400	12100	6400	0	36400	18800	0	36400	10400	42900	13700	15200	36400	35400	0	52100	39500	40400	1400
13900	0	0	3500	0	6000	0	18200	11000	0	8000	0	0	4500	0	4500	0	0	14700	29200	0	0	11100	10400	0	0	0	0	17400	0	7700	0	0	0	0	0	0	28200	0	0	0	0	0	0	0	31400	0	0	6500	0	0	0	12600	0	0	0	0	0	0	0	0	0	0	0	0	6500	0	0	0	0	0	15700	3100	4000	0
39900	12000	2500	29500	3500	32000	10800	44200	37000	3500	34000	300	14900	30500	3400	30500	14800	6600	40700	55200	0	22400	37100	36400	14000	0	3100	0	43400	0	33700	0	25800	11300	0	500	16500	54200	22100	25800	6500	600	12000	300	600	57400	25800	12000	32500	0	8500	0	38600	0	7000	14000	1000	1700	0	0	26000	8400	0	26000	0	32500	3300	4800	26000	25000	0	41700	29100	30000	0
7400	0	0	0	0	0	0	11700	4500	0	1500	0	0	0	0	0	0	0	8200	22700	0	0	4600	3900	0	0	0	0	10900	0	1200	0	0	0	0	0	0	21700	0	0	0	0	0	0	0	24900	0	0	0	0	0	0	6100	0	0	0	0	0	0	0	0	0	0	0	0	0	0	0	0	0	0	9200	0	0	0
36600	8700	0	26200	200	28700	7500	40900	33700	200	30700	0	11600	27200	100	27200	11500	3300	37400	51900	0	19100	33800	33100	10700	0	0	0	40100	0	30400	0	22500	8000	0	0	13200	50900	18800	22500	3200	0	8700	0	0	54100	22500	8700	29200	0	5200	0	35300	0	3700	10700	0	0	0	0	22700	5100	0	22700	0	29200	0	1500	22700	21700	0	38400	25800	26700	0
35100	7200	0	24700	0	27200	6000	39400	32200	0	29200	0	10100	25700	0	25700	10000	1800	35900	50400	0	17600	32300	31600	9200	0	0	0	38600	0	28900	0	21000	6500	0	0	11700	49400	17300	21000	1700	0	7200	0	0	52600	21000	7200	27700	0	3700	0	33800	0	2200	9200	0	0	0	0	21200	3600	0	21200	0	27700	0	0	21200	20200	0	36900	24300	25200	0
13900	0	0	3500	0	6000	0	18200	11000	0	8000	0	0	4500	0	4500	0	0	14700	29200	0	0	11100	10400	0	0	0	0	17400	0	7700	0	0	0	0	0	0	28200	0	0	0	0	0	0	0	31400	0	0	6500	0	0	0	12600	0	0	0	0	0	0	0	0	0	0	0	0	6500	0	0	0	0	0	15700	3100	4000	0
14900	0	0	4500	0	7000	0	19200	12000	0	9000	0	0	5500	0	5500	0	0	15700	30200	0	0	12100	11400	0	0	0	0	18400	0	8700	0	800	0	0	0	0	29200	0	800	0	0	0	0	0	32400	800	0	7500	0	0	0	13600	0	0	0	0	0	0	0	1000	0	0	1000	0	7500	0	0	1000	0	0	16700	4100	5000	0
67900	40000	30500	57500	31500	60000	38800	72200	65000	31500	62000	28300	42900	58500	31400	58500	42800	34600	68700	83200	3900	50400	65100	64400	42000	5000	31100	13800	71400	18500	61700	3400	53800	39300	27600	28500	44500	82200	50100	53800	34500	28600	40000	28300	28600	85400	53800	40000	60500	0	36500	25500	66600	24000	35000	42000	29000	29700	24000	9700	54000	36400	17600	54000	28000	60500	31300	32800	54000	53000	0	69700	57100	58000	19000
0	0	0	0	0	0	0	2500	0	0	0	0	0	0	0	0	0	0	0	13500	0	0	0	0	0	0	0	0	1700	0	0	0	0	0	0	0	0	12500	0	0	0	0	0	0	0	15700	0	0	0	0	0	0	0	0	0	0	0	0	0	0	0	0	0	0	0	0	0	0	0	0	0	0	0	0	0
10800	0	0	400	0	2900	0	15100	7900	0	4900	0	0	1400	0	1400	0	0	11600	26100	0	0	8000	7300	0	0	0	0	14300	0	4600	0	0	0	0	0	0	25100	0	0	0	0	0	0	0	28300	0	0	3400	0	0	0	9500	0	0	0	0	0	0	0	0	0	0	0	0	3400	0	0	0	0	0	12600	0	900	0
9900	0	0	0	0	2000	0	14200	7000	0	4000	0	0	500	0	500	0	0	10700	25200	0	0	7100	6400	0	0	0	0	13400	0	3700	0	0	0	0	0	0	24200	0	0	0	0	0	0	0	27400	0	0	2500	0	0	0	8600	0	0	0	0	0	0	0	0	0	0	0	0	2500	0	0	0	0	0	11700	0	0	0
48900	21000	11500	38500	12500	41000	19800	53200	46000	12500	43000	9300	23900	39500	12400	39500	23800	15600	49700	64200	0	31400	46100	45400	23000	0	12100	0	52400	0	42700	0	34800	20300	8600	9500	25500	63200	31100	34800	15500	9600	21000	9300	9600	66400	34800	21000	41500	0	17500	6500	47600	5000	16000	23000	10000	10700	5000	0	35000	17400	0	35000	9000	41500	12300	13800	35000	34000	0	50700	38100	39000	0

0	0	0	88	0	0	11	0	0	0	0	18	0	0	0	0	0	0	20	0	0	28	0	0	0	52	0	0	0	0	0	36	18	0	0	88	107	0	30	0	0	40	93	0	18	101	101	0	0	0	0	0	49	0	0	0	0	78	48	0	0	30	0	0	0	0	0	18	18	0	18	30	0	0	0
23	0	0	91	0	8	30	0	4	0	8	34	8	8	18	0	0	18	36	0	0	41	0	0	0	60	0	0	0	0	8	48	34	8	0	91	110	0	43	8	8	51	96	23	34	104	104	0	0	0	8	0	57	0	23	23	0	83	56	0	0	43	18	0	0	8	0	34	34	0	34	43	0	0	0
38	23	0	95	0	28	43	23	26	8	28	46	28	28	34	0	0	34	48	20	0	52	0	0	15	67	0	8	0	0	28	56	46	28	8	95	112	23	53	28	28	59	100	38	46	106	106	21	6	8	28	0	65	0	38	38	0	87	64	0	0	53	34	8	0	28	0	46	46	0	46	53	0	0	11
0	0	0	0	0	0	0	0	0	0	0	0	0	0	0	0	0	0	0	0	0	0	0	0	0	0	0	0	0	0	0	0	0	0	0	0	72	0	0	0	0	0	30	0	0	56	56	0	0	0	0	0	0	0	0	0	0	0	0	0	0	0	0	0	0	0	0	0	0	0	0	0	0	0	0
40	26	4	95	0	30	45	26	28	11	30	48	30	30	36	0	0	36	49	23	0	53	0	0	18	68	0	11	0	0	30	57	48	30	11	95	112	26	54	30	30	60	100	40	48	107	107	23	10	11	30	4	66	4	40	40	0	88	65	0	0	54	36	11	0	30	0	48	48	0	48	54	0	0	15
18	0	0	90	0	0	26	0	0	0	0	30	0	0	11	0	0	11	32	0	0	38	0	0	0	57	0	0	0	0	0	45	30	0	0	90	109	0	40	0	0	48	95	18	30	103	103	0	0	0	0	0	56	0	18	18	0	81	54	0	0	40	11	0	0	0	0	30	30	0	30	40	0	0	0
0	0	0	86	0	0	0	0	0	0	0	8	0	0	0	0	0	0	11	0	0	20	0	0	0	48	0	0	0	0	0	30	8	0	0	86	106	0	23	0	0	34	91	0	8	100	100	0	0	0	0	0	45	0	0	0	0	76	43	0	0	23	0	0	0	0	0	8	8	0	8	23	0	0	0
23	0	0	91	0	8	30	0	4	0	8	34	8	8	18	0	0	18	36	0	0	41	0	0	0	60	0	0	0	0	8	48	34	8	0	91	110	0	43	8	8	51	96	23	34	104	104	0	0	0	8	0	57	0	23	23	0	83	56	0	0	43	18	0	0	8	0	34	34	0	34	43	0	0	0
20	0	0	91	0	4	28	0	0	0	5	32	4	4	15	0	0	15	34	0	0	40	0	0	0	59	0	0	0	0	4	46	32	4	0	91	109	0	41	5	4	49	96	20	32	103	103	0	0	0	4	0	56	0	20	20	0	82	56	0	0	41	15	0	0	4	0	32	32	0	32	41	0	0	0
34	18	0	94	0	23	40	18	20	0	23	43	23	23	30	0	0	30	45	15	0	49	0	0	8	65	0	0	0	0	23	54	43	23	0	94	111	18	51	23	23	56	99	34	43	106	106	15	0	0	23	0	63	0	34	34	0	86	62	0	0	51	30	0	0	23	0	43	43	0	43	51	0	0	4
17	0	0	90	0	0	25	0	0	0	0	30	0	0	11	0	0	11	32	0	0	38	0	0	0	57	0	0	0	0	0	45	30	0	0	90	109	0	40	0	0	48	95	17	30	103	103	0	0	0	0	0	56	0	17	17	0	81	54	0	0	40	11	0	0	0	0	30	30	0	30	40	0	0	0
0	0	0	85	0	0	0	0	0	0	0	0	0	0	0	0	0	0	4	0	0	15	0	0	0	45	0	0	0	0	0	26	0	0	0	85	105	0	18	0	0	30	90	0	0	99	99	0	0	0	0	0	41	0	0	0	0	74	40	0	0	18	0	0	0	0	0	0	0	0	0	18	0	0	0
18	0	0	90	0	0	26	0	0	0	0	30	0	0	11	0	0	11	32	0	0	38	0	0	0	57	0	0	0	0	0	45	30	0	0	90	109	0	40	0	0	48	95	18	30	103	103	0	0	0	0	0	56	0	18	18	0	81	54	0	0	40	11	0	0	0	0	30	30	0	30	40	0	0	0
18	0	0	90	0	0	26	0	0	0	0	30	0	0	11	0	0	11	32	0	0	38	0	0	0	57	0	0	0	0	0	45	30	0	0	90	109	0	40	0	0	48	95	18	30	103	103	0	0	0	0	0	56	0	18	18	0	81	54	0	0	40	11	0	0	0	0	30	30	0	30	40	0	0	0
8	0	0	89	0	0	18	0	0	0	0	23	0	0	0	0	0	0	26	0	0	32	0	0	0	54	0	0	0	0	0	40	23	0	0	89	108	0	34	0	0	43	94	8	23	102	102	0	0	0	0	0	52	0	8	8	0	79	51	0	0	34	0	0	0	0	0	23	23	0	23	34	0	0	0
40	26	4	95	0	30	45	26	28	11	30	48	30	30	36	0	0	36	49	23	0	53	0	0	18	68	0	11	0	0	30	57	48	30	11	95	112	26	54	30	30	60	100	40	48	107	107	23	10	11	30	4	66	4	40	40	0	88	65	0	0	54	36	11	0	30	0	48	48	0	48	54	0	0	15
40	26	4	95	0	30	45	26	28	11	30	48	30	30	36	0	0	36	49	23	0	53	0	0	18	68	0	11	0	0	30	57	48	30	11	95	112	26	54	30	30	60	100	40	48	107	107	23	10	11	30	4	66	4	40	40	0	88	65	0	0	54	36	11	0	30	0	48	48	0	48	54	0	0	15
8	0	0	89	0	0	18	0	0	0	0	23	0	0	0	0	0	0	26	0	0	32	0	0	0	54	0	0	0	0	0	40	23	0	0	89	108	0	34	0	0	43	94	8	23	102	102	0	0	0	0	0	52	0	8	8	0	79	51	0	0	34	0	0	0	0	0	23	23	0	23	34	0	0	0
0	0	0	84	0	0	0	0	0	0	0	0	0	0	0	0	0	0	0	0	0	11	0	0	0	43	0	0	0	0	0	23	0	0	0	84	105	0	15	0	0	28	90	0	0	98	98	0	0	0	0	0	40	0	0	0	0	73	38	0	0	15	0	0	0	0	0	0	0	0	0	15	0	0	0
26	4	0	92	0	11	32	4	8	0	12	36	11	11	20	0	0	20	38	0	0	43	0	0	0	61	0	0	0	0	11	49	36	11	0	92	110	4	45	12	11	52	97	26	36	104	104	0	0	0	11	0	59	0	26	26	0	83	57	0	0	45	20	0	0	11	0	36	36	0	36	45	0	0	0
40	26	4	95	0	30	45	26	28	11	30	48	30	30	36	0	0	36	49	23	0	53	0	0	18	68	0	11	0	0	30	57	48	30	11	95	112	26	54	30	30	60	100	40	48	107	107	23	10	11	30	4	66	4	40	40	0	88	65	0	0	54	36	11	0	30	0	48	48	0	48	54	0	0	15
0	0	0	82	0	0	0	0	0	0	0	0	0	0	0	0	0	0	0	0	0	0	0	0	0	38	0	0	0	0	0	15	0	0	0	82	104	0	4	0	0	20	88	0	0	97	97	0	0	0	0	0	34	0	0	0	0	71	32	0	0	4	0	0	0	0	0	0	0	0	0	4	0	0	0
40	26	4	95	0	30	45	26	28	11	30	48	30	30	36	0	0	36	49	23	0	53	0	0	18	68	0	11	0	0	30	57	48	30	11	95	112	26	54	30	30	60	100	40	48	107	107	23	10	11	30	4	66	4	40	40	0	88	65	0	0	54	36	11	0	30	0	48	48	0	48	54	0	0	15
40	26	4	95	0	30	45	26	28	11	30	48	30	30	36	0	0	36	49	23	0	53	0	0	18	68	0	11	0	0	30	57	48	30	11	95	112	26	54	30	30	60	100	40	48	107	107	23	10	11	30	4	66	4	40	40	0	88	65	0	0	54	36	11	0	30	0	48	48	0	48	54	0	0	15
30	11	0	93	0	18	36	11	15	0	18	40	18	18	26	0	0	26	41	8	0	46	0	0	0	63	0	0	0	0	18	52	40	18	0	93	111	11	48	18	18	54	98	30	40	105	105	8	0	0	18	0	61	0	30	30	0	85	60	0	0	48	26	0	0	18	0	40	40	0	40	48	0	0	0
0	0	0	72	0	0	0	0	0	0	0	0	0	0	0	0	0	0	0	0	0	0	0	0	0	0	0	0	0	0	0	0	0	0	0	72	98	0	0	0	0	0	79	0	0	90	90	0	0	0	0	0	0	0	0	0	0	56	0	0	0	0	0	0	0	0	0	0	0	0	0	0	0	0	0
40	26	4	95	0	30	45	26	28	11	30	48	30	30	36	0	0	36	49	23	0	53	0	0	18	68	0	11	0	0	30	57	48	30	11	95	112	26	54	30	30	60	100	40	48	107	107	23	10	11	30	4	66	4	40	40	0	88	65	0	0	54	36	11	0	30	0	48	48	0	48	54	0	0	15
34	18	0	94	0	23	40	18	20	0	23	43	23	23	30	0	0	30	45	15	0	49	0	0	8	65	0	0	0	0	23	54	43	23	0	94	111	18	51	23	23	56	99	34	43	106	106	15	0	0	23	0	63	0	34	34	0	86	62	0	0	51	30	0	0	23	0	43	43	0	43	51	0	0	4
40	26	4	95	0	30	45	26	28	11	30	48	30	30	36	0	0	36	49	23	0	53	0	0	18	68	0	11	0	0	30	57	48	30	11	95	112	26	54	30	30	60	100	40	48	107	107	23	10	11	30	4	66	4	40	40	0	88	65	0	0	54	36	11	0	30	0	48	48	0	48	54	0	0	15
40	26	4	95	0	30	45	26	28	11	30	48	30	30	36	0	0	36	49	23	0	53	0	0	18	68	0	11	0	0	30	57	48	30	11	95	112	26	54	30	30	60	100	40	48	107	107	23	10	11	30	4	66	4	40	40	0	88	65	0	0	54	36	11	0	30	0	48	48	0	48	54	0	0	15
18	0	0	90	0	0	26	0	0	0	0	30	0	0	11	0	0	11	32	0	0	38	0	0	0	57	0	0	0	0	0	45	30	0	0	90	109	0	40	0	0	48	95	18	30	103	103	0	0	0	0	0	56	0	18	18	0	81	54	0	0	40	11	0	0	0	0	30	30	0	30	40	0	0	0
0	0	0	79	0	0	0	0	0	0	0	0	0	0	0	0	0	0	0	0	0	0	0	0	0	30	0	0	0	0	0	0	0	0	0	79	102	0	0	0	0	8	86	0	0	95	95	0	0	0	0	0	26	0	0	0	0	67	23	0	0	0	0	0	0	0	0	0	0	0	0	0	0	0	0
0	0	0	85	0	0	0	0	0	0	0	0	0	0	0	0	0	0	4	0	0	15	0	0	0	45	0	0	0	0	0	26	0	0	0	85	105	0	18	0	0	30	90	0	0	99	99	0	0	0	0	0	41	0	0	0	0	74	40	0	0	18	0	0	0	0	0	0	0	0	0	18	0	0	0
18	0	0	90	0	0	26	0	0	0	0	30	0	0	11	0	0	11	32	0	0	38	0	0	0	57	0	0	0	0	0	45	30	0	0	90	109	0	40	0	0	48	95	18	30	103	103	0	0	0	0	0	56	0	18	18	0	81	54	0	0	40	11	0	0	0	0	30	30	0	30	40	0	0	0
34	18	0	94	0	23	40	18	20	0	23	43	23	23	30	0	0	30	45	15	0	49	0	0	8	65	0	0	0	0	23	54	43	23	0	94	111	18	51	23	23	56	99	34	43	106	106	15	0	0	23	0	63	0	34	34	0	86	62	0	0	51	30	0	0	23	0	43	43	0	43	51	0	0	4
0	0	0	0	0	0	0	0	0	0	0	0	0	0	0	0	0	0	0	0	0	0	0	0	0	0	0	0	0	0	0	0	0	0	0	0	72	0	0	0	0	0	30	0	0	56	56	0	0	0	0	0	0	0	0	0	0	0	0	0	0	0	0	0	0	0	0	0	0	0	0	0	0	0	0
0	0	0	0	0	0	0	0	0	0	0	0	0	0	0	0	0	0	0	0	0	0	0	0	0	0	0	0	0	0	0	0	0	0	0	0	0	0	0	0	0	0	0	0	0	0	0	0	0	0	0	0	0	0	0	0	0	0	0	0	0	0	0	0	0	0	0	0	0	0	0	0	0	0	0
23	0	0	91	0	8	30	0	4	0	8	34	8	8	18	0	0	18	36	0	0	41	0	0	0	60	0	0	0	0	8	48	34	8	0	91	110	0	43	8	8	51	96	23	34	104	104	0	0	0	8	0	57	0	23	23	0	83	56	0	0	43	18	0	0	8	0	34	34	0	34	43	0	0	0
0	0	0	81	0	0	0	0	0	0	0	0	0	0	0	0	0	0	0	0	0	0	0	0	0	36	0	0	0	0	0	11	0	0	0	81	103	0	0	0	0	18	88	0	0	96	96	0	0	0	0	0	32	0	0	0	0	70	30	0	0	0	0	0	0	0	0	0	0	0	0	0	0	0	0
17	0	0	90	0	0	25	0	0	0	0	30	0	0	11	0	0	11	32	0	0	38	0	0	0	57	0	0	0	0	0	45	30	0	0	90	109	0	40	0	0	48	95	17	30	103	103	0	0	0	0	0	56	0	17	17	0	81	54	0	0	40	11	0	0	0	0	30	30	0	30	40	0	0	0
18	0	0	90	0	0	26	0	0	0	0	30	0	0	11	0	0	11	32	0	0	38	0	0	0	57	0	0	0	0	0	45	30	0	0	90	109	0	40	0	0	48	95	18	30	103	103	0	0	0	0	0	56	0	18	18	0	81	54	0	0	40	11	0	0	0	0	30	30	0	30	40	0	0	0
0	0	0	78	0	0	0	0	0	0	0	0	0	0	0	0	0	0	0	0	0	0	0	0	0	26	0	0	0	0	0	0	0	0	0	78	101	0	0	0	0	0	85	0	0	94	94	0	0	0	0	0	20	0	0	0	0	65	18	0	0	0	0	0	0	0	0	0	0	0	0	0	0	0	0
0	0	0	0	0	0	0	0	0	0	0	0	0	0	0	0	0	0	0	0	0	0	0	0	0	0	0	0	0	0	0	0	0	0	0	0	63	0	0	0	0	0	0	0	0	43	43	0	0	0	0	0	0	0	0	0	0	0	0	0	0	0	0	0	0	0	0	0	0	0	0	0	0	0	0
0	0	0	88	0	0	11	0	0	0	0	18	0	0	0	0	0	0	20	0	0	28	0	0	0	52	0	0	0	0	0	36	18	0	0	88	107	0	30	0	0	40	93	0	18	101	101	0	0	0	0	0	49	0	0	0	0	78	48	0	0	30	0	0	0	0	0	18	18	0	18	30	0	0	0
0	0	0	85	0	0	0	0	0	0	0	0	0	0	0	0	0	0	4	0	0	15	0	0	0	45	0	0	0	0	0	26	0	0	0	85	105	0	18	0	0	30	90	0	0	99	99	0	0	0	0	0	41	0	0	0	0	74	40	0	0	18	0	0	0	0	0	0	0	0	0	18	0	0	0
0	0	0	0	0	0	0	0	0	0	0	0	0	0	0	0	0	0	0	0	0	0	0	0	0	0	0	0	0	0	0	0	0	0	0	0	41	0	0	0	0	0	0	0	0	0	0	0	0	0	0	0	0	0	0	0	0	0	0	0	0	0	0	0	0	0	0	0	0	0	0	0	0	0	0
0	0	0	0	0	0	0	0	0	0	0	0	0	0	0	0	0	0	0	0	0	0	0	0	0	0	0	0	0	0	0	0	0	0	0	0	41	0	0	0	0	0	0	0	0	0	0	0	0	0	0	0	0	0	0	0	0	0	0	0	0	0	0	0	0	0	0	0	0	0	0	0	0	0	0
25	4	0	92	0	11	32	4	8	0	11	36	11	11	20	0	0	20	38	0	0	43	0	0	0	61	0	0	0	0	11	49	36	11	0	92	110	4	45	11	11	52	97	25	36	104	104	0	0	0	11	0	59	0	25	25	0	83	57	0	0	45	20	0	0	11	0	36	36	0	36	45	0	0	0
35	19	0	94	0	24	41	19	22	2	25	44	24	24	31	0	0	31	45	16	0	50	0	0	10	66	0	2	0	0	24	55	44	24	2	94	112	19	51	25	24	56	99	35	44	106	106	16	0	2	24	0	64	0	35	35	0	86	63	0	0	51	31	2	0	24	0	44	44	0	44	51	0	0	6
34	18	0	94	0	23	40	18	20	0	23	43	23	23	30	0	0	30	45	15	0	49	0	0	8	65	0	0	0	0	23	54	43	23	0	94	111	18	51	23	23	56	99	34	43	106	106	15	0	0	23	0	63	0	34	34	0	86	62	0	0	51	30	0	0	23	0	43	43	0	43	51	0	0	4
18	0	0	90	0	0	26	0	0	0	0	30	0	0	11	0	0	11	32	0	0	38	0	0	0	57	0	0	0	0	0	45	30	0	0	90	109	0	40	0	0	48	95	18	30	103	103	0	0	0	0	0	56	0	18	18	0	81	54	0	0	40	11	0	0	0	0	30	30	0	30	40	0	0	0
38	23	0	95	0	28	43	23	26	8	28	46	28	28	34	0	0	34	48	20	0	52	0	0	15	67	0	8	0	0	28	56	46	28	8	95	112	23	53	28	28	59	100	38	46	106	106	21	6	8	28	0	65	0	38	38	0	87	64	0	0	53	34	8	0	28	0	46	46	0	46	53	0	0	11
0	0	0	73	0	0	0	0	0	0	0	0	0	0	0	0	0	0	0	0	0	0	0	0	0	8	0	0	0	0	0	0	0	0	0	73	99	0	0	0	0	0	81	0	0	91	91	0	0	0	0	0	0	0	0	0	0	59	0	0	0	0	0	0	0	0	0	0	0	0	0	0	0	0	0
38	23	0	95	0	28	43	23	26	8	28	46	28	28	34	0	0	34	48	20	0	52	0	0	15	67	0	8	0	0	28	56	46	28	8	95	112	23	53	28	28	59	100	38	46	106	106	21	6	8	28	0	65	0	38	38	0	87	64	0	0	53	34	8	0	28	0	46	46	0	46	53	0	0	11
0	0	0	88	0	0	11	0	0	0	0	18	0	0	0	0	0	0	20	0	0	28	0	0	0	52	0	0	0	0	0	36	18	0	0	88	107	0	30	0	0	40	93	0	18	101	101	0	0	0	0	0	49	0	0	0	0	78	48	0	0	30	0	0	0	0	0	18	18	0	18	30	0	0	0
0	0	0	88	0	0	11	0	0	0	0	18	0	0	0	0	0	0	20	0	0	28	0	0	0	52	0	0	0	0	0	36	18	0	0	88	107	0	30	0	0	40	93	0	18	101	101	0	0	0	0	0	49	0	0	0	0	78	48	0	0	30	0	0	0	0	0	18	18	0	18	30	0	0	0
43	30	11	96	8	34	48	30	32	18	34	51	34	34	40	8	8	40	52	28	8	56	8	8	23	70	8	18	8	8	34	60	51	34	18	96	112	30	56	34	34	62	101	43	51	108	108	28	16	18	34	11	68	11	43	43	0	89	67	8	0	56	40	18	4	34	8	51	51	8	51	56	0	8	20
0	0	0	40	0	0	0	0	0	0	0	0	0	0	0	0	0	0	0	0	0	0	0	0	0	0	0	0	0	0	0	0	0	0	0	40	83	0	0	0	0	0	54	0	0	72	72	0	0	0	0	0	0	0	0	0	0	0	0	0	0	0	0	0	0	0	0	0	0	0	0	0	0	0	0
0	0	0	74	0	0	0	0	0	0	0	0	0	0	0	0	0	0	0	0	0	0	0	0	0	11	0	0	0	0	0	0	0	0	0	74	99	0	0	0	0	0	81	0	0	91	91	0	0	0	0	0	4	0	0	0	0	60	0	0	0	0	0	0	0	0	0	0	0	0	0	0	0	0	0
40	26	4	95	0	30	45	26	28	11	30	48	30	30	36	0	0	36	49	23	0	53	0	0	18	68	0	11	0	0	30	57	48	30	11	95	112	26	54	30	30	60	100	40	48	107	107	23	10	11	30	4	66	4	40	40	0	88	65	0	0	54	36	11	0	30	0	48	48	0	48	54	0	0	15
48	36	20	98	17	40	52	36	38	25	40	54	40	40	45	17	17	45	56	34	17	59	17	17	30	72	17	25	17	17	40	63	54	40	25	98	113	36	60	40	40	65	102	48	54	109	109	34	24	25	40	20	71	20	48	48	11	90	70	17	0	60	45	25	14	40	17	54	54	17	54	60	2	17	28
0	0	0	81	0	0	0	0	0	0	0	0	0	0	0	0	0	0	0	0	0	0	0	0	0	36	0	0	0	0	0	11	0	0	0	81	103	0	0	0	0	18	88	0	0	96	96	0	0	0	0	0	32	0	0	0	0	70	30	0	0	0	0	0	0	0	0	0	0	0	0	0	0	0	0
8	0	0	89	0	0	18	0	0	0	0	23	0	0	0	0	0	0	26	0	0	32	0	0	0	54	0	0	0	0	0	40	23	0	0	89	108	0	34	0	0	43	94	8	23	102	102	0	0	0	0	0	52	0	8	8	0	79	51	0	0	34	0	0	0	0	0	23	23	0	23	34	0	0	0
34	18	0	94	0	23	40	18	20	0	23	43	23	23	30	0	0	30	45	15	0	49	0	0	8	65	0	0	0	0	23	54	43	23	0	94	111	18	51	23	23	56	99	34	43	106	106	15	0	0	23	0	63	0	34	34	0	86	62	0	0	51	30	0	0	23	0	43	43	0	43	51	0	0	4
41	28	8	96	4	32	46	28	30	15	32	49	32	32	38	4	4	38	51	26	4	54	4	4	20	69	4	15	4	4	32	59	49	32	15	96	112	28	56	32	32	61	100	41	49	107	107	26	13	15	32	8	67	8	41	41	0	88	66	4	0	56	38	15	0	32	4	49	49	4	49	56	0	4	18
18	0	0	90	0	0	26	0	0	0	0	30	0	0	11	0	0	11	32	0	0	38	0	0	0	57	0	0	0	0	0	45	30	0	0	90	109	0	40	0	0	48	95	18	30	103	103	0	0	0	0	0	56	0	18	18	0	81	54	0	0	40	11	0	0	0	0	30	30	0	30	40	0	0	0
40	26	4	95	0	30	45	26	28	11	30	48	30	30	36	0	0	36	49	23	0	53	0	0	18	68	0	11	0	0	30	57	48	30	11	95	112	26	54	30	30	60	100	40	48	107	107	23	10	11	30	4	66	4	40	40	0	88	65	0	0	54	36	11	0	30	0	48	48	0	48	54	0	0	15
0	0	0	85	0	0	0	0	0	0	0	0	0	0	0	0	0	0	4	0	0	15	0	0	0	45	0	0	0	0	0	26	0	0	0	85	105	0	18	0	0	30	90	0	0	99	99	0	0	0	0	0	41	0	0	0	0	74	40	0	0	18	0	0	0	0	0	0	0	0	0	18	0	0	0
0	0	0	85	0	0	0	0	0	0	0	0	0	0	0	0	0	0	4	0	0	15	0	0	0	45	0	0	0	0	0	26	0	0	0	85	105	0	18	0	0	30	90	0	0	99	99	0	0	0	0	0	41	0	0	0	0	74	40	0	0	18	0	0	0	0	0	0	0	0	0	18	0	0	0
40	26	4	95	0	30	45	26	28	11	30	48	30	30	36	0	0	36	49	23	0	53	0	0	18	68	0	11	0	0	30	57	48	30	11	95	112	26	54	30	30	60	100	40	48	107	107	23	10	11	30	4	66	4	40	40	0	88	65	0	0	54	36	11	0	30	0	48	48	0	48	54	0	0	15
0	0	0	85	0	0	0	0	0	0	0	0	0	0	0	0	0	0	4	0	0	15	0	0	0	45	0	0	0	0	0	26	0	0	0	85	105	0	18	0	0	30	90	0	0	99	99	0	0	0	0	0	41	0	0	0	0	74	40	0	0	18	0	0	0	0	0	0	0	0	0	18	0	0	0
0	0	0	81	0	0	0	0	0	0	0	0	0	0	0	0	0	0	0	0	0	0	0	0	0	36	0	0	0	0	0	11	0	0	0	81	103	0	0	0	0	18	88	0	0	96	96	0	0	0	0	0	32	0	0	0	0	70	30	0	0	0	0	0	0	0	0	0	0	0	0	0	0	0	0
47	35	19	98	16	39	51	35	37	24	39	54	39	39	44	16	16	44	55	33	16	59	16	16	28	72	16	24	16	16	39	63	54	39	24	98	113	35	60	39	39	65	102	47	54	108	108	33	23	24	39	19	70	19	47	47	10	90	69	16	0	60	44	24	13	39	16	54	54	16	54	60	0	16	27
40	26	4	95	0	30	45	26	28	11	30	48	30	30	36	0	0	36	49	23	0	53	0	0	18	68	0	11	0	0	30	57	48	30	11	95	112	26	54	30	30	60	100	40	48	107	107	23	10	11	30	4	66	4	40	40	0	88	65	0	0	54	36	11	0	30	0	48	48	0	48	54	0	0	15
32	15	0	93	0	20	38	15	18	0	21	41	20	20	28	0	0	28	43	11	0	48	0	0	4	64	0	0	0	0	20	53	41	20	0	93	111	15	49	21	20	56	98	32	41	105	105	12	0	0	20	0	62	0	32	32	0	85	61	0	0	49	28	0	0	20	0	41	41	0	41	49	0	0	0

0	23	38	0	40	18	0	23	20	34	17	0	18	18	8	40	40	8	0	26	40	0	40	40	30	0	40	34	40	40	18	0	0	18	34	0	0	23	0	17	18	0	0	0	0	0	0	25	35	34	18	38	0	38	0	0	43	0	0	40	48	0	8	34	41	18	40	0	0	40	0	0	47	40	32
0	0	23	0	26	0	0	0	0	18	0	0	0	0	0	26	26	0	0	4	26	0	26	26	11	0	26	18	26	26	0	0	0	0	18	0	0	0	0	0	0	0	0	0	0	0	0	4	19	18	0	23	0	23	0	0	30	0	0	26	36	0	0	18	28	0	26	0	0	26	0	0	35	26	15
0	0	0	0	4	0	0	0	0	0	0	0	0	0	0	4	4	0	0	0	4	0	4	4	0	0	4	0	4	4	0	0	0	0	0	0	0	0	0	0	0	0	0	0	0	0	0	0	0	0	0	0	0	0	0	0	11	0	0	4	20	0	0	0	8	0	4	0	0	4	0	0	19	4	0
88	91	95	0	95	90	86	91	91	94	90	85	90	90	89	95	95	89	84	92	95	82	95	95	93	72	95	94	95	95	90	79	85	90	94	0	0	91	81	90	90	78	0	88	85	0	0	92	94	94	90	95	73	95	88	88	96	40	74	95	98	81	89	94	96	90	95	85	85	95	85	81	98	95	93
0	0	0	0	0	0	0	0	0	0	0	0	0	0	0	0	0	0	0	0	0	0	0	0	0	0	0	0	0	0	0	0	0	0	0	0	0	0	0	0	0	0	0	0	0	0	0	0	0	0	0	0	0	0	0	0	8	0	0	0	17	0	0	0	4	0	0	0	0	0	0	0	16	0	0
0	8	28	0	30	0	0	8	4	23	0	0	0	0	0	30	30	0	0	11	30	0	30	30	18	0	30	23	30	30	0	0	0	0	23	0	0	8	0	0	0	0	0	0	0	0	0	11	24	23	0	28	0	28	0	0	34	0	0	30	40	0	0	23	32	0	30	0	0	30	0	0	39	30	20
11	30	43	0	45	26	0	30	28	40	25	0	26	26	18	45	45	18	0	32	45	0	45	45	36	0	45	40	45	45	26	0	0	26	40	0	0	30	0	25	26	0	0	11	0	0	0	32	41	40	26	43	0	43	11	11	48	0	0	45	52	0	18	40	46	26	45	0	0	45	0	0	51	45	38
0	0	23	0	26	0	0	0	0	18	0	0	0	0	0	26	26	0	0	4	26	0	26	26	11	0	26	18	26	26	0	0	0	0	18	0	0	0	0	0	0	0	0	0	0	0	0	4	19	18	0	23	0	23	0	0	30	0	0	26	36	0	0	18	28	0	26	0	0	26	0	0	35	26	15
0	4	26	0	28	0	0	4	0	20	0	0	0	0	0	28	28	0	0	8	28	0	28	28	15	0	28	20	28	28	0	0	0	0	20	0	0	4	0	0	0	0	0	0	0	0	0	8	22	20	0	26	0	26	0	0	32	0	0	28	38	0	0	20	30	0	28	0	0	28	0	0	37	28	18
0	0	8	0	11	0	0	0	0	0	0	0	0	0	0	11	11	0	0	0	11	0	11	11	0	0	11	0	11	11	0	0	0	0	0	0	0	0	0	0	0	0	0	0	0	0	0	0	2	0	0	8	0	8	0	0	18	0	0	11	25	0	0	0	15	0	11	0	0	11	0	0	24	11	0
0	8	28	0	30	0	0	8	5	23	0	0	0	0	0	30	30	0	0	12	30	0	30	30	18	0	30	23	30	30	0	0	0	0	23	0	0	8	0	0	0	0	0	0	0	0	0	11	25	23	0	28	0	28	0	0	34	0	0	30	40	0	0	23	32	0	30	0	0	30	0	0	39	30	21
18	34	46	0	48	30	8	34	32	43	30	0	30	30	23	48	48	23	0	36	48	0	48	48	40	0	48	43	48	48	30	0	0	30	43	0	0	34	0	30	30	0	0	18	0	0	0	36	44	43	30	46	0	46	18	18	51	0	0	48	54	0	23	43	49	30	48	0	0	48	0	0	54	48	41
0	8	28	0	30	0	0	8	4	23	0	0	0	0	0	30	30	0	0	11	30	0	30	30	18	0	30	23	30	30	0	0	0	0	23	0	0	8	0	0	0	0	0	0	0	0	0	11	24	23	0	28	0	28	0	0	34	0	0	30	40	0	0	23	32	0	30	0	0	30	0	0	39	30	20
0	8	28	0	30	0	0	8	4	23	0	0	0	0	0	30	30	0	0	11	30	0	30	30	18	0	30	23	30	30	0	0	0	0	23	0	0	8	0	0	0	0	0	0	0	0	0	11	24	23	0	28	0	28	0	0	34	0	0	30	40	0	0	23	32	0	30	0	0	30	0	0	39	30	20
0	18	34	0	36	11	0	18	15	30	11	0	11	11	0	36	36	0	0	20	36	0	36	36	26	0	36	30	36	36	11	0	0	11	30	0	0	18	0	11	11	0	0	0	0	0	0	20	31	30	11	34	0	34	0	0	40	0	0	36	45	0	0	30	38	11	36	0	0	36	0	0	44	36	28
0	0	0	0	0	0	0	0	0	0	0	0	0	0	0	0	0	0	0	0	0	0	0	0	0	0	0	0	0	0	0	0	0	0	0	0	0	0	0	0	0	0	0	0	0	0	0	0	0	0	0	0	0	0	0	0	8	0	0	0	17	0	0	0	4	0	0	0	0	0	0	0	16	0	0
0	0	0	0	0	0	0	0	0	0	0	0	0	0	0	0	0	0	0	0	0	0	0	0	0	0	0	0	0	0	0	0	0	0	0	0	0	0	0	0	0	0	0	0	0	0	0	0	0	0	0	0	0	0	0	0	8	0	0	0	17	0	0	0	4	0	0	0	0	0	0	0	16	0	0
0	18	34	0	36	11	0	18	15	30	11	0	11	11	0	36	36	0	0	20	36	0	36	36	26	0	36	30	36	36	11	0	0	11	30	0	0	18	0	11	11	0	0	0	0	0	0	20	31	30	11	34	0	34	0	0	40	0	0	36	45	0	0	30	38	11	36	0	0	36	0	0	44	36	28
20	36	48	0	49	32	11	36	34	45	32	4	32	32	26	49	49	26	0	38	49	0	49	49	41	0	49	45	49	49	32	0	4	32	45	0	0	36	0	32	32	0	0	20	4	0	0	38	45	45	32	48	0	48	20	20	52	0	0	49	56	0	26	45	51	32	49	4	4	49	4	0	55	49	43
0	0	20	0	23	0	0	0	0	15	0	0	0	0	0	23	23	0	0	0	23	0	23	23	8	0	23	15	23	23	0	0	0	0	15	0	0	0	0	0	0	0	0	0	0	0	0	0	16	15	0	20	0	20	0	0	28	0	0	23	34	0	0	15	26	0	23	0	0	23	0	0	33	23	11
0	0	0	0	0	0	0	0	0	0	0	0	0	0	0	0	0	0	0	0	0	0	0	0	0	0	0	0	0	0	0	0	0	0	0	0	0	0	0	0	0	0	0	0	0	0	0	0	0	0	0	0	0	0	0	0	8	0	0	0	17	0	0	0	4	0	0	0	0	0	0	0	16	0	0
28	41	52	0	53	38	20	41	40	49	38	15	38	38	32	53	53	32	11	43	53	0	53	53	46	0	53	49	53	53	38	0	15	38	49	0	0	41	0	38	38	0	0	28	15	0	0	43	50	49	38	52	0	52	28	28	56	0	0	53	59	0	32	49	54	38	53	15	15	53	15	0	59	53	48
0	0	0	0	0	0	0	0	0	0	0	0	0	0	0	0	0	0	0	0	0	0	0	0	0	0	0	0	0	0	0	0	0	0	0	0	0	0	0	0	0	0	0	0	0	0	0	0	0	0	0	0	0	0	0	0	8	0	0	0	17	0	0	0	4	0	0	0	0	0	0	0	16	0	0
0	0	0	0	0	0	0	0	0	0	0	0	0	0	0	0	0	0	0	0	0	0	0	0	0	0	0	0	0	0	0	0	0	0	0	0	0	0	0	0	0	0	0	0	0	0	0	0	0	0	0	0	0	0	0	0	8	0	0	0	17	0	0	0	4	0	0	0	0	0	0	0	16	0	0
0	0	15	0	18	0	0	0	0	8	0	0	0	0	0	18	18	0	0	0	18	0	18	18	0	0	18	8	18	18	0	0	0	0	8	0	0	0	0	0	0	0	0	0	0	0	0	0	10	8	0	15	0	15	0	0	23	0	0	18	30	0	0	8	20	0	18	0	0	18	0	0	28	18	4
52	60	67	0	68	57	48	60	59	65	57	45	57	57	54	68	68	54	43	61	68	38	68	68	63	0	68	65	68	68	57	30	45	57	65	0	0	60	36	57	57	26	0	52	45	0	0	61	66	65	57	67	8	67	52	52	70	0	11	68	72	36	54	65	69	57	68	45	45	68	45	36	72	68	64
0	0	0	0	0	0	0	0	0	0	0	0	0	0	0	0	0	0	0	0	0	0	0	0	0	0	0	0	0	0	0	0	0	0	0	0	0	0	0	0	0	0	0	0	0	0	0	0	0	0	0	0	0	0	0	0	8	0	0	0	17	0	0	0	4	0	0	0	0	0	0	0	16	0	0
0	0	8	0	11	0	0	0	0	0	0	0	0	0	0	11	11	0	0	0	11	0	11	11	0	0	11	0	11	11	0	0	0	0	0	0	0	0	0	0	0	0	0	0	0	0	0	0	2	0	0	8	0	8	0	0	18	0	0	11	25	0	0	0	15	0	11	0	0	11	0	0	24	11	0
0	0	0	0	0	0	0	0	0	0	0	0	0	0	0	0	0	0	0	0	0	0	0	0	0	0	0	0	0	0	0	0	0	0	0	0	0	0	0	0	0	0	0	0	0	0	0	0	0	0	0	0	0	0	0	0	8	0	0	0	17	0	0	0	4	0	0	0	0	0	0	0	16	0	0
0	0	0	0	0	0	0	0	0	0	0	0	0	0	0	0	0	0	0	0	0	0	0	0	0	0	0	0	0	0	0	0	0	0	0	0	0	0	0	0	0	0	0	0	0	0	0	0	0	0	0	0	0	0	0	0	8	0	0	0	17	0	0	0	4	0	0	0	0	0	0	0	16	0	0
0	8	28	0	30	0	0	8	4	23	0	0	0	0	0	30	30	0	0	11	30	0	30	30	18	0	30	23	30	30	0	0	0	0	23	0	0	8	0	0	0	0	0	0	0	0	0	11	24	23	0	28	0	28	0	0	34	0	0	30	40	0	0	23	32	0	30	0	0	30	0	0	39	30	20
36	48	56	0	57	45	30	48	46	54	45	26	45	45	40	57	57	40	23	49	57	15	57	57	52	0	57	54	57	57	45	0	26	45	54	0	0	48	11	45	45	0	0	36	26	0	0	49	55	54	45	56	0	56	36	36	60	0	0	57	63	11	40	54	59	45	57	26	26	57	26	11	63	57	53
18	34	46	0	48	30	8	34	32	43	30	0	30	30	23	48	48	23	0	36	48	0	48	48	40	0	48	43	48	48	30	0	0	30	43	0	0	34	0	30	30	0	0	18	0	0	0	36	44	43	30	46	0	46	18	18	51	0	0	48	54	0	23	43	49	30	48	0	0	48	0	0	54	48	41
0	8	28	0	30	0	0	8	4	23	0	0	0	0	0	30	30	0	0	11	30	0	30	30	18	0	30	23	30	30	0	0	0	0	23	0	0	8	0	0	0	0	0	0	0	0	0	11	24	23	0	28	0	28	0	0	34	0	0	30	40	0	0	23	32	0	30	0	0	30	0	0	39	30	20
0	0	8	0	11	0	0	0	0	0	0	0	0	0	0	11	11	0	0	0	11	0	11	11	0	0	11	0	11	11	0	0	0	0	0	0	0	0	0	0	0	0	0	0	0	0	0	0	2	0	0	8	0	8	0	0	18	0	0	11	25	0	0	0	15	0	11	0	0	11	0	0	24	11	0
88	91	95	0	95	90	86	91	91	94	90	85	90	90	89	95	95	89	84	92	95	82	95	95	93	72	95	94	95	95	90	79	85	90	94	0	0	91	81	90	90	78	0	88	85	0	0	92	94	94	90	95	73	95	88	88	96	40	74	95	98	81	89	94	96	90	95	85	85	95	85	81	98	95	93
107	110	112	72	112	109	106	110	109	111	109	105	109	109	108	112	112	108	105	110	112	104	112	112	111	98	112	111	112	112	109	102	105	109	111	72	0	110	103	109	109	101	63	107	105	41	41	110	112	111	109	112	99	112	107	107	112	83	99	112	113	103	108	111	112	109	112	105	105	112	105	103	113	112	111
0	0	23	0	26	0	0	0	0	18	0	0	0	0	0	26	26	0	0	4	26	0	26	26	11	0	26	18	26	26	0	0	0	0	18	0	0	0	0	0	0	0	0	0	0	0	0	4	19	18	0	23	0	23	0	0	30	0	0	26	36	0	0	18	28	0	26	0	0	26	0	0	35	26	15
30	43	53	0	54	40	23	43	41	51	40	18	40	40	34	54	54	34	15	45	54	4	54	54	48	0	54	51	54	54	40	0	18	40	51	0	0	43	0	40	40	0	0	30	18	0	0	45	51	51	40	53	0	53	30	30	56	0	0	54	60	0	34	51	56	40	54	18	18	54	18	0	60	54	49
0	8	28	0	30	0	0	8	5	23	0	0	0	0	0	30	30	0	0	12	30	0	30	30	18	0	30	23	30	30	0	0	0	0	23	0	0	8	0	0	0	0	0	0	0	0	0	11	25	23	0	28	0	28	0	0	34	0	0	30	40	0	0	23	32	0	30	0	0	30	0	0	39	30	21
0	8	28	0	30	0	0	8	4	23	0	0	0	0	0	30	30	0	0	11	30	0	30	30	18	0	30	23	30	30	0	0	0	0	23	0	0	8	0	0	0	0	0	0	0	0	0	11	24	23	0	28	0	28	0	0	34	0	0	30	40	0	0	23	32	0	30	0	0	30	0	0	39	30	20
40	51	59	0	60	48	34	51	49	56	48	30	48	48	43	60	60	43	28	52	60	20	60	60	54	0	60	56	60	60	48	8	30	48	56	0	0	51	18	48	48	0	0	40	30	0	0	52	56	56	48	59	0	59	40	40	62	0	0	60	65	18	43	56	61	48	60	30	30	60	30	18	65	60	56
93	96	100	30	100	95	91	96	96	99	95	90	95	95	94	100	100	94	90	97	100	88	100	100	98	79	100	99	100	100	95	86	90	95	99	30	0	96	88	95	95	85	0	93	90	0	0	97	99	99	95	100	81	100	93	93	101	54	81	100	102	88	94	99	100	95	100	90	90	100	90	88	102	100	98
0	23	38	0	40	18	0	23	20	34	17	0	18	18	8	40	40	8	0	26	40	0	40	40	30	0	40	34	40	40	18	0	0	18	34	0	0	23	0	17	18	0	0	0	0	0	0	25	35	34	18	38	0	38	0	0	43	0	0	40	48	0	8	34	41	18	40	0	0	40	0	0	47	40	32
18	34	46	0	48	30	8	34	32	43	30	0	30	30	23	48	48	23	0	36	48	0	48	48	40	0	48	43	48	48	30	0	0	30	43	0	0	34	0	30	30	0	0	18	0	0	0	36	44	43	30	46	0	46	18	18	51	0	0	48	54	0	23	43	49	30	48	0	0	48	0	0	54	48	41
101	104	106	56	107	103	100	104	103	106	103	99	103	103	102	107	107	102	98	104	107	97	107	107	105	90	107	106	107	107	103	95	99	103	106	56	0	104	96	103	103	94	43	101	99	0	0	104	106	106	103	106	91	106	101	101	108	72	91	107	109	96	102	106	107	103	107	99	99	107	99	96	108	107	105
101	104	106	56	107	103	100	104	103	106	103	99	103	103	102	107	107	102	98	104	107	97	107	107	105	90	107	106	107	107	103	95	99	103	106	56	0	104	96	103	103	94	43	101	99	0	0	104	106	106	103	106	91	106	101	101	108	72	91	107	109	96	102	106	107	103	107	99	99	107	99	96	108	107	105
0	0	21	0	23	0	0	0	0	15	0	0	0	0	0	23	23	0	0	0	23	0	23	23	8	0	23	15	23	23	0	0	0	0	15	0	0	0	0	0	0	0	0	0	0	0	0	0	16	15	0	21	0	21	0	0	28	0	0	23	34	0	0	15	26	0	23	0	0	23	0	0	33	23	12
0	0	6	0	10	0	0	0	0	0	0	0	0	0	0	10	10	0	0	0	10	0	10	10	0	0	10	0	10	10	0	0	0	0	0	0	0	0	0	0	0	0	0	0	0	0	0	0	0	0	0	6	0	6	0	0	16	0	0	10	24	0	0	0	13	0	10	0	0	10	0	0	23	10	0
0	0	8	0	11	0	0	0	0	0	0	0	0	0	0	11	11	0	0	0	11	0	11	11	0	0	11	0	11	11	0	0	0	0	0	0	0	0	0	0	0	0	0	0	0	0	0	0	2	0	0	8	0	8	0	0	18	0	0	11	25	0	0	0	15	0	11	0	0	11	0	0	24	11	0
0	8	28	0	30	0	0	8	4	23	0	0	0	0	0	30	30	0	0	11	30	0	30	30	18	0	30	23	30	30	0	0	0	0	23	0	0	8	0	0	0	0	0	0	0	0	0	11	24	23	0	28	0	28	0	0	34	0	0	30	40	0	0	23	32	0	30	0	0	30	0	0	39	30	20
0	0	0	0	4	0	0	0	0	0	0	0	0	0	0	4	4	0	0	0	4	0	4	4	0	0	4	0	4	4	0	0	0	0	0	0	0	0	0	0	0	0	0	0	0	0	0	0	0	0	0	0	0	0	0	0	11	0	0	4	20	0	0	0	8	0	4	0	0	4	0	0	19	4	0
49	57	65	0	66	56	45	57	56	63	56	41	56	56	52	66	66	52	40	59	66	34	66	66	61	0	66	63	66	66	56	26	41	56	63	0	0	57	32	56	56	20	0	49	41	0	0	59	64	63	56	65	0	65	49	49	68	0	4	66	71	32	52	63	67	56	66	41	41	66	41	32	70	66	62
0	0	0	0	4	0	0	0	0	0	0	0	0	0	0	4	4	0	0	0	4	0	4	4	0	0	4	0	4	4	0	0	0	0	0	0	0	0	0	0	0	0	0	0	0	0	0	0	0	0	0	0	0	0	0	0	11	0	0	4	20	0	0	0	8	0	4	0	0	4	0	0	19	4	0
0	23	38	0	40	18	0	23	20	34	17	0	18	18	8	40	40	8	0	26	40	0	40	40	30	0	40	34	40	40	18	0	0	18	34	0	0	23	0	17	18	0	0	0	0	0	0	25	35	34	18	38	0	38	0	0	43	0	0	40	48	0	8	34	41	18	40	0	0	40	0	0	47	40	32
0	23	38	0	40	18	0	23	20	34	17	0	18	18	8	40	40	8	0	26	40	0	40	40	30	0	40	34	40	40	18	0	0	18	34	0	0	23	0	17	18	0	0	0	0	0	0	25	35	34	18	38	0	38	0	0	43	0	0	40	48	0	8	34	41	18	40	0	0	40	0	0	47	40	32
0	0	0	0	0	0	0	0	0	0	0	0	0	0	0	0	0	0	0	0	0	0	0	0	0	0	0	0	0	0	0	0	0	0	0	0	0	0	0	0	0	0	0	0	0	0	0	0	0	0	0	0	0	0	0	0	0	0	0	0	11	0	0	0	0	0	0	0	0	0	0	0	10	0	0
78	83	87	0	88	81	76	83	82	86	81	74	81	81	79	88	88	79	73	83	88	71	88	88	85	56	88	86	88	88	81	67	74	81	86	0	0	83	70	81	81	65	0	78	74	0	0	83	86	86	81	87	59	87	78	78	89	0	60	88	90	70	79	86	88	81	88	74	74	88	74	70	90	88	85
48	56	64	0	65	54	43	56	56	62	54	40	54	54	51	65	65	51	38	57	65	32	65	65	60	0	65	62	65	65	54	23	40	54	62	0	0	56	30	54	54	18	0	48	40	0	0	57	63	62	54	64	0	64	48	48	67	0	0	65	70	30	51	62	66	54	65	40	40	65	40	30	69	65	61
0	0	0	0	0	0	0	0	0	0	0	0	0	0	0	0	0	0	0	0	0	0	0	0	0	0	0	0	0	0	0	0	0	0	0	0	0	0	0	0	0	0	0	0	0	0	0	0	0	0	0	0	0	0	0	0	8	0	0	0	17	0	0	0	4	0	0	0	0	0	0	0	16	0	0
0	0	0	0	0	0	0	0	0	0	0	0	0	0	0	0	0	0	0	0	0	0	0	0	0	0	0	0	0	0	0	0	0	0	0	0	0	0	0	0	0	0	0	0	0	0	0	0	0	0	0	0	0	0	0	0	0	0	0	0	0	0	0	0	0	0	0	0	0	0	0	0	0	0	0
30	43	53	0	54	40	23	43	41	51	40	18	40	40	34	54	54	34	15	45	54	4	54	54	48	0	54	51	54	54	40	0	18	40	51	0	0	43	0	40	40	0	0	30	18	0	0	45	51	51	40	53	0	53	30	30	56	0	0	54	60	0	34	51	56	40	54	18	18	54	18	0	60	54	49
0	18	34	0	36	11	0	18	15	30	11	0	11	11	0	36	36	0	0	20	36	0	36	36	26	0	36	30	36	36	11	0	0	11	30	0	0	18	0	11	11	0	0	0	0	0	0	20	31	30	11	34	0	34	0	0	40	0	0	36	45	0	0	30	38	11	36	0	0	36	0	0	44	36	28
0	0	8	0	11	0	0	0	0	0	0	0	0	0	0	11	11	0	0	0	11	0	11	11	0	0	11	0	11	11	0	0	0	0	0	0	0	0	0	0	0	0	0	0	0	0	0	0	2	0	0	8	0	8	0	0	18	0	0	11	25	0	0	0	15	0	11	0	0	11	0	0	24	11	0
0	0	0	0	0	0	0	0	0	0	0	0	0	0	0	0	0	0	0	0	0	0	0	0	0	0	0	0	0	0	0	0	0	0	0	0	0	0	0	0	0	0	0	0	0	0	0	0	0	0	0	0	0	0	0	0	4	0	0	0	14	0	0	0	0	0	0	0	0	0	0	0	13	0	0
0	8	28	0	30	0	0	8	4	23	0	0	0	0	0	30	30	0	0	11	30	0	30	30	18	0	30	23	30	30	0	0	0	0	23	0	0	8	0	0	0	0	0	0	0	0	0	11	24	23	0	28	0	28	0	0	34	0	0	30	40	0	0	23	32	0	30	0	0	30	0	0	39	30	20
0	0	0	0	0	0	0	0	0	0	0	0	0	0	0	0	0	0	0	0	0	0	0	0	0	0	0	0	0	0	0	0	0	0	0	0	0	0	0	0	0	0	0	0	0	0	0	0	0	0	0	0	0	0	0	0	8	0	0	0	17	0	0	0	4	0	0	0	0	0	0	0	16	0	0
18	34	46	0	48	30	8	34	32	43	30	0	30	30	23	48	48	23	0	36	48	0	48	48	40	0	48	43	48	48	30	0	0	30	43	0	0	34	0	30	30	0	0	18	0	0	0	36	44	43	30	46	0	46	18	18	51	0	0	48	54	0	23	43	49	30	48	0	0	48	0	0	54	48	41
18	34	46	0	48	30	8	34	32	43	30	0	30	30	23	48	48	23	0	36	48	0	48	48	40	0	48	43	48	48	30	0	0	30	43	0	0	34	0	30	30	0	0	18	0	0	0	36	44	43	30	46	0	46	18	18	51	0	0	48	54	0	23	43	49	30	48	0	0	48	0	0	54	48	41
0	0	0	0	0	0	0	0	0	0	0	0	0	0	0	0	0	0	0	0	0	0	0	0	0	0	0	0	0	0	0	0	0	0	0	0	0	0	0	0	0	0	0	0	0	0	0	0	0	0	0	0	0	0	0	0	8	0	0	0	17	0	0	0	4	0	0	0	0	0	0	0	16	0	0
18	34	46	0	48	30	8	34	32	43	30	0	30	30	23	48	48	23	0	36	48	0	48	48	40	0	48	43	48	48	30	0	0	30	43	0	0	34	0	30	30	0	0	18	0	0	0	36	44	43	30	46	0	46	18	18	51	0	0	48	54	0	23	43	49	30	48	0	0	48	0	0	54	48	41
30	43	53	0	54	40	23	43	41	51	40	18	40	40	34	54	54	34	15	45	54	4	54	54	48	0	54	51	54	54	40	0	18	40	51	0	0	43	0	40	40	0	0	30	18	0	0	45	51	51	40	53	0	53	30	30	56	0	0	54	60	0	34	51	56	40	54	18	18	54	18	0	60	54	49
0	0	0	0	0	0	0	0	0	0	0	0	0	0	0	0	0	0	0	0	0	0	0	0	0	0	0	0	0	0	0	0	0	0	0	0	0	0	0	0	0	0	0	0	0	0	0	0	0	0	0	0	0	0	0	0	0	0	0	0	2	0	0	0	0	0	0	0	0	0	0	0	0	0	0
0	0	0	0	0	0	0	0	0	0	0	0	0	0	0	0	0	0	0	0	0	0	0	0	0	0	0	0	0	0	0	0	0	0	0	0	0	0	0	0	0	0	0	0	0	0	0	0	0	0	0	0	0	0	0	0	8	0	0	0	17	0	0	0	4	0	0	0	0	0	0	0	16	0	0
0	0	11	0	15	0	0	0	0	4	0	0	0	0	0	15	15	0	0	0	15	0	15	15	0	0	15	4	15	15	0	0	0	0	4	0	0	0	0	0	0	0	0	0	0	0	0	0	6	4	0	11	0	11	0	0	20	0	0	15	28	0	0	4	18	0	15	0	0	15	0	0	27	15	0