1493 1590 1637 1680 1707 1680 1662 1662 1414 1696 1637 1680 1543 1729 1682 1719 1716 1675 1730 1717 1682 1723 1725 1733 1550 1562 1724 1571 1731 1725 1692 1627 1696 1696 1720 1724 1725 1641 1680 1724 1591 1682 1732 1724 1680 1382 1382 1584 1729 1732 1680 1725 1411 1707 1724 1697 1733 1499 1706 1626 1382 1486 1723 1722 1672 1549 1562 1724 1611 1656 1724 1680 1298 1690 1716

72

3260 2908 2736 2581 2481 2582 2646 2647 3547 2522 2738 2580 3080 2402 2575 2437 2449 2598 2397 2446 2572 2425 2418 2388 3053 3010 2420 2976 2394 2418 2538 2774 2524 2522 2436 2421 2418 2723 2579 2421 2905 2572 2391 2421 2581 3665 3666 2928 2403 2390 2581 2416 3557 2481 2421 2519 2389 3239 2484 2776 3665 3287 2425 2427 2611 3056 3011 2422 2833 2669 2422 2580 3969 2544 2449

23.999842698560176 16.00010565403641 13.999827308061729 45.99964895914265

29765.0

0	0	0	0	0	0	0	0	7700	0	0	0	0	0	0	0	0	0	0	0	0	0	0	0	0	0	0	0	0	0	0	0	0	0	0	0	0	0	0	0	0	0	0	0	0	0	0	0	0	0	0	0	8000	0	0	0	0	1800	0	0	0	2800	0	0	0	0	0	0	0	0	0	0	15600	0	0
5200	0	0	0	0	0	0	0	12900	0	0	0	0	0	0	0	0	0	0	0	0	0	0	0	0	0	0	1400	0	0	0	0	0	0	0	0	0	0	0	0	0	0	0	0	0	0	0	500	0	0	0	0	13200	0	0	0	0	7000	0	0	0	8000	0	0	0	0	0	0	0	0	0	0	20800	0	0
9500	4300	0	0	0	0	0	0	17200	0	0	0	0	0	0	0	0	0	0	0	0	0	0	0	0	0	0	5700	0	0	0	1100	0	0	0	0	0	0	0	0	4300	0	0	0	0	0	0	4800	0	0	0	0	17500	0	0	0	0	11300	0	0	0	12300	0	0	0	0	0	0	0	0	0	0	25100	0	0
14600	9400	5100	0	0	100	0	0	22300	0	4400	800	0	0	0	0	0	1300	0	0	0	0	0	0	0	0	0	10800	0	0	0	6200	0	0	0	0	0	4900	800	0	9400	0	0	0	800	0	0	9900	0	0	800	0	22600	0	0	0	0	16400	0	0	0	17400	0	0	1600	0	0	0	0	0	0	800	30200	0	0
19900	14700	10400	5300	0	5400	0	0	27600	0	9700	6100	0	0	5200	0	0	6600	0	0	0	0	0	0	0	0	0	16100	0	0	0	11500	0	0	0	0	0	10200	6100	0	14700	0	0	0	6100	0	0	15200	0	0	6100	0	27900	0	0	0	0	21700	1300	0	0	22700	0	0	6900	0	0	0	0	0	0	6100	35500	0	0
14500	9300	5000	0	0	0	0	0	22200	0	4300	700	0	0	0	0	0	1200	0	0	0	0	0	0	0	0	0	10700	0	0	0	6100	0	0	0	0	0	4800	700	0	9300	0	0	0	700	0	0	9800	0	0	700	0	22500	0	0	0	0	16300	0	0	0	17300	0	0	1500	0	0	0	0	0	0	700	30100	0	0
48200	43000	38700	33600	28300	33700	0	0	55900	3500	38000	34400	0	22400	33500	27000	6600	34900	22000	27400	2000	25500	8200	18500	0	0	8000	44400	14000	8200	3000	39800	3500	3500	27000	8000	8200	38500	34400	8000	43000	2000	17000	8000	34400	0	0	43500	23300	20000	34400	9800	56200	5400	8000	4000	20800	50000	29600	0	0	51000	8500	26100	35200	0	0	25100	0	0	8000	34400	63800	2900	11000
48200	43000	38700	33600	28300	33700	0	0	55900	3500	38000	34400	0	22400	33500	27000	6600	34900	22000	27400	2000	25500	8200	18500	0	0	8000	44400	14000	8200	3000	39800	3500	3500	27000	8000	8200	38500	34400	8000	43000	2000	17000	8000	34400	0	0	43500	23300	20000	34400	9800	56200	5400	8000	4000	20800	50000	29600	0	0	51000	8500	26100	35200	0	0	25100	0	0	8000	34400	63800	2900	11000
0	0	0	0	0	0	0	0	0	0	0	0	0	0	0	0	0	0	0	0	0	0	0	0	0	0	0	0	0	0	0	0	0	0	0	0	0	0	0	0	0	0	0	0	0	0	0	0	0	0	0	0	300	0	0	0	0	0	0	0	0	0	0	0	0	0	0	0	0	0	0	0	7900	0	0
44700	39500	35200	30100	24800	30200	0	0	52400	0	34500	30900	0	18900	30000	23500	3100	31400	18500	23900	0	22000	4700	15000	0	0	4500	40900	10500	4700	0	36300	0	0	23500	4500	4700	35000	30900	4500	39500	0	13500	4500	30900	0	0	40000	19800	16500	30900	6300	52700	1900	4500	500	17300	46500	26100	0	0	47500	5000	22600	31700	0	0	21600	0	0	4500	30900	60300	0	7500
10200	5000	700	0	0	0	0	0	17900	0	0	0	0	0	0	0	0	0	0	0	0	0	0	0	0	0	0	6400	0	0	0	1800	0	0	0	0	0	500	0	0	5000	0	0	0	0	0	0	5500	0	0	0	0	18200	0	0	0	0	12000	0	0	0	13000	0	0	0	0	0	0	0	0	0	0	25800	0	0
13800	8600	4300	0	0	0	0	0	21500	0	3600	0	0	0	0	0	0	500	0	0	0	0	0	0	0	0	0	10000	0	0	0	5400	0	0	0	0	0	4100	0	0	8600	0	0	0	0	0	0	9100	0	0	0	0	21800	0	0	0	0	15600	0	0	0	16600	0	0	800	0	0	0	0	0	0	0	29400	0	0
58100	52900	48600	43500	38200	43600	9900	9900	65800	13400	47900	44300	0	32300	43400	36900	16500	44800	31900	37300	11900	35400	18100	28400	500	1400	17900	54300	23900	18100	12900	49700	13400	13400	36900	17900	18100	48400	44300	17900	52900	11900	26900	17900	44300	0	0	53400	33200	29900	44300	19700	66100	15300	17900	13900	30700	59900	39500	6900	0	60900	18400	36000	45100	500	1400	35000	5500	9400	17900	44300	73700	12800	20900
25800	20600	16300	11200	5900	11300	0	0	33500	0	15600	12000	0	0	11100	4600	0	12500	0	5000	0	3100	0	0	0	0	0	22000	0	0	0	17400	0	0	4600	0	0	16100	12000	0	20600	0	0	0	12000	0	0	21100	900	0	12000	0	33800	0	0	0	0	27600	7200	0	0	28600	0	3700	12800	0	0	2700	0	0	0	12000	41400	0	0
14700	9500	5200	100	0	200	0	0	22400	0	4500	900	0	0	0	0	0	1400	0	0	0	0	0	0	0	0	0	10900	0	0	0	6300	0	0	0	0	0	5000	900	0	9500	0	0	0	900	0	0	10000	0	0	900	0	22700	0	0	0	0	16500	0	0	0	17500	0	0	1700	0	0	0	0	0	0	900	30300	0	0
21200	16000	11700	6600	1300	6700	0	0	28900	0	11000	7400	0	0	6500	0	0	7900	0	400	0	0	0	0	0	0	0	17400	0	0	0	12800	0	0	0	0	0	11500	7400	0	16000	0	0	0	7400	0	0	16500	0	0	7400	0	29200	0	0	0	0	23000	2600	0	0	24000	0	0	8200	0	0	0	0	0	0	7400	36800	0	0
41600	36400	32100	27000	21700	27100	0	0	49300	0	31400	27800	0	15800	26900	20400	0	28300	15400	20800	0	18900	1600	11900	0	0	1400	37800	7400	1600	0	33200	0	0	20400	1400	1600	31900	27800	1400	36400	0	10400	1400	27800	0	0	36900	16700	13400	27800	3200	49600	0	1400	0	14200	43400	23000	0	0	44400	1900	19500	28600	0	0	18500	0	0	1400	27800	57200	0	4400
13300	8100	3800	0	0	0	0	0	21000	0	3100	0	0	0	0	0	0	0	0	0	0	0	0	0	0	0	0	9500	0	0	0	4900	0	0	0	0	0	3600	0	0	8100	0	0	0	0	0	0	8600	0	0	0	0	21300	0	0	0	0	15100	0	0	0	16100	0	0	300	0	0	0	0	0	0	0	28900	0	0
26200	21000	16700	11600	6300	11700	0	0	33900	0	16000	12400	0	400	11500	5000	0	12900	0	5400	0	3500	0	0	0	0	0	22400	0	0	0	17800	0	0	5000	0	0	16500	12400	0	21000	0	0	0	12400	0	0	21500	1300	0	12400	0	34200	0	0	0	0	28000	7600	0	0	29000	0	4100	13200	0	0	3100	0	0	0	12400	41800	0	0
20800	15600	11300	6200	900	6300	0	0	28500	0	10600	7000	0	0	6100	0	0	7500	0	0	0	0	0	0	0	0	0	17000	0	0	0	12400	0	0	0	0	0	11100	7000	0	15600	0	0	0	7000	0	0	16100	0	0	7000	0	28800	0	0	0	0	22600	2200	0	0	23600	0	0	7800	0	0	0	0	0	0	7000	36400	0	0
46200	41000	36700	31600	26300	31700	0	0	53900	1500	36000	32400	0	20400	31500	25000	4600	32900	20000	25400	0	23500	6200	16500	0	0	6000	42400	12000	6200	1000	37800	1500	1500	25000	6000	6200	36500	32400	6000	41000	0	15000	6000	32400	0	0	41500	21300	18000	32400	7800	54200	3400	6000	2000	18800	48000	27600	0	0	49000	6500	24100	33200	0	0	23100	0	0	6000	32400	61800	900	9000
22700	17500	13200	8100	2800	8200	0	0	30400	0	12500	8900	0	0	8000	1500	0	9400	0	1900	0	0	0	0	0	0	0	18900	0	0	0	14300	0	0	1500	0	0	13000	8900	0	17500	0	0	0	8900	0	0	18000	0	0	8900	0	30700	0	0	0	0	24500	4100	0	0	25500	0	600	9700	0	0	0	0	0	0	8900	38300	0	0
40000	34800	30500	25400	20100	25500	0	0	47700	0	29800	26200	0	14200	25300	18800	0	26700	13800	19200	0	17300	0	10300	0	0	0	36200	5800	0	0	31600	0	0	18800	0	0	30300	26200	0	34800	0	8800	0	26200	0	0	35300	15100	11800	26200	1600	48000	0	0	0	12600	41800	21400	0	0	42800	300	17900	27000	0	0	16900	0	0	0	26200	55600	0	2800
29700	24500	20200	15100	9800	15200	0	0	37400	0	19500	15900	0	3900	15000	8500	0	16400	3500	8900	0	7000	0	0	0	0	0	25900	0	0	0	21300	0	0	8500	0	0	20000	15900	0	24500	0	0	0	15900	0	0	25000	4800	1500	15900	0	37700	0	0	0	2300	31500	11100	0	0	32500	0	7600	16700	0	0	6600	0	0	0	15900	45300	0	0
57600	52400	48100	43000	37700	43100	9400	9400	65300	12900	47400	43800	0	31800	42900	36400	16000	44300	31400	36800	11400	34900	17600	27900	0	900	17400	53800	23400	17600	12400	49200	12900	12900	36400	17400	17600	47900	43800	17400	52400	11400	26400	17400	43800	0	0	52900	32700	29400	43800	19200	65600	14800	17400	13400	30200	59400	39000	6400	0	60400	17900	35500	44600	0	900	34500	5000	8900	17400	43800	73200	12300	20400
56700	51500	47200	42100	36800	42200	8500	8500	64400	12000	46500	42900	0	30900	42000	35500	15100	43400	30500	35900	10500	34000	16700	27000	0	0	16500	52900	22500	16700	11500	48300	12000	12000	35500	16500	16700	47000	42900	16500	51500	10500	25500	16500	42900	0	0	52000	31800	28500	42900	18300	64700	13900	16500	12500	29300	58500	38100	5500	0	59500	17000	34600	43700	0	0	33600	4100	8000	16500	42900	72300	11400	19500
40200	35000	30700	25600	20300	25700	0	0	47900	0	30000	26400	0	14400	25500	19000	0	26900	14000	19400	0	17500	200	10500	0	0	0	36400	6000	200	0	31800	0	0	19000	0	200	30500	26400	0	35000	0	9000	0	26400	0	0	35500	15300	12000	26400	1800	48200	0	0	0	12800	42000	21600	0	0	43000	500	18100	27200	0	0	17100	0	0	0	26400	55800	0	3000
3800	0	0	0	0	0	0	0	11500	0	0	0	0	0	0	0	0	0	0	0	0	0	0	0	0	0	0	0	0	0	0	0	0	0	0	0	0	0	0	0	0	0	0	0	0	0	0	0	0	0	0	0	11800	0	0	0	0	5600	0	0	0	6600	0	0	0	0	0	0	0	0	0	0	19400	0	0
34200	29000	24700	19600	14300	19700	0	0	41900	0	24000	20400	0	8400	19500	13000	0	20900	8000	13400	0	11500	0	4500	0	0	0	30400	0	0	0	25800	0	0	13000	0	0	24500	20400	0	29000	0	3000	0	20400	0	0	29500	9300	6000	20400	0	42200	0	0	0	6800	36000	15600	0	0	37000	0	12100	21200	0	0	11100	0	0	0	20400	49800	0	0
40000	34800	30500	25400	20100	25500	0	0	47700	0	29800	26200	0	14200	25300	18800	0	26700	13800	19200	0	17300	0	10300	0	0	0	36200	5800	0	0	31600	0	0	18800	0	0	30300	26200	0	34800	0	8800	0	26200	0	0	35300	15100	11800	26200	1600	48000	0	0	0	12600	41800	21400	0	0	42800	300	17900	27000	0	0	16900	0	0	0	26200	55600	0	2800
45200	40000	35700	30600	25300	30700	0	0	52900	500	35000	31400	0	19400	30500	24000	3600	31900	19000	24400	0	22500	5200	15500	0	0	5000	41400	11000	5200	0	36800	500	500	24000	5000	5200	35500	31400	5000	40000	0	14000	5000	31400	0	0	40500	20300	17000	31400	6800	53200	2400	5000	1000	17800	47000	26600	0	0	48000	5500	23100	32200	0	0	22100	0	0	5000	31400	60800	0	8000
8400	3200	0	0	0	0	0	0	16100	0	0	0	0	0	0	0	0	0	0	0	0	0	0	0	0	0	0	4600	0	0	0	0	0	0	0	0	0	0	0	0	3200	0	0	0	0	0	0	3700	0	0	0	0	16400	0	0	0	0	10200	0	0	0	11200	0	0	0	0	0	0	0	0	0	0	24000	0	0
44700	39500	35200	30100	24800	30200	0	0	52400	0	34500	30900	0	18900	30000	23500	3100	31400	18500	23900	0	22000	4700	15000	0	0	4500	40900	10500	4700	0	36300	0	0	23500	4500	4700	35000	30900	4500	39500	0	13500	4500	30900	0	0	40000	19800	16500	30900	6300	52700	1900	4500	500	17300	46500	26100	0	0	47500	5000	22600	31700	0	0	21600	0	0	4500	30900	60300	0	7500
44700	39500	35200	30100	24800	30200	0	0	52400	0	34500	30900	0	18900	30000	23500	3100	31400	18500	23900	0	22000	4700	15000	0	0	4500	40900	10500	4700	0	36300	0	0	23500	4500	4700	35000	30900	4500	39500	0	13500	4500	30900	0	0	40000	19800	16500	30900	6300	52700	1900	4500	500	17300	46500	26100	0	0	47500	5000	22600	31700	0	0	21600	0	0	4500	30900	60300	0	7500
21200	16000	11700	6600	1300	6700	0	0	28900	0	11000	7400	0	0	6500	0	0	7900	0	400	0	0	0	0	0	0	0	17400	0	0	0	12800	0	0	0	0	0	11500	7400	0	16000	0	0	0	7400	0	0	16500	0	0	7400	0	29200	0	0	0	0	23000	2600	0	0	24000	0	0	8200	0	0	0	0	0	0	7400	36800	0	0
40200	35000	30700	25600	20300	25700	0	0	47900	0	30000	26400	0	14400	25500	19000	0	26900	14000	19400	0	17500	200	10500	0	0	0	36400	6000	200	0	31800	0	0	19000	0	200	30500	26400	0	35000	0	9000	0	26400	0	0	35500	15300	12000	26400	1800	48200	0	0	0	12800	42000	21600	0	0	43000	500	18100	27200	0	0	17100	0	0	0	26400	55800	0	3000
40000	34800	30500	25400	20100	25500	0	0	47700	0	29800	26200	0	14200	25300	18800	0	26700	13800	19200	0	17300	0	10300	0	0	0	36200	5800	0	0	31600	0	0	18800	0	0	30300	26200	0	34800	0	8800	0	26200	0	0	35300	15100	11800	26200	1600	48000	0	0	0	12600	41800	21400	0	0	42800	300	17900	27000	0	0	16900	0	0	0	26200	55600	0	2800
9700	4500	200	0	0	0	0	0	17400	0	0	0	0	0	0	0	0	0	0	0	0	0	0	0	0	0	0	5900	0	0	0	1300	0	0	0	0	0	0	0	0	4500	0	0	0	0	0	0	5000	0	0	0	0	17700	0	0	0	0	11500	0	0	0	12500	0	0	0	0	0	0	0	0	0	0	25300	0	0
13800	8600	4300	0	0	0	0	0	21500	0	3600	0	0	0	0	0	0	500	0	0	0	0	0	0	0	0	0	10000	0	0	0	5400	0	0	0	0	0	4100	0	0	8600	0	0	0	0	0	0	9100	0	0	0	0	21800	0	0	0	0	15600	0	0	0	16600	0	0	800	0	0	0	0	0	0	0	29400	0	0
40200	35000	30700	25600	20300	25700	0	0	47900	0	30000	26400	0	14400	25500	19000	0	26900	14000	19400	0	17500	200	10500	0	0	0	36400	6000	200	0	31800	0	0	19000	0	200	30500	26400	0	35000	0	9000	0	26400	0	0	35500	15300	12000	26400	1800	48200	0	0	0	12800	42000	21600	0	0	43000	500	18100	27200	0	0	17100	0	0	0	26400	55800	0	3000
5200	0	0	0	0	0	0	0	12900	0	0	0	0	0	0	0	0	0	0	0	0	0	0	0	0	0	0	1400	0	0	0	0	0	0	0	0	0	0	0	0	0	0	0	0	0	0	0	500	0	0	0	0	13200	0	0	0	0	7000	0	0	0	8000	0	0	0	0	0	0	0	0	0	0	20800	0	0
46200	41000	36700	31600	26300	31700	0	0	53900	1500	36000	32400	0	20400	31500	25000	4600	32900	20000	25400	0	23500	6200	16500	0	0	6000	42400	12000	6200	1000	37800	1500	1500	25000	6000	6200	36500	32400	6000	41000	0	15000	6000	32400	0	0	41500	21300	18000	32400	7800	54200	3400	6000	2000	18800	48000	27600	0	0	49000	6500	24100	33200	0	0	23100	0	0	6000	32400	61800	900	9000
31200	26000	21700	16600	11300	16700	0	0	38900	0	21000	17400	0	5400	16500	10000	0	17900	5000	10400	0	8500	0	1500	0	0	0	27400	0	0	0	22800	0	0	10000	0	0	21500	17400	0	26000	0	0	0	17400	0	0	26500	6300	3000	17400	0	39200	0	0	0	3800	33000	12600	0	0	34000	0	9100	18200	0	0	8100	0	0	0	17400	46800	0	0
40200	35000	30700	25600	20300	25700	0	0	47900	0	30000	26400	0	14400	25500	19000	0	26900	14000	19400	0	17500	200	10500	0	0	0	36400	6000	200	0	31800	0	0	19000	0	200	30500	26400	0	35000	0	9000	0	26400	0	0	35500	15300	12000	26400	1800	48200	0	0	0	12800	42000	21600	0	0	43000	500	18100	27200	0	0	17100	0	0	0	26400	55800	0	3000
13800	8600	4300	0	0	0	0	0	21500	0	3600	0	0	0	0	0	0	500	0	0	0	0	0	0	0	0	0	10000	0	0	0	5400	0	0	0	0	0	4100	0	0	8600	0	0	0	0	0	0	9100	0	0	0	0	21800	0	0	0	0	15600	0	0	0	16600	0	0	800	0	0	0	0	0	0	0	29400	0	0
69400	64200	59900	54800	49500	54900	21200	21200	77100	24700	59200	55600	11300	43600	54700	48200	27800	56100	43200	48600	23200	46700	29400	39700	11800	12700	29200	65600	35200	29400	24200	61000	24700	24700	48200	29200	29400	59700	55600	29200	64200	23200	38200	29200	55600	0	0	64700	44500	41200	55600	31000	77400	26600	29200	25200	42000	71200	50800	18200	0	72200	29700	47300	56400	11800	12700	46300	16800	20700	29200	55600	85000	24100	32200
69400	64200	59900	54800	49500	54900	21200	21200	77100	24700	59200	55600	11300	43600	54700	48200	27800	56100	43200	48600	23200	46700	29400	39700	11800	12700	29200	65600	35200	29400	24200	61000	24700	24700	48200	29200	29400	59700	55600	29200	64200	23200	38200	29200	55600	0	0	64700	44500	41200	55600	31000	77400	26600	29200	25200	42000	71200	50800	18200	0	72200	29700	47300	56400	11800	12700	46300	16800	20700	29200	55600	85000	24100	32200
4700	0	0	0	0	0	0	0	12400	0	0	0	0	0	0	0	0	0	0	0	0	0	0	0	0	0	0	900	0	0	0	0	0	0	0	0	0	0	0	0	0	0	0	0	0	0	0	0	0	0	0	0	12700	0	0	0	0	6500	0	0	0	7500	0	0	0	0	0	0	0	0	0	0	20300	0	0
24900	19700	15400	10300	5000	10400	0	0	32600	0	14700	11100	0	0	10200	3700	0	11600	0	4100	0	2200	0	0	0	0	0	21100	0	0	0	16500	0	0	3700	0	0	15200	11100	0	19700	0	0	0	11100	0	0	20200	0	0	11100	0	32900	0	0	0	0	26700	6300	0	0	27700	0	2800	11900	0	0	1800	0	0	0	11100	40500	0	0
28200	23000	18700	13600	8300	13700	0	0	35900	0	18000	14400	0	2400	13500	7000	0	14900	2000	7400	0	5500	0	0	0	0	0	24400	0	0	0	19800	0	0	7000	0	0	18500	14400	0	23000	0	0	0	14400	0	0	23500	3300	0	14400	0	36200	0	0	0	800	30000	9600	0	0	31000	0	6100	15200	0	0	5100	0	0	0	14400	43800	0	0
13800	8600	4300	0	0	0	0	0	21500	0	3600	0	0	0	0	0	0	500	0	0	0	0	0	0	0	0	0	10000	0	0	0	5400	0	0	0	0	0	4100	0	0	8600	0	0	0	0	0	0	9100	0	0	0	0	21800	0	0	0	0	15600	0	0	0	16600	0	0	800	0	0	0	0	0	0	0	29400	0	0
38400	33200	28900	23800	18500	23900	0	0	46100	0	28200	24600	0	12600	23700	17200	0	25100	12200	17600	0	15700	0	8700	0	0	0	34600	4200	0	0	30000	0	0	17200	0	0	28700	24600	0	33200	0	7200	0	24600	0	0	33700	13500	10200	24600	0	46400	0	0	0	11000	40200	19800	0	0	41200	0	16300	25400	0	0	15300	0	0	0	24600	54000	0	1200
0	0	0	0	0	0	0	0	0	0	0	0	0	0	0	0	0	0	0	0	0	0	0	0	0	0	0	0	0	0	0	0	0	0	0	0	0	0	0	0	0	0	0	0	0	0	0	0	0	0	0	0	0	0	0	0	0	0	0	0	0	0	0	0	0	0	0	0	0	0	0	0	7600	0	0
42800	37600	33300	28200	22900	28300	0	0	50500	0	32600	29000	0	17000	28100	21600	1200	29500	16600	22000	0	20100	2800	13100	0	0	2600	39000	8600	2800	0	34400	0	0	21600	2600	2800	33100	29000	2600	37600	0	11600	2600	29000	0	0	38100	17900	14600	29000	4400	50800	0	2600	0	15400	44600	24200	0	0	45600	3100	20700	29800	0	0	19700	0	0	2600	29000	58400	0	5600
40200	35000	30700	25600	20300	25700	0	0	47900	0	30000	26400	0	14400	25500	19000	0	26900	14000	19400	0	17500	200	10500	0	0	0	36400	6000	200	0	31800	0	0	19000	0	200	30500	26400	0	35000	0	9000	0	26400	0	0	35500	15300	12000	26400	1800	48200	0	0	0	12800	42000	21600	0	0	43000	500	18100	27200	0	0	17100	0	0	0	26400	55800	0	3000
44200	39000	34700	29600	24300	29700	0	0	51900	0	34000	30400	0	18400	29500	23000	2600	30900	18000	23400	0	21500	4200	14500	0	0	4000	40400	10000	4200	0	35800	0	0	23000	4000	4200	34500	30400	4000	39000	0	13000	4000	30400	0	0	39500	19300	16000	30400	5800	52200	1400	4000	0	16800	46000	25600	0	0	47000	4500	22100	31200	0	0	21100	0	0	4000	30400	59800	0	7000
27400	22200	17900	12800	7500	12900	0	0	35100	0	17200	13600	0	1600	12700	6200	0	14100	1200	6600	0	4700	0	0	0	0	0	23600	0	0	0	19000	0	0	6200	0	0	17700	13600	0	22200	0	0	0	13600	0	0	22700	2500	0	13600	0	35400	0	0	0	0	29200	8800	0	0	30200	0	5300	14400	0	0	4300	0	0	0	13600	43000	0	0
0	0	0	0	0	0	0	0	5900	0	0	0	0	0	0	0	0	0	0	0	0	0	0	0	0	0	0	0	0	0	0	0	0	0	0	0	0	0	0	0	0	0	0	0	0	0	0	0	0	0	0	0	6200	0	0	0	0	0	0	0	0	1000	0	0	0	0	0	0	0	0	0	0	13800	0	0
18600	13400	9100	4000	0	4100	0	0	26300	0	8400	4800	0	0	3900	0	0	5300	0	0	0	0	0	0	0	0	0	14800	0	0	0	10200	0	0	0	0	0	8900	4800	0	13400	0	0	0	4800	0	0	13900	0	0	4800	0	26600	0	0	0	0	20400	0	0	0	21400	0	0	5600	0	0	0	0	0	0	4800	34200	0	0
51200	46000	41700	36600	31300	36700	3000	3000	58900	6500	41000	37400	0	25400	36500	30000	9600	37900	25000	30400	5000	28500	11200	21500	0	0	11000	47400	17000	11200	6000	42800	6500	6500	30000	11000	11200	41500	37400	11000	46000	5000	20000	11000	37400	0	0	46500	26300	23000	37400	12800	59200	8400	11000	7000	23800	53000	32600	0	0	54000	11500	29100	38200	0	0	28100	0	2500	11000	37400	66800	5900	14000
69400	64200	59900	54800	49500	54900	21200	21200	77100	24700	59200	55600	11300	43600	54700	48200	27800	56100	43200	48600	23200	46700	29400	39700	11800	12700	29200	65600	35200	29400	24200	61000	24700	24700	48200	29200	29400	59700	55600	29200	64200	23200	38200	29200	55600	0	0	64700	44500	41200	55600	31000	77400	26600	29200	25200	42000	71200	50800	18200	0	72200	29700	47300	56400	11800	12700	46300	16800	20700	29200	55600	85000	24100	32200
0	0	0	0	0	0	0	0	4900	0	0	0	0	0	0	0	0	0	0	0	0	0	0	0	0	0	0	0	0	0	0	0	0	0	0	0	0	0	0	0	0	0	0	0	0	0	0	0	0	0	0	0	5200	0	0	0	0	0	0	0	0	0	0	0	0	0	0	0	0	0	0	0	12800	0	0
39700	34500	30200	25100	19800	25200	0	0	47400	0	29500	25900	0	13900	25000	18500	0	26400	13500	18900	0	17000	0	10000	0	0	0	35900	5500	0	0	31300	0	0	18500	0	0	30000	25900	0	34500	0	8500	0	25900	0	0	35000	14800	11500	25900	1300	47700	0	0	0	12300	41500	21100	0	0	42500	0	17600	26700	0	0	16600	0	0	0	25900	55300	0	2500
22100	16900	12600	7500	2200	7600	0	0	29800	0	11900	8300	0	0	7400	900	0	8800	0	1300	0	0	0	0	0	0	0	18300	0	0	0	13700	0	0	900	0	0	12400	8300	0	16900	0	0	0	8300	0	0	17400	0	0	8300	0	30100	0	0	0	0	23900	3500	0	0	24900	0	0	9100	0	0	0	0	0	0	8300	37700	0	0
13000	7800	3500	0	0	0	0	0	20700	0	2800	0	0	0	0	0	0	0	0	0	0	0	0	0	0	0	0	9200	0	0	0	4600	0	0	0	0	0	3300	0	0	7800	0	0	0	0	0	0	8300	0	0	0	0	21000	0	0	0	0	14800	0	0	0	15800	0	0	0	0	0	0	0	0	0	0	28600	0	0
57600	52400	48100	43000	37700	43100	9400	9400	65300	12900	47400	43800	0	31800	42900	36400	16000	44300	31400	36800	11400	34900	17600	27900	0	900	17400	53800	23400	17600	12400	49200	12900	12900	36400	17400	17600	47900	43800	17400	52400	11400	26400	17400	43800	0	0	52900	32700	29400	43800	19200	65600	14800	17400	13400	30200	59400	39000	6400	0	60400	17900	35500	44600	0	900	34500	5000	8900	17400	43800	73200	12300	20400
56700	51500	47200	42100	36800	42200	8500	8500	64400	12000	46500	42900	0	30900	42000	35500	15100	43400	30500	35900	10500	34000	16700	27000	0	0	16500	52900	22500	16700	11500	48300	12000	12000	35500	16500	16700	47000	42900	16500	51500	10500	25500	16500	42900	0	0	52000	31800	28500	42900	18300	64700	13900	16500	12500	29300	58500	38100	5500	0	59500	17000	34600	43700	0	0	33600	4100	8000	16500	42900	72300	11400	19500
23100	17900	13600	8500	3200	8600	0	0	30800	0	12900	9300	0	0	8400	1900	0	9800	0	2300	0	400	0	0	0	0	0	19300	0	0	0	14700	0	0	1900	0	0	13400	9300	0	17900	0	0	0	9300	0	0	18400	0	0	9300	0	31100	0	0	0	0	24900	4500	0	0	25900	0	1000	10100	0	0	0	0	0	0	9300	38700	0	0
52600	47400	43100	38000	32700	38100	4400	4400	60300	7900	42400	38800	0	26800	37900	31400	11000	39300	26400	31800	6400	29900	12600	22900	0	0	12400	48800	18400	12600	7400	44200	7900	7900	31400	12400	12600	42900	38800	12400	47400	6400	21400	12400	38800	0	0	47900	27700	24400	38800	14200	60600	9800	12400	8400	25200	54400	34000	1400	0	55400	12900	30500	39600	0	0	29500	0	3900	12400	38800	68200	7300	15400
48700	43500	39200	34100	28800	34200	500	500	56400	4000	38500	34900	0	22900	34000	27500	7100	35400	22500	27900	2500	26000	8700	19000	0	0	8500	44900	14500	8700	3500	40300	4000	4000	27500	8500	8700	39000	34900	8500	43500	2500	17500	8500	34900	0	0	44000	23800	20500	34900	10300	56700	5900	8500	4500	21300	50500	30100	0	0	51500	9000	26600	35700	0	0	25600	0	0	8500	34900	64300	3400	11500
40200	35000	30700	25600	20300	25700	0	0	47900	0	30000	26400	0	14400	25500	19000	0	26900	14000	19400	0	17500	200	10500	0	0	0	36400	6000	200	0	31800	0	0	19000	0	200	30500	26400	0	35000	0	9000	0	26400	0	0	35500	15300	12000	26400	1800	48200	0	0	0	12800	42000	21600	0	0	43000	500	18100	27200	0	0	17100	0	0	0	26400	55800	0	3000
13800	8600	4300	0	0	0	0	0	21500	0	3600	0	0	0	0	0	0	500	0	0	0	0	0	0	0	0	0	10000	0	0	0	5400	0	0	0	0	0	4100	0	0	8600	0	0	0	0	0	0	9100	0	0	0	0	21800	0	0	0	0	15600	0	0	0	16600	0	0	800	0	0	0	0	0	0	0	29400	0	0
0	0	0	0	0	0	0	0	0	0	0	0	0	0	0	0	0	0	0	0	0	0	0	0	0	0	0	0	0	0	0	0	0	0	0	0	0	0	0	0	0	0	0	0	0	0	0	0	0	0	0	0	0	0	0	0	0	0	0	0	0	0	0	0	0	0	0	0	0	0	0	0	0	0	0
45300	40100	35800	30700	25400	30800	0	0	53000	600	35100	31500	0	19500	30600	24100	3700	32000	19100	24500	0	22600	5300	15600	0	0	5100	41500	11100	5300	100	36900	600	600	24100	5100	5300	35600	31500	5100	40100	0	14100	5100	31500	0	0	40600	20400	17100	31500	6900	53300	2500	5100	1100	17900	47100	26700	0	0	48100	5600	23200	32300	0	0	22200	0	0	5100	31500	60900	0	8100
37200	32000	27700	22600	17300	22700	0	0	44900	0	27000	23400	0	11400	22500	16000	0	23900	11000	16400	0	14500	0	7500	0	0	0	33400	3000	0	0	28800	0	0	16000	0	0	27500	23400	0	32000	0	6000	0	23400	0	0	32500	12300	9000	23400	0	45200	0	0	0	9800	39000	18600	0	0	40000	0	15100	24200	0	0	14100	0	0	0	23400	52800	0	0

0	5200	9500	14600	19900	14500	48200	48200	0	44700	10200	13800	58100	25800	14700	21200	41600	13300	26200	20800	46200	22700	40000	29700	57600	56700	40200	3800	34200	40000	45200	8400	44700	44700	21200	40200	40000	9700	13800	40200	5200	46200	31200	40200	13800	69400	69400	4700	24900	28200	13800	38400	0	42800	40200	44200	27400	0	18600	51200	69400	0	39700	22100	13000	57600	56700	23100	52600	48700	40200	13800	0	45300	37200
0	0	4300	9400	14700	9300	43000	43000	0	39500	5000	8600	52900	20600	9500	16000	36400	8100	21000	15600	41000	17500	34800	24500	52400	51500	35000	0	29000	34800	40000	3200	39500	39500	16000	35000	34800	4500	8600	35000	0	41000	26000	35000	8600	64200	64200	0	19700	23000	8600	33200	0	37600	35000	39000	22200	0	13400	46000	64200	0	34500	16900	7800	52400	51500	17900	47400	43500	35000	8600	0	40100	32000
0	0	0	5100	10400	5000	38700	38700	0	35200	700	4300	48600	16300	5200	11700	32100	3800	16700	11300	36700	13200	30500	20200	48100	47200	30700	0	24700	30500	35700	0	35200	35200	11700	30700	30500	200	4300	30700	0	36700	21700	30700	4300	59900	59900	0	15400	18700	4300	28900	0	33300	30700	34700	17900	0	9100	41700	59900	0	30200	12600	3500	48100	47200	13600	43100	39200	30700	4300	0	35800	27700
0	0	0	0	5300	0	33600	33600	0	30100	0	0	43500	11200	100	6600	27000	0	11600	6200	31600	8100	25400	15100	43000	42100	25600	0	19600	25400	30600	0	30100	30100	6600	25600	25400	0	0	25600	0	31600	16600	25600	0	54800	54800	0	10300	13600	0	23800	0	28200	25600	29600	12800	0	4000	36600	54800	0	25100	7500	0	43000	42100	8500	38000	34100	25600	0	0	30700	22600
0	0	0	0	0	0	28300	28300	0	24800	0	0	38200	5900	0	1300	21700	0	6300	900	26300	2800	20100	9800	37700	36800	20300	0	14300	20100	25300	0	24800	24800	1300	20300	20100	0	0	20300	0	26300	11300	20300	0	49500	49500	0	5000	8300	0	18500	0	22900	20300	24300	7500	0	0	31300	49500	0	19800	2200	0	37700	36800	3200	32700	28800	20300	0	0	25400	17300
0	0	0	100	5400	0	33700	33700	0	30200	0	0	43600	11300	200	6700	27100	0	11700	6300	31700	8200	25500	15200	43100	42200	25700	0	19700	25500	30700	0	30200	30200	6700	25700	25500	0	0	25700	0	31700	16700	25700	0	54900	54900	0	10400	13700	0	23900	0	28300	25700	29700	12900	0	4100	36700	54900	0	25200	7600	0	43100	42200	8600	38100	34200	25700	0	0	30800	22700
0	0	0	0	0	0	0	0	0	0	0	0	9900	0	0	0	0	0	0	0	0	0	0	0	9400	8500	0	0	0	0	0	0	0	0	0	0	0	0	0	0	0	0	0	0	0	21200	21200	0	0	0	0	0	0	0	0	0	0	0	0	3000	21200	0	0	0	0	9400	8500	0	4400	500	0	0	0	0	0
0	0	0	0	0	0	0	0	0	0	0	0	9900	0	0	0	0	0	0	0	0	0	0	0	9400	8500	0	0	0	0	0	0	0	0	0	0	0	0	0	0	0	0	0	0	0	21200	21200	0	0	0	0	0	0	0	0	0	0	0	0	3000	21200	0	0	0	0	9400	8500	0	4400	500	0	0	0	0	0
7700	12900	17200	22300	27600	22200	55900	55900	0	52400	17900	21500	65800	33500	22400	28900	49300	21000	33900	28500	53900	30400	47700	37400	65300	64400	47900	11500	41900	47700	52900	16100	52400	52400	28900	47900	47700	17400	21500	47900	12900	53900	38900	47900	21500	77100	77100	12400	32600	35900	21500	46100	0	50500	47900	51900	35100	5900	26300	58900	77100	4900	47400	29800	20700	65300	64400	30800	60300	56400	47900	21500	0	53000	44900
0	0	0	0	0	0	3500	3500	0	0	0	0	13400	0	0	0	0	0	0	0	1500	0	0	0	12900	12000	0	0	0	0	500	0	0	0	0	0	0	0	0	0	0	1500	0	0	0	24700	24700	0	0	0	0	0	0	0	0	0	0	0	0	6500	24700	0	0	0	0	12900	12000	0	7900	4000	0	0	0	600	0
0	0	0	4400	9700	4300	38000	38000	0	34500	0	3600	47900	15600	4500	11000	31400	3100	16000	10600	36000	12500	29800	19500	47400	46500	30000	0	24000	29800	35000	0	34500	34500	11000	30000	29800	0	3600	30000	0	36000	21000	30000	3600	59200	59200	0	14700	18000	3600	28200	0	32600	30000	34000	17200	0	8400	41000	59200	0	29500	11900	2800	47400	46500	12900	42400	38500	30000	3600	0	35100	27000
0	0	0	800	6100	700	34400	34400	0	30900	0	0	44300	12000	900	7400	27800	0	12400	7000	32400	8900	26200	15900	43800	42900	26400	0	20400	26200	31400	0	30900	30900	7400	26400	26200	0	0	26400	0	32400	17400	26400	0	55600	55600	0	11100	14400	0	24600	0	29000	26400	30400	13600	0	4800	37400	55600	0	25900	8300	0	43800	42900	9300	38800	34900	26400	0	0	31500	23400
0	0	0	0	0	0	0	0	0	0	0	0	0	0	0	0	0	0	0	0	0	0	0	0	0	0	0	0	0	0	0	0	0	0	0	0	0	0	0	0	0	0	0	0	0	11300	11300	0	0	0	0	0	0	0	0	0	0	0	0	0	11300	0	0	0	0	0	0	0	0	0	0	0	0	0	0
0	0	0	0	0	0	22400	22400	0	18900	0	0	32300	0	0	0	15800	0	400	0	20400	0	14200	3900	31800	30900	14400	0	8400	14200	19400	0	18900	18900	0	14400	14200	0	0	14400	0	20400	5400	14400	0	43600	43600	0	0	2400	0	12600	0	17000	14400	18400	1600	0	0	25400	43600	0	13900	0	0	31800	30900	0	26800	22900	14400	0	0	19500	11400
0	0	0	0	5200	0	33500	33500	0	30000	0	0	43400	11100	0	6500	26900	0	11500	6100	31500	8000	25300	15000	42900	42000	25500	0	19500	25300	30500	0	30000	30000	6500	25500	25300	0	0	25500	0	31500	16500	25500	0	54700	54700	0	10200	13500	0	23700	0	28100	25500	29500	12700	0	3900	36500	54700	0	25000	7400	0	42900	42000	8400	37900	34000	25500	0	0	30600	22500
0	0	0	0	0	0	27000	27000	0	23500	0	0	36900	4600	0	0	20400	0	5000	0	25000	1500	18800	8500	36400	35500	19000	0	13000	18800	24000	0	23500	23500	0	19000	18800	0	0	19000	0	25000	10000	19000	0	48200	48200	0	3700	7000	0	17200	0	21600	19000	23000	6200	0	0	30000	48200	0	18500	900	0	36400	35500	1900	31400	27500	19000	0	0	24100	16000
0	0	0	0	0	0	6600	6600	0	3100	0	0	16500	0	0	0	0	0	0	0	4600	0	0	0	16000	15100	0	0	0	0	3600	0	3100	3100	0	0	0	0	0	0	0	4600	0	0	0	27800	27800	0	0	0	0	0	0	1200	0	2600	0	0	0	9600	27800	0	0	0	0	16000	15100	0	11000	7100	0	0	0	3700	0
0	0	0	1300	6600	1200	34900	34900	0	31400	0	500	44800	12500	1400	7900	28300	0	12900	7500	32900	9400	26700	16400	44300	43400	26900	0	20900	26700	31900	0	31400	31400	7900	26900	26700	0	500	26900	0	32900	17900	26900	500	56100	56100	0	11600	14900	500	25100	0	29500	26900	30900	14100	0	5300	37900	56100	0	26400	8800	0	44300	43400	9800	39300	35400	26900	500	0	32000	23900
0	0	0	0	0	0	22000	22000	0	18500	0	0	31900	0	0	0	15400	0	0	0	20000	0	13800	3500	31400	30500	14000	0	8000	13800	19000	0	18500	18500	0	14000	13800	0	0	14000	0	20000	5000	14000	0	43200	43200	0	0	2000	0	12200	0	16600	14000	18000	1200	0	0	25000	43200	0	13500	0	0	31400	30500	0	26400	22500	14000	0	0	19100	11000
0	0	0	0	0	0	27400	27400	0	23900	0	0	37300	5000	0	400	20800	0	5400	0	25400	1900	19200	8900	36800	35900	19400	0	13400	19200	24400	0	23900	23900	400	19400	19200	0	0	19400	0	25400	10400	19400	0	48600	48600	0	4100	7400	0	17600	0	22000	19400	23400	6600	0	0	30400	48600	0	18900	1300	0	36800	35900	2300	31800	27900	19400	0	0	24500	16400
0	0	0	0	0	0	2000	2000	0	0	0	0	11900	0	0	0	0	0	0	0	0	0	0	0	11400	10500	0	0	0	0	0	0	0	0	0	0	0	0	0	0	0	0	0	0	0	23200	23200	0	0	0	0	0	0	0	0	0	0	0	0	5000	23200	0	0	0	0	11400	10500	0	6400	2500	0	0	0	0	0
0	0	0	0	0	0	25500	25500	0	22000	0	0	35400	3100	0	0	18900	0	3500	0	23500	0	17300	7000	34900	34000	17500	0	11500	17300	22500	0	22000	22000	0	17500	17300	0	0	17500	0	23500	8500	17500	0	46700	46700	0	2200	5500	0	15700	0	20100	17500	21500	4700	0	0	28500	46700	0	17000	0	0	34900	34000	400	29900	26000	17500	0	0	22600	14500
0	0	0	0	0	0	8200	8200	0	4700	0	0	18100	0	0	0	1600	0	0	0	6200	0	0	0	17600	16700	200	0	0	0	5200	0	4700	4700	0	200	0	0	0	200	0	6200	0	200	0	29400	29400	0	0	0	0	0	0	2800	200	4200	0	0	0	11200	29400	0	0	0	0	17600	16700	0	12600	8700	200	0	0	5300	0
0	0	0	0	0	0	18500	18500	0	15000	0	0	28400	0	0	0	11900	0	0	0	16500	0	10300	0	27900	27000	10500	0	4500	10300	15500	0	15000	15000	0	10500	10300	0	0	10500	0	16500	1500	10500	0	39700	39700	0	0	0	0	8700	0	13100	10500	14500	0	0	0	21500	39700	0	10000	0	0	27900	27000	0	22900	19000	10500	0	0	15600	7500
0	0	0	0	0	0	0	0	0	0	0	0	500	0	0	0	0	0	0	0	0	0	0	0	0	0	0	0	0	0	0	0	0	0	0	0	0	0	0	0	0	0	0	0	0	11800	11800	0	0	0	0	0	0	0	0	0	0	0	0	0	11800	0	0	0	0	0	0	0	0	0	0	0	0	0	0
0	0	0	0	0	0	0	0	0	0	0	0	1400	0	0	0	0	0	0	0	0	0	0	0	900	0	0	0	0	0	0	0	0	0	0	0	0	0	0	0	0	0	0	0	0	12700	12700	0	0	0	0	0	0	0	0	0	0	0	0	0	12700	0	0	0	0	900	0	0	0	0	0	0	0	0	0
0	0	0	0	0	0	8000	8000	0	4500	0	0	17900	0	0	0	1400	0	0	0	6000	0	0	0	17400	16500	0	0	0	0	5000	0	4500	4500	0	0	0	0	0	0	0	6000	0	0	0	29200	29200	0	0	0	0	0	0	2600	0	4000	0	0	0	11000	29200	0	0	0	0	17400	16500	0	12400	8500	0	0	0	5100	0
0	1400	5700	10800	16100	10700	44400	44400	0	40900	6400	10000	54300	22000	10900	17400	37800	9500	22400	17000	42400	18900	36200	25900	53800	52900	36400	0	30400	36200	41400	4600	40900	40900	17400	36400	36200	5900	10000	36400	1400	42400	27400	36400	10000	65600	65600	900	21100	24400	10000	34600	0	39000	36400	40400	23600	0	14800	47400	65600	0	35900	18300	9200	53800	52900	19300	48800	44900	36400	10000	0	41500	33400
0	0	0	0	0	0	14000	14000	0	10500	0	0	23900	0	0	0	7400	0	0	0	12000	0	5800	0	23400	22500	6000	0	0	5800	11000	0	10500	10500	0	6000	5800	0	0	6000	0	12000	0	6000	0	35200	35200	0	0	0	0	4200	0	8600	6000	10000	0	0	0	17000	35200	0	5500	0	0	23400	22500	0	18400	14500	6000	0	0	11100	3000
0	0	0	0	0	0	8200	8200	0	4700	0	0	18100	0	0	0	1600	0	0	0	6200	0	0	0	17600	16700	200	0	0	0	5200	0	4700	4700	0	200	0	0	0	200	0	6200	0	200	0	29400	29400	0	0	0	0	0	0	2800	200	4200	0	0	0	11200	29400	0	0	0	0	17600	16700	0	12600	8700	200	0	0	5300	0
0	0	0	0	0	0	3000	3000	0	0	0	0	12900	0	0	0	0	0	0	0	1000	0	0	0	12400	11500	0	0	0	0	0	0	0	0	0	0	0	0	0	0	0	1000	0	0	0	24200	24200	0	0	0	0	0	0	0	0	0	0	0	0	6000	24200	0	0	0	0	12400	11500	0	7400	3500	0	0	0	100	0
0	0	1100	6200	11500	6100	39800	39800	0	36300	1800	5400	49700	17400	6300	12800	33200	4900	17800	12400	37800	14300	31600	21300	49200	48300	31800	0	25800	31600	36800	0	36300	36300	12800	31800	31600	1300	5400	31800	0	37800	22800	31800	5400	61000	61000	0	16500	19800	5400	30000	0	34400	31800	35800	19000	0	10200	42800	61000	0	31300	13700	4600	49200	48300	14700	44200	40300	31800	5400	0	36900	28800
0	0	0	0	0	0	3500	3500	0	0	0	0	13400	0	0	0	0	0	0	0	1500	0	0	0	12900	12000	0	0	0	0	500	0	0	0	0	0	0	0	0	0	0	1500	0	0	0	24700	24700	0	0	0	0	0	0	0	0	0	0	0	0	6500	24700	0	0	0	0	12900	12000	0	7900	4000	0	0	0	600	0
0	0	0	0	0	0	3500	3500	0	0	0	0	13400	0	0	0	0	0	0	0	1500	0	0	0	12900	12000	0	0	0	0	500	0	0	0	0	0	0	0	0	0	0	1500	0	0	0	24700	24700	0	0	0	0	0	0	0	0	0	0	0	0	6500	24700	0	0	0	0	12900	12000	0	7900	4000	0	0	0	600	0
0	0	0	0	0	0	27000	27000	0	23500	0	0	36900	4600	0	0	20400	0	5000	0	25000	1500	18800	8500	36400	35500	19000	0	13000	18800	24000	0	23500	23500	0	19000	18800	0	0	19000	0	25000	10000	19000	0	48200	48200	0	3700	7000	0	17200	0	21600	19000	23000	6200	0	0	30000	48200	0	18500	900	0	36400	35500	1900	31400	27500	19000	0	0	24100	16000
0	0	0	0	0	0	8000	8000	0	4500	0	0	17900	0	0	0	1400	0	0	0	6000	0	0	0	17400	16500	0	0	0	0	5000	0	4500	4500	0	0	0	0	0	0	0	6000	0	0	0	29200	29200	0	0	0	0	0	0	2600	0	4000	0	0	0	11000	29200	0	0	0	0	17400	16500	0	12400	8500	0	0	0	5100	0
0	0	0	0	0	0	8200	8200	0	4700	0	0	18100	0	0	0	1600	0	0	0	6200	0	0	0	17600	16700	200	0	0	0	5200	0	4700	4700	0	200	0	0	0	200	0	6200	0	200	0	29400	29400	0	0	0	0	0	0	2800	200	4200	0	0	0	11200	29400	0	0	0	0	17600	16700	0	12600	8700	200	0	0	5300	0
0	0	0	4900	10200	4800	38500	38500	0	35000	500	4100	48400	16100	5000	11500	31900	3600	16500	11100	36500	13000	30300	20000	47900	47000	30500	0	24500	30300	35500	0	35000	35000	11500	30500	30300	0	4100	30500	0	36500	21500	30500	4100	59700	59700	0	15200	18500	4100	28700	0	33100	30500	34500	17700	0	8900	41500	59700	0	30000	12400	3300	47900	47000	13400	42900	39000	30500	4100	0	35600	27500
0	0	0	800	6100	700	34400	34400	0	30900	0	0	44300	12000	900	7400	27800	0	12400	7000	32400	8900	26200	15900	43800	42900	26400	0	20400	26200	31400	0	30900	30900	7400	26400	26200	0	0	26400	0	32400	17400	26400	0	55600	55600	0	11100	14400	0	24600	0	29000	26400	30400	13600	0	4800	37400	55600	0	25900	8300	0	43800	42900	9300	38800	34900	26400	0	0	31500	23400
0	0	0	0	0	0	8000	8000	0	4500	0	0	17900	0	0	0	1400	0	0	0	6000	0	0	0	17400	16500	0	0	0	0	5000	0	4500	4500	0	0	0	0	0	0	0	6000	0	0	0	29200	29200	0	0	0	0	0	0	2600	0	4000	0	0	0	11000	29200	0	0	0	0	17400	16500	0	12400	8500	0	0	0	5100	0
0	0	4300	9400	14700	9300	43000	43000	0	39500	5000	8600	52900	20600	9500	16000	36400	8100	21000	15600	41000	17500	34800	24500	52400	51500	35000	0	29000	34800	40000	3200	39500	39500	16000	35000	34800	4500	8600	35000	0	41000	26000	35000	8600	64200	64200	0	19700	23000	8600	33200	0	37600	35000	39000	22200	0	13400	46000	64200	0	34500	16900	7800	52400	51500	17900	47400	43500	35000	8600	0	40100	32000
0	0	0	0	0	0	2000	2000	0	0	0	0	11900	0	0	0	0	0	0	0	0	0	0	0	11400	10500	0	0	0	0	0	0	0	0	0	0	0	0	0	0	0	0	0	0	0	23200	23200	0	0	0	0	0	0	0	0	0	0	0	0	5000	23200	0	0	0	0	11400	10500	0	6400	2500	0	0	0	0	0
0	0	0	0	0	0	17000	17000	0	13500	0	0	26900	0	0	0	10400	0	0	0	15000	0	8800	0	26400	25500	9000	0	3000	8800	14000	0	13500	13500	0	9000	8800	0	0	9000	0	15000	0	9000	0	38200	38200	0	0	0	0	7200	0	11600	9000	13000	0	0	0	20000	38200	0	8500	0	0	26400	25500	0	21400	17500	9000	0	0	14100	6000
0	0	0	0	0	0	8000	8000	0	4500	0	0	17900	0	0	0	1400	0	0	0	6000	0	0	0	17400	16500	0	0	0	0	5000	0	4500	4500	0	0	0	0	0	0	0	6000	0	0	0	29200	29200	0	0	0	0	0	0	2600	0	4000	0	0	0	11000	29200	0	0	0	0	17400	16500	0	12400	8500	0	0	0	5100	0
0	0	0	800	6100	700	34400	34400	0	30900	0	0	44300	12000	900	7400	27800	0	12400	7000	32400	8900	26200	15900	43800	42900	26400	0	20400	26200	31400	0	30900	30900	7400	26400	26200	0	0	26400	0	32400	17400	26400	0	55600	55600	0	11100	14400	0	24600	0	29000	26400	30400	13600	0	4800	37400	55600	0	25900	8300	0	43800	42900	9300	38800	34900	26400	0	0	31500	23400
0	0	0	0	0	0	0	0	0	0	0	0	0	0	0	0	0	0	0	0	0	0	0	0	0	0	0	0	0	0	0	0	0	0	0	0	0	0	0	0	0	0	0	0	0	0	0	0	0	0	0	0	0	0	0	0	0	0	0	0	0	0	0	0	0	0	0	0	0	0	0	0	0	0	0
0	0	0	0	0	0	0	0	0	0	0	0	0	0	0	0	0	0	0	0	0	0	0	0	0	0	0	0	0	0	0	0	0	0	0	0	0	0	0	0	0	0	0	0	0	0	0	0	0	0	0	0	0	0	0	0	0	0	0	0	0	0	0	0	0	0	0	0	0	0	0	0	0	0	0
0	500	4800	9900	15200	9800	43500	43500	0	40000	5500	9100	53400	21100	10000	16500	36900	8600	21500	16100	41500	18000	35300	25000	52900	52000	35500	0	29500	35300	40500	3700	40000	40000	16500	35500	35300	5000	9100	35500	500	41500	26500	35500	9100	64700	64700	0	20200	23500	9100	33700	0	38100	35500	39500	22700	0	13900	46500	64700	0	35000	17400	8300	52900	52000	18400	47900	44000	35500	9100	0	40600	32500
0	0	0	0	0	0	23300	23300	0	19800	0	0	33200	900	0	0	16700	0	1300	0	21300	0	15100	4800	32700	31800	15300	0	9300	15100	20300	0	19800	19800	0	15300	15100	0	0	15300	0	21300	6300	15300	0	44500	44500	0	0	3300	0	13500	0	17900	15300	19300	2500	0	0	26300	44500	0	14800	0	0	32700	31800	0	27700	23800	15300	0	0	20400	12300
0	0	0	0	0	0	20000	20000	0	16500	0	0	29900	0	0	0	13400	0	0	0	18000	0	11800	1500	29400	28500	12000	0	6000	11800	17000	0	16500	16500	0	12000	11800	0	0	12000	0	18000	3000	12000	0	41200	41200	0	0	0	0	10200	0	14600	12000	16000	0	0	0	23000	41200	0	11500	0	0	29400	28500	0	24400	20500	12000	0	0	17100	9000
0	0	0	800	6100	700	34400	34400	0	30900	0	0	44300	12000	900	7400	27800	0	12400	7000	32400	8900	26200	15900	43800	42900	26400	0	20400	26200	31400	0	30900	30900	7400	26400	26200	0	0	26400	0	32400	17400	26400	0	55600	55600	0	11100	14400	0	24600	0	29000	26400	30400	13600	0	4800	37400	55600	0	25900	8300	0	43800	42900	9300	38800	34900	26400	0	0	31500	23400
0	0	0	0	0	0	9800	9800	0	6300	0	0	19700	0	0	0	3200	0	0	0	7800	0	1600	0	19200	18300	1800	0	0	1600	6800	0	6300	6300	0	1800	1600	0	0	1800	0	7800	0	1800	0	31000	31000	0	0	0	0	0	0	4400	1800	5800	0	0	0	12800	31000	0	1300	0	0	19200	18300	0	14200	10300	1800	0	0	6900	0
8000	13200	17500	22600	27900	22500	56200	56200	300	52700	18200	21800	66100	33800	22700	29200	49600	21300	34200	28800	54200	30700	48000	37700	65600	64700	48200	11800	42200	48000	53200	16400	52700	52700	29200	48200	48000	17700	21800	48200	13200	54200	39200	48200	21800	77400	77400	12700	32900	36200	21800	46400	0	50800	48200	52200	35400	6200	26600	59200	77400	5200	47700	30100	21000	65600	64700	31100	60600	56700	48200	21800	0	53300	45200
0	0	0	0	0	0	5400	5400	0	1900	0	0	15300	0	0	0	0	0	0	0	3400	0	0	0	14800	13900	0	0	0	0	2400	0	1900	1900	0	0	0	0	0	0	0	3400	0	0	0	26600	26600	0	0	0	0	0	0	0	0	1400	0	0	0	8400	26600	0	0	0	0	14800	13900	0	9800	5900	0	0	0	2500	0
0	0	0	0	0	0	8000	8000	0	4500	0	0	17900	0	0	0	1400	0	0	0	6000	0	0	0	17400	16500	0	0	0	0	5000	0	4500	4500	0	0	0	0	0	0	0	6000	0	0	0	29200	29200	0	0	0	0	0	0	2600	0	4000	0	0	0	11000	29200	0	0	0	0	17400	16500	0	12400	8500	0	0	0	5100	0
0	0	0	0	0	0	4000	4000	0	500	0	0	13900	0	0	0	0	0	0	0	2000	0	0	0	13400	12500	0	0	0	0	1000	0	500	500	0	0	0	0	0	0	0	2000	0	0	0	25200	25200	0	0	0	0	0	0	0	0	0	0	0	0	7000	25200	0	0	0	0	13400	12500	0	8400	4500	0	0	0	1100	0
0	0	0	0	0	0	20800	20800	0	17300	0	0	30700	0	0	0	14200	0	0	0	18800	0	12600	2300	30200	29300	12800	0	6800	12600	17800	0	17300	17300	0	12800	12600	0	0	12800	0	18800	3800	12800	0	42000	42000	0	0	800	0	11000	0	15400	12800	16800	0	0	0	23800	42000	0	12300	0	0	30200	29300	0	25200	21300	12800	0	0	17900	9800
1800	7000	11300	16400	21700	16300	50000	50000	0	46500	12000	15600	59900	27600	16500	23000	43400	15100	28000	22600	48000	24500	41800	31500	59400	58500	42000	5600	36000	41800	47000	10200	46500	46500	23000	42000	41800	11500	15600	42000	7000	48000	33000	42000	15600	71200	71200	6500	26700	30000	15600	40200	0	44600	42000	46000	29200	0	20400	53000	71200	0	41500	23900	14800	59400	58500	24900	54400	50500	42000	15600	0	47100	39000
0	0	0	0	1300	0	29600	29600	0	26100	0	0	39500	7200	0	2600	23000	0	7600	2200	27600	4100	21400	11100	39000	38100	21600	0	15600	21400	26600	0	26100	26100	2600	21600	21400	0	0	21600	0	27600	12600	21600	0	50800	50800	0	6300	9600	0	19800	0	24200	21600	25600	8800	0	0	32600	50800	0	21100	3500	0	39000	38100	4500	34000	30100	21600	0	0	26700	18600
0	0	0	0	0	0	0	0	0	0	0	0	6900	0	0	0	0	0	0	0	0	0	0	0	6400	5500	0	0	0	0	0	0	0	0	0	0	0	0	0	0	0	0	0	0	0	18200	18200	0	0	0	0	0	0	0	0	0	0	0	0	0	18200	0	0	0	0	6400	5500	0	1400	0	0	0	0	0	0
0	0	0	0	0	0	0	0	0	0	0	0	0	0	0	0	0	0	0	0	0	0	0	0	0	0	0	0	0	0	0	0	0	0	0	0	0	0	0	0	0	0	0	0	0	0	0	0	0	0	0	0	0	0	0	0	0	0	0	0	0	0	0	0	0	0	0	0	0	0	0	0	0	0	0
2800	8000	12300	17400	22700	17300	51000	51000	0	47500	13000	16600	60900	28600	17500	24000	44400	16100	29000	23600	49000	25500	42800	32500	60400	59500	43000	6600	37000	42800	48000	11200	47500	47500	24000	43000	42800	12500	16600	43000	8000	49000	34000	43000	16600	72200	72200	7500	27700	31000	16600	41200	0	45600	43000	47000	30200	1000	21400	54000	72200	0	42500	24900	15800	60400	59500	25900	55400	51500	43000	16600	0	48100	40000
0	0	0	0	0	0	8500	8500	0	5000	0	0	18400	0	0	0	1900	0	0	0	6500	0	300	0	17900	17000	500	0	0	300	5500	0	5000	5000	0	500	300	0	0	500	0	6500	0	500	0	29700	29700	0	0	0	0	0	0	3100	500	4500	0	0	0	11500	29700	0	0	0	0	17900	17000	0	12900	9000	500	0	0	5600	0
0	0	0	0	0	0	26100	26100	0	22600	0	0	36000	3700	0	0	19500	0	4100	0	24100	600	17900	7600	35500	34600	18100	0	12100	17900	23100	0	22600	22600	0	18100	17900	0	0	18100	0	24100	9100	18100	0	47300	47300	0	2800	6100	0	16300	0	20700	18100	22100	5300	0	0	29100	47300	0	17600	0	0	35500	34600	1000	30500	26600	18100	0	0	23200	15100
0	0	0	1600	6900	1500	35200	35200	0	31700	0	800	45100	12800	1700	8200	28600	300	13200	7800	33200	9700	27000	16700	44600	43700	27200	0	21200	27000	32200	0	31700	31700	8200	27200	27000	0	800	27200	0	33200	18200	27200	800	56400	56400	0	11900	15200	800	25400	0	29800	27200	31200	14400	0	5600	38200	56400	0	26700	9100	0	44600	43700	10100	39600	35700	27200	800	0	32300	24200
0	0	0	0	0	0	0	0	0	0	0	0	500	0	0	0	0	0	0	0	0	0	0	0	0	0	0	0	0	0	0	0	0	0	0	0	0	0	0	0	0	0	0	0	0	11800	11800	0	0	0	0	0	0	0	0	0	0	0	0	0	11800	0	0	0	0	0	0	0	0	0	0	0	0	0	0
0	0	0	0	0	0	0	0	0	0	0	0	1400	0	0	0	0	0	0	0	0	0	0	0	900	0	0	0	0	0	0	0	0	0	0	0	0	0	0	0	0	0	0	0	0	12700	12700	0	0	0	0	0	0	0	0	0	0	0	0	0	12700	0	0	0	0	900	0	0	0	0	0	0	0	0	0
0	0	0	0	0	0	25100	25100	0	21600	0	0	35000	2700	0	0	18500	0	3100	0	23100	0	16900	6600	34500	33600	17100	0	11100	16900	22100	0	21600	21600	0	17100	16900	0	0	17100	0	23100	8100	17100	0	46300	46300	0	1800	5100	0	15300	0	19700	17100	21100	4300	0	0	28100	46300	0	16600	0	0	34500	33600	0	29500	25600	17100	0	0	22200	14100
0	0	0	0	0	0	0	0	0	0	0	0	5500	0	0	0	0	0	0	0	0	0	0	0	5000	4100	0	0	0	0	0	0	0	0	0	0	0	0	0	0	0	0	0	0	0	16800	16800	0	0	0	0	0	0	0	0	0	0	0	0	0	16800	0	0	0	0	5000	4100	0	0	0	0	0	0	0	0
0	0	0	0	0	0	0	0	0	0	0	0	9400	0	0	0	0	0	0	0	0	0	0	0	8900	8000	0	0	0	0	0	0	0	0	0	0	0	0	0	0	0	0	0	0	0	20700	20700	0	0	0	0	0	0	0	0	0	0	0	0	2500	20700	0	0	0	0	8900	8000	0	3900	0	0	0	0	0	0
0	0	0	0	0	0	8000	8000	0	4500	0	0	17900	0	0	0	1400	0	0	0	6000	0	0	0	17400	16500	0	0	0	0	5000	0	4500	4500	0	0	0	0	0	0	0	6000	0	0	0	29200	29200	0	0	0	0	0	0	2600	0	4000	0	0	0	11000	29200	0	0	0	0	17400	16500	0	12400	8500	0	0	0	5100	0
0	0	0	800	6100	700	34400	34400	0	30900	0	0	44300	12000	900	7400	27800	0	12400	7000	32400	8900	26200	15900	43800	42900	26400	0	20400	26200	31400	0	30900	30900	7400	26400	26200	0	0	26400	0	32400	17400	26400	0	55600	55600	0	11100	14400	0	24600	0	29000	26400	30400	13600	0	4800	37400	55600	0	25900	8300	0	43800	42900	9300	38800	34900	26400	0	0	31500	23400
15600	20800	25100	30200	35500	30100	63800	63800	7900	60300	25800	29400	73700	41400	30300	36800	57200	28900	41800	36400	61800	38300	55600	45300	73200	72300	55800	19400	49800	55600	60800	24000	60300	60300	36800	55800	55600	25300	29400	55800	20800	61800	46800	55800	29400	85000	85000	20300	40500	43800	29400	54000	7600	58400	55800	59800	43000	13800	34200	66800	85000	12800	55300	37700	28600	73200	72300	38700	68200	64300	55800	29400	0	60900	52800
0	0	0	0	0	0	2900	2900	0	0	0	0	12800	0	0	0	0	0	0	0	900	0	0	0	12300	11400	0	0	0	0	0	0	0	0	0	0	0	0	0	0	0	900	0	0	0	24100	24100	0	0	0	0	0	0	0	0	0	0	0	0	5900	24100	0	0	0	0	12300	11400	0	7300	3400	0	0	0	0	0
0	0	0	0	0	0	11000	11000	0	7500	0	0	20900	0	0	0	4400	0	0	0	9000	0	2800	0	20400	19500	3000	0	0	2800	8000	0	7500	7500	0	3000	2800	0	0	3000	0	9000	0	3000	0	32200	32200	0	0	0	0	1200	0	5600	3000	7000	0	0	0	14000	32200	0	2500	0	0	20400	19500	0	15400	11500	3000	0	0	8100	0

0	43	0	0	0	0	11	0	0	30	90	0	0	0	0	11	30	0	18	43	8	0	37	0	60	30	0	60	0	0	15	0	60	0	30	49	0	0	0	0	0	11	0	0	26	45	0	0	39	0	26	15	0	30	0	0	30	28	0	0	38	0	0	0	18	0	0	77	48	0	34	26	0	0	20
0	0	0	0	0	0	0	0	0	0	80	0	0	0	0	0	0	0	0	0	0	0	0	0	36	0	0	36	0	0	0	0	36	0	0	15	0	0	0	0	0	0	0	0	0	4	0	0	0	0	0	0	0	0	0	0	0	0	0	0	0	0	0	0	0	0	0	62	11	0	0	0	0	0	0
4	45	0	0	0	4	15	0	4	32	91	0	0	4	0	15	32	0	20	45	11	0	39	0	61	32	4	61	0	0	18	0	61	4	32	51	0	4	0	4	0	15	0	0	28	46	0	0	41	0	28	18	0	32	0	4	32	30	0	0	40	0	0	0	20	0	0	77	49	4	36	28	0	0	23
30	56	28	0	15	30	36	8	30	48	95	0	10	30	18	36	48	20	40	56	34	23	53	18	70	48	30	70	18	23	38	28	70	30	48	61	26	30	18	30	0	36	0	11	45	57	0	0	54	11	45	38	18	48	18	30	48	46	11	0	53	0	18	0	40	0	28	84	60	30	51	45	0	11	41
20	52	18	0	0	20	28	0	20	41	93	0	0	20	4	28	41	8	32	52	26	11	47	4	66	41	20	66	4	11	30	18	66	20	41	56	15	20	4	20	0	28	0	0	38	53	0	0	49	0	38	30	4	41	4	20	41	40	0	0	48	0	4	0	32	0	18	81	56	20	45	38	0	0	34
0	43	0	0	0	0	11	0	0	30	90	0	0	0	0	11	30	0	18	43	8	0	37	0	60	30	0	60	0	0	15	0	60	0	30	49	0	0	0	0	0	11	0	0	26	45	0	0	39	0	26	15	0	30	0	0	30	28	0	0	38	0	0	0	18	0	0	77	48	0	34	26	0	0	20
0	38	0	0	0	0	0	0	0	23	89	0	0	0	0	0	23	0	8	38	0	0	31	0	56	23	0	56	0	0	4	0	56	0	23	45	0	0	0	0	0	0	0	0	18	40	0	0	34	0	18	4	0	23	0	0	23	20	0	0	32	0	0	0	8	0	0	74	43	0	28	18	0	0	11
26	54	23	0	8	26	32	0	26	45	94	0	2	26	11	32	45	15	36	54	30	18	50	11	68	45	26	68	11	18	34	23	68	26	45	59	20	26	11	26	0	32	0	4	41	56	0	0	52	4	41	34	11	45	11	26	45	43	4	0	51	0	11	0	36	0	23	82	57	26	48	41	0	4	38
0	43	0	0	0	0	11	0	0	30	90	0	0	0	0	11	30	0	18	43	8	0	37	0	60	30	0	60	0	0	15	0	60	0	30	49	0	0	0	0	0	11	0	0	26	45	0	0	39	0	26	15	0	30	0	0	30	28	0	0	38	0	0	0	18	0	0	77	48	0	34	26	0	0	20
0	23	0	0	0	0	0	0	0	0	85	0	0	0	0	0	0	0	0	23	0	0	13	0	47	0	0	48	0	0	0	0	48	0	0	32	0	0	0	0	0	0	0	0	0	26	0	0	17	0	0	0	0	0	0	0	0	0	0	0	15	0	0	0	0	0	0	69	30	0	8	0	0	0	0
0	0	0	0	0	0	0	0	0	0	0	0	0	0	0	0	0	0	0	0	0	0	0	0	0	0	0	0	0	0	0	0	0	0	0	0	0	0	0	0	0	0	0	0	0	0	0	0	0	0	0	0	0	0	0	0	0	0	0	0	0	0	0	0	0	0	0	0	0	0	0	0	0	0	0
30	56	28	0	15	30	36	8	30	48	95	0	10	30	18	36	48	20	40	56	34	23	53	18	70	48	30	70	18	23	38	28	70	30	48	61	26	30	18	30	0	36	0	11	45	57	0	0	54	11	45	38	18	48	18	30	48	46	11	0	53	0	18	0	40	0	28	84	60	30	51	45	0	11	41
24	54	22	0	6	24	31	0	24	44	94	0	0	24	10	31	44	13	35	54	28	16	49	10	67	44	24	68	10	16	33	22	68	24	44	59	19	24	10	24	0	31	0	2	41	55	0	0	51	2	41	33	10	44	10	24	44	42	2	0	50	0	10	0	35	0	22	82	56	24	47	41	0	2	37
0	43	0	0	0	0	11	0	0	30	90	0	0	0	0	11	30	0	18	43	8	0	37	0	60	30	0	60	0	0	15	0	60	0	30	49	0	0	0	0	0	11	0	0	26	45	0	0	39	0	26	15	0	30	0	0	30	28	0	0	38	0	0	0	18	0	0	77	48	0	34	26	0	0	20
18	51	15	0	0	18	26	0	18	40	93	0	0	18	0	26	40	4	30	51	23	8	45	0	65	40	18	65	0	8	28	15	65	18	40	56	11	18	0	18	0	26	0	0	36	52	0	0	47	0	36	28	0	40	0	18	40	38	0	0	46	0	0	0	30	0	15	80	54	18	43	36	0	0	32
0	38	0	0	0	0	0	0	0	23	89	0	0	0	0	0	23	0	8	38	0	0	31	0	56	23	0	56	0	0	4	0	56	0	23	45	0	0	0	0	0	0	0	0	18	40	0	0	34	0	18	4	0	23	0	0	23	20	0	0	32	0	0	0	8	0	0	74	43	0	28	18	0	0	11
0	23	0	0	0	0	0	0	0	0	85	0	0	0	0	0	0	0	0	23	0	0	13	0	47	0	0	48	0	0	0	0	48	0	0	32	0	0	0	0	0	0	0	0	0	26	0	0	17	0	0	0	0	0	0	0	0	0	0	0	15	0	0	0	0	0	0	69	30	0	8	0	0	0	0
15	49	11	0	0	15	23	0	15	38	92	0	0	15	0	23	38	0	28	49	20	4	44	0	64	38	15	64	0	4	26	11	64	15	38	54	8	15	0	15	0	23	0	0	34	51	0	0	46	0	34	26	0	38	0	15	38	36	0	0	45	0	0	0	28	0	11	80	53	15	41	34	0	0	30
0	34	0	0	0	0	0	0	0	18	88	0	0	0	0	0	18	0	0	34	0	0	27	0	54	18	0	54	0	0	0	0	54	0	18	41	0	0	0	0	0	0	0	0	11	36	0	0	30	0	11	0	0	18	0	0	18	15	0	0	28	0	0	0	0	0	0	73	40	0	23	11	0	0	4
0	0	0	0	0	0	0	0	0	0	80	0	0	0	0	0	0	0	0	0	0	0	0	0	36	0	0	36	0	0	0	0	36	0	0	15	0	0	0	0	0	0	0	0	0	4	0	0	0	0	0	0	0	0	0	0	0	0	0	0	0	0	0	0	0	0	0	62	11	0	0	0	0	0	0
0	40	0	0	0	0	4	0	0	26	89	0	0	0	0	4	26	0	11	40	0	0	33	0	57	26	0	57	0	0	8	0	57	0	26	46	0	0	0	0	0	4	0	0	20	41	0	0	36	0	20	8	0	26	0	0	26	23	0	0	34	0	0	0	11	0	0	75	45	0	30	20	0	0	15
11	48	8	0	0	11	20	0	11	36	92	0	0	11	0	20	36	0	26	48	18	0	42	0	63	36	11	63	0	0	23	8	63	11	36	53	4	11	0	11	0	20	0	0	32	49	0	0	44	0	32	23	0	36	0	11	36	34	0	0	43	0	0	0	26	0	8	79	52	11	40	32	0	0	28
0	13	0	0	0	0	0	0	0	0	82	0	0	0	0	0	0	0	0	13	0	0	0	0	42	0	0	42	0	0	0	0	42	0	0	24	0	0	0	0	0	0	0	0	0	16	0	0	5	0	0	0	0	0	0	0	0	0	0	0	2	0	0	0	0	0	0	65	22	0	0	0	0	0	0
18	51	15	0	0	18	26	0	18	40	93	0	0	18	0	26	40	4	30	51	23	8	45	0	65	40	18	65	0	8	28	15	65	18	40	56	11	18	0	18	0	26	0	0	36	52	0	0	47	0	36	28	0	40	0	18	40	38	0	0	46	0	0	0	30	0	15	80	54	18	43	36	0	0	32
0	0	0	0	0	0	0	0	0	0	70	0	0	0	0	0	0	0	0	0	0	0	0	0	0	0	0	1	0	0	0	0	1	0	0	0	0	0	0	0	0	0	0	0	0	0	0	0	0	0	0	0	0	0	0	0	0	0	0	0	0	0	0	0	0	0	0	46	0	0	0	0	0	0	0
0	23	0	0	0	0	0	0	0	0	85	0	0	0	0	0	0	0	0	23	0	0	13	0	47	0	0	48	0	0	0	0	48	0	0	32	0	0	0	0	0	0	0	0	0	26	0	0	17	0	0	0	0	0	0	0	0	0	0	0	15	0	0	0	0	0	0	69	30	0	8	0	0	0	0
0	43	0	0	0	0	11	0	0	30	90	0	0	0	0	11	30	0	18	43	8	0	37	0	60	30	0	60	0	0	15	0	60	0	30	49	0	0	0	0	0	11	0	0	26	45	0	0	39	0	26	15	0	30	0	0	30	28	0	0	38	0	0	0	18	0	0	77	48	0	34	26	0	0	20
0	0	0	0	0	0	0	0	0	0	70	0	0	0	0	0	0	0	0	0	0	0	0	0	0	0	0	0	0	0	0	0	0	0	0	0	0	0	0	0	0	0	0	0	0	0	0	0	0	0	0	0	0	0	0	0	0	0	0	0	0	0	0	0	0	0	0	45	0	0	0	0	0	0	0
18	51	15	0	0	18	26	0	18	40	93	0	0	18	0	26	40	4	30	51	23	8	45	0	65	40	18	65	0	8	28	15	65	18	40	56	11	18	0	18	0	26	0	0	36	52	0	0	47	0	36	28	0	40	0	18	40	38	0	0	46	0	0	0	30	0	15	80	54	18	43	36	0	0	32
11	48	8	0	0	11	20	0	11	36	92	0	0	11	0	20	36	0	26	48	18	0	42	0	63	36	11	63	0	0	23	8	63	11	36	53	4	11	0	11	0	20	0	0	32	49	0	0	44	0	32	23	0	36	0	11	36	34	0	0	43	0	0	0	26	0	8	79	52	11	40	32	0	0	28
0	36	0	0	0	0	0	0	0	20	88	0	0	0	0	0	20	0	4	36	0	0	28	0	55	20	0	56	0	0	0	0	56	0	20	43	0	0	0	0	0	0	0	0	15	38	0	0	32	0	15	0	0	20	0	0	20	18	0	0	30	0	0	0	4	0	0	74	41	0	26	15	0	0	8
4	45	0	0	0	4	15	0	4	32	91	0	0	4	0	15	32	0	20	45	11	0	39	0	61	32	4	61	0	0	18	0	61	4	32	51	0	4	0	4	0	15	0	0	28	46	0	0	41	0	28	18	0	32	0	4	32	30	0	0	40	0	0	0	20	0	0	77	49	4	36	28	0	0	23
0	0	0	0	0	0	0	0	0	0	70	0	0	0	0	0	0	0	0	0	0	0	0	0	0	0	0	0	0	0	0	0	0	0	0	0	0	0	0	0	0	0	0	0	0	0	0	0	0	0	0	0	0	0	0	0	0	0	0	0	0	0	0	0	0	0	0	45	0	0	0	0	0	0	0
0	43	0	0	0	0	11	0	0	30	90	0	0	0	0	11	30	0	18	43	8	0	37	0	60	30	0	60	0	0	15	0	60	0	30	49	0	0	0	0	0	11	0	0	26	45	0	0	39	0	26	15	0	30	0	0	30	28	0	0	38	0	0	0	18	0	0	77	48	0	34	26	0	0	20
0	23	0	0	0	0	0	0	0	0	85	0	0	0	0	0	0	0	0	23	0	0	13	0	47	0	0	48	0	0	0	0	48	0	0	32	0	0	0	0	0	0	0	0	0	26	0	0	17	0	0	0	0	0	0	0	0	0	0	0	15	0	0	0	0	0	0	69	30	0	8	0	0	0	0
0	0	0	0	0	0	0	0	0	0	77	0	0	0	0	0	0	0	0	0	0	0	0	0	27	0	0	28	0	0	0	0	28	0	0	0	0	0	0	0	0	0	0	0	0	0	0	0	0	0	0	0	0	0	0	0	0	0	0	0	0	0	0	0	0	0	0	56	0	0	0	0	0	0	0
8	46	4	0	0	8	18	0	8	34	91	0	0	8	0	18	34	0	23	46	15	0	41	0	62	34	8	62	0	0	20	4	62	8	34	52	0	8	0	8	0	18	0	0	30	48	0	0	43	0	30	20	0	34	0	8	34	32	0	0	41	0	0	0	23	0	4	78	51	8	38	30	0	0	26
0	43	0	0	0	0	11	0	0	30	90	0	0	0	0	11	30	0	18	43	8	0	37	0	60	30	0	60	0	0	15	0	60	0	30	49	0	0	0	0	0	11	0	0	26	45	0	0	39	0	26	15	0	30	0	0	30	28	0	0	38	0	0	0	18	0	0	77	48	0	34	26	0	0	20
18	51	15	0	0	18	26	0	18	40	93	0	0	18	0	26	40	4	30	51	23	8	45	0	65	40	18	65	0	8	28	15	65	18	40	56	11	18	0	18	0	26	0	0	36	52	0	0	47	0	36	28	0	40	0	18	40	38	0	0	46	0	0	0	30	0	15	80	54	18	43	36	0	0	32
0	43	0	0	0	0	11	0	0	30	90	0	0	0	0	11	30	0	18	43	8	0	37	0	60	30	0	60	0	0	15	0	60	0	30	49	0	0	0	0	0	11	0	0	26	45	0	0	39	0	26	15	0	30	0	0	30	28	0	0	38	0	0	0	18	0	0	77	48	0	34	26	0	0	20
30	56	28	0	15	30	36	8	30	48	95	0	10	30	18	36	48	20	40	56	34	23	53	18	70	48	30	70	18	23	38	28	70	30	48	61	26	30	18	30	0	36	0	11	45	57	0	0	54	11	45	38	18	48	18	30	48	46	11	0	53	0	18	0	40	0	28	84	60	30	51	45	0	11	41
0	38	0	0	0	0	0	0	0	23	89	0	0	0	0	0	23	0	8	38	0	0	31	0	56	23	0	56	0	0	4	0	56	0	23	45	0	0	0	0	0	0	0	0	18	40	0	0	34	0	18	4	0	23	0	0	23	20	0	0	32	0	0	0	8	0	0	74	43	0	28	18	0	0	11
35	60	33	10	22	35	41	16	35	51	97	10	18	35	24	41	51	27	44	60	39	28	56	24	72	51	35	72	24	28	42	33	72	35	51	64	31	35	24	35	10	41	0	19	48	61	10	10	56	19	48	42	24	51	24	35	51	50	19	0	56	6	24	10	44	10	33	85	63	35	54	48	10	19	45
23	53	20	0	4	23	30	0	23	43	94	0	0	23	8	30	43	11	34	53	28	15	48	8	67	43	23	67	8	15	32	20	67	23	43	57	18	23	8	23	0	30	0	0	40	54	0	0	50	0	40	32	8	43	8	23	43	41	0	0	49	0	8	0	34	0	20	82	56	23	46	40	0	0	36
0	28	0	0	0	0	0	0	0	8	86	0	0	0	0	0	8	0	0	28	0	0	19	0	50	8	0	51	0	0	0	0	51	0	8	36	0	0	0	0	0	0	0	0	0	30	0	0	23	0	0	0	0	8	0	0	8	4	0	0	20	0	0	0	0	0	0	70	34	0	15	0	0	0	0
0	0	0	0	0	0	0	0	0	0	79	0	0	0	0	0	0	0	0	0	0	0	0	0	34	0	0	34	0	0	0	0	34	0	0	11	0	0	0	0	0	0	0	0	0	0	0	0	0	0	0	0	0	0	0	0	0	0	0	0	0	0	0	0	0	0	0	61	8	0	0	0	0	0	0
30	56	28	0	15	30	36	8	30	48	95	0	10	30	18	36	48	20	40	56	34	23	53	18	70	48	30	70	18	23	38	28	70	30	48	61	26	30	18	30	0	36	0	11	45	57	0	0	54	11	45	38	18	48	18	30	48	46	11	0	53	0	18	0	40	0	28	84	60	30	51	45	0	11	41
30	56	28	0	15	30	36	8	30	48	95	0	10	30	18	36	48	20	40	56	34	23	53	18	70	48	30	70	18	23	38	28	70	30	48	61	26	30	18	30	0	36	0	11	45	57	0	0	54	11	45	38	18	48	18	30	48	46	11	0	53	0	18	0	40	0	28	84	60	30	51	45	0	11	41
0	9	0	0	0	0	0	0	0	0	81	0	0	0	0	0	0	0	0	9	0	0	0	0	40	0	0	40	0	0	0	0	40	0	0	21	0	0	0	0	0	0	0	0	0	12	0	0	0	0	0	0	0	0	0	0	0	0	0	0	0	0	0	0	0	0	0	64	18	0	0	0	0	0	0
23	53	20	0	4	23	30	0	23	43	94	0	0	23	8	30	43	11	34	53	28	15	48	8	67	43	23	67	8	15	32	20	67	23	43	57	18	23	8	23	0	30	0	0	40	54	0	0	50	0	40	32	8	43	8	23	43	41	0	0	49	0	8	0	34	0	20	82	56	23	46	40	0	0	36
0	28	0	0	0	0	0	0	0	8	86	0	0	0	0	0	8	0	0	28	0	0	19	0	50	8	0	51	0	0	0	0	51	0	8	36	0	0	0	0	0	0	0	0	0	30	0	0	23	0	0	0	0	8	0	0	8	4	0	0	20	0	0	0	0	0	0	70	34	0	15	0	0	0	0
0	36	0	0	0	0	0	0	0	20	88	0	0	0	0	0	20	0	4	36	0	0	28	0	55	20	0	56	0	0	0	0	56	0	20	43	0	0	0	0	0	0	0	0	15	38	0	0	32	0	15	0	0	20	0	0	20	18	0	0	30	0	0	0	4	0	0	74	41	0	26	15	0	0	8
18	51	15	0	0	18	26	0	18	40	93	0	0	18	0	26	40	4	30	51	23	8	45	0	65	40	18	65	0	8	28	15	65	18	40	56	11	18	0	18	0	26	0	0	36	52	0	0	47	0	36	28	0	40	0	18	40	38	0	0	46	0	0	0	30	0	15	80	54	18	43	36	0	0	32
0	23	0	0	0	0	0	0	0	0	85	0	0	0	0	0	0	0	0	23	0	0	13	0	47	0	0	48	0	0	0	0	48	0	0	32	0	0	0	0	0	0	0	0	0	26	0	0	17	0	0	0	0	0	0	0	0	0	0	0	15	0	0	0	0	0	0	69	30	0	8	0	0	0	0
18	51	15	0	0	18	26	0	18	40	93	0	0	18	0	26	40	4	30	51	23	8	45	0	65	40	18	65	0	8	28	15	65	18	40	56	11	18	0	18	0	26	0	0	36	52	0	0	47	0	36	28	0	40	0	18	40	38	0	0	46	0	0	0	30	0	15	80	54	18	43	36	0	0	32
0	43	0	0	0	0	11	0	0	30	90	0	0	0	0	11	30	0	18	43	8	0	37	0	60	30	0	60	0	0	15	0	60	0	30	49	0	0	0	0	0	11	0	0	26	45	0	0	39	0	26	15	0	30	0	0	30	28	0	0	38	0	0	0	18	0	0	77	48	0	34	26	0	0	20
0	23	0	0	0	0	0	0	0	0	85	0	0	0	0	0	0	0	0	23	0	0	13	0	47	0	0	48	0	0	0	0	48	0	0	32	0	0	0	0	0	0	0	0	0	26	0	0	17	0	0	0	0	0	0	0	0	0	0	0	15	0	0	0	0	0	0	69	30	0	8	0	0	0	0
0	26	0	0	0	0	0	0	0	4	85	0	0	0	0	0	4	0	0	26	0	0	16	0	49	4	0	49	0	0	0	0	49	0	4	34	0	0	0	0	0	0	0	0	0	28	0	0	20	0	0	0	0	4	0	0	4	0	0	0	18	0	0	0	0	0	0	69	32	0	11	0	0	0	0
23	53	20	0	4	23	30	0	23	43	94	0	0	23	8	30	43	11	34	53	28	15	48	8	67	43	23	67	8	15	32	20	67	23	43	57	18	23	8	23	0	30	0	0	40	54	0	0	50	0	40	32	8	43	8	23	43	41	0	0	49	0	8	0	34	0	20	82	56	23	46	40	0	0	36
39	62	37	16	27	39	44	22	39	54	98	16	23	39	28	44	54	31	47	62	42	33	57	28	73	54	39	74	28	33	45	37	74	39	54	66	35	39	28	39	16	44	8	24	51	63	16	16	59	24	51	45	28	54	28	39	54	53	24	0	59	13	28	16	47	16	37	86	65	39	56	51	16	24	48
0	11	0	0	0	0	0	0	0	0	82	0	0	0	0	0	0	0	0	11	0	0	0	0	41	0	0	41	0	0	0	0	41	0	0	23	0	0	0	0	0	0	0	0	0	15	0	0	3	0	0	0	0	0	0	0	0	0	0	0	0	0	0	0	0	0	0	65	20	0	0	0	0	0	0
32	57	30	4	18	32	38	11	32	49	96	4	13	32	20	38	49	23	41	57	36	26	54	20	71	49	32	71	20	26	40	30	71	32	49	62	28	32	20	32	4	38	0	15	46	59	4	4	55	15	46	40	20	49	20	32	49	48	15	0	54	0	20	4	41	4	30	84	61	32	52	46	4	15	43
18	51	15	0	0	18	26	0	18	40	93	0	0	18	0	26	40	4	30	51	23	8	45	0	65	40	18	65	0	8	28	15	65	18	40	56	11	18	0	18	0	26	0	0	36	52	0	0	47	0	36	28	0	40	0	18	40	38	0	0	46	0	0	0	30	0	15	80	54	18	43	36	0	0	32
30	56	28	0	15	30	36	8	30	48	95	0	10	30	18	36	48	20	40	56	34	23	53	18	70	48	30	70	18	23	38	28	70	30	48	61	26	30	18	30	0	36	0	11	45	57	0	0	54	11	45	38	18	48	18	30	48	46	11	0	53	0	18	0	40	0	28	84	60	30	51	45	0	11	41
0	34	0	0	0	0	0	0	0	18	88	0	0	0	0	0	18	0	0	34	0	0	27	0	54	18	0	54	0	0	0	0	54	0	18	41	0	0	0	0	0	0	0	0	11	36	0	0	30	0	11	0	0	18	0	0	18	15	0	0	28	0	0	0	0	0	0	73	40	0	23	11	0	0	4
30	56	28	0	15	30	36	8	30	48	95	0	10	30	18	36	48	20	40	56	34	23	53	18	70	48	30	70	18	23	38	28	70	30	48	61	26	30	18	30	0	36	0	11	45	57	0	0	54	11	45	38	18	48	18	30	48	46	11	0	53	0	18	0	40	0	28	84	60	30	51	45	0	11	41
4	45	0	0	0	4	15	0	4	32	91	0	0	4	0	15	32	0	20	45	11	0	39	0	61	32	4	61	0	0	18	0	61	4	32	51	0	4	0	4	0	15	0	0	28	46	0	0	41	0	28	18	0	32	0	4	32	30	0	0	40	0	0	0	20	0	0	77	49	4	36	28	0	0	23
0	0	0	0	0	0	0	0	0	0	50	0	0	0	0	0	0	0	0	0	0	0	0	0	0	0	0	0	0	0	0	0	0	0	0	0	0	0	0	0	0	0	0	0	0	0	0	0	0	0	0	0	0	0	0	0	0	0	0	0	0	0	0	0	0	0	0	0	0	0	0	0	0	0	0
0	0	0	0	0	0	0	0	0	0	78	0	0	0	0	0	0	0	0	0	0	0	0	0	28	0	0	30	0	0	0	0	30	0	0	4	0	0	0	0	0	0	0	0	0	0	0	0	0	0	0	0	0	0	0	0	0	0	0	0	0	0	0	0	0	0	0	59	0	0	0	0	0	0	0
0	43	0	0	0	0	11	0	0	30	90	0	0	0	0	11	30	0	18	43	8	0	37	0	60	30	0	60	0	0	15	0	60	0	30	49	0	0	0	0	0	11	0	0	26	45	0	0	39	0	26	15	0	30	0	0	30	28	0	0	38	0	0	0	18	0	0	77	48	0	34	26	0	0	20
0	18	0	0	0	0	0	0	0	0	83	0	0	0	0	0	0	0	0	18	0	0	6	0	44	0	0	45	0	0	0	0	45	0	0	28	0	0	0	0	0	0	0	0	0	20	0	0	11	0	0	0	0	0	0	0	0	0	0	0	8	0	0	0	0	0	0	67	26	0	0	0	0	0	0
0	28	0	0	0	0	0	0	0	8	86	0	0	0	0	0	8	0	0	28	0	0	19	0	50	8	0	51	0	0	0	0	51	0	8	36	0	0	0	0	0	0	0	0	0	30	0	0	23	0	0	0	0	8	0	0	8	4	0	0	20	0	0	0	0	0	0	70	34	0	15	0	0	0	0
30	56	28	0	15	30	36	8	30	48	95	0	10	30	18	36	48	20	40	56	34	23	53	18	70	48	30	70	18	23	38	28	70	30	48	61	26	30	18	30	0	36	0	11	45	57	0	0	54	11	45	38	18	48	18	30	48	46	11	0	53	0	18	0	40	0	28	84	60	30	51	45	0	11	41
23	53	20	0	4	23	30	0	23	43	94	0	0	23	8	30	43	11	34	53	28	15	48	8	67	43	23	67	8	15	32	20	67	23	43	57	18	23	8	23	0	30	0	0	40	54	0	0	50	0	40	32	8	43	8	23	43	41	0	0	49	0	8	0	34	0	20	82	56	23	46	40	0	0	36
0	32	0	0	0	0	0	0	0	15	87	0	0	0	0	0	15	0	0	32	0	0	24	0	53	15	0	53	0	0	0	0	53	0	15	40	0	0	0	0	0	0	0	0	8	34	0	0	27	0	8	0	0	15	0	0	15	11	0	0	26	0	0	0	0	0	0	72	38	0	20	8	0	0	0

0	0	4	30	20	0	0	26	0	0	0	30	24	0	18	0	0	15	0	0	0	11	0	18	0	0	0	0	18	11	0	4	0	0	0	0	8	0	18	0	30	0	35	23	0	0	30	30	0	23	0	0	18	0	18	0	0	0	23	39	0	32	18	30	0	30	4	0	0	0	0	0	30	23	0
43	0	45	56	52	43	38	54	43	23	0	56	54	43	51	38	23	49	34	0	40	48	13	51	0	23	43	0	51	48	36	45	0	43	23	0	46	43	51	43	56	38	60	53	28	0	56	56	9	53	28	36	51	23	51	43	23	26	53	62	11	57	51	56	34	56	45	0	0	43	18	28	56	53	32
0	0	0	28	18	0	0	23	0	0	0	28	22	0	15	0	0	11	0	0	0	8	0	15	0	0	0	0	15	8	0	0	0	0	0	0	4	0	15	0	28	0	33	20	0	0	28	28	0	20	0	0	15	0	15	0	0	0	20	37	0	30	15	28	0	28	0	0	0	0	0	0	28	20	0
0	0	0	0	0	0	0	0	0	0	0	0	0	0	0	0	0	0	0	0	0	0	0	0	0	0	0	0	0	0	0	0	0	0	0	0	0	0	0	0	0	0	10	0	0	0	0	0	0	0	0	0	0	0	0	0	0	0	0	16	0	4	0	0	0	0	0	0	0	0	0	0	0	0	0
0	0	0	15	0	0	0	8	0	0	0	15	6	0	0	0	0	0	0	0	0	0	0	0	0	0	0	0	0	0	0	0	0	0	0	0	0	0	0	0	15	0	22	4	0	0	15	15	0	4	0	0	0	0	0	0	0	0	4	27	0	18	0	15	0	15	0	0	0	0	0	0	15	4	0
0	0	4	30	20	0	0	26	0	0	0	30	24	0	18	0	0	15	0	0	0	11	0	18	0	0	0	0	18	11	0	4	0	0	0	0	8	0	18	0	30	0	35	23	0	0	30	30	0	23	0	0	18	0	18	0	0	0	23	39	0	32	18	30	0	30	4	0	0	0	0	0	30	23	0
11	0	15	36	28	11	0	32	11	0	0	36	31	11	26	0	0	23	0	0	4	20	0	26	0	0	11	0	26	20	0	15	0	11	0	0	18	11	26	11	36	0	41	30	0	0	36	36	0	30	0	0	26	0	26	11	0	0	30	44	0	38	26	36	0	36	15	0	0	11	0	0	36	30	0
0	0	0	8	0	0	0	0	0	0	0	8	0	0	0	0	0	0	0	0	0	0	0	0	0	0	0	0	0	0	0	0	0	0	0	0	0	0	0	0	8	0	16	0	0	0	8	8	0	0	0	0	0	0	0	0	0	0	0	22	0	11	0	8	0	8	0	0	0	0	0	0	8	0	0
0	0	4	30	20	0	0	26	0	0	0	30	24	0	18	0	0	15	0	0	0	11	0	18	0	0	0	0	18	11	0	4	0	0	0	0	8	0	18	0	30	0	35	23	0	0	30	30	0	23	0	0	18	0	18	0	0	0	23	39	0	32	18	30	0	30	4	0	0	0	0	0	30	23	0
30	0	32	48	41	30	23	45	30	0	0	48	44	30	40	23	0	38	18	0	26	36	0	40	0	0	30	0	40	36	20	32	0	30	0	0	34	30	40	30	48	23	51	43	8	0	48	48	0	43	8	20	40	0	40	30	0	4	43	54	0	49	40	48	18	48	32	0	0	30	0	8	48	43	15
90	80	91	95	93	90	89	94	90	85	0	95	94	90	93	89	85	92	88	80	89	92	82	93	70	85	90	70	93	92	88	91	70	90	85	77	91	90	93	90	95	89	97	94	86	79	95	95	81	94	86	88	93	85	93	90	85	85	94	98	82	96	93	95	88	95	91	50	78	90	83	86	95	94	87
0	0	0	0	0	0	0	0	0	0	0	0	0	0	0	0	0	0	0	0	0	0	0	0	0	0	0	0	0	0	0	0	0	0	0	0	0	0	0	0	0	0	10	0	0	0	0	0	0	0	0	0	0	0	0	0	0	0	0	16	0	4	0	0	0	0	0	0	0	0	0	0	0	0	0
0	0	0	10	0	0	0	2	0	0	0	10	0	0	0	0	0	0	0	0	0	0	0	0	0	0	0	0	0	0	0	0	0	0	0	0	0	0	0	0	10	0	18	0	0	0	10	10	0	0	0	0	0	0	0	0	0	0	0	23	0	13	0	10	0	10	0	0	0	0	0	0	10	0	0
0	0	4	30	20	0	0	26	0	0	0	30	24	0	18	0	0	15	0	0	0	11	0	18	0	0	0	0	18	11	0	4	0	0	0	0	8	0	18	0	30	0	35	23	0	0	30	30	0	23	0	0	18	0	18	0	0	0	23	39	0	32	18	30	0	30	4	0	0	0	0	0	30	23	0
0	0	0	18	4	0	0	11	0	0	0	18	10	0	0	0	0	0	0	0	0	0	0	0	0	0	0	0	0	0	0	0	0	0	0	0	0	0	0	0	18	0	24	8	0	0	18	18	0	8	0	0	0	0	0	0	0	0	8	28	0	20	0	18	0	18	0	0	0	0	0	0	18	8	0
11	0	15	36	28	11	0	32	11	0	0	36	31	11	26	0	0	23	0	0	4	20	0	26	0	0	11	0	26	20	0	15	0	11	0	0	18	11	26	11	36	0	41	30	0	0	36	36	0	30	0	0	26	0	26	11	0	0	30	44	0	38	26	36	0	36	15	0	0	11	0	0	36	30	0
30	0	32	48	41	30	23	45	30	0	0	48	44	30	40	23	0	38	18	0	26	36	0	40	0	0	30	0	40	36	20	32	0	30	0	0	34	30	40	30	48	23	51	43	8	0	48	48	0	43	8	20	40	0	40	30	0	4	43	54	0	49	40	48	18	48	32	0	0	30	0	8	48	43	15
0	0	0	20	8	0	0	15	0	0	0	20	13	0	4	0	0	0	0	0	0	0	0	4	0	0	0	0	4	0	0	0	0	0	0	0	0	0	4	0	20	0	27	11	0	0	20	20	0	11	0	0	4	0	4	0	0	0	11	31	0	23	4	20	0	20	0	0	0	0	0	0	20	11	0
18	0	20	40	32	18	8	36	18	0	0	40	35	18	30	8	0	28	0	0	11	26	0	30	0	0	18	0	30	26	4	20	0	18	0	0	23	18	30	18	40	8	44	34	0	0	40	40	0	34	0	4	30	0	30	18	0	0	34	47	0	41	30	40	0	40	20	0	0	18	0	0	40	34	0
43	0	45	56	52	43	38	54	43	23	0	56	54	43	51	38	23	49	34	0	40	48	13	51	0	23	43	0	51	48	36	45	0	43	23	0	46	43	51	43	56	38	60	53	28	0	56	56	9	53	28	36	51	23	51	43	23	26	53	62	11	57	51	56	34	56	45	0	0	43	18	28	56	53	32
8	0	11	34	26	8	0	30	8	0	0	34	28	8	23	0	0	20	0	0	0	18	0	23	0	0	8	0	23	18	0	11	0	8	0	0	15	8	23	8	34	0	39	28	0	0	34	34	0	28	0	0	23	0	23	8	0	0	28	42	0	36	23	34	0	34	11	0	0	8	0	0	34	28	0
0	0	0	23	11	0	0	18	0	0	0	23	16	0	8	0	0	4	0	0	0	0	0	8	0	0	0	0	8	0	0	0	0	0	0	0	0	0	8	0	23	0	28	15	0	0	23	23	0	15	0	0	8	0	8	0	0	0	15	33	0	26	8	23	0	23	0	0	0	0	0	0	23	15	0
37	0	39	53	47	37	31	50	37	13	0	53	49	37	45	31	13	44	27	0	33	42	0	45	0	13	37	0	45	42	28	39	0	37	13	0	41	37	45	37	53	31	56	48	19	0	53	53	0	48	19	28	45	13	45	37	13	16	48	57	0	54	45	53	27	53	39	0	0	37	6	19	53	48	24
0	0	0	18	4	0	0	11	0	0	0	18	10	0	0	0	0	0	0	0	0	0	0	0	0	0	0	0	0	0	0	0	0	0	0	0	0	0	0	0	18	0	24	8	0	0	18	18	0	8	0	0	0	0	0	0	0	0	8	28	0	20	0	18	0	18	0	0	0	0	0	0	18	8	0
60	36	61	70	66	60	56	68	60	47	0	70	67	60	65	56	47	64	54	36	57	63	42	65	0	47	60	0	65	63	55	61	0	60	47	27	62	60	65	60	70	56	72	67	50	34	70	70	40	67	50	55	65	47	65	60	47	49	67	73	41	71	65	70	54	70	61	0	28	60	44	50	70	67	53
30	0	32	48	41	30	23	45	30	0	0	48	44	30	40	23	0	38	18	0	26	36	0	40	0	0	30	0	40	36	20	32	0	30	0	0	34	30	40	30	48	23	51	43	8	0	48	48	0	43	8	20	40	0	40	30	0	4	43	54	0	49	40	48	18	48	32	0	0	30	0	8	48	43	15
0	0	4	30	20	0	0	26	0	0	0	30	24	0	18	0	0	15	0	0	0	11	0	18	0	0	0	0	18	11	0	4	0	0	0	0	8	0	18	0	30	0	35	23	0	0	30	30	0	23	0	0	18	0	18	0	0	0	23	39	0	32	18	30	0	30	4	0	0	0	0	0	30	23	0
60	36	61	70	66	60	56	68	60	48	0	70	68	60	65	56	48	64	54	36	57	63	42	65	1	48	60	0	65	63	56	61	0	60	48	28	62	60	65	60	70	56	72	67	51	34	70	70	40	67	51	56	65	48	65	60	48	49	67	74	41	71	65	70	54	70	61	0	30	60	45	51	70	67	53
0	0	0	18	4	0	0	11	0	0	0	18	10	0	0	0	0	0	0	0	0	0	0	0	0	0	0	0	0	0	0	0	0	0	0	0	0	0	0	0	18	0	24	8	0	0	18	18	0	8	0	0	0	0	0	0	0	0	8	28	0	20	0	18	0	18	0	0	0	0	0	0	18	8	0
0	0	0	23	11	0	0	18	0	0	0	23	16	0	8	0	0	4	0	0	0	0	0	8	0	0	0	0	8	0	0	0	0	0	0	0	0	0	8	0	23	0	28	15	0	0	23	23	0	15	0	0	8	0	8	0	0	0	15	33	0	26	8	23	0	23	0	0	0	0	0	0	23	15	0
15	0	18	38	30	15	4	34	15	0	0	38	33	15	28	4	0	26	0	0	8	23	0	28	0	0	15	0	28	23	0	18	0	15	0	0	20	15	28	15	38	4	42	32	0	0	38	38	0	32	0	0	28	0	28	15	0	0	32	45	0	40	28	38	0	38	18	0	0	15	0	0	38	32	0
0	0	0	28	18	0	0	23	0	0	0	28	22	0	15	0	0	11	0	0	0	8	0	15	0	0	0	0	15	8	0	0	0	0	0	0	4	0	15	0	28	0	33	20	0	0	28	28	0	20	0	0	15	0	15	0	0	0	20	37	0	30	15	28	0	28	0	0	0	0	0	0	28	20	0
60	36	61	70	66	60	56	68	60	48	0	70	68	60	65	56	48	64	54	36	57	63	42	65	1	48	60	0	65	63	56	61	0	60	48	28	62	60	65	60	70	56	72	67	51	34	70	70	40	67	51	56	65	48	65	60	48	49	67	74	41	71	65	70	54	70	61	0	30	60	45	51	70	67	53
0	0	4	30	20	0	0	26	0	0	0	30	24	0	18	0	0	15	0	0	0	11	0	18	0	0	0	0	18	11	0	4	0	0	0	0	8	0	18	0	30	0	35	23	0	0	30	30	0	23	0	0	18	0	18	0	0	0	23	39	0	32	18	30	0	30	4	0	0	0	0	0	30	23	0
30	0	32	48	41	30	23	45	30	0	0	48	44	30	40	23	0	38	18	0	26	36	0	40	0	0	30	0	40	36	20	32	0	30	0	0	34	30	40	30	48	23	51	43	8	0	48	48	0	43	8	20	40	0	40	30	0	4	43	54	0	49	40	48	18	48	32	0	0	30	0	8	48	43	15
49	15	51	61	56	49	45	59	49	32	0	61	59	49	56	45	32	54	41	15	46	53	24	56	0	32	49	0	56	53	43	51	0	49	32	0	52	49	56	49	61	45	64	57	36	11	61	61	21	57	36	43	56	32	56	49	32	34	57	66	23	62	56	61	41	61	51	0	4	49	28	36	61	57	40
0	0	0	26	15	0	0	20	0	0	0	26	19	0	11	0	0	8	0	0	0	4	0	11	0	0	0	0	11	4	0	0	0	0	0	0	0	0	11	0	26	0	31	18	0	0	26	26	0	18	0	0	11	0	11	0	0	0	18	35	0	28	11	26	0	26	0	0	0	0	0	0	26	18	0
0	0	4	30	20	0	0	26	0	0	0	30	24	0	18	0	0	15	0	0	0	11	0	18	0	0	0	0	18	11	0	4	0	0	0	0	8	0	18	0	30	0	35	23	0	0	30	30	0	23	0	0	18	0	18	0	0	0	23	39	0	32	18	30	0	30	4	0	0	0	0	0	30	23	0
0	0	0	18	4	0	0	11	0	0	0	18	10	0	0	0	0	0	0	0	0	0	0	0	0	0	0	0	0	0	0	0	0	0	0	0	0	0	0	0	18	0	24	8	0	0	18	18	0	8	0	0	0	0	0	0	0	0	8	28	0	20	0	18	0	18	0	0	0	0	0	0	18	8	0
0	0	4	30	20	0	0	26	0	0	0	30	24	0	18	0	0	15	0	0	0	11	0	18	0	0	0	0	18	11	0	4	0	0	0	0	8	0	18	0	30	0	35	23	0	0	30	30	0	23	0	0	18	0	18	0	0	0	23	39	0	32	18	30	0	30	4	0	0	0	0	0	30	23	0
0	0	0	0	0	0	0	0	0	0	0	0	0	0	0	0	0	0	0	0	0	0	0	0	0	0	0	0	0	0	0	0	0	0	0	0	0	0	0	0	0	0	10	0	0	0	0	0	0	0	0	0	0	0	0	0	0	0	0	16	0	4	0	0	0	0	0	0	0	0	0	0	0	0	0
11	0	15	36	28	11	0	32	11	0	0	36	31	11	26	0	0	23	0	0	4	20	0	26	0	0	11	0	26	20	0	15	0	11	0	0	18	11	26	11	36	0	41	30	0	0	36	36	0	30	0	0	26	0	26	11	0	0	30	44	0	38	26	36	0	36	15	0	0	11	0	0	36	30	0
0	0	0	0	0	0	0	0	0	0	0	0	0	0	0	0	0	0	0	0	0	0	0	0	0	0	0	0	0	0	0	0	0	0	0	0	0	0	0	0	0	0	0	0	0	0	0	0	0	0	0	0	0	0	0	0	0	0	0	8	0	0	0	0	0	0	0	0	0	0	0	0	0	0	0
0	0	0	11	0	0	0	4	0	0	0	11	2	0	0	0	0	0	0	0	0	0	0	0	0	0	0	0	0	0	0	0	0	0	0	0	0	0	0	0	11	0	19	0	0	0	11	11	0	0	0	0	0	0	0	0	0	0	0	24	0	15	0	11	0	11	0	0	0	0	0	0	11	0	0
26	0	28	45	38	26	18	41	26	0	0	45	41	26	36	18	0	34	11	0	20	32	0	36	0	0	26	0	36	32	15	28	0	26	0	0	30	26	36	26	45	18	48	40	0	0	45	45	0	40	0	15	36	0	36	26	0	0	40	51	0	46	36	45	11	45	28	0	0	26	0	0	45	40	8
45	4	46	57	53	45	40	56	45	26	0	57	55	45	52	40	26	51	36	4	41	49	16	52	0	26	45	0	52	49	38	46	0	45	26	0	48	45	52	45	57	40	61	54	30	0	57	57	12	54	30	38	52	26	52	45	26	28	54	63	15	59	52	57	36	57	46	0	0	45	20	30	57	54	34
0	0	0	0	0	0	0	0	0	0	0	0	0	0	0	0	0	0	0	0	0	0	0	0	0	0	0	0	0	0	0	0	0	0	0	0	0	0	0	0	0	0	10	0	0	0	0	0	0	0	0	0	0	0	0	0	0	0	0	16	0	4	0	0	0	0	0	0	0	0	0	0	0	0	0
0	0	0	0	0	0	0	0	0	0	0	0	0	0	0	0	0	0	0	0	0	0	0	0	0	0	0	0	0	0	0	0	0	0	0	0	0	0	0	0	0	0	10	0	0	0	0	0	0	0	0	0	0	0	0	0	0	0	0	16	0	4	0	0	0	0	0	0	0	0	0	0	0	0	0
39	0	41	54	49	39	34	52	39	17	0	54	51	39	47	34	17	46	30	0	36	44	5	47	0	17	39	0	47	44	32	41	0	39	17	0	43	39	47	39	54	34	56	50	23	0	54	54	0	50	23	32	47	17	47	39	17	20	50	59	3	55	47	54	30	54	41	0	0	39	11	23	54	50	27
0	0	0	11	0	0	0	4	0	0	0	11	2	0	0	0	0	0	0	0	0	0	0	0	0	0	0	0	0	0	0	0	0	0	0	0	0	0	0	0	11	0	19	0	0	0	11	11	0	0	0	0	0	0	0	0	0	0	0	24	0	15	0	11	0	11	0	0	0	0	0	0	11	0	0
26	0	28	45	38	26	18	41	26	0	0	45	41	26	36	18	0	34	11	0	20	32	0	36	0	0	26	0	36	32	15	28	0	26	0	0	30	26	36	26	45	18	48	40	0	0	45	45	0	40	0	15	36	0	36	26	0	0	40	51	0	46	36	45	11	45	28	0	0	26	0	0	45	40	8
15	0	18	38	30	15	4	34	15	0	0	38	33	15	28	4	0	26	0	0	8	23	0	28	0	0	15	0	28	23	0	18	0	15	0	0	20	15	28	15	38	4	42	32	0	0	38	38	0	32	0	0	28	0	28	15	0	0	32	45	0	40	28	38	0	38	18	0	0	15	0	0	38	32	0
0	0	0	18	4	0	0	11	0	0	0	18	10	0	0	0	0	0	0	0	0	0	0	0	0	0	0	0	0	0	0	0	0	0	0	0	0	0	0	0	18	0	24	8	0	0	18	18	0	8	0	0	0	0	0	0	0	0	8	28	0	20	0	18	0	18	0	0	0	0	0	0	18	8	0
30	0	32	48	41	30	23	45	30	0	0	48	44	30	40	23	0	38	18	0	26	36	0	40	0	0	30	0	40	36	20	32	0	30	0	0	34	30	40	30	48	23	51	43	8	0	48	48	0	43	8	20	40	0	40	30	0	4	43	54	0	49	40	48	18	48	32	0	0	30	0	8	48	43	15
0	0	0	18	4	0	0	11	0	0	0	18	10	0	0	0	0	0	0	0	0	0	0	0	0	0	0	0	0	0	0	0	0	0	0	0	0	0	0	0	18	0	24	8	0	0	18	18	0	8	0	0	0	0	0	0	0	0	8	28	0	20	0	18	0	18	0	0	0	0	0	0	18	8	0
0	0	4	30	20	0	0	26	0	0	0	30	24	0	18	0	0	15	0	0	0	11	0	18	0	0	0	0	18	11	0	4	0	0	0	0	8	0	18	0	30	0	35	23	0	0	30	30	0	23	0	0	18	0	18	0	0	0	23	39	0	32	18	30	0	30	4	0	0	0	0	0	30	23	0
30	0	32	48	41	30	23	45	30	0	0	48	44	30	40	23	0	38	18	0	26	36	0	40	0	0	30	0	40	36	20	32	0	30	0	0	34	30	40	30	48	23	51	43	8	0	48	48	0	43	8	20	40	0	40	30	0	4	43	54	0	49	40	48	18	48	32	0	0	30	0	8	48	43	15
28	0	30	46	40	28	20	43	28	0	0	46	42	28	38	20	0	36	15	0	23	34	0	38	0	0	28	0	38	34	18	30	0	28	0	0	32	28	38	28	46	20	50	41	4	0	46	46	0	41	4	18	38	0	38	28	0	0	41	53	0	48	38	46	15	46	30	0	0	28	0	4	46	41	11
0	0	0	11	0	0	0	4	0	0	0	11	2	0	0	0	0	0	0	0	0	0	0	0	0	0	0	0	0	0	0	0	0	0	0	0	0	0	0	0	11	0	19	0	0	0	11	11	0	0	0	0	0	0	0	0	0	0	0	24	0	15	0	11	0	11	0	0	0	0	0	0	11	0	0
0	0	0	0	0	0	0	0	0	0	0	0	0	0	0	0	0	0	0	0	0	0	0	0	0	0	0	0	0	0	0	0	0	0	0	0	0	0	0	0	0	0	0	0	0	0	0	0	0	0	0	0	0	0	0	0	0	0	0	0	0	0	0	0	0	0	0	0	0	0	0	0	0	0	0
38	0	40	53	48	38	32	51	38	15	0	53	50	38	46	32	15	45	28	0	34	43	2	46	0	15	38	0	46	43	30	40	0	38	15	0	41	38	46	38	53	32	56	49	20	0	53	53	0	49	20	30	46	15	46	38	15	18	49	59	0	54	46	53	28	53	40	0	0	38	8	20	53	49	26
0	0	0	0	0	0	0	0	0	0	0	0	0	0	0	0	0	0	0	0	0	0	0	0	0	0	0	0	0	0	0	0	0	0	0	0	0	0	0	0	0	0	6	0	0	0	0	0	0	0	0	0	0	0	0	0	0	0	0	13	0	0	0	0	0	0	0	0	0	0	0	0	0	0	0
0	0	0	18	4	0	0	11	0	0	0	18	10	0	0	0	0	0	0	0	0	0	0	0	0	0	0	0	0	0	0	0	0	0	0	0	0	0	0	0	18	0	24	8	0	0	18	18	0	8	0	0	0	0	0	0	0	0	8	28	0	20	0	18	0	18	0	0	0	0	0	0	18	8	0
0	0	0	0	0	0	0	0	0	0	0	0	0	0	0	0	0	0	0	0	0	0	0	0	0	0	0	0	0	0	0	0	0	0	0	0	0	0	0	0	0	0	10	0	0	0	0	0	0	0	0	0	0	0	0	0	0	0	0	16	0	4	0	0	0	0	0	0	0	0	0	0	0	0	0
18	0	20	40	32	18	8	36	18	0	0	40	35	18	30	8	0	28	0	0	11	26	0	30	0	0	18	0	30	26	4	20	0	18	0	0	23	18	30	18	40	8	44	34	0	0	40	40	0	34	0	4	30	0	30	18	0	0	34	47	0	41	30	40	0	40	20	0	0	18	0	0	40	34	0
0	0	0	0	0	0	0	0	0	0	0	0	0	0	0	0	0	0	0	0	0	0	0	0	0	0	0	0	0	0	0	0	0	0	0	0	0	0	0	0	0	0	10	0	0	0	0	0	0	0	0	0	0	0	0	0	0	0	0	16	0	4	0	0	0	0	0	0	0	0	0	0	0	0	0
0	0	0	28	18	0	0	23	0	0	0	28	22	0	15	0	0	11	0	0	0	8	0	15	0	0	0	0	15	8	0	0	0	0	0	0	4	0	15	0	28	0	33	20	0	0	28	28	0	20	0	0	15	0	15	0	0	0	20	37	0	30	15	28	0	28	0	0	0	0	0	0	28	20	0
77	62	77	84	81	77	74	82	77	69	0	84	82	77	80	74	69	80	73	62	75	79	65	80	46	69	77	45	80	79	74	77	45	77	69	56	78	77	80	77	84	74	85	82	70	61	84	84	64	82	70	74	80	69	80	77	69	69	82	86	65	84	80	84	73	84	77	0	59	77	67	70	84	82	72
48	11	49	60	56	48	43	57	48	30	0	60	56	48	54	43	30	53	40	11	45	52	22	54	0	30	48	0	54	52	41	49	0	48	30	0	51	48	54	48	60	43	63	56	34	8	60	60	18	56	34	41	54	30	54	48	30	32	56	65	20	61	54	60	40	60	49	0	0	48	26	34	60	56	38
0	0	4	30	20	0	0	26	0	0	0	30	24	0	18	0	0	15	0	0	0	11	0	18	0	0	0	0	18	11	0	4	0	0	0	0	8	0	18	0	30	0	35	23	0	0	30	30	0	23	0	0	18	0	18	0	0	0	23	39	0	32	18	30	0	30	4	0	0	0	0	0	30	23	0
34	0	36	51	45	34	28	48	34	8	0	51	47	34	43	28	8	41	23	0	30	40	0	43	0	8	34	0	43	40	26	36	0	34	8	0	38	34	43	34	51	28	54	46	15	0	51	51	0	46	15	26	43	8	43	34	8	11	46	56	0	52	43	51	23	51	36	0	0	34	0	15	51	46	20
26	0	28	45	38	26	18	41	26	0	0	45	41	26	36	18	0	34	11	0	20	32	0	36	0	0	26	0	36	32	15	28	0	26	0	0	30	26	36	26	45	18	48	40	0	0	45	45	0	40	0	15	36	0	36	26	0	0	40	51	0	46	36	45	11	45	28	0	0	26	0	0	45	40	8
0	0	0	0	0	0	0	0	0	0	0	0	0	0	0	0	0	0	0	0	0	0	0	0	0	0	0	0	0	0	0	0	0	0	0	0	0	0	0	0	0	0	10	0	0	0	0	0	0	0	0	0	0	0	0	0	0	0	0	16	0	4	0	0	0	0	0	0	0	0	0	0	0	0	0
0	0	0	11	0	0	0	4	0	0	0	11	2	0	0	0	0	0	0	0	0	0	0	0	0	0	0	0	0	0	0	0	0	0	0	0	0	0	0	0	11	0	19	0	0	0	11	11	0	0	0	0	0	0	0	0	0	0	0	24	0	15	0	11	0	11	0	0	0	0	0	0	11	0	0
20	0	23	41	34	20	11	38	20	0	0	41	37	20	32	11	0	30	4	0	15	28	0	32	0	0	20	0	32	28	8	23	0	20	0	0	26	20	32	20	41	11	45	36	0	0	41	41	0	36	0	8	32	0	32	20	0	0	36	48	0	43	32	41	4	41	23	0	0	20	0	0	41	36	0