1681 1688 1555 1305 1661 1704 1538 1555 1653 1653 1305 1410 1684 1654 1659 1322 1701 1664 1617 1681 1704 1665 1707 1707 1703 1601 1501 1377 1442 1431 1688 1706 1683 1679 1647 1398 1653 1654 1686 1559 1618 1356 1683 1678 1691 1653 1657 1653 1661 1458 1707 1660 1705 1654 1530 1670 1650 1689 1707 1545 1654 1305 1582 1666 1377 1666 1692 1686 1687 1694 1372 1668 1451 1661 1661

72

2491 2466 2932 3813 2561 2409 2993 2932 2587 2587 3812 3442 2480 2587 2569 3751 2420 2550 2714 2488 2409 2546 2399 2398 2414 2770 3122 3559 3330 3369 2466 2404 2483 2496 2611 3484 2587 2586 2472 2921 2713 3632 2482 2502 2455 2589 2574 2590 2561 3273 2398 2563 2407 2586 3020 2528 2598 2463 2398 2968 2586 3812 2837 2544 3560 2544 2452 2474 2468 2445 3576 2534 3300 2560 2560

24.000316321059337 15.999768573297674 13.999382764569372 46.00000336605003

28509.0

0	0	13500	32500	4000	0	0	13500	4900	0	32500	24900	0	4900	4200	31100	0	0	0	100	0	0	0	0	0	0	0	0	22500	0	0	0	0	0	0	0	0	4900	0	13300	0	28900	0	900	0	0	0	4900	0	0	0	4100	0	4900	0	0	5100	0	0	0	4900	32500	0	3100	27400	0	0	0	0	0	0	0	0	4000	4000
21500	0	35000	54000	25500	9000	0	35000	26400	0	54000	46400	21100	26400	25700	52600	14400	0	0	21600	8600	0	12000	11000	8000	0	0	0	44000	0	0	10500	0	0	0	0	0	26400	20600	34800	0	50400	0	22400	2200	0	0	26400	0	0	12000	25600	13500	26400	0	0	26600	200	11000	0	26400	54000	0	24600	48900	0	19000	21000	500	18000	0	0	0	25500	25500
0	0	0	19000	0	0	0	0	0	0	19000	11400	0	0	0	17600	0	0	0	0	0	0	0	0	0	0	0	0	9000	0	0	0	0	0	0	0	0	0	0	0	0	15400	0	0	0	0	0	0	0	0	0	0	0	0	0	0	0	0	0	0	0	19000	0	0	13900	0	0	0	0	0	0	0	0	0	0
0	0	0	0	0	0	0	0	0	0	0	0	0	0	0	0	0	0	0	0	0	0	0	0	0	0	0	0	0	0	0	0	0	0	0	0	0	0	0	0	0	0	0	0	0	0	0	0	0	0	0	0	0	0	0	0	0	0	0	0	0	0	0	0	0	0	0	0	0	0	0	0	0	0	0
0	0	9500	28500	0	0	0	9500	900	0	28500	20900	0	900	200	27100	0	0	0	0	0	0	0	0	0	0	0	0	18500	0	0	0	0	0	0	0	0	900	0	9300	0	24900	0	0	0	0	0	900	0	0	0	100	0	900	0	0	1100	0	0	0	900	28500	0	0	23400	0	0	0	0	0	0	0	0	0	0
12500	0	26000	45000	16500	0	0	26000	17400	0	45000	37400	12100	17400	16700	43600	5400	0	0	12600	0	0	3000	2000	0	0	0	0	35000	0	0	1500	0	0	0	0	0	17400	11600	25800	0	41400	0	13400	0	0	0	17400	0	0	3000	16600	4500	17400	0	0	17600	0	2000	0	17400	45000	0	15600	39900	0	10000	12000	0	9000	0	0	0	16500	16500
38000	16500	51500	70500	42000	25500	0	51500	42900	10500	70500	62900	37600	42900	42200	69100	30900	12000	6900	38100	25100	12000	28500	27500	24500	5500	0	0	60500	0	16500	27000	15500	14700	9800	0	10500	42900	37100	51300	7000	66900	15500	38900	18700	10500	11100	42900	11500	0	28500	42100	30000	42900	0	13000	43100	16700	27500	1000	42900	70500	4100	41100	65400	12500	35500	37500	17000	34500	0	13300	0	42000	42000
0	0	0	19000	0	0	0	0	0	0	19000	11400	0	0	0	17600	0	0	0	0	0	0	0	0	0	0	0	0	9000	0	0	0	0	0	0	0	0	0	0	0	0	15400	0	0	0	0	0	0	0	0	0	0	0	0	0	0	0	0	0	0	0	19000	0	0	13900	0	0	0	0	0	0	0	0	0	0
0	0	8600	27600	0	0	0	8600	0	0	27600	20000	0	0	0	26200	0	0	0	0	0	0	0	0	0	0	0	0	17600	0	0	0	0	0	0	0	0	0	0	8400	0	24000	0	0	0	0	0	0	0	0	0	0	0	0	0	0	200	0	0	0	0	27600	0	0	22500	0	0	0	0	0	0	0	0	0	0
27500	6000	41000	60000	31500	15000	0	41000	32400	0	60000	52400	27100	32400	31700	58600	20400	1500	0	27600	14600	1500	18000	17000	14000	0	0	0	50000	0	6000	16500	5000	4200	0	0	0	32400	26600	40800	0	56400	5000	28400	8200	0	600	32400	1000	0	18000	31600	19500	32400	0	2500	32600	6200	17000	0	32400	60000	0	30600	54900	2000	25000	27000	6500	24000	0	2800	0	31500	31500
0	0	0	0	0	0	0	0	0	0	0	0	0	0	0	0	0	0	0	0	0	0	0	0	0	0	0	0	0	0	0	0	0	0	0	0	0	0	0	0	0	0	0	0	0	0	0	0	0	0	0	0	0	0	0	0	0	0	0	0	0	0	0	0	0	0	0	0	0	0	0	0	0	0	0
0	0	0	7600	0	0	0	0	0	0	7600	0	0	0	0	6200	0	0	0	0	0	0	0	0	0	0	0	0	0	0	0	0	0	0	0	0	0	0	0	0	0	4000	0	0	0	0	0	0	0	0	0	0	0	0	0	0	0	0	0	0	0	7600	0	0	2500	0	0	0	0	0	0	0	0	0	0
400	0	13900	32900	4400	0	0	13900	5300	0	32900	25300	0	5300	4600	31500	0	0	0	500	0	0	0	0	0	0	0	0	22900	0	0	0	0	0	0	0	0	5300	0	13700	0	29300	0	1300	0	0	0	5300	0	0	0	4500	0	5300	0	0	5500	0	0	0	5300	32900	0	3500	27800	0	0	0	0	0	0	0	0	4400	4400
0	0	8600	27600	0	0	0	8600	0	0	27600	20000	0	0	0	26200	0	0	0	0	0	0	0	0	0	0	0	0	17600	0	0	0	0	0	0	0	0	0	0	8400	0	24000	0	0	0	0	0	0	0	0	0	0	0	0	0	0	200	0	0	0	0	27600	0	0	22500	0	0	0	0	0	0	0	0	0	0
0	0	9300	28300	0	0	0	9300	700	0	28300	20700	0	700	0	26900	0	0	0	0	0	0	0	0	0	0	0	0	18300	0	0	0	0	0	0	0	0	700	0	9100	0	24700	0	0	0	0	0	700	0	0	0	0	0	700	0	0	900	0	0	0	700	28300	0	0	23200	0	0	0	0	0	0	0	0	0	0
0	0	0	1400	0	0	0	0	0	0	1400	0	0	0	0	0	0	0	0	0	0	0	0	0	0	0	0	0	0	0	0	0	0	0	0	0	0	0	0	0	0	0	0	0	0	0	0	0	0	0	0	0	0	0	0	0	0	0	0	0	0	1400	0	0	0	0	0	0	0	0	0	0	0	0	0
7100	0	20600	39600	11100	0	0	20600	12000	0	39600	32000	6700	12000	11300	38200	0	0	0	7200	0	0	0	0	0	0	0	0	29600	0	0	0	0	0	0	0	0	12000	6200	20400	0	36000	0	8000	0	0	0	12000	0	0	0	11200	0	12000	0	0	12200	0	0	0	12000	39600	0	10200	34500	0	4600	6600	0	3600	0	0	0	11100	11100
26000	4500	39500	58500	30000	13500	0	39500	30900	0	58500	50900	25600	30900	30200	57100	18900	0	0	26100	13100	0	16500	15500	12500	0	0	0	48500	0	4500	15000	3500	2700	0	0	0	30900	25100	39300	0	54900	3500	26900	6700	0	0	30900	0	0	16500	30100	18000	30900	0	1000	31100	4700	15500	0	30900	58500	0	29100	53400	500	23500	25500	5000	22500	0	1300	0	30000	30000
31100	9600	44600	63600	35100	18600	0	44600	36000	3600	63600	56000	30700	36000	35300	62200	24000	5100	0	31200	18200	5100	21600	20600	17600	0	0	0	53600	0	9600	20100	8600	7800	2900	0	3600	36000	30200	44400	100	60000	8600	32000	11800	3600	4200	36000	4600	0	21600	35200	23100	36000	0	6100	36200	9800	20600	0	36000	63600	0	34200	58500	5600	28600	30600	10100	27600	0	6400	0	35100	35100
0	0	13400	32400	3900	0	0	13400	4800	0	32400	24800	0	4800	4100	31000	0	0	0	0	0	0	0	0	0	0	0	0	22400	0	0	0	0	0	0	0	0	4800	0	13200	0	28800	0	800	0	0	0	4800	0	0	0	4000	0	4800	0	0	5000	0	0	0	4800	32400	0	3000	27300	0	0	0	0	0	0	0	0	3900	3900
12900	0	26400	45400	16900	400	0	26400	17800	0	45400	37800	12500	17800	17100	44000	5800	0	0	13000	0	0	3400	2400	0	0	0	0	35400	0	0	1900	0	0	0	0	0	17800	12000	26200	0	41800	0	13800	0	0	0	17800	0	0	3400	17000	4900	17800	0	0	18000	0	2400	0	17800	45400	0	16000	40300	0	10400	12400	0	9400	0	0	0	16900	16900
26000	4500	39500	58500	30000	13500	0	39500	30900	0	58500	50900	25600	30900	30200	57100	18900	0	0	26100	13100	0	16500	15500	12500	0	0	0	48500	0	4500	15000	3500	2700	0	0	0	30900	25100	39300	0	54900	3500	26900	6700	0	0	30900	0	0	16500	30100	18000	30900	0	1000	31100	4700	15500	0	30900	58500	0	29100	53400	500	23500	25500	5000	22500	0	1300	0	30000	30000
9500	0	23000	42000	13500	0	0	23000	14400	0	42000	34400	9100	14400	13700	40600	2400	0	0	9600	0	0	0	0	0	0	0	0	32000	0	0	0	0	0	0	0	0	14400	8600	22800	0	38400	0	10400	0	0	0	14400	0	0	0	13600	1500	14400	0	0	14600	0	0	0	14400	42000	0	12600	36900	0	7000	9000	0	6000	0	0	0	13500	13500
10500	0	24000	43000	14500	0	0	24000	15400	0	43000	35400	10100	15400	14700	41600	3400	0	0	10600	0	0	1000	0	0	0	0	0	33000	0	0	0	0	0	0	0	0	15400	9600	23800	0	39400	0	11400	0	0	0	15400	0	0	1000	14600	2500	15400	0	0	15600	0	0	0	15400	43000	0	13600	37900	0	8000	10000	0	7000	0	0	0	14500	14500
13500	0	27000	46000	17500	1000	0	27000	18400	0	46000	38400	13100	18400	17700	44600	6400	0	0	13600	600	0	4000	3000	0	0	0	0	36000	0	0	2500	0	0	0	0	0	18400	12600	26800	0	42400	0	14400	0	0	0	18400	0	0	4000	17600	5500	18400	0	0	18600	0	3000	0	18400	46000	0	16600	40900	0	11000	13000	0	10000	0	0	0	17500	17500
32500	11000	46000	65000	36500	20000	0	46000	37400	5000	65000	57400	32100	37400	36700	63600	25400	6500	1400	32600	19600	6500	23000	22000	19000	0	0	0	55000	0	11000	21500	10000	9200	4300	0	5000	37400	31600	45800	1500	61400	10000	33400	13200	5000	5600	37400	6000	0	23000	36600	24500	37400	0	7500	37600	11200	22000	0	37400	65000	0	35600	59900	7000	30000	32000	11500	29000	0	7800	0	36500	36500
40700	19200	54200	73200	44700	28200	2700	54200	45600	13200	73200	65600	40300	45600	44900	71800	33600	14700	9600	40800	27800	14700	31200	30200	27200	8200	0	0	63200	0	19200	29700	18200	17400	12500	0	13200	45600	39800	54000	9700	69600	18200	41600	21400	13200	13800	45600	14200	0	31200	44800	32700	45600	2200	15700	45800	19400	30200	3700	45600	73200	6800	43800	68100	15200	38200	40200	19700	37200	0	16000	0	44700	44700
49500	28000	63000	82000	53500	37000	11500	63000	54400	22000	82000	74400	49100	54400	53700	80600	42400	23500	18400	49600	36600	23500	40000	39000	36000	17000	8800	0	72000	3600	28000	38500	27000	26200	21300	1400	22000	54400	48600	62800	18500	78400	27000	50400	30200	22000	22600	54400	23000	5600	40000	53600	41500	54400	11000	24500	54600	28200	39000	12500	54400	82000	15600	52600	76900	24000	47000	49000	28500	46000	0	24800	5200	53500	53500
0	0	0	10000	0	0	0	0	0	0	10000	2400	0	0	0	8600	0	0	0	0	0	0	0	0	0	0	0	0	0	0	0	0	0	0	0	0	0	0	0	0	0	6400	0	0	0	0	0	0	0	0	0	0	0	0	0	0	0	0	0	0	0	10000	0	0	4900	0	0	0	0	0	0	0	0	0	0
45900	24400	59400	78400	49900	33400	7900	59400	50800	18400	78400	70800	45500	50800	50100	77000	38800	19900	14800	46000	33000	19900	36400	35400	32400	13400	5200	0	68400	0	24400	34900	23400	22600	17700	0	18400	50800	45000	59200	14900	74800	23400	46800	26600	18400	19000	50800	19400	2000	36400	50000	37900	50800	7400	20900	51000	24600	35400	8900	50800	78400	12000	49000	73300	20400	43400	45400	24900	42400	0	21200	1600	49900	49900
21500	0	35000	54000	25500	9000	0	35000	26400	0	54000	46400	21100	26400	25700	52600	14400	0	0	21600	8600	0	12000	11000	8000	0	0	0	44000	0	0	10500	0	0	0	0	0	26400	20600	34800	0	50400	0	22400	2200	0	0	26400	0	0	12000	25600	13500	26400	0	0	26600	200	11000	0	26400	54000	0	24600	48900	0	19000	21000	500	18000	0	0	0	25500	25500
11000	0	24500	43500	15000	0	0	24500	15900	0	43500	35900	10600	15900	15200	42100	3900	0	0	11100	0	0	1500	500	0	0	0	0	33500	0	0	0	0	0	0	0	0	15900	10100	24300	0	39900	0	11900	0	0	0	15900	0	0	1500	15100	3000	15900	0	0	16100	0	500	0	15900	43500	0	14100	38400	0	8500	10500	0	7500	0	0	0	15000	15000
22500	1000	36000	55000	26500	10000	0	36000	27400	0	55000	47400	22100	27400	26700	53600	15400	0	0	22600	9600	0	13000	12000	9000	0	0	0	45000	0	1000	11500	0	0	0	0	0	27400	21600	35800	0	51400	0	23400	3200	0	0	27400	0	0	13000	26600	14500	27400	0	0	27600	1200	12000	0	27400	55000	0	25600	49900	0	20000	22000	1500	19000	0	0	0	26500	26500
23300	1800	36800	55800	27300	10800	0	36800	28200	0	55800	48200	22900	28200	27500	54400	16200	0	0	23400	10400	0	13800	12800	9800	0	0	0	45800	0	1800	12300	800	0	0	0	0	28200	22400	36600	0	52200	800	24200	4000	0	0	28200	0	0	13800	27400	15300	28200	0	0	28400	2000	12800	0	28200	55800	0	26400	50700	0	20800	22800	2300	19800	0	0	0	27300	27300
28200	6700	41700	60700	32200	15700	0	41700	33100	700	60700	53100	27800	33100	32400	59300	21100	2200	0	28300	15300	2200	18700	17700	14700	0	0	0	50700	0	6700	17200	5700	4900	0	0	700	33100	27300	41500	0	57100	5700	29100	8900	700	1300	33100	1700	0	18700	32300	20200	33100	0	3200	33300	6900	17700	0	33100	60700	0	31300	55600	2700	25700	27700	7200	24700	0	3500	0	32200	32200
48100	26600	61600	80600	52100	35600	10100	61600	53000	20600	80600	73000	47700	53000	52300	79200	41000	22100	17000	48200	35200	22100	38600	37600	34600	15600	7400	0	70600	2200	26600	37100	25600	24800	19900	0	20600	53000	47200	61400	17100	77000	25600	49000	28800	20600	21200	53000	21600	4200	38600	52200	40100	53000	9600	23100	53200	26800	37600	11100	53000	80600	14200	51200	75500	22600	45600	47600	27100	44600	0	23400	3800	52100	52100
27500	6000	41000	60000	31500	15000	0	41000	32400	0	60000	52400	27100	32400	31700	58600	20400	1500	0	27600	14600	1500	18000	17000	14000	0	0	0	50000	0	6000	16500	5000	4200	0	0	0	32400	26600	40800	0	56400	5000	28400	8200	0	600	32400	1000	0	18000	31600	19500	32400	0	2500	32600	6200	17000	0	32400	60000	0	30600	54900	2000	25000	27000	6500	24000	0	2800	0	31500	31500
0	0	8600	27600	0	0	0	8600	0	0	27600	20000	0	0	0	26200	0	0	0	0	0	0	0	0	0	0	0	0	17600	0	0	0	0	0	0	0	0	0	0	8400	0	24000	0	0	0	0	0	0	0	0	0	0	0	0	0	0	200	0	0	0	0	27600	0	0	22500	0	0	0	0	0	0	0	0	0	0
900	0	14400	33400	4900	0	0	14400	5800	0	33400	25800	500	5800	5100	32000	0	0	0	1000	0	0	0	0	0	0	0	0	23400	0	0	0	0	0	0	0	0	5800	0	14200	0	29800	0	1800	0	0	0	5800	0	0	0	5000	0	5800	0	0	6000	0	0	0	5800	33400	0	4000	28300	0	0	400	0	0	0	0	0	4900	4900
0	0	200	19200	0	0	0	200	0	0	19200	11600	0	0	0	17800	0	0	0	0	0	0	0	0	0	0	0	0	9200	0	0	0	0	0	0	0	0	0	0	0	0	15600	0	0	0	0	0	0	0	0	0	0	0	0	0	0	0	0	0	0	0	19200	0	0	14100	0	0	0	0	0	0	0	0	0	0
31000	9500	44500	63500	35000	18500	0	44500	35900	3500	63500	55900	30600	35900	35200	62100	23900	5000	0	31100	18100	5000	21500	20500	17500	0	0	0	53500	0	9500	20000	8500	7700	2800	0	3500	35900	30100	44300	0	59900	8500	31900	11700	3500	4100	35900	4500	0	21500	35100	23000	35900	0	6000	36100	9700	20500	0	35900	63500	0	34100	58400	5500	28500	30500	10000	27500	0	6300	0	35000	35000
0	0	0	3600	0	0	0	0	0	0	3600	0	0	0	0	2200	0	0	0	0	0	0	0	0	0	0	0	0	0	0	0	0	0	0	0	0	0	0	0	0	0	0	0	0	0	0	0	0	0	0	0	0	0	0	0	0	0	0	0	0	0	3600	0	0	0	0	0	0	0	0	0	0	0	0	0
22500	1000	36000	55000	26500	10000	0	36000	27400	0	55000	47400	22100	27400	26700	53600	15400	0	0	22600	9600	0	13000	12000	9000	0	0	0	45000	0	1000	11500	0	0	0	0	0	27400	21600	35800	0	51400	0	23400	3200	0	0	27400	0	0	13000	26600	14500	27400	0	0	27600	1200	12000	0	27400	55000	0	25600	49900	0	20000	22000	1500	19000	0	0	0	26500	26500
0	0	12600	31600	3100	0	0	12600	4000	0	31600	24000	0	4000	3300	30200	0	0	0	0	0	0	0	0	0	0	0	0	21600	0	0	0	0	0	0	0	0	4000	0	12400	0	28000	0	0	0	0	0	4000	0	0	0	3200	0	4000	0	0	4200	0	0	0	4000	31600	0	2200	26500	0	0	0	0	0	0	0	0	3100	3100
19300	0	32800	51800	23300	6800	0	32800	24200	0	51800	44200	18900	24200	23500	50400	12200	0	0	19400	6400	0	9800	8800	5800	0	0	0	41800	0	0	8300	0	0	0	0	0	24200	18400	32600	0	48200	0	20200	0	0	0	24200	0	0	9800	23400	11300	24200	0	0	24400	0	8800	0	24200	51800	0	22400	46700	0	16800	18800	0	15800	0	0	0	23300	23300
27500	6000	41000	60000	31500	15000	0	41000	32400	0	60000	52400	27100	32400	31700	58600	20400	1500	0	27600	14600	1500	18000	17000	14000	0	0	0	50000	0	6000	16500	5000	4200	0	0	0	32400	26600	40800	0	56400	5000	28400	8200	0	600	32400	1000	0	18000	31600	19500	32400	0	2500	32600	6200	17000	0	32400	60000	0	30600	54900	2000	25000	27000	6500	24000	0	2800	0	31500	31500
26900	5400	40400	59400	30900	14400	0	40400	31800	0	59400	51800	26500	31800	31100	58000	19800	900	0	27000	14000	900	17400	16400	13400	0	0	0	49400	0	5400	15900	4400	3600	0	0	0	31800	26000	40200	0	55800	4400	27800	7600	0	0	31800	400	0	17400	31000	18900	31800	0	1900	32000	5600	16400	0	31800	59400	0	30000	54300	1400	24400	26400	5900	23400	0	2200	0	30900	30900
0	0	8600	27600	0	0	0	8600	0	0	27600	20000	0	0	0	26200	0	0	0	0	0	0	0	0	0	0	0	0	17600	0	0	0	0	0	0	0	0	0	0	8400	0	24000	0	0	0	0	0	0	0	0	0	0	0	0	0	0	200	0	0	0	0	27600	0	0	22500	0	0	0	0	0	0	0	0	0	0
26500	5000	40000	59000	30500	14000	0	40000	31400	0	59000	51400	26100	31400	30700	57600	19400	500	0	26600	13600	500	17000	16000	13000	0	0	0	49000	0	5000	15500	4000	3200	0	0	0	31400	25600	39800	0	55400	4000	27400	7200	0	0	31400	0	0	17000	30600	18500	31400	0	1500	31600	5200	16000	0	31400	59000	0	29600	53900	1000	24000	26000	5500	23000	0	1800	0	30500	30500
43900	22400	57400	76400	47900	31400	5900	57400	48800	16400	76400	68800	43500	48800	48100	75000	36800	17900	12800	44000	31000	17900	34400	33400	30400	11400	3200	0	66400	0	22400	32900	21400	20600	15700	0	16400	48800	43000	57200	12900	72800	21400	44800	24600	16400	17000	48800	17400	0	34400	48000	35900	48800	5400	18900	49000	22600	33400	6900	48800	76400	10000	47000	71300	18400	41400	43400	22900	40400	0	19200	0	47900	47900
9500	0	23000	42000	13500	0	0	23000	14400	0	42000	34400	9100	14400	13700	40600	2400	0	0	9600	0	0	0	0	0	0	0	0	32000	0	0	0	0	0	0	0	0	14400	8600	22800	0	38400	0	10400	0	0	0	14400	0	0	0	13600	1500	14400	0	0	14600	0	0	0	14400	42000	0	12600	36900	0	7000	9000	0	6000	0	0	0	13500	13500
0	0	9400	28400	0	0	0	9400	800	0	28400	20800	0	800	100	27000	0	0	0	0	0	0	0	0	0	0	0	0	18400	0	0	0	0	0	0	0	0	800	0	9200	0	24800	0	0	0	0	0	800	0	0	0	0	0	800	0	0	1000	0	0	0	800	28400	0	0	23300	0	0	0	0	0	0	0	0	0	0
8000	0	21500	40500	12000	0	0	21500	12900	0	40500	32900	7600	12900	12200	39100	900	0	0	8100	0	0	0	0	0	0	0	0	30500	0	0	0	0	0	0	0	0	12900	7100	21300	0	36900	0	8900	0	0	0	12900	0	0	0	12100	0	12900	0	0	13100	0	0	0	12900	40500	0	11100	35400	0	5500	7500	0	4500	0	0	0	12000	12000
0	0	8600	27600	0	0	0	8600	0	0	27600	20000	0	0	0	26200	0	0	0	0	0	0	0	0	0	0	0	0	17600	0	0	0	0	0	0	0	0	0	0	8400	0	24000	0	0	0	0	0	0	0	0	0	0	0	0	0	0	200	0	0	0	0	27600	0	0	22500	0	0	0	0	0	0	0	0	0	0
38500	17000	52000	71000	42500	26000	500	52000	43400	11000	71000	63400	38100	43400	42700	69600	31400	12500	7400	38600	25600	12500	29000	28000	25000	6000	0	0	61000	0	17000	27500	16000	15200	10300	0	11000	43400	37600	51800	7500	67400	16000	39400	19200	11000	11600	43400	12000	0	29000	42600	30500	43400	0	13500	43600	17200	28000	1500	43400	71000	4600	41600	65900	13000	36000	38000	17500	35000	0	13800	0	42500	42500
25000	3500	38500	57500	29000	12500	0	38500	29900	0	57500	49900	24600	29900	29200	56100	17900	0	0	25100	12100	0	15500	14500	11500	0	0	0	47500	0	3500	14000	2500	1700	0	0	0	29900	24100	38300	0	53900	2500	25900	5700	0	0	29900	0	0	15500	29100	17000	29900	0	0	30100	3700	14500	0	29900	57500	0	28100	52400	0	22500	24500	4000	21500	0	300	0	29000	29000
0	0	8400	27400	0	0	0	8400	0	0	27400	19800	0	0	0	26000	0	0	0	0	0	0	0	0	0	0	0	0	17400	0	0	0	0	0	0	0	0	0	0	8200	0	23800	0	0	0	0	0	0	0	0	0	0	0	0	0	0	0	0	0	0	0	27400	0	0	22300	0	0	0	0	0	0	0	0	0	0
21300	0	34800	53800	25300	8800	0	34800	26200	0	53800	46200	20900	26200	25500	52400	14200	0	0	21400	8400	0	11800	10800	7800	0	0	0	43800	0	0	10300	0	0	0	0	0	26200	20400	34600	0	50200	0	22200	2000	0	0	26200	0	0	11800	25400	13300	26200	0	0	26400	0	10800	0	26200	53800	0	24400	48700	0	18800	20800	300	17800	0	0	0	25300	25300
10500	0	24000	43000	14500	0	0	24000	15400	0	43000	35400	10100	15400	14700	41600	3400	0	0	10600	0	0	1000	0	0	0	0	0	33000	0	0	0	0	0	0	0	0	15400	9600	23800	0	39400	0	11400	0	0	0	15400	0	0	1000	14600	2500	15400	0	0	15600	0	0	0	15400	43000	0	13600	37900	0	8000	10000	0	7000	0	0	0	14500	14500
37000	15500	50500	69500	41000	24500	0	50500	41900	9500	69500	61900	36600	41900	41200	68100	29900	11000	5900	37100	24100	11000	27500	26500	23500	4500	0	0	59500	0	15500	26000	14500	13700	8800	0	9500	41900	36100	50300	6000	65900	14500	37900	17700	9500	10100	41900	10500	0	27500	41100	29000	41900	0	12000	42100	15700	26500	0	41900	69500	3100	40100	64400	11500	34500	36500	16000	33500	0	12300	0	41000	41000
0	0	8600	27600	0	0	0	8600	0	0	27600	20000	0	0	0	26200	0	0	0	0	0	0	0	0	0	0	0	0	17600	0	0	0	0	0	0	0	0	0	0	8400	0	24000	0	0	0	0	0	0	0	0	0	0	0	0	0	0	200	0	0	0	0	27600	0	0	22500	0	0	0	0	0	0	0	0	0	0
0	0	0	0	0	0	0	0	0	0	0	0	0	0	0	0	0	0	0	0	0	0	0	0	0	0	0	0	0	0	0	0	0	0	0	0	0	0	0	0	0	0	0	0	0	0	0	0	0	0	0	0	0	0	0	0	0	0	0	0	0	0	0	0	0	0	0	0	0	0	0	0	0	0	0
33900	12400	47400	66400	37900	21400	0	47400	38800	6400	66400	58800	33500	38800	38100	65000	26800	7900	2800	34000	21000	7900	24400	23400	20400	1400	0	0	56400	0	12400	22900	11400	10600	5700	0	6400	38800	33000	47200	2900	62800	11400	34800	14600	6400	7000	38800	7400	0	24400	38000	25900	38800	0	8900	39000	12600	23400	0	38800	66400	0	37000	61300	8400	31400	33400	12900	30400	0	9200	0	37900	37900
0	0	10400	29400	900	0	0	10400	1800	0	29400	21800	0	1800	1100	28000	0	0	0	0	0	0	0	0	0	0	0	0	19400	0	0	0	0	0	0	0	0	1800	0	10200	0	25800	0	0	0	0	0	1800	0	0	0	1000	0	1800	0	0	2000	0	0	0	1800	29400	0	0	24300	0	0	0	0	0	0	0	0	900	900
0	0	0	5100	0	0	0	0	0	0	5100	0	0	0	0	3700	0	0	0	0	0	0	0	0	0	0	0	0	0	0	0	0	0	0	0	0	0	0	0	0	0	1500	0	0	0	0	0	0	0	0	0	0	0	0	0	0	0	0	0	0	0	5100	0	0	0	0	0	0	0	0	0	0	0	0	0
25500	4000	39000	58000	29500	13000	0	39000	30400	0	58000	50400	25100	30400	29700	56600	18400	0	0	25600	12600	0	16000	15000	12000	0	0	0	48000	0	4000	14500	3000	2200	0	0	0	30400	24600	38800	0	54400	3000	26400	6200	0	0	30400	0	0	16000	29600	17500	30400	0	500	30600	4200	15000	0	30400	58000	0	28600	52900	0	23000	25000	4500	22000	0	800	0	29500	29500
2500	0	16000	35000	6500	0	0	16000	7400	0	35000	27400	2100	7400	6700	33600	0	0	0	2600	0	0	0	0	0	0	0	0	25000	0	0	0	0	0	0	0	0	7400	1600	15800	0	31400	0	3400	0	0	0	7400	0	0	0	6600	0	7400	0	0	7600	0	0	0	7400	35000	0	5600	29900	0	0	2000	0	0	0	0	0	6500	6500
500	0	14000	33000	4500	0	0	14000	5400	0	33000	25400	100	5400	4700	31600	0	0	0	600	0	0	0	0	0	0	0	0	23000	0	0	0	0	0	0	0	0	5400	0	13800	0	29400	0	1400	0	0	0	5400	0	0	0	4600	0	5400	0	0	5600	0	0	0	5400	33000	0	3600	27900	0	0	0	0	0	0	0	0	4500	4500
21000	0	34500	53500	25000	8500	0	34500	25900	0	53500	45900	20600	25900	25200	52100	13900	0	0	21100	8100	0	11500	10500	7500	0	0	0	43500	0	0	10000	0	0	0	0	0	25900	20100	34300	0	49900	0	21900	1700	0	0	25900	0	0	11500	25100	13000	25900	0	0	26100	0	10500	0	25900	53500	0	24100	48400	0	18500	20500	0	17500	0	0	0	25000	25000
3500	0	17000	36000	7500	0	0	17000	8400	0	36000	28400	3100	8400	7700	34600	0	0	0	3600	0	0	0	0	0	0	0	0	26000	0	0	0	0	0	0	0	0	8400	2600	16800	0	32400	0	4400	0	0	0	8400	0	0	0	7600	0	8400	0	0	8600	0	0	0	8400	36000	0	6600	30900	0	1000	3000	0	0	0	0	0	7500	7500
49700	28200	63200	82200	53700	37200	11700	63200	54600	22200	82200	74600	49300	54600	53900	80800	42600	23700	18600	49800	36800	23700	40200	39200	36200	17200	9000	200	72200	3800	28200	38700	27200	26400	21500	1600	22200	54600	48800	63000	18700	78600	27200	50600	30400	22200	22800	54600	23200	5800	40200	53800	41700	54600	11200	24700	54800	28400	39200	12700	54600	82200	15800	52800	77100	24200	47200	49200	28700	46200	0	25000	5400	53700	53700
24700	3200	38200	57200	28700	12200	0	38200	29600	0	57200	49600	24300	29600	28900	55800	17600	0	0	24800	11800	0	15200	14200	11200	0	0	0	47200	0	3200	13700	2200	1400	0	0	0	29600	23800	38000	0	53600	2200	25600	5400	0	0	29600	0	0	15200	28800	16700	29600	0	0	29800	3400	14200	0	29600	57200	0	27800	52100	0	22200	24200	3700	21200	0	0	0	28700	28700
44300	22800	57800	76800	48300	31800	6300	57800	49200	16800	76800	69200	43900	49200	48500	75400	37200	18300	13200	44400	31400	18300	34800	33800	30800	11800	3600	0	66800	0	22800	33300	21800	21000	16100	0	16800	49200	43400	57600	13300	73200	21800	45200	25000	16800	17400	49200	17800	400	34800	48400	36300	49200	5800	19300	49400	23000	33800	7300	49200	76800	10400	47400	71700	18800	41800	43800	23300	40800	0	19600	0	48300	48300
0	0	9500	28500	0	0	0	9500	900	0	28500	20900	0	900	200	27100	0	0	0	0	0	0	0	0	0	0	0	0	18500	0	0	0	0	0	0	0	0	900	0	9300	0	24900	0	0	0	0	0	900	0	0	0	100	0	900	0	0	1100	0	0	0	900	28500	0	0	23400	0	0	0	0	0	0	0	0	0	0
0	0	9500	28500	0	0	0	9500	900	0	28500	20900	0	900	200	27100	0	0	0	0	0	0	0	0	0	0	0	0	18500	0	0	0	0	0	0	0	0	900	0	9300	0	24900	0	0	0	0	0	900	0	0	0	100	0	900	0	0	1100	0	0	0	900	28500	0	0	23400	0	0	0	0	0	0	0	0	0	0

0	21500	0	0	0	12500	38000	0	0	27500	0	0	400	0	0	0	7100	26000	31100	0	12900	26000	9500	10500	13500	32500	40700	49500	0	45900	21500	11000	22500	23300	28200	48100	27500	0	900	0	31000	0	22500	0	19300	27500	26900	0	26500	43900	9500	0	8000	0	38500	25000	0	21300	10500	37000	0	0	33900	0	0	25500	2500	500	21000	3500	49700	24700	44300	0	0
0	0	0	0	0	0	16500	0	0	6000	0	0	0	0	0	0	0	4500	9600	0	0	4500	0	0	0	11000	19200	28000	0	24400	0	0	1000	1800	6700	26600	6000	0	0	0	9500	0	1000	0	0	6000	5400	0	5000	22400	0	0	0	0	17000	3500	0	0	0	15500	0	0	12400	0	0	4000	0	0	0	0	28200	3200	22800	0	0
13500	35000	0	0	9500	26000	51500	0	8600	41000	0	0	13900	8600	9300	0	20600	39500	44600	13400	26400	39500	23000	24000	27000	46000	54200	63000	0	59400	35000	24500	36000	36800	41700	61600	41000	8600	14400	200	44500	0	36000	12600	32800	41000	40400	8600	40000	57400	23000	9400	21500	8600	52000	38500	8400	34800	24000	50500	8600	0	47400	10400	0	39000	16000	14000	34500	17000	63200	38200	57800	9500	9500
32500	54000	19000	0	28500	45000	70500	19000	27600	60000	0	7600	32900	27600	28300	1400	39600	58500	63600	32400	45400	58500	42000	43000	46000	65000	73200	82000	10000	78400	54000	43500	55000	55800	60700	80600	60000	27600	33400	19200	63500	3600	55000	31600	51800	60000	59400	27600	59000	76400	42000	28400	40500	27600	71000	57500	27400	53800	43000	69500	27600	0	66400	29400	5100	58000	35000	33000	53500	36000	82200	57200	76800	28500	28500
4000	25500	0	0	0	16500	42000	0	0	31500	0	0	4400	0	0	0	11100	30000	35100	3900	16900	30000	13500	14500	17500	36500	44700	53500	0	49900	25500	15000	26500	27300	32200	52100	31500	0	4900	0	35000	0	26500	3100	23300	31500	30900	0	30500	47900	13500	0	12000	0	42500	29000	0	25300	14500	41000	0	0	37900	900	0	29500	6500	4500	25000	7500	53700	28700	48300	0	0
0	9000	0	0	0	0	25500	0	0	15000	0	0	0	0	0	0	0	13500	18600	0	400	13500	0	0	1000	20000	28200	37000	0	33400	9000	0	10000	10800	15700	35600	15000	0	0	0	18500	0	10000	0	6800	15000	14400	0	14000	31400	0	0	0	0	26000	12500	0	8800	0	24500	0	0	21400	0	0	13000	0	0	8500	0	37200	12200	31800	0	0
0	0	0	0	0	0	0	0	0	0	0	0	0	0	0	0	0	0	0	0	0	0	0	0	0	0	2700	11500	0	7900	0	0	0	0	0	10100	0	0	0	0	0	0	0	0	0	0	0	0	0	5900	0	0	0	0	500	0	0	0	0	0	0	0	0	0	0	0	0	0	0	0	11700	0	6300	0	0
13500	35000	0	0	9500	26000	51500	0	8600	41000	0	0	13900	8600	9300	0	20600	39500	44600	13400	26400	39500	23000	24000	27000	46000	54200	63000	0	59400	35000	24500	36000	36800	41700	61600	41000	8600	14400	200	44500	0	36000	12600	32800	41000	40400	8600	40000	57400	23000	9400	21500	8600	52000	38500	8400	34800	24000	50500	8600	0	47400	10400	0	39000	16000	14000	34500	17000	63200	38200	57800	9500	9500
4900	26400	0	0	900	17400	42900	0	0	32400	0	0	5300	0	700	0	12000	30900	36000	4800	17800	30900	14400	15400	18400	37400	45600	54400	0	50800	26400	15900	27400	28200	33100	53000	32400	0	5800	0	35900	0	27400	4000	24200	32400	31800	0	31400	48800	14400	800	12900	0	43400	29900	0	26200	15400	41900	0	0	38800	1800	0	30400	7400	5400	25900	8400	54600	29600	49200	900	900
0	0	0	0	0	0	10500	0	0	0	0	0	0	0	0	0	0	0	3600	0	0	0	0	0	0	5000	13200	22000	0	18400	0	0	0	0	700	20600	0	0	0	0	3500	0	0	0	0	0	0	0	0	16400	0	0	0	0	11000	0	0	0	0	9500	0	0	6400	0	0	0	0	0	0	0	22200	0	16800	0	0
32500	54000	19000	0	28500	45000	70500	19000	27600	60000	0	7600	32900	27600	28300	1400	39600	58500	63600	32400	45400	58500	42000	43000	46000	65000	73200	82000	10000	78400	54000	43500	55000	55800	60700	80600	60000	27600	33400	19200	63500	3600	55000	31600	51800	60000	59400	27600	59000	76400	42000	28400	40500	27600	71000	57500	27400	53800	43000	69500	27600	0	66400	29400	5100	58000	35000	33000	53500	36000	82200	57200	76800	28500	28500
24900	46400	11400	0	20900	37400	62900	11400	20000	52400	0	0	25300	20000	20700	0	32000	50900	56000	24800	37800	50900	34400	35400	38400	57400	65600	74400	2400	70800	46400	35900	47400	48200	53100	73000	52400	20000	25800	11600	55900	0	47400	24000	44200	52400	51800	20000	51400	68800	34400	20800	32900	20000	63400	49900	19800	46200	35400	61900	20000	0	58800	21800	0	50400	27400	25400	45900	28400	74600	49600	69200	20900	20900
0	21100	0	0	0	12100	37600	0	0	27100	0	0	0	0	0	0	6700	25600	30700	0	12500	25600	9100	10100	13100	32100	40300	49100	0	45500	21100	10600	22100	22900	27800	47700	27100	0	500	0	30600	0	22100	0	18900	27100	26500	0	26100	43500	9100	0	7600	0	38100	24600	0	20900	10100	36600	0	0	33500	0	0	25100	2100	100	20600	3100	49300	24300	43900	0	0
4900	26400	0	0	900	17400	42900	0	0	32400	0	0	5300	0	700	0	12000	30900	36000	4800	17800	30900	14400	15400	18400	37400	45600	54400	0	50800	26400	15900	27400	28200	33100	53000	32400	0	5800	0	35900	0	27400	4000	24200	32400	31800	0	31400	48800	14400	800	12900	0	43400	29900	0	26200	15400	41900	0	0	38800	1800	0	30400	7400	5400	25900	8400	54600	29600	49200	900	900
4200	25700	0	0	200	16700	42200	0	0	31700	0	0	4600	0	0	0	11300	30200	35300	4100	17100	30200	13700	14700	17700	36700	44900	53700	0	50100	25700	15200	26700	27500	32400	52300	31700	0	5100	0	35200	0	26700	3300	23500	31700	31100	0	30700	48100	13700	100	12200	0	42700	29200	0	25500	14700	41200	0	0	38100	1100	0	29700	6700	4700	25200	7700	53900	28900	48500	200	200
31100	52600	17600	0	27100	43600	69100	17600	26200	58600	0	6200	31500	26200	26900	0	38200	57100	62200	31000	44000	57100	40600	41600	44600	63600	71800	80600	8600	77000	52600	42100	53600	54400	59300	79200	58600	26200	32000	17800	62100	2200	53600	30200	50400	58600	58000	26200	57600	75000	40600	27000	39100	26200	69600	56100	26000	52400	41600	68100	26200	0	65000	28000	3700	56600	33600	31600	52100	34600	80800	55800	75400	27100	27100
0	14400	0	0	0	5400	30900	0	0	20400	0	0	0	0	0	0	0	18900	24000	0	5800	18900	2400	3400	6400	25400	33600	42400	0	38800	14400	3900	15400	16200	21100	41000	20400	0	0	0	23900	0	15400	0	12200	20400	19800	0	19400	36800	2400	0	900	0	31400	17900	0	14200	3400	29900	0	0	26800	0	0	18400	0	0	13900	0	42600	17600	37200	0	0
0	0	0	0	0	0	12000	0	0	1500	0	0	0	0	0	0	0	0	5100	0	0	0	0	0	0	6500	14700	23500	0	19900	0	0	0	0	2200	22100	1500	0	0	0	5000	0	0	0	0	1500	900	0	500	17900	0	0	0	0	12500	0	0	0	0	11000	0	0	7900	0	0	0	0	0	0	0	23700	0	18300	0	0
0	0	0	0	0	0	6900	0	0	0	0	0	0	0	0	0	0	0	0	0	0	0	0	0	0	1400	9600	18400	0	14800	0	0	0	0	0	17000	0	0	0	0	0	0	0	0	0	0	0	0	0	12800	0	0	0	0	7400	0	0	0	0	5900	0	0	2800	0	0	0	0	0	0	0	18600	0	13200	0	0
100	21600	0	0	0	12600	38100	0	0	27600	0	0	500	0	0	0	7200	26100	31200	0	13000	26100	9600	10600	13600	32600	40800	49600	0	46000	21600	11100	22600	23400	28300	48200	27600	0	1000	0	31100	0	22600	0	19400	27600	27000	0	26600	44000	9600	0	8100	0	38600	25100	0	21400	10600	37100	0	0	34000	0	0	25600	2600	600	21100	3600	49800	24800	44400	0	0
0	8600	0	0	0	0	25100	0	0	14600	0	0	0	0	0	0	0	13100	18200	0	0	13100	0	0	600	19600	27800	36600	0	33000	8600	0	9600	10400	15300	35200	14600	0	0	0	18100	0	9600	0	6400	14600	14000	0	13600	31000	0	0	0	0	25600	12100	0	8400	0	24100	0	0	21000	0	0	12600	0	0	8100	0	36800	11800	31400	0	0
0	0	0	0	0	0	12000	0	0	1500	0	0	0	0	0	0	0	0	5100	0	0	0	0	0	0	6500	14700	23500	0	19900	0	0	0	0	2200	22100	1500	0	0	0	5000	0	0	0	0	1500	900	0	500	17900	0	0	0	0	12500	0	0	0	0	11000	0	0	7900	0	0	0	0	0	0	0	23700	0	18300	0	0
0	12000	0	0	0	3000	28500	0	0	18000	0	0	0	0	0	0	0	16500	21600	0	3400	16500	0	1000	4000	23000	31200	40000	0	36400	12000	1500	13000	13800	18700	38600	18000	0	0	0	21500	0	13000	0	9800	18000	17400	0	17000	34400	0	0	0	0	29000	15500	0	11800	1000	27500	0	0	24400	0	0	16000	0	0	11500	0	40200	15200	34800	0	0
0	11000	0	0	0	2000	27500	0	0	17000	0	0	0	0	0	0	0	15500	20600	0	2400	15500	0	0	3000	22000	30200	39000	0	35400	11000	500	12000	12800	17700	37600	17000	0	0	0	20500	0	12000	0	8800	17000	16400	0	16000	33400	0	0	0	0	28000	14500	0	10800	0	26500	0	0	23400	0	0	15000	0	0	10500	0	39200	14200	33800	0	0
0	8000	0	0	0	0	24500	0	0	14000	0	0	0	0	0	0	0	12500	17600	0	0	12500	0	0	0	19000	27200	36000	0	32400	8000	0	9000	9800	14700	34600	14000	0	0	0	17500	0	9000	0	5800	14000	13400	0	13000	30400	0	0	0	0	25000	11500	0	7800	0	23500	0	0	20400	0	0	12000	0	0	7500	0	36200	11200	30800	0	0
0	0	0	0	0	0	5500	0	0	0	0	0	0	0	0	0	0	0	0	0	0	0	0	0	0	0	8200	17000	0	13400	0	0	0	0	0	15600	0	0	0	0	0	0	0	0	0	0	0	0	0	11400	0	0	0	0	6000	0	0	0	0	4500	0	0	1400	0	0	0	0	0	0	0	17200	0	11800	0	0
0	0	0	0	0	0	0	0	0	0	0	0	0	0	0	0	0	0	0	0	0	0	0	0	0	0	0	8800	0	5200	0	0	0	0	0	7400	0	0	0	0	0	0	0	0	0	0	0	0	0	3200	0	0	0	0	0	0	0	0	0	0	0	0	0	0	0	0	0	0	0	0	9000	0	3600	0	0
0	0	0	0	0	0	0	0	0	0	0	0	0	0	0	0	0	0	0	0	0	0	0	0	0	0	0	0	0	0	0	0	0	0	0	0	0	0	0	0	0	0	0	0	0	0	0	0	0	0	0	0	0	0	0	0	0	0	0	0	0	0	0	0	0	0	0	0	0	0	200	0	0	0	0
22500	44000	9000	0	18500	35000	60500	9000	17600	50000	0	0	22900	17600	18300	0	29600	48500	53600	22400	35400	48500	32000	33000	36000	55000	63200	72000	0	68400	44000	33500	45000	45800	50700	70600	50000	17600	23400	9200	53500	0	45000	21600	41800	50000	49400	17600	49000	66400	32000	18400	30500	17600	61000	47500	17400	43800	33000	59500	17600	0	56400	19400	0	48000	25000	23000	43500	26000	72200	47200	66800	18500	18500
0	0	0	0	0	0	0	0	0	0	0	0	0	0	0	0	0	0	0	0	0	0	0	0	0	0	0	3600	0	0	0	0	0	0	0	2200	0	0	0	0	0	0	0	0	0	0	0	0	0	0	0	0	0	0	0	0	0	0	0	0	0	0	0	0	0	0	0	0	0	0	3800	0	0	0	0
0	0	0	0	0	0	16500	0	0	6000	0	0	0	0	0	0	0	4500	9600	0	0	4500	0	0	0	11000	19200	28000	0	24400	0	0	1000	1800	6700	26600	6000	0	0	0	9500	0	1000	0	0	6000	5400	0	5000	22400	0	0	0	0	17000	3500	0	0	0	15500	0	0	12400	0	0	4000	0	0	0	0	28200	3200	22800	0	0
0	10500	0	0	0	1500	27000	0	0	16500	0	0	0	0	0	0	0	15000	20100	0	1900	15000	0	0	2500	21500	29700	38500	0	34900	10500	0	11500	12300	17200	37100	16500	0	0	0	20000	0	11500	0	8300	16500	15900	0	15500	32900	0	0	0	0	27500	14000	0	10300	0	26000	0	0	22900	0	0	14500	0	0	10000	0	38700	13700	33300	0	0
0	0	0	0	0	0	15500	0	0	5000	0	0	0	0	0	0	0	3500	8600	0	0	3500	0	0	0	10000	18200	27000	0	23400	0	0	0	800	5700	25600	5000	0	0	0	8500	0	0	0	0	5000	4400	0	4000	21400	0	0	0	0	16000	2500	0	0	0	14500	0	0	11400	0	0	3000	0	0	0	0	27200	2200	21800	0	0
0	0	0	0	0	0	14700	0	0	4200	0	0	0	0	0	0	0	2700	7800	0	0	2700	0	0	0	9200	17400	26200	0	22600	0	0	0	0	4900	24800	4200	0	0	0	7700	0	0	0	0	4200	3600	0	3200	20600	0	0	0	0	15200	1700	0	0	0	13700	0	0	10600	0	0	2200	0	0	0	0	26400	1400	21000	0	0
0	0	0	0	0	0	9800	0	0	0	0	0	0	0	0	0	0	0	2900	0	0	0	0	0	0	4300	12500	21300	0	17700	0	0	0	0	0	19900	0	0	0	0	2800	0	0	0	0	0	0	0	0	15700	0	0	0	0	10300	0	0	0	0	8800	0	0	5700	0	0	0	0	0	0	0	21500	0	16100	0	0
0	0	0	0	0	0	0	0	0	0	0	0	0	0	0	0	0	0	0	0	0	0	0	0	0	0	0	1400	0	0	0	0	0	0	0	0	0	0	0	0	0	0	0	0	0	0	0	0	0	0	0	0	0	0	0	0	0	0	0	0	0	0	0	0	0	0	0	0	0	0	1600	0	0	0	0
0	0	0	0	0	0	10500	0	0	0	0	0	0	0	0	0	0	0	3600	0	0	0	0	0	0	5000	13200	22000	0	18400	0	0	0	0	700	20600	0	0	0	0	3500	0	0	0	0	0	0	0	0	16400	0	0	0	0	11000	0	0	0	0	9500	0	0	6400	0	0	0	0	0	0	0	22200	0	16800	0	0
4900	26400	0	0	900	17400	42900	0	0	32400	0	0	5300	0	700	0	12000	30900	36000	4800	17800	30900	14400	15400	18400	37400	45600	54400	0	50800	26400	15900	27400	28200	33100	53000	32400	0	5800	0	35900	0	27400	4000	24200	32400	31800	0	31400	48800	14400	800	12900	0	43400	29900	0	26200	15400	41900	0	0	38800	1800	0	30400	7400	5400	25900	8400	54600	29600	49200	900	900
0	20600	0	0	0	11600	37100	0	0	26600	0	0	0	0	0	0	6200	25100	30200	0	12000	25100	8600	9600	12600	31600	39800	48600	0	45000	20600	10100	21600	22400	27300	47200	26600	0	0	0	30100	0	21600	0	18400	26600	26000	0	25600	43000	8600	0	7100	0	37600	24100	0	20400	9600	36100	0	0	33000	0	0	24600	1600	0	20100	2600	48800	23800	43400	0	0
13300	34800	0	0	9300	25800	51300	0	8400	40800	0	0	13700	8400	9100	0	20400	39300	44400	13200	26200	39300	22800	23800	26800	45800	54000	62800	0	59200	34800	24300	35800	36600	41500	61400	40800	8400	14200	0	44300	0	35800	12400	32600	40800	40200	8400	39800	57200	22800	9200	21300	8400	51800	38300	8200	34600	23800	50300	8400	0	47200	10200	0	38800	15800	13800	34300	16800	63000	38000	57600	9300	9300
0	0	0	0	0	0	7000	0	0	0	0	0	0	0	0	0	0	0	100	0	0	0	0	0	0	1500	9700	18500	0	14900	0	0	0	0	0	17100	0	0	0	0	0	0	0	0	0	0	0	0	0	12900	0	0	0	0	7500	0	0	0	0	6000	0	0	2900	0	0	0	0	0	0	0	18700	0	13300	0	0
28900	50400	15400	0	24900	41400	66900	15400	24000	56400	0	4000	29300	24000	24700	0	36000	54900	60000	28800	41800	54900	38400	39400	42400	61400	69600	78400	6400	74800	50400	39900	51400	52200	57100	77000	56400	24000	29800	15600	59900	0	51400	28000	48200	56400	55800	24000	55400	72800	38400	24800	36900	24000	67400	53900	23800	50200	39400	65900	24000	0	62800	25800	1500	54400	31400	29400	49900	32400	78600	53600	73200	24900	24900
0	0	0	0	0	0	15500	0	0	5000	0	0	0	0	0	0	0	3500	8600	0	0	3500	0	0	0	10000	18200	27000	0	23400	0	0	0	800	5700	25600	5000	0	0	0	8500	0	0	0	0	5000	4400	0	4000	21400	0	0	0	0	16000	2500	0	0	0	14500	0	0	11400	0	0	3000	0	0	0	0	27200	2200	21800	0	0
900	22400	0	0	0	13400	38900	0	0	28400	0	0	1300	0	0	0	8000	26900	32000	800	13800	26900	10400	11400	14400	33400	41600	50400	0	46800	22400	11900	23400	24200	29100	49000	28400	0	1800	0	31900	0	23400	0	20200	28400	27800	0	27400	44800	10400	0	8900	0	39400	25900	0	22200	11400	37900	0	0	34800	0	0	26400	3400	1400	21900	4400	50600	25600	45200	0	0
0	2200	0	0	0	0	18700	0	0	8200	0	0	0	0	0	0	0	6700	11800	0	0	6700	0	0	0	13200	21400	30200	0	26600	2200	0	3200	4000	8900	28800	8200	0	0	0	11700	0	3200	0	0	8200	7600	0	7200	24600	0	0	0	0	19200	5700	0	2000	0	17700	0	0	14600	0	0	6200	0	0	1700	0	30400	5400	25000	0	0
0	0	0	0	0	0	10500	0	0	0	0	0	0	0	0	0	0	0	3600	0	0	0	0	0	0	5000	13200	22000	0	18400	0	0	0	0	700	20600	0	0	0	0	3500	0	0	0	0	0	0	0	0	16400	0	0	0	0	11000	0	0	0	0	9500	0	0	6400	0	0	0	0	0	0	0	22200	0	16800	0	0
0	0	0	0	0	0	11100	0	0	600	0	0	0	0	0	0	0	0	4200	0	0	0	0	0	0	5600	13800	22600	0	19000	0	0	0	0	1300	21200	600	0	0	0	4100	0	0	0	0	600	0	0	0	17000	0	0	0	0	11600	0	0	0	0	10100	0	0	7000	0	0	0	0	0	0	0	22800	0	17400	0	0
4900	26400	0	0	900	17400	42900	0	0	32400	0	0	5300	0	700	0	12000	30900	36000	4800	17800	30900	14400	15400	18400	37400	45600	54400	0	50800	26400	15900	27400	28200	33100	53000	32400	0	5800	0	35900	0	27400	4000	24200	32400	31800	0	31400	48800	14400	800	12900	0	43400	29900	0	26200	15400	41900	0	0	38800	1800	0	30400	7400	5400	25900	8400	54600	29600	49200	900	900
0	0	0	0	0	0	11500	0	0	1000	0	0	0	0	0	0	0	0	4600	0	0	0	0	0	0	6000	14200	23000	0	19400	0	0	0	0	1700	21600	1000	0	0	0	4500	0	0	0	0	1000	400	0	0	17400	0	0	0	0	12000	0	0	0	0	10500	0	0	7400	0	0	0	0	0	0	0	23200	0	17800	0	0
0	0	0	0	0	0	0	0	0	0	0	0	0	0	0	0	0	0	0	0	0	0	0	0	0	0	0	5600	0	2000	0	0	0	0	0	4200	0	0	0	0	0	0	0	0	0	0	0	0	0	0	0	0	0	0	0	0	0	0	0	0	0	0	0	0	0	0	0	0	0	0	5800	0	400	0	0
0	12000	0	0	0	3000	28500	0	0	18000	0	0	0	0	0	0	0	16500	21600	0	3400	16500	0	1000	4000	23000	31200	40000	0	36400	12000	1500	13000	13800	18700	38600	18000	0	0	0	21500	0	13000	0	9800	18000	17400	0	17000	34400	0	0	0	0	29000	15500	0	11800	1000	27500	0	0	24400	0	0	16000	0	0	11500	0	40200	15200	34800	0	0
4100	25600	0	0	100	16600	42100	0	0	31600	0	0	4500	0	0	0	11200	30100	35200	4000	17000	30100	13600	14600	17600	36600	44800	53600	0	50000	25600	15100	26600	27400	32300	52200	31600	0	5000	0	35100	0	26600	3200	23400	31600	31000	0	30600	48000	13600	0	12100	0	42600	29100	0	25400	14600	41100	0	0	38000	1000	0	29600	6600	4600	25100	7600	53800	28800	48400	100	100
0	13500	0	0	0	4500	30000	0	0	19500	0	0	0	0	0	0	0	18000	23100	0	4900	18000	1500	2500	5500	24500	32700	41500	0	37900	13500	3000	14500	15300	20200	40100	19500	0	0	0	23000	0	14500	0	11300	19500	18900	0	18500	35900	1500	0	0	0	30500	17000	0	13300	2500	29000	0	0	25900	0	0	17500	0	0	13000	0	41700	16700	36300	0	0
4900	26400	0	0	900	17400	42900	0	0	32400	0	0	5300	0	700	0	12000	30900	36000	4800	17800	30900	14400	15400	18400	37400	45600	54400	0	50800	26400	15900	27400	28200	33100	53000	32400	0	5800	0	35900	0	27400	4000	24200	32400	31800	0	31400	48800	14400	800	12900	0	43400	29900	0	26200	15400	41900	0	0	38800	1800	0	30400	7400	5400	25900	8400	54600	29600	49200	900	900
0	0	0	0	0	0	0	0	0	0	0	0	0	0	0	0	0	0	0	0	0	0	0	0	0	0	2200	11000	0	7400	0	0	0	0	0	9600	0	0	0	0	0	0	0	0	0	0	0	0	0	5400	0	0	0	0	0	0	0	0	0	0	0	0	0	0	0	0	0	0	0	0	11200	0	5800	0	0
0	0	0	0	0	0	13000	0	0	2500	0	0	0	0	0	0	0	1000	6100	0	0	1000	0	0	0	7500	15700	24500	0	20900	0	0	0	0	3200	23100	2500	0	0	0	6000	0	0	0	0	2500	1900	0	1500	18900	0	0	0	0	13500	0	0	0	0	12000	0	0	8900	0	0	500	0	0	0	0	24700	0	19300	0	0
5100	26600	0	0	1100	17600	43100	0	200	32600	0	0	5500	200	900	0	12200	31100	36200	5000	18000	31100	14600	15600	18600	37600	45800	54600	0	51000	26600	16100	27600	28400	33300	53200	32600	200	6000	0	36100	0	27600	4200	24400	32600	32000	200	31600	49000	14600	1000	13100	200	43600	30100	0	26400	15600	42100	200	0	39000	2000	0	30600	7600	5600	26100	8600	54800	29800	49400	1100	1100
0	200	0	0	0	0	16700	0	0	6200	0	0	0	0	0	0	0	4700	9800	0	0	4700	0	0	0	11200	19400	28200	0	24600	200	0	1200	2000	6900	26800	6200	0	0	0	9700	0	1200	0	0	6200	5600	0	5200	22600	0	0	0	0	17200	3700	0	0	0	15700	0	0	12600	0	0	4200	0	0	0	0	28400	3400	23000	0	0
0	11000	0	0	0	2000	27500	0	0	17000	0	0	0	0	0	0	0	15500	20600	0	2400	15500	0	0	3000	22000	30200	39000	0	35400	11000	500	12000	12800	17700	37600	17000	0	0	0	20500	0	12000	0	8800	17000	16400	0	16000	33400	0	0	0	0	28000	14500	0	10800	0	26500	0	0	23400	0	0	15000	0	0	10500	0	39200	14200	33800	0	0
0	0	0	0	0	0	1000	0	0	0	0	0	0	0	0	0	0	0	0	0	0	0	0	0	0	0	3700	12500	0	8900	0	0	0	0	0	11100	0	0	0	0	0	0	0	0	0	0	0	0	0	6900	0	0	0	0	1500	0	0	0	0	0	0	0	0	0	0	0	0	0	0	0	12700	0	7300	0	0
4900	26400	0	0	900	17400	42900	0	0	32400	0	0	5300	0	700	0	12000	30900	36000	4800	17800	30900	14400	15400	18400	37400	45600	54400	0	50800	26400	15900	27400	28200	33100	53000	32400	0	5800	0	35900	0	27400	4000	24200	32400	31800	0	31400	48800	14400	800	12900	0	43400	29900	0	26200	15400	41900	0	0	38800	1800	0	30400	7400	5400	25900	8400	54600	29600	49200	900	900
32500	54000	19000	0	28500	45000	70500	19000	27600	60000	0	7600	32900	27600	28300	1400	39600	58500	63600	32400	45400	58500	42000	43000	46000	65000	73200	82000	10000	78400	54000	43500	55000	55800	60700	80600	60000	27600	33400	19200	63500	3600	55000	31600	51800	60000	59400	27600	59000	76400	42000	28400	40500	27600	71000	57500	27400	53800	43000	69500	27600	0	66400	29400	5100	58000	35000	33000	53500	36000	82200	57200	76800	28500	28500
0	0	0	0	0	0	4100	0	0	0	0	0	0	0	0	0	0	0	0	0	0	0	0	0	0	0	6800	15600	0	12000	0	0	0	0	0	14200	0	0	0	0	0	0	0	0	0	0	0	0	0	10000	0	0	0	0	4600	0	0	0	0	3100	0	0	0	0	0	0	0	0	0	0	15800	0	10400	0	0
3100	24600	0	0	0	15600	41100	0	0	30600	0	0	3500	0	0	0	10200	29100	34200	3000	16000	29100	12600	13600	16600	35600	43800	52600	0	49000	24600	14100	25600	26400	31300	51200	30600	0	4000	0	34100	0	25600	2200	22400	30600	30000	0	29600	47000	12600	0	11100	0	41600	28100	0	24400	13600	40100	0	0	37000	0	0	28600	5600	3600	24100	6600	52800	27800	47400	0	0
27400	48900	13900	0	23400	39900	65400	13900	22500	54900	0	2500	27800	22500	23200	0	34500	53400	58500	27300	40300	53400	36900	37900	40900	59900	68100	76900	4900	73300	48900	38400	49900	50700	55600	75500	54900	22500	28300	14100	58400	0	49900	26500	46700	54900	54300	22500	53900	71300	36900	23300	35400	22500	65900	52400	22300	48700	37900	64400	22500	0	61300	24300	0	52900	29900	27900	48400	30900	77100	52100	71700	23400	23400
0	0	0	0	0	0	12500	0	0	2000	0	0	0	0	0	0	0	500	5600	0	0	500	0	0	0	7000	15200	24000	0	20400	0	0	0	0	2700	22600	2000	0	0	0	5500	0	0	0	0	2000	1400	0	1000	18400	0	0	0	0	13000	0	0	0	0	11500	0	0	8400	0	0	0	0	0	0	0	24200	0	18800	0	0
0	19000	0	0	0	10000	35500	0	0	25000	0	0	0	0	0	0	4600	23500	28600	0	10400	23500	7000	8000	11000	30000	38200	47000	0	43400	19000	8500	20000	20800	25700	45600	25000	0	0	0	28500	0	20000	0	16800	25000	24400	0	24000	41400	7000	0	5500	0	36000	22500	0	18800	8000	34500	0	0	31400	0	0	23000	0	0	18500	1000	47200	22200	41800	0	0
0	21000	0	0	0	12000	37500	0	0	27000	0	0	0	0	0	0	6600	25500	30600	0	12400	25500	9000	10000	13000	32000	40200	49000	0	45400	21000	10500	22000	22800	27700	47600	27000	0	400	0	30500	0	22000	0	18800	27000	26400	0	26000	43400	9000	0	7500	0	38000	24500	0	20800	10000	36500	0	0	33400	0	0	25000	2000	0	20500	3000	49200	24200	43800	0	0
0	500	0	0	0	0	17000	0	0	6500	0	0	0	0	0	0	0	5000	10100	0	0	5000	0	0	0	11500	19700	28500	0	24900	500	0	1500	2300	7200	27100	6500	0	0	0	10000	0	1500	0	0	6500	5900	0	5500	22900	0	0	0	0	17500	4000	0	300	0	16000	0	0	12900	0	0	4500	0	0	0	0	28700	3700	23300	0	0
0	18000	0	0	0	9000	34500	0	0	24000	0	0	0	0	0	0	3600	22500	27600	0	9400	22500	6000	7000	10000	29000	37200	46000	0	42400	18000	7500	19000	19800	24700	44600	24000	0	0	0	27500	0	19000	0	15800	24000	23400	0	23000	40400	6000	0	4500	0	35000	21500	0	17800	7000	33500	0	0	30400	0	0	22000	0	0	17500	0	46200	21200	40800	0	0
0	0	0	0	0	0	0	0	0	0	0	0	0	0	0	0	0	0	0	0	0	0	0	0	0	0	0	0	0	0	0	0	0	0	0	0	0	0	0	0	0	0	0	0	0	0	0	0	0	0	0	0	0	0	0	0	0	0	0	0	0	0	0	0	0	0	0	0	0	0	0	0	0	0	0
0	0	0	0	0	0	13300	0	0	2800	0	0	0	0	0	0	0	1300	6400	0	0	1300	0	0	0	7800	16000	24800	0	21200	0	0	0	0	3500	23400	2800	0	0	0	6300	0	0	0	0	2800	2200	0	1800	19200	0	0	0	0	13800	300	0	0	0	12300	0	0	9200	0	0	800	0	0	0	0	25000	0	19600	0	0
0	0	0	0	0	0	0	0	0	0	0	0	0	0	0	0	0	0	0	0	0	0	0	0	0	0	0	5200	0	1600	0	0	0	0	0	3800	0	0	0	0	0	0	0	0	0	0	0	0	0	0	0	0	0	0	0	0	0	0	0	0	0	0	0	0	0	0	0	0	0	0	5400	0	0	0	0
4000	25500	0	0	0	16500	42000	0	0	31500	0	0	4400	0	0	0	11100	30000	35100	3900	16900	30000	13500	14500	17500	36500	44700	53500	0	49900	25500	15000	26500	27300	32200	52100	31500	0	4900	0	35000	0	26500	3100	23300	31500	30900	0	30500	47900	13500	0	12000	0	42500	29000	0	25300	14500	41000	0	0	37900	900	0	29500	6500	4500	25000	7500	53700	28700	48300	0	0
4000	25500	0	0	0	16500	42000	0	0	31500	0	0	4400	0	0	0	11100	30000	35100	3900	16900	30000	13500	14500	17500	36500	44700	53500	0	49900	25500	15000	26500	27300	32200	52100	31500	0	4900	0	35000	0	26500	3100	23300	31500	30900	0	30500	47900	13500	0	12000	0	42500	29000	0	25300	14500	41000	0	0	37900	900	0	29500	6500	4500	25000	7500	53700	28700	48300	0	0

0	8	20	41	0	38	64	18	20	20	28	38	99	20	41	74	0	112	20	49	26	28	40	28	41	82	41	105	0	0	0	53	0	23	41	0	4	0	23	20	0	41	20	56	30	56	0	93	32	40	20	4	7	0	28	20	41	38	49	79	0	30	32	0	38	0	28	15	32	0	41	46	20	8	4
0	0	15	38	0	34	62	11	15	15	23	34	98	15	38	73	0	112	15	46	20	23	36	23	38	81	38	105	0	0	0	51	0	18	38	0	0	0	18	15	0	38	15	53	26	53	0	92	28	36	15	0	0	0	23	15	38	34	46	78	0	26	28	0	34	0	23	8	28	0	38	43	15	0	0
0	0	0	30	0	26	57	0	0	0	11	26	96	0	30	69	0	111	0	40	8	11	28	11	30	78	30	103	0	0	0	45	0	4	30	0	0	0	4	0	0	30	0	48	15	48	0	90	18	28	0	0	0	0	11	0	30	26	40	75	0	15	18	0	26	0	11	0	18	0	30	36	0	0	0
0	0	0	0	0	0	45	0	0	0	0	0	91	0	0	60	0	108	0	18	0	0	0	0	0	70	0	99	0	0	0	26	0	0	0	0	0	0	0	0	0	0	0	30	0	30	0	85	0	0	0	0	0	0	0	0	0	0	18	66	0	0	0	0	0	0	0	0	0	0	0	11	0	0	0
11	18	28	46	0	43	67	26	28	28	34	43	100	28	46	77	0	113	28	53	32	34	45	34	46	84	46	106	0	8	0	56	0	30	46	0	15	0	30	28	0	46	28	59	36	59	0	95	38	45	28	15	17	0	34	28	46	43	53	81	0	36	38	0	43	0	34	23	38	0	46	51	28	18	15
0	0	0	8	0	0	48	0	0	0	0	0	92	0	8	62	0	109	0	23	0	0	4	0	8	72	8	100	0	0	0	30	0	0	8	0	0	0	0	0	0	8	0	34	0	34	0	86	0	4	0	0	0	0	0	0	8	0	23	68	0	0	0	0	0	0	0	0	0	0	8	18	0	0	0
0	0	0	0	0	0	0	0	0	0	0	0	80	0	0	33	0	101	0	0	0	0	0	0	0	51	0	90	0	0	0	0	0	0	0	0	0	0	0	0	0	0	0	0	0	0	0	72	0	0	0	0	0	0	0	0	0	0	0	45	0	0	0	0	0	0	0	0	0	0	0	0	0	0	0
0	0	4	32	0	28	59	0	4	4	15	28	96	4	32	70	0	112	4	41	11	15	30	15	32	79	32	103	0	0	0	46	0	8	32	0	0	0	8	4	0	32	4	49	18	49	0	91	20	30	4	0	0	0	15	4	32	28	41	76	0	18	20	0	28	0	15	0	20	0	32	38	4	0	0
0	0	0	30	0	26	57	0	0	0	11	26	96	0	30	69	0	111	0	40	8	11	28	11	30	78	30	103	0	0	0	45	0	4	30	0	0	0	4	0	0	30	0	48	15	48	0	90	18	28	0	0	0	0	11	0	30	26	40	75	0	15	18	0	26	0	11	0	18	0	30	36	0	0	0
0	0	0	30	0	26	57	0	0	0	11	26	96	0	30	69	0	111	0	40	8	11	28	11	30	78	30	103	0	0	0	45	0	4	30	0	0	0	4	0	0	30	0	48	15	48	0	90	18	28	0	0	0	0	11	0	30	26	40	75	0	15	18	0	26	0	11	0	18	0	30	36	0	0	0
0	0	0	23	0	18	54	0	0	0	0	18	94	0	23	67	0	110	0	34	0	0	20	0	23	76	23	102	0	0	0	40	0	0	23	0	0	0	0	0	0	23	0	43	4	43	0	89	8	20	0	0	0	0	0	0	23	18	34	72	0	4	8	0	18	0	0	0	8	0	23	30	0	0	0
0	0	0	8	0	0	48	0	0	0	0	0	92	0	8	62	0	109	0	23	0	0	4	0	8	72	8	100	0	0	0	30	0	0	8	0	0	0	0	0	0	8	0	34	0	34	0	86	0	4	0	0	0	0	0	0	8	0	23	68	0	0	0	0	0	0	0	0	0	0	8	18	0	0	0
0	0	0	0	0	0	0	0	0	0	0	0	0	0	0	0	0	69	0	0	0	0	0	0	0	0	0	41	0	0	0	0	0	0	0	0	0	0	0	0	0	0	0	0	0	0	0	0	0	0	0	0	0	0	0	0	0	0	0	0	0	0	0	0	0	0	0	0	0	0	0	0	0	0	0
0	0	0	30	0	26	57	0	0	0	11	26	96	0	30	69	0	111	0	40	8	11	28	11	30	78	30	103	0	0	0	45	0	4	30	0	0	0	4	0	0	30	0	48	15	48	0	90	18	28	0	0	0	0	11	0	30	26	40	75	0	15	18	0	26	0	11	0	18	0	30	36	0	0	0
0	0	0	0	0	0	45	0	0	0	0	0	91	0	0	60	0	108	0	18	0	0	0	0	0	70	0	99	0	0	0	26	0	0	0	0	0	0	0	0	0	0	0	30	0	30	0	85	0	0	0	0	0	0	0	0	0	0	18	66	0	0	0	0	0	0	0	0	0	0	0	11	0	0	0
0	0	0	0	0	0	0	0	0	0	0	0	71	0	0	0	0	96	0	0	0	0	0	0	0	31	0	83	0	0	0	0	0	0	0	0	0	0	0	0	0	0	0	0	0	0	0	61	0	0	0	0	0	0	0	0	0	0	0	22	0	0	0	0	0	0	0	0	0	0	0	0	0	0	0
15	20	30	48	4	45	68	28	30	30	36	45	100	30	48	77	0	114	30	54	34	36	46	36	48	85	48	107	0	11	0	57	0	32	48	0	18	0	32	30	0	48	30	60	38	60	0	95	40	46	30	18	20	0	36	30	48	45	54	82	0	38	40	0	45	0	36	26	40	4	48	52	30	20	18
0	0	0	0	0	0	0	0	0	0	0	0	0	0	0	0	0	0	0	0	0	0	0	0	0	0	0	0	0	0	0	0	0	0	0	0	0	0	0	0	0	0	0	0	0	0	0	0	0	0	0	0	0	0	0	0	0	0	0	0	0	0	0	0	0	0	0	0	0	0	0	0	0	0	0
0	0	0	30	0	26	57	0	0	0	11	26	96	0	30	69	0	111	0	40	8	11	28	11	30	78	30	103	0	0	0	45	0	4	30	0	0	0	4	0	0	30	0	48	15	48	0	90	18	28	0	0	0	0	11	0	30	26	40	75	0	15	18	0	26	0	11	0	18	0	30	36	0	0	0
0	0	0	0	0	0	36	0	0	0	0	0	88	0	0	54	0	106	0	0	0	0	0	0	0	65	0	96	0	0	0	11	0	0	0	0	0	0	0	0	0	0	0	17	0	18	0	81	0	0	0	0	0	0	0	0	0	0	0	61	0	0	0	0	0	0	0	0	0	0	0	0	0	0	0
0	0	0	26	0	20	56	0	0	0	4	20	95	0	26	68	0	111	0	36	0	4	23	4	26	76	26	102	0	0	0	41	0	0	26	0	0	0	0	0	0	26	0	45	8	45	0	89	11	23	0	0	0	0	4	0	26	20	36	73	0	8	11	0	20	0	4	0	11	0	26	32	0	0	0
0	0	0	23	0	18	54	0	0	0	0	18	94	0	23	67	0	110	0	34	0	0	20	0	23	76	23	102	0	0	0	40	0	0	23	0	0	0	0	0	0	23	0	43	4	43	0	89	8	20	0	0	0	0	0	0	23	18	34	72	0	4	8	0	18	0	0	0	8	0	23	30	0	0	0
0	0	0	4	0	0	46	0	0	0	0	0	91	0	4	61	0	108	0	20	0	0	0	0	4	71	4	99	0	0	0	28	0	0	4	0	0	0	0	0	0	4	0	32	0	32	0	85	0	0	0	0	0	0	0	0	4	0	20	67	0	0	0	0	0	0	0	0	0	0	4	15	0	0	0
0	0	0	23	0	18	54	0	0	0	0	18	94	0	23	67	0	110	0	34	0	0	20	0	23	76	23	102	0	0	0	40	0	0	23	0	0	0	0	0	0	23	0	43	4	43	0	89	8	20	0	0	0	0	0	0	23	18	34	72	0	4	8	0	18	0	0	0	8	0	23	30	0	0	0
0	0	0	0	0	0	45	0	0	0	0	0	91	0	0	60	0	108	0	18	0	0	0	0	0	70	0	99	0	0	0	26	0	0	0	0	0	0	0	0	0	0	0	30	0	30	0	85	0	0	0	0	0	0	0	0	0	0	18	66	0	0	0	0	0	0	0	0	0	0	0	11	0	0	0
0	0	0	0	0	0	0	0	0	0	0	0	61	0	0	0	0	90	0	0	0	0	0	0	0	0	0	76	0	0	0	0	0	0	0	0	0	0	0	0	0	0	0	0	0	0	0	48	0	0	0	0	0	0	0	0	0	0	0	0	0	0	0	0	0	0	0	0	0	0	0	0	0	0	0
0	0	0	0	0	0	45	0	0	0	0	0	91	0	0	60	0	108	0	18	0	0	0	0	0	70	0	99	0	0	0	26	0	0	0	0	0	0	0	0	0	0	0	30	0	30	0	85	0	0	0	0	0	0	0	0	0	0	18	66	0	0	0	0	0	0	0	0	0	0	0	11	0	0	0
0	0	0	0	0	0	0	0	0	0	0	0	0	0	0	0	0	52	0	0	0	0	0	0	0	0	0	0	0	0	0	0	0	0	0	0	0	0	0	0	0	0	0	0	0	0	0	0	0	0	0	0	0	0	0	0	0	0	0	0	0	0	0	0	0	0	0	0	0	0	0	0	0	0	0
15	20	30	48	4	45	68	28	30	30	36	45	100	30	48	77	0	114	30	54	34	36	46	36	48	85	48	107	0	11	0	57	0	32	48	0	18	0	32	30	0	48	30	60	38	60	0	95	40	46	30	18	20	0	36	30	48	45	54	82	0	38	40	0	45	0	36	26	40	4	48	52	30	20	18
4	11	23	43	0	40	65	20	23	23	30	40	99	23	43	75	0	113	23	51	28	30	41	30	43	83	43	106	0	0	0	54	0	26	43	0	8	0	26	23	0	43	23	56	32	56	0	94	34	41	23	8	11	0	30	23	43	40	51	80	0	32	34	0	40	0	30	18	34	0	43	48	23	11	8
15	20	30	48	4	45	68	28	30	30	36	45	100	30	48	77	0	114	30	54	34	36	46	36	48	85	48	107	0	11	0	57	0	32	48	0	18	0	32	30	0	48	30	60	38	60	0	95	40	46	30	18	20	0	36	30	48	45	54	82	0	38	40	0	45	0	36	26	40	4	48	52	30	20	18
0	0	0	0	0	0	30	0	0	0	0	0	86	0	0	50	0	105	0	0	0	0	0	0	0	62	0	95	0	0	0	0	0	0	0	0	0	0	0	0	0	0	0	8	0	8	0	79	0	0	0	0	0	0	0	0	0	0	0	57	0	0	0	0	0	0	0	0	0	0	0	0	0	0	0
15	20	30	48	4	45	68	28	30	30	36	45	100	30	48	77	0	114	30	54	34	36	46	36	48	85	48	107	0	11	0	57	0	32	48	0	18	0	32	30	0	48	30	60	38	60	0	95	40	46	30	18	20	0	36	30	48	45	54	82	0	38	40	0	45	0	36	26	40	4	48	52	30	20	18
0	0	0	28	0	23	56	0	0	0	8	23	95	0	28	69	0	111	0	38	4	8	26	8	28	77	28	103	0	0	0	43	0	0	28	0	0	0	0	0	0	28	0	46	11	46	0	90	15	26	0	0	0	0	8	0	28	23	38	74	0	11	15	0	23	0	8	0	15	0	28	34	0	0	0
0	0	0	0	0	0	45	0	0	0	0	0	91	0	0	60	0	108	0	18	0	0	0	0	0	70	0	99	0	0	0	26	0	0	0	0	0	0	0	0	0	0	0	30	0	30	0	85	0	0	0	0	0	0	0	0	0	0	18	66	0	0	0	0	0	0	0	0	0	0	0	11	0	0	0
15	20	30	48	4	45	68	28	30	30	36	45	100	30	48	77	0	114	30	54	34	36	46	36	48	85	48	107	0	11	0	57	0	32	48	0	18	0	32	30	0	48	30	60	38	60	0	95	40	46	30	18	20	0	36	30	48	45	54	82	0	38	40	0	45	0	36	26	40	4	48	52	30	20	18
0	4	18	40	0	36	63	15	18	18	26	36	98	18	40	74	0	112	18	48	23	26	38	26	40	81	40	105	0	0	0	52	0	20	40	0	0	0	20	18	0	40	18	54	28	54	0	93	30	38	18	0	3	0	26	18	40	36	48	79	0	28	30	0	36	0	26	11	30	0	40	45	18	4	0
20	26	34	51	11	48	70	32	34	34	40	48	101	34	51	79	8	114	34	56	38	40	49	40	51	86	51	108	8	18	8	60	8	36	51	8	23	0	36	34	8	51	34	62	41	62	8	96	43	49	34	23	25	8	40	34	51	48	56	83	8	41	43	8	48	0	40	30	43	11	51	54	34	26	23
0	0	0	28	0	23	56	0	0	0	8	23	95	0	28	69	0	111	0	38	4	8	26	8	28	77	28	103	0	0	0	43	0	0	28	0	0	0	0	0	0	28	0	46	11	46	0	90	15	26	0	0	0	0	8	0	28	23	38	74	0	11	15	0	23	0	8	0	15	0	28	34	0	0	0
0	0	0	30	0	26	57	0	0	0	11	26	96	0	30	69	0	111	0	40	8	11	28	11	30	78	30	103	0	0	0	45	0	4	30	0	0	0	4	0	0	30	0	48	15	48	0	90	18	28	0	0	0	0	11	0	30	26	40	75	0	15	18	0	26	0	11	0	18	0	30	36	0	0	0
15	20	30	48	4	45	68	28	30	30	36	45	100	30	48	77	0	114	30	54	34	36	46	36	48	85	48	107	0	11	0	57	0	32	48	0	18	0	32	30	0	48	30	60	38	60	0	95	40	46	30	18	20	0	36	30	48	45	54	82	0	38	40	0	45	0	36	26	40	4	48	52	30	20	18
0	0	0	0	0	0	45	0	0	0	0	0	91	0	0	60	0	108	0	18	0	0	0	0	0	70	0	99	0	0	0	26	0	0	0	0	0	0	0	0	0	0	0	30	0	30	0	85	0	0	0	0	0	0	0	0	0	0	18	66	0	0	0	0	0	0	0	0	0	0	0	11	0	0	0
0	0	0	30	0	26	57	0	0	0	11	26	96	0	30	69	0	111	0	40	8	11	28	11	30	78	30	103	0	0	0	45	0	4	30	0	0	0	4	0	0	30	0	48	15	48	0	90	18	28	0	0	0	0	11	0	30	26	40	75	0	15	18	0	26	0	11	0	18	0	30	36	0	0	0
0	0	0	0	0	0	26	0	0	0	0	0	85	0	0	47	0	104	0	0	0	0	0	0	0	60	0	94	0	0	0	0	0	0	0	0	0	0	0	0	0	0	0	0	0	0	0	78	0	0	0	0	0	0	0	0	0	0	0	56	0	0	0	0	0	0	0	0	0	0	0	0	0	0	0
0	0	0	20	0	15	53	0	0	0	0	15	94	0	20	66	0	110	0	32	0	0	18	0	20	75	20	101	0	0	0	38	0	0	20	0	0	0	0	0	0	20	0	41	0	41	0	88	4	18	0	0	0	0	0	0	20	15	32	72	0	0	4	0	15	0	0	0	4	0	20	28	0	0	0
0	0	0	0	0	0	26	0	0	0	0	0	85	0	0	47	0	104	0	0	0	0	0	0	0	60	0	94	0	0	0	0	0	0	0	0	0	0	0	0	0	0	0	0	0	0	0	78	0	0	0	0	0	0	0	0	0	0	0	56	0	0	0	0	0	0	0	0	0	0	0	0	0	0	0
15	20	30	48	4	45	68	28	30	30	36	45	100	30	48	77	0	114	30	54	34	36	46	36	48	85	48	107	0	11	0	57	0	32	48	0	18	0	32	30	0	48	30	60	38	60	0	95	40	46	30	18	20	0	36	30	48	45	54	82	0	38	40	0	45	0	36	26	40	4	48	52	30	20	18
0	0	0	0	0	0	0	0	0	0	0	0	32	0	0	0	0	78	0	0	0	0	0	0	0	0	0	56	0	0	0	0	0	0	0	0	0	0	0	0	0	0	0	0	0	0	0	0	0	0	0	0	0	0	0	0	0	0	0	0	0	0	0	0	0	0	0	0	0	0	0	0	0	0	0
0	0	0	18	0	11	52	0	0	0	0	11	93	0	18	65	0	110	0	30	0	0	15	0	18	74	18	101	0	0	0	36	0	0	18	0	0	0	0	0	0	18	0	40	0	40	0	88	0	15	0	0	0	0	0	0	18	11	30	71	0	0	0	0	11	0	0	0	0	0	18	26	0	0	0
0	0	0	4	0	0	46	0	0	0	0	0	91	0	4	61	0	108	0	20	0	0	0	0	4	71	4	99	0	0	0	28	0	0	4	0	0	0	0	0	0	4	0	32	0	32	0	85	0	0	0	0	0	0	0	0	4	0	20	67	0	0	0	0	0	0	0	0	0	0	4	15	0	0	0
0	0	0	30	0	26	57	0	0	0	11	26	96	0	30	69	0	111	0	40	8	11	28	11	30	78	30	103	0	0	0	45	0	4	30	0	0	0	4	0	0	30	0	48	15	48	0	90	18	28	0	0	0	0	11	0	30	26	40	75	0	15	18	0	26	0	11	0	18	0	30	36	0	0	0
0	4	18	40	0	36	63	15	18	18	26	36	98	18	40	74	0	112	18	48	23	26	38	26	40	81	40	105	0	0	0	52	0	20	40	0	0	0	20	18	0	40	18	54	28	54	0	93	30	38	18	0	3	0	26	18	40	36	48	79	0	28	30	0	36	0	26	11	30	0	40	45	18	4	0
0	1	15	38	0	35	63	12	15	15	24	35	98	15	38	73	0	112	15	47	21	24	37	24	38	81	38	105	0	0	0	51	0	18	38	0	0	0	18	15	0	38	15	53	26	53	0	93	28	37	15	0	0	0	24	15	38	35	47	78	0	26	28	0	35	0	24	9	28	0	38	43	15	1	0
15	20	30	48	4	45	68	28	30	30	36	45	100	30	48	77	0	114	30	54	34	36	46	36	48	85	48	107	0	11	0	57	0	32	48	0	18	0	32	30	0	48	30	60	38	60	0	95	40	46	30	18	20	0	36	30	48	45	54	82	0	38	40	0	45	0	36	26	40	4	48	52	30	20	18
0	0	0	23	0	18	54	0	0	0	0	18	94	0	23	67	0	110	0	34	0	0	20	0	23	76	23	102	0	0	0	40	0	0	23	0	0	0	0	0	0	23	0	43	4	43	0	89	8	20	0	0	0	0	0	0	23	18	34	72	0	4	8	0	18	0	0	0	8	0	23	30	0	0	0
0	0	0	30	0	26	57	0	0	0	11	26	96	0	30	69	0	111	0	40	8	11	28	11	30	78	30	103	0	0	0	45	0	4	30	0	0	0	4	0	0	30	0	48	15	48	0	90	18	28	0	0	0	0	11	0	30	26	40	75	0	15	18	0	26	0	11	0	18	0	30	36	0	0	0
0	0	0	0	0	0	45	0	0	0	0	0	91	0	0	60	0	108	0	18	0	0	0	0	0	70	0	99	0	0	0	26	0	0	0	0	0	0	0	0	0	0	0	30	0	30	0	85	0	0	0	0	0	0	0	0	0	0	18	66	0	0	0	0	0	0	0	0	0	0	0	11	0	0	0
0	0	0	8	0	0	48	0	0	0	0	0	92	0	8	62	0	109	0	23	0	0	4	0	8	72	8	100	0	0	0	30	0	0	8	0	0	0	0	0	0	8	0	34	0	34	0	86	0	4	0	0	0	0	0	0	8	0	23	68	0	0	0	0	0	0	0	0	0	0	8	18	0	0	0
0	0	0	0	0	0	36	0	0	0	0	0	88	0	0	54	0	106	0	0	0	0	0	0	0	65	0	96	0	0	0	11	0	0	0	0	0	0	0	0	0	0	0	17	0	18	0	81	0	0	0	0	0	0	0	0	0	0	0	61	0	0	0	0	0	0	0	0	0	0	0	0	0	0	0
0	0	0	0	0	0	0	0	0	0	0	0	65	0	0	0	0	92	0	0	0	0	0	0	0	15	0	79	0	0	0	0	0	0	0	0	0	0	0	0	0	0	0	0	0	0	0	53	0	0	0	0	0	0	0	0	0	0	0	0	0	0	0	0	0	0	0	0	0	0	0	0	0	0	0
15	20	30	48	4	45	68	28	30	30	36	45	100	30	48	77	0	114	30	54	34	36	46	36	48	85	48	107	0	11	0	57	0	32	48	0	18	0	32	30	0	48	30	60	38	60	0	95	40	46	30	18	20	0	36	30	48	45	54	82	0	38	40	0	45	0	36	26	40	4	48	52	30	20	18
0	0	0	20	0	15	53	0	0	0	0	15	94	0	20	66	0	110	0	32	0	0	18	0	20	75	20	101	0	0	0	38	0	0	20	0	0	0	0	0	0	20	0	41	0	41	0	88	4	18	0	0	0	0	0	0	20	15	32	72	0	0	4	0	15	0	0	0	4	0	20	28	0	0	0
0	0	0	18	0	11	52	0	0	0	0	11	93	0	18	65	0	110	0	30	0	0	15	0	18	74	18	101	0	0	0	36	0	0	18	0	0	0	0	0	0	18	0	40	0	40	0	88	0	15	0	0	0	0	0	0	18	11	30	71	0	0	0	0	11	0	0	0	0	0	18	26	0	0	0
15	20	30	48	4	45	68	28	30	30	36	45	100	30	48	77	0	114	30	54	34	36	46	36	48	85	48	107	0	11	0	57	0	32	48	0	18	0	32	30	0	48	30	60	38	60	0	95	40	46	30	18	20	0	36	30	48	45	54	82	0	38	40	0	45	0	36	26	40	4	48	52	30	20	18
0	0	0	8	0	0	48	0	0	0	0	0	92	0	8	62	0	109	0	23	0	0	4	0	8	72	8	100	0	0	0	30	0	0	8	0	0	0	0	0	0	8	0	34	0	34	0	86	0	4	0	0	0	0	0	0	8	0	23	68	0	0	0	0	0	0	0	0	0	0	8	18	0	0	0
26	30	38	53	18	51	72	36	38	38	43	51	102	38	53	80	15	115	38	59	41	43	52	43	53	87	53	108	15	23	15	62	15	40	53	15	28	8	40	38	15	53	38	64	45	64	15	97	46	52	38	28	30	15	43	38	53	51	59	85	15	45	46	15	51	0	43	34	46	18	53	56	38	30	28
0	0	0	23	0	18	54	0	0	0	0	18	94	0	23	67	0	110	0	34	0	0	20	0	23	76	23	102	0	0	0	40	0	0	23	0	0	0	0	0	0	23	0	43	4	43	0	89	8	20	0	0	0	0	0	0	23	18	34	72	0	4	8	0	18	0	0	0	8	0	23	30	0	0	0
0	0	8	34	0	30	60	4	8	8	18	30	97	8	34	71	0	112	8	43	15	18	32	18	34	79	34	104	0	0	0	48	0	11	34	0	0	0	11	8	0	34	8	50	20	51	0	91	23	32	8	0	0	0	18	8	34	30	43	76	0	20	23	0	30	0	18	0	23	0	34	40	8	0	0
0	0	0	18	0	11	52	0	0	0	0	11	93	0	18	65	0	110	0	30	0	0	15	0	18	74	18	101	0	0	0	36	0	0	18	0	0	0	0	0	0	18	0	40	0	40	0	88	0	15	0	0	0	0	0	0	18	11	30	71	0	0	0	0	11	0	0	0	0	0	18	26	0	0	0
11	18	28	46	0	43	67	26	28	28	34	43	100	28	46	77	0	113	28	53	32	34	45	34	46	84	46	106	0	8	0	56	0	30	46	0	15	0	30	28	0	46	28	59	36	59	0	95	38	45	28	15	17	0	34	28	46	43	53	81	0	36	38	0	43	0	34	23	38	0	46	51	28	18	15
0	0	0	0	0	0	45	0	0	0	0	0	91	0	0	60	0	108	0	18	0	0	0	0	0	70	0	99	0	0	0	26	0	0	0	0	0	0	0	0	0	0	0	30	0	30	0	85	0	0	0	0	0	0	0	0	0	0	18	66	0	0	0	0	0	0	0	0	0	0	0	11	0	0	0
0	0	0	0	0	0	40	0	0	0	0	0	89	0	0	56	0	107	0	8	0	0	0	0	0	67	0	97	0	0	0	18	0	0	0	0	0	0	0	0	0	0	0	23	0	23	0	83	0	0	0	0	0	0	0	0	0	0	8	63	0	0	0	0	0	0	0	0	0	0	0	0	0	0	0
0	0	0	30	0	26	57	0	0	0	11	26	96	0	30	69	0	111	0	40	8	11	28	11	30	78	30	103	0	0	0	45	0	4	30	0	0	0	4	0	0	30	0	48	15	48	0	90	18	28	0	0	0	0	11	0	30	26	40	75	0	15	18	0	26	0	11	0	18	0	30	36	0	0	0
0	0	15	38	0	34	62	11	15	15	23	34	98	15	38	73	0	112	15	46	20	23	36	23	38	81	38	105	0	0	0	51	0	18	38	0	0	0	18	15	0	38	15	53	26	53	0	92	28	36	15	0	0	0	23	15	38	34	46	78	0	26	28	0	34	0	23	8	28	0	38	43	15	0	0
0	4	18	40	0	36	63	15	18	18	26	36	98	18	40	74	0	112	18	48	23	26	38	26	40	81	40	105	0	0	0	52	0	20	40	0	0	0	20	18	0	40	18	54	28	54	0	93	30	38	18	0	3	0	26	18	40	36	48	79	0	28	30	0	36	0	26	11	30	0	40	45	18	4	0

0	0	0	0	11	0	0	0	0	0	0	0	0	0	0	0	15	0	0	0	0	0	0	0	0	0	0	0	15	4	15	0	15	0	0	15	0	20	0	0	15	0	0	0	0	0	15	0	0	0	0	0	0	15	0	0	0	0	0	0	15	0	0	15	0	26	0	0	0	11	0	0	0	0	0
8	0	0	0	18	0	0	0	0	0	0	0	0	0	0	0	20	0	0	0	0	0	0	0	0	0	0	0	20	11	20	0	20	0	0	20	4	26	0	0	20	0	0	0	0	0	20	0	0	0	0	4	1	20	0	0	0	0	0	0	20	0	0	20	0	30	0	0	0	18	0	0	0	0	4
20	15	0	0	28	0	0	4	0	0	0	0	0	0	0	0	30	0	0	0	0	0	0	0	0	0	0	0	30	23	30	0	30	0	0	30	18	34	0	0	30	0	0	0	0	0	30	0	0	0	0	18	15	30	0	0	0	0	0	0	30	0	0	30	0	38	0	8	0	28	0	0	0	15	18
41	38	30	0	46	8	0	32	30	30	23	8	0	30	0	0	48	0	30	0	26	23	4	23	0	0	0	0	48	43	48	0	48	28	0	48	40	51	28	30	48	0	30	0	20	0	48	0	18	4	30	40	38	48	23	30	0	8	0	0	48	20	18	48	8	53	23	34	18	46	0	0	30	38	40
0	0	0	0	0	0	0	0	0	0	0	0	0	0	0	0	4	0	0	0	0	0	0	0	0	0	0	0	4	0	4	0	4	0	0	4	0	11	0	0	4	0	0	0	0	0	4	0	0	0	0	0	0	4	0	0	0	0	0	0	4	0	0	4	0	18	0	0	0	0	0	0	0	0	0
38	34	26	0	43	0	0	28	26	26	18	0	0	26	0	0	45	0	26	0	20	18	0	18	0	0	0	0	45	40	45	0	45	23	0	45	36	48	23	26	45	0	26	0	15	0	45	0	11	0	26	36	35	45	18	26	0	0	0	0	45	15	11	45	0	51	18	30	11	43	0	0	26	34	36
64	62	57	45	67	48	0	59	57	57	54	48	0	57	45	0	68	0	57	36	56	54	46	54	45	0	45	0	68	65	68	30	68	56	45	68	63	70	56	57	68	45	57	26	53	26	68	0	52	46	57	63	63	68	54	57	45	48	36	0	68	53	52	68	48	72	54	60	52	67	45	40	57	62	63
18	11	0	0	26	0	0	0	0	0	0	0	0	0	0	0	28	0	0	0	0	0	0	0	0	0	0	0	28	20	28	0	28	0	0	28	15	32	0	0	28	0	0	0	0	0	28	0	0	0	0	15	12	28	0	0	0	0	0	0	28	0	0	28	0	36	0	4	0	26	0	0	0	11	15
20	15	0	0	28	0	0	4	0	0	0	0	0	0	0	0	30	0	0	0	0	0	0	0	0	0	0	0	30	23	30	0	30	0	0	30	18	34	0	0	30	0	0	0	0	0	30	0	0	0	0	18	15	30	0	0	0	0	0	0	30	0	0	30	0	38	0	8	0	28	0	0	0	15	18
20	15	0	0	28	0	0	4	0	0	0	0	0	0	0	0	30	0	0	0	0	0	0	0	0	0	0	0	30	23	30	0	30	0	0	30	18	34	0	0	30	0	0	0	0	0	30	0	0	0	0	18	15	30	0	0	0	0	0	0	30	0	0	30	0	38	0	8	0	28	0	0	0	15	18
28	23	11	0	34	0	0	15	11	11	0	0	0	11	0	0	36	0	11	0	4	0	0	0	0	0	0	0	36	30	36	0	36	8	0	36	26	40	8	11	36	0	11	0	0	0	36	0	0	0	11	26	24	36	0	11	0	0	0	0	36	0	0	36	0	43	0	18	0	34	0	0	11	23	26
38	34	26	0	43	0	0	28	26	26	18	0	0	26	0	0	45	0	26	0	20	18	0	18	0	0	0	0	45	40	45	0	45	23	0	45	36	48	23	26	45	0	26	0	15	0	45	0	11	0	26	36	35	45	18	26	0	0	0	0	45	15	11	45	0	51	18	30	11	43	0	0	26	34	36
99	98	96	91	100	92	80	96	96	96	94	92	0	96	91	71	100	0	96	88	95	94	91	94	91	61	91	0	100	99	100	86	100	95	91	100	98	101	95	96	100	91	96	85	94	85	100	32	93	91	96	98	98	100	94	96	91	92	88	65	100	94	93	100	92	102	94	97	93	100	91	89	96	98	98
20	15	0	0	28	0	0	4	0	0	0	0	0	0	0	0	30	0	0	0	0	0	0	0	0	0	0	0	30	23	30	0	30	0	0	30	18	34	0	0	30	0	0	0	0	0	30	0	0	0	0	18	15	30	0	0	0	0	0	0	30	0	0	30	0	38	0	8	0	28	0	0	0	15	18
41	38	30	0	46	8	0	32	30	30	23	8	0	30	0	0	48	0	30	0	26	23	4	23	0	0	0	0	48	43	48	0	48	28	0	48	40	51	28	30	48	0	30	0	20	0	48	0	18	4	30	40	38	48	23	30	0	8	0	0	48	20	18	48	8	53	23	34	18	46	0	0	30	38	40
74	73	69	60	77	62	33	70	69	69	67	62	0	69	60	0	77	0	69	54	68	67	61	67	60	0	60	0	77	75	77	50	77	69	60	77	74	79	69	69	77	60	69	47	66	47	77	0	65	61	69	74	73	77	67	69	60	62	54	0	77	66	65	77	62	80	67	71	65	77	60	56	69	73	74
0	0	0	0	0	0	0	0	0	0	0	0	0	0	0	0	0	0	0	0	0	0	0	0	0	0	0	0	0	0	0	0	0	0	0	0	0	8	0	0	0	0	0	0	0	0	0	0	0	0	0	0	0	0	0	0	0	0	0	0	0	0	0	0	0	15	0	0	0	0	0	0	0	0	0
112	112	111	108	113	109	101	112	111	111	110	109	69	111	108	96	114	0	111	106	111	110	108	110	108	90	108	52	114	113	114	105	114	111	108	114	112	114	111	111	114	108	111	104	110	104	114	78	110	108	111	112	112	114	110	111	108	109	106	92	114	110	110	114	109	115	110	112	110	113	108	107	111	112	112
20	15	0	0	28	0	0	4	0	0	0	0	0	0	0	0	30	0	0	0	0	0	0	0	0	0	0	0	30	23	30	0	30	0	0	30	18	34	0	0	30	0	0	0	0	0	30	0	0	0	0	18	15	30	0	0	0	0	0	0	30	0	0	30	0	38	0	8	0	28	0	0	0	15	18
49	46	40	18	53	23	0	41	40	40	34	23	0	40	18	0	54	0	40	0	36	34	20	34	18	0	18	0	54	51	54	0	54	38	18	54	48	56	38	40	54	18	40	0	32	0	54	0	30	20	40	48	47	54	34	40	18	23	0	0	54	32	30	54	23	59	34	43	30	53	18	8	40	46	48
26	20	8	0	32	0	0	11	8	8	0	0	0	8	0	0	34	0	8	0	0	0	0	0	0	0	0	0	34	28	34	0	34	4	0	34	23	38	4	8	34	0	8	0	0	0	34	0	0	0	8	23	21	34	0	8	0	0	0	0	34	0	0	34	0	41	0	15	0	32	0	0	8	20	23
28	23	11	0	34	0	0	15	11	11	0	0	0	11	0	0	36	0	11	0	4	0	0	0	0	0	0	0	36	30	36	0	36	8	0	36	26	40	8	11	36	0	11	0	0	0	36	0	0	0	11	26	24	36	0	11	0	0	0	0	36	0	0	36	0	43	0	18	0	34	0	0	11	23	26
40	36	28	0	45	4	0	30	28	28	20	4	0	28	0	0	46	0	28	0	23	20	0	20	0	0	0	0	46	41	46	0	46	26	0	46	38	49	26	28	46	0	28	0	18	0	46	0	15	0	28	38	37	46	20	28	0	4	0	0	46	18	15	46	4	52	20	32	15	45	0	0	28	36	38
28	23	11	0	34	0	0	15	11	11	0	0	0	11	0	0	36	0	11	0	4	0	0	0	0	0	0	0	36	30	36	0	36	8	0	36	26	40	8	11	36	0	11	0	0	0	36	0	0	0	11	26	24	36	0	11	0	0	0	0	36	0	0	36	0	43	0	18	0	34	0	0	11	23	26
41	38	30	0	46	8	0	32	30	30	23	8	0	30	0	0	48	0	30	0	26	23	4	23	0	0	0	0	48	43	48	0	48	28	0	48	40	51	28	30	48	0	30	0	20	0	48	0	18	4	30	40	38	48	23	30	0	8	0	0	48	20	18	48	8	53	23	34	18	46	0	0	30	38	40
82	81	78	70	84	72	51	79	78	78	76	72	0	78	70	31	85	0	78	65	76	76	71	76	70	0	70	0	85	83	85	62	85	77	70	85	81	86	77	78	85	70	78	60	75	60	85	0	74	71	78	81	81	85	76	78	70	72	65	15	85	75	74	85	72	87	76	79	74	84	70	67	78	81	81
41	38	30	0	46	8	0	32	30	30	23	8	0	30	0	0	48	0	30	0	26	23	4	23	0	0	0	0	48	43	48	0	48	28	0	48	40	51	28	30	48	0	30	0	20	0	48	0	18	4	30	40	38	48	23	30	0	8	0	0	48	20	18	48	8	53	23	34	18	46	0	0	30	38	40
105	105	103	99	106	100	90	103	103	103	102	100	41	103	99	83	107	0	103	96	102	102	99	102	99	76	99	0	107	106	107	95	107	103	99	107	105	108	103	103	107	99	103	94	101	94	107	56	101	99	103	105	105	107	102	103	99	100	96	79	107	101	101	107	100	108	102	104	101	106	99	97	103	105	105
0	0	0	0	0	0	0	0	0	0	0	0	0	0	0	0	0	0	0	0	0	0	0	0	0	0	0	0	0	0	0	0	0	0	0	0	0	8	0	0	0	0	0	0	0	0	0	0	0	0	0	0	0	0	0	0	0	0	0	0	0	0	0	0	0	15	0	0	0	0	0	0	0	0	0
0	0	0	0	8	0	0	0	0	0	0	0	0	0	0	0	11	0	0	0	0	0	0	0	0	0	0	0	11	0	11	0	11	0	0	11	0	18	0	0	11	0	0	0	0	0	11	0	0	0	0	0	0	11	0	0	0	0	0	0	11	0	0	11	0	23	0	0	0	8	0	0	0	0	0
0	0	0	0	0	0	0	0	0	0	0	0	0	0	0	0	0	0	0	0	0	0	0	0	0	0	0	0	0	0	0	0	0	0	0	0	0	8	0	0	0	0	0	0	0	0	0	0	0	0	0	0	0	0	0	0	0	0	0	0	0	0	0	0	0	15	0	0	0	0	0	0	0	0	0
53	51	45	26	56	30	0	46	45	45	40	30	0	45	26	0	57	0	45	11	41	40	28	40	26	0	26	0	57	54	57	0	57	43	26	57	52	60	43	45	57	26	45	0	38	0	57	0	36	28	45	52	51	57	40	45	26	30	11	0	57	38	36	57	30	62	40	48	36	56	26	18	45	51	52
0	0	0	0	0	0	0	0	0	0	0	0	0	0	0	0	0	0	0	0	0	0	0	0	0	0	0	0	0	0	0	0	0	0	0	0	0	8	0	0	0	0	0	0	0	0	0	0	0	0	0	0	0	0	0	0	0	0	0	0	0	0	0	0	0	15	0	0	0	0	0	0	0	0	0
23	18	4	0	30	0	0	8	4	4	0	0	0	4	0	0	32	0	4	0	0	0	0	0	0	0	0	0	32	26	32	0	32	0	0	32	20	36	0	4	32	0	4	0	0	0	32	0	0	0	4	20	18	32	0	4	0	0	0	0	32	0	0	32	0	40	0	11	0	30	0	0	4	18	20
41	38	30	0	46	8	0	32	30	30	23	8	0	30	0	0	48	0	30	0	26	23	4	23	0	0	0	0	48	43	48	0	48	28	0	48	40	51	28	30	48	0	30	0	20	0	48	0	18	4	30	40	38	48	23	30	0	8	0	0	48	20	18	48	8	53	23	34	18	46	0	0	30	38	40
0	0	0	0	0	0	0	0	0	0	0	0	0	0	0	0	0	0	0	0	0	0	0	0	0	0	0	0	0	0	0	0	0	0	0	0	0	8	0	0	0	0	0	0	0	0	0	0	0	0	0	0	0	0	0	0	0	0	0	0	0	0	0	0	0	15	0	0	0	0	0	0	0	0	0
4	0	0	0	15	0	0	0	0	0	0	0	0	0	0	0	18	0	0	0	0	0	0	0	0	0	0	0	18	8	18	0	18	0	0	18	0	23	0	0	18	0	0	0	0	0	18	0	0	0	0	0	0	18	0	0	0	0	0	0	18	0	0	18	0	28	0	0	0	15	0	0	0	0	0
0	0	0	0	0	0	0	0	0	0	0	0	0	0	0	0	0	0	0	0	0	0	0	0	0	0	0	0	0	0	0	0	0	0	0	0	0	0	0	0	0	0	0	0	0	0	0	0	0	0	0	0	0	0	0	0	0	0	0	0	0	0	0	0	0	8	0	0	0	0	0	0	0	0	0
23	18	4	0	30	0	0	8	4	4	0	0	0	4	0	0	32	0	4	0	0	0	0	0	0	0	0	0	32	26	32	0	32	0	0	32	20	36	0	4	32	0	4	0	0	0	32	0	0	0	4	20	18	32	0	4	0	0	0	0	32	0	0	32	0	40	0	11	0	30	0	0	4	18	20
20	15	0	0	28	0	0	4	0	0	0	0	0	0	0	0	30	0	0	0	0	0	0	0	0	0	0	0	30	23	30	0	30	0	0	30	18	34	0	0	30	0	0	0	0	0	30	0	0	0	0	18	15	30	0	0	0	0	0	0	30	0	0	30	0	38	0	8	0	28	0	0	0	15	18
0	0	0	0	0	0	0	0	0	0	0	0	0	0	0	0	0	0	0	0	0	0	0	0	0	0	0	0	0	0	0	0	0	0	0	0	0	8	0	0	0	0	0	0	0	0	0	0	0	0	0	0	0	0	0	0	0	0	0	0	0	0	0	0	0	15	0	0	0	0	0	0	0	0	0
41	38	30	0	46	8	0	32	30	30	23	8	0	30	0	0	48	0	30	0	26	23	4	23	0	0	0	0	48	43	48	0	48	28	0	48	40	51	28	30	48	0	30	0	20	0	48	0	18	4	30	40	38	48	23	30	0	8	0	0	48	20	18	48	8	53	23	34	18	46	0	0	30	38	40
20	15	0	0	28	0	0	4	0	0	0	0	0	0	0	0	30	0	0	0	0	0	0	0	0	0	0	0	30	23	30	0	30	0	0	30	18	34	0	0	30	0	0	0	0	0	30	0	0	0	0	18	15	30	0	0	0	0	0	0	30	0	0	30	0	38	0	8	0	28	0	0	0	15	18
56	53	48	30	59	34	0	49	48	48	43	34	0	48	30	0	60	0	48	17	45	43	32	43	30	0	30	0	60	56	60	8	60	46	30	60	54	62	46	48	60	30	48	0	41	0	60	0	40	32	48	54	53	60	43	48	30	34	17	0	60	41	40	60	34	64	43	50	40	59	30	23	48	53	54
30	26	15	0	36	0	0	18	15	15	4	0	0	15	0	0	38	0	15	0	8	4	0	4	0	0	0	0	38	32	38	0	38	11	0	38	28	41	11	15	38	0	15	0	0	0	38	0	0	0	15	28	26	38	4	15	0	0	0	0	38	0	0	38	0	45	4	20	0	36	0	0	15	26	28
56	53	48	30	59	34	0	49	48	48	43	34	0	48	30	0	60	0	48	18	45	43	32	43	30	0	30	0	60	56	60	8	60	46	30	60	54	62	46	48	60	30	48	0	41	0	60	0	40	32	48	54	53	60	43	48	30	34	18	0	60	41	40	60	34	64	43	51	40	59	30	23	48	53	54
0	0	0	0	0	0	0	0	0	0	0	0	0	0	0	0	0	0	0	0	0	0	0	0	0	0	0	0	0	0	0	0	0	0	0	0	0	8	0	0	0	0	0	0	0	0	0	0	0	0	0	0	0	0	0	0	0	0	0	0	0	0	0	0	0	15	0	0	0	0	0	0	0	0	0
93	92	90	85	95	86	72	91	90	90	89	86	0	90	85	61	95	0	90	81	89	89	85	89	85	48	85	0	95	94	95	79	95	90	85	95	93	96	90	90	95	85	90	78	88	78	95	0	88	85	90	93	93	95	89	90	85	86	81	53	95	88	88	95	86	97	89	91	88	95	85	83	90	92	93
32	28	18	0	38	0	0	20	18	18	8	0	0	18	0	0	40	0	18	0	11	8	0	8	0	0	0	0	40	34	40	0	40	15	0	40	30	43	15	18	40	0	18	0	4	0	40	0	0	0	18	30	28	40	8	18	0	0	0	0	40	4	0	40	0	46	8	23	0	38	0	0	18	28	30
40	36	28	0	45	4	0	30	28	28	20	4	0	28	0	0	46	0	28	0	23	20	0	20	0	0	0	0	46	41	46	0	46	26	0	46	38	49	26	28	46	0	28	0	18	0	46	0	15	0	28	38	37	46	20	28	0	4	0	0	46	18	15	46	4	52	20	32	15	45	0	0	28	36	38
20	15	0	0	28	0	0	4	0	0	0	0	0	0	0	0	30	0	0	0	0	0	0	0	0	0	0	0	30	23	30	0	30	0	0	30	18	34	0	0	30	0	0	0	0	0	30	0	0	0	0	18	15	30	0	0	0	0	0	0	30	0	0	30	0	38	0	8	0	28	0	0	0	15	18
4	0	0	0	15	0	0	0	0	0	0	0	0	0	0	0	18	0	0	0	0	0	0	0	0	0	0	0	18	8	18	0	18	0	0	18	0	23	0	0	18	0	0	0	0	0	18	0	0	0	0	0	0	18	0	0	0	0	0	0	18	0	0	18	0	28	0	0	0	15	0	0	0	0	0
7	0	0	0	17	0	0	0	0	0	0	0	0	0	0	0	20	0	0	0	0	0	0	0	0	0	0	0	20	11	20	0	20	0	0	20	3	25	0	0	20	0	0	0	0	0	20	0	0	0	0	3	0	20	0	0	0	0	0	0	20	0	0	20	0	30	0	0	0	17	0	0	0	0	3
0	0	0	0	0	0	0	0	0	0	0	0	0	0	0	0	0	0	0	0	0	0	0	0	0	0	0	0	0	0	0	0	0	0	0	0	0	8	0	0	0	0	0	0	0	0	0	0	0	0	0	0	0	0	0	0	0	0	0	0	0	0	0	0	0	15	0	0	0	0	0	0	0	0	0
28	23	11	0	34	0	0	15	11	11	0	0	0	11	0	0	36	0	11	0	4	0	0	0	0	0	0	0	36	30	36	0	36	8	0	36	26	40	8	11	36	0	11	0	0	0	36	0	0	0	11	26	24	36	0	11	0	0	0	0	36	0	0	36	0	43	0	18	0	34	0	0	11	23	26
20	15	0	0	28	0	0	4	0	0	0	0	0	0	0	0	30	0	0	0	0	0	0	0	0	0	0	0	30	23	30	0	30	0	0	30	18	34	0	0	30	0	0	0	0	0	30	0	0	0	0	18	15	30	0	0	0	0	0	0	30	0	0	30	0	38	0	8	0	28	0	0	0	15	18
41	38	30	0	46	8	0	32	30	30	23	8	0	30	0	0	48	0	30	0	26	23	4	23	0	0	0	0	48	43	48	0	48	28	0	48	40	51	28	30	48	0	30	0	20	0	48	0	18	4	30	40	38	48	23	30	0	8	0	0	48	20	18	48	8	53	23	34	18	46	0	0	30	38	40
38	34	26	0	43	0	0	28	26	26	18	0	0	26	0	0	45	0	26	0	20	18	0	18	0	0	0	0	45	40	45	0	45	23	0	45	36	48	23	26	45	0	26	0	15	0	45	0	11	0	26	36	35	45	18	26	0	0	0	0	45	15	11	45	0	51	18	30	11	43	0	0	26	34	36
49	46	40	18	53	23	0	41	40	40	34	23	0	40	18	0	54	0	40	0	36	34	20	34	18	0	18	0	54	51	54	0	54	38	18	54	48	56	38	40	54	18	40	0	32	0	54	0	30	20	40	48	47	54	34	40	18	23	0	0	54	32	30	54	23	59	34	43	30	53	18	8	40	46	48
79	78	75	66	81	68	45	76	75	75	72	68	0	75	66	22	82	0	75	61	73	72	67	72	66	0	66	0	82	80	82	57	82	74	66	82	79	83	74	75	82	66	75	56	72	56	82	0	71	67	75	79	78	82	72	75	66	68	61	0	82	72	71	82	68	85	72	76	71	81	66	63	75	78	79
0	0	0	0	0	0	0	0	0	0	0	0	0	0	0	0	0	0	0	0	0	0	0	0	0	0	0	0	0	0	0	0	0	0	0	0	0	8	0	0	0	0	0	0	0	0	0	0	0	0	0	0	0	0	0	0	0	0	0	0	0	0	0	0	0	15	0	0	0	0	0	0	0	0	0
30	26	15	0	36	0	0	18	15	15	4	0	0	15	0	0	38	0	15	0	8	4	0	4	0	0	0	0	38	32	38	0	38	11	0	38	28	41	11	15	38	0	15	0	0	0	38	0	0	0	15	28	26	38	4	15	0	0	0	0	38	0	0	38	0	45	4	20	0	36	0	0	15	26	28
32	28	18	0	38	0	0	20	18	18	8	0	0	18	0	0	40	0	18	0	11	8	0	8	0	0	0	0	40	34	40	0	40	15	0	40	30	43	15	18	40	0	18	0	4	0	40	0	0	0	18	30	28	40	8	18	0	0	0	0	40	4	0	40	0	46	8	23	0	38	0	0	18	28	30
0	0	0	0	0	0	0	0	0	0	0	0	0	0	0	0	0	0	0	0	0	0	0	0	0	0	0	0	0	0	0	0	0	0	0	0	0	8	0	0	0	0	0	0	0	0	0	0	0	0	0	0	0	0	0	0	0	0	0	0	0	0	0	0	0	15	0	0	0	0	0	0	0	0	0
38	34	26	0	43	0	0	28	26	26	18	0	0	26	0	0	45	0	26	0	20	18	0	18	0	0	0	0	45	40	45	0	45	23	0	45	36	48	23	26	45	0	26	0	15	0	45	0	11	0	26	36	35	45	18	26	0	0	0	0	45	15	11	45	0	51	18	30	11	43	0	0	26	34	36
0	0	0	0	0	0	0	0	0	0	0	0	0	0	0	0	0	0	0	0	0	0	0	0	0	0	0	0	0	0	0	0	0	0	0	0	0	0	0	0	0	0	0	0	0	0	0	0	0	0	0	0	0	0	0	0	0	0	0	0	0	0	0	0	0	0	0	0	0	0	0	0	0	0	0
28	23	11	0	34	0	0	15	11	11	0	0	0	11	0	0	36	0	11	0	4	0	0	0	0	0	0	0	36	30	36	0	36	8	0	36	26	40	8	11	36	0	11	0	0	0	36	0	0	0	11	26	24	36	0	11	0	0	0	0	36	0	0	36	0	43	0	18	0	34	0	0	11	23	26
15	8	0	0	23	0	0	0	0	0	0	0	0	0	0	0	26	0	0	0	0	0	0	0	0	0	0	0	26	18	26	0	26	0	0	26	11	30	0	0	26	0	0	0	0	0	26	0	0	0	0	11	9	26	0	0	0	0	0	0	26	0	0	26	0	34	0	0	0	23	0	0	0	8	11
32	28	18	0	38	0	0	20	18	18	8	0	0	18	0	0	40	0	18	0	11	8	0	8	0	0	0	0	40	34	40	0	40	15	0	40	30	43	15	18	40	0	18	0	4	0	40	0	0	0	18	30	28	40	8	18	0	0	0	0	40	4	0	40	0	46	8	23	0	38	0	0	18	28	30
0	0	0	0	0	0	0	0	0	0	0	0	0	0	0	0	4	0	0	0	0	0	0	0	0	0	0	0	4	0	4	0	4	0	0	4	0	11	0	0	4	0	0	0	0	0	4	0	0	0	0	0	0	4	0	0	0	0	0	0	4	0	0	4	0	18	0	0	0	0	0	0	0	0	0
41	38	30	0	46	8	0	32	30	30	23	8	0	30	0	0	48	0	30	0	26	23	4	23	0	0	0	0	48	43	48	0	48	28	0	48	40	51	28	30	48	0	30	0	20	0	48	0	18	4	30	40	38	48	23	30	0	8	0	0	48	20	18	48	8	53	23	34	18	46	0	0	30	38	40
46	43	36	11	51	18	0	38	36	36	30	18	0	36	11	0	52	0	36	0	32	30	15	30	11	0	11	0	52	48	52	0	52	34	11	52	45	54	34	36	52	11	36	0	28	0	52	0	26	15	36	45	43	52	30	36	11	18	0	0	52	28	26	52	18	56	30	40	26	51	11	0	36	43	45
20	15	0	0	28	0	0	4	0	0	0	0	0	0	0	0	30	0	0	0	0	0	0	0	0	0	0	0	30	23	30	0	30	0	0	30	18	34	0	0	30	0	0	0	0	0	30	0	0	0	0	18	15	30	0	0	0	0	0	0	30	0	0	30	0	38	0	8	0	28	0	0	0	15	18
8	0	0	0	18	0	0	0	0	0	0	0	0	0	0	0	20	0	0	0	0	0	0	0	0	0	0	0	20	11	20	0	20	0	0	20	4	26	0	0	20	0	0	0	0	0	20	0	0	0	0	4	1	20	0	0	0	0	0	0	20	0	0	20	0	30	0	0	0	18	0	0	0	0	4
4	0	0	0	15	0	0	0	0	0	0	0	0	0	0	0	18	0	0	0	0	0	0	0	0	0	0	0	18	8	18	0	18	0	0	18	0	23	0	0	18	0	0	0	0	0	18	0	0	0	0	0	0	18	0	0	0	0	0	0	18	0	0	18	0	28	0	0	0	15	0	0	0	0	0