1268 1688 1699 1500 1578 1477 1678 1658 1649 1563 1678 1630 1459 1696 1611 1683 1680 1630 1672 1672 1564 1682 1436 1694 1663 1435 1413 1527 1648 1660 1516 1693 1665 1635 1635 1686 1613 1678 1696 1344 1413 1700 1661 1699 1700 1674 1643 1630 1691 1438 1532 1683 1413 1673 1697 1678 1484 1435 1681 1580 1509 1653 1523 1477 1676 1696 1411 1589 1696 1635 1668 1671 1699 1687 1611

72

4253 2659 2616 3372 3075 3459 2699 2774 2808 3135 2696 2881 3526 2628 2952 2680 2690 2881 2719 2721 3128 2681 3616 2635 2753 3619 3701 3270 2809 2767 3312 2639 2747 2861 2859 2667 2944 2696 2629 3963 3701 2614 2761 2617 2614 2712 2831 2881 2646 3607 3252 2677 3701 2716 2624 2698 3434 3617 2685 3071 3340 2792 3286 3459 2706 2631 3708 3034 2629 2861 2737 2723 2617 2662 2953

24.000927540337628 16.000967963832267 13.9992693519636 45.99993508803527

28972.0

0	37400	42800	81100	23400	83600	60100	63600	30100	22100	60000	27900	13700	53600	69900	35500	35000	27900	33300	33100	74800	59200	11900	39400	31900	86900	88600	79000	30100	31400	18100	38900	32200	66900	28600	57400	69600	60300	53600	5400	88600	50100	63200	48600	49900	33600	65900	27900	55900	86700	78600	58900	88600	61000	44800	34600	83000	11900	35100	73600	17600	30600	79500	83600	60600	52600	88600	24400	40700	28600	62000	33200	42600	37600	70100
0	0	5400	43700	0	46200	22700	26200	0	0	22600	0	0	16200	32500	0	0	0	0	0	37400	21800	0	2000	0	49500	51200	41600	0	0	0	1500	0	29500	0	20000	32200	22900	16200	0	51200	12700	25800	11200	12500	0	28500	0	18500	49300	41200	21500	51200	23600	7400	0	45600	0	0	36200	0	0	42100	46200	23200	15200	51200	0	3300	0	24600	0	5200	200	32700
0	0	0	38300	0	40800	17300	20800	0	0	17200	0	0	10800	27100	0	0	0	0	0	32000	16400	0	0	0	44100	45800	36200	0	0	0	0	0	24100	0	14600	26800	17500	10800	0	45800	7300	20400	5800	7100	0	23100	0	13100	43900	35800	16100	45800	18200	2000	0	40200	0	0	30800	0	0	36700	40800	17800	9800	45800	0	0	0	19200	0	0	0	27300
0	0	0	0	0	2500	0	0	0	0	0	0	0	0	0	0	0	0	0	0	0	0	0	0	0	5800	7500	0	0	0	0	0	0	0	0	0	0	0	0	0	7500	0	0	0	0	0	0	0	0	5600	0	0	7500	0	0	0	1900	0	0	0	0	0	0	2500	0	0	7500	0	0	0	0	0	0	0	0
0	14000	19400	57700	0	60200	36700	40200	6700	0	36600	4500	0	30200	46500	12100	11600	4500	9900	9700	51400	35800	0	16000	8500	63500	65200	55600	6700	8000	0	15500	8800	43500	5200	34000	46200	36900	30200	0	65200	26700	39800	25200	26500	10200	42500	4500	32500	63300	55200	35500	65200	37600	21400	11200	59600	0	11700	50200	0	7200	56100	60200	37200	29200	65200	1000	17300	5200	38600	9800	19200	14200	46700
0	0	0	0	0	0	0	0	0	0	0	0	0	0	0	0	0	0	0	0	0	0	0	0	0	3300	5000	0	0	0	0	0	0	0	0	0	0	0	0	0	5000	0	0	0	0	0	0	0	0	3100	0	0	5000	0	0	0	0	0	0	0	0	0	0	0	0	0	5000	0	0	0	0	0	0	0	0
0	0	0	21000	0	23500	0	3500	0	0	0	0	0	0	9800	0	0	0	0	0	14700	0	0	0	0	26800	28500	18900	0	0	0	0	0	6800	0	0	9500	200	0	0	28500	0	3100	0	0	0	5800	0	0	26600	18500	0	28500	900	0	0	22900	0	0	13500	0	0	19400	23500	500	0	28500	0	0	0	1900	0	0	0	10000
0	0	0	17500	0	20000	0	0	0	0	0	0	0	0	6300	0	0	0	0	0	11200	0	0	0	0	23300	25000	15400	0	0	0	0	0	3300	0	0	6000	0	0	0	25000	0	0	0	0	0	2300	0	0	23100	15000	0	25000	0	0	0	19400	0	0	10000	0	0	15900	20000	0	0	25000	0	0	0	0	0	0	0	6500
0	7300	12700	51000	0	53500	30000	33500	0	0	29900	0	0	23500	39800	5400	4900	0	3200	3000	44700	29100	0	9300	1800	56800	58500	48900	0	1300	0	8800	2100	36800	0	27300	39500	30200	23500	0	58500	20000	33100	18500	19800	3500	35800	0	25800	56600	48500	28800	58500	30900	14700	4500	52900	0	5000	43500	0	500	49400	53500	30500	22500	58500	0	10600	0	31900	3100	12500	7500	40000
0	15300	20700	59000	1300	61500	38000	41500	8000	0	37900	5800	0	31500	47800	13400	12900	5800	11200	11000	52700	37100	0	17300	9800	64800	66500	56900	8000	9300	0	16800	10100	44800	6500	35300	47500	38200	31500	0	66500	28000	41100	26500	27800	11500	43800	5800	33800	64600	56500	36800	66500	38900	22700	12500	60900	0	13000	51500	0	8500	57400	61500	38500	30500	66500	2300	18600	6500	39900	11100	20500	15500	48000
0	0	0	21100	0	23600	100	3600	0	0	0	0	0	0	9900	0	0	0	0	0	14800	0	0	0	0	26900	28600	19000	0	0	0	0	0	6900	0	0	9600	300	0	0	28600	0	3200	0	0	0	5900	0	0	26700	18600	0	28600	1000	0	0	23000	0	0	13600	0	0	19500	23600	600	0	28600	0	0	0	2000	0	0	0	10100
0	9500	14900	53200	0	55700	32200	35700	2200	0	32100	0	0	25700	42000	7600	7100	0	5400	5200	46900	31300	0	11500	4000	59000	60700	51100	2200	3500	0	11000	4300	39000	700	29500	41700	32400	25700	0	60700	22200	35300	20700	22000	5700	38000	0	28000	58800	50700	31000	60700	33100	16900	6700	55100	0	7200	45700	0	2700	51600	55700	32700	24700	60700	0	12800	700	34100	5300	14700	9700	42200
0	23700	29100	67400	9700	69900	46400	49900	16400	8400	46300	14200	0	39900	56200	21800	21300	14200	19600	19400	61100	45500	0	25700	18200	73200	74900	65300	16400	17700	4400	25200	18500	53200	14900	43700	55900	46600	39900	0	74900	36400	49500	34900	36200	19900	52200	14200	42200	73000	64900	45200	74900	47300	31100	20900	69300	0	21400	59900	3900	16900	65800	69900	46900	38900	74900	10700	27000	14900	48300	19500	28900	23900	56400
0	0	0	27500	0	30000	6500	10000	0	0	6400	0	0	0	16300	0	0	0	0	0	21200	5600	0	0	0	33300	35000	25400	0	0	0	0	0	13300	0	3800	16000	6700	0	0	35000	0	9600	0	0	0	12300	0	2300	33100	25000	5300	35000	7400	0	0	29400	0	0	20000	0	0	25900	30000	7000	0	35000	0	0	0	8400	0	0	0	16500
0	0	0	11200	0	13700	0	0	0	0	0	0	0	0	0	0	0	0	0	0	4900	0	0	0	0	17000	18700	9100	0	0	0	0	0	0	0	0	0	0	0	0	18700	0	0	0	0	0	0	0	0	16800	8700	0	18700	0	0	0	13100	0	0	3700	0	0	9600	13700	0	0	18700	0	0	0	0	0	0	0	200
0	1900	7300	45600	0	48100	24600	28100	0	0	24500	0	0	18100	34400	0	0	0	0	0	39300	23700	0	3900	0	51400	53100	43500	0	0	0	3400	0	31400	0	21900	34100	24800	18100	0	53100	14600	27700	13100	14400	0	30400	0	20400	51200	43100	23400	53100	25500	9300	0	47500	0	0	38100	0	0	44000	48100	25100	17100	53100	0	5200	0	26500	0	7100	2100	34600
0	2400	7800	46100	0	48600	25100	28600	0	0	25000	0	0	18600	34900	500	0	0	0	0	39800	24200	0	4400	0	51900	53600	44000	0	0	0	3900	0	31900	0	22400	34600	25300	18600	0	53600	15100	28200	13600	14900	0	30900	0	20900	51700	43600	23900	53600	26000	9800	0	48000	0	100	38600	0	0	44500	48600	25600	17600	53600	0	5700	0	27000	0	7600	2600	35100
0	9500	14900	53200	0	55700	32200	35700	2200	0	32100	0	0	25700	42000	7600	7100	0	5400	5200	46900	31300	0	11500	4000	59000	60700	51100	2200	3500	0	11000	4300	39000	700	29500	41700	32400	25700	0	60700	22200	35300	20700	22000	5700	38000	0	28000	58800	50700	31000	60700	33100	16900	6700	55100	0	7200	45700	0	2700	51600	55700	32700	24700	60700	0	12800	700	34100	5300	14700	9700	42200
0	4100	9500	47800	0	50300	26800	30300	0	0	26700	0	0	20300	36600	2200	1700	0	0	0	41500	25900	0	6100	0	53600	55300	45700	0	0	0	5600	0	33600	0	24100	36300	27000	20300	0	55300	16800	29900	15300	16600	300	32600	0	22600	53400	45300	25600	55300	27700	11500	1300	49700	0	1800	40300	0	0	46200	50300	27300	19300	55300	0	7400	0	28700	0	9300	4300	36800
0	4300	9700	48000	0	50500	27000	30500	0	0	26900	0	0	20500	36800	2400	1900	0	200	0	41700	26100	0	6300	0	53800	55500	45900	0	0	0	5800	0	33800	0	24300	36500	27200	20500	0	55500	17000	30100	15500	16800	500	32800	0	22800	53600	45500	25800	55500	27900	11700	1500	49900	0	2000	40500	0	0	46400	50500	27500	19500	55500	0	7600	0	28900	100	9500	4500	37000
0	0	0	6300	0	8800	0	0	0	0	0	0	0	0	0	0	0	0	0	0	0	0	0	0	0	12100	13800	4200	0	0	0	0	0	0	0	0	0	0	0	0	13800	0	0	0	0	0	0	0	0	11900	3800	0	13800	0	0	0	8200	0	0	0	0	0	4700	8800	0	0	13800	0	0	0	0	0	0	0	0
0	0	0	21900	0	24400	900	4400	0	0	800	0	0	0	10700	0	0	0	0	0	15600	0	0	0	0	27700	29400	19800	0	0	0	0	0	7700	0	0	10400	1100	0	0	29400	0	4000	0	0	0	6700	0	0	27500	19400	0	29400	1800	0	0	23800	0	0	14400	0	0	20300	24400	1400	0	29400	0	0	0	2800	0	0	0	10900
0	25500	30900	69200	11500	71700	48200	51700	18200	10200	48100	16000	1800	41700	58000	23600	23100	16000	21400	21200	62900	47300	0	27500	20000	75000	76700	67100	18200	19500	6200	27000	20300	55000	16700	45500	57700	48400	41700	0	76700	38200	51300	36700	38000	21700	54000	16000	44000	74800	66700	47000	76700	49100	32900	22700	71100	0	23200	61700	5700	18700	67600	71700	48700	40700	76700	12500	28800	16700	50100	21300	30700	25700	58200
0	0	3400	41700	0	44200	20700	24200	0	0	20600	0	0	14200	30500	0	0	0	0	0	35400	19800	0	0	0	47500	49200	39600	0	0	0	0	0	27500	0	18000	30200	20900	14200	0	49200	10700	23800	9200	10500	0	26500	0	16500	47300	39200	19500	49200	21600	5400	0	43600	0	0	34200	0	0	40100	44200	21200	13200	49200	0	1300	0	22600	0	3200	0	30700
0	5500	10900	49200	0	51700	28200	31700	0	0	28100	0	0	21700	38000	3600	3100	0	1400	1200	42900	27300	0	7500	0	55000	56700	47100	0	0	0	7000	300	35000	0	25500	37700	28400	21700	0	56700	18200	31300	16700	18000	1700	34000	0	24000	54800	46700	27000	56700	29100	12900	2700	51100	0	3200	41700	0	0	47600	51700	28700	20700	56700	0	8800	0	30100	1300	10700	5700	38200
0	0	0	0	0	0	0	0	0	0	0	0	0	0	0	0	0	0	0	0	0	0	0	0	0	0	1700	0	0	0	0	0	0	0	0	0	0	0	0	0	1700	0	0	0	0	0	0	0	0	0	0	0	1700	0	0	0	0	0	0	0	0	0	0	0	0	0	1700	0	0	0	0	0	0	0	0
0	0	0	0	0	0	0	0	0	0	0	0	0	0	0	0	0	0	0	0	0	0	0	0	0	0	0	0	0	0	0	0	0	0	0	0	0	0	0	0	0	0	0	0	0	0	0	0	0	0	0	0	0	0	0	0	0	0	0	0	0	0	0	0	0	0	0	0	0	0	0	0	0	0	0
0	0	0	2100	0	4600	0	0	0	0	0	0	0	0	0	0	0	0	0	0	0	0	0	0	0	7900	9600	0	0	0	0	0	0	0	0	0	0	0	0	0	9600	0	0	0	0	0	0	0	0	7700	0	0	9600	0	0	0	4000	0	0	0	0	0	500	4600	0	0	9600	0	0	0	0	0	0	0	0
0	7300	12700	51000	0	53500	30000	33500	0	0	29900	0	0	23500	39800	5400	4900	0	3200	3000	44700	29100	0	9300	1800	56800	58500	48900	0	1300	0	8800	2100	36800	0	27300	39500	30200	23500	0	58500	20000	33100	18500	19800	3500	35800	0	25800	56600	48500	28800	58500	30900	14700	4500	52900	0	5000	43500	0	500	49400	53500	30500	22500	58500	0	10600	0	31900	3100	12500	7500	40000
0	6000	11400	49700	0	52200	28700	32200	0	0	28600	0	0	22200	38500	4100	3600	0	1900	1700	43400	27800	0	8000	500	55500	57200	47600	0	0	0	7500	800	35500	0	26000	38200	28900	22200	0	57200	18700	31800	17200	18500	2200	34500	0	24500	55300	47200	27500	57200	29600	13400	3200	51600	0	3700	42200	0	0	48100	52200	29200	21200	57200	0	9300	0	30600	1800	11200	6200	38700
0	19300	24700	63000	5300	65500	42000	45500	12000	4000	41900	9800	0	35500	51800	17400	16900	9800	15200	15000	56700	41100	0	21300	13800	68800	70500	60900	12000	13300	0	20800	14100	48800	10500	39300	51500	42200	35500	0	70500	32000	45100	30500	31800	15500	47800	9800	37800	68600	60500	40800	70500	42900	26700	16500	64900	0	17000	55500	0	12500	61400	65500	42500	34500	70500	6300	22600	10500	43900	15100	24500	19500	52000
0	0	3900	42200	0	44700	21200	24700	0	0	21100	0	0	14700	31000	0	0	0	0	0	35900	20300	0	500	0	48000	49700	40100	0	0	0	0	0	28000	0	18500	30700	21400	14700	0	49700	11200	24300	9700	11000	0	27000	0	17000	47800	39700	20000	49700	22100	5900	0	44100	0	0	34700	0	0	40600	44700	21700	13700	49700	0	1800	0	23100	0	3700	0	31200
0	5200	10600	48900	0	51400	27900	31400	0	0	27800	0	0	21400	37700	3300	2800	0	1100	900	42600	27000	0	7200	0	54700	56400	46800	0	0	0	6700	0	34700	0	25200	37400	28100	21400	0	56400	17900	31000	16400	17700	1400	33700	0	23700	54500	46400	26700	56400	28800	12600	2400	50800	0	2900	41400	0	0	47300	51400	28400	20400	56400	0	8500	0	29800	1000	10400	5400	37900
0	0	0	14200	0	16700	0	0	0	0	0	0	0	0	3000	0	0	0	0	0	7900	0	0	0	0	20000	21700	12100	0	0	0	0	0	0	0	0	2700	0	0	0	21700	0	0	0	0	0	0	0	0	19800	11700	0	21700	0	0	0	16100	0	0	6700	0	0	12600	16700	0	0	21700	0	0	0	0	0	0	0	3200
0	8800	14200	52500	0	55000	31500	35000	1500	0	31400	0	0	25000	41300	6900	6400	0	4700	4500	46200	30600	0	10800	3300	58300	60000	50400	1500	2800	0	10300	3600	38300	0	28800	41000	31700	25000	0	60000	21500	34600	20000	21300	5000	37300	0	27300	58100	50000	30300	60000	32400	16200	6000	54400	0	6500	45000	0	2000	50900	55000	32000	24000	60000	0	12100	0	33400	4600	14000	9000	41500
0	0	0	23700	0	26200	2700	6200	0	0	2600	0	0	0	12500	0	0	0	0	0	17400	1800	0	0	0	29500	31200	21600	0	0	0	0	0	9500	0	0	12200	2900	0	0	31200	0	5800	0	0	0	8500	0	0	29300	21200	1500	31200	3600	0	0	25600	0	0	16200	0	0	22100	26200	3200	0	31200	0	0	0	4600	0	0	0	12700
0	0	0	11500	0	14000	0	0	0	0	0	0	0	0	300	0	0	0	0	0	5200	0	0	0	0	17300	19000	9400	0	0	0	0	0	0	0	0	0	0	0	0	19000	0	0	0	0	0	0	0	0	17100	9000	0	19000	0	0	0	13400	0	0	4000	0	0	9900	14000	0	0	19000	0	0	0	0	0	0	0	500
0	0	0	20800	0	23300	0	3300	0	0	0	0	0	0	9600	0	0	0	0	0	14500	0	0	0	0	26600	28300	18700	0	0	0	0	0	6600	0	0	9300	0	0	0	28300	0	2900	0	0	0	5600	0	0	26400	18300	0	28300	700	0	0	22700	0	0	13300	0	0	19200	23300	300	0	28300	0	0	0	1700	0	0	0	9800
0	0	0	27500	0	30000	6500	10000	0	0	6400	0	0	0	16300	0	0	0	0	0	21200	5600	0	0	0	33300	35000	25400	0	0	0	0	0	13300	0	3800	16000	6700	0	0	35000	0	9600	0	0	0	12300	0	2300	33100	25000	5300	35000	7400	0	0	29400	0	0	20000	0	0	25900	30000	7000	0	35000	0	0	0	8400	0	0	0	16500
0	32000	37400	75700	18000	78200	54700	58200	24700	16700	54600	22500	8300	48200	64500	30100	29600	22500	27900	27700	69400	53800	6500	34000	26500	81500	83200	73600	24700	26000	12700	33500	26800	61500	23200	52000	64200	54900	48200	0	83200	44700	57800	43200	44500	28200	60500	22500	50500	81300	73200	53500	83200	55600	39400	29200	77600	6500	29700	68200	12200	25200	74100	78200	55200	47200	83200	19000	35300	23200	56600	27800	37200	32200	64700
0	0	0	0	0	0	0	0	0	0	0	0	0	0	0	0	0	0	0	0	0	0	0	0	0	0	0	0	0	0	0	0	0	0	0	0	0	0	0	0	0	0	0	0	0	0	0	0	0	0	0	0	0	0	0	0	0	0	0	0	0	0	0	0	0	0	0	0	0	0	0	0	0	0	0
0	0	0	31000	0	33500	10000	13500	0	0	9900	0	0	3500	19800	0	0	0	0	0	24700	9100	0	0	0	36800	38500	28900	0	0	0	0	0	16800	0	7300	19500	10200	3500	0	38500	0	13100	0	0	0	15800	0	5800	36600	28500	8800	38500	10900	0	0	32900	0	0	23500	0	0	29400	33500	10500	2500	38500	0	0	0	11900	0	0	0	20000
0	0	0	17900	0	20400	0	400	0	0	0	0	0	0	6700	0	0	0	0	0	11600	0	0	0	0	23700	25400	15800	0	0	0	0	0	3700	0	0	6400	0	0	0	25400	0	0	0	0	0	2700	0	0	23500	15400	0	25400	0	0	0	19800	0	0	10400	0	0	16300	20400	0	0	25400	0	0	0	0	0	0	0	6900
0	0	0	32500	0	35000	11500	15000	0	0	11400	0	0	5000	21300	0	0	0	0	0	26200	10600	0	0	0	38300	40000	30400	0	0	0	0	0	18300	0	8800	21000	11700	5000	0	40000	1500	14600	0	1300	0	17300	0	7300	38100	30000	10300	40000	12400	0	0	34400	0	0	25000	0	0	30900	35000	12000	4000	40000	0	0	0	13400	0	0	0	21500
0	0	0	31200	0	33700	10200	13700	0	0	10100	0	0	3700	20000	0	0	0	0	0	24900	9300	0	0	0	37000	38700	29100	0	0	0	0	0	17000	0	7500	19700	10400	3700	0	38700	200	13300	0	0	0	16000	0	6000	36800	28700	9000	38700	11100	0	0	33100	0	0	23700	0	0	29600	33700	10700	2700	38700	0	0	0	12100	0	0	0	20200
0	3800	9200	47500	0	50000	26500	30000	0	0	26400	0	0	20000	36300	1900	1400	0	0	0	41200	25600	0	5800	0	53300	55000	45400	0	0	0	5300	0	33300	0	23800	36000	26700	20000	0	55000	16500	29600	15000	16300	0	32300	0	22300	53100	45000	25300	55000	27400	11200	1000	49400	0	1500	40000	0	0	45900	50000	27000	19000	55000	0	7100	0	28400	0	9000	4000	36500
0	0	0	15200	0	17700	0	0	0	0	0	0	0	0	4000	0	0	0	0	0	8900	0	0	0	0	21000	22700	13100	0	0	0	0	0	1000	0	0	3700	0	0	0	22700	0	0	0	0	0	0	0	0	20800	12700	0	22700	0	0	0	17100	0	0	7700	0	0	13600	17700	0	0	22700	0	0	0	0	0	0	0	4200
0	9500	14900	53200	0	55700	32200	35700	2200	0	32100	0	0	25700	42000	7600	7100	0	5400	5200	46900	31300	0	11500	4000	59000	60700	51100	2200	3500	0	11000	4300	39000	700	29500	41700	32400	25700	0	60700	22200	35300	20700	22000	5700	38000	0	28000	58800	50700	31000	60700	33100	16900	6700	55100	0	7200	45700	0	2700	51600	55700	32700	24700	60700	0	12800	700	34100	5300	14700	9700	42200
0	0	0	25200	0	27700	4200	7700	0	0	4100	0	0	0	14000	0	0	0	0	0	18900	3300	0	0	0	31000	32700	23100	0	0	0	0	0	11000	0	1500	13700	4400	0	0	32700	0	7300	0	0	0	10000	0	0	30800	22700	3000	32700	5100	0	0	27100	0	0	17700	0	0	23600	27700	4700	0	32700	0	0	0	6100	0	0	0	14200
0	0	0	0	0	0	0	0	0	0	0	0	0	0	0	0	0	0	0	0	0	0	0	0	0	200	1900	0	0	0	0	0	0	0	0	0	0	0	0	0	1900	0	0	0	0	0	0	0	0	0	0	0	1900	0	0	0	0	0	0	0	0	0	0	0	0	0	1900	0	0	0	0	0	0	0	0
0	0	0	2500	0	5000	0	0	0	0	0	0	0	0	0	0	0	0	0	0	0	0	0	0	0	8300	10000	400	0	0	0	0	0	0	0	0	0	0	0	0	10000	0	0	0	0	0	0	0	0	8100	0	0	10000	0	0	0	4400	0	0	0	0	0	900	5000	0	0	10000	0	0	0	0	0	0	0	0
0	0	0	22200	0	24700	1200	4700	0	0	1100	0	0	0	11000	0	0	0	0	0	15900	300	0	0	0	28000	29700	20100	0	0	0	0	0	8000	0	0	10700	1400	0	0	29700	0	4300	0	0	0	7000	0	0	27800	19700	0	29700	2100	0	0	24100	0	0	14700	0	0	20600	24700	1700	0	29700	0	0	0	3100	0	0	0	11200
0	0	0	0	0	0	0	0	0	0	0	0	0	0	0	0	0	0	0	0	0	0	0	0	0	0	0	0	0	0	0	0	0	0	0	0	0	0	0	0	0	0	0	0	0	0	0	0	0	0	0	0	0	0	0	0	0	0	0	0	0	0	0	0	0	0	0	0	0	0	0	0	0	0	0
0	0	0	20100	0	22600	0	2600	0	0	0	0	0	0	8900	0	0	0	0	0	13800	0	0	0	0	25900	27600	18000	0	0	0	0	0	5900	0	0	8600	0	0	0	27600	0	2200	0	0	0	4900	0	0	25700	17600	0	27600	0	0	0	22000	0	0	12600	0	0	18500	22600	0	0	27600	0	0	0	1000	0	0	0	9100
0	0	0	36300	0	38800	15300	18800	0	0	15200	0	0	8800	25100	0	0	0	0	0	30000	14400	0	0	0	42100	43800	34200	0	0	0	0	0	22100	0	12600	24800	15500	8800	0	43800	5300	18400	3800	5100	0	21100	0	11100	41900	33800	14100	43800	16200	0	0	38200	0	0	28800	0	0	34700	38800	15800	7800	43800	0	0	0	17200	0	0	0	25300
0	2800	8200	46500	0	49000	25500	29000	0	0	25400	0	0	19000	35300	900	400	0	0	0	40200	24600	0	4800	0	52300	54000	44400	0	0	0	4300	0	32300	0	22800	35000	25700	19000	0	54000	15500	28600	14000	15300	0	31300	0	21300	52100	44000	24300	54000	26400	10200	0	48400	0	500	39000	0	0	44900	49000	26000	18000	54000	0	6100	0	27400	0	8000	3000	35500
0	0	0	0	0	600	0	0	0	0	0	0	0	0	0	0	0	0	0	0	0	0	0	0	0	3900	5600	0	0	0	0	0	0	0	0	0	0	0	0	0	5600	0	0	0	0	0	0	0	0	3700	0	0	5600	0	0	0	0	0	0	0	0	0	0	600	0	0	5600	0	0	0	0	0	0	0	0
0	25500	30900	69200	11500	71700	48200	51700	18200	10200	48100	16000	1800	41700	58000	23600	23100	16000	21400	21200	62900	47300	0	27500	20000	75000	76700	67100	18200	19500	6200	27000	20300	55000	16700	45500	57700	48400	41700	0	76700	38200	51300	36700	38000	21700	54000	16000	44000	74800	66700	47000	76700	49100	32900	22700	71100	0	23200	61700	5700	18700	67600	71700	48700	40700	76700	12500	28800	16700	50100	21300	30700	25700	58200
0	2300	7700	46000	0	48500	25000	28500	0	0	24900	0	0	18500	34800	400	0	0	0	0	39700	24100	0	4300	0	51800	53500	43900	0	0	0	3800	0	31800	0	22300	34500	25200	18500	0	53500	15000	28100	13500	14800	0	30800	0	20800	51600	43500	23800	53500	25900	9700	0	47900	0	0	38500	0	0	44400	48500	25500	17500	53500	0	5600	0	26900	0	7500	2500	35000
0	0	0	7500	0	10000	0	0	0	0	0	0	0	0	0	0	0	0	0	0	1200	0	0	0	0	13300	15000	5400	0	0	0	0	0	0	0	0	0	0	0	0	15000	0	0	0	0	0	0	0	0	13100	5000	0	15000	0	0	0	9400	0	0	0	0	0	5900	10000	0	0	15000	0	0	0	0	0	0	0	0
0	19800	25200	63500	5800	66000	42500	46000	12500	4500	42400	10300	0	36000	52300	17900	17400	10300	15700	15500	57200	41600	0	21800	14300	69300	71000	61400	12500	13800	500	21300	14600	49300	11000	39800	52000	42700	36000	0	71000	32500	45600	31000	32300	16000	48300	10300	38300	69100	61000	41300	71000	43400	27200	17000	65400	0	17500	56000	0	13000	61900	66000	43000	35000	71000	6800	23100	11000	44400	15600	25000	20000	52500
0	6800	12200	50500	0	53000	29500	33000	0	0	29400	0	0	23000	39300	4900	4400	0	2700	2500	44200	28600	0	8800	1300	56300	58000	48400	0	800	0	8300	1600	36300	0	26800	39000	29700	23000	0	58000	19500	32600	18000	19300	3000	35300	0	25300	56100	48000	28300	58000	30400	14200	4000	52400	0	4500	43000	0	0	48900	53000	30000	22000	58000	0	10100	0	31400	2600	12000	7000	39500
0	0	0	1600	0	4100	0	0	0	0	0	0	0	0	0	0	0	0	0	0	0	0	0	0	0	7400	9100	0	0	0	0	0	0	0	0	0	0	0	0	0	9100	0	0	0	0	0	0	0	0	7200	0	0	9100	0	0	0	3500	0	0	0	0	0	0	4100	0	0	9100	0	0	0	0	0	0	0	0
0	0	0	0	0	0	0	0	0	0	0	0	0	0	0	0	0	0	0	0	0	0	0	0	0	3300	5000	0	0	0	0	0	0	0	0	0	0	0	0	0	5000	0	0	0	0	0	0	0	0	3100	0	0	5000	0	0	0	0	0	0	0	0	0	0	0	0	0	5000	0	0	0	0	0	0	0	0
0	0	0	20500	0	23000	0	3000	0	0	0	0	0	0	9300	0	0	0	0	0	14200	0	0	0	0	26300	28000	18400	0	0	0	0	0	6300	0	0	9000	0	0	0	28000	0	2600	0	0	0	5300	0	0	26100	18000	0	28000	400	0	0	22400	0	0	13000	0	0	18900	23000	0	0	28000	0	0	0	1400	0	0	0	9500
0	0	0	28500	0	31000	7500	11000	0	0	7400	0	0	1000	17300	0	0	0	0	0	22200	6600	0	0	0	34300	36000	26400	0	0	0	0	0	14300	0	4800	17000	7700	1000	0	36000	0	10600	0	0	0	13300	0	3300	34100	26000	6300	36000	8400	0	0	30400	0	0	21000	0	0	26900	31000	8000	0	36000	0	0	0	9400	0	0	0	17500
0	0	0	0	0	0	0	0	0	0	0	0	0	0	0	0	0	0	0	0	0	0	0	0	0	0	0	0	0	0	0	0	0	0	0	0	0	0	0	0	0	0	0	0	0	0	0	0	0	0	0	0	0	0	0	0	0	0	0	0	0	0	0	0	0	0	0	0	0	0	0	0	0	0	0
0	13000	18400	56700	0	59200	35700	39200	5700	0	35600	3500	0	29200	45500	11100	10600	3500	8900	8700	50400	34800	0	15000	7500	62500	64200	54600	5700	7000	0	14500	7800	42500	4200	33000	45200	35900	29200	0	64200	25700	38800	24200	25500	9200	41500	3500	31500	62300	54200	34500	64200	36600	20400	10200	58600	0	10700	49200	0	6200	55100	59200	36200	28200	64200	0	16300	4200	37600	8800	18200	13200	45700
0	0	2100	40400	0	42900	19400	22900	0	0	19300	0	0	12900	29200	0	0	0	0	0	34100	18500	0	0	0	46200	47900	38300	0	0	0	0	0	26200	0	16700	28900	19600	12900	0	47900	9400	22500	7900	9200	0	25200	0	15200	46000	37900	18200	47900	20300	4100	0	42300	0	0	32900	0	0	38800	42900	19900	11900	47900	0	0	0	21300	0	1900	0	29400
0	8800	14200	52500	0	55000	31500	35000	1500	0	31400	0	0	25000	41300	6900	6400	0	4700	4500	46200	30600	0	10800	3300	58300	60000	50400	1500	2800	0	10300	3600	38300	0	28800	41000	31700	25000	0	60000	21500	34600	20000	21300	5000	37300	0	27300	58100	50000	30300	60000	32400	16200	6000	54400	0	6500	45000	0	2000	50900	55000	32000	24000	60000	0	12100	0	33400	4600	14000	9000	41500
0	0	0	19100	0	21600	0	1600	0	0	0	0	0	0	7900	0	0	0	0	0	12800	0	0	0	0	24900	26600	17000	0	0	0	0	0	4900	0	0	7600	0	0	0	26600	0	1200	0	0	0	3900	0	0	24700	16600	0	26600	0	0	0	21000	0	0	11600	0	0	17500	21600	0	0	26600	0	0	0	0	0	0	0	8100
0	4200	9600	47900	0	50400	26900	30400	0	0	26800	0	0	20400	36700	2300	1800	0	100	0	41600	26000	0	6200	0	53700	55400	45800	0	0	0	5700	0	33700	0	24200	36400	27100	20400	0	55400	16900	30000	15400	16700	400	32700	0	22700	53500	45400	25700	55400	27800	11600	1400	49800	0	1900	40400	0	0	46300	50400	27400	19400	55400	0	7500	0	28800	0	9400	4400	36900
0	0	200	38500	0	41000	17500	21000	0	0	17400	0	0	11000	27300	0	0	0	0	0	32200	16600	0	0	0	44300	46000	36400	0	0	0	0	0	24300	0	14800	27000	17700	11000	0	46000	7500	20600	6000	7300	0	23300	0	13300	44100	36000	16300	46000	18400	2200	0	40400	0	0	31000	0	0	36900	41000	18000	10000	46000	0	0	0	19400	0	0	0	27500
0	0	5200	43500	0	46000	22500	26000	0	0	22400	0	0	16000	32300	0	0	0	0	0	37200	21600	0	1800	0	49300	51000	41400	0	0	0	1300	0	29300	0	19800	32000	22700	16000	0	51000	12500	25600	11000	12300	0	28300	0	18300	49100	41000	21300	51000	23400	7200	0	45400	0	0	36000	0	0	41900	46000	23000	15000	51000	0	3100	0	24400	0	5000	0	32500
0	0	0	11000	0	13500	0	0	0	0	0	0	0	0	0	0	0	0	0	0	4700	0	0	0	0	16800	18500	8900	0	0	0	0	0	0	0	0	0	0	0	0	18500	0	0	0	0	0	0	0	0	16600	8500	0	18500	0	0	0	12900	0	0	3500	0	0	9400	13500	0	0	18500	0	0	0	0	0	0	0	0

0	0	0	0	0	0	0	0	0	0	0	0	0	0	0	0	0	0	0	0	0	0	0	0	0	0	0	0	0	0	0	0	0	0	0	0	0	0	0	0	0	0	0	0	0	0	0	0	0	0	0	0	0	0	0	0	0	0	0	0	0	0	0	0	0	0	0	0	0	0	0	0	0	0	0
37400	0	0	0	14000	0	0	0	7300	15300	0	9500	23700	0	0	1900	2400	9500	4100	4300	0	0	25500	0	5500	0	0	0	7300	6000	19300	0	5200	0	8800	0	0	0	0	32000	0	0	0	0	0	3800	0	9500	0	0	0	0	0	0	0	2800	0	25500	2300	0	19800	6800	0	0	0	0	0	13000	0	8800	0	4200	0	0	0
42800	5400	0	0	19400	0	0	0	12700	20700	0	14900	29100	0	0	7300	7800	14900	9500	9700	0	0	30900	3400	10900	0	0	0	12700	11400	24700	3900	10600	0	14200	0	0	0	0	37400	0	0	0	0	0	9200	0	14900	0	0	0	0	0	0	0	8200	0	30900	7700	0	25200	12200	0	0	0	0	0	18400	2100	14200	0	9600	200	5200	0
81100	43700	38300	0	57700	0	21000	17500	51000	59000	21100	53200	67400	27500	11200	45600	46100	53200	47800	48000	6300	21900	69200	41700	49200	0	0	2100	51000	49700	63000	42200	48900	14200	52500	23700	11500	20800	27500	75700	0	31000	17900	32500	31200	47500	15200	53200	25200	0	2500	22200	0	20100	36300	46500	0	69200	46000	7500	63500	50500	1600	0	20500	28500	0	56700	40400	52500	19100	47900	38500	43500	11000
23400	0	0	0	0	0	0	0	0	1300	0	0	9700	0	0	0	0	0	0	0	0	0	11500	0	0	0	0	0	0	0	5300	0	0	0	0	0	0	0	0	18000	0	0	0	0	0	0	0	0	0	0	0	0	0	0	0	0	0	11500	0	0	5800	0	0	0	0	0	0	0	0	0	0	0	0	0	0
83600	46200	40800	2500	60200	0	23500	20000	53500	61500	23600	55700	69900	30000	13700	48100	48600	55700	50300	50500	8800	24400	71700	44200	51700	0	0	4600	53500	52200	65500	44700	51400	16700	55000	26200	14000	23300	30000	78200	0	33500	20400	35000	33700	50000	17700	55700	27700	0	5000	24700	0	22600	38800	49000	600	71700	48500	10000	66000	53000	4100	0	23000	31000	0	59200	42900	55000	21600	50400	41000	46000	13500
60100	22700	17300	0	36700	0	0	0	30000	38000	100	32200	46400	6500	0	24600	25100	32200	26800	27000	0	900	48200	20700	28200	0	0	0	30000	28700	42000	21200	27900	0	31500	2700	0	0	6500	54700	0	10000	0	11500	10200	26500	0	32200	4200	0	0	1200	0	0	15300	25500	0	48200	25000	0	42500	29500	0	0	0	7500	0	35700	19400	31500	0	26900	17500	22500	0
63600	26200	20800	0	40200	0	3500	0	33500	41500	3600	35700	49900	10000	0	28100	28600	35700	30300	30500	0	4400	51700	24200	31700	0	0	0	33500	32200	45500	24700	31400	0	35000	6200	0	3300	10000	58200	0	13500	400	15000	13700	30000	0	35700	7700	0	0	4700	0	2600	18800	29000	0	51700	28500	0	46000	33000	0	0	3000	11000	0	39200	22900	35000	1600	30400	21000	26000	0
30100	0	0	0	6700	0	0	0	0	8000	0	2200	16400	0	0	0	0	2200	0	0	0	0	18200	0	0	0	0	0	0	0	12000	0	0	0	1500	0	0	0	0	24700	0	0	0	0	0	0	0	2200	0	0	0	0	0	0	0	0	0	18200	0	0	12500	0	0	0	0	0	0	5700	0	1500	0	0	0	0	0
22100	0	0	0	0	0	0	0	0	0	0	0	8400	0	0	0	0	0	0	0	0	0	10200	0	0	0	0	0	0	0	4000	0	0	0	0	0	0	0	0	16700	0	0	0	0	0	0	0	0	0	0	0	0	0	0	0	0	0	10200	0	0	4500	0	0	0	0	0	0	0	0	0	0	0	0	0	0
60000	22600	17200	0	36600	0	0	0	29900	37900	0	32100	46300	6400	0	24500	25000	32100	26700	26900	0	800	48100	20600	28100	0	0	0	29900	28600	41900	21100	27800	0	31400	2600	0	0	6400	54600	0	9900	0	11400	10100	26400	0	32100	4100	0	0	1100	0	0	15200	25400	0	48100	24900	0	42400	29400	0	0	0	7400	0	35600	19300	31400	0	26800	17400	22400	0
27900	0	0	0	4500	0	0	0	0	5800	0	0	14200	0	0	0	0	0	0	0	0	0	16000	0	0	0	0	0	0	0	9800	0	0	0	0	0	0	0	0	22500	0	0	0	0	0	0	0	0	0	0	0	0	0	0	0	0	0	16000	0	0	10300	0	0	0	0	0	0	3500	0	0	0	0	0	0	0
13700	0	0	0	0	0	0	0	0	0	0	0	0	0	0	0	0	0	0	0	0	0	1800	0	0	0	0	0	0	0	0	0	0	0	0	0	0	0	0	8300	0	0	0	0	0	0	0	0	0	0	0	0	0	0	0	0	0	1800	0	0	0	0	0	0	0	0	0	0	0	0	0	0	0	0	0
53600	16200	10800	0	30200	0	0	0	23500	31500	0	25700	39900	0	0	18100	18600	25700	20300	20500	0	0	41700	14200	21700	0	0	0	23500	22200	35500	14700	21400	0	25000	0	0	0	0	48200	0	3500	0	5000	3700	20000	0	25700	0	0	0	0	0	0	8800	19000	0	41700	18500	0	36000	23000	0	0	0	1000	0	29200	12900	25000	0	20400	11000	16000	0
69900	32500	27100	0	46500	0	9800	6300	39800	47800	9900	42000	56200	16300	0	34400	34900	42000	36600	36800	0	10700	58000	30500	38000	0	0	0	39800	38500	51800	31000	37700	3000	41300	12500	300	9600	16300	64500	0	19800	6700	21300	20000	36300	4000	42000	14000	0	0	11000	0	8900	25100	35300	0	58000	34800	0	52300	39300	0	0	9300	17300	0	45500	29200	41300	7900	36700	27300	32300	0
35500	0	0	0	12100	0	0	0	5400	13400	0	7600	21800	0	0	0	500	7600	2200	2400	0	0	23600	0	3600	0	0	0	5400	4100	17400	0	3300	0	6900	0	0	0	0	30100	0	0	0	0	0	1900	0	7600	0	0	0	0	0	0	0	900	0	23600	400	0	17900	4900	0	0	0	0	0	11100	0	6900	0	2300	0	0	0
35000	0	0	0	11600	0	0	0	4900	12900	0	7100	21300	0	0	0	0	7100	1700	1900	0	0	23100	0	3100	0	0	0	4900	3600	16900	0	2800	0	6400	0	0	0	0	29600	0	0	0	0	0	1400	0	7100	0	0	0	0	0	0	0	400	0	23100	0	0	17400	4400	0	0	0	0	0	10600	0	6400	0	1800	0	0	0
27900	0	0	0	4500	0	0	0	0	5800	0	0	14200	0	0	0	0	0	0	0	0	0	16000	0	0	0	0	0	0	0	9800	0	0	0	0	0	0	0	0	22500	0	0	0	0	0	0	0	0	0	0	0	0	0	0	0	0	0	16000	0	0	10300	0	0	0	0	0	0	3500	0	0	0	0	0	0	0
33300	0	0	0	9900	0	0	0	3200	11200	0	5400	19600	0	0	0	0	5400	0	200	0	0	21400	0	1400	0	0	0	3200	1900	15200	0	1100	0	4700	0	0	0	0	27900	0	0	0	0	0	0	0	5400	0	0	0	0	0	0	0	0	0	21400	0	0	15700	2700	0	0	0	0	0	8900	0	4700	0	100	0	0	0
33100	0	0	0	9700	0	0	0	3000	11000	0	5200	19400	0	0	0	0	5200	0	0	0	0	21200	0	1200	0	0	0	3000	1700	15000	0	900	0	4500	0	0	0	0	27700	0	0	0	0	0	0	0	5200	0	0	0	0	0	0	0	0	0	21200	0	0	15500	2500	0	0	0	0	0	8700	0	4500	0	0	0	0	0
74800	37400	32000	0	51400	0	14700	11200	44700	52700	14800	46900	61100	21200	4900	39300	39800	46900	41500	41700	0	15600	62900	35400	42900	0	0	0	44700	43400	56700	35900	42600	7900	46200	17400	5200	14500	21200	69400	0	24700	11600	26200	24900	41200	8900	46900	18900	0	0	15900	0	13800	30000	40200	0	62900	39700	1200	57200	44200	0	0	14200	22200	0	50400	34100	46200	12800	41600	32200	37200	4700
59200	21800	16400	0	35800	0	0	0	29100	37100	0	31300	45500	5600	0	23700	24200	31300	25900	26100	0	0	47300	19800	27300	0	0	0	29100	27800	41100	20300	27000	0	30600	1800	0	0	5600	53800	0	9100	0	10600	9300	25600	0	31300	3300	0	0	300	0	0	14400	24600	0	47300	24100	0	41600	28600	0	0	0	6600	0	34800	18500	30600	0	26000	16600	21600	0
11900	0	0	0	0	0	0	0	0	0	0	0	0	0	0	0	0	0	0	0	0	0	0	0	0	0	0	0	0	0	0	0	0	0	0	0	0	0	0	6500	0	0	0	0	0	0	0	0	0	0	0	0	0	0	0	0	0	0	0	0	0	0	0	0	0	0	0	0	0	0	0	0	0	0	0
39400	2000	0	0	16000	0	0	0	9300	17300	0	11500	25700	0	0	3900	4400	11500	6100	6300	0	0	27500	0	7500	0	0	0	9300	8000	21300	500	7200	0	10800	0	0	0	0	34000	0	0	0	0	0	5800	0	11500	0	0	0	0	0	0	0	4800	0	27500	4300	0	21800	8800	0	0	0	0	0	15000	0	10800	0	6200	0	1800	0
31900	0	0	0	8500	0	0	0	1800	9800	0	4000	18200	0	0	0	0	4000	0	0	0	0	20000	0	0	0	0	0	1800	500	13800	0	0	0	3300	0	0	0	0	26500	0	0	0	0	0	0	0	4000	0	0	0	0	0	0	0	0	0	20000	0	0	14300	1300	0	0	0	0	0	7500	0	3300	0	0	0	0	0
86900	49500	44100	5800	63500	3300	26800	23300	56800	64800	26900	59000	73200	33300	17000	51400	51900	59000	53600	53800	12100	27700	75000	47500	55000	0	0	7900	56800	55500	68800	48000	54700	20000	58300	29500	17300	26600	33300	81500	0	36800	23700	38300	37000	53300	21000	59000	31000	200	8300	28000	0	25900	42100	52300	3900	75000	51800	13300	69300	56300	7400	3300	26300	34300	0	62500	46200	58300	24900	53700	44300	49300	16800
88600	51200	45800	7500	65200	5000	28500	25000	58500	66500	28600	60700	74900	35000	18700	53100	53600	60700	55300	55500	13800	29400	76700	49200	56700	1700	0	9600	58500	57200	70500	49700	56400	21700	60000	31200	19000	28300	35000	83200	0	38500	25400	40000	38700	55000	22700	60700	32700	1900	10000	29700	0	27600	43800	54000	5600	76700	53500	15000	71000	58000	9100	5000	28000	36000	0	64200	47900	60000	26600	55400	46000	51000	18500
79000	41600	36200	0	55600	0	18900	15400	48900	56900	19000	51100	65300	25400	9100	43500	44000	51100	45700	45900	4200	19800	67100	39600	47100	0	0	0	48900	47600	60900	40100	46800	12100	50400	21600	9400	18700	25400	73600	0	28900	15800	30400	29100	45400	13100	51100	23100	0	400	20100	0	18000	34200	44400	0	67100	43900	5400	61400	48400	0	0	18400	26400	0	54600	38300	50400	17000	45800	36400	41400	8900
30100	0	0	0	6700	0	0	0	0	8000	0	2200	16400	0	0	0	0	2200	0	0	0	0	18200	0	0	0	0	0	0	0	12000	0	0	0	1500	0	0	0	0	24700	0	0	0	0	0	0	0	2200	0	0	0	0	0	0	0	0	0	18200	0	0	12500	0	0	0	0	0	0	5700	0	1500	0	0	0	0	0
31400	0	0	0	8000	0	0	0	1300	9300	0	3500	17700	0	0	0	0	3500	0	0	0	0	19500	0	0	0	0	0	1300	0	13300	0	0	0	2800	0	0	0	0	26000	0	0	0	0	0	0	0	3500	0	0	0	0	0	0	0	0	0	19500	0	0	13800	800	0	0	0	0	0	7000	0	2800	0	0	0	0	0
18100	0	0	0	0	0	0	0	0	0	0	0	4400	0	0	0	0	0	0	0	0	0	6200	0	0	0	0	0	0	0	0	0	0	0	0	0	0	0	0	12700	0	0	0	0	0	0	0	0	0	0	0	0	0	0	0	0	0	6200	0	0	500	0	0	0	0	0	0	0	0	0	0	0	0	0	0
38900	1500	0	0	15500	0	0	0	8800	16800	0	11000	25200	0	0	3400	3900	11000	5600	5800	0	0	27000	0	7000	0	0	0	8800	7500	20800	0	6700	0	10300	0	0	0	0	33500	0	0	0	0	0	5300	0	11000	0	0	0	0	0	0	0	4300	0	27000	3800	0	21300	8300	0	0	0	0	0	14500	0	10300	0	5700	0	1300	0
32200	0	0	0	8800	0	0	0	2100	10100	0	4300	18500	0	0	0	0	4300	0	0	0	0	20300	0	300	0	0	0	2100	800	14100	0	0	0	3600	0	0	0	0	26800	0	0	0	0	0	0	0	4300	0	0	0	0	0	0	0	0	0	20300	0	0	14600	1600	0	0	0	0	0	7800	0	3600	0	0	0	0	0
66900	29500	24100	0	43500	0	6800	3300	36800	44800	6900	39000	53200	13300	0	31400	31900	39000	33600	33800	0	7700	55000	27500	35000	0	0	0	36800	35500	48800	28000	34700	0	38300	9500	0	6600	13300	61500	0	16800	3700	18300	17000	33300	1000	39000	11000	0	0	8000	0	5900	22100	32300	0	55000	31800	0	49300	36300	0	0	6300	14300	0	42500	26200	38300	4900	33700	24300	29300	0
28600	0	0	0	5200	0	0	0	0	6500	0	700	14900	0	0	0	0	700	0	0	0	0	16700	0	0	0	0	0	0	0	10500	0	0	0	0	0	0	0	0	23200	0	0	0	0	0	0	0	700	0	0	0	0	0	0	0	0	0	16700	0	0	11000	0	0	0	0	0	0	4200	0	0	0	0	0	0	0
57400	20000	14600	0	34000	0	0	0	27300	35300	0	29500	43700	3800	0	21900	22400	29500	24100	24300	0	0	45500	18000	25500	0	0	0	27300	26000	39300	18500	25200	0	28800	0	0	0	3800	52000	0	7300	0	8800	7500	23800	0	29500	1500	0	0	0	0	0	12600	22800	0	45500	22300	0	39800	26800	0	0	0	4800	0	33000	16700	28800	0	24200	14800	19800	0
69600	32200	26800	0	46200	0	9500	6000	39500	47500	9600	41700	55900	16000	0	34100	34600	41700	36300	36500	0	10400	57700	30200	37700	0	0	0	39500	38200	51500	30700	37400	2700	41000	12200	0	9300	16000	64200	0	19500	6400	21000	19700	36000	3700	41700	13700	0	0	10700	0	8600	24800	35000	0	57700	34500	0	52000	39000	0	0	9000	17000	0	45200	28900	41000	7600	36400	27000	32000	0
60300	22900	17500	0	36900	0	200	0	30200	38200	300	32400	46600	6700	0	24800	25300	32400	27000	27200	0	1100	48400	20900	28400	0	0	0	30200	28900	42200	21400	28100	0	31700	2900	0	0	6700	54900	0	10200	0	11700	10400	26700	0	32400	4400	0	0	1400	0	0	15500	25700	0	48400	25200	0	42700	29700	0	0	0	7700	0	35900	19600	31700	0	27100	17700	22700	0
53600	16200	10800	0	30200	0	0	0	23500	31500	0	25700	39900	0	0	18100	18600	25700	20300	20500	0	0	41700	14200	21700	0	0	0	23500	22200	35500	14700	21400	0	25000	0	0	0	0	48200	0	3500	0	5000	3700	20000	0	25700	0	0	0	0	0	0	8800	19000	0	41700	18500	0	36000	23000	0	0	0	1000	0	29200	12900	25000	0	20400	11000	16000	0
5400	0	0	0	0	0	0	0	0	0	0	0	0	0	0	0	0	0	0	0	0	0	0	0	0	0	0	0	0	0	0	0	0	0	0	0	0	0	0	0	0	0	0	0	0	0	0	0	0	0	0	0	0	0	0	0	0	0	0	0	0	0	0	0	0	0	0	0	0	0	0	0	0	0	0
88600	51200	45800	7500	65200	5000	28500	25000	58500	66500	28600	60700	74900	35000	18700	53100	53600	60700	55300	55500	13800	29400	76700	49200	56700	1700	0	9600	58500	57200	70500	49700	56400	21700	60000	31200	19000	28300	35000	83200	0	38500	25400	40000	38700	55000	22700	60700	32700	1900	10000	29700	0	27600	43800	54000	5600	76700	53500	15000	71000	58000	9100	5000	28000	36000	0	64200	47900	60000	26600	55400	46000	51000	18500
50100	12700	7300	0	26700	0	0	0	20000	28000	0	22200	36400	0	0	14600	15100	22200	16800	17000	0	0	38200	10700	18200	0	0	0	20000	18700	32000	11200	17900	0	21500	0	0	0	0	44700	0	0	0	1500	200	16500	0	22200	0	0	0	0	0	0	5300	15500	0	38200	15000	0	32500	19500	0	0	0	0	0	25700	9400	21500	0	16900	7500	12500	0
63200	25800	20400	0	39800	0	3100	0	33100	41100	3200	35300	49500	9600	0	27700	28200	35300	29900	30100	0	4000	51300	23800	31300	0	0	0	33100	31800	45100	24300	31000	0	34600	5800	0	2900	9600	57800	0	13100	0	14600	13300	29600	0	35300	7300	0	0	4300	0	2200	18400	28600	0	51300	28100	0	45600	32600	0	0	2600	10600	0	38800	22500	34600	1200	30000	20600	25600	0
48600	11200	5800	0	25200	0	0	0	18500	26500	0	20700	34900	0	0	13100	13600	20700	15300	15500	0	0	36700	9200	16700	0	0	0	18500	17200	30500	9700	16400	0	20000	0	0	0	0	43200	0	0	0	0	0	15000	0	20700	0	0	0	0	0	0	3800	14000	0	36700	13500	0	31000	18000	0	0	0	0	0	24200	7900	20000	0	15400	6000	11000	0
49900	12500	7100	0	26500	0	0	0	19800	27800	0	22000	36200	0	0	14400	14900	22000	16600	16800	0	0	38000	10500	18000	0	0	0	19800	18500	31800	11000	17700	0	21300	0	0	0	0	44500	0	0	0	1300	0	16300	0	22000	0	0	0	0	0	0	5100	15300	0	38000	14800	0	32300	19300	0	0	0	0	0	25500	9200	21300	0	16700	7300	12300	0
33600	0	0	0	10200	0	0	0	3500	11500	0	5700	19900	0	0	0	0	5700	300	500	0	0	21700	0	1700	0	0	0	3500	2200	15500	0	1400	0	5000	0	0	0	0	28200	0	0	0	0	0	0	0	5700	0	0	0	0	0	0	0	0	0	21700	0	0	16000	3000	0	0	0	0	0	9200	0	5000	0	400	0	0	0
65900	28500	23100	0	42500	0	5800	2300	35800	43800	5900	38000	52200	12300	0	30400	30900	38000	32600	32800	0	6700	54000	26500	34000	0	0	0	35800	34500	47800	27000	33700	0	37300	8500	0	5600	12300	60500	0	15800	2700	17300	16000	32300	0	38000	10000	0	0	7000	0	4900	21100	31300	0	54000	30800	0	48300	35300	0	0	5300	13300	0	41500	25200	37300	3900	32700	23300	28300	0
27900	0	0	0	4500	0	0	0	0	5800	0	0	14200	0	0	0	0	0	0	0	0	0	16000	0	0	0	0	0	0	0	9800	0	0	0	0	0	0	0	0	22500	0	0	0	0	0	0	0	0	0	0	0	0	0	0	0	0	0	16000	0	0	10300	0	0	0	0	0	0	3500	0	0	0	0	0	0	0
55900	18500	13100	0	32500	0	0	0	25800	33800	0	28000	42200	2300	0	20400	20900	28000	22600	22800	0	0	44000	16500	24000	0	0	0	25800	24500	37800	17000	23700	0	27300	0	0	0	2300	50500	0	5800	0	7300	6000	22300	0	28000	0	0	0	0	0	0	11100	21300	0	44000	20800	0	38300	25300	0	0	0	3300	0	31500	15200	27300	0	22700	13300	18300	0
86700	49300	43900	5600	63300	3100	26600	23100	56600	64600	26700	58800	73000	33100	16800	51200	51700	58800	53400	53600	11900	27500	74800	47300	54800	0	0	7700	56600	55300	68600	47800	54500	19800	58100	29300	17100	26400	33100	81300	0	36600	23500	38100	36800	53100	20800	58800	30800	0	8100	27800	0	25700	41900	52100	3700	74800	51600	13100	69100	56100	7200	3100	26100	34100	0	62300	46000	58100	24700	53500	44100	49100	16600
78600	41200	35800	0	55200	0	18500	15000	48500	56500	18600	50700	64900	25000	8700	43100	43600	50700	45300	45500	3800	19400	66700	39200	46700	0	0	0	48500	47200	60500	39700	46400	11700	50000	21200	9000	18300	25000	73200	0	28500	15400	30000	28700	45000	12700	50700	22700	0	0	19700	0	17600	33800	44000	0	66700	43500	5000	61000	48000	0	0	18000	26000	0	54200	37900	50000	16600	45400	36000	41000	8500
58900	21500	16100	0	35500	0	0	0	28800	36800	0	31000	45200	5300	0	23400	23900	31000	25600	25800	0	0	47000	19500	27000	0	0	0	28800	27500	40800	20000	26700	0	30300	1500	0	0	5300	53500	0	8800	0	10300	9000	25300	0	31000	3000	0	0	0	0	0	14100	24300	0	47000	23800	0	41300	28300	0	0	0	6300	0	34500	18200	30300	0	25700	16300	21300	0
88600	51200	45800	7500	65200	5000	28500	25000	58500	66500	28600	60700	74900	35000	18700	53100	53600	60700	55300	55500	13800	29400	76700	49200	56700	1700	0	9600	58500	57200	70500	49700	56400	21700	60000	31200	19000	28300	35000	83200	0	38500	25400	40000	38700	55000	22700	60700	32700	1900	10000	29700	0	27600	43800	54000	5600	76700	53500	15000	71000	58000	9100	5000	28000	36000	0	64200	47900	60000	26600	55400	46000	51000	18500
61000	23600	18200	0	37600	0	900	0	30900	38900	1000	33100	47300	7400	0	25500	26000	33100	27700	27900	0	1800	49100	21600	29100	0	0	0	30900	29600	42900	22100	28800	0	32400	3600	0	700	7400	55600	0	10900	0	12400	11100	27400	0	33100	5100	0	0	2100	0	0	16200	26400	0	49100	25900	0	43400	30400	0	0	400	8400	0	36600	20300	32400	0	27800	18400	23400	0
44800	7400	2000	0	21400	0	0	0	14700	22700	0	16900	31100	0	0	9300	9800	16900	11500	11700	0	0	32900	5400	12900	0	0	0	14700	13400	26700	5900	12600	0	16200	0	0	0	0	39400	0	0	0	0	0	11200	0	16900	0	0	0	0	0	0	0	10200	0	32900	9700	0	27200	14200	0	0	0	0	0	20400	4100	16200	0	11600	2200	7200	0
34600	0	0	0	11200	0	0	0	4500	12500	0	6700	20900	0	0	0	0	6700	1300	1500	0	0	22700	0	2700	0	0	0	4500	3200	16500	0	2400	0	6000	0	0	0	0	29200	0	0	0	0	0	1000	0	6700	0	0	0	0	0	0	0	0	0	22700	0	0	17000	4000	0	0	0	0	0	10200	0	6000	0	1400	0	0	0
83000	45600	40200	1900	59600	0	22900	19400	52900	60900	23000	55100	69300	29400	13100	47500	48000	55100	49700	49900	8200	23800	71100	43600	51100	0	0	4000	52900	51600	64900	44100	50800	16100	54400	25600	13400	22700	29400	77600	0	32900	19800	34400	33100	49400	17100	55100	27100	0	4400	24100	0	22000	38200	48400	0	71100	47900	9400	65400	52400	3500	0	22400	30400	0	58600	42300	54400	21000	49800	40400	45400	12900
11900	0	0	0	0	0	0	0	0	0	0	0	0	0	0	0	0	0	0	0	0	0	0	0	0	0	0	0	0	0	0	0	0	0	0	0	0	0	0	6500	0	0	0	0	0	0	0	0	0	0	0	0	0	0	0	0	0	0	0	0	0	0	0	0	0	0	0	0	0	0	0	0	0	0	0
35100	0	0	0	11700	0	0	0	5000	13000	0	7200	21400	0	0	0	100	7200	1800	2000	0	0	23200	0	3200	0	0	0	5000	3700	17000	0	2900	0	6500	0	0	0	0	29700	0	0	0	0	0	1500	0	7200	0	0	0	0	0	0	0	500	0	23200	0	0	17500	4500	0	0	0	0	0	10700	0	6500	0	1900	0	0	0
73600	36200	30800	0	50200	0	13500	10000	43500	51500	13600	45700	59900	20000	3700	38100	38600	45700	40300	40500	0	14400	61700	34200	41700	0	0	0	43500	42200	55500	34700	41400	6700	45000	16200	4000	13300	20000	68200	0	23500	10400	25000	23700	40000	7700	45700	17700	0	0	14700	0	12600	28800	39000	0	61700	38500	0	56000	43000	0	0	13000	21000	0	49200	32900	45000	11600	40400	31000	36000	3500
17600	0	0	0	0	0	0	0	0	0	0	0	3900	0	0	0	0	0	0	0	0	0	5700	0	0	0	0	0	0	0	0	0	0	0	0	0	0	0	0	12200	0	0	0	0	0	0	0	0	0	0	0	0	0	0	0	0	0	5700	0	0	0	0	0	0	0	0	0	0	0	0	0	0	0	0	0
30600	0	0	0	7200	0	0	0	500	8500	0	2700	16900	0	0	0	0	2700	0	0	0	0	18700	0	0	0	0	0	500	0	12500	0	0	0	2000	0	0	0	0	25200	0	0	0	0	0	0	0	2700	0	0	0	0	0	0	0	0	0	18700	0	0	13000	0	0	0	0	0	0	6200	0	2000	0	0	0	0	0
79500	42100	36700	0	56100	0	19400	15900	49400	57400	19500	51600	65800	25900	9600	44000	44500	51600	46200	46400	4700	20300	67600	40100	47600	0	0	500	49400	48100	61400	40600	47300	12600	50900	22100	9900	19200	25900	74100	0	29400	16300	30900	29600	45900	13600	51600	23600	0	900	20600	0	18500	34700	44900	0	67600	44400	5900	61900	48900	0	0	18900	26900	0	55100	38800	50900	17500	46300	36900	41900	9400
83600	46200	40800	2500	60200	0	23500	20000	53500	61500	23600	55700	69900	30000	13700	48100	48600	55700	50300	50500	8800	24400	71700	44200	51700	0	0	4600	53500	52200	65500	44700	51400	16700	55000	26200	14000	23300	30000	78200	0	33500	20400	35000	33700	50000	17700	55700	27700	0	5000	24700	0	22600	38800	49000	600	71700	48500	10000	66000	53000	4100	0	23000	31000	0	59200	42900	55000	21600	50400	41000	46000	13500
60600	23200	17800	0	37200	0	500	0	30500	38500	600	32700	46900	7000	0	25100	25600	32700	27300	27500	0	1400	48700	21200	28700	0	0	0	30500	29200	42500	21700	28400	0	32000	3200	0	300	7000	55200	0	10500	0	12000	10700	27000	0	32700	4700	0	0	1700	0	0	15800	26000	0	48700	25500	0	43000	30000	0	0	0	8000	0	36200	19900	32000	0	27400	18000	23000	0
52600	15200	9800	0	29200	0	0	0	22500	30500	0	24700	38900	0	0	17100	17600	24700	19300	19500	0	0	40700	13200	20700	0	0	0	22500	21200	34500	13700	20400	0	24000	0	0	0	0	47200	0	2500	0	4000	2700	19000	0	24700	0	0	0	0	0	0	7800	18000	0	40700	17500	0	35000	22000	0	0	0	0	0	28200	11900	24000	0	19400	10000	15000	0
88600	51200	45800	7500	65200	5000	28500	25000	58500	66500	28600	60700	74900	35000	18700	53100	53600	60700	55300	55500	13800	29400	76700	49200	56700	1700	0	9600	58500	57200	70500	49700	56400	21700	60000	31200	19000	28300	35000	83200	0	38500	25400	40000	38700	55000	22700	60700	32700	1900	10000	29700	0	27600	43800	54000	5600	76700	53500	15000	71000	58000	9100	5000	28000	36000	0	64200	47900	60000	26600	55400	46000	51000	18500
24400	0	0	0	1000	0	0	0	0	2300	0	0	10700	0	0	0	0	0	0	0	0	0	12500	0	0	0	0	0	0	0	6300	0	0	0	0	0	0	0	0	19000	0	0	0	0	0	0	0	0	0	0	0	0	0	0	0	0	0	12500	0	0	6800	0	0	0	0	0	0	0	0	0	0	0	0	0	0
40700	3300	0	0	17300	0	0	0	10600	18600	0	12800	27000	0	0	5200	5700	12800	7400	7600	0	0	28800	1300	8800	0	0	0	10600	9300	22600	1800	8500	0	12100	0	0	0	0	35300	0	0	0	0	0	7100	0	12800	0	0	0	0	0	0	0	6100	0	28800	5600	0	23100	10100	0	0	0	0	0	16300	0	12100	0	7500	0	3100	0
28600	0	0	0	5200	0	0	0	0	6500	0	700	14900	0	0	0	0	700	0	0	0	0	16700	0	0	0	0	0	0	0	10500	0	0	0	0	0	0	0	0	23200	0	0	0	0	0	0	0	700	0	0	0	0	0	0	0	0	0	16700	0	0	11000	0	0	0	0	0	0	4200	0	0	0	0	0	0	0
62000	24600	19200	0	38600	0	1900	0	31900	39900	2000	34100	48300	8400	0	26500	27000	34100	28700	28900	0	2800	50100	22600	30100	0	0	0	31900	30600	43900	23100	29800	0	33400	4600	0	1700	8400	56600	0	11900	0	13400	12100	28400	0	34100	6100	0	0	3100	0	1000	17200	27400	0	50100	26900	0	44400	31400	0	0	1400	9400	0	37600	21300	33400	0	28800	19400	24400	0
33200	0	0	0	9800	0	0	0	3100	11100	0	5300	19500	0	0	0	0	5300	0	100	0	0	21300	0	1300	0	0	0	3100	1800	15100	0	1000	0	4600	0	0	0	0	27800	0	0	0	0	0	0	0	5300	0	0	0	0	0	0	0	0	0	21300	0	0	15600	2600	0	0	0	0	0	8800	0	4600	0	0	0	0	0
42600	5200	0	0	19200	0	0	0	12500	20500	0	14700	28900	0	0	7100	7600	14700	9300	9500	0	0	30700	3200	10700	0	0	0	12500	11200	24500	3700	10400	0	14000	0	0	0	0	37200	0	0	0	0	0	9000	0	14700	0	0	0	0	0	0	0	8000	0	30700	7500	0	25000	12000	0	0	0	0	0	18200	1900	14000	0	9400	0	5000	0
37600	200	0	0	14200	0	0	0	7500	15500	0	9700	23900	0	0	2100	2600	9700	4300	4500	0	0	25700	0	5700	0	0	0	7500	6200	19500	0	5400	0	9000	0	0	0	0	32200	0	0	0	0	0	4000	0	9700	0	0	0	0	0	0	0	3000	0	25700	2500	0	20000	7000	0	0	0	0	0	13200	0	9000	0	4400	0	0	0
70100	32700	27300	0	46700	0	10000	6500	40000	48000	10100	42200	56400	16500	200	34600	35100	42200	36800	37000	0	10900	58200	30700	38200	0	0	0	40000	38700	52000	31200	37900	3200	41500	12700	500	9800	16500	64700	0	20000	6900	21500	20200	36500	4200	42200	14200	0	0	11200	0	9100	25300	35500	0	58200	35000	0	52500	39500	0	0	9500	17500	0	45700	29400	41500	8100	36900	27500	32500	0

0	0	0	0	0	0	0	0	0	0	0	0	0	0	0	0	88	0	0	0	91	0	0	0	0	0	0	0	91	0	18	0	0	0	94	91	17	0	4	0	0	0	0	74	0	0	0	0	0	0	0	0	0	18	0	91	0	0	0	0	0	0	0	0	0	0	54	0	0	0	0	0	0	0	0
51	0	0	0	23	0	0	0	23	0	0	0	8	18	34	23	99	34	0	4	102	23	28	0	0	31	0	0	102	23	56	0	0	0	104	102	56	0	52	23	0	0	0	89	30	0	0	28	0	11	0	0	0	56	0	102	0	0	0	0	0	0	0	0	23	34	76	23	34	0	8	0	4	0	0
54	11	0	0	30	0	0	0	30	0	0	0	18	26	40	30	100	40	0	15	103	30	34	0	11	37	0	0	103	30	60	0	0	0	105	103	60	0	56	30	0	0	11	90	36	11	0	34	0	20	0	0	0	60	0	103	0	0	0	0	11	11	0	0	30	40	78	30	40	0	18	0	15	0	0
62	30	23	0	43	23	0	23	43	23	23	23	34	40	51	43	103	51	0	32	106	43	46	23	30	48	23	18	106	43	67	23	0	0	108	106	67	18	63	43	23	8	30	94	48	30	0	46	0	36	23	8	23	67	0	106	8	8	23	0	30	30	0	4	43	51	83	43	51	8	34	23	32	0	0
40	0	0	0	0	0	0	0	0	0	0	0	0	0	18	0	95	18	0	0	99	0	8	0	0	13	0	0	99	0	48	0	0	0	101	99	47	0	41	0	0	0	0	85	11	0	0	8	0	0	0	0	0	48	0	99	0	0	0	0	0	0	0	0	0	18	70	0	18	0	0	0	0	0	0
54	11	0	0	30	0	0	0	30	0	0	0	18	26	40	30	100	40	0	15	103	30	34	0	11	37	0	0	103	30	60	0	0	0	105	103	60	0	56	30	0	0	11	90	36	11	0	34	0	20	0	0	0	60	0	103	0	0	0	0	11	11	0	0	30	40	78	30	40	0	18	0	15	0	0
65	36	30	11	48	30	0	30	48	30	30	30	40	45	54	48	104	54	0	38	107	48	51	30	36	53	30	26	107	48	70	30	0	0	109	107	70	26	66	48	30	18	36	95	52	36	0	51	0	41	30	18	30	70	0	107	18	18	30	8	36	36	0	15	48	54	85	48	54	18	40	30	38	11	4
54	11	0	0	30	0	0	0	30	0	0	0	18	26	40	30	100	40	0	15	103	30	34	0	11	37	0	0	103	30	60	0	0	0	105	103	60	0	56	30	0	0	11	90	36	11	0	34	0	20	0	0	0	60	0	103	0	0	0	0	11	11	0	0	30	40	78	30	40	0	18	0	15	0	0
40	0	0	0	0	0	0	0	0	0	0	0	0	0	18	0	95	18	0	0	99	0	8	0	0	13	0	0	99	0	48	0	0	0	101	99	47	0	41	0	0	0	0	85	11	0	0	8	0	0	0	0	0	48	0	99	0	0	0	0	0	0	0	0	0	18	70	0	18	0	0	0	0	0	0
54	11	0	0	30	0	0	0	30	0	0	0	18	26	40	30	100	40	0	15	103	30	34	0	11	37	0	0	103	30	60	0	0	0	105	103	60	0	56	30	0	0	11	90	36	11	0	34	0	20	0	0	0	60	0	103	0	0	0	0	11	11	0	0	30	40	78	30	40	0	18	0	15	0	0
54	11	0	0	30	0	0	0	30	0	0	0	18	26	40	30	100	40	0	15	103	30	34	0	11	37	0	0	103	30	60	0	0	0	105	103	60	0	56	30	0	0	11	90	36	11	0	34	0	20	0	0	0	60	0	103	0	0	0	0	11	11	0	0	30	40	78	30	40	0	18	0	15	0	0
54	11	0	0	30	0	0	0	30	0	0	0	18	26	40	30	100	40	0	15	103	30	34	0	11	37	0	0	103	30	60	0	0	0	105	103	60	0	56	30	0	0	11	90	36	11	0	34	0	20	0	0	0	60	0	103	0	0	0	0	11	11	0	0	30	40	78	30	40	0	18	0	15	0	0
48	0	0	0	18	0	0	0	18	0	0	0	0	11	30	18	98	30	0	0	101	18	23	0	0	27	0	0	101	18	54	0	0	0	103	101	54	0	49	18	0	0	0	88	26	0	0	23	0	4	0	0	0	54	0	101	0	0	0	0	0	0	0	0	18	30	74	18	30	0	0	0	0	0	0
43	0	0	0	8	0	0	0	8	0	0	0	0	0	23	8	96	23	0	0	100	8	15	0	0	19	0	0	100	8	51	0	0	0	102	100	50	0	45	8	0	0	0	86	18	0	0	15	0	0	0	0	0	51	0	100	0	0	0	0	0	0	0	0	8	23	72	8	23	0	0	0	0	0	0
30	0	0	0	0	0	0	0	0	0	0	0	0	0	0	0	93	0	0	0	96	0	0	0	0	0	0	0	96	0	40	0	0	0	99	96	39	0	32	0	0	0	0	81	0	0	0	0	0	0	0	0	0	40	0	96	0	0	0	0	0	0	0	0	0	0	65	0	0	0	0	0	0	0	0
40	0	0	0	0	0	0	0	0	0	0	0	0	0	18	0	95	18	0	0	99	0	8	0	0	13	0	0	99	0	48	0	0	0	101	99	47	0	41	0	0	0	0	85	11	0	0	8	0	0	0	0	0	48	0	99	0	0	0	0	0	0	0	0	0	18	70	0	18	0	0	0	0	0	0
0	0	0	0	0	0	0	0	0	0	0	0	0	0	0	0	0	0	0	0	23	0	0	0	0	0	0	0	23	0	0	0	0	0	34	23	0	0	0	0	0	0	0	0	0	0	0	0	0	0	0	0	0	0	0	23	0	0	0	0	0	0	0	0	0	0	0	0	0	0	0	0	0	0	0
30	0	0	0	0	0	0	0	0	0	0	0	0	0	0	0	93	0	0	0	96	0	0	0	0	0	0	0	96	0	40	0	0	0	99	96	39	0	32	0	0	0	0	81	0	0	0	0	0	0	0	0	0	40	0	96	0	0	0	0	0	0	0	0	0	0	65	0	0	0	0	0	0	0	0
67	40	34	18	51	34	8	34	51	34	34	34	43	48	56	51	105	56	0	41	108	51	53	34	40	55	34	30	108	51	72	34	8	8	109	108	71	30	68	51	34	23	40	96	54	40	8	53	8	45	34	23	34	72	4	108	23	23	34	15	40	40	8	20	51	56	86	51	56	23	43	34	41	18	11
49	0	0	0	20	0	0	0	20	0	0	0	4	15	32	20	98	32	0	0	101	20	26	0	0	28	0	0	101	20	56	0	0	0	103	101	55	0	51	20	0	0	0	88	28	0	0	26	0	8	0	0	0	56	0	101	0	0	0	0	0	0	0	0	20	32	75	20	32	0	4	0	0	0	0
0	0	0	0	0	0	0	0	0	0	0	0	0	0	0	0	0	0	0	0	0	0	0	0	0	0	0	0	0	0	0	0	0	0	18	0	0	0	0	0	0	0	0	0	0	0	0	0	0	0	0	0	0	0	0	0	0	0	0	0	0	0	0	0	0	0	0	0	0	0	0	0	0	0	0
40	0	0	0	0	0	0	0	0	0	0	0	0	0	18	0	95	18	0	0	99	0	8	0	0	13	0	0	99	0	48	0	0	0	101	99	47	0	41	0	0	0	0	85	11	0	0	8	0	0	0	0	0	48	0	99	0	0	0	0	0	0	0	0	0	18	70	0	18	0	0	0	0	0	0
36	0	0	0	0	0	0	0	0	0	0	0	0	0	11	0	94	11	0	0	98	0	0	0	0	6	0	0	98	0	45	0	0	0	100	98	44	0	38	0	0	0	0	83	4	0	0	0	0	0	0	0	0	45	0	98	0	0	0	0	0	0	0	0	0	11	68	0	11	0	0	0	0	0	0
54	11	0	0	30	0	0	0	30	0	0	0	18	26	40	30	100	40	0	15	103	30	34	0	11	37	0	0	103	30	60	0	0	0	105	103	60	0	56	30	0	0	11	90	36	11	0	34	0	20	0	0	0	60	0	103	0	0	0	0	11	11	0	0	30	40	78	30	40	0	18	0	15	0	0
51	0	0	0	23	0	0	0	23	0	0	0	8	18	34	23	99	34	0	4	102	23	28	0	0	31	0	0	102	23	56	0	0	0	104	102	56	0	52	23	0	0	0	89	30	0	0	28	0	11	0	0	0	56	0	102	0	0	0	0	0	0	0	0	23	34	76	23	34	0	8	0	4	0	0
33	0	0	0	0	0	0	0	0	0	0	0	0	0	6	0	94	6	0	0	97	0	0	0	0	0	0	0	97	0	42	0	0	0	99	97	42	0	35	0	0	0	0	82	0	0	0	0	0	0	0	0	0	42	0	97	0	0	0	0	0	0	0	0	0	6	67	0	6	0	0	0	0	0	0
54	11	0	0	30	0	0	0	30	0	0	0	18	26	40	30	100	40	0	15	103	30	34	0	11	37	0	0	103	30	60	0	0	0	105	103	60	0	56	30	0	0	11	90	36	11	0	34	0	20	0	0	0	60	0	103	0	0	0	0	11	11	0	0	30	40	78	30	40	0	18	0	15	0	0
56	18	8	0	34	8	0	8	34	8	8	8	23	30	43	34	101	43	0	20	104	34	38	8	18	41	8	0	104	34	62	8	0	0	106	104	62	0	57	34	8	0	18	91	40	18	0	38	0	26	8	0	8	62	0	104	0	0	8	0	18	18	0	0	34	43	79	34	43	0	23	8	20	0	0
0	0	0	0	0	0	0	0	0	0	0	0	0	0	0	0	0	0	0	0	0	0	0	0	0	0	0	0	0	0	0	0	0	0	18	0	0	0	0	0	0	0	0	0	0	0	0	0	0	0	0	0	0	0	0	0	0	0	0	0	0	0	0	0	0	0	0	0	0	0	0	0	0	0	0
40	0	0	0	0	0	0	0	0	0	0	0	0	0	18	0	95	18	0	0	99	0	8	0	0	13	0	0	99	0	48	0	0	0	101	99	47	0	41	0	0	0	0	85	11	0	0	8	0	0	0	0	0	48	0	99	0	0	0	0	0	0	0	0	0	18	70	0	18	0	0	0	0	0	0
0	0	0	0	0	0	0	0	0	0	0	0	0	0	0	0	85	0	0	0	89	0	0	0	0	0	0	0	89	0	0	0	0	0	91	89	0	0	0	0	0	0	0	70	0	0	0	0	0	0	0	0	0	0	0	89	0	0	0	0	0	0	0	0	0	0	48	0	0	0	0	0	0	0	0
54	11	0	0	30	0	0	0	30	0	0	0	18	26	40	30	100	40	0	15	103	30	34	0	11	37	0	0	103	30	60	0	0	0	105	103	60	0	56	30	0	0	11	90	36	11	0	34	0	20	0	0	0	60	0	103	0	0	0	0	11	11	0	0	30	40	78	30	40	0	18	0	15	0	0
65	36	30	11	48	30	0	30	48	30	30	30	40	45	54	48	104	54	0	38	107	48	51	30	36	53	30	26	107	48	70	30	0	0	109	107	70	26	66	48	30	18	36	95	52	36	0	51	0	41	30	18	30	70	0	107	18	18	30	8	36	36	0	15	48	54	85	48	54	18	40	30	38	11	4
65	36	30	11	48	30	0	30	48	30	30	30	40	45	54	48	104	54	0	38	107	48	51	30	36	53	30	26	107	48	70	30	0	0	109	107	70	26	66	48	30	18	36	95	52	36	0	51	0	41	30	18	30	70	0	107	18	18	30	8	36	36	0	15	48	54	85	48	54	18	40	30	38	11	4
0	0	0	0	0	0	0	0	0	0	0	0	0	0	0	0	0	0	0	0	0	0	0	0	0	0	0	0	0	0	0	0	0	0	0	0	0	0	0	0	0	0	0	0	0	0	0	0	0	0	0	0	0	0	0	0	0	0	0	0	0	0	0	0	0	0	0	0	0	0	0	0	0	0	0
0	0	0	0	0	0	0	0	0	0	0	0	0	0	0	0	0	0	0	0	0	0	0	0	0	0	0	0	0	0	0	0	0	0	18	0	0	0	0	0	0	0	0	0	0	0	0	0	0	0	0	0	0	0	0	0	0	0	0	0	0	0	0	0	0	0	0	0	0	0	0	0	0	0	0
0	0	0	0	0	0	0	0	0	0	0	0	0	0	0	0	85	0	0	0	89	0	0	0	0	0	0	0	89	0	1	0	0	0	92	89	0	0	0	0	0	0	0	70	0	0	0	0	0	0	0	0	0	1	0	89	0	0	0	0	0	0	0	0	0	0	48	0	0	0	0	0	0	0	0
56	18	8	0	34	8	0	8	34	8	8	8	23	30	43	34	101	43	0	20	104	34	38	8	18	41	8	0	104	34	62	8	0	0	106	104	62	0	57	34	8	0	18	91	40	18	0	38	0	26	8	0	8	62	0	104	0	0	8	0	18	18	0	0	34	43	79	34	43	0	23	8	20	0	0
0	0	0	0	0	0	0	0	0	0	0	0	0	0	0	0	87	0	0	0	91	0	0	0	0	0	0	0	91	0	15	0	0	0	93	91	14	0	0	0	0	0	0	73	0	0	0	0	0	0	0	0	0	15	0	91	0	0	0	0	0	0	0	0	0	0	53	0	0	0	0	0	0	0	0
40	0	0	0	0	0	0	0	0	0	0	0	0	0	18	0	95	18	0	0	99	0	8	0	0	13	0	0	99	0	48	0	0	0	101	99	47	0	41	0	0	0	0	85	11	0	0	8	0	0	0	0	0	48	0	99	0	0	0	0	0	0	0	0	0	18	70	0	18	0	0	0	0	0	0
54	11	0	0	30	0	0	0	30	0	0	0	18	26	40	30	100	40	0	15	103	30	34	0	11	37	0	0	103	30	60	0	0	0	105	103	60	0	56	30	0	0	11	90	36	11	0	34	0	20	0	0	0	60	0	103	0	0	0	0	11	11	0	0	30	40	78	30	40	0	18	0	15	0	0
60	26	18	0	40	18	0	18	40	18	18	18	30	36	48	40	102	48	0	28	105	40	43	18	26	45	18	11	105	40	65	18	0	0	107	105	65	11	61	40	18	0	26	93	45	26	0	43	0	32	18	0	18	65	0	105	0	0	18	0	26	26	0	0	40	48	81	40	48	0	30	18	28	0	0
51	0	0	0	23	0	0	0	23	0	0	0	8	18	34	23	99	34	0	4	102	23	28	0	0	31	0	0	102	23	56	0	0	0	104	102	56	0	52	23	0	0	0	89	30	0	0	28	0	11	0	0	0	56	0	102	0	0	0	0	0	0	0	0	23	34	76	23	34	0	8	0	4	0	0
0	0	0	0	0	0	0	0	0	0	0	0	0	0	0	0	48	0	0	0	56	0	0	0	0	0	0	0	56	0	0	0	0	0	62	56	0	0	0	0	0	0	0	0	0	0	0	0	0	0	0	0	0	0	0	56	0	0	0	0	0	0	0	0	0	0	0	0	0	0	0	0	0	0	0
34	0	0	0	0	0	0	0	0	0	0	0	0	0	8	0	94	8	0	0	97	0	0	0	0	2	0	0	97	0	43	0	0	0	100	97	43	0	36	0	0	0	0	83	0	0	0	0	0	0	0	0	0	43	0	97	0	0	0	0	0	0	0	0	0	8	67	0	8	0	0	0	0	0	0
51	0	0	0	23	0	0	0	23	0	0	0	8	18	34	23	99	34	0	4	102	23	28	0	0	31	0	0	102	23	56	0	0	0	104	102	56	0	52	23	0	0	0	89	30	0	0	28	0	11	0	0	0	56	0	102	0	0	0	0	0	0	0	0	23	34	76	23	34	0	8	0	4	0	0
65	36	30	11	48	30	0	30	48	30	30	30	40	45	54	48	104	54	0	38	107	48	51	30	36	53	30	26	107	48	70	30	0	0	109	107	70	26	66	48	30	18	36	95	52	36	0	51	0	41	30	18	30	70	0	107	18	18	30	8	36	36	0	15	48	54	85	48	54	18	40	30	38	11	4
36	0	0	0	0	0	0	0	0	0	0	0	0	0	11	0	94	11	0	0	98	0	0	0	0	6	0	0	98	0	45	0	0	0	100	98	44	0	38	0	0	0	0	83	4	0	0	0	0	0	0	0	0	45	0	98	0	0	0	0	0	0	0	0	0	11	68	0	11	0	0	0	0	0	0
65	36	30	11	48	30	0	30	48	30	30	30	40	45	54	48	104	54	0	38	107	48	51	30	36	53	30	26	107	48	70	30	0	0	109	107	70	26	66	48	30	18	36	95	52	36	0	51	0	41	30	18	30	70	0	107	18	18	30	8	36	36	0	15	48	54	85	48	54	18	40	30	38	11	4
46	0	0	0	15	0	0	0	15	0	0	0	0	8	28	15	97	28	0	0	100	15	20	0	0	24	0	0	100	15	53	0	0	0	103	100	53	0	48	15	0	0	0	87	23	0	0	20	0	0	0	0	0	53	0	100	0	0	0	0	0	0	0	0	15	28	73	15	28	0	0	0	0	0	0
54	11	0	0	30	0	0	0	30	0	0	0	18	26	40	30	100	40	0	15	103	30	34	0	11	37	0	0	103	30	60	0	0	0	105	103	60	0	56	30	0	0	11	90	36	11	0	34	0	20	0	0	0	60	0	103	0	0	0	0	11	11	0	0	30	40	78	30	40	0	18	0	15	0	0
60	26	18	0	40	18	0	18	40	18	18	18	30	36	48	40	102	48	0	28	105	40	43	18	26	45	18	11	105	40	65	18	0	0	107	105	65	11	61	40	18	0	26	93	45	26	0	43	0	32	18	0	18	65	0	105	0	0	18	0	26	26	0	0	40	48	81	40	48	0	30	18	28	0	0
54	11	0	0	30	0	0	0	30	0	0	0	18	26	40	30	100	40	0	15	103	30	34	0	11	37	0	0	103	30	60	0	0	0	105	103	60	0	56	30	0	0	11	90	36	11	0	34	0	20	0	0	0	60	0	103	0	0	0	0	11	11	0	0	30	40	78	30	40	0	18	0	15	0	0
0	0	0	0	0	0	0	0	0	0	0	0	0	0	0	0	85	0	0	0	89	0	0	0	0	0	0	0	89	0	0	0	0	0	91	89	0	0	0	0	0	0	0	70	0	0	0	0	0	0	0	0	0	0	0	89	0	0	0	0	0	0	0	0	0	0	48	0	0	0	0	0	0	0	0
66	38	32	15	49	32	4	32	49	32	32	32	41	46	56	49	105	56	0	40	107	49	52	32	38	54	32	28	107	49	71	32	4	4	109	107	71	28	67	49	32	20	38	96	53	38	4	52	4	43	32	20	32	71	0	107	20	20	32	11	38	38	4	18	49	56	85	49	56	20	41	32	40	15	8
0	0	0	0	0	0	0	0	0	0	0	0	0	0	0	0	0	0	0	0	0	0	0	0	0	0	0	0	0	0	0	0	0	0	18	0	0	0	0	0	0	0	0	0	0	0	0	0	0	0	0	0	0	0	0	0	0	0	0	0	0	0	0	0	0	0	0	0	0	0	0	0	0	0	0
60	26	18	0	40	18	0	18	40	18	18	18	30	36	48	40	102	48	0	28	105	40	43	18	26	45	18	11	105	40	65	18	0	0	107	105	65	11	61	40	18	0	26	93	45	26	0	43	0	32	18	0	18	65	0	105	0	0	18	0	26	26	0	0	40	48	81	40	48	0	30	18	28	0	0
60	26	18	0	40	18	0	18	40	18	18	18	30	36	48	40	102	48	0	28	105	40	43	18	26	45	18	11	105	40	65	18	0	0	107	105	65	11	61	40	18	0	26	93	45	26	0	43	0	32	18	0	18	65	0	105	0	0	18	0	26	26	0	0	40	48	81	40	48	0	30	18	28	0	0
54	11	0	0	30	0	0	0	30	0	0	0	18	26	40	30	100	40	0	15	103	30	34	0	11	37	0	0	103	30	60	0	0	0	105	103	60	0	56	30	0	0	11	90	36	11	0	34	0	20	0	0	0	60	0	103	0	0	0	0	11	11	0	0	30	40	78	30	40	0	18	0	15	0	0
63	32	26	4	45	26	0	26	45	26	26	26	36	41	52	45	103	52	0	34	106	45	48	26	32	50	26	20	106	45	68	26	0	0	108	106	68	20	64	45	26	11	32	94	49	32	0	48	0	38	26	11	26	68	0	106	11	11	26	0	32	32	0	8	45	52	83	45	52	11	36	26	34	4	0
51	0	0	0	23	0	0	0	23	0	0	0	8	18	34	23	99	34	0	4	102	23	28	0	0	31	0	0	102	23	56	0	0	0	104	102	56	0	52	23	0	0	0	89	30	0	0	28	0	11	0	0	0	56	0	102	0	0	0	0	0	0	0	0	23	34	76	23	34	0	8	0	4	0	0
51	0	0	0	23	0	0	0	23	0	0	0	8	18	34	23	99	34	0	4	102	23	28	0	0	31	0	0	102	23	56	0	0	0	104	102	56	0	52	23	0	0	0	89	30	0	0	28	0	11	0	0	0	56	0	102	0	0	0	0	0	0	0	0	23	34	76	23	34	0	8	0	4	0	0
65	36	30	11	48	30	0	30	48	30	30	30	40	45	54	48	104	54	0	38	107	48	51	30	36	53	30	26	107	48	70	30	0	0	109	107	70	26	66	48	30	18	36	95	52	36	0	51	0	41	30	18	30	70	0	107	18	18	30	8	36	36	0	15	48	54	85	48	54	18	40	30	38	11	4
61	28	20	0	41	20	0	20	41	20	20	20	32	38	49	41	103	49	0	30	105	41	45	20	28	47	20	15	105	41	66	20	0	0	107	105	66	15	62	41	20	4	28	93	46	28	0	45	0	34	20	4	20	66	0	105	4	4	20	0	28	28	0	0	41	49	82	41	49	4	32	20	30	0	0
40	0	0	0	0	0	0	0	0	0	0	0	0	0	18	0	95	18	0	0	99	0	8	0	0	13	0	0	99	0	48	0	0	0	101	99	47	0	41	0	0	0	0	85	11	0	0	8	0	0	0	0	0	48	0	99	0	0	0	0	0	0	0	0	0	18	70	0	18	0	0	0	0	0	0
30	0	0	0	0	0	0	0	0	0	0	0	0	0	0	0	93	0	0	0	96	0	0	0	0	0	0	0	96	0	40	0	0	0	99	96	39	0	32	0	0	0	0	81	0	0	0	0	0	0	0	0	0	40	0	96	0	0	0	0	0	0	0	0	0	0	65	0	0	0	0	0	0	0	0
0	0	0	0	0	0	0	0	0	0	0	0	0	0	0	0	70	0	0	0	76	0	0	0	0	0	0	0	76	0	0	0	0	0	79	76	0	0	0	0	0	0	0	48	0	0	0	0	0	0	0	0	0	0	0	76	0	0	0	0	0	0	0	0	0	0	0	0	0	0	0	0	0	0	0
40	0	0	0	0	0	0	0	0	0	0	0	0	0	18	0	95	18	0	0	99	0	8	0	0	13	0	0	99	0	48	0	0	0	101	99	47	0	41	0	0	0	0	85	11	0	0	8	0	0	0	0	0	48	0	99	0	0	0	0	0	0	0	0	0	18	70	0	18	0	0	0	0	0	0
30	0	0	0	0	0	0	0	0	0	0	0	0	0	0	0	93	0	0	0	96	0	0	0	0	0	0	0	96	0	40	0	0	0	99	96	39	0	32	0	0	0	0	81	0	0	0	0	0	0	0	0	0	40	0	96	0	0	0	0	0	0	0	0	0	0	65	0	0	0	0	0	0	0	0
60	26	18	0	40	18	0	18	40	18	18	18	30	36	48	40	102	48	0	28	105	40	43	18	26	45	18	11	105	40	65	18	0	0	107	105	65	11	61	40	18	0	26	93	45	26	0	43	0	32	18	0	18	65	0	105	0	0	18	0	26	26	0	0	40	48	81	40	48	0	30	18	28	0	0
48	0	0	0	18	0	0	0	18	0	0	0	0	11	30	18	98	30	0	0	101	18	23	0	0	27	0	0	101	18	54	0	0	0	103	101	54	0	49	18	0	0	0	88	26	0	0	23	0	4	0	0	0	54	0	101	0	0	0	0	0	0	0	0	18	30	74	18	30	0	0	0	0	0	0
54	11	0	0	30	0	0	0	30	0	0	0	18	26	40	30	100	40	0	15	103	30	34	0	11	37	0	0	103	30	60	0	0	0	105	103	60	0	56	30	0	0	11	90	36	11	0	34	0	20	0	0	0	60	0	103	0	0	0	0	11	11	0	0	30	40	78	30	40	0	18	0	15	0	0
49	0	0	0	20	0	0	0	20	0	0	0	4	15	32	20	98	32	0	0	101	20	26	0	0	28	0	0	101	20	56	0	0	0	103	101	55	0	51	20	0	0	0	88	28	0	0	26	0	8	0	0	0	56	0	101	0	0	0	0	0	0	0	0	20	32	75	20	32	0	4	0	0	0	0
62	30	23	0	43	23	0	23	43	23	23	23	34	40	51	43	103	51	0	32	106	43	46	23	30	48	23	18	106	43	67	23	0	0	108	106	67	18	63	43	23	8	30	94	48	30	0	46	0	36	23	8	23	67	0	106	8	8	23	0	30	30	0	4	43	51	83	43	51	8	34	23	32	0	0
64	34	28	8	46	28	0	28	46	28	28	28	38	43	53	46	104	53	0	36	106	46	49	28	34	51	28	23	106	46	69	28	0	0	108	106	69	23	65	46	28	15	34	95	51	34	0	49	0	40	28	15	28	69	0	106	15	15	28	4	34	34	0	11	46	53	84	46	53	15	38	28	36	8	0

0	51	54	62	40	54	65	54	40	54	54	54	48	43	30	40	0	30	67	49	0	40	36	54	51	33	54	56	0	40	0	54	65	65	0	0	0	56	0	40	54	60	51	0	34	51	65	36	65	46	54	60	54	0	66	0	60	60	54	63	51	51	65	61	40	30	0	40	30	60	48	54	49	62	64
0	0	11	30	0	11	36	11	0	11	11	11	0	0	0	0	0	0	40	0	0	0	0	11	0	0	11	18	0	0	0	11	36	36	0	0	0	18	0	0	11	26	0	0	0	0	36	0	36	0	11	26	11	0	38	0	26	26	11	32	0	0	36	28	0	0	0	0	0	26	0	11	0	30	34
0	0	0	23	0	0	30	0	0	0	0	0	0	0	0	0	0	0	34	0	0	0	0	0	0	0	0	8	0	0	0	0	30	30	0	0	0	8	0	0	0	18	0	0	0	0	30	0	30	0	0	18	0	0	32	0	18	18	0	26	0	0	30	20	0	0	0	0	0	18	0	0	0	23	28
0	0	0	0	0	0	11	0	0	0	0	0	0	0	0	0	0	0	18	0	0	0	0	0	0	0	0	0	0	0	0	0	11	11	0	0	0	0	0	0	0	0	0	0	0	0	11	0	11	0	0	0	0	0	15	0	0	0	0	4	0	0	11	0	0	0	0	0	0	0	0	0	0	0	8
0	23	30	43	0	30	48	30	0	30	30	30	18	8	0	0	0	0	51	20	0	0	0	30	23	0	30	34	0	0	0	30	48	48	0	0	0	34	0	0	30	40	23	0	0	23	48	0	48	15	30	40	30	0	49	0	40	40	30	45	23	23	48	41	0	0	0	0	0	40	18	30	20	43	46
0	0	0	23	0	0	30	0	0	0	0	0	0	0	0	0	0	0	34	0	0	0	0	0	0	0	0	8	0	0	0	0	30	30	0	0	0	8	0	0	0	18	0	0	0	0	30	0	30	0	0	18	0	0	32	0	18	18	0	26	0	0	30	20	0	0	0	0	0	18	0	0	0	23	28
0	0	0	0	0	0	0	0	0	0	0	0	0	0	0	0	0	0	8	0	0	0	0	0	0	0	0	0	0	0	0	0	0	0	0	0	0	0	0	0	0	0	0	0	0	0	0	0	0	0	0	0	0	0	4	0	0	0	0	0	0	0	0	0	0	0	0	0	0	0	0	0	0	0	0
0	0	0	23	0	0	30	0	0	0	0	0	0	0	0	0	0	0	34	0	0	0	0	0	0	0	0	8	0	0	0	0	30	30	0	0	0	8	0	0	0	18	0	0	0	0	30	0	30	0	0	18	0	0	32	0	18	18	0	26	0	0	30	20	0	0	0	0	0	18	0	0	0	23	28
0	23	30	43	0	30	48	30	0	30	30	30	18	8	0	0	0	0	51	20	0	0	0	30	23	0	30	34	0	0	0	30	48	48	0	0	0	34	0	0	30	40	23	0	0	23	48	0	48	15	30	40	30	0	49	0	40	40	30	45	23	23	48	41	0	0	0	0	0	40	18	30	20	43	46
0	0	0	23	0	0	30	0	0	0	0	0	0	0	0	0	0	0	34	0	0	0	0	0	0	0	0	8	0	0	0	0	30	30	0	0	0	8	0	0	0	18	0	0	0	0	30	0	30	0	0	18	0	0	32	0	18	18	0	26	0	0	30	20	0	0	0	0	0	18	0	0	0	23	28
0	0	0	23	0	0	30	0	0	0	0	0	0	0	0	0	0	0	34	0	0	0	0	0	0	0	0	8	0	0	0	0	30	30	0	0	0	8	0	0	0	18	0	0	0	0	30	0	30	0	0	18	0	0	32	0	18	18	0	26	0	0	30	20	0	0	0	0	0	18	0	0	0	23	28
0	0	0	23	0	0	30	0	0	0	0	0	0	0	0	0	0	0	34	0	0	0	0	0	0	0	0	8	0	0	0	0	30	30	0	0	0	8	0	0	0	18	0	0	0	0	30	0	30	0	0	18	0	0	32	0	18	18	0	26	0	0	30	20	0	0	0	0	0	18	0	0	0	23	28
0	8	18	34	0	18	40	18	0	18	18	18	0	0	0	0	0	0	43	4	0	0	0	18	8	0	18	23	0	0	0	18	40	40	0	0	0	23	0	0	18	30	8	0	0	8	40	0	40	0	18	30	18	0	41	0	30	30	18	36	8	8	40	32	0	0	0	0	0	30	0	18	4	34	38
0	18	26	40	0	26	45	26	0	26	26	26	11	0	0	0	0	0	48	15	0	0	0	26	18	0	26	30	0	0	0	26	45	45	0	0	0	30	0	0	26	36	18	0	0	18	45	0	45	8	26	36	26	0	46	0	36	36	26	41	18	18	45	38	0	0	0	0	0	36	11	26	15	40	43
0	34	40	51	18	40	54	40	18	40	40	40	30	23	0	18	0	0	56	32	0	18	11	40	34	6	40	43	0	18	0	40	54	54	0	0	0	43	0	18	40	48	34	0	8	34	54	11	54	28	40	48	40	0	56	0	48	48	40	52	34	34	54	49	18	0	0	18	0	48	30	40	32	51	53
0	23	30	43	0	30	48	30	0	30	30	30	18	8	0	0	0	0	51	20	0	0	0	30	23	0	30	34	0	0	0	30	48	48	0	0	0	34	0	0	30	40	23	0	0	23	48	0	48	15	30	40	30	0	49	0	40	40	30	45	23	23	48	41	0	0	0	0	0	40	18	30	20	43	46
88	99	100	103	95	100	104	100	95	100	100	100	98	96	93	95	0	93	105	98	0	95	94	100	99	94	100	101	0	95	85	100	104	104	0	0	85	101	87	95	100	102	99	48	94	99	104	94	104	97	100	102	100	85	105	0	102	102	100	103	99	99	104	103	95	93	70	95	93	102	98	100	98	103	104
0	34	40	51	18	40	54	40	18	40	40	40	30	23	0	18	0	0	56	32	0	18	11	40	34	6	40	43	0	18	0	40	54	54	0	0	0	43	0	18	40	48	34	0	8	34	54	11	54	28	40	48	40	0	56	0	48	48	40	52	34	34	54	49	18	0	0	18	0	48	30	40	32	51	53
0	0	0	0	0	0	0	0	0	0	0	0	0	0	0	0	0	0	0	0	0	0	0	0	0	0	0	0	0	0	0	0	0	0	0	0	0	0	0	0	0	0	0	0	0	0	0	0	0	0	0	0	0	0	0	0	0	0	0	0	0	0	0	0	0	0	0	0	0	0	0	0	0	0	0
0	4	15	32	0	15	38	15	0	15	15	15	0	0	0	0	0	0	41	0	0	0	0	15	4	0	15	20	0	0	0	15	38	38	0	0	0	20	0	0	15	28	4	0	0	4	38	0	38	0	15	28	15	0	40	0	28	28	15	34	4	4	38	30	0	0	0	0	0	28	0	15	0	32	36
91	102	103	106	99	103	107	103	99	103	103	103	101	100	96	99	23	96	108	101	0	99	98	103	102	97	103	104	0	99	89	103	107	107	0	0	89	104	91	99	103	105	102	56	97	102	107	98	107	100	103	105	103	89	107	0	105	105	103	106	102	102	107	105	99	96	76	99	96	105	101	103	101	106	106
0	23	30	43	0	30	48	30	0	30	30	30	18	8	0	0	0	0	51	20	0	0	0	30	23	0	30	34	0	0	0	30	48	48	0	0	0	34	0	0	30	40	23	0	0	23	48	0	48	15	30	40	30	0	49	0	40	40	30	45	23	23	48	41	0	0	0	0	0	40	18	30	20	43	46
0	28	34	46	8	34	51	34	8	34	34	34	23	15	0	8	0	0	53	26	0	8	0	34	28	0	34	38	0	8	0	34	51	51	0	0	0	38	0	8	34	43	28	0	0	28	51	0	51	20	34	43	34	0	52	0	43	43	34	48	28	28	51	45	8	0	0	8	0	43	23	34	26	46	49
0	0	0	23	0	0	30	0	0	0	0	0	0	0	0	0	0	0	34	0	0	0	0	0	0	0	0	8	0	0	0	0	30	30	0	0	0	8	0	0	0	18	0	0	0	0	30	0	30	0	0	18	0	0	32	0	18	18	0	26	0	0	30	20	0	0	0	0	0	18	0	0	0	23	28
0	0	11	30	0	11	36	11	0	11	11	11	0	0	0	0	0	0	40	0	0	0	0	11	0	0	11	18	0	0	0	11	36	36	0	0	0	18	0	0	11	26	0	0	0	0	36	0	36	0	11	26	11	0	38	0	26	26	11	32	0	0	36	28	0	0	0	0	0	26	0	11	0	30	34
0	31	37	48	13	37	53	37	13	37	37	37	27	19	0	13	0	0	55	28	0	13	6	37	31	0	37	41	0	13	0	37	53	53	0	0	0	41	0	13	37	45	31	0	2	31	53	6	53	24	37	45	37	0	54	0	45	45	37	50	31	31	53	47	13	0	0	13	0	45	27	37	28	48	51
0	0	0	23	0	0	30	0	0	0	0	0	0	0	0	0	0	0	34	0	0	0	0	0	0	0	0	8	0	0	0	0	30	30	0	0	0	8	0	0	0	18	0	0	0	0	30	0	30	0	0	18	0	0	32	0	18	18	0	26	0	0	30	20	0	0	0	0	0	18	0	0	0	23	28
0	0	0	18	0	0	26	0	0	0	0	0	0	0	0	0	0	0	30	0	0	0	0	0	0	0	0	0	0	0	0	0	26	26	0	0	0	0	0	0	0	11	0	0	0	0	26	0	26	0	0	11	0	0	28	0	11	11	0	20	0	0	26	15	0	0	0	0	0	11	0	0	0	18	23
91	102	103	106	99	103	107	103	99	103	103	103	101	100	96	99	23	96	108	101	0	99	98	103	102	97	103	104	0	99	89	103	107	107	0	0	89	104	91	99	103	105	102	56	97	102	107	98	107	100	103	105	103	89	107	0	105	105	103	106	102	102	107	105	99	96	76	99	96	105	101	103	101	106	106
0	23	30	43	0	30	48	30	0	30	30	30	18	8	0	0	0	0	51	20	0	0	0	30	23	0	30	34	0	0	0	30	48	48	0	0	0	34	0	0	30	40	23	0	0	23	48	0	48	15	30	40	30	0	49	0	40	40	30	45	23	23	48	41	0	0	0	0	0	40	18	30	20	43	46
18	56	60	67	48	60	70	60	48	60	60	60	54	51	40	48	0	40	72	56	0	48	45	60	56	42	60	62	0	48	0	60	70	70	0	0	1	62	15	48	60	65	56	0	43	56	70	45	70	53	60	65	60	0	71	0	65	65	60	68	56	56	70	66	48	40	0	48	40	65	54	60	56	67	69
0	0	0	23	0	0	30	0	0	0	0	0	0	0	0	0	0	0	34	0	0	0	0	0	0	0	0	8	0	0	0	0	30	30	0	0	0	8	0	0	0	18	0	0	0	0	30	0	30	0	0	18	0	0	32	0	18	18	0	26	0	0	30	20	0	0	0	0	0	18	0	0	0	23	28
0	0	0	0	0	0	0	0	0	0	0	0	0	0	0	0	0	0	8	0	0	0	0	0	0	0	0	0	0	0	0	0	0	0	0	0	0	0	0	0	0	0	0	0	0	0	0	0	0	0	0	0	0	0	4	0	0	0	0	0	0	0	0	0	0	0	0	0	0	0	0	0	0	0	0
0	0	0	0	0	0	0	0	0	0	0	0	0	0	0	0	0	0	8	0	0	0	0	0	0	0	0	0	0	0	0	0	0	0	0	0	0	0	0	0	0	0	0	0	0	0	0	0	0	0	0	0	0	0	4	0	0	0	0	0	0	0	0	0	0	0	0	0	0	0	0	0	0	0	0
94	104	105	108	101	105	109	105	101	105	105	105	103	102	99	101	34	99	109	103	18	101	100	105	104	99	105	106	18	101	91	105	109	109	0	18	92	106	93	101	105	107	104	62	100	104	109	100	109	103	105	107	105	91	109	18	107	107	105	108	104	104	109	107	101	99	79	101	99	107	103	105	103	108	108
91	102	103	106	99	103	107	103	99	103	103	103	101	100	96	99	23	96	108	101	0	99	98	103	102	97	103	104	0	99	89	103	107	107	0	0	89	104	91	99	103	105	102	56	97	102	107	98	107	100	103	105	103	89	107	0	105	105	103	106	102	102	107	105	99	96	76	99	96	105	101	103	101	106	106
17	56	60	67	47	60	70	60	47	60	60	60	54	50	39	47	0	39	71	55	0	47	44	60	56	42	60	62	0	47	0	60	70	70	0	0	0	62	14	47	60	65	56	0	43	56	70	44	70	53	60	65	60	0	71	0	65	65	60	68	56	56	70	66	47	39	0	47	39	65	54	60	55	67	69
0	0	0	18	0	0	26	0	0	0	0	0	0	0	0	0	0	0	30	0	0	0	0	0	0	0	0	0	0	0	0	0	26	26	0	0	0	0	0	0	0	11	0	0	0	0	26	0	26	0	0	11	0	0	28	0	11	11	0	20	0	0	26	15	0	0	0	0	0	11	0	0	0	18	23
4	52	56	63	41	56	66	56	41	56	56	56	49	45	32	41	0	32	68	51	0	41	38	56	52	35	56	57	0	41	0	56	66	66	0	0	0	57	0	41	56	61	52	0	36	52	66	38	66	48	56	61	56	0	67	0	61	61	56	64	52	52	66	62	41	32	0	41	32	61	49	56	51	63	65
0	23	30	43	0	30	48	30	0	30	30	30	18	8	0	0	0	0	51	20	0	0	0	30	23	0	30	34	0	0	0	30	48	48	0	0	0	34	0	0	30	40	23	0	0	23	48	0	48	15	30	40	30	0	49	0	40	40	30	45	23	23	48	41	0	0	0	0	0	40	18	30	20	43	46
0	0	0	23	0	0	30	0	0	0	0	0	0	0	0	0	0	0	34	0	0	0	0	0	0	0	0	8	0	0	0	0	30	30	0	0	0	8	0	0	0	18	0	0	0	0	30	0	30	0	0	18	0	0	32	0	18	18	0	26	0	0	30	20	0	0	0	0	0	18	0	0	0	23	28
0	0	0	8	0	0	18	0	0	0	0	0	0	0	0	0	0	0	23	0	0	0	0	0	0	0	0	0	0	0	0	0	18	18	0	0	0	0	0	0	0	0	0	0	0	0	18	0	18	0	0	0	0	0	20	0	0	0	0	11	0	0	18	4	0	0	0	0	0	0	0	0	0	8	15
0	0	11	30	0	11	36	11	0	11	11	11	0	0	0	0	0	0	40	0	0	0	0	11	0	0	11	18	0	0	0	11	36	36	0	0	0	18	0	0	11	26	0	0	0	0	36	0	36	0	11	26	11	0	38	0	26	26	11	32	0	0	36	28	0	0	0	0	0	26	0	11	0	30	34
74	89	90	94	85	90	95	90	85	90	90	90	88	86	81	85	0	81	96	88	0	85	83	90	89	82	90	91	0	85	70	90	95	95	0	0	70	91	73	85	90	93	89	0	83	89	95	83	95	87	90	93	90	70	96	0	93	93	90	94	89	89	95	93	85	81	48	85	81	93	88	90	88	94	95
0	30	36	48	11	36	52	36	11	36	36	36	26	18	0	11	0	0	54	28	0	11	4	36	30	0	36	40	0	11	0	36	52	52	0	0	0	40	0	11	36	45	30	0	0	30	52	4	52	23	36	45	36	0	53	0	45	45	36	49	30	30	52	46	11	0	0	11	0	45	26	36	28	48	51
0	0	11	30	0	11	36	11	0	11	11	11	0	0	0	0	0	0	40	0	0	0	0	11	0	0	11	18	0	0	0	11	36	36	0	0	0	18	0	0	11	26	0	0	0	0	36	0	36	0	11	26	11	0	38	0	26	26	11	32	0	0	36	28	0	0	0	0	0	26	0	11	0	30	34
0	0	0	0	0	0	0	0	0	0	0	0	0	0	0	0	0	0	8	0	0	0	0	0	0	0	0	0	0	0	0	0	0	0	0	0	0	0	0	0	0	0	0	0	0	0	0	0	0	0	0	0	0	0	4	0	0	0	0	0	0	0	0	0	0	0	0	0	0	0	0	0	0	0	0
0	28	34	46	8	34	51	34	8	34	34	34	23	15	0	8	0	0	53	26	0	8	0	34	28	0	34	38	0	8	0	34	51	51	0	0	0	38	0	8	34	43	28	0	0	28	51	0	51	20	34	43	34	0	52	0	43	43	34	48	28	28	51	45	8	0	0	8	0	43	23	34	26	46	49
0	0	0	0	0	0	0	0	0	0	0	0	0	0	0	0	0	0	8	0	0	0	0	0	0	0	0	0	0	0	0	0	0	0	0	0	0	0	0	0	0	0	0	0	0	0	0	0	0	0	0	0	0	0	4	0	0	0	0	0	0	0	0	0	0	0	0	0	0	0	0	0	0	0	0
0	11	20	36	0	20	41	20	0	20	20	20	4	0	0	0	0	0	45	8	0	0	0	20	11	0	20	26	0	0	0	20	41	41	0	0	0	26	0	0	20	32	11	0	0	11	41	0	41	0	20	32	20	0	43	0	32	32	20	38	11	11	41	34	0	0	0	0	0	32	4	20	8	36	40
0	0	0	23	0	0	30	0	0	0	0	0	0	0	0	0	0	0	34	0	0	0	0	0	0	0	0	8	0	0	0	0	30	30	0	0	0	8	0	0	0	18	0	0	0	0	30	0	30	0	0	18	0	0	32	0	18	18	0	26	0	0	30	20	0	0	0	0	0	18	0	0	0	23	28
0	0	0	8	0	0	18	0	0	0	0	0	0	0	0	0	0	0	23	0	0	0	0	0	0	0	0	0	0	0	0	0	18	18	0	0	0	0	0	0	0	0	0	0	0	0	18	0	18	0	0	0	0	0	20	0	0	0	0	11	0	0	18	4	0	0	0	0	0	0	0	0	0	8	15
0	0	0	23	0	0	30	0	0	0	0	0	0	0	0	0	0	0	34	0	0	0	0	0	0	0	0	8	0	0	0	0	30	30	0	0	0	8	0	0	0	18	0	0	0	0	30	0	30	0	0	18	0	0	32	0	18	18	0	26	0	0	30	20	0	0	0	0	0	18	0	0	0	23	28
18	56	60	67	48	60	70	60	48	60	60	60	54	51	40	48	0	40	72	56	0	48	45	60	56	42	60	62	0	48	0	60	70	70	0	0	1	62	15	48	60	65	56	0	43	56	70	45	70	53	60	65	60	0	71	0	65	65	60	68	56	56	70	66	48	40	0	48	40	65	54	60	56	67	69
0	0	0	0	0	0	0	0	0	0	0	0	0	0	0	0	0	0	4	0	0	0	0	0	0	0	0	0	0	0	0	0	0	0	0	0	0	0	0	0	0	0	0	0	0	0	0	0	0	0	0	0	0	0	0	0	0	0	0	0	0	0	0	0	0	0	0	0	0	0	0	0	0	0	0
91	102	103	106	99	103	107	103	99	103	103	103	101	100	96	99	23	96	108	101	0	99	98	103	102	97	103	104	0	99	89	103	107	107	0	0	89	104	91	99	103	105	102	56	97	102	107	98	107	100	103	105	103	89	107	0	105	105	103	106	102	102	107	105	99	96	76	99	96	105	101	103	101	106	106
0	0	0	8	0	0	18	0	0	0	0	0	0	0	0	0	0	0	23	0	0	0	0	0	0	0	0	0	0	0	0	0	18	18	0	0	0	0	0	0	0	0	0	0	0	0	18	0	18	0	0	0	0	0	20	0	0	0	0	11	0	0	18	4	0	0	0	0	0	0	0	0	0	8	15
0	0	0	8	0	0	18	0	0	0	0	0	0	0	0	0	0	0	23	0	0	0	0	0	0	0	0	0	0	0	0	0	18	18	0	0	0	0	0	0	0	0	0	0	0	0	18	0	18	0	0	0	0	0	20	0	0	0	0	11	0	0	18	4	0	0	0	0	0	0	0	0	0	8	15
0	0	0	23	0	0	30	0	0	0	0	0	0	0	0	0	0	0	34	0	0	0	0	0	0	0	0	8	0	0	0	0	30	30	0	0	0	8	0	0	0	18	0	0	0	0	30	0	30	0	0	18	0	0	32	0	18	18	0	26	0	0	30	20	0	0	0	0	0	18	0	0	0	23	28
0	0	0	0	0	0	8	0	0	0	0	0	0	0	0	0	0	0	15	0	0	0	0	0	0	0	0	0	0	0	0	0	8	8	0	0	0	0	0	0	0	0	0	0	0	0	8	0	8	0	0	0	0	0	11	0	0	0	0	0	0	0	8	0	0	0	0	0	0	0	0	0	0	0	4
0	0	11	30	0	11	36	11	0	11	11	11	0	0	0	0	0	0	40	0	0	0	0	11	0	0	11	18	0	0	0	11	36	36	0	0	0	18	0	0	11	26	0	0	0	0	36	0	36	0	11	26	11	0	38	0	26	26	11	32	0	0	36	28	0	0	0	0	0	26	0	11	0	30	34
0	0	11	30	0	11	36	11	0	11	11	11	0	0	0	0	0	0	40	0	0	0	0	11	0	0	11	18	0	0	0	11	36	36	0	0	0	18	0	0	11	26	0	0	0	0	36	0	36	0	11	26	11	0	38	0	26	26	11	32	0	0	36	28	0	0	0	0	0	26	0	11	0	30	34
0	0	0	0	0	0	0	0	0	0	0	0	0	0	0	0	0	0	8	0	0	0	0	0	0	0	0	0	0	0	0	0	0	0	0	0	0	0	0	0	0	0	0	0	0	0	0	0	0	0	0	0	0	0	4	0	0	0	0	0	0	0	0	0	0	0	0	0	0	0	0	0	0	0	0
0	0	0	4	0	0	15	0	0	0	0	0	0	0	0	0	0	0	20	0	0	0	0	0	0	0	0	0	0	0	0	0	15	15	0	0	0	0	0	0	0	0	0	0	0	0	15	0	15	0	0	0	0	0	18	0	0	0	0	8	0	0	15	0	0	0	0	0	0	0	0	0	0	4	11
0	23	30	43	0	30	48	30	0	30	30	30	18	8	0	0	0	0	51	20	0	0	0	30	23	0	30	34	0	0	0	30	48	48	0	0	0	34	0	0	30	40	23	0	0	23	48	0	48	15	30	40	30	0	49	0	40	40	30	45	23	23	48	41	0	0	0	0	0	40	18	30	20	43	46
0	34	40	51	18	40	54	40	18	40	40	40	30	23	0	18	0	0	56	32	0	18	11	40	34	6	40	43	0	18	0	40	54	54	0	0	0	43	0	18	40	48	34	0	8	34	54	11	54	28	40	48	40	0	56	0	48	48	40	52	34	34	54	49	18	0	0	18	0	48	30	40	32	51	53
54	76	78	83	70	78	85	78	70	78	78	78	74	72	65	70	0	65	86	75	0	70	68	78	76	67	78	79	0	70	48	78	85	85	0	0	48	79	53	70	78	81	76	0	67	76	85	68	85	73	78	81	78	48	85	0	81	81	78	83	76	76	85	82	70	65	0	70	65	81	74	78	75	83	84
0	23	30	43	0	30	48	30	0	30	30	30	18	8	0	0	0	0	51	20	0	0	0	30	23	0	30	34	0	0	0	30	48	48	0	0	0	34	0	0	30	40	23	0	0	23	48	0	48	15	30	40	30	0	49	0	40	40	30	45	23	23	48	41	0	0	0	0	0	40	18	30	20	43	46
0	34	40	51	18	40	54	40	18	40	40	40	30	23	0	18	0	0	56	32	0	18	11	40	34	6	40	43	0	18	0	40	54	54	0	0	0	43	0	18	40	48	34	0	8	34	54	11	54	28	40	48	40	0	56	0	48	48	40	52	34	34	54	49	18	0	0	18	0	48	30	40	32	51	53
0	0	0	8	0	0	18	0	0	0	0	0	0	0	0	0	0	0	23	0	0	0	0	0	0	0	0	0	0	0	0	0	18	18	0	0	0	0	0	0	0	0	0	0	0	0	18	0	18	0	0	0	0	0	20	0	0	0	0	11	0	0	18	4	0	0	0	0	0	0	0	0	0	8	15
0	8	18	34	0	18	40	18	0	18	18	18	0	0	0	0	0	0	43	4	0	0	0	18	8	0	18	23	0	0	0	18	40	40	0	0	0	23	0	0	18	30	8	0	0	8	40	0	40	0	18	30	18	0	41	0	30	30	18	36	8	8	40	32	0	0	0	0	0	30	0	18	4	34	38
0	0	0	23	0	0	30	0	0	0	0	0	0	0	0	0	0	0	34	0	0	0	0	0	0	0	0	8	0	0	0	0	30	30	0	0	0	8	0	0	0	18	0	0	0	0	30	0	30	0	0	18	0	0	32	0	18	18	0	26	0	0	30	20	0	0	0	0	0	18	0	0	0	23	28
0	4	15	32	0	15	38	15	0	15	15	15	0	0	0	0	0	0	41	0	0	0	0	15	4	0	15	20	0	0	0	15	38	38	0	0	0	20	0	0	15	28	4	0	0	4	38	0	38	0	15	28	15	0	40	0	28	28	15	34	4	4	38	30	0	0	0	0	0	28	0	15	0	32	36
0	0	0	0	0	0	11	0	0	0	0	0	0	0	0	0	0	0	18	0	0	0	0	0	0	0	0	0	0	0	0	0	11	11	0	0	0	0	0	0	0	0	0	0	0	0	11	0	11	0	0	0	0	0	15	0	0	0	0	4	0	0	11	0	0	0	0	0	0	0	0	0	0	0	8
0	0	0	0	0	0	4	0	0	0	0	0	0	0	0	0	0	0	11	0	0	0	0	0	0	0	0	0	0	0	0	0	4	4	0	0	0	0	0	0	0	0	0	0	0	0	4	0	4	0	0	0	0	0	8	0	0	0	0	0	0	0	4	0	0	0	0	0	0	0	0	0	0	0	0