1631 1621 1668 1678 1617 1509 1329 1679 1675 1671 1642 1684 1422 1510 1675 1662 1629 1639 1422 1660 1632 1422 1642 1585 1669 1649 1636 1629 1660 1417 1564 1422 1680 1531 1612 1675 1330 1662 1632 1659 1344 1655 1685 1633 1686 1657 1669 1649 1611 1681 1464 1454 1641 1331 1344 1501 1331 1628 1374 1641 1642 1637 1681 1427 1671 1607 1660 1646 1672 1587 1685 1393 1649 1678 1371

72

2875 2911 2736 2695 2926 3337 4017 2691 2706 2722 2833 2672 3667 3332 2707 2757 2883 2844 3665 2765 2870 3665 2832 3048 2732 2804 2854 2881 2765 3684 3127 3665 2689 3253 2948 2708 4014 2756 2871 2770 3961 2784 2668 2865 2664 2777 2732 2805 2948 2686 3507 3546 2837 4012 3962 3365 4012 2884 3847 2837 2834 2850 2686 3647 2721 2965 2765 2818 2718 3040 2668 3776 2806 2696 3859

24.000836111809825 16.000875693840115 13.999679314576968 45.99929111077511

28845.0

0	0	0	0	0	12200	27600	0	0	0	0	0	0	0	0	0	0	0	0	0	0	0	0	0	0	0	0	0	0	20800	0	0	0	0	0	0	27600	0	0	0	0	0	0	0	0	0	0	0	0	0	16700	17600	0	27600	0	0	27600	0	24300	0	0	0	0	20000	0	0	0	0	0	4300	0	22600	0	0	24600
38300	0	32000	13600	0	50500	65900	14700	11900	30900	36900	22600	0	0	10600	33400	800	37600	0	5900	38300	0	37100	0	8400	3900	37900	900	5900	59100	0	0	12900	0	0	10500	65900	6800	38300	6000	0	5000	22400	1700	23200	34400	31900	4200	0	27200	55000	55900	37400	65900	0	0	65900	900	62600	37400	37200	2400	26900	58300	30900	0	33800	36500	29400	42600	23000	60900	4400	20900	62900
6300	0	0	0	0	18500	33900	0	0	0	4900	0	0	0	0	1400	0	5600	0	0	6300	0	5100	0	0	0	5900	0	0	27100	0	0	0	0	0	0	33900	0	6300	0	0	0	0	0	0	2400	0	0	0	0	23000	23900	5400	33900	0	0	33900	0	30600	5400	5200	0	0	26300	0	0	1800	4500	0	10600	0	28900	0	0	30900
24700	0	18400	0	0	36900	52300	1100	0	17300	23300	9000	0	0	0	19800	0	24000	0	0	24700	0	23500	0	0	0	24300	0	0	45500	0	0	0	0	0	0	52300	0	24700	0	0	0	8800	0	9600	20800	18300	0	0	13600	41400	42300	23800	52300	0	0	52300	0	49000	23800	23600	0	13300	44700	17300	0	20200	22900	15800	29000	9400	47300	0	7300	49300
38800	500	32500	14100	0	51000	66400	15200	12400	31400	37400	23100	0	0	11100	33900	1300	38100	0	6400	38800	0	37600	0	8900	4400	38400	1400	6400	59600	0	0	13400	0	0	11000	66400	7300	38800	6500	0	5500	22900	2200	23700	34900	32400	4700	0	27700	55500	56400	37900	66400	0	0	66400	1400	63100	37900	37700	2900	27400	58800	31400	0	34300	37000	29900	43100	23500	61400	4900	21400	63400
0	0	0	0	0	0	15400	0	0	0	0	0	0	0	0	0	0	0	0	0	0	0	0	0	0	0	0	0	0	8600	0	0	0	0	0	0	15400	0	0	0	0	0	0	0	0	0	0	0	0	0	4500	5400	0	15400	0	0	15400	0	12100	0	0	0	0	7800	0	0	0	0	0	0	0	10400	0	0	12400
0	0	0	0	0	0	0	0	0	0	0	0	0	0	0	0	0	0	0	0	0	0	0	0	0	0	0	0	0	0	0	0	0	0	0	0	0	0	0	0	0	0	0	0	0	0	0	0	0	0	0	0	0	0	0	0	0	0	0	0	0	0	0	0	0	0	0	0	0	0	0	0	0	0	0
23600	0	17300	0	0	35800	51200	0	0	16200	22200	7900	0	0	0	18700	0	22900	0	0	23600	0	22400	0	0	0	23200	0	0	44400	0	0	0	0	0	0	51200	0	23600	0	0	0	7700	0	8500	19700	17200	0	0	12500	40300	41200	22700	51200	0	0	51200	0	47900	22700	22500	0	12200	43600	16200	0	19100	21800	14700	27900	8300	46200	0	6200	48200
26400	0	20100	1700	0	38600	54000	2800	0	19000	25000	10700	0	0	0	21500	0	25700	0	0	26400	0	25200	0	0	0	26000	0	0	47200	0	0	1000	0	0	0	54000	0	26400	0	0	0	10500	0	11300	22500	20000	0	0	15300	43100	44000	25500	54000	0	0	54000	0	50700	25500	25300	0	15000	46400	19000	0	21900	24600	17500	30700	11100	49000	0	9000	51000
7400	0	1100	0	0	19600	35000	0	0	0	6000	0	0	0	0	2500	0	6700	0	0	7400	0	6200	0	0	0	7000	0	0	28200	0	0	0	0	0	0	35000	0	7400	0	0	0	0	0	0	3500	1000	0	0	0	24100	25000	6500	35000	0	0	35000	0	31700	6500	6300	0	0	27400	0	0	2900	5600	0	11700	0	30000	0	0	32000
1400	0	0	0	0	13600	29000	0	0	0	0	0	0	0	0	0	0	700	0	0	1400	0	200	0	0	0	1000	0	0	22200	0	0	0	0	0	0	29000	0	1400	0	0	0	0	0	0	0	0	0	0	0	18100	19000	500	29000	0	0	29000	0	25700	500	300	0	0	21400	0	0	0	0	0	5700	0	24000	0	0	26000
15700	0	9400	0	0	27900	43300	0	0	8300	14300	0	0	0	0	10800	0	15000	0	0	15700	0	14500	0	0	0	15300	0	0	36500	0	0	0	0	0	0	43300	0	15700	0	0	0	0	0	600	11800	9300	0	0	4600	32400	33300	14800	43300	0	0	43300	0	40000	14800	14600	0	4300	35700	8300	0	11200	13900	6800	20000	400	38300	0	0	40300
55600	17300	49300	30900	16800	67800	83200	32000	29200	48200	54200	39900	0	7000	27900	50700	18100	54900	0	23200	55600	0	54400	13700	25700	21200	55200	18200	23200	76400	11800	0	30200	8900	16200	27800	83200	24100	55600	23300	0	22300	39700	19000	40500	51700	49200	21500	16200	44500	72300	73200	54700	83200	0	6400	83200	18200	79900	54700	54500	19700	44200	75600	48200	15900	51100	53800	46700	59900	40300	78200	21700	38200	80200
48600	10300	42300	23900	9800	60800	76200	25000	22200	41200	47200	32900	0	0	20900	43700	11100	47900	0	16200	48600	0	47400	6700	18700	14200	48200	11200	16200	69400	4800	0	23200	1900	9200	20800	76200	17100	48600	16300	0	15300	32700	12000	33500	44700	42200	14500	9200	37500	65300	66200	47700	76200	0	0	76200	11200	72900	47700	47500	12700	37200	68600	41200	8900	44100	46800	39700	52900	33300	71200	14700	31200	73200
27700	0	21400	3000	0	39900	55300	4100	1300	20300	26300	12000	0	0	0	22800	0	27000	0	0	27700	0	26500	0	0	0	27300	0	0	48500	0	0	2300	0	0	0	55300	0	27700	0	0	0	11800	0	12600	23800	21300	0	0	16600	44400	45300	26800	55300	0	0	55300	0	52000	26800	26600	0	16300	47700	20300	0	23200	25900	18800	32000	12400	50300	0	10300	52300
4900	0	0	0	0	17100	32500	0	0	0	3500	0	0	0	0	0	0	4200	0	0	4900	0	3700	0	0	0	4500	0	0	25700	0	0	0	0	0	0	32500	0	4900	0	0	0	0	0	0	1000	0	0	0	0	21600	22500	4000	32500	0	0	32500	0	29200	4000	3800	0	0	24900	0	0	400	3100	0	9200	0	27500	0	0	29500
37500	0	31200	12800	0	49700	65100	13900	11100	30100	36100	21800	0	0	9800	32600	0	36800	0	5100	37500	0	36300	0	7600	3100	37100	100	5100	58300	0	0	12100	0	0	9700	65100	6000	37500	5200	0	4200	21600	900	22400	33600	31100	3400	0	26400	54200	55100	36600	65100	0	0	65100	100	61800	36600	36400	1600	26100	57500	30100	0	33000	35700	28600	41800	22200	60100	3600	20100	62100
700	0	0	0	0	12900	28300	0	0	0	0	0	0	0	0	0	0	0	0	0	700	0	0	0	0	0	300	0	0	21500	0	0	0	0	0	0	28300	0	700	0	0	0	0	0	0	0	0	0	0	0	17400	18300	0	28300	0	0	28300	0	25000	0	0	0	0	20700	0	0	0	0	0	5000	0	23300	0	0	25300
55600	17300	49300	30900	16800	67800	83200	32000	29200	48200	54200	39900	0	7000	27900	50700	18100	54900	0	23200	55600	0	54400	13700	25700	21200	55200	18200	23200	76400	11800	0	30200	8900	16200	27800	83200	24100	55600	23300	0	22300	39700	19000	40500	51700	49200	21500	16200	44500	72300	73200	54700	83200	0	6400	83200	18200	79900	54700	54500	19700	44200	75600	48200	15900	51100	53800	46700	59900	40300	78200	21700	38200	80200
32400	0	26100	7700	0	44600	60000	8800	6000	25000	31000	16700	0	0	4700	27500	0	31700	0	0	32400	0	31200	0	2500	0	32000	0	0	53200	0	0	7000	0	0	4600	60000	900	32400	100	0	0	16500	0	17300	28500	26000	0	0	21300	49100	50000	31500	60000	0	0	60000	0	56700	31500	31300	0	21000	52400	25000	0	27900	30600	23500	36700	17100	55000	0	15000	57000
0	0	0	0	0	12200	27600	0	0	0	0	0	0	0	0	0	0	0	0	0	0	0	0	0	0	0	0	0	0	20800	0	0	0	0	0	0	27600	0	0	0	0	0	0	0	0	0	0	0	0	0	16700	17600	0	27600	0	0	27600	0	24300	0	0	0	0	20000	0	0	0	0	0	4300	0	22600	0	0	24600
55600	17300	49300	30900	16800	67800	83200	32000	29200	48200	54200	39900	0	7000	27900	50700	18100	54900	0	23200	55600	0	54400	13700	25700	21200	55200	18200	23200	76400	11800	0	30200	8900	16200	27800	83200	24100	55600	23300	0	22300	39700	19000	40500	51700	49200	21500	16200	44500	72300	73200	54700	83200	0	6400	83200	18200	79900	54700	54500	19700	44200	75600	48200	15900	51100	53800	46700	59900	40300	78200	21700	38200	80200
1200	0	0	0	0	13400	28800	0	0	0	0	0	0	0	0	0	0	500	0	0	1200	0	0	0	0	0	800	0	0	22000	0	0	0	0	0	0	28800	0	1200	0	0	0	0	0	0	0	0	0	0	0	17900	18800	300	28800	0	0	28800	0	25500	300	100	0	0	21200	0	0	0	0	0	5500	0	23800	0	0	25800
41900	3600	35600	17200	3100	54100	69500	18300	15500	34500	40500	26200	0	0	14200	37000	4400	41200	0	9500	41900	0	40700	0	12000	7500	41500	4500	9500	62700	0	0	16500	0	2500	14100	69500	10400	41900	9600	0	8600	26000	5300	26800	38000	35500	7800	2500	30800	58600	59500	41000	69500	0	0	69500	4500	66200	41000	40800	6000	30500	61900	34500	2200	37400	40100	33000	46200	26600	64500	8000	24500	66500
29900	0	23600	5200	0	42100	57500	6300	3500	22500	28500	14200	0	0	2200	25000	0	29200	0	0	29900	0	28700	0	0	0	29500	0	0	50700	0	0	4500	0	0	2100	57500	0	29900	0	0	0	14000	0	14800	26000	23500	0	0	18800	46600	47500	29000	57500	0	0	57500	0	54200	29000	28800	0	18500	49900	22500	0	25400	28100	21000	34200	14600	52500	0	12500	54500
34400	0	28100	9700	0	46600	62000	10800	8000	27000	33000	18700	0	0	6700	29500	0	33700	0	2000	34400	0	33200	0	4500	0	34000	0	2000	55200	0	0	9000	0	0	6600	62000	2900	34400	2100	0	1100	18500	0	19300	30500	28000	300	0	23300	51100	52000	33500	62000	0	0	62000	0	58700	33500	33300	0	23000	54400	27000	0	29900	32600	25500	38700	19100	57000	500	17000	59000
400	0	0	0	0	12600	28000	0	0	0	0	0	0	0	0	0	0	0	0	0	400	0	0	0	0	0	0	0	0	21200	0	0	0	0	0	0	28000	0	400	0	0	0	0	0	0	0	0	0	0	0	17100	18000	0	28000	0	0	28000	0	24700	0	0	0	0	20400	0	0	0	0	0	4700	0	23000	0	0	25000
37400	0	31100	12700	0	49600	65000	13800	11000	30000	36000	21700	0	0	9700	32500	0	36700	0	5000	37400	0	36200	0	7500	3000	37000	0	5000	58200	0	0	12000	0	0	9600	65000	5900	37400	5100	0	4100	21500	800	22300	33500	31000	3300	0	26300	54100	55000	36500	65000	0	0	65000	0	61700	36500	36300	1500	26000	57400	30000	0	32900	35600	28500	41700	22100	60000	3500	20000	62000
32400	0	26100	7700	0	44600	60000	8800	6000	25000	31000	16700	0	0	4700	27500	0	31700	0	0	32400	0	31200	0	2500	0	32000	0	0	53200	0	0	7000	0	0	4600	60000	900	32400	100	0	0	16500	0	17300	28500	26000	0	0	21300	49100	50000	31500	60000	0	0	60000	0	56700	31500	31300	0	21000	52400	25000	0	27900	30600	23500	36700	17100	55000	0	15000	57000
0	0	0	0	0	0	6800	0	0	0	0	0	0	0	0	0	0	0	0	0	0	0	0	0	0	0	0	0	0	0	0	0	0	0	0	0	6800	0	0	0	0	0	0	0	0	0	0	0	0	0	0	0	0	6800	0	0	6800	0	3500	0	0	0	0	0	0	0	0	0	0	0	0	1800	0	0	3800
43800	5500	37500	19100	5000	56000	71400	20200	17400	36400	42400	28100	0	0	16100	38900	6300	43100	0	11400	43800	0	42600	1900	13900	9400	43400	6400	11400	64600	0	0	18400	0	4400	16000	71400	12300	43800	11500	0	10500	27900	7200	28700	39900	37400	9700	4400	32700	60500	61400	42900	71400	0	0	71400	6400	68100	42900	42700	7900	32400	63800	36400	4100	39300	42000	34900	48100	28500	66400	9900	26400	68400
55600	17300	49300	30900	16800	67800	83200	32000	29200	48200	54200	39900	0	7000	27900	50700	18100	54900	0	23200	55600	0	54400	13700	25700	21200	55200	18200	23200	76400	11800	0	30200	8900	16200	27800	83200	24100	55600	23300	0	22300	39700	19000	40500	51700	49200	21500	16200	44500	72300	73200	54700	83200	0	6400	83200	18200	79900	54700	54500	19700	44200	75600	48200	15900	51100	53800	46700	59900	40300	78200	21700	38200	80200
25400	0	19100	700	0	37600	53000	1800	0	18000	24000	9700	0	0	0	20500	0	24700	0	0	25400	0	24200	0	0	0	25000	0	0	46200	0	0	0	0	0	0	53000	0	25400	0	0	0	9500	0	10300	21500	19000	0	0	14300	42100	43000	24500	53000	0	0	53000	0	49700	24500	24300	0	14000	45400	18000	0	20900	23600	16500	29700	10100	48000	0	8000	50000
46700	8400	40400	22000	7900	58900	74300	23100	20300	39300	45300	31000	0	0	19000	41800	9200	46000	0	14300	46700	0	45500	4800	16800	12300	46300	9300	14300	67500	2900	0	21300	0	7300	18900	74300	15200	46700	14400	0	13400	30800	10100	31600	42800	40300	12600	7300	35600	63400	64300	45800	74300	0	0	74300	9300	71000	45800	45600	10800	35300	66700	39300	7000	42200	44900	37800	51000	31400	69300	12800	29300	71300
39400	1100	33100	14700	600	51600	67000	15800	13000	32000	38000	23700	0	0	11700	34500	1900	38700	0	7000	39400	0	38200	0	9500	5000	39000	2000	7000	60200	0	0	14000	0	0	11600	67000	7900	39400	7100	0	6100	23500	2800	24300	35500	33000	5300	0	28300	56100	57000	38500	67000	0	0	67000	2000	63700	38500	38300	3500	28000	59400	32000	0	34900	37600	30500	43700	24100	62000	5500	22000	64000
27800	0	21500	3100	0	40000	55400	4200	1400	20400	26400	12100	0	0	100	22900	0	27100	0	0	27800	0	26600	0	0	0	27400	0	0	48600	0	0	2400	0	0	0	55400	0	27800	0	0	0	11900	0	12700	23900	21400	0	0	16700	44500	45400	26900	55400	0	0	55400	0	52100	26900	26700	0	16400	47800	20400	0	23300	26000	18900	32100	12500	50400	0	10400	52400
0	0	0	0	0	0	0	0	0	0	0	0	0	0	0	0	0	0	0	0	0	0	0	0	0	0	0	0	0	0	0	0	0	0	0	0	0	0	0	0	0	0	0	0	0	0	0	0	0	0	0	0	0	0	0	0	0	0	0	0	0	0	0	0	0	0	0	0	0	0	0	0	0	0	0
31500	0	25200	6800	0	43700	59100	7900	5100	24100	30100	15800	0	0	3800	26600	0	30800	0	0	31500	0	30300	0	1600	0	31100	0	0	52300	0	0	6100	0	0	3700	59100	0	31500	0	0	0	15600	0	16400	27600	25100	0	0	20400	48200	49100	30600	59100	0	0	59100	0	55800	30600	30400	0	20100	51500	24100	0	27000	29700	22600	35800	16200	54100	0	14100	56100
0	0	0	0	0	12200	27600	0	0	0	0	0	0	0	0	0	0	0	0	0	0	0	0	0	0	0	0	0	0	20800	0	0	0	0	0	0	27600	0	0	0	0	0	0	0	0	0	0	0	0	0	16700	17600	0	27600	0	0	27600	0	24300	0	0	0	0	20000	0	0	0	0	0	4300	0	22600	0	0	24600
32300	0	26000	7600	0	44500	59900	8700	5900	24900	30900	16600	0	0	4600	27400	0	31600	0	0	32300	0	31100	0	2400	0	31900	0	0	53100	0	0	6900	0	0	4500	59900	800	32300	0	0	0	16400	0	17200	28400	25900	0	0	21200	49000	49900	31400	59900	0	0	59900	0	56600	31400	31200	0	20900	52300	24900	0	27800	30500	23400	36600	17000	54900	0	14900	56900
61000	22700	54700	36300	22200	73200	88600	37400	34600	53600	59600	45300	5400	12400	33300	56100	23500	60300	5400	28600	61000	5400	59800	19100	31100	26600	60600	23600	28600	81800	17200	5400	35600	14300	21600	33200	88600	29500	61000	28700	0	27700	45100	24400	45900	57100	54600	26900	21600	49900	77700	78600	60100	88600	0	11800	88600	23600	85300	60100	59900	25100	49600	81000	53600	21300	56500	59200	52100	65300	45700	83600	27100	43600	85600
33300	0	27000	8600	0	45500	60900	9700	6900	25900	31900	17600	0	0	5600	28400	0	32600	0	900	33300	0	32100	0	3400	0	32900	0	900	54100	0	0	7900	0	0	5500	60900	1800	33300	1000	0	0	17400	0	18200	29400	26900	0	0	22200	50000	50900	32400	60900	0	0	60900	0	57600	32400	32200	0	21900	53300	25900	0	28800	31500	24400	37600	18000	55900	0	15900	57900
15900	0	9600	0	0	28100	43500	0	0	8500	14500	200	0	0	0	11000	0	15200	0	0	15900	0	14700	0	0	0	15500	0	0	36700	0	0	0	0	0	0	43500	0	15900	0	0	0	0	0	800	12000	9500	0	0	4800	32600	33500	15000	43500	0	0	43500	0	40200	15000	14800	0	4500	35900	8500	0	11400	14100	7000	20200	600	38500	0	0	40500
36600	0	30300	11900	0	48800	64200	13000	10200	29200	35200	20900	0	0	8900	31700	0	35900	0	4200	36600	0	35400	0	6700	2200	36200	0	4200	57400	0	0	11200	0	0	8800	64200	5100	36600	4300	0	3300	20700	0	21500	32700	30200	2500	0	25500	53300	54200	35700	64200	0	0	64200	0	60900	35700	35500	700	25200	56600	29200	0	32100	34800	27700	40900	21300	59200	2700	19200	61200
15100	0	8800	0	0	27300	42700	0	0	7700	13700	0	0	0	0	10200	0	14400	0	0	15100	0	13900	0	0	0	14700	0	0	35900	0	0	0	0	0	0	42700	0	15100	0	0	0	0	0	0	11200	8700	0	0	4000	31800	32700	14200	42700	0	0	42700	0	39400	14200	14000	0	3700	35100	7700	0	10600	13300	6200	19400	0	37700	0	0	39700
3900	0	0	0	0	16100	31500	0	0	0	2500	0	0	0	0	0	0	3200	0	0	3900	0	2700	0	0	0	3500	0	0	24700	0	0	0	0	0	0	31500	0	3900	0	0	0	0	0	0	0	0	0	0	0	20600	21500	3000	31500	0	0	31500	0	28200	3000	2800	0	0	23900	0	0	0	2100	0	8200	0	26500	0	0	28500
6400	0	100	0	0	18600	34000	0	0	0	5000	0	0	0	0	1500	0	5700	0	0	6400	0	5200	0	0	0	6000	0	0	27200	0	0	0	0	0	0	34000	0	6400	0	0	0	0	0	0	2500	0	0	0	0	23100	24000	5500	34000	0	0	34000	0	30700	5500	5300	0	0	26400	0	0	1900	4600	0	10700	0	29000	0	0	31000
34100	0	27800	9400	0	46300	61700	10500	7700	26700	32700	18400	0	0	6400	29200	0	33400	0	1700	34100	0	32900	0	4200	0	33700	0	1700	54900	0	0	8700	0	0	6300	61700	2600	34100	1800	0	800	18200	0	19000	30200	27700	0	0	23000	50800	51700	33200	61700	0	0	61700	0	58400	33200	33000	0	22700	54100	26700	0	29600	32300	25200	38400	18800	56700	200	16700	58700
39400	1100	33100	14700	600	51600	67000	15800	13000	32000	38000	23700	0	0	11700	34500	1900	38700	0	7000	39400	0	38200	0	9500	5000	39000	2000	7000	60200	0	0	14000	0	0	11600	67000	7900	39400	7100	0	6100	23500	2800	24300	35500	33000	5300	0	28300	56100	57000	38500	67000	0	0	67000	2000	63700	38500	38300	3500	28000	59400	32000	0	34900	37600	30500	43700	24100	62000	5500	22000	64000
11100	0	4800	0	0	23300	38700	0	0	3700	9700	0	0	0	0	6200	0	10400	0	0	11100	0	9900	0	0	0	10700	0	0	31900	0	0	0	0	0	0	38700	0	11100	0	0	0	0	0	0	7200	4700	0	0	0	27800	28700	10200	38700	0	0	38700	0	35400	10200	10000	0	0	31100	3700	0	6600	9300	2200	15400	0	33700	0	0	35700
0	0	0	0	0	0	10900	0	0	0	0	0	0	0	0	0	0	0	0	0	0	0	0	0	0	0	0	0	0	4100	0	0	0	0	0	0	10900	0	0	0	0	0	0	0	0	0	0	0	0	0	0	900	0	10900	0	0	10900	0	7600	0	0	0	0	3300	0	0	0	0	0	0	0	5900	0	0	7900
0	0	0	0	0	0	10000	0	0	0	0	0	0	0	0	0	0	0	0	0	0	0	0	0	0	0	0	0	0	3200	0	0	0	0	0	0	10000	0	0	0	0	0	0	0	0	0	0	0	0	0	0	0	0	10000	0	0	10000	0	6700	0	0	0	0	2400	0	0	0	0	0	0	0	5000	0	0	7000
900	0	0	0	0	13100	28500	0	0	0	0	0	0	0	0	0	0	200	0	0	900	0	0	0	0	0	500	0	0	21700	0	0	0	0	0	0	28500	0	900	0	0	0	0	0	0	0	0	0	0	0	17600	18500	0	28500	0	0	28500	0	25200	0	0	0	0	20900	0	0	0	0	0	5200	0	23500	0	0	25500
0	0	0	0	0	0	0	0	0	0	0	0	0	0	0	0	0	0	0	0	0	0	0	0	0	0	0	0	0	0	0	0	0	0	0	0	0	0	0	0	0	0	0	0	0	0	0	0	0	0	0	0	0	0	0	0	0	0	0	0	0	0	0	0	0	0	0	0	0	0	0	0	0	0	0
61000	22700	54700	36300	22200	73200	88600	37400	34600	53600	59600	45300	5400	12400	33300	56100	23500	60300	5400	28600	61000	5400	59800	19100	31100	26600	60600	23600	28600	81800	17200	5400	35600	14300	21600	33200	88600	29500	61000	28700	0	27700	45100	24400	45900	57100	54600	26900	21600	49900	77700	78600	60100	88600	0	11800	88600	23600	85300	60100	59900	25100	49600	81000	53600	21300	56500	59200	52100	65300	45700	83600	27100	43600	85600
49200	10900	42900	24500	10400	61400	76800	25600	22800	41800	47800	33500	0	600	21500	44300	11700	48500	0	16800	49200	0	48000	7300	19300	14800	48800	11800	16800	70000	5400	0	23800	2500	9800	21400	76800	17700	49200	16900	0	15900	33300	12600	34100	45300	42800	15100	9800	38100	65900	66800	48300	76800	0	0	76800	11800	73500	48300	48100	13300	37800	69200	41800	9500	44700	47400	40300	53500	33900	71800	15300	31800	73800
0	0	0	0	0	0	0	0	0	0	0	0	0	0	0	0	0	0	0	0	0	0	0	0	0	0	0	0	0	0	0	0	0	0	0	0	0	0	0	0	0	0	0	0	0	0	0	0	0	0	0	0	0	0	0	0	0	0	0	0	0	0	0	0	0	0	0	0	0	0	0	0	0	0	0
37400	0	31100	12700	0	49600	65000	13800	11000	30000	36000	21700	0	0	9700	32500	0	36700	0	5000	37400	0	36200	0	7500	3000	37000	0	5000	58200	0	0	12000	0	0	9600	65000	5900	37400	5100	0	4100	21500	800	22300	33500	31000	3300	0	26300	54100	55000	36500	65000	0	0	65000	0	61700	36500	36300	1500	26000	57400	30000	0	32900	35600	28500	41700	22100	60000	3500	20000	62000
0	0	0	0	0	0	3300	0	0	0	0	0	0	0	0	0	0	0	0	0	0	0	0	0	0	0	0	0	0	0	0	0	0	0	0	0	3300	0	0	0	0	0	0	0	0	0	0	0	0	0	0	0	0	3300	0	0	3300	0	0	0	0	0	0	0	0	0	0	0	0	0	0	0	0	0	300
900	0	0	0	0	13100	28500	0	0	0	0	0	0	0	0	0	0	200	0	0	900	0	0	0	0	0	500	0	0	21700	0	0	0	0	0	0	28500	0	900	0	0	0	0	0	0	0	0	0	0	0	17600	18500	0	28500	0	0	28500	0	25200	0	0	0	0	20900	0	0	0	0	0	5200	0	23500	0	0	25500
1100	0	0	0	0	13300	28700	0	0	0	0	0	0	0	0	0	0	400	0	0	1100	0	0	0	0	0	700	0	0	21900	0	0	0	0	0	0	28700	0	1100	0	0	0	0	0	0	0	0	0	0	0	17800	18700	200	28700	0	0	28700	0	25400	200	0	0	0	21100	0	0	0	0	0	5400	0	23700	0	0	25700
35900	0	29600	11200	0	48100	63500	12300	9500	28500	34500	20200	0	0	8200	31000	0	35200	0	3500	35900	0	34700	0	6000	1500	35500	0	3500	56700	0	0	10500	0	0	8100	63500	4400	35900	3600	0	2600	20000	0	20800	32000	29500	1800	0	24800	52600	53500	35000	63500	0	0	63500	0	60200	35000	34800	0	24500	55900	28500	0	31400	34100	27000	40200	20600	58500	2000	18500	60500
11400	0	5100	0	0	23600	39000	0	0	4000	10000	0	0	0	0	6500	0	10700	0	0	11400	0	10200	0	0	0	11000	0	0	32200	0	0	0	0	0	0	39000	0	11400	0	0	0	0	0	0	7500	5000	0	0	300	28100	29000	10500	39000	0	0	39000	0	35700	10500	10300	0	0	31400	4000	0	6900	9600	2500	15700	0	34000	0	0	36000
0	0	0	0	0	0	7600	0	0	0	0	0	0	0	0	0	0	0	0	0	0	0	0	0	0	0	0	0	0	800	0	0	0	0	0	0	7600	0	0	0	0	0	0	0	0	0	0	0	0	0	0	0	0	7600	0	0	7600	0	4300	0	0	0	0	0	0	0	0	0	0	0	0	2600	0	0	4600
7400	0	1100	0	0	19600	35000	0	0	0	6000	0	0	0	0	2500	0	6700	0	0	7400	0	6200	0	0	0	7000	0	0	28200	0	0	0	0	0	0	35000	0	7400	0	0	0	0	0	0	3500	1000	0	0	0	24100	25000	6500	35000	0	0	35000	0	31700	6500	6300	0	0	27400	0	0	2900	5600	0	11700	0	30000	0	0	32000
39700	1400	33400	15000	900	51900	67300	16100	13300	32300	38300	24000	0	0	12000	34800	2200	39000	0	7300	39700	0	38500	0	9800	5300	39300	2300	7300	60500	0	0	14300	0	300	11900	67300	8200	39700	7400	0	6400	23800	3100	24600	35800	33300	5600	300	28600	56400	57300	38800	67300	0	0	67300	2300	64000	38800	38600	3800	28300	59700	32300	0	35200	37900	30800	44000	24400	62300	5800	22300	64300
4500	0	0	0	0	16700	32100	0	0	0	3100	0	0	0	0	0	0	3800	0	0	4500	0	3300	0	0	0	4100	0	0	25300	0	0	0	0	0	0	32100	0	4500	0	0	0	0	0	0	600	0	0	0	0	21200	22100	3600	32100	0	0	32100	0	28800	3600	3400	0	0	24500	0	0	0	2700	0	8800	0	27100	0	0	29100
1800	0	0	0	0	14000	29400	0	0	0	400	0	0	0	0	0	0	1100	0	0	1800	0	600	0	0	0	1400	0	0	22600	0	0	0	0	0	0	29400	0	1800	0	0	0	0	0	0	0	0	0	0	0	18500	19400	900	29400	0	0	29400	0	26100	900	700	0	0	21800	0	0	0	0	0	6100	0	24400	0	0	26400
8900	0	2600	0	0	21100	36500	0	0	1500	7500	0	0	0	0	4000	0	8200	0	0	8900	0	7700	0	0	0	8500	0	0	29700	0	0	0	0	0	0	36500	0	8900	0	0	0	0	0	0	5000	2500	0	0	0	25600	26500	8000	36500	0	0	36500	0	33200	8000	7800	0	0	28900	1500	0	4400	7100	0	13200	0	31500	0	0	33500
0	0	0	0	0	7900	23300	0	0	0	0	0	0	0	0	0	0	0	0	0	0	0	0	0	0	0	0	0	0	16500	0	0	0	0	0	0	23300	0	0	0	0	0	0	0	0	0	0	0	0	0	12400	13300	0	23300	0	0	23300	0	20000	0	0	0	0	15700	0	0	0	0	0	0	0	18300	0	0	20300
15300	0	9000	0	0	27500	42900	0	0	7900	13900	0	0	0	0	10400	0	14600	0	0	15300	0	14100	0	0	0	14900	0	0	36100	0	0	0	0	0	0	42900	0	15300	0	0	0	0	0	200	11400	8900	0	0	4200	32000	32900	14400	42900	0	0	42900	0	39600	14400	14200	0	3900	35300	7900	0	10800	13500	6400	19600	0	37900	0	0	39900
0	0	0	0	0	0	5000	0	0	0	0	0	0	0	0	0	0	0	0	0	0	0	0	0	0	0	0	0	0	0	0	0	0	0	0	0	5000	0	0	0	0	0	0	0	0	0	0	0	0	0	0	0	0	5000	0	0	5000	0	1700	0	0	0	0	0	0	0	0	0	0	0	0	0	0	0	2000
33900	0	27600	9200	0	46100	61500	10300	7500	26500	32500	18200	0	0	6200	29000	0	33200	0	1500	33900	0	32700	0	4000	0	33500	0	1500	54700	0	0	8500	0	0	6100	61500	2400	33900	1600	0	600	18000	0	18800	30000	27500	0	0	22800	50600	51500	33000	61500	0	0	61500	0	58200	33000	32800	0	22500	53900	26500	0	29400	32100	25000	38200	18600	56500	0	16500	58500
17400	0	11100	0	0	29600	45000	0	0	10000	16000	1700	0	0	0	12500	0	16700	0	0	17400	0	16200	0	0	0	17000	0	0	38200	0	0	0	0	0	0	45000	0	17400	0	0	0	1500	0	2300	13500	11000	0	0	6300	34100	35000	16500	45000	0	0	45000	0	41700	16500	16300	0	6000	37400	10000	0	12900	15600	8500	21700	2100	40000	0	0	42000
0	0	0	0	0	0	3000	0	0	0	0	0	0	0	0	0	0	0	0	0	0	0	0	0	0	0	0	0	0	0	0	0	0	0	0	0	3000	0	0	0	0	0	0	0	0	0	0	0	0	0	0	0	0	3000	0	0	3000	0	0	0	0	0	0	0	0	0	0	0	0	0	0	0	0	0	0

0	38300	6300	24700	38800	0	0	23600	26400	7400	1400	15700	55600	48600	27700	4900	37500	700	55600	32400	0	55600	1200	41900	29900	34400	400	37400	32400	0	43800	55600	25400	46700	39400	27800	0	31500	0	32300	61000	33300	15900	36600	15100	3900	6400	34100	39400	11100	0	0	900	0	61000	49200	0	37400	0	900	1100	35900	11400	0	7400	39700	4500	1800	8900	0	15300	0	33900	17400	0
0	0	0	0	500	0	0	0	0	0	0	0	17300	10300	0	0	0	0	17300	0	0	17300	0	3600	0	0	0	0	0	0	5500	17300	0	8400	1100	0	0	0	0	0	22700	0	0	0	0	0	0	0	1100	0	0	0	0	0	22700	10900	0	0	0	0	0	0	0	0	0	1400	0	0	0	0	0	0	0	0	0
0	32000	0	18400	32500	0	0	17300	20100	1100	0	9400	49300	42300	21400	0	31200	0	49300	26100	0	49300	0	35600	23600	28100	0	31100	26100	0	37500	49300	19100	40400	33100	21500	0	25200	0	26000	54700	27000	9600	30300	8800	0	100	27800	33100	4800	0	0	0	0	54700	42900	0	31100	0	0	0	29600	5100	0	1100	33400	0	0	2600	0	9000	0	27600	11100	0
0	13600	0	0	14100	0	0	0	1700	0	0	0	30900	23900	3000	0	12800	0	30900	7700	0	30900	0	17200	5200	9700	0	12700	7700	0	19100	30900	700	22000	14700	3100	0	6800	0	7600	36300	8600	0	11900	0	0	0	9400	14700	0	0	0	0	0	36300	24500	0	12700	0	0	0	11200	0	0	0	15000	0	0	0	0	0	0	9200	0	0
0	0	0	0	0	0	0	0	0	0	0	0	16800	9800	0	0	0	0	16800	0	0	16800	0	3100	0	0	0	0	0	0	5000	16800	0	7900	600	0	0	0	0	0	22200	0	0	0	0	0	0	0	600	0	0	0	0	0	22200	10400	0	0	0	0	0	0	0	0	0	900	0	0	0	0	0	0	0	0	0
12200	50500	18500	36900	51000	0	0	35800	38600	19600	13600	27900	67800	60800	39900	17100	49700	12900	67800	44600	12200	67800	13400	54100	42100	46600	12600	49600	44600	0	56000	67800	37600	58900	51600	40000	0	43700	12200	44500	73200	45500	28100	48800	27300	16100	18600	46300	51600	23300	0	0	13100	0	73200	61400	0	49600	0	13100	13300	48100	23600	0	19600	51900	16700	14000	21100	7900	27500	0	46100	29600	0
27600	65900	33900	52300	66400	15400	0	51200	54000	35000	29000	43300	83200	76200	55300	32500	65100	28300	83200	60000	27600	83200	28800	69500	57500	62000	28000	65000	60000	6800	71400	83200	53000	74300	67000	55400	0	59100	27600	59900	88600	60900	43500	64200	42700	31500	34000	61700	67000	38700	10900	10000	28500	0	88600	76800	0	65000	3300	28500	28700	63500	39000	7600	35000	67300	32100	29400	36500	23300	42900	5000	61500	45000	3000
0	14700	0	1100	15200	0	0	0	2800	0	0	0	32000	25000	4100	0	13900	0	32000	8800	0	32000	0	18300	6300	10800	0	13800	8800	0	20200	32000	1800	23100	15800	4200	0	7900	0	8700	37400	9700	0	13000	0	0	0	10500	15800	0	0	0	0	0	37400	25600	0	13800	0	0	0	12300	0	0	0	16100	0	0	0	0	0	0	10300	0	0
0	11900	0	0	12400	0	0	0	0	0	0	0	29200	22200	1300	0	11100	0	29200	6000	0	29200	0	15500	3500	8000	0	11000	6000	0	17400	29200	0	20300	13000	1400	0	5100	0	5900	34600	6900	0	10200	0	0	0	7700	13000	0	0	0	0	0	34600	22800	0	11000	0	0	0	9500	0	0	0	13300	0	0	0	0	0	0	7500	0	0
0	30900	0	17300	31400	0	0	16200	19000	0	0	8300	48200	41200	20300	0	30100	0	48200	25000	0	48200	0	34500	22500	27000	0	30000	25000	0	36400	48200	18000	39300	32000	20400	0	24100	0	24900	53600	25900	8500	29200	7700	0	0	26700	32000	3700	0	0	0	0	53600	41800	0	30000	0	0	0	28500	4000	0	0	32300	0	0	1500	0	7900	0	26500	10000	0
0	36900	4900	23300	37400	0	0	22200	25000	6000	0	14300	54200	47200	26300	3500	36100	0	54200	31000	0	54200	0	40500	28500	33000	0	36000	31000	0	42400	54200	24000	45300	38000	26400	0	30100	0	30900	59600	31900	14500	35200	13700	2500	5000	32700	38000	9700	0	0	0	0	59600	47800	0	36000	0	0	0	34500	10000	0	6000	38300	3100	400	7500	0	13900	0	32500	16000	0
0	22600	0	9000	23100	0	0	7900	10700	0	0	0	39900	32900	12000	0	21800	0	39900	16700	0	39900	0	26200	14200	18700	0	21700	16700	0	28100	39900	9700	31000	23700	12100	0	15800	0	16600	45300	17600	200	20900	0	0	0	18400	23700	0	0	0	0	0	45300	33500	0	21700	0	0	0	20200	0	0	0	24000	0	0	0	0	0	0	18200	1700	0
0	0	0	0	0	0	0	0	0	0	0	0	0	0	0	0	0	0	0	0	0	0	0	0	0	0	0	0	0	0	0	0	0	0	0	0	0	0	0	0	5400	0	0	0	0	0	0	0	0	0	0	0	0	0	5400	0	0	0	0	0	0	0	0	0	0	0	0	0	0	0	0	0	0	0	0
0	0	0	0	0	0	0	0	0	0	0	0	7000	0	0	0	0	0	7000	0	0	7000	0	0	0	0	0	0	0	0	0	7000	0	0	0	0	0	0	0	0	12400	0	0	0	0	0	0	0	0	0	0	0	0	0	12400	600	0	0	0	0	0	0	0	0	0	0	0	0	0	0	0	0	0	0	0
0	10600	0	0	11100	0	0	0	0	0	0	0	27900	20900	0	0	9800	0	27900	4700	0	27900	0	14200	2200	6700	0	9700	4700	0	16100	27900	0	19000	11700	100	0	3800	0	4600	33300	5600	0	8900	0	0	0	6400	11700	0	0	0	0	0	33300	21500	0	9700	0	0	0	8200	0	0	0	12000	0	0	0	0	0	0	6200	0	0
0	33400	1400	19800	33900	0	0	18700	21500	2500	0	10800	50700	43700	22800	0	32600	0	50700	27500	0	50700	0	37000	25000	29500	0	32500	27500	0	38900	50700	20500	41800	34500	22900	0	26600	0	27400	56100	28400	11000	31700	10200	0	1500	29200	34500	6200	0	0	0	0	56100	44300	0	32500	0	0	0	31000	6500	0	2500	34800	0	0	4000	0	10400	0	29000	12500	0
0	800	0	0	1300	0	0	0	0	0	0	0	18100	11100	0	0	0	0	18100	0	0	18100	0	4400	0	0	0	0	0	0	6300	18100	0	9200	1900	0	0	0	0	0	23500	0	0	0	0	0	0	0	1900	0	0	0	0	0	23500	11700	0	0	0	0	0	0	0	0	0	2200	0	0	0	0	0	0	0	0	0
0	37600	5600	24000	38100	0	0	22900	25700	6700	700	15000	54900	47900	27000	4200	36800	0	54900	31700	0	54900	500	41200	29200	33700	0	36700	31700	0	43100	54900	24700	46000	38700	27100	0	30800	0	31600	60300	32600	15200	35900	14400	3200	5700	33400	38700	10400	0	0	200	0	60300	48500	0	36700	0	200	400	35200	10700	0	6700	39000	3800	1100	8200	0	14600	0	33200	16700	0
0	0	0	0	0	0	0	0	0	0	0	0	0	0	0	0	0	0	0	0	0	0	0	0	0	0	0	0	0	0	0	0	0	0	0	0	0	0	0	0	5400	0	0	0	0	0	0	0	0	0	0	0	0	0	5400	0	0	0	0	0	0	0	0	0	0	0	0	0	0	0	0	0	0	0	0
0	5900	0	0	6400	0	0	0	0	0	0	0	23200	16200	0	0	5100	0	23200	0	0	23200	0	9500	0	2000	0	5000	0	0	11400	23200	0	14300	7000	0	0	0	0	0	28600	900	0	4200	0	0	0	1700	7000	0	0	0	0	0	28600	16800	0	5000	0	0	0	3500	0	0	0	7300	0	0	0	0	0	0	1500	0	0
0	38300	6300	24700	38800	0	0	23600	26400	7400	1400	15700	55600	48600	27700	4900	37500	700	55600	32400	0	55600	1200	41900	29900	34400	400	37400	32400	0	43800	55600	25400	46700	39400	27800	0	31500	0	32300	61000	33300	15900	36600	15100	3900	6400	34100	39400	11100	0	0	900	0	61000	49200	0	37400	0	900	1100	35900	11400	0	7400	39700	4500	1800	8900	0	15300	0	33900	17400	0
0	0	0	0	0	0	0	0	0	0	0	0	0	0	0	0	0	0	0	0	0	0	0	0	0	0	0	0	0	0	0	0	0	0	0	0	0	0	0	0	5400	0	0	0	0	0	0	0	0	0	0	0	0	0	5400	0	0	0	0	0	0	0	0	0	0	0	0	0	0	0	0	0	0	0	0
0	37100	5100	23500	37600	0	0	22400	25200	6200	200	14500	54400	47400	26500	3700	36300	0	54400	31200	0	54400	0	40700	28700	33200	0	36200	31200	0	42600	54400	24200	45500	38200	26600	0	30300	0	31100	59800	32100	14700	35400	13900	2700	5200	32900	38200	9900	0	0	0	0	59800	48000	0	36200	0	0	0	34700	10200	0	6200	38500	3300	600	7700	0	14100	0	32700	16200	0
0	0	0	0	0	0	0	0	0	0	0	0	13700	6700	0	0	0	0	13700	0	0	13700	0	0	0	0	0	0	0	0	1900	13700	0	4800	0	0	0	0	0	0	19100	0	0	0	0	0	0	0	0	0	0	0	0	0	19100	7300	0	0	0	0	0	0	0	0	0	0	0	0	0	0	0	0	0	0	0
0	8400	0	0	8900	0	0	0	0	0	0	0	25700	18700	0	0	7600	0	25700	2500	0	25700	0	12000	0	4500	0	7500	2500	0	13900	25700	0	16800	9500	0	0	1600	0	2400	31100	3400	0	6700	0	0	0	4200	9500	0	0	0	0	0	31100	19300	0	7500	0	0	0	6000	0	0	0	9800	0	0	0	0	0	0	4000	0	0
0	3900	0	0	4400	0	0	0	0	0	0	0	21200	14200	0	0	3100	0	21200	0	0	21200	0	7500	0	0	0	3000	0	0	9400	21200	0	12300	5000	0	0	0	0	0	26600	0	0	2200	0	0	0	0	5000	0	0	0	0	0	26600	14800	0	3000	0	0	0	1500	0	0	0	5300	0	0	0	0	0	0	0	0	0
0	37900	5900	24300	38400	0	0	23200	26000	7000	1000	15300	55200	48200	27300	4500	37100	300	55200	32000	0	55200	800	41500	29500	34000	0	37000	32000	0	43400	55200	25000	46300	39000	27400	0	31100	0	31900	60600	32900	15500	36200	14700	3500	6000	33700	39000	10700	0	0	500	0	60600	48800	0	37000	0	500	700	35500	11000	0	7000	39300	4100	1400	8500	0	14900	0	33500	17000	0
0	900	0	0	1400	0	0	0	0	0	0	0	18200	11200	0	0	100	0	18200	0	0	18200	0	4500	0	0	0	0	0	0	6400	18200	0	9300	2000	0	0	0	0	0	23600	0	0	0	0	0	0	0	2000	0	0	0	0	0	23600	11800	0	0	0	0	0	0	0	0	0	2300	0	0	0	0	0	0	0	0	0
0	5900	0	0	6400	0	0	0	0	0	0	0	23200	16200	0	0	5100	0	23200	0	0	23200	0	9500	0	2000	0	5000	0	0	11400	23200	0	14300	7000	0	0	0	0	0	28600	900	0	4200	0	0	0	1700	7000	0	0	0	0	0	28600	16800	0	5000	0	0	0	3500	0	0	0	7300	0	0	0	0	0	0	1500	0	0
20800	59100	27100	45500	59600	8600	0	44400	47200	28200	22200	36500	76400	69400	48500	25700	58300	21500	76400	53200	20800	76400	22000	62700	50700	55200	21200	58200	53200	0	64600	76400	46200	67500	60200	48600	0	52300	20800	53100	81800	54100	36700	57400	35900	24700	27200	54900	60200	31900	4100	3200	21700	0	81800	70000	0	58200	0	21700	21900	56700	32200	800	28200	60500	25300	22600	29700	16500	36100	0	54700	38200	0
0	0	0	0	0	0	0	0	0	0	0	0	11800	4800	0	0	0	0	11800	0	0	11800	0	0	0	0	0	0	0	0	0	11800	0	2900	0	0	0	0	0	0	17200	0	0	0	0	0	0	0	0	0	0	0	0	0	17200	5400	0	0	0	0	0	0	0	0	0	0	0	0	0	0	0	0	0	0	0
0	0	0	0	0	0	0	0	0	0	0	0	0	0	0	0	0	0	0	0	0	0	0	0	0	0	0	0	0	0	0	0	0	0	0	0	0	0	0	0	5400	0	0	0	0	0	0	0	0	0	0	0	0	0	5400	0	0	0	0	0	0	0	0	0	0	0	0	0	0	0	0	0	0	0	0
0	12900	0	0	13400	0	0	0	1000	0	0	0	30200	23200	2300	0	12100	0	30200	7000	0	30200	0	16500	4500	9000	0	12000	7000	0	18400	30200	0	21300	14000	2400	0	6100	0	6900	35600	7900	0	11200	0	0	0	8700	14000	0	0	0	0	0	35600	23800	0	12000	0	0	0	10500	0	0	0	14300	0	0	0	0	0	0	8500	0	0
0	0	0	0	0	0	0	0	0	0	0	0	8900	1900	0	0	0	0	8900	0	0	8900	0	0	0	0	0	0	0	0	0	8900	0	0	0	0	0	0	0	0	14300	0	0	0	0	0	0	0	0	0	0	0	0	0	14300	2500	0	0	0	0	0	0	0	0	0	0	0	0	0	0	0	0	0	0	0
0	0	0	0	0	0	0	0	0	0	0	0	16200	9200	0	0	0	0	16200	0	0	16200	0	2500	0	0	0	0	0	0	4400	16200	0	7300	0	0	0	0	0	0	21600	0	0	0	0	0	0	0	0	0	0	0	0	0	21600	9800	0	0	0	0	0	0	0	0	0	300	0	0	0	0	0	0	0	0	0
0	10500	0	0	11000	0	0	0	0	0	0	0	27800	20800	0	0	9700	0	27800	4600	0	27800	0	14100	2100	6600	0	9600	4600	0	16000	27800	0	18900	11600	0	0	3700	0	4500	33200	5500	0	8800	0	0	0	6300	11600	0	0	0	0	0	33200	21400	0	9600	0	0	0	8100	0	0	0	11900	0	0	0	0	0	0	6100	0	0
27600	65900	33900	52300	66400	15400	0	51200	54000	35000	29000	43300	83200	76200	55300	32500	65100	28300	83200	60000	27600	83200	28800	69500	57500	62000	28000	65000	60000	6800	71400	83200	53000	74300	67000	55400	0	59100	27600	59900	88600	60900	43500	64200	42700	31500	34000	61700	67000	38700	10900	10000	28500	0	88600	76800	0	65000	3300	28500	28700	63500	39000	7600	35000	67300	32100	29400	36500	23300	42900	5000	61500	45000	3000
0	6800	0	0	7300	0	0	0	0	0	0	0	24100	17100	0	0	6000	0	24100	900	0	24100	0	10400	0	2900	0	5900	900	0	12300	24100	0	15200	7900	0	0	0	0	800	29500	1800	0	5100	0	0	0	2600	7900	0	0	0	0	0	29500	17700	0	5900	0	0	0	4400	0	0	0	8200	0	0	0	0	0	0	2400	0	0
0	38300	6300	24700	38800	0	0	23600	26400	7400	1400	15700	55600	48600	27700	4900	37500	700	55600	32400	0	55600	1200	41900	29900	34400	400	37400	32400	0	43800	55600	25400	46700	39400	27800	0	31500	0	32300	61000	33300	15900	36600	15100	3900	6400	34100	39400	11100	0	0	900	0	61000	49200	0	37400	0	900	1100	35900	11400	0	7400	39700	4500	1800	8900	0	15300	0	33900	17400	0
0	6000	0	0	6500	0	0	0	0	0	0	0	23300	16300	0	0	5200	0	23300	100	0	23300	0	9600	0	2100	0	5100	100	0	11500	23300	0	14400	7100	0	0	0	0	0	28700	1000	0	4300	0	0	0	1800	7100	0	0	0	0	0	28700	16900	0	5100	0	0	0	3600	0	0	0	7400	0	0	0	0	0	0	1600	0	0
0	0	0	0	0	0	0	0	0	0	0	0	0	0	0	0	0	0	0	0	0	0	0	0	0	0	0	0	0	0	0	0	0	0	0	0	0	0	0	0	0	0	0	0	0	0	0	0	0	0	0	0	0	0	0	0	0	0	0	0	0	0	0	0	0	0	0	0	0	0	0	0	0	0	0
0	5000	0	0	5500	0	0	0	0	0	0	0	22300	15300	0	0	4200	0	22300	0	0	22300	0	8600	0	1100	0	4100	0	0	10500	22300	0	13400	6100	0	0	0	0	0	27700	0	0	3300	0	0	0	800	6100	0	0	0	0	0	27700	15900	0	4100	0	0	0	2600	0	0	0	6400	0	0	0	0	0	0	600	0	0
0	22400	0	8800	22900	0	0	7700	10500	0	0	0	39700	32700	11800	0	21600	0	39700	16500	0	39700	0	26000	14000	18500	0	21500	16500	0	27900	39700	9500	30800	23500	11900	0	15600	0	16400	45100	17400	0	20700	0	0	0	18200	23500	0	0	0	0	0	45100	33300	0	21500	0	0	0	20000	0	0	0	23800	0	0	0	0	0	0	18000	1500	0
0	1700	0	0	2200	0	0	0	0	0	0	0	19000	12000	0	0	900	0	19000	0	0	19000	0	5300	0	0	0	800	0	0	7200	19000	0	10100	2800	0	0	0	0	0	24400	0	0	0	0	0	0	0	2800	0	0	0	0	0	24400	12600	0	800	0	0	0	0	0	0	0	3100	0	0	0	0	0	0	0	0	0
0	23200	0	9600	23700	0	0	8500	11300	0	0	600	40500	33500	12600	0	22400	0	40500	17300	0	40500	0	26800	14800	19300	0	22300	17300	0	28700	40500	10300	31600	24300	12700	0	16400	0	17200	45900	18200	800	21500	0	0	0	19000	24300	0	0	0	0	0	45900	34100	0	22300	0	0	0	20800	0	0	0	24600	0	0	0	0	200	0	18800	2300	0
0	34400	2400	20800	34900	0	0	19700	22500	3500	0	11800	51700	44700	23800	1000	33600	0	51700	28500	0	51700	0	38000	26000	30500	0	33500	28500	0	39900	51700	21500	42800	35500	23900	0	27600	0	28400	57100	29400	12000	32700	11200	0	2500	30200	35500	7200	0	0	0	0	57100	45300	0	33500	0	0	0	32000	7500	0	3500	35800	600	0	5000	0	11400	0	30000	13500	0
0	31900	0	18300	32400	0	0	17200	20000	1000	0	9300	49200	42200	21300	0	31100	0	49200	26000	0	49200	0	35500	23500	28000	0	31000	26000	0	37400	49200	19000	40300	33000	21400	0	25100	0	25900	54600	26900	9500	30200	8700	0	0	27700	33000	4700	0	0	0	0	54600	42800	0	31000	0	0	0	29500	5000	0	1000	33300	0	0	2500	0	8900	0	27500	11000	0
0	4200	0	0	4700	0	0	0	0	0	0	0	21500	14500	0	0	3400	0	21500	0	0	21500	0	7800	0	300	0	3300	0	0	9700	21500	0	12600	5300	0	0	0	0	0	26900	0	0	2500	0	0	0	0	5300	0	0	0	0	0	26900	15100	0	3300	0	0	0	1800	0	0	0	5600	0	0	0	0	0	0	0	0	0
0	0	0	0	0	0	0	0	0	0	0	0	16200	9200	0	0	0	0	16200	0	0	16200	0	2500	0	0	0	0	0	0	4400	16200	0	7300	0	0	0	0	0	0	21600	0	0	0	0	0	0	0	0	0	0	0	0	0	21600	9800	0	0	0	0	0	0	0	0	0	300	0	0	0	0	0	0	0	0	0
0	27200	0	13600	27700	0	0	12500	15300	0	0	4600	44500	37500	16600	0	26400	0	44500	21300	0	44500	0	30800	18800	23300	0	26300	21300	0	32700	44500	14300	35600	28300	16700	0	20400	0	21200	49900	22200	4800	25500	4000	0	0	23000	28300	0	0	0	0	0	49900	38100	0	26300	0	0	0	24800	300	0	0	28600	0	0	0	0	4200	0	22800	6300	0
16700	55000	23000	41400	55500	4500	0	40300	43100	24100	18100	32400	72300	65300	44400	21600	54200	17400	72300	49100	16700	72300	17900	58600	46600	51100	17100	54100	49100	0	60500	72300	42100	63400	56100	44500	0	48200	16700	49000	77700	50000	32600	53300	31800	20600	23100	50800	56100	27800	0	0	17600	0	77700	65900	0	54100	0	17600	17800	52600	28100	0	24100	56400	21200	18500	25600	12400	32000	0	50600	34100	0
17600	55900	23900	42300	56400	5400	0	41200	44000	25000	19000	33300	73200	66200	45300	22500	55100	18300	73200	50000	17600	73200	18800	59500	47500	52000	18000	55000	50000	0	61400	73200	43000	64300	57000	45400	0	49100	17600	49900	78600	50900	33500	54200	32700	21500	24000	51700	57000	28700	900	0	18500	0	78600	66800	0	55000	0	18500	18700	53500	29000	0	25000	57300	22100	19400	26500	13300	32900	0	51500	35000	0
0	37400	5400	23800	37900	0	0	22700	25500	6500	500	14800	54700	47700	26800	4000	36600	0	54700	31500	0	54700	300	41000	29000	33500	0	36500	31500	0	42900	54700	24500	45800	38500	26900	0	30600	0	31400	60100	32400	15000	35700	14200	3000	5500	33200	38500	10200	0	0	0	0	60100	48300	0	36500	0	0	200	35000	10500	0	6500	38800	3600	900	8000	0	14400	0	33000	16500	0
27600	65900	33900	52300	66400	15400	0	51200	54000	35000	29000	43300	83200	76200	55300	32500	65100	28300	83200	60000	27600	83200	28800	69500	57500	62000	28000	65000	60000	6800	71400	83200	53000	74300	67000	55400	0	59100	27600	59900	88600	60900	43500	64200	42700	31500	34000	61700	67000	38700	10900	10000	28500	0	88600	76800	0	65000	3300	28500	28700	63500	39000	7600	35000	67300	32100	29400	36500	23300	42900	5000	61500	45000	3000
0	0	0	0	0	0	0	0	0	0	0	0	0	0	0	0	0	0	0	0	0	0	0	0	0	0	0	0	0	0	0	0	0	0	0	0	0	0	0	0	0	0	0	0	0	0	0	0	0	0	0	0	0	0	0	0	0	0	0	0	0	0	0	0	0	0	0	0	0	0	0	0	0	0	0
0	0	0	0	0	0	0	0	0	0	0	0	6400	0	0	0	0	0	6400	0	0	6400	0	0	0	0	0	0	0	0	0	6400	0	0	0	0	0	0	0	0	11800	0	0	0	0	0	0	0	0	0	0	0	0	0	11800	0	0	0	0	0	0	0	0	0	0	0	0	0	0	0	0	0	0	0	0
27600	65900	33900	52300	66400	15400	0	51200	54000	35000	29000	43300	83200	76200	55300	32500	65100	28300	83200	60000	27600	83200	28800	69500	57500	62000	28000	65000	60000	6800	71400	83200	53000	74300	67000	55400	0	59100	27600	59900	88600	60900	43500	64200	42700	31500	34000	61700	67000	38700	10900	10000	28500	0	88600	76800	0	65000	3300	28500	28700	63500	39000	7600	35000	67300	32100	29400	36500	23300	42900	5000	61500	45000	3000
0	900	0	0	1400	0	0	0	0	0	0	0	18200	11200	0	0	100	0	18200	0	0	18200	0	4500	0	0	0	0	0	0	6400	18200	0	9300	2000	0	0	0	0	0	23600	0	0	0	0	0	0	0	2000	0	0	0	0	0	23600	11800	0	0	0	0	0	0	0	0	0	2300	0	0	0	0	0	0	0	0	0
24300	62600	30600	49000	63100	12100	0	47900	50700	31700	25700	40000	79900	72900	52000	29200	61800	25000	79900	56700	24300	79900	25500	66200	54200	58700	24700	61700	56700	3500	68100	79900	49700	71000	63700	52100	0	55800	24300	56600	85300	57600	40200	60900	39400	28200	30700	58400	63700	35400	7600	6700	25200	0	85300	73500	0	61700	0	25200	25400	60200	35700	4300	31700	64000	28800	26100	33200	20000	39600	1700	58200	41700	0
0	37400	5400	23800	37900	0	0	22700	25500	6500	500	14800	54700	47700	26800	4000	36600	0	54700	31500	0	54700	300	41000	29000	33500	0	36500	31500	0	42900	54700	24500	45800	38500	26900	0	30600	0	31400	60100	32400	15000	35700	14200	3000	5500	33200	38500	10200	0	0	0	0	60100	48300	0	36500	0	0	200	35000	10500	0	6500	38800	3600	900	8000	0	14400	0	33000	16500	0
0	37200	5200	23600	37700	0	0	22500	25300	6300	300	14600	54500	47500	26600	3800	36400	0	54500	31300	0	54500	100	40800	28800	33300	0	36300	31300	0	42700	54500	24300	45600	38300	26700	0	30400	0	31200	59900	32200	14800	35500	14000	2800	5300	33000	38300	10000	0	0	0	0	59900	48100	0	36300	0	0	0	34800	10300	0	6300	38600	3400	700	7800	0	14200	0	32800	16300	0
0	2400	0	0	2900	0	0	0	0	0	0	0	19700	12700	0	0	1600	0	19700	0	0	19700	0	6000	0	0	0	1500	0	0	7900	19700	0	10800	3500	0	0	0	0	0	25100	0	0	700	0	0	0	0	3500	0	0	0	0	0	25100	13300	0	1500	0	0	0	0	0	0	0	3800	0	0	0	0	0	0	0	0	0
0	26900	0	13300	27400	0	0	12200	15000	0	0	4300	44200	37200	16300	0	26100	0	44200	21000	0	44200	0	30500	18500	23000	0	26000	21000	0	32400	44200	14000	35300	28000	16400	0	20100	0	20900	49600	21900	4500	25200	3700	0	0	22700	28000	0	0	0	0	0	49600	37800	0	26000	0	0	0	24500	0	0	0	28300	0	0	0	0	3900	0	22500	6000	0
20000	58300	26300	44700	58800	7800	0	43600	46400	27400	21400	35700	75600	68600	47700	24900	57500	20700	75600	52400	20000	75600	21200	61900	49900	54400	20400	57400	52400	0	63800	75600	45400	66700	59400	47800	0	51500	20000	52300	81000	53300	35900	56600	35100	23900	26400	54100	59400	31100	3300	2400	20900	0	81000	69200	0	57400	0	20900	21100	55900	31400	0	27400	59700	24500	21800	28900	15700	35300	0	53900	37400	0
0	30900	0	17300	31400	0	0	16200	19000	0	0	8300	48200	41200	20300	0	30100	0	48200	25000	0	48200	0	34500	22500	27000	0	30000	25000	0	36400	48200	18000	39300	32000	20400	0	24100	0	24900	53600	25900	8500	29200	7700	0	0	26700	32000	3700	0	0	0	0	53600	41800	0	30000	0	0	0	28500	4000	0	0	32300	0	0	1500	0	7900	0	26500	10000	0
0	0	0	0	0	0	0	0	0	0	0	0	15900	8900	0	0	0	0	15900	0	0	15900	0	2200	0	0	0	0	0	0	4100	15900	0	7000	0	0	0	0	0	0	21300	0	0	0	0	0	0	0	0	0	0	0	0	0	21300	9500	0	0	0	0	0	0	0	0	0	0	0	0	0	0	0	0	0	0	0
0	33800	1800	20200	34300	0	0	19100	21900	2900	0	11200	51100	44100	23200	400	33000	0	51100	27900	0	51100	0	37400	25400	29900	0	32900	27900	0	39300	51100	20900	42200	34900	23300	0	27000	0	27800	56500	28800	11400	32100	10600	0	1900	29600	34900	6600	0	0	0	0	56500	44700	0	32900	0	0	0	31400	6900	0	2900	35200	0	0	4400	0	10800	0	29400	12900	0
0	36500	4500	22900	37000	0	0	21800	24600	5600	0	13900	53800	46800	25900	3100	35700	0	53800	30600	0	53800	0	40100	28100	32600	0	35600	30600	0	42000	53800	23600	44900	37600	26000	0	29700	0	30500	59200	31500	14100	34800	13300	2100	4600	32300	37600	9300	0	0	0	0	59200	47400	0	35600	0	0	0	34100	9600	0	5600	37900	2700	0	7100	0	13500	0	32100	15600	0
0	29400	0	15800	29900	0	0	14700	17500	0	0	6800	46700	39700	18800	0	28600	0	46700	23500	0	46700	0	33000	21000	25500	0	28500	23500	0	34900	46700	16500	37800	30500	18900	0	22600	0	23400	52100	24400	7000	27700	6200	0	0	25200	30500	2200	0	0	0	0	52100	40300	0	28500	0	0	0	27000	2500	0	0	30800	0	0	0	0	6400	0	25000	8500	0
4300	42600	10600	29000	43100	0	0	27900	30700	11700	5700	20000	59900	52900	32000	9200	41800	5000	59900	36700	4300	59900	5500	46200	34200	38700	4700	41700	36700	0	48100	59900	29700	51000	43700	32100	0	35800	4300	36600	65300	37600	20200	40900	19400	8200	10700	38400	43700	15400	0	0	5200	0	65300	53500	0	41700	0	5200	5400	40200	15700	0	11700	44000	8800	6100	13200	0	19600	0	38200	21700	0
0	23000	0	9400	23500	0	0	8300	11100	0	0	400	40300	33300	12400	0	22200	0	40300	17100	0	40300	0	26600	14600	19100	0	22100	17100	0	28500	40300	10100	31400	24100	12500	0	16200	0	17000	45700	18000	600	21300	0	0	0	18800	24100	0	0	0	0	0	45700	33900	0	22100	0	0	0	20600	0	0	0	24400	0	0	0	0	0	0	18600	2100	0
22600	60900	28900	47300	61400	10400	0	46200	49000	30000	24000	38300	78200	71200	50300	27500	60100	23300	78200	55000	22600	78200	23800	64500	52500	57000	23000	60000	55000	1800	66400	78200	48000	69300	62000	50400	0	54100	22600	54900	83600	55900	38500	59200	37700	26500	29000	56700	62000	33700	5900	5000	23500	0	83600	71800	0	60000	0	23500	23700	58500	34000	2600	30000	62300	27100	24400	31500	18300	37900	0	56500	40000	0
0	4400	0	0	4900	0	0	0	0	0	0	0	21700	14700	0	0	3600	0	21700	0	0	21700	0	8000	0	500	0	3500	0	0	9900	21700	0	12800	5500	0	0	0	0	0	27100	0	0	2700	0	0	0	200	5500	0	0	0	0	0	27100	15300	0	3500	0	0	0	2000	0	0	0	5800	0	0	0	0	0	0	0	0	0
0	20900	0	7300	21400	0	0	6200	9000	0	0	0	38200	31200	10300	0	20100	0	38200	15000	0	38200	0	24500	12500	17000	0	20000	15000	0	26400	38200	8000	29300	22000	10400	0	14100	0	14900	43600	15900	0	19200	0	0	0	16700	22000	0	0	0	0	0	43600	31800	0	20000	0	0	0	18500	0	0	0	22300	0	0	0	0	0	0	16500	0	0
24600	62900	30900	49300	63400	12400	0	48200	51000	32000	26000	40300	80200	73200	52300	29500	62100	25300	80200	57000	24600	80200	25800	66500	54500	59000	25000	62000	57000	3800	68400	80200	50000	71300	64000	52400	0	56100	24600	56900	85600	57900	40500	61200	39700	28500	31000	58700	64000	35700	7900	7000	25500	0	85600	73800	0	62000	300	25500	25700	60500	36000	4600	32000	64300	29100	26400	33500	20300	39900	2000	58500	42000	0

0	30	23	0	0	40	0	51	23	34	82	0	106	20	15	26	43	23	40	51	56	0	0	40	34	0	0	0	0	20	8	23	23	15	0	0	67	8	67	106	23	0	86	43	20	56	34	65	23	30	28	43	34	43	0	43	23	0	18	4	36	0	43	0	56	0	0	23	0	0	43	103	0	111	43
0	0	0	0	0	18	0	34	0	8	74	0	102	0	0	0	23	0	18	34	43	0	0	18	8	0	0	0	0	0	0	0	0	0	0	0	56	0	56	102	0	0	79	23	0	43	8	54	0	0	0	23	8	23	0	23	0	0	0	0	11	0	23	0	43	0	0	0	0	0	23	99	0	108	23
0	11	0	0	0	26	0	40	0	18	77	0	103	0	0	4	30	0	26	40	48	0	0	26	18	0	0	0	0	0	0	0	0	0	0	0	60	0	60	103	0	0	81	30	0	48	18	57	0	11	8	30	18	30	0	30	0	0	0	0	20	0	30	0	48	0	0	0	0	0	30	100	0	109	30
8	34	28	0	8	43	0	53	28	38	83	0	106	26	21	30	46	28	43	53	59	4	0	43	38	0	0	0	0	26	15	28	28	20	8	8	69	15	69	106	28	0	87	46	26	59	38	67	28	34	32	46	38	46	0	46	28	0	23	11	40	8	46	4	59	0	0	28	0	0	46	104	0	112	46
0	30	23	0	0	40	0	51	23	34	82	0	106	20	15	26	43	23	40	51	56	0	0	40	34	0	0	0	0	20	8	23	23	15	0	0	67	8	67	106	23	0	86	43	20	56	34	65	23	30	28	43	34	43	0	43	23	0	18	4	36	0	43	0	56	0	0	23	0	0	43	103	0	111	43
0	0	0	0	0	0	0	23	0	0	70	0	100	0	0	0	8	0	0	23	34	0	0	0	0	0	0	0	0	0	0	0	0	0	0	0	51	0	51	100	0	0	76	8	0	34	0	48	0	0	0	8	0	8	0	8	0	0	0	0	0	0	8	0	34	0	0	0	0	0	8	96	0	106	8
23	43	38	18	23	51	0	59	38	46	86	15	108	36	32	40	53	38	51	59	64	20	15	51	46	15	15	15	8	36	28	38	38	32	23	23	73	28	73	108	38	15	90	53	36	64	46	72	38	43	41	53	46	53	15	53	38	15	34	26	48	23	53	20	64	18	15	38	15	6	53	106	0	113	53
0	0	0	0	0	0	0	0	0	0	64	0	96	0	0	0	0	0	0	0	18	0	0	0	0	0	0	0	0	0	0	0	0	0	0	0	40	0	40	96	0	0	70	0	0	18	0	36	0	0	0	0	0	0	0	0	0	0	0	0	0	0	0	0	18	0	0	0	0	0	0	93	0	103	0
0	11	0	0	0	26	0	40	0	18	77	0	103	0	0	4	30	0	26	40	48	0	0	26	18	0	0	0	0	0	0	0	0	0	0	0	60	0	60	103	0	0	81	30	0	48	18	57	0	11	8	30	18	30	0	30	0	0	0	0	20	0	30	0	48	0	0	0	0	0	30	100	0	109	30
0	0	0	0	0	11	0	30	0	0	73	0	101	0	0	0	18	0	11	30	40	0	0	11	0	0	0	0	0	0	0	0	0	0	0	0	54	0	54	101	0	0	78	18	0	40	0	52	0	0	0	18	0	18	0	18	0	0	0	0	4	0	18	0	40	0	0	0	0	0	18	98	0	107	18
0	0	0	0	0	0	0	0	0	0	0	0	77	0	0	0	0	0	0	0	0	0	0	0	0	0	0	0	0	0	0	0	0	0	0	0	0	0	0	77	0	0	22	0	0	0	0	0	0	0	0	0	0	0	0	0	0	0	0	0	0	0	0	0	0	0	0	0	0	0	0	71	0	87	0
11	36	30	4	11	45	0	54	30	40	84	0	107	28	23	32	48	30	45	54	60	8	0	45	40	0	0	0	0	28	18	30	30	23	11	11	70	18	70	107	30	0	88	48	28	60	40	68	30	36	34	48	40	48	0	48	30	0	26	15	41	11	48	8	60	4	0	30	0	0	48	104	0	112	48
0	0	0	0	0	0	0	0	0	0	0	0	0	0	0	0	0	0	0	0	0	0	0	0	0	0	0	0	0	0	0	0	0	0	0	0	0	0	0	0	0	0	0	0	0	0	0	0	0	0	0	0	0	0	0	0	0	0	0	0	0	0	0	0	0	0	0	0	0	0	0	0	0	41	0
0	15	4	0	0	28	0	41	4	20	77	0	103	0	0	8	32	4	28	41	49	0	0	28	20	0	0	0	0	0	0	4	4	0	0	0	61	0	61	103	4	0	82	32	0	49	20	59	4	15	11	32	20	32	0	32	4	0	0	0	23	0	32	0	49	0	0	4	0	0	32	100	0	109	32
0	20	11	0	0	32	0	45	11	25	79	0	104	8	0	14	36	11	32	45	52	0	0	32	25	0	0	0	0	8	0	11	11	0	0	0	63	0	63	104	11	0	83	36	8	52	25	61	11	20	17	36	25	36	0	36	11	0	4	0	28	0	36	0	52	0	0	11	0	0	36	101	0	110	36
0	8	0	0	0	23	0	38	0	15	76	0	103	0	0	0	28	0	23	38	46	0	0	23	15	0	0	0	0	0	0	0	0	0	0	0	59	0	59	103	0	0	81	28	0	46	15	56	0	8	4	28	15	28	0	28	0	0	0	0	18	0	28	0	46	0	0	0	0	0	28	100	0	109	28
0	0	0	0	0	0	0	18	0	0	69	0	99	0	0	0	0	0	0	18	30	0	0	0	0	0	0	0	0	0	0	0	0	0	0	0	48	0	48	99	0	0	74	0	0	30	0	45	0	0	0	0	0	0	0	0	0	0	0	0	0	0	0	0	30	0	0	0	0	0	0	95	0	105	0
0	11	0	0	0	26	0	40	0	18	77	0	103	0	0	4	30	0	26	40	48	0	0	26	18	0	0	0	0	0	0	0	0	0	0	0	60	0	60	103	0	0	81	30	0	48	18	57	0	11	8	30	18	30	0	30	0	0	0	0	20	0	30	0	48	0	0	0	0	0	30	100	0	109	30
0	0	0	0	0	0	0	23	0	0	70	0	100	0	0	0	8	0	0	23	34	0	0	0	0	0	0	0	0	0	0	0	0	0	0	0	51	0	51	100	0	0	76	8	0	34	0	48	0	0	0	8	0	8	0	8	0	0	0	0	0	0	8	0	34	0	0	0	0	0	8	96	0	106	8
0	0	0	0	0	0	0	0	0	0	64	0	96	0	0	0	0	0	0	0	18	0	0	0	0	0	0	0	0	0	0	0	0	0	0	0	40	0	40	96	0	0	70	0	0	18	0	36	0	0	0	0	0	0	0	0	0	0	0	0	0	0	0	0	18	0	0	0	0	0	0	93	0	103	0
0	0	0	0	0	0	0	0	0	0	59	0	94	0	0	0	0	0	0	0	0	0	0	0	0	0	0	0	0	0	0	0	0	0	0	0	30	0	30	94	0	0	65	0	0	0	0	26	0	0	0	0	0	0	0	0	0	0	0	0	0	0	0	0	0	0	0	0	0	0	0	90	0	101	0
4	32	26	0	4	41	0	52	26	36	82	0	106	23	18	28	45	26	41	52	57	0	0	41	36	0	0	0	0	23	11	26	26	18	4	4	68	11	68	106	26	0	86	45	23	57	36	66	26	32	30	45	36	45	0	45	26	0	20	8	38	4	45	0	57	0	0	26	0	0	45	103	0	112	45
11	36	30	4	11	45	0	54	30	40	84	0	107	28	23	32	48	30	45	54	60	8	0	45	40	0	0	0	0	28	18	30	30	23	11	11	70	18	70	107	30	0	88	48	28	60	40	68	30	36	34	48	40	48	0	48	30	0	26	15	41	11	48	8	60	4	0	30	0	0	48	104	0	112	48
0	0	0	0	0	0	0	23	0	0	70	0	100	0	0	0	8	0	0	23	34	0	0	0	0	0	0	0	0	0	0	0	0	0	0	0	51	0	51	100	0	0	76	8	0	34	0	48	0	0	0	8	0	8	0	8	0	0	0	0	0	0	8	0	34	0	0	0	0	0	8	96	0	106	8
0	0	0	0	0	11	0	30	0	0	73	0	101	0	0	0	18	0	11	30	40	0	0	11	0	0	0	0	0	0	0	0	0	0	0	0	54	0	54	101	0	0	78	18	0	40	0	52	0	0	0	18	0	18	0	18	0	0	0	0	4	0	18	0	40	0	0	0	0	0	18	98	0	107	18
11	36	30	4	11	45	0	54	30	40	84	0	107	28	23	32	48	30	45	54	60	8	0	45	40	0	0	0	0	28	18	30	30	23	11	11	70	18	70	107	30	0	88	48	28	60	40	68	30	36	34	48	40	48	0	48	30	0	26	15	41	11	48	8	60	4	0	30	0	0	48	104	0	112	48
11	36	30	4	11	45	0	54	30	40	84	0	107	28	23	32	48	30	45	54	60	8	0	45	40	0	0	0	0	28	18	30	30	23	11	11	70	18	70	107	30	0	88	48	28	60	40	68	30	36	34	48	40	48	0	48	30	0	26	15	41	11	48	8	60	4	0	30	0	0	48	104	0	112	48
11	36	30	4	11	45	0	54	30	40	84	0	107	28	23	32	48	30	45	54	60	8	0	45	40	0	0	0	0	28	18	30	30	23	11	11	70	18	70	107	30	0	88	48	28	60	40	68	30	36	34	48	40	48	0	48	30	0	26	15	41	11	48	8	60	4	0	30	0	0	48	104	0	112	48
18	40	34	11	18	48	0	56	34	43	85	8	108	32	28	36	51	34	48	56	62	15	8	48	43	8	8	8	0	32	23	34	34	28	18	18	72	23	72	108	34	8	89	51	32	62	43	70	34	40	38	51	43	51	8	51	34	8	30	20	45	18	51	15	62	11	8	34	8	0	51	105	0	112	51
0	15	4	0	0	28	0	41	4	20	77	0	103	0	0	8	32	4	28	41	49	0	0	28	20	0	0	0	0	0	0	4	4	0	0	0	61	0	61	103	4	0	82	32	0	49	20	59	4	15	11	32	20	32	0	32	4	0	0	0	23	0	32	0	49	0	0	4	0	0	32	100	0	109	32
0	26	18	0	0	36	0	48	18	30	80	0	105	15	8	20	40	18	36	48	54	0	0	36	30	0	0	0	0	15	0	18	18	8	0	0	65	0	65	105	18	0	85	40	15	54	30	63	18	26	23	40	30	40	0	40	18	0	11	0	32	0	40	0	54	0	0	18	0	0	40	102	0	111	40
0	11	0	0	0	26	0	40	0	18	77	0	103	0	0	4	30	0	26	40	48	0	0	26	18	0	0	0	0	0	0	0	0	0	0	0	60	0	60	103	0	0	81	30	0	48	18	57	0	11	8	30	18	30	0	30	0	0	0	0	20	0	30	0	48	0	0	0	0	0	30	100	0	109	30
0	11	0	0	0	26	0	40	0	18	77	0	103	0	0	4	30	0	26	40	48	0	0	26	18	0	0	0	0	0	0	0	0	0	0	0	60	0	60	103	0	0	81	30	0	48	18	57	0	11	8	30	18	30	0	30	0	0	0	0	20	0	30	0	48	0	0	0	0	0	30	100	0	109	30
0	20	11	0	0	32	0	45	11	26	79	0	104	8	0	15	36	11	32	45	52	0	0	32	26	0	0	0	0	8	0	11	11	0	0	0	63	0	63	104	11	0	83	36	8	52	26	61	11	20	18	36	26	36	0	36	11	0	4	0	28	0	36	0	52	0	0	11	0	0	36	101	0	110	36
0	30	23	0	0	40	0	51	23	34	82	0	106	20	15	26	43	23	40	51	56	0	0	40	34	0	0	0	0	20	8	23	23	15	0	0	67	8	67	106	23	0	86	43	20	56	34	65	23	30	28	43	34	43	0	43	23	0	18	4	36	0	43	0	56	0	0	23	0	0	43	103	0	111	43
0	30	23	0	0	40	0	51	23	34	82	0	106	20	15	26	43	23	40	51	56	0	0	40	34	0	0	0	0	20	8	23	23	15	0	0	67	8	67	106	23	0	86	43	20	56	34	65	23	30	28	43	34	43	0	43	23	0	18	4	36	0	43	0	56	0	0	23	0	0	43	103	0	111	43
0	0	0	0	0	0	0	0	0	0	45	0	89	0	0	0	0	0	0	0	0	0	0	0	0	0	0	0	0	0	0	0	0	0	0	0	0	0	0	89	0	0	54	0	0	0	0	0	0	0	0	0	0	0	0	0	0	0	0	0	0	0	0	0	0	0	0	0	0	0	0	85	0	97	0
0	26	18	0	0	36	0	48	18	30	80	0	105	15	8	20	40	18	36	48	54	0	0	36	30	0	0	0	0	15	0	18	18	8	0	0	65	0	65	105	18	0	85	40	15	54	30	63	18	26	23	40	30	40	0	40	18	0	11	0	32	0	40	0	54	0	0	18	0	0	40	102	0	111	40
0	0	0	0	0	0	0	0	0	0	45	0	89	0	0	0	0	0	0	0	0	0	0	0	0	0	0	0	0	0	0	0	0	0	0	0	0	0	0	89	0	0	54	0	0	0	0	0	0	0	0	0	0	0	0	0	0	0	0	0	0	0	0	0	0	0	0	0	0	0	0	85	0	97	0
0	0	0	0	0	0	0	0	0	0	0	0	0	0	0	0	0	0	0	0	0	0	0	0	0	0	0	0	0	0	0	0	0	0	0	0	0	0	0	0	0	0	0	0	0	0	0	0	0	0	0	0	0	0	0	0	0	0	0	0	0	0	0	0	0	0	0	0	0	0	0	0	0	41	0
0	11	0	0	0	26	0	40	0	18	77	0	103	0	0	4	30	0	26	40	48	0	0	26	18	0	0	0	0	0	0	0	0	0	0	0	60	0	60	103	0	0	81	30	0	48	18	57	0	11	8	30	18	30	0	30	0	0	0	0	20	0	30	0	48	0	0	0	0	0	30	100	0	109	30
11	36	30	4	11	45	0	54	30	40	84	0	107	28	23	32	48	30	45	54	60	8	0	45	40	0	0	0	0	28	18	30	30	23	11	11	70	18	70	107	30	0	88	48	28	60	40	68	30	36	34	48	40	48	0	48	30	0	26	15	41	11	48	8	60	4	0	30	0	0	48	104	0	112	48
0	0	0	0	0	0	0	0	0	0	0	0	72	0	0	0	0	0	0	0	0	0	0	0	0	0	0	0	0	0	0	0	0	0	0	0	0	0	0	72	0	0	0	0	0	0	0	0	0	0	0	0	0	0	0	0	0	0	0	0	0	0	0	0	0	0	0	0	0	0	0	65	0	83	0
0	0	0	0	0	0	0	18	0	0	69	0	99	0	0	0	0	0	0	18	30	0	0	0	0	0	0	0	0	0	0	0	0	0	0	0	48	0	48	99	0	0	74	0	0	30	0	45	0	0	0	0	0	0	0	0	0	0	0	0	0	0	0	0	30	0	0	0	0	0	0	95	0	105	0
0	15	4	0	0	28	0	41	4	20	77	0	103	0	0	8	32	4	28	41	49	0	0	28	20	0	0	0	0	0	0	4	4	0	0	0	61	0	61	103	4	0	82	32	0	49	20	59	4	15	11	32	20	32	0	32	4	0	0	0	23	0	32	0	49	0	0	4	0	0	32	100	0	109	32
0	0	0	0	0	0	0	0	0	0	59	0	94	0	0	0	0	0	0	0	0	0	0	0	0	0	0	0	0	0	0	0	0	0	0	0	30	0	30	94	0	0	65	0	0	0	0	26	0	0	0	0	0	0	0	0	0	0	0	0	0	0	0	0	0	0	0	0	0	0	0	90	0	101	0
0	0	0	0	0	11	0	30	0	0	73	0	101	0	0	0	18	0	11	30	40	0	0	11	0	0	0	0	0	0	0	0	0	0	0	0	54	0	54	101	0	0	78	18	0	40	0	52	0	0	0	18	0	18	0	18	0	0	0	0	4	0	18	0	40	0	0	0	0	0	18	98	0	107	18
0	0	0	0	0	0	0	0	0	0	48	0	90	0	0	0	0	0	0	0	0	0	0	0	0	0	0	0	0	0	0	0	0	0	0	0	8	0	8	90	0	0	56	0	0	0	0	0	0	0	0	0	0	0	0	0	0	0	0	0	0	0	0	0	0	0	0	0	0	0	0	86	0	98	0
0	11	0	0	0	26	0	40	0	18	77	0	103	0	0	4	30	0	26	40	48	0	0	26	18	0	0	0	0	0	0	0	0	0	0	0	60	0	60	103	0	0	81	30	0	48	18	57	0	11	8	30	18	30	0	30	0	0	0	0	20	0	30	0	48	0	0	0	0	0	30	100	0	109	30
0	0	0	0	0	18	0	34	0	8	74	0	102	0	0	0	23	0	18	34	43	0	0	18	8	0	0	0	0	0	0	0	0	0	0	0	56	0	56	102	0	0	79	23	0	43	8	54	0	0	0	23	8	23	0	23	0	0	0	0	11	0	23	0	43	0	0	0	0	0	23	99	0	108	23
0	4	0	0	0	20	0	36	0	11	75	0	102	0	0	0	26	0	20	36	45	0	0	20	11	0	0	0	0	0	0	0	0	0	0	0	57	0	57	102	0	0	80	26	0	45	11	56	0	4	0	26	11	26	0	26	0	0	0	0	15	0	26	0	45	0	0	0	0	0	26	99	0	108	26
0	0	0	0	0	0	0	18	0	0	69	0	99	0	0	0	0	0	0	18	30	0	0	0	0	0	0	0	0	0	0	0	0	0	0	0	48	0	48	99	0	0	74	0	0	30	0	45	0	0	0	0	0	0	0	0	0	0	0	0	0	0	0	0	30	0	0	0	0	0	0	95	0	105	0
0	0	0	0	0	11	0	30	0	0	73	0	101	0	0	0	18	0	11	30	40	0	0	11	0	0	0	0	0	0	0	0	0	0	0	0	54	0	54	101	0	0	78	18	0	40	0	52	0	0	0	18	0	18	0	18	0	0	0	0	4	0	18	0	40	0	0	0	0	0	18	98	0	107	18
0	0	0	0	0	0	0	18	0	0	69	0	99	0	0	0	0	0	0	18	30	0	0	0	0	0	0	0	0	0	0	0	0	0	0	0	48	0	48	99	0	0	74	0	0	30	0	45	0	0	0	0	0	0	0	0	0	0	0	0	0	0	0	0	30	0	0	0	0	0	0	95	0	105	0
11	36	30	4	11	45	0	54	30	40	84	0	107	28	23	32	48	30	45	54	60	8	0	45	40	0	0	0	0	28	18	30	30	23	11	11	70	18	70	107	30	0	88	48	28	60	40	68	30	36	34	48	40	48	0	48	30	0	26	15	41	11	48	8	60	4	0	30	0	0	48	104	0	112	48
0	0	0	0	0	0	0	18	0	0	69	0	99	0	0	0	0	0	0	18	30	0	0	0	0	0	0	0	0	0	0	0	0	0	0	0	48	0	48	99	0	0	74	0	0	30	0	45	0	0	0	0	0	0	0	0	0	0	0	0	0	0	0	0	30	0	0	0	0	0	0	95	0	105	0
0	11	0	0	0	26	0	40	0	18	77	0	103	0	0	4	30	0	26	40	48	0	0	26	18	0	0	0	0	0	0	0	0	0	0	0	60	0	60	103	0	0	81	30	0	48	18	57	0	11	8	30	18	30	0	30	0	0	0	0	20	0	30	0	48	0	0	0	0	0	30	100	0	109	30
11	36	30	4	11	45	0	54	30	40	84	0	107	28	23	32	48	30	45	54	60	8	0	45	40	0	0	0	0	28	18	30	30	23	11	11	70	18	70	107	30	0	88	48	28	60	40	68	30	36	34	48	40	48	0	48	30	0	26	15	41	11	48	8	60	4	0	30	0	0	48	104	0	112	48
0	18	8	0	0	30	0	43	8	23	78	0	104	4	0	11	34	8	30	43	51	0	0	30	23	0	0	0	0	4	0	8	8	0	0	0	62	0	62	104	8	0	83	34	4	51	23	60	8	18	15	34	23	34	0	34	8	0	0	0	26	0	34	0	51	0	0	8	0	0	34	101	0	110	34
0	28	20	0	0	38	0	49	20	32	81	0	105	18	12	23	41	20	38	49	56	0	0	38	32	0	0	0	0	18	4	20	20	11	0	0	66	4	66	105	20	0	85	41	18	56	32	64	20	28	26	41	32	41	0	41	20	0	15	0	34	0	41	0	56	0	0	20	0	0	41	103	0	111	41
0	0	0	0	0	8	0	28	0	0	72	0	100	0	0	0	15	0	8	28	38	0	0	8	0	0	0	0	0	0	0	0	0	0	0	0	53	0	53	100	0	0	77	15	0	38	0	51	0	0	0	15	0	15	0	15	0	0	0	0	0	0	15	0	38	0	0	0	0	0	15	97	0	107	15
0	30	23	0	0	40	0	51	23	34	82	0	106	20	15	26	43	23	40	51	56	0	0	40	34	0	0	0	0	20	8	23	23	15	0	0	67	8	67	106	23	0	86	43	20	56	34	65	23	30	28	43	34	43	0	43	23	0	18	4	36	0	43	0	56	0	0	23	0	0	43	103	0	111	43
0	0	0	0	0	0	0	18	0	0	69	0	99	0	0	0	0	0	0	18	30	0	0	0	0	0	0	0	0	0	0	0	0	0	0	0	48	0	48	99	0	0	74	0	0	30	0	45	0	0	0	0	0	0	0	0	0	0	0	0	0	0	0	0	30	0	0	0	0	0	0	95	0	105	0
4	32	26	0	4	41	0	52	26	36	82	0	106	23	18	28	45	26	41	52	57	0	0	41	36	0	0	0	0	23	11	26	26	18	4	4	68	11	68	106	26	0	86	45	23	57	36	66	26	32	30	45	36	45	0	45	26	0	20	8	38	4	45	0	57	0	0	26	0	0	45	103	0	112	45
0	0	0	0	0	0	0	0	0	0	59	0	94	0	0	0	0	0	0	0	0	0	0	0	0	0	0	0	0	0	0	0	0	0	0	0	30	0	30	94	0	0	65	0	0	0	0	26	0	0	0	0	0	0	0	0	0	0	0	0	0	0	0	0	0	0	0	0	0	0	0	90	0	101	0
8	34	28	0	8	43	0	53	28	38	83	0	106	26	21	30	46	28	43	53	59	4	0	43	38	0	0	0	0	26	15	28	28	20	8	8	69	15	69	106	28	0	87	46	26	59	38	67	28	34	32	46	38	46	0	46	28	0	23	11	40	8	46	4	59	0	0	28	0	0	46	104	0	112	46
11	36	30	4	11	45	0	54	30	40	84	0	107	28	23	32	48	30	45	54	60	8	0	45	40	0	0	0	0	28	18	30	30	23	11	11	70	18	70	107	30	0	88	48	28	60	40	68	30	36	34	48	40	48	0	48	30	0	26	15	41	11	48	8	60	4	0	30	0	0	48	104	0	112	48
0	11	0	0	0	26	0	40	0	18	77	0	103	0	0	4	30	0	26	40	48	0	0	26	18	0	0	0	0	0	0	0	0	0	0	0	60	0	60	103	0	0	81	30	0	48	18	57	0	11	8	30	18	30	0	30	0	0	0	0	20	0	30	0	48	0	0	0	0	0	30	100	0	109	30
11	36	30	4	11	45	0	54	30	40	84	0	107	28	23	32	48	30	45	54	60	8	0	45	40	0	0	0	0	28	18	30	30	23	11	11	70	18	70	107	30	0	88	48	28	60	40	68	30	36	34	48	40	48	0	48	30	0	26	15	41	11	48	8	60	4	0	30	0	0	48	104	0	112	48
19	41	35	13	19	48	0	56	35	44	85	10	108	33	28	37	51	35	48	56	63	16	10	48	44	10	10	10	2	33	24	35	35	28	19	19	72	24	72	108	35	10	89	51	33	63	44	70	35	41	39	51	44	51	10	51	35	10	31	22	45	19	51	16	63	13	10	35	10	0	51	105	0	112	51
0	0	0	0	0	0	0	18	0	0	69	0	99	0	0	0	0	0	0	18	30	0	0	0	0	0	0	0	0	0	0	0	0	0	0	0	48	0	48	99	0	0	74	0	0	30	0	45	0	0	0	0	0	0	0	0	0	0	0	0	0	0	0	0	30	0	0	0	0	0	0	95	0	105	0
0	0	0	0	0	0	0	0	0	0	0	0	23	0	0	0	0	0	0	0	0	0	0	0	0	0	0	0	0	0	0	0	0	0	0	0	0	0	0	23	0	0	0	0	0	0	0	0	0	0	0	0	0	0	0	0	0	0	0	0	0	0	0	0	0	0	0	0	0	0	0	0	0	52	0
24	44	39	19	24	51	2	60	39	47	86	16	108	37	33	41	54	39	51	60	65	22	16	51	47	16	16	16	10	37	28	39	39	33	24	24	74	28	74	108	39	16	90	54	37	65	47	72	39	44	42	54	47	54	16	54	39	16	35	27	48	24	54	22	65	19	16	39	16	8	54	106	0	113	54
0	0	0	0	0	0	0	0	0	0	0	0	0	0	0	0	0	0	0	0	0	0	0	0	0	0	0	0	0	0	0	0	0	0	0	0	0	0	0	0	0	0	0	0	0	0	0	0	0	0	0	0	0	0	0	0	0	0	0	0	0	0	0	0	0	0	0	0	0	0	0	0	0	0	0
0	0	0	0	0	0	0	18	0	0	69	0	99	0	0	0	0	0	0	18	30	0	0	0	0	0	0	0	0	0	0	0	0	0	0	0	48	0	48	99	0	0	74	0	0	30	0	45	0	0	0	0	0	0	0	0	0	0	0	0	0	0	0	0	30	0	0	0	0	0	0	95	0	105	0

0	0	0	8	0	0	23	0	0	0	0	11	0	0	0	0	0	0	0	0	0	4	11	0	0	11	11	11	18	0	0	0	0	0	0	0	0	0	0	0	0	11	0	0	0	0	0	0	0	0	0	0	0	0	11	0	0	11	0	0	0	0	0	4	0	8	11	0	11	19	0	0	24	0	0
30	0	11	34	30	0	43	0	11	0	0	36	0	15	20	8	0	11	0	0	0	32	36	0	0	36	36	36	40	15	26	11	11	20	30	30	0	26	0	0	11	36	0	0	15	0	0	0	11	0	4	0	0	0	36	0	11	36	18	28	0	30	0	32	0	34	36	11	36	41	0	0	44	0	0
23	0	0	28	23	0	38	0	0	0	0	30	0	4	11	0	0	0	0	0	0	26	30	0	0	30	30	30	34	4	18	0	0	11	23	23	0	18	0	0	0	30	0	0	4	0	0	0	0	0	0	0	0	0	30	0	0	30	8	20	0	23	0	26	0	28	30	0	30	35	0	0	39	0	0
0	0	0	0	0	0	18	0	0	0	0	4	0	0	0	0	0	0	0	0	0	0	4	0	0	4	4	4	11	0	0	0	0	0	0	0	0	0	0	0	0	4	0	0	0	0	0	0	0	0	0	0	0	0	4	0	0	4	0	0	0	0	0	0	0	0	4	0	4	13	0	0	19	0	0
0	0	0	8	0	0	23	0	0	0	0	11	0	0	0	0	0	0	0	0	0	4	11	0	0	11	11	11	18	0	0	0	0	0	0	0	0	0	0	0	0	11	0	0	0	0	0	0	0	0	0	0	0	0	11	0	0	11	0	0	0	0	0	4	0	8	11	0	11	19	0	0	24	0	0
40	18	26	43	40	0	51	0	26	11	0	45	0	28	32	23	0	26	0	0	0	41	45	0	11	45	45	45	48	28	36	26	26	32	40	40	0	36	0	0	26	45	0	0	28	0	11	0	26	18	20	0	11	0	45	0	26	45	30	38	8	40	0	41	0	43	45	26	45	48	0	0	51	0	0
0	0	0	0	0	0	0	0	0	0	0	0	0	0	0	0	0	0	0	0	0	0	0	0	0	0	0	0	0	0	0	0	0	0	0	0	0	0	0	0	0	0	0	0	0	0	0	0	0	0	0	0	0	0	0	0	0	0	0	0	0	0	0	0	0	0	0	0	0	0	0	0	2	0	0
51	34	40	53	51	23	59	0	40	30	0	54	0	41	45	38	18	40	23	0	0	52	54	23	30	54	54	54	56	41	48	40	40	45	51	51	0	48	0	0	40	54	0	18	41	0	30	0	40	34	36	18	30	18	54	18	40	54	43	49	28	51	18	52	0	53	54	40	54	56	18	0	60	0	18
23	0	0	28	23	0	38	0	0	0	0	30	0	4	11	0	0	0	0	0	0	26	30	0	0	30	30	30	34	4	18	0	0	11	23	23	0	18	0	0	0	30	0	0	4	0	0	0	0	0	0	0	0	0	30	0	0	30	8	20	0	23	0	26	0	28	30	0	30	35	0	0	39	0	0
34	8	18	38	34	0	46	0	18	0	0	40	0	20	25	15	0	18	0	0	0	36	40	0	0	40	40	40	43	20	30	18	18	26	34	34	0	30	0	0	18	40	0	0	20	0	0	0	18	8	11	0	0	0	40	0	18	40	23	32	0	34	0	36	0	38	40	18	40	44	0	0	47	0	0
82	74	77	83	82	70	86	64	77	73	0	84	0	77	79	76	69	77	70	64	59	82	84	70	73	84	84	84	85	77	80	77	77	79	82	82	45	80	45	0	77	84	0	69	77	59	73	48	77	74	75	69	73	69	84	69	77	84	78	81	72	82	69	82	59	83	84	77	84	85	69	0	86	0	69
0	0	0	0	0	0	15	0	0	0	0	0	0	0	0	0	0	0	0	0	0	0	0	0	0	0	0	0	8	0	0	0	0	0	0	0	0	0	0	0	0	0	0	0	0	0	0	0	0	0	0	0	0	0	0	0	0	0	0	0	0	0	0	0	0	0	0	0	0	10	0	0	16	0	0
106	102	103	106	106	100	108	96	103	101	77	107	0	103	104	103	99	103	100	96	94	106	107	100	101	107	107	107	108	103	105	103	103	104	106	106	89	105	89	0	103	107	72	99	103	94	101	90	103	102	102	99	101	99	107	99	103	107	104	105	100	106	99	106	94	106	107	103	107	108	99	23	108	0	99
20	0	0	26	20	0	36	0	0	0	0	28	0	0	8	0	0	0	0	0	0	23	28	0	0	28	28	28	32	0	15	0	0	8	20	20	0	15	0	0	0	28	0	0	0	0	0	0	0	0	0	0	0	0	28	0	0	28	4	18	0	20	0	23	0	26	28	0	28	33	0	0	37	0	0
15	0	0	21	15	0	32	0	0	0	0	23	0	0	0	0	0	0	0	0	0	18	23	0	0	23	23	23	28	0	8	0	0	0	15	15	0	8	0	0	0	23	0	0	0	0	0	0	0	0	0	0	0	0	23	0	0	23	0	12	0	15	0	18	0	21	23	0	23	28	0	0	33	0	0
26	0	4	30	26	0	40	0	4	0	0	32	0	8	14	0	0	4	0	0	0	28	32	0	0	32	32	32	36	8	20	4	4	15	26	26	0	20	0	0	4	32	0	0	8	0	0	0	4	0	0	0	0	0	32	0	4	32	11	23	0	26	0	28	0	30	32	4	32	37	0	0	41	0	0
43	23	30	46	43	8	53	0	30	18	0	48	0	32	36	28	0	30	8	0	0	45	48	8	18	48	48	48	51	32	40	30	30	36	43	43	0	40	0	0	30	48	0	0	32	0	18	0	30	23	26	0	18	0	48	0	30	48	34	41	15	43	0	45	0	46	48	30	48	51	0	0	54	0	0
23	0	0	28	23	0	38	0	0	0	0	30	0	4	11	0	0	0	0	0	0	26	30	0	0	30	30	30	34	4	18	0	0	11	23	23	0	18	0	0	0	30	0	0	4	0	0	0	0	0	0	0	0	0	30	0	0	30	8	20	0	23	0	26	0	28	30	0	30	35	0	0	39	0	0
40	18	26	43	40	0	51	0	26	11	0	45	0	28	32	23	0	26	0	0	0	41	45	0	11	45	45	45	48	28	36	26	26	32	40	40	0	36	0	0	26	45	0	0	28	0	11	0	26	18	20	0	11	0	45	0	26	45	30	38	8	40	0	41	0	43	45	26	45	48	0	0	51	0	0
51	34	40	53	51	23	59	0	40	30	0	54	0	41	45	38	18	40	23	0	0	52	54	23	30	54	54	54	56	41	48	40	40	45	51	51	0	48	0	0	40	54	0	18	41	0	30	0	40	34	36	18	30	18	54	18	40	54	43	49	28	51	18	52	0	53	54	40	54	56	18	0	60	0	18
56	43	48	59	56	34	64	18	48	40	0	60	0	49	52	46	30	48	34	18	0	57	60	34	40	60	60	60	62	49	54	48	48	52	56	56	0	54	0	0	48	60	0	30	49	0	40	0	48	43	45	30	40	30	60	30	48	60	51	56	38	56	30	57	0	59	60	48	60	63	30	0	65	0	30
0	0	0	4	0	0	20	0	0	0	0	8	0	0	0	0	0	0	0	0	0	0	8	0	0	8	8	8	15	0	0	0	0	0	0	0	0	0	0	0	0	8	0	0	0	0	0	0	0	0	0	0	0	0	8	0	0	8	0	0	0	0	0	0	0	4	8	0	8	16	0	0	22	0	0
0	0	0	0	0	0	15	0	0	0	0	0	0	0	0	0	0	0	0	0	0	0	0	0	0	0	0	0	8	0	0	0	0	0	0	0	0	0	0	0	0	0	0	0	0	0	0	0	0	0	0	0	0	0	0	0	0	0	0	0	0	0	0	0	0	0	0	0	0	10	0	0	16	0	0
40	18	26	43	40	0	51	0	26	11	0	45	0	28	32	23	0	26	0	0	0	41	45	0	11	45	45	45	48	28	36	26	26	32	40	40	0	36	0	0	26	45	0	0	28	0	11	0	26	18	20	0	11	0	45	0	26	45	30	38	8	40	0	41	0	43	45	26	45	48	0	0	51	0	0
34	8	18	38	34	0	46	0	18	0	0	40	0	20	25	15	0	18	0	0	0	36	40	0	0	40	40	40	43	20	30	18	18	26	34	34	0	30	0	0	18	40	0	0	20	0	0	0	18	8	11	0	0	0	40	0	18	40	23	32	0	34	0	36	0	38	40	18	40	44	0	0	47	0	0
0	0	0	0	0	0	15	0	0	0	0	0	0	0	0	0	0	0	0	0	0	0	0	0	0	0	0	0	8	0	0	0	0	0	0	0	0	0	0	0	0	0	0	0	0	0	0	0	0	0	0	0	0	0	0	0	0	0	0	0	0	0	0	0	0	0	0	0	0	10	0	0	16	0	0
0	0	0	0	0	0	15	0	0	0	0	0	0	0	0	0	0	0	0	0	0	0	0	0	0	0	0	0	8	0	0	0	0	0	0	0	0	0	0	0	0	0	0	0	0	0	0	0	0	0	0	0	0	0	0	0	0	0	0	0	0	0	0	0	0	0	0	0	0	10	0	0	16	0	0
0	0	0	0	0	0	15	0	0	0	0	0	0	0	0	0	0	0	0	0	0	0	0	0	0	0	0	0	8	0	0	0	0	0	0	0	0	0	0	0	0	0	0	0	0	0	0	0	0	0	0	0	0	0	0	0	0	0	0	0	0	0	0	0	0	0	0	0	0	10	0	0	16	0	0
0	0	0	0	0	0	8	0	0	0	0	0	0	0	0	0	0	0	0	0	0	0	0	0	0	0	0	0	0	0	0	0	0	0	0	0	0	0	0	0	0	0	0	0	0	0	0	0	0	0	0	0	0	0	0	0	0	0	0	0	0	0	0	0	0	0	0	0	0	2	0	0	10	0	0
20	0	0	26	20	0	36	0	0	0	0	28	0	0	8	0	0	0	0	0	0	23	28	0	0	28	28	28	32	0	15	0	0	8	20	20	0	15	0	0	0	28	0	0	0	0	0	0	0	0	0	0	0	0	28	0	0	28	4	18	0	20	0	23	0	26	28	0	28	33	0	0	37	0	0
8	0	0	15	8	0	28	0	0	0	0	18	0	0	0	0	0	0	0	0	0	11	18	0	0	18	18	18	23	0	0	0	0	0	8	8	0	0	0	0	0	18	0	0	0	0	0	0	0	0	0	0	0	0	18	0	0	18	0	4	0	8	0	11	0	15	18	0	18	24	0	0	28	0	0
23	0	0	28	23	0	38	0	0	0	0	30	0	4	11	0	0	0	0	0	0	26	30	0	0	30	30	30	34	4	18	0	0	11	23	23	0	18	0	0	0	30	0	0	4	0	0	0	0	0	0	0	0	0	30	0	0	30	8	20	0	23	0	26	0	28	30	0	30	35	0	0	39	0	0
23	0	0	28	23	0	38	0	0	0	0	30	0	4	11	0	0	0	0	0	0	26	30	0	0	30	30	30	34	4	18	0	0	11	23	23	0	18	0	0	0	30	0	0	4	0	0	0	0	0	0	0	0	0	30	0	0	30	8	20	0	23	0	26	0	28	30	0	30	35	0	0	39	0	0
15	0	0	20	15	0	32	0	0	0	0	23	0	0	0	0	0	0	0	0	0	18	23	0	0	23	23	23	28	0	8	0	0	0	15	15	0	8	0	0	0	23	0	0	0	0	0	0	0	0	0	0	0	0	23	0	0	23	0	11	0	15	0	18	0	20	23	0	23	28	0	0	33	0	0
0	0	0	8	0	0	23	0	0	0	0	11	0	0	0	0	0	0	0	0	0	4	11	0	0	11	11	11	18	0	0	0	0	0	0	0	0	0	0	0	0	11	0	0	0	0	0	0	0	0	0	0	0	0	11	0	0	11	0	0	0	0	0	4	0	8	11	0	11	19	0	0	24	0	0
0	0	0	8	0	0	23	0	0	0	0	11	0	0	0	0	0	0	0	0	0	4	11	0	0	11	11	11	18	0	0	0	0	0	0	0	0	0	0	0	0	11	0	0	0	0	0	0	0	0	0	0	0	0	11	0	0	11	0	0	0	0	0	4	0	8	11	0	11	19	0	0	24	0	0
67	56	60	69	67	51	73	40	60	54	0	70	0	61	63	59	48	60	51	40	30	68	70	51	54	70	70	70	72	61	65	60	60	63	67	67	0	65	0	0	60	70	0	48	61	30	54	8	60	56	57	48	54	48	70	48	60	70	62	66	53	67	48	68	30	69	70	60	70	72	48	0	74	0	48
8	0	0	15	8	0	28	0	0	0	0	18	0	0	0	0	0	0	0	0	0	11	18	0	0	18	18	18	23	0	0	0	0	0	8	8	0	0	0	0	0	18	0	0	0	0	0	0	0	0	0	0	0	0	18	0	0	18	0	4	0	8	0	11	0	15	18	0	18	24	0	0	28	0	0
67	56	60	69	67	51	73	40	60	54	0	70	0	61	63	59	48	60	51	40	30	68	70	51	54	70	70	70	72	61	65	60	60	63	67	67	0	65	0	0	60	70	0	48	61	30	54	8	60	56	57	48	54	48	70	48	60	70	62	66	53	67	48	68	30	69	70	60	70	72	48	0	74	0	48
106	102	103	106	106	100	108	96	103	101	77	107	0	103	104	103	99	103	100	96	94	106	107	100	101	107	107	107	108	103	105	103	103	104	106	106	89	105	89	0	103	107	72	99	103	94	101	90	103	102	102	99	101	99	107	99	103	107	104	105	100	106	99	106	94	106	107	103	107	108	99	23	108	0	99
23	0	0	28	23	0	38	0	0	0	0	30	0	4	11	0	0	0	0	0	0	26	30	0	0	30	30	30	34	4	18	0	0	11	23	23	0	18	0	0	0	30	0	0	4	0	0	0	0	0	0	0	0	0	30	0	0	30	8	20	0	23	0	26	0	28	30	0	30	35	0	0	39	0	0
0	0	0	0	0	0	15	0	0	0	0	0	0	0	0	0	0	0	0	0	0	0	0	0	0	0	0	0	8	0	0	0	0	0	0	0	0	0	0	0	0	0	0	0	0	0	0	0	0	0	0	0	0	0	0	0	0	0	0	0	0	0	0	0	0	0	0	0	0	10	0	0	16	0	0
86	79	81	87	86	76	90	70	81	78	22	88	0	82	83	81	74	81	76	70	65	86	88	76	78	88	88	88	89	82	85	81	81	83	86	86	54	85	54	0	81	88	0	74	82	65	78	56	81	79	80	74	78	74	88	74	81	88	83	85	77	86	74	86	65	87	88	81	88	89	74	0	90	0	74
43	23	30	46	43	8	53	0	30	18	0	48	0	32	36	28	0	30	8	0	0	45	48	8	18	48	48	48	51	32	40	30	30	36	43	43	0	40	0	0	30	48	0	0	32	0	18	0	30	23	26	0	18	0	48	0	30	48	34	41	15	43	0	45	0	46	48	30	48	51	0	0	54	0	0
20	0	0	26	20	0	36	0	0	0	0	28	0	0	8	0	0	0	0	0	0	23	28	0	0	28	28	28	32	0	15	0	0	8	20	20	0	15	0	0	0	28	0	0	0	0	0	0	0	0	0	0	0	0	28	0	0	28	4	18	0	20	0	23	0	26	28	0	28	33	0	0	37	0	0
56	43	48	59	56	34	64	18	48	40	0	60	0	49	52	46	30	48	34	18	0	57	60	34	40	60	60	60	62	49	54	48	48	52	56	56	0	54	0	0	48	60	0	30	49	0	40	0	48	43	45	30	40	30	60	30	48	60	51	56	38	56	30	57	0	59	60	48	60	63	30	0	65	0	30
34	8	18	38	34	0	46	0	18	0	0	40	0	20	25	15	0	18	0	0	0	36	40	0	0	40	40	40	43	20	30	18	18	26	34	34	0	30	0	0	18	40	0	0	20	0	0	0	18	8	11	0	0	0	40	0	18	40	23	32	0	34	0	36	0	38	40	18	40	44	0	0	47	0	0
65	54	57	67	65	48	72	36	57	52	0	68	0	59	61	56	45	57	48	36	26	66	68	48	52	68	68	68	70	59	63	57	57	61	65	65	0	63	0	0	57	68	0	45	59	26	52	0	57	54	56	45	52	45	68	45	57	68	60	64	51	65	45	66	26	67	68	57	68	70	45	0	72	0	45
23	0	0	28	23	0	38	0	0	0	0	30	0	4	11	0	0	0	0	0	0	26	30	0	0	30	30	30	34	4	18	0	0	11	23	23	0	18	0	0	0	30	0	0	4	0	0	0	0	0	0	0	0	0	30	0	0	30	8	20	0	23	0	26	0	28	30	0	30	35	0	0	39	0	0
30	0	11	34	30	0	43	0	11	0	0	36	0	15	20	8	0	11	0	0	0	32	36	0	0	36	36	36	40	15	26	11	11	20	30	30	0	26	0	0	11	36	0	0	15	0	0	0	11	0	4	0	0	0	36	0	11	36	18	28	0	30	0	32	0	34	36	11	36	41	0	0	44	0	0
28	0	8	32	28	0	41	0	8	0	0	34	0	11	17	4	0	8	0	0	0	30	34	0	0	34	34	34	38	11	23	8	8	18	28	28	0	23	0	0	8	34	0	0	11	0	0	0	8	0	0	0	0	0	34	0	8	34	15	26	0	28	0	30	0	32	34	8	34	39	0	0	42	0	0
43	23	30	46	43	8	53	0	30	18	0	48	0	32	36	28	0	30	8	0	0	45	48	8	18	48	48	48	51	32	40	30	30	36	43	43	0	40	0	0	30	48	0	0	32	0	18	0	30	23	26	0	18	0	48	0	30	48	34	41	15	43	0	45	0	46	48	30	48	51	0	0	54	0	0
34	8	18	38	34	0	46	0	18	0	0	40	0	20	25	15	0	18	0	0	0	36	40	0	0	40	40	40	43	20	30	18	18	26	34	34	0	30	0	0	18	40	0	0	20	0	0	0	18	8	11	0	0	0	40	0	18	40	23	32	0	34	0	36	0	38	40	18	40	44	0	0	47	0	0
43	23	30	46	43	8	53	0	30	18	0	48	0	32	36	28	0	30	8	0	0	45	48	8	18	48	48	48	51	32	40	30	30	36	43	43	0	40	0	0	30	48	0	0	32	0	18	0	30	23	26	0	18	0	48	0	30	48	34	41	15	43	0	45	0	46	48	30	48	51	0	0	54	0	0
0	0	0	0	0	0	15	0	0	0	0	0	0	0	0	0	0	0	0	0	0	0	0	0	0	0	0	0	8	0	0	0	0	0	0	0	0	0	0	0	0	0	0	0	0	0	0	0	0	0	0	0	0	0	0	0	0	0	0	0	0	0	0	0	0	0	0	0	0	10	0	0	16	0	0
43	23	30	46	43	8	53	0	30	18	0	48	0	32	36	28	0	30	8	0	0	45	48	8	18	48	48	48	51	32	40	30	30	36	43	43	0	40	0	0	30	48	0	0	32	0	18	0	30	23	26	0	18	0	48	0	30	48	34	41	15	43	0	45	0	46	48	30	48	51	0	0	54	0	0
23	0	0	28	23	0	38	0	0	0	0	30	0	4	11	0	0	0	0	0	0	26	30	0	0	30	30	30	34	4	18	0	0	11	23	23	0	18	0	0	0	30	0	0	4	0	0	0	0	0	0	0	0	0	30	0	0	30	8	20	0	23	0	26	0	28	30	0	30	35	0	0	39	0	0
0	0	0	0	0	0	15	0	0	0	0	0	0	0	0	0	0	0	0	0	0	0	0	0	0	0	0	0	8	0	0	0	0	0	0	0	0	0	0	0	0	0	0	0	0	0	0	0	0	0	0	0	0	0	0	0	0	0	0	0	0	0	0	0	0	0	0	0	0	10	0	0	16	0	0
18	0	0	23	18	0	34	0	0	0	0	26	0	0	4	0	0	0	0	0	0	20	26	0	0	26	26	26	30	0	11	0	0	4	18	18	0	11	0	0	0	26	0	0	0	0	0	0	0	0	0	0	0	0	26	0	0	26	0	15	0	18	0	20	0	23	26	0	26	31	0	0	35	0	0
4	0	0	11	4	0	26	0	0	0	0	15	0	0	0	0	0	0	0	0	0	8	15	0	0	15	15	15	20	0	0	0	0	0	4	4	0	0	0	0	0	15	0	0	0	0	0	0	0	0	0	0	0	0	15	0	0	15	0	0	0	4	0	8	0	11	15	0	15	22	0	0	27	0	0
36	11	20	40	36	0	48	0	20	4	0	41	0	23	28	18	0	20	0	0	0	38	41	0	4	41	41	41	45	23	32	20	20	28	36	36	0	32	0	0	20	41	0	0	23	0	4	0	20	11	15	0	4	0	41	0	20	41	26	34	0	36	0	38	0	40	41	20	41	45	0	0	48	0	0
0	0	0	8	0	0	23	0	0	0	0	11	0	0	0	0	0	0	0	0	0	4	11	0	0	11	11	11	18	0	0	0	0	0	0	0	0	0	0	0	0	11	0	0	0	0	0	0	0	0	0	0	0	0	11	0	0	11	0	0	0	0	0	4	0	8	11	0	11	19	0	0	24	0	0
43	23	30	46	43	8	53	0	30	18	0	48	0	32	36	28	0	30	8	0	0	45	48	8	18	48	48	48	51	32	40	30	30	36	43	43	0	40	0	0	30	48	0	0	32	0	18	0	30	23	26	0	18	0	48	0	30	48	34	41	15	43	0	45	0	46	48	30	48	51	0	0	54	0	0
0	0	0	4	0	0	20	0	0	0	0	8	0	0	0	0	0	0	0	0	0	0	8	0	0	8	8	8	15	0	0	0	0	0	0	0	0	0	0	0	0	8	0	0	0	0	0	0	0	0	0	0	0	0	8	0	0	8	0	0	0	0	0	0	0	4	8	0	8	16	0	0	22	0	0
56	43	48	59	56	34	64	18	48	40	0	60	0	49	52	46	30	48	34	18	0	57	60	34	40	60	60	60	62	49	54	48	48	52	56	56	0	54	0	0	48	60	0	30	49	0	40	0	48	43	45	30	40	30	60	30	48	60	51	56	38	56	30	57	0	59	60	48	60	63	30	0	65	0	30
0	0	0	0	0	0	18	0	0	0	0	4	0	0	0	0	0	0	0	0	0	0	4	0	0	4	4	4	11	0	0	0	0	0	0	0	0	0	0	0	0	4	0	0	0	0	0	0	0	0	0	0	0	0	4	0	0	4	0	0	0	0	0	0	0	0	4	0	4	13	0	0	19	0	0
0	0	0	0	0	0	15	0	0	0	0	0	0	0	0	0	0	0	0	0	0	0	0	0	0	0	0	0	8	0	0	0	0	0	0	0	0	0	0	0	0	0	0	0	0	0	0	0	0	0	0	0	0	0	0	0	0	0	0	0	0	0	0	0	0	0	0	0	0	10	0	0	16	0	0
23	0	0	28	23	0	38	0	0	0	0	30	0	4	11	0	0	0	0	0	0	26	30	0	0	30	30	30	34	4	18	0	0	11	23	23	0	18	0	0	0	30	0	0	4	0	0	0	0	0	0	0	0	0	30	0	0	30	8	20	0	23	0	26	0	28	30	0	30	35	0	0	39	0	0
0	0	0	0	0	0	15	0	0	0	0	0	0	0	0	0	0	0	0	0	0	0	0	0	0	0	0	0	8	0	0	0	0	0	0	0	0	0	0	0	0	0	0	0	0	0	0	0	0	0	0	0	0	0	0	0	0	0	0	0	0	0	0	0	0	0	0	0	0	10	0	0	16	0	0
0	0	0	0	0	0	6	0	0	0	0	0	0	0	0	0	0	0	0	0	0	0	0	0	0	0	0	0	0	0	0	0	0	0	0	0	0	0	0	0	0	0	0	0	0	0	0	0	0	0	0	0	0	0	0	0	0	0	0	0	0	0	0	0	0	0	0	0	0	0	0	0	8	0	0
43	23	30	46	43	8	53	0	30	18	0	48	0	32	36	28	0	30	8	0	0	45	48	8	18	48	48	48	51	32	40	30	30	36	43	43	0	40	0	0	30	48	0	0	32	0	18	0	30	23	26	0	18	0	48	0	30	48	34	41	15	43	0	45	0	46	48	30	48	51	0	0	54	0	0
103	99	100	104	103	96	106	93	100	98	71	104	0	100	101	100	95	100	96	93	90	103	104	96	98	104	104	104	105	100	102	100	100	101	103	103	85	102	85	0	100	104	65	95	100	90	98	86	100	99	99	95	98	95	104	95	100	104	101	103	97	103	95	103	90	104	104	100	104	105	95	0	106	0	95
0	0	0	0	0	0	0	0	0	0	0	0	0	0	0	0	0	0	0	0	0	0	0	0	0	0	0	0	0	0	0	0	0	0	0	0	0	0	0	0	0	0	0	0	0	0	0	0	0	0	0	0	0	0	0	0	0	0	0	0	0	0	0	0	0	0	0	0	0	0	0	0	0	0	0
111	108	109	112	111	106	113	103	109	107	87	112	41	109	110	109	105	109	106	103	101	112	112	106	107	112	112	112	112	109	111	109	109	110	111	111	97	111	97	41	109	112	83	105	109	101	107	98	109	108	108	105	107	105	112	105	109	112	110	111	107	111	105	112	101	112	112	109	112	112	105	52	113	0	105
43	23	30	46	43	8	53	0	30	18	0	48	0	32	36	28	0	30	8	0	0	45	48	8	18	48	48	48	51	32	40	30	30	36	43	43	0	40	0	0	30	48	0	0	32	0	18	0	30	23	26	0	18	0	48	0	30	48	34	41	15	43	0	45	0	46	48	30	48	51	0	0	54	0	0