1732 1391 1700 1726 1742 1751 1752 1497 1730 1738 1685 1453 1628 1571 1414 1749 1724 1759 1747 1635 1751 1419 1744 1754 1541 1755 1756 1630 1452 1758 1758 1748 1518 1658 1330 1724 1681 1749 1730 1468 1738 1758 1684 1743 1349 1723 1695 1753 1749 1688 1692 1739 1637 1742 1753 1751 1743 1756 1668 1754 1552 1728 1682 1742 1750 1413 1629 1739 1581 1738 1419 1570 1622 1759 1482

72

2504 3801 2626 2526 2465 2430 2426 3395 2510 2481 2683 3564 2900 3116 3714 2437 2532 2400 2446 2874 2430 3695 2458 2419 3231 2413 2412 2892 3568 2405 2402 2444 3319 2785 4033 2532 2695 2437 2509 3508 2480 2405 2684 2461 3960 2536 2643 2424 2439 2671 2657 2475 2865 2466 2424 2432 2459 2410 2748 2418 3188 2516 2695 2466 2435 3718 2894 2475 3079 2479 3696 3118 2920 2401 3455

23.999466199189804 15.999350768964945 14.000933391406036 45.99929119640642

29915.0

0	31200	0	1100	0	0	0	0	700	0	6800	27200	0	0	0	0	1800	0	0	0	0	29800	0	0	0	0	0	12300	27300	0	0	0	22000	0	0	1800	7200	0	0	26200	0	0	6800	0	34800	1800	0	0	0	6500	6000	0	0	0	0	0	0	0	0	0	0	0	7200	0	0	0	12100	0	16500	0	0	0	12900	0	25100
0	0	0	0	0	0	0	0	0	0	0	0	0	0	0	0	0	0	0	0	0	0	0	0	0	0	0	0	0	0	0	0	0	0	0	0	0	0	0	0	0	0	0	0	3600	0	0	0	0	0	0	0	0	0	0	0	0	0	0	0	0	0	0	0	0	0	0	0	0	0	0	0	0	0	0
23700	54900	0	24800	5000	20000	19500	0	24400	4500	30500	50900	0	0	0	6700	25500	16200	6200	0	7400	53500	5500	19200	0	18500	18600	36000	51000	13900	15600	6300	45700	0	0	25500	30900	6700	3500	49900	4500	13500	30500	22100	58500	25500	0	18500	6700	30200	29700	22800	0	5000	19700	8100	5500	16700	0	10900	0	3300	30900	5000	7500	0	35800	22800	40200	4700	0	0	36600	16200	48800
0	30100	0	0	0	0	0	0	0	0	5700	26100	0	0	0	0	700	0	0	0	0	28700	0	0	0	0	0	11200	26200	0	0	0	20900	0	0	700	6100	0	0	25100	0	0	5700	0	33700	700	0	0	0	5400	4900	0	0	0	0	0	0	0	0	0	0	0	6100	0	0	0	11000	0	15400	0	0	0	11800	0	24000
18700	49900	0	19800	0	15000	14500	0	19400	0	25500	45900	0	0	0	1700	20500	11200	1200	0	2400	48500	500	14200	0	13500	13600	31000	46000	8900	10600	1300	40700	0	0	20500	25900	1700	0	44900	0	8500	25500	17100	53500	20500	0	13500	1700	25200	24700	17800	0	0	14700	3100	500	11700	0	5900	0	0	25900	0	2500	0	30800	17800	35200	0	0	0	31600	11200	43800
3700	34900	0	4800	0	0	0	0	4400	0	10500	30900	0	0	0	0	5500	0	0	0	0	33500	0	0	0	0	0	16000	31000	0	0	0	25700	0	0	5500	10900	0	0	29900	0	0	10500	2100	38500	5500	0	0	0	10200	9700	2800	0	0	0	0	0	0	0	0	0	0	10900	0	0	0	15800	2800	20200	0	0	0	16600	0	28800
4200	35400	0	5300	0	500	0	0	4900	0	11000	31400	0	0	0	0	6000	0	0	0	0	34000	0	0	0	0	0	16500	31500	0	0	0	26200	0	0	6000	11400	0	0	30400	0	0	11000	2600	39000	6000	0	0	0	10700	10200	3300	0	0	200	0	0	0	0	0	0	0	11400	0	0	0	16300	3300	20700	0	0	0	17100	0	29300
42000	73200	18300	43100	23300	38300	37800	0	42700	22800	48800	69200	10900	5800	0	25000	43800	34500	24500	11400	25700	71800	23800	37500	3300	36800	36900	54300	69300	32200	33900	24600	64000	13700	0	43800	49200	25000	21800	68200	22800	31800	48800	40400	76800	43800	17800	36800	25000	48500	48000	41100	11700	23300	38000	26400	23800	35000	14800	29200	4300	21600	49200	23300	25800	0	54100	41100	58500	23000	0	6300	54900	34500	67100
0	30500	0	400	0	0	0	0	0	0	6100	26500	0	0	0	0	1100	0	0	0	0	29100	0	0	0	0	0	11600	26600	0	0	0	21300	0	0	1100	6500	0	0	25500	0	0	6100	0	34100	1100	0	0	0	5800	5300	0	0	0	0	0	0	0	0	0	0	0	6500	0	0	0	11400	0	15800	0	0	0	12200	0	24400
19200	50400	0	20300	500	15500	15000	0	19900	0	26000	46400	0	0	0	2200	21000	11700	1700	0	2900	49000	1000	14700	0	14000	14100	31500	46500	9400	11100	1800	41200	0	0	21000	26400	2200	0	45400	0	9000	26000	17600	54000	21000	0	14000	2200	25700	25200	18300	0	500	15200	3600	1000	12200	0	6400	0	0	26400	500	3000	0	31300	18300	35700	200	0	0	32100	11700	44300
0	24400	0	0	0	0	0	0	0	0	0	20400	0	0	0	0	0	0	0	0	0	23000	0	0	0	0	0	5500	20500	0	0	0	15200	0	0	0	400	0	0	19400	0	0	0	0	28000	0	0	0	0	0	0	0	0	0	0	0	0	0	0	0	0	0	400	0	0	0	5300	0	9700	0	0	0	6100	0	18300
0	4000	0	0	0	0	0	0	0	0	0	0	0	0	0	0	0	0	0	0	0	2600	0	0	0	0	0	0	100	0	0	0	0	0	0	0	0	0	0	0	0	0	0	0	7600	0	0	0	0	0	0	0	0	0	0	0	0	0	0	0	0	0	0	0	0	0	0	0	0	0	0	0	0	0	0
31100	62300	7400	32200	12400	27400	26900	0	31800	11900	37900	58300	0	0	0	14100	32900	23600	13600	500	14800	60900	12900	26600	0	25900	26000	43400	58400	21300	23000	13700	53100	2800	0	32900	38300	14100	10900	57300	11900	20900	37900	29500	65900	32900	6900	25900	14100	37600	37100	30200	800	12400	27100	15500	12900	24100	3900	18300	0	10700	38300	12400	14900	0	43200	30200	47600	12100	0	0	44000	23600	56200
36200	67400	12500	37300	17500	32500	32000	0	36900	17000	43000	63400	5100	0	0	19200	38000	28700	18700	5600	19900	66000	18000	31700	0	31000	31100	48500	63500	26400	28100	18800	58200	7900	0	38000	43400	19200	16000	62400	17000	26000	43000	34600	71000	38000	12000	31000	19200	42700	42200	35300	5900	17500	32200	20600	18000	29200	9000	23400	0	15800	43400	17500	20000	0	48300	35300	52700	17200	0	500	49100	28700	61300
48400	79600	24700	49500	29700	44700	44200	6400	49100	29200	55200	75600	17300	12200	0	31400	50200	40900	30900	17800	32100	78200	30200	43900	9700	43200	43300	60700	75700	38600	40300	31000	70400	20100	0	50200	55600	31400	28200	74600	29200	38200	55200	46800	83200	50200	24200	43200	31400	54900	54400	47500	18100	29700	44400	32800	30200	41400	21200	35600	10700	28000	55600	29700	32200	0	60500	47500	64900	29400	1000	12700	61300	40900	73500
17000	48200	0	18100	0	13300	12800	0	17700	0	23800	44200	0	0	0	0	18800	9500	0	0	700	46800	0	12500	0	11800	11900	29300	44300	7200	8900	0	39000	0	0	18800	24200	0	0	43200	0	6800	23800	15400	51800	18800	0	11800	0	23500	23000	16100	0	0	13000	1400	0	10000	0	4200	0	0	24200	0	800	0	29100	16100	33500	0	0	0	29900	9500	42100
0	29400	0	0	0	0	0	0	0	0	5000	25400	0	0	0	0	0	0	0	0	0	28000	0	0	0	0	0	10500	25500	0	0	0	20200	0	0	0	5400	0	0	24400	0	0	5000	0	33000	0	0	0	0	4700	4200	0	0	0	0	0	0	0	0	0	0	0	5400	0	0	0	10300	0	14700	0	0	0	11100	0	23300
7500	38700	0	8600	0	3800	3300	0	8200	0	14300	34700	0	0	0	0	9300	0	0	0	0	37300	0	3000	0	2300	2400	19800	34800	0	0	0	29500	0	0	9300	14700	0	0	33700	0	0	14300	5900	42300	9300	0	2300	0	14000	13500	6600	0	0	3500	0	0	500	0	0	0	0	14700	0	0	0	19600	6600	24000	0	0	0	20400	0	32600
17500	48700	0	18600	0	13800	13300	0	18200	0	24300	44700	0	0	0	500	19300	10000	0	0	1200	47300	0	13000	0	12300	12400	29800	44800	7700	9400	100	39500	0	0	19300	24700	500	0	43700	0	7300	24300	15900	52300	19300	0	12300	500	24000	23500	16600	0	0	13500	1900	0	10500	0	4700	0	0	24700	0	1300	0	29600	16600	34000	0	0	0	30400	10000	42600
30600	61800	6900	31700	11900	26900	26400	0	31300	11400	37400	57800	0	0	0	13600	32400	23100	13100	0	14300	60400	12400	26100	0	25400	25500	42900	57900	20800	22500	13200	52600	2300	0	32400	37800	13600	10400	56800	11400	20400	37400	29000	65400	32400	6400	25400	13600	37100	36600	29700	300	11900	26600	15000	12400	23600	3400	17800	0	10200	37800	11900	14400	0	42700	29700	47100	11600	0	0	43500	23100	55700
16300	47500	0	17400	0	12600	12100	0	17000	0	23100	43500	0	0	0	0	18100	8800	0	0	0	46100	0	11800	0	11100	11200	28600	43600	6500	8200	0	38300	0	0	18100	23500	0	0	42500	0	6100	23100	14700	51100	18100	0	11100	0	22800	22300	15400	0	0	12300	700	0	9300	0	3500	0	0	23500	0	100	0	28400	15400	32800	0	0	0	29200	8800	41400
0	1400	0	0	0	0	0	0	0	0	0	0	0	0	0	0	0	0	0	0	0	0	0	0	0	0	0	0	0	0	0	0	0	0	0	0	0	0	0	0	0	0	0	0	5000	0	0	0	0	0	0	0	0	0	0	0	0	0	0	0	0	0	0	0	0	0	0	0	0	0	0	0	0	0	0
18200	49400	0	19300	0	14500	14000	0	18900	0	25000	45400	0	0	0	1200	20000	10700	700	0	1900	48000	0	13700	0	13000	13100	30500	45500	8400	10100	800	40200	0	0	20000	25400	1200	0	44400	0	8000	25000	16600	53000	20000	0	13000	1200	24700	24200	17300	0	0	14200	2600	0	11200	0	5400	0	0	25400	0	2000	0	30300	17300	34700	0	0	0	31100	10700	43300
4500	35700	0	5600	0	800	300	0	5200	0	11300	31700	0	0	0	0	6300	0	0	0	0	34300	0	0	0	0	0	16800	31800	0	0	0	26500	0	0	6300	11700	0	0	30700	0	0	11300	2900	39300	6300	0	0	0	11000	10500	3600	0	0	500	0	0	0	0	0	0	0	11700	0	0	0	16600	3600	21000	0	0	0	17400	0	29600
38700	69900	15000	39800	20000	35000	34500	0	39400	19500	45500	65900	7600	2500	0	21700	40500	31200	21200	8100	22400	68500	20500	34200	0	33500	33600	51000	66000	28900	30600	21300	60700	10400	0	40500	45900	21700	18500	64900	19500	28500	45500	37100	73500	40500	14500	33500	21700	45200	44700	37800	8400	20000	34700	23100	20500	31700	11500	25900	1000	18300	45900	20000	22500	0	50800	37800	55200	19700	0	3000	51600	31200	63800
5200	36400	0	6300	0	1500	1000	0	5900	0	12000	32400	0	0	0	0	7000	0	0	0	0	35000	0	700	0	0	100	17500	32500	0	0	0	27200	0	0	7000	12400	0	0	31400	0	0	12000	3600	40000	7000	0	0	0	11700	11200	4300	0	0	1200	0	0	0	0	0	0	0	12400	0	0	0	17300	4300	21700	0	0	0	18100	0	30300
5100	36300	0	6200	0	1400	900	0	5800	0	11900	32300	0	0	0	0	6900	0	0	0	0	34900	0	600	0	0	0	17400	32400	0	0	0	27100	0	0	6900	12300	0	0	31300	0	0	11900	3500	39900	6900	0	0	0	11600	11100	4200	0	0	1100	0	0	0	0	0	0	0	12300	0	0	0	17200	4200	21600	0	0	0	18000	0	30200
0	18900	0	0	0	0	0	0	0	0	0	14900	0	0	0	0	0	0	0	0	0	17500	0	0	0	0	0	0	15000	0	0	0	9700	0	0	0	0	0	0	13900	0	0	0	0	22500	0	0	0	0	0	0	0	0	0	0	0	0	0	0	0	0	0	0	0	0	0	0	0	4200	0	0	0	600	0	12800
0	3900	0	0	0	0	0	0	0	0	0	0	0	0	0	0	0	0	0	0	0	2500	0	0	0	0	0	0	0	0	0	0	0	0	0	0	0	0	0	0	0	0	0	0	7500	0	0	0	0	0	0	0	0	0	0	0	0	0	0	0	0	0	0	0	0	0	0	0	0	0	0	0	0	0	0
9800	41000	0	10900	0	6100	5600	0	10500	0	16600	37000	0	0	0	0	11600	2300	0	0	0	39600	0	5300	0	4600	4700	22100	37100	0	1700	0	31800	0	0	11600	17000	0	0	36000	0	0	16600	8200	44600	11600	0	4600	0	16300	15800	8900	0	0	5800	0	0	2800	0	0	0	0	17000	0	0	0	21900	8900	26300	0	0	0	22700	2300	34900
8100	39300	0	9200	0	4400	3900	0	8800	0	14900	35300	0	0	0	0	9900	600	0	0	0	37900	0	3600	0	2900	3000	20400	35400	0	0	0	30100	0	0	9900	15300	0	0	34300	0	0	14900	6500	42900	9900	0	2900	0	14600	14100	7200	0	0	4100	0	0	1100	0	0	0	0	15300	0	0	0	20200	7200	24600	0	0	0	21000	600	33200
17400	48600	0	18500	0	13700	13200	0	18100	0	24200	44600	0	0	0	400	19200	9900	0	0	1100	47200	0	12900	0	12200	12300	29700	44700	7600	9300	0	39400	0	0	19200	24600	400	0	43600	0	7200	24200	15800	52200	19200	0	12200	400	23900	23400	16500	0	0	13400	1800	0	10400	0	4600	0	0	24600	0	1200	0	29500	16500	33900	0	0	0	30300	9900	42500
0	9200	0	0	0	0	0	0	0	0	0	5200	0	0	0	0	0	0	0	0	0	7800	0	0	0	0	0	0	5300	0	0	0	0	0	0	0	0	0	0	4200	0	0	0	0	12800	0	0	0	0	0	0	0	0	0	0	0	0	0	0	0	0	0	0	0	0	0	0	0	0	0	0	0	0	0	3100
28300	59500	4600	29400	9600	24600	24100	0	29000	9100	35100	55500	0	0	0	11300	30100	20800	10800	0	12000	58100	10100	23800	0	23100	23200	40600	55600	18500	20200	10900	50300	0	0	30100	35500	11300	8100	54500	9100	18100	35100	26700	63100	30100	4100	23100	11300	34800	34300	27400	0	9600	24300	12700	10100	21300	1100	15500	0	7900	35500	9600	12100	0	40400	27400	44800	9300	0	0	41200	20800	53400
54200	85400	30500	55300	35500	50500	50000	12200	54900	35000	61000	81400	23100	18000	5800	37200	56000	46700	36700	23600	37900	84000	36000	49700	15500	49000	49100	66500	81500	44400	46100	36800	76200	25900	0	56000	61400	37200	34000	80400	35000	44000	61000	52600	89000	56000	30000	49000	37200	60700	60200	53300	23900	35500	50200	38600	36000	47200	27000	41400	16500	33800	61400	35500	38000	5800	66300	53300	70700	35200	6800	18500	67100	46700	79300
0	29400	0	0	0	0	0	0	0	0	5000	25400	0	0	0	0	0	0	0	0	0	28000	0	0	0	0	0	10500	25500	0	0	0	20200	0	0	0	5400	0	0	24400	0	0	5000	0	33000	0	0	0	0	4700	4200	0	0	0	0	0	0	0	0	0	0	0	5400	0	0	0	10300	0	14700	0	0	0	11100	0	23300
0	24000	0	0	0	0	0	0	0	0	0	20000	0	0	0	0	0	0	0	0	0	22600	0	0	0	0	0	5100	20100	0	0	0	14800	0	0	0	0	0	0	19000	0	0	0	0	27600	0	0	0	0	0	0	0	0	0	0	0	0	0	0	0	0	0	0	0	0	0	4900	0	9300	0	0	0	5700	0	17900
17000	48200	0	18100	0	13300	12800	0	17700	0	23800	44200	0	0	0	0	18800	9500	0	0	700	46800	0	12500	0	11800	11900	29300	44300	7200	8900	0	39000	0	0	18800	24200	0	0	43200	0	6800	23800	15400	51800	18800	0	11800	0	23500	23000	16100	0	0	13000	1400	0	10000	0	4200	0	0	24200	0	800	0	29100	16100	33500	0	0	0	29900	9500	42100
20200	51400	0	21300	1500	16500	16000	0	20900	1000	27000	47400	0	0	0	3200	22000	12700	2700	0	3900	50000	2000	15700	0	15000	15100	32500	47500	10400	12100	2800	42200	0	0	22000	27400	3200	0	46400	1000	10000	27000	18600	55000	22000	0	15000	3200	26700	26200	19300	0	1500	16200	4600	2000	13200	0	7400	0	0	27400	1500	4000	0	32300	19300	36700	1200	0	0	33100	12700	45300
0	5000	0	0	0	0	0	0	0	0	0	1000	0	0	0	0	0	0	0	0	0	3600	0	0	0	0	0	0	1100	0	0	0	0	0	0	0	0	0	0	0	0	0	0	0	8600	0	0	0	0	0	0	0	0	0	0	0	0	0	0	0	0	0	0	0	0	0	0	0	0	0	0	0	0	0	0
19200	50400	0	20300	500	15500	15000	0	19900	0	26000	46400	0	0	0	2200	21000	11700	1700	0	2900	49000	1000	14700	0	14000	14100	31500	46500	9400	11100	1800	41200	0	0	21000	26400	2200	0	45400	0	9000	26000	17600	54000	21000	0	14000	2200	25700	25200	18300	0	500	15200	3600	1000	12200	0	6400	0	0	26400	500	3000	0	31300	18300	35700	200	0	0	32100	11700	44300
10200	41400	0	11300	0	6500	6000	0	10900	0	17000	37400	0	0	0	0	12000	2700	0	0	0	40000	0	5700	0	5000	5100	22500	37500	400	2100	0	32200	0	0	12000	17400	0	0	36400	0	0	17000	8600	45000	12000	0	5000	0	16700	16200	9300	0	0	6200	0	0	3200	0	0	0	0	17400	0	0	0	22300	9300	26700	0	0	0	23100	2700	35300
0	24400	0	0	0	0	0	0	0	0	0	20400	0	0	0	0	0	0	0	0	0	23000	0	0	0	0	0	5500	20500	0	0	0	15200	0	0	0	400	0	0	19400	0	0	0	0	28000	0	0	0	0	0	0	0	0	0	0	0	0	0	0	0	0	0	400	0	0	0	5300	0	9700	0	0	0	6100	0	18300
1600	32800	0	2700	0	0	0	0	2300	0	8400	28800	0	0	0	0	3400	0	0	0	0	31400	0	0	0	0	0	13900	28900	0	0	0	23600	0	0	3400	8800	0	0	27800	0	0	8400	0	36400	3400	0	0	0	8100	7600	700	0	0	0	0	0	0	0	0	0	0	8800	0	0	0	13700	700	18100	0	0	0	14500	0	26700
0	0	0	0	0	0	0	0	0	0	0	0	0	0	0	0	0	0	0	0	0	0	0	0	0	0	0	0	0	0	0	0	0	0	0	0	0	0	0	0	0	0	0	0	0	0	0	0	0	0	0	0	0	0	0	0	0	0	0	0	0	0	0	0	0	0	0	0	0	0	0	0	0	0	0
0	29400	0	0	0	0	0	0	0	0	5000	25400	0	0	0	0	0	0	0	0	0	28000	0	0	0	0	0	10500	25500	0	0	0	20200	0	0	0	5400	0	0	24400	0	0	5000	0	33000	0	0	0	0	4700	4200	0	0	0	0	0	0	0	0	0	0	0	5400	0	0	0	10300	0	14700	0	0	0	11100	0	23300
24200	55400	500	25300	5500	20500	20000	0	24900	5000	31000	51400	0	0	0	7200	26000	16700	6700	0	7900	54000	6000	19700	0	19000	19100	36500	51500	14400	16100	6800	46200	0	0	26000	31400	7200	4000	50400	5000	14000	31000	22600	59000	26000	0	19000	7200	30700	30200	23300	0	5500	20200	8600	6000	17200	0	11400	0	3800	31400	5500	8000	0	36300	23300	40700	5200	0	0	37100	16700	49300
5200	36400	0	6300	0	1500	1000	0	5900	0	12000	32400	0	0	0	0	7000	0	0	0	0	35000	0	700	0	0	100	17500	32500	0	0	0	27200	0	0	7000	12400	0	0	31400	0	0	12000	3600	40000	7000	0	0	0	11700	11200	4300	0	0	1200	0	0	0	0	0	0	0	12400	0	0	0	17300	4300	21700	0	0	0	18100	0	30300
17000	48200	0	18100	0	13300	12800	0	17700	0	23800	44200	0	0	0	0	18800	9500	0	0	700	46800	0	12500	0	11800	11900	29300	44300	7200	8900	0	39000	0	0	18800	24200	0	0	43200	0	6800	23800	15400	51800	18800	0	11800	0	23500	23000	16100	0	0	13000	1400	0	10000	0	4200	0	0	24200	0	800	0	29100	16100	33500	0	0	0	29900	9500	42100
0	24700	0	0	0	0	0	0	0	0	300	20700	0	0	0	0	0	0	0	0	0	23300	0	0	0	0	0	5800	20800	0	0	0	15500	0	0	0	700	0	0	19700	0	0	300	0	28300	0	0	0	0	0	0	0	0	0	0	0	0	0	0	0	0	0	700	0	0	0	5600	0	10000	0	0	0	6400	0	18600
0	25200	0	0	0	0	0	0	0	0	800	21200	0	0	0	0	0	0	0	0	0	23800	0	0	0	0	0	6300	21300	0	0	0	16000	0	0	0	1200	0	0	20200	0	0	800	0	28800	0	0	0	0	500	0	0	0	0	0	0	0	0	0	0	0	0	1200	0	0	0	6100	0	10500	0	0	0	6900	0	19100
900	32100	0	2000	0	0	0	0	1600	0	7700	28100	0	0	0	0	2700	0	0	0	0	30700	0	0	0	0	0	13200	28200	0	0	0	22900	0	0	2700	8100	0	0	27100	0	0	7700	0	35700	2700	0	0	0	7400	6900	0	0	0	0	0	0	0	0	0	0	0	8100	0	0	0	13000	0	17400	0	0	0	13800	0	26000
30300	61500	6600	31400	11600	26600	26100	0	31000	11100	37100	57500	0	0	0	13300	32100	22800	12800	0	14000	60100	12100	25800	0	25100	25200	42600	57600	20500	22200	12900	52300	2000	0	32100	37500	13300	10100	56500	11100	20100	37100	28700	65100	32100	6100	25100	13300	36800	36300	29400	0	11600	26300	14700	12100	23300	3100	17500	0	9900	37500	11600	14100	0	42400	29400	46800	11300	0	0	43200	22800	55400
18700	49900	0	19800	0	15000	14500	0	19400	0	25500	45900	0	0	0	1700	20500	11200	1200	0	2400	48500	500	14200	0	13500	13600	31000	46000	8900	10600	1300	40700	0	0	20500	25900	1700	0	44900	0	8500	25500	17100	53500	20500	0	13500	1700	25200	24700	17800	0	0	14700	3100	500	11700	0	5900	0	0	25900	0	2500	0	30800	17800	35200	0	0	0	31600	11200	43800
4000	35200	0	5100	0	300	0	0	4700	0	10800	31200	0	0	0	0	5800	0	0	0	0	33800	0	0	0	0	0	16300	31300	0	0	0	26000	0	0	5800	11200	0	0	30200	0	0	10800	2400	38800	5800	0	0	0	10500	10000	3100	0	0	0	0	0	0	0	0	0	0	11200	0	0	0	16100	3100	20500	0	0	0	16900	0	29100
15600	46800	0	16700	0	11900	11400	0	16300	0	22400	42800	0	0	0	0	17400	8100	0	0	0	45400	0	11100	0	10400	10500	27900	42900	5800	7500	0	37600	0	0	17400	22800	0	0	41800	0	5400	22400	14000	50400	17400	0	10400	0	22100	21600	14700	0	0	11600	0	0	8600	0	2800	0	0	22800	0	0	0	27700	14700	32100	0	0	0	28500	8100	40700
18200	49400	0	19300	0	14500	14000	0	18900	0	25000	45400	0	0	0	1200	20000	10700	700	0	1900	48000	0	13700	0	13000	13100	30500	45500	8400	10100	800	40200	0	0	20000	25400	1200	0	44400	0	8000	25000	16600	53000	20000	0	13000	1200	24700	24200	17300	0	0	14200	2600	0	11200	0	5400	0	0	25400	0	2000	0	30300	17300	34700	0	0	0	31100	10700	43300
7000	38200	0	8100	0	3300	2800	0	7700	0	13800	34200	0	0	0	0	8800	0	0	0	0	36800	0	2500	0	1800	1900	19300	34300	0	0	0	29000	0	0	8800	14200	0	0	33200	0	0	13800	5400	41800	8800	0	1800	0	13500	13000	6100	0	0	3000	0	0	0	0	0	0	0	14200	0	0	0	19100	6100	23500	0	0	0	19900	0	32100
27200	58400	3500	28300	8500	23500	23000	0	27900	8000	34000	54400	0	0	0	10200	29000	19700	9700	0	10900	57000	9000	22700	0	22000	22100	39500	54500	17400	19100	9800	49200	0	0	29000	34400	10200	7000	53400	8000	17000	34000	25600	62000	29000	3000	22000	10200	33700	33200	26300	0	8500	23200	11600	9000	20200	0	14400	0	6800	34400	8500	11000	0	39300	26300	43700	8200	0	0	40100	19700	52300
12800	44000	0	13900	0	9100	8600	0	13500	0	19600	40000	0	0	0	0	14600	5300	0	0	0	42600	0	8300	0	7600	7700	25100	40100	3000	4700	0	34800	0	0	14600	20000	0	0	39000	0	2600	19600	11200	47600	14600	0	7600	0	19300	18800	11900	0	0	8800	0	0	5800	0	0	0	0	20000	0	0	0	24900	11900	29300	0	0	0	25700	5300	37900
37700	68900	14000	38800	19000	34000	33500	0	38400	18500	44500	64900	6600	1500	0	20700	39500	30200	20200	7100	21400	67500	19500	33200	0	32500	32600	50000	65000	27900	29600	20300	59700	9400	0	39500	44900	20700	17500	63900	18500	27500	44500	36100	72500	39500	13500	32500	20700	44200	43700	36800	7400	19000	33700	22100	19500	30700	10500	24900	0	17300	44900	19000	21500	0	49800	36800	54200	18700	0	2000	50600	30200	62800
20400	51600	0	21500	1700	16700	16200	0	21100	1200	27200	47600	0	0	0	3400	22200	12900	2900	0	4100	50200	2200	15900	0	15200	15300	32700	47700	10600	12300	3000	42400	0	0	22200	27600	3400	200	46600	1200	10200	27200	18800	55200	22200	0	15200	3400	26900	26400	19500	0	1700	16400	4800	2200	13400	0	7600	0	0	27600	1700	4200	0	32500	19500	36900	1400	0	0	33300	12900	45500
0	24000	0	0	0	0	0	0	0	0	0	20000	0	0	0	0	0	0	0	0	0	22600	0	0	0	0	0	5100	20100	0	0	0	14800	0	0	0	0	0	0	19000	0	0	0	0	27600	0	0	0	0	0	0	0	0	0	0	0	0	0	0	0	0	0	0	0	0	0	4900	0	9300	0	0	0	5700	0	17900
18700	49900	0	19800	0	15000	14500	0	19400	0	25500	45900	0	0	0	1700	20500	11200	1200	0	2400	48500	500	14200	0	13500	13600	31000	46000	8900	10600	1300	40700	0	0	20500	25900	1700	0	44900	0	8500	25500	17100	53500	20500	0	13500	1700	25200	24700	17800	0	0	14700	3100	500	11700	0	5900	0	0	25900	0	2500	0	30800	17800	35200	0	0	0	31600	11200	43800
16200	47400	0	17300	0	12500	12000	0	16900	0	23000	43400	0	0	0	0	18000	8700	0	0	0	46000	0	11700	0	11000	11100	28500	43500	6400	8100	0	38200	0	0	18000	23400	0	0	42400	0	6000	23000	14600	51000	18000	0	11000	0	22700	22200	15300	0	0	12200	600	0	9200	0	3400	0	0	23400	0	0	0	28300	15300	32700	0	0	0	29100	8700	41300
48400	79600	24700	49500	29700	44700	44200	6400	49100	29200	55200	75600	17300	12200	0	31400	50200	40900	30900	17800	32100	78200	30200	43900	9700	43200	43300	60700	75700	38600	40300	31000	70400	20100	0	50200	55600	31400	28200	74600	29200	38200	55200	46800	83200	50200	24200	43200	31400	54900	54400	47500	18100	29700	44400	32800	30200	41400	21200	35600	10700	28000	55600	29700	32200	0	60500	47500	64900	29400	1000	12700	61300	40900	73500
0	19100	0	0	0	0	0	0	0	0	0	15100	0	0	0	0	0	0	0	0	0	17700	0	0	0	0	0	200	15200	0	0	0	9900	0	0	0	0	0	0	14100	0	0	0	0	22700	0	0	0	0	0	0	0	0	0	0	0	0	0	0	0	0	0	0	0	0	0	0	0	4400	0	0	0	800	0	13000
900	32100	0	2000	0	0	0	0	1600	0	7700	28100	0	0	0	0	2700	0	0	0	0	30700	0	0	0	0	0	13200	28200	0	0	0	22900	0	0	2700	8100	0	0	27100	0	0	7700	0	35700	2700	0	0	0	7400	6900	0	0	0	0	0	0	0	0	0	0	0	8100	0	0	0	13000	0	17400	0	0	0	13800	0	26000
0	14700	0	0	0	0	0	0	0	0	0	10700	0	0	0	0	0	0	0	0	0	13300	0	0	0	0	0	0	10800	0	0	0	5500	0	0	0	0	0	0	9700	0	0	0	0	18300	0	0	0	0	0	0	0	0	0	0	0	0	0	0	0	0	0	0	0	0	0	0	0	0	0	0	0	0	0	8600
19000	50200	0	20100	300	15300	14800	0	19700	0	25800	46200	0	0	0	2000	20800	11500	1500	0	2700	48800	800	14500	0	13800	13900	31300	46300	9200	10900	1600	41000	0	0	20800	26200	2000	0	45200	0	8800	25800	17400	53800	20800	0	13800	2000	25500	25000	18100	0	300	15000	3400	800	12000	0	6200	0	0	26200	300	2800	0	31100	18100	35500	0	0	0	31900	11500	44100
47400	78600	23700	48500	28700	43700	43200	5400	48100	28200	54200	74600	16300	11200	0	30400	49200	39900	29900	16800	31100	77200	29200	42900	8700	42200	42300	59700	74700	37600	39300	30000	69400	19100	0	49200	54600	30400	27200	73600	28200	37200	54200	45800	82200	49200	23200	42200	30400	53900	53400	46500	17100	28700	43400	31800	29200	40400	20200	34600	9700	27000	54600	28700	31200	0	59500	46500	63900	28400	0	11700	60300	39900	72500
35700	66900	12000	36800	17000	32000	31500	0	36400	16500	42500	62900	4600	0	0	18700	37500	28200	18200	5100	19400	65500	17500	31200	0	30500	30600	48000	63000	25900	27600	18300	57700	7400	0	37500	42900	18700	15500	61900	16500	25500	42500	34100	70500	37500	11500	30500	18700	42200	41700	34800	5400	17000	31700	20100	17500	28700	8500	22900	0	15300	42900	17000	19500	0	47800	34800	52200	16700	0	0	48600	28200	60800
0	18300	0	0	0	0	0	0	0	0	0	14300	0	0	0	0	0	0	0	0	0	16900	0	0	0	0	0	0	14400	0	0	0	9100	0	0	0	0	0	0	13300	0	0	0	0	21900	0	0	0	0	0	0	0	0	0	0	0	0	0	0	0	0	0	0	0	0	0	0	0	3600	0	0	0	0	0	12200
7500	38700	0	8600	0	3800	3300	0	8200	0	14300	34700	0	0	0	0	9300	0	0	0	0	37300	0	3000	0	2300	2400	19800	34800	0	0	0	29500	0	0	9300	14700	0	0	33700	0	0	14300	5900	42300	9300	0	2300	0	14000	13500	6600	0	0	3500	0	0	500	0	0	0	0	14700	0	0	0	19600	6600	24000	0	0	0	20400	0	32600
0	6100	0	0	0	0	0	0	0	0	0	2100	0	0	0	0	0	0	0	0	0	4700	0	0	0	0	0	0	2200	0	0	0	0	0	0	0	0	0	0	1100	0	0	0	0	9700	0	0	0	0	0	0	0	0	0	0	0	0	0	0	0	0	0	0	0	0	0	0	0	0	0	0	0	0	0	0

0	0	23700	0	18700	3700	4200	42000	0	19200	0	0	31100	36200	48400	17000	0	7500	17500	30600	16300	0	18200	4500	38700	5200	5100	0	0	9800	8100	17400	0	28300	54200	0	0	17000	20200	0	19200	10200	0	1600	0	0	24200	5200	17000	0	0	900	30300	18700	4000	15600	18200	7000	27200	12800	37700	20400	0	18700	16200	48400	0	900	0	19000	47400	35700	0	7500	0
31200	0	54900	30100	49900	34900	35400	73200	30500	50400	24400	4000	62300	67400	79600	48200	29400	38700	48700	61800	47500	1400	49400	35700	69900	36400	36300	18900	3900	41000	39300	48600	9200	59500	85400	29400	24000	48200	51400	5000	50400	41400	24400	32800	0	29400	55400	36400	48200	24700	25200	32100	61500	49900	35200	46800	49400	38200	58400	44000	68900	51600	24000	49900	47400	79600	19100	32100	14700	50200	78600	66900	18300	38700	6100
0	0	0	0	0	0	0	18300	0	0	0	0	7400	12500	24700	0	0	0	0	6900	0	0	0	0	15000	0	0	0	0	0	0	0	0	4600	30500	0	0	0	0	0	0	0	0	0	0	0	500	0	0	0	0	0	6600	0	0	0	0	0	3500	0	14000	0	0	0	0	24700	0	0	0	0	23700	12000	0	0	0
1100	0	24800	0	19800	4800	5300	43100	400	20300	0	0	32200	37300	49500	18100	0	8600	18600	31700	17400	0	19300	5600	39800	6300	6200	0	0	10900	9200	18500	0	29400	55300	0	0	18100	21300	0	20300	11300	0	2700	0	0	25300	6300	18100	0	0	2000	31400	19800	5100	16700	19300	8100	28300	13900	38800	21500	0	19800	17300	49500	0	2000	0	20100	48500	36800	0	8600	0
0	0	5000	0	0	0	0	23300	0	500	0	0	12400	17500	29700	0	0	0	0	11900	0	0	0	0	20000	0	0	0	0	0	0	0	0	9600	35500	0	0	0	1500	0	500	0	0	0	0	0	5500	0	0	0	0	0	11600	0	0	0	0	0	8500	0	19000	1700	0	0	0	29700	0	0	0	300	28700	17000	0	0	0
0	0	20000	0	15000	0	500	38300	0	15500	0	0	27400	32500	44700	13300	0	3800	13800	26900	12600	0	14500	800	35000	1500	1400	0	0	6100	4400	13700	0	24600	50500	0	0	13300	16500	0	15500	6500	0	0	0	0	20500	1500	13300	0	0	0	26600	15000	300	11900	14500	3300	23500	9100	34000	16700	0	15000	12500	44700	0	0	0	15300	43700	32000	0	3800	0
0	0	19500	0	14500	0	0	37800	0	15000	0	0	26900	32000	44200	12800	0	3300	13300	26400	12100	0	14000	300	34500	1000	900	0	0	5600	3900	13200	0	24100	50000	0	0	12800	16000	0	15000	6000	0	0	0	0	20000	1000	12800	0	0	0	26100	14500	0	11400	14000	2800	23000	8600	33500	16200	0	14500	12000	44200	0	0	0	14800	43200	31500	0	3300	0
0	0	0	0	0	0	0	0	0	0	0	0	0	0	6400	0	0	0	0	0	0	0	0	0	0	0	0	0	0	0	0	0	0	0	12200	0	0	0	0	0	0	0	0	0	0	0	0	0	0	0	0	0	0	0	0	0	0	0	0	0	0	0	0	0	0	6400	0	0	0	0	5400	0	0	0	0
700	0	24400	0	19400	4400	4900	42700	0	19900	0	0	31800	36900	49100	17700	0	8200	18200	31300	17000	0	18900	5200	39400	5900	5800	0	0	10500	8800	18100	0	29000	54900	0	0	17700	20900	0	19900	10900	0	2300	0	0	24900	5900	17700	0	0	1600	31000	19400	4700	16300	18900	7700	27900	13500	38400	21100	0	19400	16900	49100	0	1600	0	19700	48100	36400	0	8200	0
0	0	4500	0	0	0	0	22800	0	0	0	0	11900	17000	29200	0	0	0	0	11400	0	0	0	0	19500	0	0	0	0	0	0	0	0	9100	35000	0	0	0	1000	0	0	0	0	0	0	0	5000	0	0	0	0	0	11100	0	0	0	0	0	8000	0	18500	1200	0	0	0	29200	0	0	0	0	28200	16500	0	0	0
6800	0	30500	5700	25500	10500	11000	48800	6100	26000	0	0	37900	43000	55200	23800	5000	14300	24300	37400	23100	0	25000	11300	45500	12000	11900	0	0	16600	14900	24200	0	35100	61000	5000	0	23800	27000	0	26000	17000	0	8400	0	5000	31000	12000	23800	300	800	7700	37100	25500	10800	22400	25000	13800	34000	19600	44500	27200	0	25500	23000	55200	0	7700	0	25800	54200	42500	0	14300	0
27200	0	50900	26100	45900	30900	31400	69200	26500	46400	20400	0	58300	63400	75600	44200	25400	34700	44700	57800	43500	0	45400	31700	65900	32400	32300	14900	0	37000	35300	44600	5200	55500	81400	25400	20000	44200	47400	1000	46400	37400	20400	28800	0	25400	51400	32400	44200	20700	21200	28100	57500	45900	31200	42800	45400	34200	54400	40000	64900	47600	20000	45900	43400	75600	15100	28100	10700	46200	74600	62900	14300	34700	2100
0	0	0	0	0	0	0	10900	0	0	0	0	0	5100	17300	0	0	0	0	0	0	0	0	0	7600	0	0	0	0	0	0	0	0	0	23100	0	0	0	0	0	0	0	0	0	0	0	0	0	0	0	0	0	0	0	0	0	0	0	0	0	6600	0	0	0	0	17300	0	0	0	0	16300	4600	0	0	0
0	0	0	0	0	0	0	5800	0	0	0	0	0	0	12200	0	0	0	0	0	0	0	0	0	2500	0	0	0	0	0	0	0	0	0	18000	0	0	0	0	0	0	0	0	0	0	0	0	0	0	0	0	0	0	0	0	0	0	0	0	0	1500	0	0	0	0	12200	0	0	0	0	11200	0	0	0	0
0	0	0	0	0	0	0	0	0	0	0	0	0	0	0	0	0	0	0	0	0	0	0	0	0	0	0	0	0	0	0	0	0	0	5800	0	0	0	0	0	0	0	0	0	0	0	0	0	0	0	0	0	0	0	0	0	0	0	0	0	0	0	0	0	0	0	0	0	0	0	0	0	0	0	0
0	0	6700	0	1700	0	0	25000	0	2200	0	0	14100	19200	31400	0	0	0	500	13600	0	0	1200	0	21700	0	0	0	0	0	0	400	0	11300	37200	0	0	0	3200	0	2200	0	0	0	0	0	7200	0	0	0	0	0	13300	1700	0	0	1200	0	10200	0	20700	3400	0	1700	0	31400	0	0	0	2000	30400	18700	0	0	0
1800	0	25500	700	20500	5500	6000	43800	1100	21000	0	0	32900	38000	50200	18800	0	9300	19300	32400	18100	0	20000	6300	40500	7000	6900	0	0	11600	9900	19200	0	30100	56000	0	0	18800	22000	0	21000	12000	0	3400	0	0	26000	7000	18800	0	0	2700	32100	20500	5800	17400	20000	8800	29000	14600	39500	22200	0	20500	18000	50200	0	2700	0	20800	49200	37500	0	9300	0
0	0	16200	0	11200	0	0	34500	0	11700	0	0	23600	28700	40900	9500	0	0	10000	23100	8800	0	10700	0	31200	0	0	0	0	2300	600	9900	0	20800	46700	0	0	9500	12700	0	11700	2700	0	0	0	0	16700	0	9500	0	0	0	22800	11200	0	8100	10700	0	19700	5300	30200	12900	0	11200	8700	40900	0	0	0	11500	39900	28200	0	0	0
0	0	6200	0	1200	0	0	24500	0	1700	0	0	13600	18700	30900	0	0	0	0	13100	0	0	700	0	21200	0	0	0	0	0	0	0	0	10800	36700	0	0	0	2700	0	1700	0	0	0	0	0	6700	0	0	0	0	0	12800	1200	0	0	700	0	9700	0	20200	2900	0	1200	0	30900	0	0	0	1500	29900	18200	0	0	0
0	0	0	0	0	0	0	11400	0	0	0	0	500	5600	17800	0	0	0	0	0	0	0	0	0	8100	0	0	0	0	0	0	0	0	0	23600	0	0	0	0	0	0	0	0	0	0	0	0	0	0	0	0	0	0	0	0	0	0	0	0	0	7100	0	0	0	0	17800	0	0	0	0	16800	5100	0	0	0
0	0	7400	0	2400	0	0	25700	0	2900	0	0	14800	19900	32100	700	0	0	1200	14300	0	0	1900	0	22400	0	0	0	0	0	0	1100	0	12000	37900	0	0	700	3900	0	2900	0	0	0	0	0	7900	0	700	0	0	0	14000	2400	0	0	1900	0	10900	0	21400	4100	0	2400	0	32100	0	0	0	2700	31100	19400	0	0	0
29800	0	53500	28700	48500	33500	34000	71800	29100	49000	23000	2600	60900	66000	78200	46800	28000	37300	47300	60400	46100	0	48000	34300	68500	35000	34900	17500	2500	39600	37900	47200	7800	58100	84000	28000	22600	46800	50000	3600	49000	40000	23000	31400	0	28000	54000	35000	46800	23300	23800	30700	60100	48500	33800	45400	48000	36800	57000	42600	67500	50200	22600	48500	46000	78200	17700	30700	13300	48800	77200	65500	16900	37300	4700
0	0	5500	0	500	0	0	23800	0	1000	0	0	12900	18000	30200	0	0	0	0	12400	0	0	0	0	20500	0	0	0	0	0	0	0	0	10100	36000	0	0	0	2000	0	1000	0	0	0	0	0	6000	0	0	0	0	0	12100	500	0	0	0	0	9000	0	19500	2200	0	500	0	30200	0	0	0	800	29200	17500	0	0	0
0	0	19200	0	14200	0	0	37500	0	14700	0	0	26600	31700	43900	12500	0	3000	13000	26100	11800	0	13700	0	34200	700	600	0	0	5300	3600	12900	0	23800	49700	0	0	12500	15700	0	14700	5700	0	0	0	0	19700	700	12500	0	0	0	25800	14200	0	11100	13700	2500	22700	8300	33200	15900	0	14200	11700	43900	0	0	0	14500	42900	31200	0	3000	0
0	0	0	0	0	0	0	3300	0	0	0	0	0	0	9700	0	0	0	0	0	0	0	0	0	0	0	0	0	0	0	0	0	0	0	15500	0	0	0	0	0	0	0	0	0	0	0	0	0	0	0	0	0	0	0	0	0	0	0	0	0	0	0	0	0	0	9700	0	0	0	0	8700	0	0	0	0
0	0	18500	0	13500	0	0	36800	0	14000	0	0	25900	31000	43200	11800	0	2300	12300	25400	11100	0	13000	0	33500	0	0	0	0	4600	2900	12200	0	23100	49000	0	0	11800	15000	0	14000	5000	0	0	0	0	19000	0	11800	0	0	0	25100	13500	0	10400	13000	1800	22000	7600	32500	15200	0	13500	11000	43200	0	0	0	13800	42200	30500	0	2300	0
0	0	18600	0	13600	0	0	36900	0	14100	0	0	26000	31100	43300	11900	0	2400	12400	25500	11200	0	13100	0	33600	100	0	0	0	4700	3000	12300	0	23200	49100	0	0	11900	15100	0	14100	5100	0	0	0	0	19100	100	11900	0	0	0	25200	13600	0	10500	13100	1900	22100	7700	32600	15300	0	13600	11100	43300	0	0	0	13900	42300	30600	0	2400	0
12300	0	36000	11200	31000	16000	16500	54300	11600	31500	5500	0	43400	48500	60700	29300	10500	19800	29800	42900	28600	0	30500	16800	51000	17500	17400	0	0	22100	20400	29700	0	40600	66500	10500	5100	29300	32500	0	31500	22500	5500	13900	0	10500	36500	17500	29300	5800	6300	13200	42600	31000	16300	27900	30500	19300	39500	25100	50000	32700	5100	31000	28500	60700	200	13200	0	31300	59700	48000	0	19800	0
27300	0	51000	26200	46000	31000	31500	69300	26600	46500	20500	100	58400	63500	75700	44300	25500	34800	44800	57900	43600	0	45500	31800	66000	32500	32400	15000	0	37100	35400	44700	5300	55600	81500	25500	20100	44300	47500	1100	46500	37500	20500	28900	0	25500	51500	32500	44300	20800	21300	28200	57600	46000	31300	42900	45500	34300	54500	40100	65000	47700	20100	46000	43500	75700	15200	28200	10800	46300	74700	63000	14400	34800	2200
0	0	13900	0	8900	0	0	32200	0	9400	0	0	21300	26400	38600	7200	0	0	7700	20800	6500	0	8400	0	28900	0	0	0	0	0	0	7600	0	18500	44400	0	0	7200	10400	0	9400	400	0	0	0	0	14400	0	7200	0	0	0	20500	8900	0	5800	8400	0	17400	3000	27900	10600	0	8900	6400	38600	0	0	0	9200	37600	25900	0	0	0
0	0	15600	0	10600	0	0	33900	0	11100	0	0	23000	28100	40300	8900	0	0	9400	22500	8200	0	10100	0	30600	0	0	0	0	1700	0	9300	0	20200	46100	0	0	8900	12100	0	11100	2100	0	0	0	0	16100	0	8900	0	0	0	22200	10600	0	7500	10100	0	19100	4700	29600	12300	0	10600	8100	40300	0	0	0	10900	39300	27600	0	0	0
0	0	6300	0	1300	0	0	24600	0	1800	0	0	13700	18800	31000	0	0	0	100	13200	0	0	800	0	21300	0	0	0	0	0	0	0	0	10900	36800	0	0	0	2800	0	1800	0	0	0	0	0	6800	0	0	0	0	0	12900	1300	0	0	800	0	9800	0	20300	3000	0	1300	0	31000	0	0	0	1600	30000	18300	0	0	0
22000	0	45700	20900	40700	25700	26200	64000	21300	41200	15200	0	53100	58200	70400	39000	20200	29500	39500	52600	38300	0	40200	26500	60700	27200	27100	9700	0	31800	30100	39400	0	50300	76200	20200	14800	39000	42200	0	41200	32200	15200	23600	0	20200	46200	27200	39000	15500	16000	22900	52300	40700	26000	37600	40200	29000	49200	34800	59700	42400	14800	40700	38200	70400	9900	22900	5500	41000	69400	57700	9100	29500	0
0	0	0	0	0	0	0	13700	0	0	0	0	2800	7900	20100	0	0	0	0	2300	0	0	0	0	10400	0	0	0	0	0	0	0	0	0	25900	0	0	0	0	0	0	0	0	0	0	0	0	0	0	0	0	0	2000	0	0	0	0	0	0	0	9400	0	0	0	0	20100	0	0	0	0	19100	7400	0	0	0
0	0	0	0	0	0	0	0	0	0	0	0	0	0	0	0	0	0	0	0	0	0	0	0	0	0	0	0	0	0	0	0	0	0	0	0	0	0	0	0	0	0	0	0	0	0	0	0	0	0	0	0	0	0	0	0	0	0	0	0	0	0	0	0	0	0	0	0	0	0	0	0	0	0	0
1800	0	25500	700	20500	5500	6000	43800	1100	21000	0	0	32900	38000	50200	18800	0	9300	19300	32400	18100	0	20000	6300	40500	7000	6900	0	0	11600	9900	19200	0	30100	56000	0	0	18800	22000	0	21000	12000	0	3400	0	0	26000	7000	18800	0	0	2700	32100	20500	5800	17400	20000	8800	29000	14600	39500	22200	0	20500	18000	50200	0	2700	0	20800	49200	37500	0	9300	0
7200	0	30900	6100	25900	10900	11400	49200	6500	26400	400	0	38300	43400	55600	24200	5400	14700	24700	37800	23500	0	25400	11700	45900	12400	12300	0	0	17000	15300	24600	0	35500	61400	5400	0	24200	27400	0	26400	17400	400	8800	0	5400	31400	12400	24200	700	1200	8100	37500	25900	11200	22800	25400	14200	34400	20000	44900	27600	0	25900	23400	55600	0	8100	0	26200	54600	42900	0	14700	0
0	0	6700	0	1700	0	0	25000	0	2200	0	0	14100	19200	31400	0	0	0	500	13600	0	0	1200	0	21700	0	0	0	0	0	0	400	0	11300	37200	0	0	0	3200	0	2200	0	0	0	0	0	7200	0	0	0	0	0	13300	1700	0	0	1200	0	10200	0	20700	3400	0	1700	0	31400	0	0	0	2000	30400	18700	0	0	0
0	0	3500	0	0	0	0	21800	0	0	0	0	10900	16000	28200	0	0	0	0	10400	0	0	0	0	18500	0	0	0	0	0	0	0	0	8100	34000	0	0	0	0	0	0	0	0	0	0	0	4000	0	0	0	0	0	10100	0	0	0	0	0	7000	0	17500	200	0	0	0	28200	0	0	0	0	27200	15500	0	0	0
26200	0	49900	25100	44900	29900	30400	68200	25500	45400	19400	0	57300	62400	74600	43200	24400	33700	43700	56800	42500	0	44400	30700	64900	31400	31300	13900	0	36000	34300	43600	4200	54500	80400	24400	19000	43200	46400	0	45400	36400	19400	27800	0	24400	50400	31400	43200	19700	20200	27100	56500	44900	30200	41800	44400	33200	53400	39000	63900	46600	19000	44900	42400	74600	14100	27100	9700	45200	73600	61900	13300	33700	1100
0	0	4500	0	0	0	0	22800	0	0	0	0	11900	17000	29200	0	0	0	0	11400	0	0	0	0	19500	0	0	0	0	0	0	0	0	9100	35000	0	0	0	1000	0	0	0	0	0	0	0	5000	0	0	0	0	0	11100	0	0	0	0	0	8000	0	18500	1200	0	0	0	29200	0	0	0	0	28200	16500	0	0	0
0	0	13500	0	8500	0	0	31800	0	9000	0	0	20900	26000	38200	6800	0	0	7300	20400	6100	0	8000	0	28500	0	0	0	0	0	0	7200	0	18100	44000	0	0	6800	10000	0	9000	0	0	0	0	0	14000	0	6800	0	0	0	20100	8500	0	5400	8000	0	17000	2600	27500	10200	0	8500	6000	38200	0	0	0	8800	37200	25500	0	0	0
6800	0	30500	5700	25500	10500	11000	48800	6100	26000	0	0	37900	43000	55200	23800	5000	14300	24300	37400	23100	0	25000	11300	45500	12000	11900	0	0	16600	14900	24200	0	35100	61000	5000	0	23800	27000	0	26000	17000	0	8400	0	5000	31000	12000	23800	300	800	7700	37100	25500	10800	22400	25000	13800	34000	19600	44500	27200	0	25500	23000	55200	0	7700	0	25800	54200	42500	0	14300	0
0	0	22100	0	17100	2100	2600	40400	0	17600	0	0	29500	34600	46800	15400	0	5900	15900	29000	14700	0	16600	2900	37100	3600	3500	0	0	8200	6500	15800	0	26700	52600	0	0	15400	18600	0	17600	8600	0	0	0	0	22600	3600	15400	0	0	0	28700	17100	2400	14000	16600	5400	25600	11200	36100	18800	0	17100	14600	46800	0	0	0	17400	45800	34100	0	5900	0
34800	3600	58500	33700	53500	38500	39000	76800	34100	54000	28000	7600	65900	71000	83200	51800	33000	42300	52300	65400	51100	5000	53000	39300	73500	40000	39900	22500	7500	44600	42900	52200	12800	63100	89000	33000	27600	51800	55000	8600	54000	45000	28000	36400	0	33000	59000	40000	51800	28300	28800	35700	65100	53500	38800	50400	53000	41800	62000	47600	72500	55200	27600	53500	51000	83200	22700	35700	18300	53800	82200	70500	21900	42300	9700
1800	0	25500	700	20500	5500	6000	43800	1100	21000	0	0	32900	38000	50200	18800	0	9300	19300	32400	18100	0	20000	6300	40500	7000	6900	0	0	11600	9900	19200	0	30100	56000	0	0	18800	22000	0	21000	12000	0	3400	0	0	26000	7000	18800	0	0	2700	32100	20500	5800	17400	20000	8800	29000	14600	39500	22200	0	20500	18000	50200	0	2700	0	20800	49200	37500	0	9300	0
0	0	0	0	0	0	0	17800	0	0	0	0	6900	12000	24200	0	0	0	0	6400	0	0	0	0	14500	0	0	0	0	0	0	0	0	4100	30000	0	0	0	0	0	0	0	0	0	0	0	0	0	0	0	0	0	6100	0	0	0	0	0	3000	0	13500	0	0	0	0	24200	0	0	0	0	23200	11500	0	0	0
0	0	18500	0	13500	0	0	36800	0	14000	0	0	25900	31000	43200	11800	0	2300	12300	25400	11100	0	13000	0	33500	0	0	0	0	4600	2900	12200	0	23100	49000	0	0	11800	15000	0	14000	5000	0	0	0	0	19000	0	11800	0	0	0	25100	13500	0	10400	13000	1800	22000	7600	32500	15200	0	13500	11000	43200	0	0	0	13800	42200	30500	0	2300	0
0	0	6700	0	1700	0	0	25000	0	2200	0	0	14100	19200	31400	0	0	0	500	13600	0	0	1200	0	21700	0	0	0	0	0	0	400	0	11300	37200	0	0	0	3200	0	2200	0	0	0	0	0	7200	0	0	0	0	0	13300	1700	0	0	1200	0	10200	0	20700	3400	0	1700	0	31400	0	0	0	2000	30400	18700	0	0	0
6500	0	30200	5400	25200	10200	10700	48500	5800	25700	0	0	37600	42700	54900	23500	4700	14000	24000	37100	22800	0	24700	11000	45200	11700	11600	0	0	16300	14600	23900	0	34800	60700	4700	0	23500	26700	0	25700	16700	0	8100	0	4700	30700	11700	23500	0	500	7400	36800	25200	10500	22100	24700	13500	33700	19300	44200	26900	0	25200	22700	54900	0	7400	0	25500	53900	42200	0	14000	0
6000	0	29700	4900	24700	9700	10200	48000	5300	25200	0	0	37100	42200	54400	23000	4200	13500	23500	36600	22300	0	24200	10500	44700	11200	11100	0	0	15800	14100	23400	0	34300	60200	4200	0	23000	26200	0	25200	16200	0	7600	0	4200	30200	11200	23000	0	0	6900	36300	24700	10000	21600	24200	13000	33200	18800	43700	26400	0	24700	22200	54400	0	6900	0	25000	53400	41700	0	13500	0
0	0	22800	0	17800	2800	3300	41100	0	18300	0	0	30200	35300	47500	16100	0	6600	16600	29700	15400	0	17300	3600	37800	4300	4200	0	0	8900	7200	16500	0	27400	53300	0	0	16100	19300	0	18300	9300	0	700	0	0	23300	4300	16100	0	0	0	29400	17800	3100	14700	17300	6100	26300	11900	36800	19500	0	17800	15300	47500	0	0	0	18100	46500	34800	0	6600	0
0	0	0	0	0	0	0	11700	0	0	0	0	800	5900	18100	0	0	0	0	300	0	0	0	0	8400	0	0	0	0	0	0	0	0	0	23900	0	0	0	0	0	0	0	0	0	0	0	0	0	0	0	0	0	0	0	0	0	0	0	0	0	7400	0	0	0	0	18100	0	0	0	0	17100	5400	0	0	0
0	0	5000	0	0	0	0	23300	0	500	0	0	12400	17500	29700	0	0	0	0	11900	0	0	0	0	20000	0	0	0	0	0	0	0	0	9600	35500	0	0	0	1500	0	500	0	0	0	0	0	5500	0	0	0	0	0	11600	0	0	0	0	0	8500	0	19000	1700	0	0	0	29700	0	0	0	300	28700	17000	0	0	0
0	0	19700	0	14700	0	200	38000	0	15200	0	0	27100	32200	44400	13000	0	3500	13500	26600	12300	0	14200	500	34700	1200	1100	0	0	5800	4100	13400	0	24300	50200	0	0	13000	16200	0	15200	6200	0	0	0	0	20200	1200	13000	0	0	0	26300	14700	0	11600	14200	3000	23200	8800	33700	16400	0	14700	12200	44400	0	0	0	15000	43400	31700	0	3500	0
0	0	8100	0	3100	0	0	26400	0	3600	0	0	15500	20600	32800	1400	0	0	1900	15000	700	0	2600	0	23100	0	0	0	0	0	0	1800	0	12700	38600	0	0	1400	4600	0	3600	0	0	0	0	0	8600	0	1400	0	0	0	14700	3100	0	0	2600	0	11600	0	22100	4800	0	3100	600	32800	0	0	0	3400	31800	20100	0	0	0
0	0	5500	0	500	0	0	23800	0	1000	0	0	12900	18000	30200	0	0	0	0	12400	0	0	0	0	20500	0	0	0	0	0	0	0	0	10100	36000	0	0	0	2000	0	1000	0	0	0	0	0	6000	0	0	0	0	0	12100	500	0	0	0	0	9000	0	19500	2200	0	500	0	30200	0	0	0	800	29200	17500	0	0	0
0	0	16700	0	11700	0	0	35000	0	12200	0	0	24100	29200	41400	10000	0	500	10500	23600	9300	0	11200	0	31700	0	0	0	0	2800	1100	10400	0	21300	47200	0	0	10000	13200	0	12200	3200	0	0	0	0	17200	0	10000	0	0	0	23300	11700	0	8600	11200	0	20200	5800	30700	13400	0	11700	9200	41400	0	0	0	12000	40400	28700	0	500	0
0	0	0	0	0	0	0	14800	0	0	0	0	3900	9000	21200	0	0	0	0	3400	0	0	0	0	11500	0	0	0	0	0	0	0	0	1100	27000	0	0	0	0	0	0	0	0	0	0	0	0	0	0	0	0	0	3100	0	0	0	0	0	0	0	10500	0	0	0	0	21200	0	0	0	0	20200	8500	0	0	0
0	0	10900	0	5900	0	0	29200	0	6400	0	0	18300	23400	35600	4200	0	0	4700	17800	3500	0	5400	0	25900	0	0	0	0	0	0	4600	0	15500	41400	0	0	4200	7400	0	6400	0	0	0	0	0	11400	0	4200	0	0	0	17500	5900	0	2800	5400	0	14400	0	24900	7600	0	5900	3400	35600	0	0	0	6200	34600	22900	0	0	0
0	0	0	0	0	0	0	4300	0	0	0	0	0	0	10700	0	0	0	0	0	0	0	0	0	1000	0	0	0	0	0	0	0	0	0	16500	0	0	0	0	0	0	0	0	0	0	0	0	0	0	0	0	0	0	0	0	0	0	0	0	0	0	0	0	0	0	10700	0	0	0	0	9700	0	0	0	0
0	0	3300	0	0	0	0	21600	0	0	0	0	10700	15800	28000	0	0	0	0	10200	0	0	0	0	18300	0	0	0	0	0	0	0	0	7900	33800	0	0	0	0	0	0	0	0	0	0	0	3800	0	0	0	0	0	9900	0	0	0	0	0	6800	0	17300	0	0	0	0	28000	0	0	0	0	27000	15300	0	0	0
7200	0	30900	6100	25900	10900	11400	49200	6500	26400	400	0	38300	43400	55600	24200	5400	14700	24700	37800	23500	0	25400	11700	45900	12400	12300	0	0	17000	15300	24600	0	35500	61400	5400	0	24200	27400	0	26400	17400	400	8800	0	5400	31400	12400	24200	700	1200	8100	37500	25900	11200	22800	25400	14200	34400	20000	44900	27600	0	25900	23400	55600	0	8100	0	26200	54600	42900	0	14700	0
0	0	5000	0	0	0	0	23300	0	500	0	0	12400	17500	29700	0	0	0	0	11900	0	0	0	0	20000	0	0	0	0	0	0	0	0	9600	35500	0	0	0	1500	0	500	0	0	0	0	0	5500	0	0	0	0	0	11600	0	0	0	0	0	8500	0	19000	1700	0	0	0	29700	0	0	0	300	28700	17000	0	0	0
0	0	7500	0	2500	0	0	25800	0	3000	0	0	14900	20000	32200	800	0	0	1300	14400	100	0	2000	0	22500	0	0	0	0	0	0	1200	0	12100	38000	0	0	800	4000	0	3000	0	0	0	0	0	8000	0	800	0	0	0	14100	2500	0	0	2000	0	11000	0	21500	4200	0	2500	0	32200	0	0	0	2800	31200	19500	0	0	0
0	0	0	0	0	0	0	0	0	0	0	0	0	0	0	0	0	0	0	0	0	0	0	0	0	0	0	0	0	0	0	0	0	0	5800	0	0	0	0	0	0	0	0	0	0	0	0	0	0	0	0	0	0	0	0	0	0	0	0	0	0	0	0	0	0	0	0	0	0	0	0	0	0	0	0
12100	0	35800	11000	30800	15800	16300	54100	11400	31300	5300	0	43200	48300	60500	29100	10300	19600	29600	42700	28400	0	30300	16600	50800	17300	17200	0	0	21900	20200	29500	0	40400	66300	10300	4900	29100	32300	0	31300	22300	5300	13700	0	10300	36300	17300	29100	5600	6100	13000	42400	30800	16100	27700	30300	19100	39300	24900	49800	32500	4900	30800	28300	60500	0	13000	0	31100	59500	47800	0	19600	0
0	0	22800	0	17800	2800	3300	41100	0	18300	0	0	30200	35300	47500	16100	0	6600	16600	29700	15400	0	17300	3600	37800	4300	4200	0	0	8900	7200	16500	0	27400	53300	0	0	16100	19300	0	18300	9300	0	700	0	0	23300	4300	16100	0	0	0	29400	17800	3100	14700	17300	6100	26300	11900	36800	19500	0	17800	15300	47500	0	0	0	18100	46500	34800	0	6600	0
16500	0	40200	15400	35200	20200	20700	58500	15800	35700	9700	0	47600	52700	64900	33500	14700	24000	34000	47100	32800	0	34700	21000	55200	21700	21600	4200	0	26300	24600	33900	0	44800	70700	14700	9300	33500	36700	0	35700	26700	9700	18100	0	14700	40700	21700	33500	10000	10500	17400	46800	35200	20500	32100	34700	23500	43700	29300	54200	36900	9300	35200	32700	64900	4400	17400	0	35500	63900	52200	3600	24000	0
0	0	4700	0	0	0	0	23000	0	200	0	0	12100	17200	29400	0	0	0	0	11600	0	0	0	0	19700	0	0	0	0	0	0	0	0	9300	35200	0	0	0	1200	0	200	0	0	0	0	0	5200	0	0	0	0	0	11300	0	0	0	0	0	8200	0	18700	1400	0	0	0	29400	0	0	0	0	28400	16700	0	0	0
0	0	0	0	0	0	0	0	0	0	0	0	0	0	1000	0	0	0	0	0	0	0	0	0	0	0	0	0	0	0	0	0	0	0	6800	0	0	0	0	0	0	0	0	0	0	0	0	0	0	0	0	0	0	0	0	0	0	0	0	0	0	0	0	0	0	1000	0	0	0	0	0	0	0	0	0
0	0	0	0	0	0	0	6300	0	0	0	0	0	500	12700	0	0	0	0	0	0	0	0	0	3000	0	0	0	0	0	0	0	0	0	18500	0	0	0	0	0	0	0	0	0	0	0	0	0	0	0	0	0	0	0	0	0	0	0	0	0	2000	0	0	0	0	12700	0	0	0	0	11700	0	0	0	0
12900	0	36600	11800	31600	16600	17100	54900	12200	32100	6100	0	44000	49100	61300	29900	11100	20400	30400	43500	29200	0	31100	17400	51600	18100	18000	600	0	22700	21000	30300	0	41200	67100	11100	5700	29900	33100	0	32100	23100	6100	14500	0	11100	37100	18100	29900	6400	6900	13800	43200	31600	16900	28500	31100	19900	40100	25700	50600	33300	5700	31600	29100	61300	800	13800	0	31900	60300	48600	0	20400	0
0	0	16200	0	11200	0	0	34500	0	11700	0	0	23600	28700	40900	9500	0	0	10000	23100	8800	0	10700	0	31200	0	0	0	0	2300	600	9900	0	20800	46700	0	0	9500	12700	0	11700	2700	0	0	0	0	16700	0	9500	0	0	0	22800	11200	0	8100	10700	0	19700	5300	30200	12900	0	11200	8700	40900	0	0	0	11500	39900	28200	0	0	0
25100	0	48800	24000	43800	28800	29300	67100	24400	44300	18300	0	56200	61300	73500	42100	23300	32600	42600	55700	41400	0	43300	29600	63800	30300	30200	12800	0	34900	33200	42500	3100	53400	79300	23300	17900	42100	45300	0	44300	35300	18300	26700	0	23300	49300	30300	42100	18600	19100	26000	55400	43800	29100	40700	43300	32100	52300	37900	62800	45500	17900	43800	41300	73500	13000	26000	8600	44100	72500	60800	12200	32600	0

0	48	60	0	11	18	0	48	0	0	18	26	0	0	8	0	0	0	0	11	0	0	0	0	0	38	0	0	30	0	0	26	0	0	0	0	0	0	0	0	26	0	36	0	0	38	0	129	30	0	0	18	0	0	18	0	0	0	15	0	0	0	0	0	40	40	103	0	56	0	43	11	28	18	0
0	0	30	0	0	0	0	0	0	0	0	0	0	0	0	0	0	0	0	0	0	0	0	0	0	0	0	0	0	0	0	0	0	0	0	0	0	0	0	0	0	0	0	0	0	0	0	124	0	0	0	0	0	0	0	0	0	0	0	0	0	0	0	0	0	0	94	0	20	0	0	0	0	0	0
0	0	0	0	0	0	0	0	0	0	0	0	0	0	0	0	0	0	0	0	0	0	0	0	0	0	0	0	0	0	0	0	0	0	0	0	0	0	0	0	0	0	0	0	0	0	0	122	0	0	0	0	0	0	0	0	0	0	0	0	0	0	0	0	0	0	89	0	0	0	0	0	0	0	0
30	60	70	0	36	40	0	60	4	0	40	45	28	0	34	28	15	0	8	36	30	30	0	26	0	53	28	26	48	0	26	45	30	30	30	4	0	30	30	8	45	30	52	30	0	53	0	131	48	4	4	40	0	0	40	30	18	11	38	26	30	0	8	18	54	54	107	30	66	15	56	36	46	40	30
0	43	56	0	0	8	0	43	0	0	8	18	0	0	0	0	0	0	0	0	0	0	0	0	0	32	0	0	23	0	0	18	0	0	0	0	0	0	0	0	18	0	30	0	0	32	0	128	23	0	0	8	0	0	8	0	0	0	4	0	0	0	0	0	34	34	102	0	52	0	38	0	20	8	0
0	40	54	0	0	0	0	40	0	0	0	11	0	0	0	0	0	0	0	0	0	0	0	0	0	28	0	0	18	0	0	11	0	0	0	0	0	0	0	0	11	0	26	0	0	28	0	128	18	0	0	0	0	0	0	0	0	0	0	0	0	0	0	0	30	30	101	0	49	0	34	0	15	0	0
30	60	70	0	36	40	0	60	4	0	40	45	28	0	34	28	15	0	8	36	30	30	0	26	0	53	28	26	48	0	26	45	30	30	30	4	0	30	30	8	45	30	52	30	0	53	0	131	48	4	4	40	0	0	40	30	18	11	38	26	30	0	8	18	54	54	107	30	66	15	56	36	46	40	30
0	0	30	0	0	0	0	0	0	0	0	0	0	0	0	0	0	0	0	0	0	0	0	0	0	0	0	0	0	0	0	0	0	0	0	0	0	0	0	0	0	0	0	0	0	0	0	124	0	0	0	0	0	0	0	0	0	0	0	0	0	0	0	0	0	0	94	0	20	0	0	0	0	0	0
28	59	69	0	34	38	0	59	0	0	38	43	26	0	32	26	11	0	4	34	28	28	0	23	0	52	26	23	46	0	23	43	28	28	28	0	0	28	28	4	43	28	51	28	0	52	0	131	46	0	0	38	0	0	38	28	15	8	36	23	28	0	4	15	53	53	106	28	65	11	56	34	45	38	28
30	60	70	0	36	40	0	60	4	0	40	45	28	0	34	28	15	0	8	36	30	30	0	26	0	53	28	26	48	0	26	45	30	30	30	4	0	30	30	8	45	30	52	30	0	53	0	131	48	4	4	40	0	0	40	30	18	11	38	26	30	0	8	18	54	54	107	30	66	15	56	36	46	40	30
0	40	54	0	0	0	0	40	0	0	0	11	0	0	0	0	0	0	0	0	0	0	0	0	0	28	0	0	18	0	0	11	0	0	0	0	0	0	0	0	11	0	26	0	0	28	0	128	18	0	0	0	0	0	0	0	0	0	0	0	0	0	0	0	30	30	101	0	49	0	34	0	15	0	0
0	34	51	0	0	0	0	34	0	0	0	0	0	0	0	0	0	0	0	0	0	0	0	0	0	20	0	0	8	0	0	0	0	0	0	0	0	0	0	0	0	0	18	0	0	20	0	127	8	0	0	0	0	0	0	0	0	0	0	0	0	0	0	0	23	23	100	0	45	0	28	0	4	0	0
4	49	61	0	15	20	0	49	0	0	20	28	0	0	11	0	0	0	0	15	4	4	0	0	0	40	0	0	32	0	0	28	4	4	4	0	0	4	4	0	28	4	38	4	0	40	0	129	32	0	0	20	0	0	20	4	0	0	18	0	4	0	0	0	41	41	103	4	56	0	45	15	30	20	4
30	60	70	0	36	40	0	60	4	0	40	45	28	0	34	28	15	0	8	36	30	30	0	26	0	53	28	26	48	0	26	45	30	30	30	4	0	30	30	8	45	30	52	30	0	53	0	131	48	4	4	40	0	0	40	30	18	11	38	26	30	0	8	18	54	54	107	30	66	15	56	36	46	40	30
0	45	57	0	4	11	0	45	0	0	11	20	0	0	0	0	0	0	0	4	0	0	0	0	0	34	0	0	26	0	0	20	0	0	0	0	0	0	0	0	20	0	32	0	0	34	0	129	26	0	0	11	0	0	11	0	0	0	8	0	0	0	0	0	36	36	102	0	53	0	40	4	23	11	0
4	49	61	0	15	20	0	49	0	0	20	28	0	0	11	0	0	0	0	15	4	4	0	0	0	40	0	0	32	0	0	28	4	4	4	0	0	4	4	0	28	4	38	4	0	40	0	129	32	0	0	20	0	0	20	4	0	0	18	0	4	0	0	0	41	41	103	4	56	0	45	15	30	20	4
20	56	66	0	28	32	0	56	0	0	32	38	18	0	26	18	0	0	0	28	20	20	0	15	0	48	18	15	41	0	15	38	20	20	20	0	0	20	20	0	38	20	46	20	0	48	0	130	41	0	0	32	0	0	32	20	4	0	30	15	20	0	0	4	49	49	105	20	62	0	52	28	40	32	20
30	60	70	0	36	40	0	60	4	0	40	45	28	0	34	28	15	0	8	36	30	30	0	26	0	53	28	26	48	0	26	45	30	30	30	4	0	30	30	8	45	30	52	30	0	53	0	131	48	4	4	40	0	0	40	30	18	11	38	26	30	0	8	18	54	54	107	30	66	15	56	36	46	40	30
26	57	68	0	32	36	0	57	0	0	36	41	23	0	30	23	8	0	0	32	26	26	0	20	0	51	23	20	45	0	20	41	26	26	26	0	0	26	26	0	41	26	49	26	0	51	0	131	45	0	0	36	0	0	36	26	11	4	34	20	26	0	0	11	52	52	106	26	64	8	54	32	43	36	26
0	43	56	0	0	8	0	43	0	0	8	18	0	0	0	0	0	0	0	0	0	0	0	0	0	32	0	0	23	0	0	18	0	0	0	0	0	0	0	0	18	0	30	0	0	32	0	128	23	0	0	8	0	0	8	0	0	0	4	0	0	0	0	0	34	34	102	0	52	0	38	0	20	8	0
0	48	60	0	11	18	0	48	0	0	18	26	0	0	8	0	0	0	0	11	0	0	0	0	0	38	0	0	30	0	0	26	0	0	0	0	0	0	0	0	26	0	36	0	0	38	0	129	30	0	0	18	0	0	18	0	0	0	15	0	0	0	0	0	40	40	103	0	56	0	43	11	28	18	0
0	48	60	0	11	18	0	48	0	0	18	26	0	0	8	0	0	0	0	11	0	0	0	0	0	38	0	0	30	0	0	26	0	0	0	0	0	0	0	0	26	0	36	0	0	38	0	129	30	0	0	18	0	0	18	0	0	0	15	0	0	0	0	0	40	40	103	0	56	0	43	11	28	18	0
30	60	70	0	36	40	0	60	4	0	40	45	28	0	34	28	15	0	8	36	30	30	0	26	0	53	28	26	48	0	26	45	30	30	30	4	0	30	30	8	45	30	52	30	0	53	0	131	48	4	4	40	0	0	40	30	18	11	38	26	30	0	8	18	54	54	107	30	66	15	56	36	46	40	30
8	51	62	0	18	23	0	51	0	0	23	30	4	0	15	4	0	0	0	18	8	8	0	0	0	41	4	0	34	0	0	30	8	8	8	0	0	8	8	0	30	8	40	8	0	41	0	129	34	0	0	23	0	0	23	8	0	0	20	0	8	0	0	0	43	43	104	8	57	0	46	18	32	23	8
30	60	70	0	36	40	0	60	4	0	40	45	28	0	34	28	15	0	8	36	30	30	0	26	0	53	28	26	48	0	26	45	30	30	30	4	0	30	30	8	45	30	52	30	0	53	0	131	48	4	4	40	0	0	40	30	18	11	38	26	30	0	8	18	54	54	107	30	66	15	56	36	46	40	30
0	20	41	0	0	0	0	20	0	0	0	0	0	0	0	0	0	0	0	0	0	0	0	0	0	0	0	0	0	0	0	0	0	0	0	0	0	0	0	0	0	0	0	0	0	0	0	126	0	0	0	0	0	0	0	0	0	0	0	0	0	0	0	0	4	4	97	0	34	0	11	0	0	0	0
4	49	61	0	15	20	0	49	0	0	20	28	0	0	11	0	0	0	0	15	4	4	0	0	0	40	0	0	32	0	0	28	4	4	4	0	0	4	4	0	28	4	38	4	0	40	0	129	32	0	0	20	0	0	20	4	0	0	18	0	4	0	0	0	41	41	103	4	56	0	45	15	30	20	4
8	51	62	0	18	23	0	51	0	0	23	30	4	0	15	4	0	0	0	18	8	8	0	0	0	41	4	0	34	0	0	30	8	8	8	0	0	8	8	0	30	8	40	8	0	41	0	129	34	0	0	23	0	0	23	8	0	0	20	0	8	0	0	0	43	43	104	8	57	0	46	18	32	23	8
0	30	48	0	0	0	0	30	0	0	0	0	0	0	0	0	0	0	0	0	0	0	0	0	0	15	0	0	0	0	0	0	0	0	0	0	0	0	0	0	0	0	11	0	0	15	0	127	0	0	0	0	0	0	0	0	0	0	0	0	0	0	0	0	18	18	99	0	41	0	23	0	0	0	0
34	62	72	8	40	43	8	62	11	8	43	48	32	8	38	32	20	8	15	40	34	34	8	30	8	56	32	30	51	0	30	48	34	34	34	11	0	34	34	15	48	34	54	34	0	56	0	132	51	11	11	43	0	8	43	34	23	18	41	30	34	8	15	23	56	56	108	34	68	20	59	40	49	43	34
8	51	62	0	18	23	0	51	0	0	23	30	4	0	15	4	0	0	0	18	8	8	0	0	0	41	4	0	34	0	0	30	8	8	8	0	0	8	8	0	30	8	40	8	0	41	0	129	34	0	0	23	0	0	23	8	0	0	20	0	8	0	0	0	43	43	104	8	57	0	46	18	32	23	8
0	34	51	0	0	0	0	34	0	0	0	0	0	0	0	0	0	0	0	0	0	0	0	0	0	20	0	0	8	0	0	0	0	0	0	0	0	0	0	0	0	0	18	0	0	20	0	127	8	0	0	0	0	0	0	0	0	0	0	0	0	0	0	0	23	23	100	0	45	0	28	0	4	0	0
0	48	60	0	11	18	0	48	0	0	18	26	0	0	8	0	0	0	0	11	0	0	0	0	0	38	0	0	30	0	0	26	0	0	0	0	0	0	0	0	26	0	36	0	0	38	0	129	30	0	0	18	0	0	18	0	0	0	15	0	0	0	0	0	40	40	103	0	56	0	43	11	28	18	0
0	48	60	0	11	18	0	48	0	0	18	26	0	0	8	0	0	0	0	11	0	0	0	0	0	38	0	0	30	0	0	26	0	0	0	0	0	0	0	0	26	0	36	0	0	38	0	129	30	0	0	18	0	0	18	0	0	0	15	0	0	0	0	0	40	40	103	0	56	0	43	11	28	18	0
0	48	60	0	11	18	0	48	0	0	18	26	0	0	8	0	0	0	0	11	0	0	0	0	0	38	0	0	30	0	0	26	0	0	0	0	0	0	0	0	26	0	36	0	0	38	0	129	30	0	0	18	0	0	18	0	0	0	15	0	0	0	0	0	40	40	103	0	56	0	43	11	28	18	0
28	59	69	0	34	38	0	59	0	0	38	43	26	0	32	26	11	0	4	34	28	28	0	23	0	52	26	23	46	0	23	43	28	28	28	0	0	28	28	4	43	28	51	28	0	52	0	131	46	0	0	38	0	0	38	28	15	8	36	23	28	0	4	15	53	53	106	28	65	11	56	34	45	38	28
35	63	72	10	41	44	10	63	13	10	44	48	33	10	39	33	22	10	16	41	35	35	10	31	10	56	33	31	51	2	31	48	35	35	35	13	0	35	35	16	48	35	55	35	0	56	0	132	51	13	13	44	0	10	44	35	24	19	42	31	35	10	16	24	56	56	108	35	69	22	60	41	50	44	35
0	48	60	0	11	18	0	48	0	0	18	26	0	0	8	0	0	0	0	11	0	0	0	0	0	38	0	0	30	0	0	26	0	0	0	0	0	0	0	0	26	0	36	0	0	38	0	129	30	0	0	18	0	0	18	0	0	0	15	0	0	0	0	0	40	40	103	0	56	0	43	11	28	18	0
0	48	60	0	11	18	0	48	0	0	18	26	0	0	8	0	0	0	0	11	0	0	0	0	0	38	0	0	30	0	0	26	0	0	0	0	0	0	0	0	26	0	36	0	0	38	0	129	30	0	0	18	0	0	18	0	0	0	15	0	0	0	0	0	40	40	103	0	56	0	43	11	28	18	0
26	57	68	0	32	36	0	57	0	0	36	41	23	0	30	23	8	0	0	32	26	26	0	20	0	51	23	20	45	0	20	41	26	26	26	0	0	26	26	0	41	26	49	26	0	51	0	131	45	0	0	36	0	0	36	26	11	4	34	20	26	0	0	11	52	52	106	26	64	8	54	32	43	36	26
0	34	51	0	0	0	0	34	0	0	0	0	0	0	0	0	0	0	0	0	0	0	0	0	0	20	0	0	8	0	0	0	0	0	0	0	0	0	0	0	0	0	18	0	0	20	0	127	8	0	0	0	0	0	0	0	0	0	0	0	0	0	0	0	23	23	100	0	45	0	28	0	4	0	0
0	48	60	0	11	18	0	48	0	0	18	26	0	0	8	0	0	0	0	11	0	0	0	0	0	38	0	0	30	0	0	26	0	0	0	0	0	0	0	0	26	0	36	0	0	38	0	129	30	0	0	18	0	0	18	0	0	0	15	0	0	0	0	0	40	40	103	0	56	0	43	11	28	18	0
0	23	43	0	0	0	0	23	0	0	0	0	0	0	0	0	0	0	0	0	0	0	0	0	0	4	0	0	0	0	0	0	0	0	0	0	0	0	0	0	0	0	0	0	0	4	0	126	0	0	0	0	0	0	0	0	0	0	0	0	0	0	0	0	8	8	97	0	36	0	15	0	0	0	0
0	48	60	0	11	18	0	48	0	0	18	26	0	0	8	0	0	0	0	11	0	0	0	0	0	38	0	0	30	0	0	26	0	0	0	0	0	0	0	0	26	0	36	0	0	38	0	129	30	0	0	18	0	0	18	0	0	0	15	0	0	0	0	0	40	40	103	0	56	0	43	11	28	18	0
39	65	74	16	44	47	16	65	19	16	47	51	37	16	42	37	27	16	22	44	39	39	16	35	16	59	37	35	54	10	35	51	39	39	39	19	8	39	39	22	51	39	56	39	0	59	0	132	54	19	19	47	2	16	47	39	28	24	45	35	39	16	22	28	60	60	108	39	70	27	62	44	53	47	39
0	20	41	0	0	0	0	20	0	0	0	0	0	0	0	0	0	0	0	0	0	0	0	0	0	0	0	0	0	0	0	0	0	0	0	0	0	0	0	0	0	0	0	0	0	0	0	126	0	0	0	0	0	0	0	0	0	0	0	0	0	0	0	0	4	4	97	0	34	0	11	0	0	0	0
39	65	74	16	44	47	16	65	19	16	47	51	37	16	42	37	27	16	22	44	39	39	16	35	16	59	37	35	54	10	35	51	39	39	39	19	8	39	39	22	51	39	56	39	0	59	0	132	54	19	19	47	2	16	47	39	28	24	45	35	39	16	22	28	60	60	108	39	70	27	62	44	53	47	39
0	0	0	0	0	0	0	0	0	0	0	0	0	0	0	0	0	0	0	0	0	0	0	0	0	0	0	0	0	0	0	0	0	0	0	0	0	0	0	0	0	0	0	0	0	0	0	0	0	0	0	0	0	0	0	0	0	0	0	0	0	0	0	0	0	0	0	0	0	0	0	0	0	0	0
0	30	48	0	0	0	0	30	0	0	0	0	0	0	0	0	0	0	0	0	0	0	0	0	0	15	0	0	0	0	0	0	0	0	0	0	0	0	0	0	0	0	11	0	0	15	0	127	0	0	0	0	0	0	0	0	0	0	0	0	0	0	0	0	18	18	99	0	41	0	23	0	0	0	0
28	59	69	0	34	38	0	59	0	0	38	43	26	0	32	26	11	0	4	34	28	28	0	23	0	52	26	23	46	0	23	43	28	28	28	0	0	28	28	4	43	28	51	28	0	52	0	131	46	0	0	38	0	0	38	28	15	8	36	23	28	0	4	15	53	53	106	28	65	11	56	34	45	38	28
28	59	69	0	34	38	0	59	0	0	38	43	26	0	32	26	11	0	4	34	28	28	0	23	0	52	26	23	46	0	23	43	28	28	28	0	0	28	28	4	43	28	51	28	0	52	0	131	46	0	0	38	0	0	38	28	15	8	36	23	28	0	4	15	53	53	106	28	65	11	56	34	45	38	28
0	40	54	0	0	0	0	40	0	0	0	11	0	0	0	0	0	0	0	0	0	0	0	0	0	28	0	0	18	0	0	11	0	0	0	0	0	0	0	0	11	0	26	0	0	28	0	128	18	0	0	0	0	0	0	0	0	0	0	0	0	0	0	0	30	30	101	0	49	0	34	0	15	0	0
38	64	73	15	43	46	15	64	18	15	46	51	36	15	41	36	26	15	20	43	38	38	15	34	15	57	36	34	53	8	34	51	38	38	38	18	6	38	38	20	51	38	56	38	0	57	0	132	53	18	18	46	0	15	46	38	28	23	45	34	38	15	20	28	59	59	108	38	70	26	61	43	52	46	38
30	60	70	0	36	40	0	60	4	0	40	45	28	0	34	28	15	0	8	36	30	30	0	26	0	53	28	26	48	0	26	45	30	30	30	4	0	30	30	8	45	30	52	30	0	53	0	131	48	4	4	40	0	0	40	30	18	11	38	26	30	0	8	18	54	54	107	30	66	15	56	36	46	40	30
0	40	54	0	0	0	0	40	0	0	0	11	0	0	0	0	0	0	0	0	0	0	0	0	0	28	0	0	18	0	0	11	0	0	0	0	0	0	0	0	11	0	26	0	0	28	0	128	18	0	0	0	0	0	0	0	0	0	0	0	0	0	0	0	30	30	101	0	49	0	34	0	15	0	0
0	48	60	0	11	18	0	48	0	0	18	26	0	0	8	0	0	0	0	11	0	0	0	0	0	38	0	0	30	0	0	26	0	0	0	0	0	0	0	0	26	0	36	0	0	38	0	129	30	0	0	18	0	0	18	0	0	0	15	0	0	0	0	0	40	40	103	0	56	0	43	11	28	18	0
18	54	65	0	26	30	0	54	0	0	30	36	15	0	23	15	0	0	0	26	18	18	0	11	0	46	15	11	40	0	11	36	18	18	18	0	0	18	18	0	36	18	45	18	0	46	0	130	40	0	0	30	0	0	30	18	0	0	28	11	18	0	0	0	48	48	105	18	61	0	51	26	38	30	18
23	56	67	0	30	34	0	56	0	0	34	40	20	0	28	20	4	0	0	30	23	23	0	18	0	49	20	18	43	0	18	40	23	23	23	0	0	23	23	0	40	23	48	23	0	49	0	131	43	0	0	34	0	0	34	23	8	0	32	18	23	0	0	8	51	51	106	23	63	4	53	30	41	34	23
0	41	56	0	0	4	0	41	0	0	4	15	0	0	0	0	0	0	0	0	0	0	0	0	0	30	0	0	20	0	0	15	0	0	0	0	0	0	0	0	15	0	28	0	0	30	0	128	20	0	0	4	0	0	4	0	0	0	0	0	0	0	0	0	32	32	101	0	51	0	36	0	18	4	0
8	51	62	0	18	23	0	51	0	0	23	30	4	0	15	4	0	0	0	18	8	8	0	0	0	41	4	0	34	0	0	30	8	8	8	0	0	8	8	0	30	8	40	8	0	41	0	129	34	0	0	23	0	0	23	8	0	0	20	0	8	0	0	0	43	43	104	8	57	0	46	18	32	23	8
0	48	60	0	11	18	0	48	0	0	18	26	0	0	8	0	0	0	0	11	0	0	0	0	0	38	0	0	30	0	0	26	0	0	0	0	0	0	0	0	26	0	36	0	0	38	0	129	30	0	0	18	0	0	18	0	0	0	15	0	0	0	0	0	40	40	103	0	56	0	43	11	28	18	0
30	60	70	0	36	40	0	60	4	0	40	45	28	0	34	28	15	0	8	36	30	30	0	26	0	53	28	26	48	0	26	45	30	30	30	4	0	30	30	8	45	30	52	30	0	53	0	131	48	4	4	40	0	0	40	30	18	11	38	26	30	0	8	18	54	54	107	30	66	15	56	36	46	40	30
26	57	68	0	32	36	0	57	0	0	36	41	23	0	30	23	8	0	0	32	26	26	0	20	0	51	23	20	45	0	20	41	26	26	26	0	0	26	26	0	41	26	49	26	0	51	0	131	45	0	0	36	0	0	36	26	11	4	34	20	26	0	0	11	52	52	106	26	64	8	54	32	43	36	26
18	54	65	0	26	30	0	54	0	0	30	36	15	0	23	15	0	0	0	26	18	18	0	11	0	46	15	11	40	0	11	36	18	18	18	0	0	18	18	0	36	18	45	18	0	46	0	130	40	0	0	30	0	0	30	18	0	0	28	11	18	0	0	0	48	48	105	18	61	0	51	26	38	30	18
0	18	40	0	0	0	0	18	0	0	0	0	0	0	0	0	0	0	0	0	0	0	0	0	0	0	0	0	0	0	0	0	0	0	0	0	0	0	0	0	0	0	0	0	0	0	0	126	0	0	0	0	0	0	0	0	0	0	0	0	0	0	0	0	0	0	96	0	32	0	8	0	0	0	0
0	18	40	0	0	0	0	18	0	0	0	0	0	0	0	0	0	0	0	0	0	0	0	0	0	0	0	0	0	0	0	0	0	0	0	0	0	0	0	0	0	0	0	0	0	0	0	126	0	0	0	0	0	0	0	0	0	0	0	0	0	0	0	0	0	0	96	0	32	0	8	0	0	0	0
0	0	0	0	0	0	0	0	0	0	0	0	0	0	0	0	0	0	0	0	0	0	0	0	0	0	0	0	0	0	0	0	0	0	0	0	0	0	0	0	0	0	0	0	0	0	0	99	0	0	0	0	0	0	0	0	0	0	0	0	0	0	0	0	0	0	0	0	0	0	0	0	0	0	0
0	48	60	0	11	18	0	48	0	0	18	26	0	0	8	0	0	0	0	11	0	0	0	0	0	38	0	0	30	0	0	26	0	0	0	0	0	0	0	0	26	0	36	0	0	38	0	129	30	0	0	18	0	0	18	0	0	0	15	0	0	0	0	0	40	40	103	0	56	0	43	11	28	18	0
0	0	15	0	0	0	0	0	0	0	0	0	0	0	0	0	0	0	0	0	0	0	0	0	0	0	0	0	0	0	0	0	0	0	0	0	0	0	0	0	0	0	0	0	0	0	0	123	0	0	0	0	0	0	0	0	0	0	0	0	0	0	0	0	0	0	91	0	0	0	0	0	0	0	0
20	56	66	0	28	32	0	56	0	0	32	38	18	0	26	18	0	0	0	28	20	20	0	15	0	48	18	15	41	0	15	38	20	20	20	0	0	20	20	0	38	20	46	20	0	48	0	130	41	0	0	32	0	0	32	20	4	0	30	15	20	0	0	4	49	49	105	20	62	0	52	28	40	32	20
0	11	36	0	0	0	0	11	0	0	0	0	0	0	0	0	0	0	0	0	0	0	0	0	0	0	0	0	0	0	0	0	0	0	0	0	0	0	0	0	0	0	0	0	0	0	0	125	0	0	0	0	0	0	0	0	0	0	0	0	0	0	0	0	0	0	95	0	28	0	0	0	0	0	0
0	43	56	0	0	8	0	43	0	0	8	18	0	0	0	0	0	0	0	0	0	0	0	0	0	32	0	0	23	0	0	18	0	0	0	0	0	0	0	0	18	0	30	0	0	32	0	128	23	0	0	8	0	0	8	0	0	0	4	0	0	0	0	0	34	34	102	0	52	0	38	0	20	8	0
0	32	49	0	0	0	0	32	0	0	0	0	0	0	0	0	0	0	0	0	0	0	0	0	0	18	0	0	4	0	0	0	0	0	0	0	0	0	0	0	0	0	15	0	0	18	0	127	4	0	0	0	0	0	0	0	0	0	0	0	0	0	0	0	20	20	99	0	43	0	26	0	0	0	0
0	40	54	0	0	0	0	40	0	0	0	11	0	0	0	0	0	0	0	0	0	0	0	0	0	28	0	0	18	0	0	11	0	0	0	0	0	0	0	0	11	0	26	0	0	28	0	128	18	0	0	0	0	0	0	0	0	0	0	0	0	0	0	0	30	30	101	0	49	0	34	0	15	0	0
0	48	60	0	11	18	0	48	0	0	18	26	0	0	8	0	0	0	0	11	0	0	0	0	0	38	0	0	30	0	0	26	0	0	0	0	0	0	0	0	26	0	36	0	0	38	0	129	30	0	0	18	0	0	18	0	0	0	15	0	0	0	0	0	40	40	103	0	56	0	43	11	28	18	0

0	0	0	30	0	0	30	0	28	30	0	0	4	30	0	4	20	30	26	0	0	0	30	8	30	0	4	8	0	34	8	0	0	0	0	28	35	0	0	26	0	0	0	0	39	0	39	0	0	28	28	0	38	30	0	0	18	23	0	8	0	30	26	18	0	0	0	0	0	20	0	0	0	0	0
48	0	0	60	43	40	60	0	59	60	40	34	49	60	45	49	56	60	57	43	48	48	60	51	60	20	49	51	30	62	51	34	48	48	48	59	63	48	48	57	34	48	23	48	65	20	65	0	30	59	59	40	64	60	40	48	54	56	41	51	48	60	57	54	18	18	0	48	0	56	11	43	32	40	48
60	30	0	70	56	54	70	30	69	70	54	51	61	70	57	61	66	70	68	56	60	60	70	62	70	41	61	62	48	72	62	51	60	60	60	69	72	60	60	68	51	60	43	60	74	41	74	0	48	69	69	54	73	70	54	60	65	67	56	62	60	70	68	65	40	40	0	60	15	66	36	56	49	54	60
0	0	0	0	0	0	0	0	0	0	0	0	0	0	0	0	0	0	0	0	0	0	0	0	0	0	0	0	0	8	0	0	0	0	0	0	10	0	0	0	0	0	0	0	16	0	16	0	0	0	0	0	15	0	0	0	0	0	0	0	0	0	0	0	0	0	0	0	0	0	0	0	0	0	0
11	0	0	36	0	0	36	0	34	36	0	0	15	36	4	15	28	36	32	0	11	11	36	18	36	0	15	18	0	40	18	0	11	11	11	34	41	11	11	32	0	11	0	11	44	0	44	0	0	34	34	0	43	36	0	11	26	30	0	18	11	36	32	26	0	0	0	11	0	28	0	0	0	0	11
18	0	0	40	8	0	40	0	38	40	0	0	20	40	11	20	32	40	36	8	18	18	40	23	40	0	20	23	0	43	23	0	18	18	18	38	44	18	18	36	0	18	0	18	47	0	47	0	0	38	38	0	46	40	0	18	30	34	4	23	18	40	36	30	0	0	0	18	0	32	0	8	0	0	18
0	0	0	0	0	0	0	0	0	0	0	0	0	0	0	0	0	0	0	0	0	0	0	0	0	0	0	0	0	8	0	0	0	0	0	0	10	0	0	0	0	0	0	0	16	0	16	0	0	0	0	0	15	0	0	0	0	0	0	0	0	0	0	0	0	0	0	0	0	0	0	0	0	0	0
48	0	0	60	43	40	60	0	59	60	40	34	49	60	45	49	56	60	57	43	48	48	60	51	60	20	49	51	30	62	51	34	48	48	48	59	63	48	48	57	34	48	23	48	65	20	65	0	30	59	59	40	64	60	40	48	54	56	41	51	48	60	57	54	18	18	0	48	0	56	11	43	32	40	48
0	0	0	4	0	0	4	0	0	4	0	0	0	4	0	0	0	4	0	0	0	0	4	0	4	0	0	0	0	11	0	0	0	0	0	0	13	0	0	0	0	0	0	0	19	0	19	0	0	0	0	0	18	4	0	0	0	0	0	0	0	4	0	0	0	0	0	0	0	0	0	0	0	0	0
0	0	0	0	0	0	0	0	0	0	0	0	0	0	0	0	0	0	0	0	0	0	0	0	0	0	0	0	0	8	0	0	0	0	0	0	10	0	0	0	0	0	0	0	16	0	16	0	0	0	0	0	15	0	0	0	0	0	0	0	0	0	0	0	0	0	0	0	0	0	0	0	0	0	0
18	0	0	40	8	0	40	0	38	40	0	0	20	40	11	20	32	40	36	8	18	18	40	23	40	0	20	23	0	43	23	0	18	18	18	38	44	18	18	36	0	18	0	18	47	0	47	0	0	38	38	0	46	40	0	18	30	34	4	23	18	40	36	30	0	0	0	18	0	32	0	8	0	0	18
26	0	0	45	18	11	45	0	43	45	11	0	28	45	20	28	38	45	41	18	26	26	45	30	45	0	28	30	0	48	30	0	26	26	26	43	48	26	26	41	0	26	0	26	51	0	51	0	0	43	43	11	51	45	11	26	36	40	15	30	26	45	41	36	0	0	0	26	0	38	0	18	0	11	26
0	0	0	28	0	0	28	0	26	28	0	0	0	28	0	0	18	28	23	0	0	0	28	4	28	0	0	4	0	32	4	0	0	0	0	26	33	0	0	23	0	0	0	0	37	0	37	0	0	26	26	0	36	28	0	0	15	20	0	4	0	28	23	15	0	0	0	0	0	18	0	0	0	0	0
0	0	0	0	0	0	0	0	0	0	0	0	0	0	0	0	0	0	0	0	0	0	0	0	0	0	0	0	0	8	0	0	0	0	0	0	10	0	0	0	0	0	0	0	16	0	16	0	0	0	0	0	15	0	0	0	0	0	0	0	0	0	0	0	0	0	0	0	0	0	0	0	0	0	0
8	0	0	34	0	0	34	0	32	34	0	0	11	34	0	11	26	34	30	0	8	8	34	15	34	0	11	15	0	38	15	0	8	8	8	32	39	8	8	30	0	8	0	8	42	0	42	0	0	32	32	0	41	34	0	8	23	28	0	15	8	34	30	23	0	0	0	8	0	26	0	0	0	0	8
0	0	0	28	0	0	28	0	26	28	0	0	0	28	0	0	18	28	23	0	0	0	28	4	28	0	0	4	0	32	4	0	0	0	0	26	33	0	0	23	0	0	0	0	37	0	37	0	0	26	26	0	36	28	0	0	15	20	0	4	0	28	23	15	0	0	0	0	0	18	0	0	0	0	0
0	0	0	15	0	0	15	0	11	15	0	0	0	15	0	0	0	15	8	0	0	0	15	0	15	0	0	0	0	20	0	0	0	0	0	11	22	0	0	8	0	0	0	0	27	0	27	0	0	11	11	0	26	15	0	0	0	4	0	0	0	15	8	0	0	0	0	0	0	0	0	0	0	0	0
0	0	0	0	0	0	0	0	0	0	0	0	0	0	0	0	0	0	0	0	0	0	0	0	0	0	0	0	0	8	0	0	0	0	0	0	10	0	0	0	0	0	0	0	16	0	16	0	0	0	0	0	15	0	0	0	0	0	0	0	0	0	0	0	0	0	0	0	0	0	0	0	0	0	0
0	0	0	8	0	0	8	0	4	8	0	0	0	8	0	0	0	8	0	0	0	0	8	0	8	0	0	0	0	15	0	0	0	0	0	4	16	0	0	0	0	0	0	0	22	0	22	0	0	4	4	0	20	8	0	0	0	0	0	0	0	8	0	0	0	0	0	0	0	0	0	0	0	0	0
11	0	0	36	0	0	36	0	34	36	0	0	15	36	4	15	28	36	32	0	11	11	36	18	36	0	15	18	0	40	18	0	11	11	11	34	41	11	11	32	0	11	0	11	44	0	44	0	0	34	34	0	43	36	0	11	26	30	0	18	11	36	32	26	0	0	0	11	0	28	0	0	0	0	11
0	0	0	30	0	0	30	0	28	30	0	0	4	30	0	4	20	30	26	0	0	0	30	8	30	0	4	8	0	34	8	0	0	0	0	28	35	0	0	26	0	0	0	0	39	0	39	0	0	28	28	0	38	30	0	0	18	23	0	8	0	30	26	18	0	0	0	0	0	20	0	0	0	0	0
0	0	0	30	0	0	30	0	28	30	0	0	4	30	0	4	20	30	26	0	0	0	30	8	30	0	4	8	0	34	8	0	0	0	0	28	35	0	0	26	0	0	0	0	39	0	39	0	0	28	28	0	38	30	0	0	18	23	0	8	0	30	26	18	0	0	0	0	0	20	0	0	0	0	0
0	0	0	0	0	0	0	0	0	0	0	0	0	0	0	0	0	0	0	0	0	0	0	0	0	0	0	0	0	8	0	0	0	0	0	0	10	0	0	0	0	0	0	0	16	0	16	0	0	0	0	0	15	0	0	0	0	0	0	0	0	0	0	0	0	0	0	0	0	0	0	0	0	0	0
0	0	0	26	0	0	26	0	23	26	0	0	0	26	0	0	15	26	20	0	0	0	26	0	26	0	0	0	0	30	0	0	0	0	0	23	31	0	0	20	0	0	0	0	35	0	35	0	0	23	23	0	34	26	0	0	11	18	0	0	0	26	20	11	0	0	0	0	0	15	0	0	0	0	0
0	0	0	0	0	0	0	0	0	0	0	0	0	0	0	0	0	0	0	0	0	0	0	0	0	0	0	0	0	8	0	0	0	0	0	0	10	0	0	0	0	0	0	0	16	0	16	0	0	0	0	0	15	0	0	0	0	0	0	0	0	0	0	0	0	0	0	0	0	0	0	0	0	0	0
38	0	0	53	32	28	53	0	52	53	28	20	40	53	34	40	48	53	51	32	38	38	53	41	53	0	40	41	15	56	41	20	38	38	38	52	56	38	38	51	20	38	4	38	59	0	59	0	15	52	52	28	57	53	28	38	46	49	30	41	38	53	51	46	0	0	0	38	0	48	0	32	18	28	38
0	0	0	28	0	0	28	0	26	28	0	0	0	28	0	0	18	28	23	0	0	0	28	4	28	0	0	4	0	32	4	0	0	0	0	26	33	0	0	23	0	0	0	0	37	0	37	0	0	26	26	0	36	28	0	0	15	20	0	4	0	28	23	15	0	0	0	0	0	18	0	0	0	0	0
0	0	0	26	0	0	26	0	23	26	0	0	0	26	0	0	15	26	20	0	0	0	26	0	26	0	0	0	0	30	0	0	0	0	0	23	31	0	0	20	0	0	0	0	35	0	35	0	0	23	23	0	34	26	0	0	11	18	0	0	0	26	20	11	0	0	0	0	0	15	0	0	0	0	0
30	0	0	48	23	18	48	0	46	48	18	8	32	48	26	32	41	48	45	23	30	30	48	34	48	0	32	34	0	51	34	8	30	30	30	46	51	30	30	45	8	30	0	30	54	0	54	0	0	46	46	18	53	48	18	30	40	43	20	34	30	48	45	40	0	0	0	30	0	41	0	23	4	18	30
0	0	0	0	0	0	0	0	0	0	0	0	0	0	0	0	0	0	0	0	0	0	0	0	0	0	0	0	0	0	0	0	0	0	0	0	2	0	0	0	0	0	0	0	10	0	10	0	0	0	0	0	8	0	0	0	0	0	0	0	0	0	0	0	0	0	0	0	0	0	0	0	0	0	0
0	0	0	26	0	0	26	0	23	26	0	0	0	26	0	0	15	26	20	0	0	0	26	0	26	0	0	0	0	30	0	0	0	0	0	23	31	0	0	20	0	0	0	0	35	0	35	0	0	23	23	0	34	26	0	0	11	18	0	0	0	26	20	11	0	0	0	0	0	15	0	0	0	0	0
26	0	0	45	18	11	45	0	43	45	11	0	28	45	20	28	38	45	41	18	26	26	45	30	45	0	28	30	0	48	30	0	26	26	26	43	48	26	26	41	0	26	0	26	51	0	51	0	0	43	43	11	51	45	11	26	36	40	15	30	26	45	41	36	0	0	0	26	0	38	0	18	0	11	26
0	0	0	30	0	0	30	0	28	30	0	0	4	30	0	4	20	30	26	0	0	0	30	8	30	0	4	8	0	34	8	0	0	0	0	28	35	0	0	26	0	0	0	0	39	0	39	0	0	28	28	0	38	30	0	0	18	23	0	8	0	30	26	18	0	0	0	0	0	20	0	0	0	0	0
0	0	0	30	0	0	30	0	28	30	0	0	4	30	0	4	20	30	26	0	0	0	30	8	30	0	4	8	0	34	8	0	0	0	0	28	35	0	0	26	0	0	0	0	39	0	39	0	0	28	28	0	38	30	0	0	18	23	0	8	0	30	26	18	0	0	0	0	0	20	0	0	0	0	0
0	0	0	30	0	0	30	0	28	30	0	0	4	30	0	4	20	30	26	0	0	0	30	8	30	0	4	8	0	34	8	0	0	0	0	28	35	0	0	26	0	0	0	0	39	0	39	0	0	28	28	0	38	30	0	0	18	23	0	8	0	30	26	18	0	0	0	0	0	20	0	0	0	0	0
0	0	0	4	0	0	4	0	0	4	0	0	0	4	0	0	0	4	0	0	0	0	4	0	4	0	0	0	0	11	0	0	0	0	0	0	13	0	0	0	0	0	0	0	19	0	19	0	0	0	0	0	18	4	0	0	0	0	0	0	0	4	0	0	0	0	0	0	0	0	0	0	0	0	0
0	0	0	0	0	0	0	0	0	0	0	0	0	0	0	0	0	0	0	0	0	0	0	0	0	0	0	0	0	0	0	0	0	0	0	0	0	0	0	0	0	0	0	0	8	0	8	0	0	0	0	0	6	0	0	0	0	0	0	0	0	0	0	0	0	0	0	0	0	0	0	0	0	0	0
0	0	0	30	0	0	30	0	28	30	0	0	4	30	0	4	20	30	26	0	0	0	30	8	30	0	4	8	0	34	8	0	0	0	0	28	35	0	0	26	0	0	0	0	39	0	39	0	0	28	28	0	38	30	0	0	18	23	0	8	0	30	26	18	0	0	0	0	0	20	0	0	0	0	0
0	0	0	30	0	0	30	0	28	30	0	0	4	30	0	4	20	30	26	0	0	0	30	8	30	0	4	8	0	34	8	0	0	0	0	28	35	0	0	26	0	0	0	0	39	0	39	0	0	28	28	0	38	30	0	0	18	23	0	8	0	30	26	18	0	0	0	0	0	20	0	0	0	0	0
0	0	0	8	0	0	8	0	4	8	0	0	0	8	0	0	0	8	0	0	0	0	8	0	8	0	0	0	0	15	0	0	0	0	0	4	16	0	0	0	0	0	0	0	22	0	22	0	0	4	4	0	20	8	0	0	0	0	0	0	0	8	0	0	0	0	0	0	0	0	0	0	0	0	0
26	0	0	45	18	11	45	0	43	45	11	0	28	45	20	28	38	45	41	18	26	26	45	30	45	0	28	30	0	48	30	0	26	26	26	43	48	26	26	41	0	26	0	26	51	0	51	0	0	43	43	11	51	45	11	26	36	40	15	30	26	45	41	36	0	0	0	26	0	38	0	18	0	11	26
0	0	0	30	0	0	30	0	28	30	0	0	4	30	0	4	20	30	26	0	0	0	30	8	30	0	4	8	0	34	8	0	0	0	0	28	35	0	0	26	0	0	0	0	39	0	39	0	0	28	28	0	38	30	0	0	18	23	0	8	0	30	26	18	0	0	0	0	0	20	0	0	0	0	0
36	0	0	52	30	26	52	0	51	52	26	18	38	52	32	38	46	52	49	30	36	36	52	40	52	0	38	40	11	54	40	18	36	36	36	51	55	36	36	49	18	36	0	36	56	0	56	0	11	51	51	26	56	52	26	36	45	48	28	40	36	52	49	45	0	0	0	36	0	46	0	30	15	26	36
0	0	0	30	0	0	30	0	28	30	0	0	4	30	0	4	20	30	26	0	0	0	30	8	30	0	4	8	0	34	8	0	0	0	0	28	35	0	0	26	0	0	0	0	39	0	39	0	0	28	28	0	38	30	0	0	18	23	0	8	0	30	26	18	0	0	0	0	0	20	0	0	0	0	0
0	0	0	0	0	0	0	0	0	0	0	0	0	0	0	0	0	0	0	0	0	0	0	0	0	0	0	0	0	0	0	0	0	0	0	0	0	0	0	0	0	0	0	0	0	0	0	0	0	0	0	0	0	0	0	0	0	0	0	0	0	0	0	0	0	0	0	0	0	0	0	0	0	0	0
38	0	0	53	32	28	53	0	52	53	28	20	40	53	34	40	48	53	51	32	38	38	53	41	53	0	40	41	15	56	41	20	38	38	38	52	56	38	38	51	20	38	4	38	59	0	59	0	15	52	52	28	57	53	28	38	46	49	30	41	38	53	51	46	0	0	0	38	0	48	0	32	18	28	38
0	0	0	0	0	0	0	0	0	0	0	0	0	0	0	0	0	0	0	0	0	0	0	0	0	0	0	0	0	0	0	0	0	0	0	0	0	0	0	0	0	0	0	0	0	0	0	0	0	0	0	0	0	0	0	0	0	0	0	0	0	0	0	0	0	0	0	0	0	0	0	0	0	0	0
129	124	122	131	128	128	131	124	131	131	128	127	129	131	129	129	130	131	131	128	129	129	131	129	131	126	129	129	127	132	129	127	129	129	129	131	132	129	129	131	127	129	126	129	132	126	132	0	127	131	131	128	132	131	128	129	130	131	128	129	129	131	131	130	126	126	99	129	123	130	125	128	127	128	129
30	0	0	48	23	18	48	0	46	48	18	8	32	48	26	32	41	48	45	23	30	30	48	34	48	0	32	34	0	51	34	8	30	30	30	46	51	30	30	45	8	30	0	30	54	0	54	0	0	46	46	18	53	48	18	30	40	43	20	34	30	48	45	40	0	0	0	30	0	41	0	23	4	18	30
0	0	0	4	0	0	4	0	0	4	0	0	0	4	0	0	0	4	0	0	0	0	4	0	4	0	0	0	0	11	0	0	0	0	0	0	13	0	0	0	0	0	0	0	19	0	19	0	0	0	0	0	18	4	0	0	0	0	0	0	0	4	0	0	0	0	0	0	0	0	0	0	0	0	0
0	0	0	4	0	0	4	0	0	4	0	0	0	4	0	0	0	4	0	0	0	0	4	0	4	0	0	0	0	11	0	0	0	0	0	0	13	0	0	0	0	0	0	0	19	0	19	0	0	0	0	0	18	4	0	0	0	0	0	0	0	4	0	0	0	0	0	0	0	0	0	0	0	0	0
18	0	0	40	8	0	40	0	38	40	0	0	20	40	11	20	32	40	36	8	18	18	40	23	40	0	20	23	0	43	23	0	18	18	18	38	44	18	18	36	0	18	0	18	47	0	47	0	0	38	38	0	46	40	0	18	30	34	4	23	18	40	36	30	0	0	0	18	0	32	0	8	0	0	18
0	0	0	0	0	0	0	0	0	0	0	0	0	0	0	0	0	0	0	0	0	0	0	0	0	0	0	0	0	0	0	0	0	0	0	0	0	0	0	0	0	0	0	0	2	0	2	0	0	0	0	0	0	0	0	0	0	0	0	0	0	0	0	0	0	0	0	0	0	0	0	0	0	0	0
0	0	0	0	0	0	0	0	0	0	0	0	0	0	0	0	0	0	0	0	0	0	0	0	0	0	0	0	0	8	0	0	0	0	0	0	10	0	0	0	0	0	0	0	16	0	16	0	0	0	0	0	15	0	0	0	0	0	0	0	0	0	0	0	0	0	0	0	0	0	0	0	0	0	0
18	0	0	40	8	0	40	0	38	40	0	0	20	40	11	20	32	40	36	8	18	18	40	23	40	0	20	23	0	43	23	0	18	18	18	38	44	18	18	36	0	18	0	18	47	0	47	0	0	38	38	0	46	40	0	18	30	34	4	23	18	40	36	30	0	0	0	18	0	32	0	8	0	0	18
0	0	0	30	0	0	30	0	28	30	0	0	4	30	0	4	20	30	26	0	0	0	30	8	30	0	4	8	0	34	8	0	0	0	0	28	35	0	0	26	0	0	0	0	39	0	39	0	0	28	28	0	38	30	0	0	18	23	0	8	0	30	26	18	0	0	0	0	0	20	0	0	0	0	0
0	0	0	18	0	0	18	0	15	18	0	0	0	18	0	0	4	18	11	0	0	0	18	0	18	0	0	0	0	23	0	0	0	0	0	15	24	0	0	11	0	0	0	0	28	0	28	0	0	15	15	0	28	18	0	0	0	8	0	0	0	18	11	0	0	0	0	0	0	4	0	0	0	0	0
0	0	0	11	0	0	11	0	8	11	0	0	0	11	0	0	0	11	4	0	0	0	11	0	11	0	0	0	0	18	0	0	0	0	0	8	19	0	0	4	0	0	0	0	24	0	24	0	0	8	8	0	23	11	0	0	0	0	0	0	0	11	4	0	0	0	0	0	0	0	0	0	0	0	0
15	0	0	38	4	0	38	0	36	38	0	0	18	38	8	18	30	38	34	4	15	15	38	20	38	0	18	20	0	41	20	0	15	15	15	36	42	15	15	34	0	15	0	15	45	0	45	0	0	36	36	0	45	38	0	15	28	32	0	20	15	38	34	28	0	0	0	15	0	30	0	4	0	0	15
0	0	0	26	0	0	26	0	23	26	0	0	0	26	0	0	15	26	20	0	0	0	26	0	26	0	0	0	0	30	0	0	0	0	0	23	31	0	0	20	0	0	0	0	35	0	35	0	0	23	23	0	34	26	0	0	11	18	0	0	0	26	20	11	0	0	0	0	0	15	0	0	0	0	0
0	0	0	30	0	0	30	0	28	30	0	0	4	30	0	4	20	30	26	0	0	0	30	8	30	0	4	8	0	34	8	0	0	0	0	28	35	0	0	26	0	0	0	0	39	0	39	0	0	28	28	0	38	30	0	0	18	23	0	8	0	30	26	18	0	0	0	0	0	20	0	0	0	0	0
0	0	0	0	0	0	0	0	0	0	0	0	0	0	0	0	0	0	0	0	0	0	0	0	0	0	0	0	0	8	0	0	0	0	0	0	10	0	0	0	0	0	0	0	16	0	16	0	0	0	0	0	15	0	0	0	0	0	0	0	0	0	0	0	0	0	0	0	0	0	0	0	0	0	0
0	0	0	8	0	0	8	0	4	8	0	0	0	8	0	0	0	8	0	0	0	0	8	0	8	0	0	0	0	15	0	0	0	0	0	4	16	0	0	0	0	0	0	0	22	0	22	0	0	4	4	0	20	8	0	0	0	0	0	0	0	8	0	0	0	0	0	0	0	0	0	0	0	0	0
0	0	0	18	0	0	18	0	15	18	0	0	0	18	0	0	4	18	11	0	0	0	18	0	18	0	0	0	0	23	0	0	0	0	0	15	24	0	0	11	0	0	0	0	28	0	28	0	0	15	15	0	28	18	0	0	0	8	0	0	0	18	11	0	0	0	0	0	0	4	0	0	0	0	0
40	0	0	54	34	30	54	0	53	54	30	23	41	54	36	41	49	54	52	34	40	40	54	43	54	4	41	43	18	56	43	23	40	40	40	53	56	40	40	52	23	40	8	40	60	4	60	0	18	53	53	30	59	54	30	40	48	51	32	43	40	54	52	48	0	0	0	40	0	49	0	34	20	30	40
40	0	0	54	34	30	54	0	53	54	30	23	41	54	36	41	49	54	52	34	40	40	54	43	54	4	41	43	18	56	43	23	40	40	40	53	56	40	40	52	23	40	8	40	60	4	60	0	18	53	53	30	59	54	30	40	48	51	32	43	40	54	52	48	0	0	0	40	0	49	0	34	20	30	40
103	94	89	107	102	101	107	94	106	107	101	100	103	107	102	103	105	107	106	102	103	103	107	104	107	97	103	104	99	108	104	100	103	103	103	106	108	103	103	106	100	103	97	103	108	97	108	0	99	106	106	101	108	107	101	103	105	106	101	104	103	107	106	105	96	96	0	103	91	105	95	102	99	101	103
0	0	0	30	0	0	30	0	28	30	0	0	4	30	0	4	20	30	26	0	0	0	30	8	30	0	4	8	0	34	8	0	0	0	0	28	35	0	0	26	0	0	0	0	39	0	39	0	0	28	28	0	38	30	0	0	18	23	0	8	0	30	26	18	0	0	0	0	0	20	0	0	0	0	0
56	20	0	66	52	49	66	20	65	66	49	45	56	66	53	56	62	66	64	52	56	56	66	57	66	34	56	57	41	68	57	45	56	56	56	65	69	56	56	64	45	56	36	56	70	34	70	0	41	65	65	49	70	66	49	56	61	63	51	57	56	66	64	61	32	32	0	56	0	62	28	52	43	49	56
0	0	0	15	0	0	15	0	11	15	0	0	0	15	0	0	0	15	8	0	0	0	15	0	15	0	0	0	0	20	0	0	0	0	0	11	22	0	0	8	0	0	0	0	27	0	27	0	0	11	11	0	26	15	0	0	0	4	0	0	0	15	8	0	0	0	0	0	0	0	0	0	0	0	0
43	0	0	56	38	34	56	0	56	56	34	28	45	56	40	45	52	56	54	38	43	43	56	46	56	11	45	46	23	59	46	28	43	43	43	56	60	43	43	54	28	43	15	43	62	11	62	0	23	56	56	34	61	56	34	43	51	53	36	46	43	56	54	51	8	8	0	43	0	52	0	38	26	34	43
11	0	0	36	0	0	36	0	34	36	0	0	15	36	4	15	28	36	32	0	11	11	36	18	36	0	15	18	0	40	18	0	11	11	11	34	41	11	11	32	0	11	0	11	44	0	44	0	0	34	34	0	43	36	0	11	26	30	0	18	11	36	32	26	0	0	0	11	0	28	0	0	0	0	11
28	0	0	46	20	15	46	0	45	46	15	4	30	46	23	30	40	46	43	20	28	28	46	32	46	0	30	32	0	49	32	4	28	28	28	45	50	28	28	43	4	28	0	28	53	0	53	0	0	45	45	15	52	46	15	28	38	41	18	32	28	46	43	38	0	0	0	28	0	40	0	20	0	15	28
18	0	0	40	8	0	40	0	38	40	0	0	20	40	11	20	32	40	36	8	18	18	40	23	40	0	20	23	0	43	23	0	18	18	18	38	44	18	18	36	0	18	0	18	47	0	47	0	0	38	38	0	46	40	0	18	30	34	4	23	18	40	36	30	0	0	0	18	0	32	0	8	0	0	18
0	0	0	30	0	0	30	0	28	30	0	0	4	30	0	4	20	30	26	0	0	0	30	8	30	0	4	8	0	34	8	0	0	0	0	28	35	0	0	26	0	0	0	0	39	0	39	0	0	28	28	0	38	30	0	0	18	23	0	8	0	30	26	18	0	0	0	0	0	20	0	0	0	0	0